# This file uses centimeters as units for non-parametric coordinates.

mtllib fall_frame.15.mtl
g default
v -22.372351 32.670441 -8.567415
v -10.549196 25.557749 -9.502961
v -0.701087 21.880722 -16.740948
v 8.747488 15.620416 -25.942904
v -25.613531 47.479874 -22.139135
v -10.408393 48.795227 -23.208233
v 3.294344 42.386215 -33.345020
v 5.656921 32.911263 -45.072906
v -24.775572 66.904648 -39.195332
v -12.378409 64.001167 -38.408325
v -1.636798 59.626762 -48.237858
v 0.598085 59.313957 -65.594597
v -27.209063 77.392097 -40.221672
v -16.890671 77.972076 -52.900581
v -9.259712 74.525002 -60.607212
v -0.486085 69.833130 -70.215340
v -35.612206 72.801323 -45.750923
v -26.923771 74.452919 -58.981724
v -16.418100 69.941719 -68.725159
v -7.296480 64.616158 -77.193199
v -30.908970 64.030685 -43.716888
v -29.162832 56.310123 -53.341511
v -18.418041 51.941269 -63.163551
v -4.474381 56.266869 -70.970879
v -33.956207 40.428444 -28.942980
v -26.688332 33.712299 -38.372131
v -15.226501 28.395451 -46.773270
v -2.881593 25.723980 -52.044926
v -29.185083 22.091778 -9.608721
v -17.542425 15.699032 -7.261887
v -5.444552 11.921739 -13.349488
v 1.828233 5.587438 -24.803072
v -29.372149 29.753679 22.962997
v -22.921907 25.826965 24.125219
v -18.133739 34.435219 24.978678
v -24.758213 38.126797 23.992405
v 19.799362 10.977399 6.386263
v 24.019012 6.090537 2.336087
v 30.808208 15.694901 -1.935945
v 26.534769 20.491961 2.160755
v -34.186836 8.930402 0.609617
v -27.531216 6.670570 2.656801
v -31.184423 5.785289 12.673229
v -37.957325 7.517409 10.434835
v 32.787975 9.751687 35.377388
v 34.153458 2.530666 35.676666
v 44.323166 4.365311 31.961504
v 42.666084 11.529586 30.789700
v -35.816086 3.136214 -1.333857
v -27.702820 1.026735 1.371340
v -31.147499 0.201765 15.896175
v -42.059021 2.675546 12.173987
v 33.517494 11.518989 40.179432
v 35.437435 2.932506 41.394428
v 49.363491 4.233093 36.399597
v 46.624771 15.421408 34.134796
v -45.010429 6.787689 27.557428
v -36.401974 4.920675 30.508825
v -45.678310 3.307151 27.303749
v -37.069859 1.440139 30.255140
v 59.525845 15.352983 24.549152
v 61.750546 6.554888 26.535616
v 60.651058 16.363445 27.764341
v 62.875763 7.565349 29.750805
v 19.318888 64.253937 -87.642075
v 15.733855 67.153938 -79.920807
v 11.699847 68.898155 -93.674294
v 9.242857 72.510086 -86.261612
v -42.538998 61.191299 -20.222397
v -33.330093 66.575272 -19.503788
v -38.870041 75.780991 -21.161903
v -47.881611 69.812057 -23.095205
v 27.322609 92.489258 -76.906715
v 20.539593 91.802429 -69.907089
v 24.759563 93.966026 -79.245567
v 17.975801 93.279907 -72.244781
v -41.135998 67.975601 7.837257
v -32.341381 72.099121 6.763632
v -33.984200 75.419769 6.060233
v -42.778812 71.296242 7.133857
v -18.577780 83.762077 -54.594475
v -10.028558 80.319214 -67.192543
v -21.078176 78.967529 -77.353409
v -32.945076 84.242203 -60.338547
v -12.430217 100.910042 -52.796822
v -3.510795 98.566750 -64.451736
v -15.852824 106.196404 -74.988289
v -24.355547 108.430222 -63.877872
v -22.257725 33.875717 -11.504030
v -29.895103 25.058117 -16.084236
v -21.408010 18.022856 -22.160648
v -12.186879 13.862926 -28.513565
v -0.843645 10.099477 -34.111015
v 6.984565 18.927216 -29.901754
v 0.690171 26.449018 -21.364475
v -10.448066 31.891575 -13.811863
v -16.036022 31.525953 -10.749791
v -16.426107 30.990820 -8.253773
v -10.072722 28.585749 -11.787312
v -16.467463 33.789764 -12.012475
v -22.098286 32.474888 -10.709586
v -4.811190 26.189941 -15.015776
v -4.503228 24.345129 -12.099984
v 0.113248 23.823311 -19.583799
v -4.807910 29.187529 -17.219563
v 4.563933 20.804167 -24.393486
v 5.781046 19.770172 -22.653578
v 7.238288 16.569723 -28.093531
v 4.903574 22.997166 -25.976833
v -19.995035 56.351719 -29.376236
v -18.878458 48.887165 -21.608501
v -12.410748 55.646339 -30.751049
v -19.951550 65.238876 -36.567154
v -26.261982 55.874531 -29.666828
v -5.287736 51.899822 -35.675014
v -2.997513 46.042637 -27.819628
v 1.252891 49.749786 -42.224720
v -7.894387 61.440556 -44.119686
v 3.643915 46.221249 -49.533192
v 5.786434 37.343956 -39.827873
v 4.370870 43.411659 -56.499271
v 1.612145 57.150303 -56.976986
v -19.628357 73.621712 -42.201748
v -14.345210 73.868660 -46.416782
v -22.480293 80.258606 -46.494884
v -24.835493 72.753822 -37.736103
v -9.534963 71.339684 -50.342690
v -4.926113 70.022560 -55.029972
v -13.042445 78.388336 -58.542908
v -0.833807 66.632607 -60.355164
v 1.971755 65.700958 -67.756470
v -3.390676 73.352013 -65.243645
v -27.457279 80.038116 -50.962006
v -22.128416 78.266441 -56.779900
v -33.028385 76.375069 -53.272392
v -31.676189 75.866692 -43.252506
v -7.921094 105.658989 -59.776833
v -7.665242 99.629166 -58.368702
v -6.542114 103.270264 -69.120468
v -21.345356 108.461426 -70.613770
v -17.332708 106.103882 -54.992237
v -8.396403 73.142029 -69.863922
v -4.398218 68.114441 -74.038948
v -12.448653 69.055977 -74.187698
v -13.764328 74.146866 -66.071045
v -33.089279 68.403221 -52.133362
v -29.079880 67.742859 -58.280334
v -33.364700 59.334061 -47.806900
v -34.708214 67.077370 -44.591927
v -23.681734 65.529839 -63.218822
v -24.225061 73.594727 -65.197945
v -18.305300 63.362350 -68.156700
v -23.782965 54.087959 -58.241158
v -12.764183 61.006104 -72.218239
v -5.497684 59.070263 -75.952988
v -11.435591 51.233128 -68.789841
v -33.218456 47.698418 -41.788197
v -28.436216 44.511230 -47.010384
v -31.924446 36.766163 -33.655643
v -34.507893 50.804653 -36.618942
v -22.965181 42.097881 -51.738350
v -17.382607 39.699898 -56.225479
v -21.015942 31.003214 -42.705158
v -10.627330 38.125660 -61.150810
v -4.008238 38.476601 -63.943081
v -9.047368 26.064611 -50.570538
v -26.158730 18.380611 -15.152502
v -27.027142 20.921799 -19.133537
v -20.408663 15.382461 -17.617558
v -25.717537 17.254860 -10.494648
v -29.291544 22.747730 -13.197865
v -15.500414 13.529084 -20.218687
v -16.769966 16.156563 -25.425997
v -10.914474 11.405140 -23.560797
v -14.027243 11.992207 -14.673336
v -5.539514 8.195045 -26.977266
v -6.629553 10.794639 -31.919378
v -0.073225 7.158231 -29.494520
v -3.311589 6.793656 -21.616144
v -33.804729 1.680728 5.778293
v -30.931026 2.269701 -2.360105
v -28.380518 0.354661 7.563638
v -36.600807 1.440226 14.043430
v -39.243961 3.066046 3.909764
v -4.773533 23.558704 -9.887586
v 5.365133 16.971275 -7.612291
v -16.139605 22.089933 3.988511
v 40.152172 8.326550 38.446186
v 32.332558 6.812665 41.677654
v 41.454788 2.668452 39.337074
v 47.992577 9.835291 35.269390
v 38.874901 13.886957 37.546944
v 4.425883 10.921266 -29.558319
v 6.005232 9.623189 -26.062590
v 4.014467 13.622015 -32.948013
v 1.656578 39.921314 -61.830814
v 2.701108 28.420509 -49.833282
v 0.672333 57.575699 -69.964928
v 24.361877 91.834122 -72.830139
v 26.942587 93.156601 -78.540764
v 21.227585 93.640038 -75.690277
v 18.647400 92.317131 -69.980415
v -27.189672 28.030880 -11.782007
v -27.232416 27.855453 -9.086661
v -27.624147 29.884682 -13.371534
v -31.927860 53.206692 -31.669538
v -31.653774 44.534550 -24.536919
v -27.602272 64.366096 -39.290680
v -36.280270 69.414139 7.429687
v -31.907383 73.965790 6.343145
v -38.289234 73.474884 6.569515
v -42.662121 68.923225 7.656056
v -26.663666 20.669142 6.413939
v -21.912928 20.453001 7.765545
v -26.372213 26.995943 23.412638
v -29.908710 25.341177 6.835927
v -17.084480 24.925871 7.676506
v -15.470619 31.459671 7.519821
v -19.226547 29.584394 24.989559
v -18.062998 35.413399 6.017777
v -23.493917 36.395466 6.418852
v -20.185198 38.125648 24.532927
v -27.808062 31.527735 6.346931
v -27.999960 34.606644 23.558287
v 8.639759 6.806097 -7.986500
v 13.273846 5.556166 -10.653867
v 21.230598 7.795856 4.818435
v 7.634664 10.998493 -5.378166
v 17.055626 10.108936 -13.429483
v 19.609264 16.101522 -14.659295
v 28.129730 10.407336 -0.413508
v 16.939928 20.612179 -13.209266
v 13.980041 21.570292 -9.415901
v 29.794390 19.997318 -0.575790
v 9.718369 17.288954 -6.544276
v 22.690765 16.845922 4.828620
v -24.852404 23.196259 9.323498
v -22.090317 20.893938 12.157800
v -30.130331 8.109140 -0.286172
v -29.246237 24.570206 10.517173
v -23.397318 17.930859 17.658461
v -27.063322 16.569225 22.693304
v -28.200335 5.683619 7.641561
v -31.504848 17.279602 23.425518
v -34.176895 20.178541 21.115507
v -35.572758 6.680398 14.480951
v -32.927895 22.813116 15.587917
v -37.153336 8.414997 4.813435
v 24.838551 8.403300 21.472761
v 26.896780 4.686468 19.413637
v 31.686689 5.803527 36.296661
v 26.069937 12.789229 21.179253
v 32.925648 4.587218 16.626736
v 38.596626 6.880063 14.126806
v 39.158615 2.280359 33.879055
v 40.104935 11.219868 14.510814
v 37.713696 14.910482 15.795441
v 46.216125 8.385090 30.287462
v 31.820124 15.092155 18.860777
v 37.270611 11.691747 33.174362
v -30.341635 5.168504 -2.002215
v -27.142801 3.818854 1.669567
v -35.222572 6.063391 -0.973787
v -27.850611 3.024073 7.807049
v -30.610497 2.932483 16.138201
v -41.448616 5.571267 31.019583
v -40.523327 6.807205 29.102585
v -46.914291 6.756660 29.145685
v -41.556961 1.420637 28.709986
v -35.982941 4.385874 32.893478
v -38.680782 5.859378 4.219284
v -41.519783 5.407043 12.423894
v 31.411793 6.148688 39.158867
v 34.478504 2.260333 38.760811
v 32.630920 10.861577 37.762871
v 40.493526 1.972032 36.676960
v 48.456127 3.497362 33.859898
v 62.672562 11.348204 25.010271
v 60.330097 10.677258 24.662025
v 61.260052 16.934292 23.749025
v 62.071510 12.241073 29.637932
v 64.085068 5.762119 26.271515
v 37.997372 13.198909 35.130863
v 45.719479 14.681421 31.597469
v -38.027073 6.832060 21.829151
v -42.852489 7.898505 20.180155
v -33.197887 5.782784 23.484198
v -43.994431 5.403934 19.767637
v -44.524189 2.648506 19.563269
v -39.063122 1.449463 21.426428
v -33.597652 0.261550 23.300816
v -33.068821 3.011469 23.504234
v 53.277122 9.533079 27.487661
v 52.031525 14.469732 26.380886
v 54.525517 4.596531 28.602457
v 52.720295 15.878718 28.667667
v 53.613556 16.671013 31.213835
v 55.021217 11.085123 32.461506
v 56.430588 5.503784 33.717766
v 55.539124 4.707480 31.173401
v 10.739258 61.762772 -78.107033
v 8.342216 59.290058 -81.315140
v 18.948309 65.282738 -82.852531
v 11.519879 65.838585 -76.193375
v 5.537072 61.174183 -83.824966
v 3.025352 65.040993 -85.496323
v 15.888977 65.742378 -91.291100
v 4.291556 68.804375 -83.176880
v 6.311401 71.673149 -80.268906
v 10.586839 71.561508 -90.493652
v 9.465223 69.152283 -77.544281
v 12.228415 69.785049 -82.014198
v -32.798409 64.537979 -28.807701
v -30.506859 68.363602 -27.128691
v -37.275311 62.594135 -19.270985
v -36.576881 62.884445 -31.143038
v -32.085777 72.285629 -27.638962
v -35.314892 75.609901 -29.218010
v -34.768112 71.445435 -20.204370
v -38.740379 73.469383 -31.436356
v -41.493137 70.140442 -33.306988
v -43.964191 73.496155 -22.006268
v -39.539124 65.589371 -32.585903
v -45.872715 64.510941 -21.845469
v 21.616104 74.170906 -78.166924
v 23.894798 74.812935 -83.176079
v 17.015247 74.627808 -75.601685
v 21.698555 76.240005 -86.776100
v 17.300827 78.474945 -89.420532
v 13.625307 78.786087 -85.748230
v 10.447435 78.479591 -81.710854
v 13.373884 76.223206 -77.411118
v -36.317078 63.700119 -10.083250
v -32.555820 67.372963 -10.922333
v -41.787601 62.937553 -9.990751
v -33.377396 71.596329 -11.822309
v -36.977863 75.917664 -12.719545
v -41.865089 74.022964 -12.379750
v -46.384335 71.244667 -12.053618
v -44.742252 66.040512 -10.849679
v -10.324868 79.973358 -58.214592
v -12.853786 77.294823 -66.117226
v -12.036067 82.164139 -59.596584
v -19.910215 81.059906 -56.682522
v -14.298710 75.277000 -69.560974
v -19.607857 74.306404 -69.889946
v -14.121493 78.928146 -74.472313
v -26.552282 75.985352 -67.104919
v -26.836664 78.059143 -60.664841
v -27.666428 81.462730 -69.145401
v -24.246611 80.468346 -56.434727
v -27.256147 84.453033 -55.156086
v -8.070572 91.358696 -57.090492
v -3.055718 91.874718 -67.005402
v -15.973067 95.268326 -50.126442
v -8.980215 94.713730 -74.098495
v -16.668266 96.540695 -78.233658
v -24.732388 98.638947 -71.230980
v -29.465651 99.902794 -61.511456
v -23.769096 98.599022 -54.774021
v -29.837816 37.524872 -18.602388
v -24.147177 41.105347 -16.387730
v -32.115971 32.980385 -22.457880
v -29.675583 29.120180 -26.774763
v -24.136930 25.958481 -30.702837
v -18.927341 23.703083 -34.680588
v -13.492488 20.775223 -37.788616
v -7.469553 18.292658 -41.485935
v -1.333348 17.802856 -42.953224
v 3.922760 21.050135 -40.915344
v 6.823943 26.075939 -36.728729
v 5.708519 30.934500 -32.751492
v 2.450650 34.193977 -28.184053
v -4.681395 38.549770 -24.111197
v -11.855762 41.146488 -18.725548
v -17.958244 42.451500 -17.067049
v 23.672930 104.492462 -64.966476
v 21.578514 105.074944 -65.085464
v 27.568531 104.670143 -68.365654
v 26.040857 105.550362 -69.759697
v 31.029173 105.236488 -72.558067
v 30.574303 105.984802 -74.369049
v 28.144606 106.898514 -75.190315
v 24.312670 106.546104 -71.336723
v 20.788363 106.154488 -67.598724
v -42.786144 71.724411 21.341576
v -41.103809 70.641388 21.549807
v -35.998585 72.525291 21.039217
v -36.954983 74.458473 20.629717
v -31.567017 75.112892 20.385580
v -31.123817 77.192528 19.917856
v -33.415924 78.850105 19.593931
v -38.085468 76.743538 20.145674
v -42.952709 74.378586 20.758169
vt 0.208431 0.494797
vt 0.208575 0.478116
vt 0.229443 0.475893
vt 0.229271 0.493426
vt 0.252729 0.492198
vt 0.256170 0.471571
vt 0.275357 0.475888
vt 0.275429 0.493819
vt 0.298111 0.492176
vt 0.294163 0.471736
vt 0.321331 0.475953
vt 0.321541 0.493432
vt 0.198757 0.641525
vt 0.200055 0.589825
vt 0.221664 0.590600
vt 0.219751 0.640956
vt 0.244967 0.639373
vt 0.247968 0.591507
vt 0.275466 0.591669
vt 0.275481 0.635804
vt 0.305994 0.639365
vt 0.302966 0.591494
vt 0.329276 0.590573
vt 0.331197 0.640955
vt 0.199789 0.728809
vt 0.197393 0.704590
vt 0.219517 0.692482
vt 0.227784 0.730211
vt 0.252859 0.733034
vt 0.249003 0.687406
vt 0.275511 0.688085
vt 0.275516 0.730408
vt 0.298175 0.733010
vt 0.302021 0.687396
vt 0.331536 0.692451
vt 0.323246 0.730162
vt 0.805511 0.686057
vt 0.204711 0.752714
vt 0.229559 0.760254
vt 0.782889 0.696424
vt 0.784986 0.875584
vt 0.254181 0.941082
vt 0.275435 0.940431
vt 0.742298 0.896742
vt 0.699334 0.736241
vt 0.297037 0.807427
vt 0.321459 0.760204
vt 0.696358 0.696343
vt 0.808954 0.641287
vt 0.805193 0.664541
vt 0.784300 0.671779
vt 0.785729 0.644267
vt 0.763331 0.647822
vt 0.762442 0.673765
vt 0.742276 0.741120
vt 0.739609 0.647377
vt 0.715889 0.647774
vt 0.716786 0.673709
vt 0.694936 0.671695
vt 0.693494 0.644181
vt 0.806875 0.557726
vt 0.810121 0.617205
vt 0.790367 0.607046
vt 0.787575 0.557696
vt 0.763367 0.556090
vt 0.764746 0.603486
vt 0.739627 0.603152
vt 0.739688 0.556093
vt 0.716014 0.556064
vt 0.714496 0.603455
vt 0.688836 0.606971
vt 0.691820 0.557642
vt 0.803405 0.420481
vt 0.802841 0.435733
vt 0.782960 0.432290
vt 0.783371 0.416064
vt 0.759505 0.410786
vt 0.759570 0.428509
vt 0.739756 0.426992
vt 0.739743 0.409699
vt 0.720007 0.410786
vt 0.719946 0.428500
vt 0.696571 0.432245
vt 0.696182 0.416016
vt 0.819305 0.093413
vt 0.797386 0.086157
vt 0.790779 0.072322
vt 0.822344 0.073237
vt 0.265809 0.416173
vt 0.762697 0.377789
vt 0.739788 0.389948
vt 0.275377 0.462947
vt 0.364323 0.097210
vt 0.342669 0.089884
vt 0.336664 0.075169
vt 0.367299 0.076188
vt 0.342559 0.494848
vt 0.342402 0.478170
vt 0.366070 0.480227
vt 0.366198 0.495669
vt 0.352247 0.641476
vt 0.350872 0.589816
vt 0.374237 0.588973
vt 0.374011 0.638442
vt 0.936729 0.462892
vt 0.940585 0.464321
vt 0.946953 0.476690
vt 0.936605 0.482861
vt 0.804780 0.405462
vt 0.824266 0.410023
vt 0.823186 0.423812
vt 0.805355 0.509178
vt 0.825584 0.509339
vt 0.825621 0.554997
vt 0.118742 0.522844
vt 0.058006 0.517789
vt 0.074507 0.510871
vt 0.084702 0.516921
vt 0.822269 0.350445
vt 0.784755 0.399833
vt 0.805305 0.347137
vt 0.793942 0.336256
vt 0.777469 0.322538
vt 0.236211 0.409364
vt 0.220899 0.415267
vt 0.203041 0.415110
vt 0.182178 0.419746
vt 0.685950 0.336155
vt 0.717407 0.377787
vt 0.694840 0.399772
vt 0.674409 0.347030
vt 0.657366 0.350391
vt 0.674734 0.405426
vt 0.637625 0.358046
vt 0.347747 0.415166
vt 0.329799 0.415381
vt 0.314324 0.409429
vt 0.706215 0.336018
vt 0.292514 0.404556
vt 0.870618 0.237836
vt 0.844433 0.293934
vt 0.832214 0.287148
vt 0.858351 0.228645
vt 0.844944 0.223065
vt 0.821107 0.280742
vt 0.243727 0.342391
vt 0.826584 0.212775
vt 0.214622 0.282882
vt 0.224361 0.346790
vt 0.210147 0.349538
vt 0.199596 0.284960
vt 0.184434 0.288656
vt 0.194986 0.352422
vt 0.864110 0.304875
vt 0.163133 0.290367
vt 0.634803 0.222910
vt 0.658751 0.280554
vt 0.647480 0.287052
vt 0.621343 0.228556
vt 0.609012 0.237734
vt 0.635143 0.293889
vt 0.375465 0.356065
vt 0.590820 0.249121
vt 0.366326 0.288752
vt 0.355651 0.352469
vt 0.340563 0.349608
vt 0.351134 0.285011
vt 0.336042 0.282967
vt 0.326383 0.346874
vt 0.678330 0.268182
vt 0.315081 0.275917
vt 0.789900 0.091626
vt 0.894734 0.181072
vt 0.223763 0.023658
vt 0.779683 0.072008
vt 0.205625 0.023651
vt 0.212375 0.030485
vt 0.208733 0.046428
vt 0.818124 0.043214
vt 0.919973 0.054113
vt 0.218394 0.124576
vt 0.231547 0.124829
vt 0.925982 0.076298
vt 0.853028 0.105343
vt 0.173602 0.224408
vt 0.245023 0.044913
vt 0.815784 0.102925
vt 0.335499 0.095534
vt 0.609223 0.166963
vt 0.147562 0.023794
vt 0.325939 0.074804
vt 0.129108 0.019171
vt 0.133886 0.026698
vt 0.125138 0.040618
vt 0.363323 0.044920
vt 0.461211 0.056389
vt 0.114656 0.083148
vt 0.128082 0.110700
vt 0.466974 0.079440
vt 0.396801 0.109583
vt 0.345740 0.218419
vt 0.158805 0.046562
vt 0.361009 0.107136
vt 0.212264 0.093809
vt 0.204982 0.218327
vt 0.226791 0.056935
vt 0.229179 0.093286
vt 0.246067 0.092223
vt 0.255137 0.092099
vt 0.884191 0.095549
vt 0.853655 0.095653
vt 0.854753 0.074189
vt 0.884265 0.075061
vt 0.885799 0.054616
vt 0.855335 0.052709
vt 0.203340 0.068369
vt 0.888472 0.044995
vt 0.116537 0.064410
vt 0.377147 0.224500
vt 0.136900 0.057215
vt 0.135301 0.068971
vt 0.159593 0.072808
vt 0.169578 0.075371
vt 0.426769 0.099419
vt 0.397393 0.099512
vt 0.398467 0.077209
vt 0.426850 0.078134
vt 0.428347 0.056895
vt 0.399054 0.054890
vt 0.111199 0.052142
vt 0.430928 0.046902
vt 0.398347 0.732496
vt 0.353774 0.704759
vt 0.655189 0.607952
vt 0.404645 0.715309
vt 0.625247 0.642548
vt 0.669008 0.617360
vt 0.670290 0.641156
vt 0.629866 0.657272
vt 0.633967 0.675274
vt 0.674058 0.664432
vt 0.345812 0.774768
vt 0.637449 0.692485
vt 0.387906 0.765553
vt 0.346295 0.752641
vt 0.351218 0.728717
vt 0.392980 0.747350
vt 0.854032 0.642643
vt 0.181252 0.694641
vt 0.859345 0.625630
vt 0.152631 0.732602
vt 0.157999 0.747449
vt 0.163074 0.765647
vt 0.167481 0.783084
vt 0.845329 0.675366
vt 0.849419 0.657366
vt 0.462802 0.754848
vt 0.433121 0.744888
vt 0.586158 0.633072
vt 0.469035 0.736153
vt 0.562716 0.661102
vt 0.591598 0.653084
vt 0.596668 0.669873
vt 0.567525 0.676181
vt 0.573571 0.695803
vt 0.602326 0.689166
vt 0.414557 0.801264
vt 0.575415 0.714705
vt 0.450039 0.789809
vt 0.420413 0.781867
vt 0.427222 0.762131
vt 0.457315 0.770152
vt 0.916571 0.661069
vt 0.887682 0.653104
vt 0.112049 0.724515
vt 0.922852 0.642462
vt 0.088177 0.754903
vt 0.117860 0.744959
vt 0.123753 0.762207
vt 0.093657 0.770210
vt 0.100926 0.789871
vt 0.130556 0.781946
vt 0.872833 0.708772
vt 0.104321 0.808576
vt 0.905760 0.695791
vt 0.876995 0.689207
vt 0.882631 0.669903
vt 0.911782 0.676158
vt 0.245118 0.820265
vt 0.256063 0.761423
vt 0.275458 0.816348
vt 0.275456 0.817082
vt 0.305796 0.819611
vt 0.322444 0.827635
vt 0.716707 0.746651
vt 0.742277 0.751635
vt 0.767846 0.746640
vt 0.232576 0.815700
vt 0.789238 0.746868
vt 0.242805 0.909093
vt 0.242913 0.847487
vt 0.275453 0.850080
vt 0.275444 0.899369
vt 0.308078 0.909112
vt 0.307992 0.847504
vt 0.685718 0.768892
vt 0.335635 0.923345
vt 0.710517 0.826756
vt 0.709025 0.772272
vt 0.742280 0.767854
vt 0.742288 0.823907
vt 0.774059 0.826743
vt 0.775535 0.772258
vt 0.216918 0.852154
vt 0.800161 0.835727
vt 0.803587 0.472219
vt 0.184266 0.511368
vt 0.823748 0.473030
vt 0.786007 0.508646
vt 0.783967 0.470951
vt 0.760849 0.468488
vt 0.762764 0.507838
vt 0.739729 0.507585
vt 0.739749 0.469813
vt 0.718652 0.468468
vt 0.716699 0.507812
vt 0.693463 0.508589
vt 0.695538 0.470900
vt 0.347089 0.550471
vt 0.343449 0.511536
vt 0.656251 0.437958
vt 0.370672 0.549455
vt 0.305626 0.550928
vt 0.300328 0.509969
vt 0.323635 0.511057
vt 0.326613 0.553291
vt 0.245263 0.550946
vt 0.250519 0.509979
vt 0.275426 0.509223
vt 0.275447 0.553833
vt 0.203857 0.550446
vt 0.207534 0.511493
vt 0.227207 0.511082
vt 0.224277 0.553331
vt 0.296688 0.941095
vt 0.317831 0.963343
vt 0.722395 0.859395
vt 0.742293 0.859091
vt 0.762190 0.859387
vt 0.672412 0.557619
vt 0.673996 0.509116
vt 0.676597 0.435714
vt 0.676064 0.420456
vt 0.798456 0.058765
vt 0.820876 0.052919
vt 0.343747 0.061021
vt 0.365907 0.055032
vt 0.963235 0.483911
vt 0.902883 0.489040
vt 0.909072 0.482168
vt 0.925033 0.475729
vt 0.931354 0.463643
vt 0.080884 0.498420
vt 0.084741 0.496992
vt 0.090126 0.497750
vt 0.096539 0.509638
vt 0.112499 0.516024
vt 0.245369 0.109349
vt 0.249130 0.116712
vt 0.914174 0.091435
vt 0.914507 0.075957
vt 0.915392 0.060496
vt 0.143488 0.116794
vt 0.145270 0.126440
vt 0.455609 0.095160
vt 0.455938 0.079081
vt 0.456800 0.063019
vt 0.982240 0.434188
vt 0.963585 0.427947
vt 0.946509 0.423110
vt 0.890921 0.433118
vt 0.882130 0.436526
vt 0.926679 0.423006
vt 0.909612 0.427375
vt 0.937930 0.422313
vt 0.075163 0.457134
vt 0.058225 0.461798
vt 0.039557 0.467684
vt 0.094859 0.456979
vt 0.083682 0.456346
vt 0.130564 0.466891
vt 0.111877 0.461251
vt 0.033116 0.470128
vt 0.675805 0.472192
vt 0.653419 0.509254
vt 0.655248 0.472962
vt 0.367019 0.511392
vt 0.176921 0.588998
vt 0.180547 0.549455
vt 0.822760 0.437993
vt 0.233028 0.963316
vt 0.215241 0.923308
vt 0.798841 0.768868
vt 0.699605 0.875602
vt 0.684417 0.835751
vt 0.333987 0.852188
vt 0.228471 0.827609
vt 0.254212 0.785439
vt 0.759269 0.697501
vt 0.785216 0.736222
vt 0.695315 0.746888
vt 0.719972 0.697428
vt 0.296799 0.785396
vt 0.318344 0.815723
vt 0.903939 0.714697
vt 0.136407 0.801345
vt 0.081951 0.736203
vt 0.893090 0.633076
vt 0.446638 0.808511
vt 0.606509 0.708725
vt 0.556410 0.642507
vt 0.438944 0.724452
vt 0.841861 0.692578
vt 0.205190 0.774839
vt 0.146366 0.715395
vt 0.823906 0.608060
vt 0.383498 0.782992
vt 0.673752 0.685953
vt 0.619881 0.625562
vt 0.369876 0.694574
vt 0.624476 0.158216
vt 0.327082 0.211968
vt 0.653476 0.212425
vt 0.306569 0.342322
vt 0.153133 0.050558
vt 0.361352 0.222428
vt 0.125968 0.045756
vt 0.396618 0.225899
vt 0.569871 0.190223
vt 0.388031 0.290471
vt 0.615162 0.304972
vt 0.596954 0.173816
vt 0.584932 0.180968
vt 0.909456 0.190131
vt 0.154402 0.225852
vt 0.888489 0.249012
vt 0.175675 0.355943
vt 0.241882 0.047343
vt 0.189385 0.222364
vt 0.213528 0.046751
vt 0.223402 0.212053
vt 0.855547 0.158550
vt 0.235225 0.276013
vt 0.801766 0.268578
vt 0.882733 0.173912
vt 0.870470 0.167071
vt 0.702590 0.322102
vt 0.284431 0.416033
vt 0.369025 0.419829
vt 0.654789 0.409992
vt 0.841623 0.358035
vt 0.185243 0.480200
vt 0.257695 0.404697
vt 0.773758 0.336466
vt 0.177136 0.638471
vt 0.185108 0.495641
vt 0.653403 0.554919
vt 0.655840 0.423782
vt 0.740026 0.329135
vt 0.739609 0.679991
vt 0.717946 0.727940
vt 0.321543 0.784229
vt 0.275425 0.981496
vt 0.229466 0.784279
vt 0.766602 0.727930
vt 0.275513 0.766895
vt 0.294962 0.761394
vt 0.158494 0.031032
vt 0.235614 0.029385
vt 0.253884 0.807420
vt 0.968218 0.693073
vt 0.970279 0.686813
vt 0.964692 0.720144
vt 0.041234 0.817480
vt 0.965692 0.701614
vt 0.035620 0.790589
vt 0.038855 0.799577
vt 0.026837 0.766821
vt 0.976742 0.669618
vt 0.033170 0.783659
vt 0.515345 0.790561
vt 0.512107 0.799546
vt 0.509721 0.817448
vt 0.514670 0.720260
vt 0.513647 0.701731
vt 0.511110 0.693195
vt 0.509040 0.686939
vt 0.502555 0.669755
vt 0.524137 0.766797
vt 0.517798 0.783632
vt 0.052820 0.522857
vt 0.139366 0.470253
vt 0.968347 0.489050
vt 0.988625 0.436785
vt 0.108883 0.091107
vt 0.106409 0.062482
vt 0.399209 0.044805
vt 0.459518 0.102060
vt 0.428604 0.109556
vt 0.167704 0.057128
vt 0.215342 0.132259
vt 0.203222 0.094543
vt 0.855471 0.043005
vt 0.918242 0.098075
vt 0.886101 0.105305
vt 0.255511 0.067846
vt 0.169019 0.047690
vt 0.166893 0.025823
vt 0.125973 0.120002
vt 0.337008 0.054912
vt 0.115292 0.038211
vt 0.149847 0.015689
vt 0.254586 0.043904
vt 0.241676 0.021944
vt 0.231922 0.132778
vt 0.791425 0.052872
vt 0.199112 0.046316
vt 0.223332 0.014444
vn 0.210525 0.972322 0.101333
vn 0.210525 0.972322 0.101333
vn 0.429970 0.814166 0.390204
vn 0.453602 0.784243 0.423330
vn 0.526702 0.620963 0.580509
vn 0.664461 0.682838 0.303683
vn 0.527075 0.794072 0.302725
vn 0.506398 0.620972 0.598293
vn 0.690567 0.612984 0.383886
vn 0.327923 0.934291 0.139882
vn 0.725322 0.677624 0.121381
vn 0.722042 0.677169 0.141766
vn -0.339173 0.629312 0.699234
vn -0.352821 0.588497 0.727454
vn 0.041053 0.659090 0.750943
vn 0.041152 0.684599 0.727758
vn 0.445389 0.673161 0.590324
vn 0.443927 0.594110 0.670792
vn 0.648385 0.518716 0.557253
vn 0.645035 0.622454 0.443263
vn 0.822957 0.485470 0.295060
vn 0.819702 0.427727 0.380969
vn 0.971705 0.218438 0.089852
vn 0.965004 0.255181 0.060413
vn 0.621857 0.446289 0.643522
vn 0.327549 0.283757 0.901218
vn 0.154296 0.606657 0.779847
vn 0.435513 0.596971 0.673762
vn 0.589488 0.631828 0.503286
vn 0.558106 0.568038 0.604856
vn 0.675852 0.527438 0.514814
vn 0.663761 0.599350 0.447438
vn 0.722585 0.576848 0.380942
vn 0.787853 0.469325 0.398776
vn 0.953992 0.275537 0.118227
vn 0.872560 0.419809 0.249801
vn -0.506785 0.861992 0.011756
vn 0.085601 0.923394 0.374188
vn 0.210331 0.934820 0.286132
vn -0.290832 0.945686 -0.145242
vn -0.099072 0.822085 0.560680
vn 0.379459 0.299327 0.875451
vn 0.797731 0.188576 0.572768
vn 0.474751 0.858645 0.193234
vn 0.214008 0.750715 -0.625002
vn 0.523405 0.833699 0.176047
vn 0.554339 0.832021 0.021212
vn 0.036103 0.879141 -0.475193
vn -0.863884 -0.414768 -0.285782
vn -0.909647 0.339047 -0.239979
vn -0.766884 0.509282 -0.390539
vn -0.887129 -0.135773 -0.441099
vn -0.777431 -0.143574 -0.612362
vn -0.789602 0.233776 -0.567342
vn -0.703714 -0.053546 -0.708462
vn -0.700624 -0.197370 -0.685690
vn -0.662726 -0.206133 -0.719933
vn -0.550363 0.080497 -0.831036
vn -0.438460 0.352289 -0.826829
vn -0.561034 -0.309182 -0.767885
vn -0.980498 0.154645 0.121280
vn -0.961023 -0.261286 0.090356
vn -0.944848 -0.135453 -0.298187
vn -0.911081 -0.245830 -0.330908
vn -0.734968 -0.424236 -0.529005
vn -0.762356 -0.297789 -0.574573
vn -0.701503 -0.332886 -0.630143
vn -0.676713 -0.467093 -0.569108
vn -0.621603 -0.499097 -0.603748
vn -0.651372 -0.366941 -0.664130
vn -0.399581 -0.431762 -0.808651
vn -0.407948 -0.546362 -0.731483
vn -0.955524 -0.294222 0.020189
vn -0.969258 -0.230905 0.084977
vn -0.724628 -0.604855 -0.330250
vn -0.676422 -0.679412 -0.284345
vn -0.532909 -0.780096 -0.327808
vn -0.587767 -0.703189 -0.400070
vn -0.585509 -0.715664 -0.380795
vn -0.531775 -0.796690 -0.287229
vn -0.577078 -0.776842 -0.251989
vn -0.597266 -0.708122 -0.376612
vn -0.463229 -0.753801 -0.466050
vn -0.479586 -0.812269 -0.331988
vn -0.199046 -0.972765 -0.118778
vn -0.199882 -0.969494 -0.141877
vn -0.200805 -0.969776 -0.138608
vn -0.199900 -0.973096 -0.114558
vn 0.723052 -0.529419 0.443747
vn 0.407874 -0.815119 0.411363
vn 0.013044 -0.885818 0.463849
vn 0.411083 -0.058459 0.909722
vn 0.338870 0.234589 0.911118
vn 0.342975 0.216531 0.914047
vn 0.337447 0.214236 0.916642
vn 0.329398 0.230366 0.915657
vn 0.782202 -0.298699 -0.546753
vn 0.782202 -0.298699 -0.546753
vn 0.782202 -0.298699 -0.546753
vn 0.782202 -0.298699 -0.546753
vn 0.983369 0.002806 -0.181596
vn 0.978800 -0.078533 -0.189165
vn 0.745785 -0.442415 -0.498070
vn 0.719473 -0.348062 -0.601009
vn 0.236998 0.917446 0.319569
vn 0.236999 0.917447 0.319567
vn 0.236999 0.917447 0.319567
vn 0.236998 0.917446 0.319569
vn -0.940422 0.335702 0.053945
vn -0.940422 0.335702 0.053945
vn -0.940422 0.335702 0.053945
vn -0.940422 0.335702 0.053945
vn -0.993075 -0.077881 0.087959
vn -0.762073 0.353761 0.542308
vn -0.738745 0.459091 0.493448
vn 0.018036 0.215727 0.976287
vn 0.018036 0.215726 0.976287
vn 0.018036 0.215726 0.976287
vn 0.018036 0.215727 0.976287
vn -0.777812 -0.608702 0.156498
vn -0.809667 -0.581981 0.075740
vn -0.505768 -0.847382 0.161686
vn -0.520127 -0.829842 0.202067
vn 0.599480 -0.724344 0.340513
vn 0.610451 -0.721090 0.327689
vn 0.965762 0.228767 0.122353
vn 0.566161 0.812336 -0.139901
vn 0.513892 0.850310 -0.113524
vn -0.720198 0.674471 -0.162492
vn -0.704287 0.679792 -0.204602
vn -0.704287 0.679792 -0.204602
vn -0.717947 0.675342 -0.168716
vn -0.516538 -0.655052 0.551449
vn -0.457357 -0.736132 0.498933
vn -0.307973 -0.898552 0.312662
vn -0.358766 -0.853991 0.376810
vn 0.537234 -0.723649 -0.433258
vn 0.543365 -0.712276 -0.444317
vn 0.543365 -0.712276 -0.444317
vn 0.536747 -0.724530 -0.432387
vn 0.588588 0.549260 -0.593193
vn 0.503892 0.643331 -0.576384
vn 0.296836 0.874357 -0.383911
vn 0.367339 0.843451 -0.391986
vn -0.109684 0.977146 0.182087
vn -0.317496 0.357992 0.878087
vn -0.337265 0.757246 0.559313
vn -0.270408 0.750896 -0.602524
vn 0.160957 0.897652 -0.410261
vn 0.505813 0.828464 -0.240420
vn 0.454184 0.584351 -0.672496
vn 0.944678 0.134063 -0.299350
vn 0.726064 0.625306 -0.286048
vn 0.685305 -0.436690 0.582802
vn 0.848311 -0.462411 0.257963
vn 0.329358 -0.478297 0.814098
vn 0.029242 -0.109298 0.993579
vn -0.186219 0.005769 0.982491
vn -0.303279 -0.244025 0.921126
vn -0.821908 0.153064 0.548669
vn -0.380240 0.101753 0.919274
vn -0.897079 0.398289 0.191349
vn -0.863611 0.464513 -0.195970
vn -0.669717 0.638947 0.378452
vn -0.827179 0.445307 0.342749
vn -0.831111 -0.521329 0.193575
vn -0.904250 -0.274835 0.326799
vn -0.312922 -0.949563 -0.020236
vn -0.004764 -0.984833 -0.173437
vn 0.378038 -0.826133 -0.417842
vn 0.230326 -0.934940 -0.269886
vn 0.633404 -0.639383 -0.435877
vn 0.763617 -0.342200 -0.547529
vn 0.818104 0.502608 -0.279448
vn 0.908857 0.259347 -0.326676
vn 0.336348 0.935108 0.111545
vn 0.201238 0.959965 0.194859
vn -0.352530 0.873684 0.335259
vn -0.200754 0.933937 0.295735
vn -0.087514 0.506215 -0.857956
vn -0.087514 0.506215 -0.857956
vn 0.357498 0.456681 -0.814640
vn 0.378272 0.451681 -0.808019
vn 0.983971 0.110973 0.139592
vn 0.983971 0.110973 0.139592
vn 0.983971 0.110973 0.139592
vn 0.983971 0.110973 0.139592
vn 0.156526 0.906700 0.391657
vn 0.156526 0.906700 0.391657
vn 0.075962 0.927773 0.365331
vn 0.075962 0.927773 0.365331
vn -0.687943 0.717189 -0.111241
vn -0.687943 0.717189 -0.111241
vn -0.687943 0.717189 -0.111241
vn -0.687943 0.717189 -0.111241
vn -0.965083 0.220948 -0.140702
vn -0.965083 0.220948 -0.140701
vn -0.965223 -0.253671 -0.063215
vn -0.972297 -0.223354 -0.068933
vn -0.075533 -0.994205 -0.076491
vn -0.075533 -0.994205 -0.076491
vn -0.075533 -0.994205 -0.076491
vn -0.075533 -0.994205 -0.076491
vn 0.009195 -0.304833 -0.952362
vn 0.009195 -0.304833 -0.952362
vn -0.011745 -0.223049 -0.974736
vn -0.011745 -0.223049 -0.974736
vn -0.359031 0.674224 -0.645382
vn -0.359031 0.674224 -0.645382
vn -0.359031 0.674224 -0.645382
vn -0.359031 0.674224 -0.645382
vn 0.206892 0.977424 0.042874
vn 0.206892 0.977424 0.042874
vn 0.208565 0.976658 0.051386
vn 0.208563 0.976658 0.051377
vn -0.715152 0.620312 -0.322136
vn -0.715152 0.620312 -0.322136
vn -0.715152 0.620312 -0.322136
vn -0.715152 0.620312 -0.322136
vn -0.195451 -0.978465 -0.066375
vn -0.197100 -0.976540 -0.086723
vn -0.197752 -0.976864 -0.081424
vn -0.196086 -0.978525 -0.063564
vn 0.928097 -0.205713 0.310351
vn 0.928439 -0.208476 0.307472
vn 0.928431 -0.208412 0.307538
vn 0.928097 -0.205713 0.310351
vn -0.305482 -0.262980 -0.915162
vn -0.305482 -0.262980 -0.915163
vn -0.318581 -0.263775 -0.910456
vn -0.318565 -0.263774 -0.910461
vn -0.427031 0.720816 -0.545957
vn -0.427031 0.720816 -0.545957
vn -0.427031 0.720816 -0.545957
vn -0.427031 0.720816 -0.545957
vn 0.321773 0.273243 0.906532
vn 0.329317 0.259019 0.907997
vn 0.319235 0.256465 0.912313
vn 0.314394 0.272130 0.909451
vn 0.242412 -0.949275 0.200285
vn 0.245546 -0.951341 0.186168
vn 0.245671 -0.951420 0.185595
vn 0.242412 -0.949275 0.200285
vn 0.711757 -0.017450 0.702209
vn 0.997420 0.016083 0.069964
vn 0.551352 -0.783290 0.287171
vn 0.571446 -0.744467 0.345280
vn 0.177993 -0.960402 -0.214354
vn 0.068423 -0.611934 -0.787944
vn -0.344436 -0.631889 -0.694320
vn -0.236499 -0.745380 -0.623280
vn -0.599198 -0.113474 -0.792518
vn -0.521218 0.086534 -0.849025
vn -0.204871 0.816544 -0.539707
vn -0.578645 0.702866 -0.413701
vn -0.056548 0.991962 0.113195
vn 0.373868 0.926749 0.036867
vn 0.768350 0.434518 0.469929
vn 0.503519 0.645221 0.574594
vn -0.146110 -0.972632 -0.180664
vn 0.439824 -0.873455 0.208881
vn 0.500560 -0.851480 0.156276
vn 0.885453 -0.206749 0.416206
vn 0.749226 0.487677 0.448142
vn 0.092855 0.984944 0.145818
vn -0.514034 0.834645 -0.197831
vn -0.877676 0.188793 -0.440501
vn -0.701824 -0.573662 -0.422321
vn 0.095007 -0.399763 0.911682
vn 0.315542 -0.328787 0.890131
vn 0.678274 -0.621826 0.391506
vn 0.700215 -0.386377 0.600343
vn 0.965275 -0.260337 -0.021643
vn 0.660565 -0.662495 -0.353204
vn 0.295304 -0.482001 -0.824907
vn 0.685735 0.061179 -0.725276
vn 0.026420 0.471221 -0.881619
vn -0.139641 -0.102411 -0.984892
vn -0.644460 0.545176 -0.536148
vn -0.592693 0.615925 -0.518990
vn -0.924505 0.380446 -0.023488
vn -0.805693 0.584686 -0.094878
vn -0.448920 0.289007 0.845545
vn -0.727720 -0.141599 0.671099
vn -0.189149 -0.953007 0.236643
vn -0.284077 -0.957880 -0.042033
vn 0.447816 -0.891445 0.069191
vn 0.443826 -0.874907 0.193796
vn 0.892379 -0.447441 0.058787
vn 0.934504 -0.338819 0.109109
vn 0.840209 0.535221 0.087101
vn 0.887460 0.444646 -0.121264
vn 0.153348 0.987880 -0.024023
vn 0.070497 0.997366 -0.017046
vn -0.539453 0.832111 -0.128770
vn -0.453041 0.888090 0.077784
vn -0.896052 0.421835 0.138367
vn -0.960534 0.139970 -0.240380
vn -0.818659 -0.546936 -0.175096
vn -0.880728 -0.440112 0.174985
vn 0.412259 0.558588 0.719738
vn 0.412259 0.558588 0.719738
vn 0.412259 0.558588 0.719738
vn 0.412259 0.558588 0.719738
vn 0.835007 -0.248725 -0.490814
vn 0.835007 -0.248725 -0.490814
vn 0.619204 -0.310924 -0.721050
vn -0.273669 -0.732123 -0.623779
vn -0.681859 -0.595331 -0.425029
vn -0.723911 -0.592294 -0.353752
vn -0.825694 -0.521130 0.215993
vn -0.235418 0.968451 -0.081742
vn -0.550811 0.054315 0.832861
vn 0.089248 -0.071831 0.993416
vn 0.090082 -0.283760 0.954655
vn 0.708741 -0.421922 0.565392
vn 0.723241 -0.313582 0.615296
vn 0.952143 -0.262382 -0.156778
vn 0.879289 -0.427764 -0.209448
vn 0.543760 -0.344048 -0.765478
vn 0.639143 -0.042027 -0.767939
vn -0.152583 0.110587 -0.982084
vn -0.334718 -0.174626 -0.925996
vn -0.815716 -0.067128 -0.574545
vn -0.768595 0.175226 -0.615270
vn -0.946839 0.316245 0.059040
vn -0.999589 0.028602 -0.001816
vn -0.554443 -0.066551 0.829556
vn -0.534173 0.249380 0.807755
vn -0.976022 -0.165016 0.141952
vn -0.749212 0.247743 0.614251
vn -0.740969 0.280709 0.610056
vn -0.839373 -0.432063 -0.329809
vn -0.780521 -0.538622 -0.317292
vn -0.632421 -0.644928 -0.429083
vn -0.688622 -0.555684 -0.465849
vn -0.640395 -0.591947 -0.489381
vn -0.610952 -0.664587 -0.430189
vn -0.592007 -0.671611 -0.445495
vn -0.595139 -0.615292 -0.516938
vn -0.410888 -0.675353 -0.612429
vn -0.420810 -0.726910 -0.542697
vn 0.989384 -0.085668 -0.117388
vn 0.991916 -0.097892 -0.080749
vn 0.738489 -0.484230 -0.469208
vn 0.771320 -0.441903 -0.458025
vn 0.776295 0.312630 0.547383
vn 0.730639 0.361313 0.579327
vn 0.896257 0.225632 0.381856
vn 0.946054 0.189038 0.263149
vn 0.476966 0.444272 0.758370
vn 0.529546 0.475672 0.702365
vn 0.640644 0.434832 0.632848
vn 0.639931 0.359693 0.679050
vn -0.317423 0.511152 0.798728
vn -0.272754 0.472119 0.838277
vn 0.230390 0.518181 0.823656
vn 0.131682 0.548969 0.825405
vn 0.534682 0.485380 0.691752
vn 0.307024 0.511575 0.802513
vn -0.276884 0.485451 0.829260
vn 0.735362 0.534706 0.416333
vn 0.737144 0.316481 0.597042
vn 0.651261 0.420116 0.631950
vn 0.736981 0.650091 -0.185043
vn 0.736981 0.650091 -0.185043
vn 0.973819 -0.138895 -0.179960
vn 0.855807 0.236665 0.459983
vn 0.471716 0.850823 0.231483
vn 0.604437 0.741375 0.291582
vn 0.985151 0.164179 0.050226
vn 0.654657 0.633815 -0.411949
vn 0.140286 0.700972 -0.699256
vn -0.267826 0.884220 -0.382654
vn -0.471596 0.875810 0.102731
vn 0.099161 -0.534194 -0.839526
vn 0.139933 -0.700841 -0.699457
vn -0.411169 -0.910458 0.044797
vn -0.453666 -0.891164 -0.003596
vn -0.472680 -0.881210 -0.006536
vn -0.820592 -0.567443 -0.068099
vn -0.820592 -0.567443 -0.068099
vn -0.392954 -0.909560 0.135235
vn -0.343728 -0.439048 0.830114
vn -0.163172 -0.986565 0.008018
vn -0.492289 -0.867792 0.067748
vn 0.111909 -0.782097 -0.613025
vn 0.037394 -0.850865 -0.524052
vn -0.286570 -0.944350 -0.161493
vn -0.286570 -0.944350 -0.161493
vn -0.488348 -0.863823 0.123799
vn -0.467008 -0.879692 0.089692
vn -0.201721 -0.970046 -0.135350
vn -0.200633 -0.973765 -0.107367
vn -0.198402 -0.977153 -0.076213
vn 0.332145 0.212033 0.919087
vn 0.319164 0.228275 0.919796
vn 0.308888 0.253895 0.916584
vn 0.547402 -0.689467 -0.474326
vn 0.547403 -0.689467 -0.474326
vn 0.547403 -0.689467 -0.474327
vn 0.547403 -0.689467 -0.474326
vn 0.681968 -0.534621 -0.499100
vn 0.739084 -0.202386 -0.642491
vn 0.237001 0.917446 0.319567
vn 0.237001 0.917446 0.319567
vn 0.236999 0.917447 0.319565
vn 0.237000 0.917447 0.319565
vn 0.236998 0.917448 0.319563
vn 0.236998 0.917448 0.319563
vn 0.236998 0.917446 0.319570
vn 0.236998 0.917446 0.319570
vn -0.676342 0.735064 -0.047353
vn -0.676342 0.735064 -0.047353
vn -0.676342 0.735064 -0.047353
vn -0.676342 0.735064 -0.047353
vn -0.797434 0.295274 0.526224
vn -0.668802 0.553421 0.496417
vn 0.018035 0.215728 0.976287
vn 0.018035 0.215728 0.976287
vn 0.018035 0.215728 0.976287
vn 0.018035 0.215728 0.976287
vn 0.018036 0.215728 0.976287
vn 0.018036 0.215728 0.976287
vn 0.018036 0.215728 0.976287
vn 0.018036 0.215728 0.976287
vn -0.205590 -0.955790 0.210236
vn -0.218327 -0.941797 0.255641
vn -0.235018 -0.918772 0.317213
vn -0.530113 -0.800562 0.279432
vn -0.746824 -0.626905 0.221909
vn 0.938841 -0.208456 0.274088
vn 0.957292 -0.224920 0.181670
vn 0.957291 -0.224920 0.181670
vn 0.655679 -0.704618 0.271292
vn 0.655679 -0.704618 0.271292
vn 0.219232 0.945055 -0.242506
vn 0.151811 0.973720 -0.169771
vn 0.098744 0.988736 -0.112476
vn 0.503057 0.862736 -0.051196
vn 0.850823 0.524581 0.030237
vn -0.941403 0.319606 -0.107765
vn -0.941403 0.319606 -0.107765
vn -0.946510 0.311103 -0.085638
vn -0.947405 0.309489 -0.081485
vn -0.952171 0.300090 -0.057589
vn -0.952171 0.300090 -0.057589
vn -0.733636 0.668295 -0.123127
vn -0.733636 0.668295 -0.123127
vn -0.163452 -0.976992 0.137006
vn -0.185526 -0.964146 0.189744
vn -0.207850 -0.947238 0.244006
vn -0.414729 -0.792243 0.447606
vn -0.583300 -0.537574 0.608914
vn 0.694016 -0.364057 -0.621131
vn 0.694016 -0.364057 -0.621131
vn 0.683078 -0.414411 -0.601389
vn 0.684871 -0.406855 -0.604501
vn 0.672637 -0.454473 -0.583964
vn 0.672637 -0.454473 -0.583964
vn 0.530793 -0.735079 -0.421803
vn 0.530793 -0.735079 -0.421803
vn 0.144039 0.986152 -0.082204
vn 0.463391 0.790716 -0.400045
vn 0.652025 0.463758 -0.599827
vn -0.562719 0.317029 0.763439
vn -0.577324 0.339888 0.742411
vn -0.615604 0.403522 0.676906
vn -0.615604 0.403522 0.676906
vn -0.405133 0.764557 0.501319
vn -0.405133 0.764557 0.501319
vn 0.923893 -0.109946 -0.366516
vn 0.337908 0.416423 -0.844044
vn -0.464452 0.580237 -0.669036
vn 0.514265 -0.669739 0.535707
vn 0.865104 -0.474276 0.163272
vn -0.972001 0.216068 0.092357
vn -0.485744 -0.474183 0.734305
vn -0.839291 0.457619 -0.293557
vn -0.358862 -0.932868 0.031234
vn -0.890402 -0.257191 0.375548
vn -0.586778 0.692397 0.419855
vn 0.513323 -0.806782 -0.292578
vn 0.110737 -0.979555 -0.167958
vn 0.430951 0.901293 0.044190
vn 0.947225 0.017906 -0.320070
vn -0.070809 0.964393 0.254817
vn 0.777143 0.285503 -0.560836
vn 0.777143 0.285503 -0.560836
vn 0.740440 -0.072511 -0.668199
vn 0.740440 -0.072511 -0.668199
vn 0.322291 0.048479 -0.945398
vn 0.309206 0.051716 -0.949588
vn -0.176423 0.155597 -0.971938
vn -0.176423 0.155597 -0.971938
vn 0.848993 0.382416 0.364649
vn 0.848993 0.382416 0.364649
vn 0.848993 0.382416 0.364649
vn 0.848993 0.382416 0.364649
vn 0.928727 -0.210901 0.304938
vn 0.928727 -0.210901 0.304938
vn 0.975417 -0.203131 0.085442
vn 0.975417 -0.203131 0.085442
vn 0.975417 -0.203131 0.085442
vn 0.975417 -0.203131 0.085442
vn -0.005181 0.941770 0.336219
vn -0.005181 0.941770 0.336219
vn -0.417964 -0.482485 0.769749
vn -0.417964 -0.482485 0.769749
vn -0.375927 -0.492204 0.785121
vn -0.375927 -0.492203 0.785121
vn -0.333101 -0.500889 0.798845
vn -0.333101 -0.500889 0.798845
vn -0.721652 0.523161 -0.453345
vn -0.721652 0.523161 -0.453345
vn -0.721652 0.523161 -0.453345
vn -0.721652 0.523161 -0.453345
vn -0.815592 0.227203 -0.532155
vn -0.815592 0.227203 -0.532155
vn -0.815592 0.227203 -0.532155
vn -0.815592 0.227203 -0.532155
vn -0.926820 0.216036 -0.307138
vn -0.927301 0.211558 -0.308797
vn -0.927300 0.211569 -0.308793
vn -0.926820 0.216036 -0.307138
vn -0.790224 -0.612650 0.014374
vn -0.790224 -0.612650 0.014374
vn -0.697353 -0.589724 0.407338
vn -0.697353 -0.589724 0.407338
vn -0.915233 -0.152923 0.372778
vn -0.908244 -0.180617 0.377452
vn -0.916232 0.311333 0.252171
vn -0.916232 0.311333 0.252171
vn 0.119816 -0.921181 -0.370228
vn 0.119816 -0.921182 -0.370228
vn 0.119816 -0.921182 -0.370228
vn 0.119816 -0.921181 -0.370228
vn 0.248361 -0.953050 0.173240
vn 0.248361 -0.953050 0.173240
vn 0.037170 -0.970684 0.237469
vn 0.037170 -0.970684 0.237469
vn 0.037170 -0.970684 0.237469
vn 0.037170 -0.970684 0.237469
vn -0.032595 -0.139565 -0.989676
vn -0.032595 -0.139565 -0.989676
vn 0.941900 0.313656 0.120183
vn 0.941900 0.313656 0.120183
vn 0.953866 0.270574 0.130111
vn 0.953866 0.270574 0.130111
vn 0.963832 0.226923 0.139766
vn 0.963832 0.226923 0.139766
vn -0.521030 0.759523 -0.389426
vn -0.521030 0.759523 -0.389426
vn -0.521030 0.759523 -0.389426
vn -0.521030 0.759523 -0.389426
vn -0.436792 0.895074 -0.089752
vn -0.436792 0.895074 -0.089752
vn -0.436792 0.895074 -0.089752
vn -0.436792 0.895074 -0.089752
vn -0.264700 0.947767 -0.177965
vn -0.257090 0.948043 -0.187402
vn -0.256898 0.948048 -0.187639
vn -0.264700 0.947767 -0.177965
vn 0.210238 0.975809 0.059980
vn 0.210238 0.975809 0.059980
vn 0.076773 0.991892 0.101277
vn 0.076773 0.991892 0.101277
vn 0.167836 0.976924 0.132103
vn 0.167828 0.976925 0.132101
vn 0.257214 0.952739 0.161648
vn 0.257214 0.952739 0.161648
vn -0.927821 0.206484 -0.310665
vn -0.927821 0.206484 -0.310665
vn -0.973146 -0.035767 -0.227393
vn -0.973146 -0.035767 -0.227393
vn -0.973146 -0.035767 -0.227393
vn -0.973146 -0.035767 -0.227393
vn -0.671121 0.709899 -0.213637
vn -0.671121 0.709899 -0.213637
vn -0.671121 0.709899 -0.213637
vn -0.671121 0.709899 -0.213637
vn -0.196712 -0.978576 -0.060780
vn -0.125821 -0.991676 0.027359
vn -0.125821 -0.991676 0.027359
vn -0.211939 -0.977280 -0.002279
vn -0.212026 -0.977261 -0.002309
vn -0.296449 -0.954514 -0.031966
vn -0.296449 -0.954514 -0.031966
vn 0.938017 0.259565 0.229673
vn 0.938017 0.259565 0.229673
vn 0.938017 0.259565 0.229673
vn 0.938017 0.259565 0.229673
vn 0.873145 0.373009 0.313819
vn 0.873145 0.373009 0.313819
vn 0.873145 0.373009 0.313819
vn 0.873145 0.373009 0.313819
vn 0.818655 -0.424964 0.386276
vn 0.818655 -0.424964 0.386276
vn 0.818655 -0.424964 0.386276
vn 0.818655 -0.424964 0.386276
vn -0.331578 -0.264516 -0.905587
vn -0.331578 -0.264516 -0.905587
vn -0.277286 -0.178907 -0.943984
vn -0.277286 -0.178907 -0.943984
vn -0.254746 -0.273434 -0.927544
vn -0.254752 -0.273413 -0.927549
vn -0.229742 -0.365273 -0.902105
vn -0.229742 -0.365273 -0.902105
vn -0.248592 0.948186 -0.197852
vn -0.248592 0.948186 -0.197852
vn -0.064479 0.997442 -0.030869
vn -0.064479 0.997442 -0.030869
vn -0.064479 0.997442 -0.030869
vn -0.064479 0.997441 -0.030869
vn -0.363915 0.634077 -0.682285
vn -0.363915 0.634077 -0.682284
vn -0.363915 0.634077 -0.682284
vn -0.363915 0.634077 -0.682285
vn 0.306872 0.270980 0.912359
vn 0.400322 0.205596 0.893013
vn 0.400322 0.205596 0.893013
vn 0.380417 0.293400 0.877040
vn 0.380453 0.293256 0.877073
vn 0.357375 0.378602 0.853782
vn 0.357375 0.378602 0.853782
vn 0.016911 -0.982428 -0.185873
vn 0.016911 -0.982428 -0.185873
vn 0.016911 -0.982428 -0.185873
vn 0.016911 -0.982428 -0.185873
vn 0.034750 -0.943578 -0.329322
vn 0.034750 -0.943578 -0.329322
vn 0.034750 -0.943578 -0.329322
vn 0.034750 -0.943578 -0.329322
vn 0.398804 -0.834135 0.381017
vn 0.398804 -0.834135 0.381017
vn 0.398804 -0.834135 0.381017
vn 0.398804 -0.834135 0.381017
vn 0.966604 -0.221950 0.128122
vn 0.696398 -0.327882 0.638375
vn 0.166621 -0.338784 0.925993
vn -0.060855 0.564828 -0.822962
vn 0.728299 0.125586 -0.673653
vn -0.896767 0.442504 -0.000065
vn -0.583300 0.632014 -0.510215
vn -0.685532 -0.075017 0.724168
vn 0.871947 -0.474787 0.119523
vn 0.441087 -0.860634 0.254465
vn -0.128195 -0.950664 0.282496
vn 0.183425 0.982940 -0.013560
vn 0.903189 0.417935 -0.097880
vn -0.859383 0.486487 0.157452
vn -0.424560 0.900316 0.095813
vn -0.875871 -0.443922 0.189165
vn 0.981127 0.193336 -0.003474
vn 0.981126 0.193336 -0.003474
vn 0.981127 0.193336 -0.003474
vn 0.981126 0.193336 -0.003474
vn 0.886253 -0.441329 -0.140659
vn 0.855297 -0.189522 0.482232
vn 0.121454 -0.335679 0.934114
vn 0.487071 -0.748896 -0.449351
vn -0.350374 0.246723 0.903530
vn -0.350374 0.246723 0.903530
vn -0.346357 -0.549568 0.760271
vn 0.189797 -0.737494 -0.648136
vn -0.703243 -0.109774 0.702423
vn -0.135604 -0.328898 0.934579
vn -0.135604 -0.328898 0.934579
vn -0.703875 -0.109408 0.701847
vn 0.586136 -0.404285 0.702138
vn 0.586136 -0.404284 0.702138
vn 0.586136 -0.404284 0.702138
vn 0.586136 -0.404284 0.702138
vn 0.755238 -0.386457 0.529402
vn 0.755238 -0.386457 0.529402
vn 0.755238 -0.386457 0.529402
vn 0.755238 -0.386457 0.529402
vn 0.939350 -0.170362 -0.297655
vn 0.686162 0.040507 -0.726320
vn 0.686138 0.040522 -0.726342
vn 0.939350 -0.170362 -0.297655
vn 0.371390 0.189142 -0.909008
vn 0.371390 0.189142 -0.909008
vn -0.674259 0.375739 -0.635763
vn -0.674259 0.375739 -0.635763
vn -0.674259 0.375739 -0.635763
vn -0.674259 0.375739 -0.635763
vn -0.693955 0.373612 -0.615500
vn -0.693955 0.373612 -0.615500
vn -0.693955 0.373612 -0.615500
vn -0.693955 0.373612 -0.615500
vn -0.941068 0.089465 0.326170
vn -0.941068 0.089465 0.326170
vn -0.900038 -0.428728 0.078251
vn -0.541691 -0.824674 0.162738
vn -0.541691 -0.824674 0.162738
vn -0.900054 -0.428696 0.078244
vn 0.326402 -0.925537 0.191944
vn 0.326402 -0.925537 0.191944
vn 0.326402 -0.925537 0.191944
vn 0.326402 -0.925537 0.191944
vn 0.544145 -0.822813 0.163966
vn 0.544145 -0.822813 0.163966
vn 0.544145 -0.822813 0.163966
vn 0.544145 -0.822813 0.163966
vn 0.975879 -0.218234 -0.005827
vn 0.898522 0.411945 -0.151526
vn 0.898153 0.412692 -0.151682
vn 0.975879 -0.218234 -0.005827
vn 0.585962 0.779707 -0.220695
vn 0.585962 0.779707 -0.220695
vn -0.422756 0.882512 -0.206034
vn -0.422756 0.882512 -0.206034
vn -0.422756 0.882512 -0.206034
vn -0.422756 0.882512 -0.206034
vn -0.448260 0.870599 -0.202783
vn -0.448260 0.870599 -0.202783
vn -0.448260 0.870599 -0.202783
vn -0.448260 0.870599 -0.202783
vn -0.998430 -0.055998 0.001172
vn -0.998430 -0.055998 0.001172
s 1
g pCube1
usemtl pCube1SG
f 101/1/1 1/2/2 98/3/3 97/4/4
f 99/5/5 2/6/6 103/7/7 102/8/8
f 104/9/9 3/10/10 107/11/11 106/12/12
s 3
f 114/13/13 5/14/14 111/15/15 110/16/16
f 112/17/17 6/18/18 116/19/19 115/20/20
f 117/21/21 7/22/22 120/23/23 119/24/24
f 126/25/25 9/26/26 113/27/27 123/28/28
f 124/29/29 10/30/30 118/31/31 127/32/32
f 128/33/33 11/34/34 122/35/35 130/36/36
f 136/424/37 13/38/38 125/39/39 133/474/40
f 141/401/41 85/42/42 138/43/43 137/473/44
f 145/413/45 15/477/46 132/47/47 142/472/48
f 149/49/49 17/50/50 135/51/51 146/52/52
f 147/53/53 18/54/54 151/470/55 150/56/56
f 152/57/57 19/58/58 144/59/59 154/60/60
f 160/61/61 21/62/62 148/63/63 157/64/64
f 158/65/65 22/66/66 153/67/67 161/68/68
f 162/69/69 23/70/70 156/71/71 164/72/72
f 171/73/73 90/74/74 168/75/75 167/76/76
f 169/77/77 91/78/78 173/79/79 172/80/80
f 174/81/81 92/82/82 177/83/83 176/84/84
s 10
f 184/85/85 49/86/86 181/87/87 180/88/88
s 1
f 187/464/89 30/90/90 175/91/91 185/469/92
s 12
f 192/93/93 53/94/94 189/95/95 188/96/96
s off
f 108/97/97 4/98/98 194/99/99 193/100/100
s 3
f 121/101/101 8/102/102 197/103/103 196/104/104
s 13
f 378/105/105 377/106/106 379/107/107 380/108/108
s off
f 171/73/109 29/109/110 204/110/111 203/111/112
s 3
f 160/61/61 25/112/113 207/113/114 206/114/115
s 14
f 386/501/116 387/116/117 388/117/118 389/118/119
s 15
f 216/119/120 29/109/121 170/120/122 213/121/123
s 1
f 214/122/124 30/90/90 187/464/89 217/123/125
f 218/124/126 2/6/6 98/3/127 220/125/128
s 17
f 221/126/129 1/2/130 204/462/131 223/127/132
s 18
f 228/128/133 31/129/134 179/130/135 225/131/136
s 19
f 226/132/137 32/133/138 194/460/139 229/134/140
s 1
f 230/135/141 4/98/142 107/11/143 232/136/144
f 233/137/145 3/10/10 186/458/146 235/139/147
s 21
f 240/140/148 33/141/149 215/142/150 237/143/151
f 238/144/152 34/145/153 219/454/154 241/147/155
f 242/148/156 35/149/157 222/150/158 244/151/159
f 245/152/160 36/153/161 224/447/162 247/155/163
s 22
f 252/156/164 37/157/165 227/158/166 249/159/167
f 250/160/168 38/161/169 231/441/170 253/163/171
f 254/164/172 39/165/173 234/166/174 256/167/175
f 257/168/176 40/169/177 236/434/178 259/171/179
s 23
f 263/524/180 41/479/181 239/174/182 261/528/183
s off
f 262/176/184 42/177/185 243/178/186 264/527/187
s 24
f 270/511/188 58/181/189 267/182/190 266/525/191
s off
f 272/516/192 44/448/193 248/186/194 271/523/195
s 25
f 275/518/196 45/478/197 251/190/198 273/522/199
s off
f 274/192/200 46/193/201 255/194/202 276/521/203
s 26
f 282/505/204 62/197/205 279/198/206 278/519/207
s off
f 284/510/208 48/435/209 260/202/210 283/517/211
s 27
f 287/204/212 43/450/213 246/206/214 285/207/215
s off
f 286/208/216 44/448/217 272/516/218 288/209/219
s 10
f 289/210/220 52/211/221 183/212/222 290/213/223
s 28
f 291/214/224 51/215/225 265/513/226 292/217/227
s 29
f 295/218/228 47/437/229 258/220/230 293/221/231
s off
f 294/222/232 48/435/233 284/510/234 296/223/235
s 12
f 297/224/236 56/225/237 191/226/238 298/227/239
s 30
f 299/228/240 55/229/241 277/507/242 300/231/243
s 3
f 304/232/244 12/233/245 198/430/246 301/235/247
f 302/236/248 24/237/249 155/238/250 305/239/251
f 306/240/252 20/241/253 143/428/254 308/243/255
f 309/244/256 16/245/257 131/246/258 311/247/259
f 316/248/260 21/62/62 208/426/261 313/250/262
f 314/251/263 9/26/26 126/25/25 317/252/264
f 318/253/265 13/38/38 136/424/37 320/254/266
f 321/255/267 17/50/50 149/49/49 323/256/268
f 327/257/269 66/258/270 303/422/271 325/260/272
f 326/261/273 65/262/274 307/263/275 328/264/276
f 329/265/277 67/266/278 310/420/279 330/268/280
f 331/269/281 68/270/282 312/271/283 332/272/284
f 335/273/285 69/274/286 315/418/287 333/276/288
f 334/277/289 70/278/290 319/279/291 336/280/292
f 337/281/293 71/282/294 322/416/295 338/284/296
f 339/285/297 72/286/298 324/287/299 340/288/300
s off
f 344/289/301 14/480/302 129/291/303 341/292/304
s 3
f 342/293/305 15/46/306 145/414/45 345/294/307
f 346/295/308 19/471/58 151/55/309 348/296/310
f 349/297/311 18/475/54 134/410/312 351/299/313
f 355/300/314 81/301/315 343/302/316 353/303/317
f 354/304/318 82/305/319 347/406/320 356/307/321
f 357/308/322 83/309/323 350/310/324 358/311/325
f 359/312/326 84/313/327 352/403/328 360/315/329
f 363/316/330 90/74/74 205/400/331 361/318/332
f 363/316/330 25/112/113 159/319/333 364/320/334
f 365/321/335 26/322/336 163/323/337 366/324/338
f 367/325/339 27/326/340 166/327/341 368/328/342
f 371/329/343 94/330/344 195/397/345 370/332/346
f 373/333/347 95/334/348 109/335/349 372/336/350
f 375/337/351 96/338/352 105/339/353 374/340/354
f 362/341/355 89/342/356 100/343/357 376/344/358
s 1
f 98/3/3 2/6/6 99/5/5 97/4/4
s 3
f 99/5/359 96/338/352 100/343/357 97/4/360
f 100/343/357 89/342/356 101/1/361 97/4/360
s 1
f 103/7/7 3/10/10 104/9/9 102/8/362
s 3
f 104/9/363 95/334/348 105/339/353 102/8/364
f 105/339/353 96/338/352 99/5/359 102/8/364
s 1
f 107/11/11 4/98/365 108/97/366 106/12/12
s 3
f 108/97/367 94/330/344 109/335/349 106/12/368
f 109/335/349 95/334/348 104/9/363 106/12/368
f 111/15/15 6/18/18 112/17/17 110/16/16
f 112/17/17 10/30/30 113/27/27 110/16/16
f 113/27/27 9/26/26 114/13/13 110/16/16
f 116/19/19 7/22/22 117/21/21 115/20/20
f 117/21/21 11/34/34 118/31/31 115/20/20
f 118/31/31 10/30/30 112/17/17 115/20/20
f 120/23/23 8/102/102 121/101/101 119/24/24
f 121/101/101 12/233/245 122/35/35 119/24/24
f 122/35/35 11/34/34 117/21/21 119/24/24
f 113/27/27 10/30/30 124/29/29 123/28/28
f 124/29/29 14/290/369 125/39/39 123/28/28
f 125/39/39 13/38/38 126/25/25 123/28/28
f 118/31/31 11/34/34 128/33/33 127/32/32
f 128/33/33 15/477/46 129/476/370 127/32/32
f 129/476/370 14/290/369 124/29/29 127/32/32
f 122/35/35 12/233/245 131/246/258 130/36/36
f 131/246/258 16/245/257 132/47/47 130/36/36
f 132/47/47 15/477/46 128/33/33 130/36/36
f 125/39/39 14/290/369 134/408/312 133/474/40
f 134/409/312 18/54/54 135/51/51 133/40/40
f 135/51/51 17/50/50 136/37/37 133/40/40
f 138/43/43 86/345/371 139/346/372 137/473/44
f 139/404/372 87/347/373 140/348/374 137/44/44
f 140/348/374 88/349/375 141/41/41 137/44/44
f 132/47/47 16/245/257 143/242/254 142/472/48
f 143/428/254 20/241/253 144/59/59 142/48/48
f 144/59/59 19/58/58 145/412/45 142/48/48
f 135/51/51 18/54/54 147/53/53 146/52/52
f 147/53/53 22/66/66 148/63/63 146/52/52
f 148/63/63 21/62/62 149/49/49 146/52/52
f 151/470/55 19/58/58 152/57/57 150/56/56
f 152/57/57 23/70/70 153/67/67 150/56/56
f 153/67/67 22/66/66 147/53/53 150/56/56
f 144/59/59 20/241/253 155/238/250 154/60/60
f 155/238/250 24/237/249 156/71/71 154/60/60
f 156/71/71 23/70/70 152/57/57 154/60/60
f 148/63/63 22/66/66 158/65/65 157/64/64
f 158/65/65 26/322/336 159/319/333 157/64/64
f 159/319/333 25/112/113 160/61/61 157/64/64
f 153/67/67 23/70/70 162/69/69 161/68/68
f 162/69/69 27/326/340 163/323/337 161/68/68
f 163/323/337 26/322/336 158/65/65 161/68/68
f 156/71/71 24/237/249 165/350/376 164/72/72
f 165/350/376 28/351/377 166/327/341 164/72/72
f 166/327/341 27/326/340 162/69/69 164/72/72
f 168/75/75 91/78/78 169/77/77 167/76/76
s 1
f 169/77/378 30/90/90 170/120/379 167/76/380
f 170/120/379 29/109/381 171/73/382 167/76/380
s 3
f 173/79/79 92/82/82 174/81/81 172/80/80
s 1
f 174/81/383 31/129/384 175/91/91 172/80/385
f 175/91/91 30/90/90 169/77/378 172/80/386
s 3
f 177/83/83 93/352/387 178/353/388 176/84/84
s 1
f 178/353/389 32/133/390 179/130/391 176/84/392
f 179/130/391 31/129/384 174/81/383 176/84/392
s 10
f 181/87/87 50/354/393 182/355/394 180/88/88
f 182/355/394 51/215/395 183/212/222 180/88/88
f 183/212/222 52/211/221 184/85/85 180/88/88
s 1
f 175/91/91 31/129/384 186/138/146 185/469/92
f 186/458/146 3/10/10 103/7/7 185/92/92
f 103/7/7 2/6/6 187/89/89 185/92/92
s 12
f 189/95/95 54/356/396 190/357/397 188/96/96
f 190/357/397 55/229/398 191/226/238 188/96/96
f 191/226/238 56/225/237 192/93/93 188/96/96
s off
f 194/460/399 32/133/400 178/353/401 193/468/402
s 3
f 178/353/388 93/352/387 195/331/345 193/468/403
f 195/397/345 94/330/344 108/97/367 193/100/403
f 197/395/103 28/351/377 165/350/376 196/467/104
f 165/350/376 24/237/249 198/234/404 196/467/104
f 198/430/404 12/233/245 121/101/101 196/104/104
s 41
f 379/107/405 381/358/406 382/503/407 380/108/408
f 382/359/407 383/360/409 384/361/410 380/108/408
s 13
f 384/361/411 385/362/412 378/105/105 380/108/108
s off
f 204/462/413 1/2/414 101/1/415 203/466/416
s 3
f 101/1/361 89/342/356 205/317/331 203/466/417
f 205/400/331 90/74/74 171/73/73 203/111/417
f 207/398/114 5/14/14 114/13/13 206/465/115
f 114/13/13 9/26/26 208/249/418 206/465/115
f 208/426/418 21/62/62 160/61/61 206/114/115
s 42
f 388/117/419 390/363/420 391/364/421 389/118/422
f 391/364/421 392/365/423 393/366/424 389/118/422
s 14
f 393/366/425 394/367/426 386/115/116 389/118/119
s 15
f 170/120/122 30/90/427 214/122/428 213/121/123
f 214/122/428 34/145/429 215/142/430 213/121/123
f 215/142/430 33/141/431 216/119/120 213/121/123
s 1
f 187/89/89 2/6/6 218/124/126 217/463/432
f 218/124/126 35/149/433 219/146/434 217/463/432
f 219/454/435 34/145/436 214/122/124 217/123/125
f 98/3/127 1/2/437 221/126/438 220/125/128
f 221/126/438 36/153/439 222/150/440 220/125/128
f 222/150/440 35/149/441 218/124/126 220/125/128
s 43
f 204/110/442 29/109/443 216/119/444 223/461/445
f 216/119/444 33/141/446 224/154/447 223/461/445
s 17
f 224/447/448 36/153/449 221/126/129 223/127/132
s 18
f 179/130/135 32/133/450 226/132/451 225/131/136
f 226/132/451 38/161/452 227/158/453 225/131/136
f 227/158/453 37/157/454 228/128/133 225/131/136
s 44
f 194/99/455 4/98/456 230/135/457 229/459/458
f 230/135/457 39/165/459 231/162/460 229/459/458
s 19
f 231/441/461 38/161/462 226/132/137 229/134/140
s 1
f 107/11/143 3/10/10 233/137/145 232/136/144
f 233/137/145 40/169/463 234/166/464 232/136/144
f 234/166/464 39/165/465 230/135/141 232/136/144
f 186/138/146 31/129/384 228/128/466 235/457/467
f 228/128/466 37/157/468 236/170/469 235/457/467
f 236/434/470 40/169/471 233/137/145 235/139/147
s 21
f 215/142/150 34/145/153 238/144/152 237/143/151
f 238/144/152 42/456/472 239/455/473 237/143/151
f 239/455/473 41/173/474 240/140/148 237/143/151
f 219/146/154 35/149/157 242/148/156 241/453/155
f 242/148/156 43/205/475 243/451/476 241/453/155
f 243/452/476 42/456/472 238/144/152 241/147/155
f 222/150/158 36/153/161 245/152/160 244/151/159
f 245/152/160 44/185/477 246/449/478 244/151/159
f 246/449/478 43/205/475 242/148/156 244/151/159
f 224/154/162 33/141/149 240/140/148 247/446/163
f 240/140/148 41/173/474 248/444/479 247/446/163
f 248/445/479 44/185/477 245/152/160 247/155/163
s 22
f 227/158/166 38/161/169 250/160/168 249/159/167
f 250/160/168 46/443/480 251/442/481 249/159/167
f 251/442/481 45/189/482 252/156/164 249/159/167
f 231/162/170 39/165/173 254/164/172 253/440/171
f 254/164/172 47/219/483 255/438/484 253/440/171
f 255/439/484 46/443/480 250/160/168 253/163/171
f 234/166/174 40/169/177 257/168/176 256/167/175
f 257/168/176 48/201/485 258/436/486 256/167/175
f 258/436/486 47/219/483 254/164/172 256/167/175
f 236/170/178 37/157/165 252/156/164 259/433/179
f 252/156/164 45/189/482 260/431/487 259/433/179
f 260/432/487 48/201/485 257/168/176 259/171/179
s 23
f 239/174/182 42/177/488 262/176/489 261/528/183
s 45
f 262/526/490 50/354/491 181/87/492 261/175/493
f 181/87/492 49/86/494 263/172/495 261/175/493
s off
f 243/178/496 43/450/497 265/216/498 264/527/499
s 28
f 265/513/226 51/215/225 182/355/500 264/179/501
s off
f 182/355/502 50/354/503 262/526/504 264/179/505
s 24
f 267/182/190 57/368/506 268/369/507 266/525/191
s 46
f 268/514/508 59/370/509 269/371/510 266/183/511
f 269/371/510 60/372/512 270/180/513 266/183/511
s off
f 248/186/514 41/479/515 263/524/516 271/523/517
f 263/172/518 49/86/519 184/85/520 271/187/521
s 47
f 184/85/522 52/211/523 272/184/524 271/187/525
s 25
f 251/190/198 46/193/526 274/192/527 273/522/199
s 48
f 274/520/528 54/356/529 189/95/530 273/191/531
f 189/95/530 53/94/532 275/188/533 273/191/531
s off
f 255/194/534 47/437/535 277/230/536 276/521/537
s 30
f 277/507/242 55/229/241 190/357/538 276/195/539
s off
f 190/357/540 54/356/541 274/520/542 276/195/543
s 26
f 279/198/206 61/373/544 280/374/545 278/519/207
s 49
f 280/508/546 63/375/547 281/376/548 278/199/549
f 281/376/548 64/377/550 282/196/551 278/199/549
s off
f 260/202/552 45/478/553 275/518/554 283/517/555
f 275/188/556 53/94/557 192/93/558 283/203/559
s 50
f 192/93/560 56/225/561 284/200/562 283/203/563
s 27
f 246/206/214 44/448/564 286/208/565 285/207/215
s 51
f 286/208/566 57/368/567 267/182/568 285/207/569
f 267/182/568 58/181/570 287/204/571 285/207/569
s 47
f 272/184/524 52/211/523 289/210/572 288/515/573
s off
f 289/210/574 59/370/575 268/514/576 288/515/577
f 268/369/578 57/368/579 286/208/580 288/209/581
s 10
f 183/212/222 51/215/395 291/214/582 290/213/223
s 52
f 291/214/583 60/372/584 269/371/585 290/213/586
f 269/371/585 59/370/587 289/210/588 290/213/586
s off
f 265/216/589 43/450/590 287/204/591 292/512/592
f 287/204/593 58/181/594 270/511/595 292/512/596
f 270/180/597 60/372/598 291/214/599 292/217/600
s 29
f 258/220/230 48/435/601 294/222/602 293/221/231
s 53
f 294/222/603 61/373/604 279/198/605 293/221/606
f 279/198/605 62/197/607 295/218/608 293/221/606
s 50
f 284/200/562 56/225/561 297/224/609 296/509/610
s off
f 297/224/611 63/375/612 280/508/613 296/509/614
f 280/374/615 61/373/616 294/222/617 296/223/618
s 12
f 191/226/238 55/229/398 299/228/619 298/227/239
s 54
f 299/228/620 64/377/621 281/376/622 298/227/623
f 281/376/622 63/375/624 297/224/625 298/227/623
s off
f 277/230/626 47/437/627 295/218/628 300/506/629
f 295/218/630 62/197/631 282/505/632 300/506/633
f 282/196/634 64/377/635 299/228/636 300/231/637
s 3
f 198/234/246 24/237/249 302/236/248 301/429/247
f 302/236/248 65/262/274 303/259/271 301/429/247
f 303/422/271 66/258/270 304/232/244 301/235/247
f 155/238/250 20/241/253 306/240/252 305/239/251
f 306/240/252 67/266/278 307/263/275 305/239/251
f 307/263/275 65/262/274 302/236/248 305/239/251
f 143/242/254 16/245/257 309/244/256 308/427/255
f 309/244/256 68/270/282 310/267/279 308/427/255
f 310/420/279 67/266/278 306/240/252 308/243/255
f 131/246/258 12/233/245 304/232/244 311/247/259
f 304/232/244 66/258/270 312/271/283 311/247/259
f 312/271/283 68/270/282 309/244/256 311/247/259
f 208/249/261 9/26/26 314/251/263 313/425/262
f 314/251/263 70/278/290 315/275/287 313/425/262
f 315/418/287 69/274/286 316/248/260 313/250/262
f 126/25/25 13/38/38 318/253/265 317/252/264
f 318/253/265 71/282/294 319/279/291 317/252/264
f 319/279/291 70/278/290 314/251/263 317/252/264
f 136/37/37 17/50/50 321/255/267 320/423/266
f 321/255/267 72/286/298 322/283/295 320/423/266
f 322/416/295 71/282/294 318/253/265 320/254/266
f 149/49/49 21/62/62 316/248/260 323/256/268
f 316/248/260 69/274/286 324/287/299 323/256/268
f 324/287/299 72/286/298 321/255/267 323/256/268
f 303/259/271 65/262/274 326/261/273 325/421/272
f 326/261/273 73/497/638 199/498/639 325/421/272
f 199/499/639 74/500/640 327/257/269 325/260/272
f 307/263/275 67/266/278 329/265/277 328/264/276
f 329/265/277 75/495/641 200/496/642 328/264/276
f 200/496/642 73/497/638 326/261/273 328/264/276
f 310/267/279 68/270/282 331/269/281 330/419/280
f 331/269/281 76/492/643 201/493/644 330/419/280
f 201/494/644 75/495/641 329/265/277 330/268/280
f 312/271/283 66/258/270 327/257/269 332/272/284
f 327/257/269 74/500/640 202/491/645 332/272/284
f 202/491/645 76/492/643 331/269/281 332/272/284
f 315/275/287 70/278/290 334/277/289 333/417/288
f 334/277/289 78/490/646 209/488/647 333/417/288
f 209/489/647 77/482/648 335/273/285 333/276/288
f 319/279/291 71/282/294 337/281/293 336/280/292
f 337/281/293 79/487/649 210/486/650 336/280/292
f 210/486/650 78/490/646 334/277/289 336/280/292
f 322/283/295 72/286/298 339/285/297 338/415/296
f 339/285/297 80/485/651 211/483/652 338/415/296
f 211/484/652 79/487/649 337/281/293 338/284/296
f 324/287/299 69/274/286 335/273/285 340/288/300
f 335/273/285 77/482/648 212/481/653 340/288/300
f 212/481/653 80/485/651 339/285/297 340/288/300
s off
f 129/291/654 15/46/655 342/293/656 341/292/657
s 3
f 342/293/658 82/305/319 343/302/316 341/292/659
f 343/302/316 81/301/315 344/289/660 341/292/659
f 145/45/45 19/471/58 346/295/308 345/411/307
f 346/295/308 83/309/323 347/306/320 345/411/661
f 347/406/320 82/305/319 342/293/658 345/294/661
f 151/55/309 18/475/54 349/297/311 348/296/310
f 349/297/311 84/313/327 350/310/324 348/296/310
f 350/310/324 83/309/323 346/295/308 348/296/310
f 134/298/312 14/480/662 344/289/663 351/407/313
f 344/289/660 81/301/315 352/314/328 351/407/664
f 352/403/328 84/313/327 349/297/311 351/299/664
f 343/302/316 82/305/319 354/304/318 353/303/317
f 354/304/318 86/345/371 138/43/43 353/303/317
f 138/43/43 85/42/42 355/300/314 353/303/317
f 347/306/320 83/309/323 357/308/322 356/405/321
f 357/308/322 87/347/373 139/404/372 356/405/321
f 139/346/372 86/345/371 354/304/318 356/307/321
f 350/310/324 84/313/327 359/312/326 358/311/325
f 359/312/326 88/349/375 140/348/374 358/311/325
f 140/348/374 87/347/373 357/308/322 358/311/325
f 352/314/328 81/301/315 355/300/314 360/402/329
f 355/300/314 85/42/42 141/401/41 360/402/329
f 141/41/41 88/349/375 359/312/326 360/315/329
f 205/317/331 89/342/356 362/341/355 361/399/332
f 362/341/355 5/14/14 207/398/114 361/399/332
f 207/113/114 25/112/113 363/316/330 361/318/332
f 159/319/333 26/322/336 365/321/335 364/320/334
f 365/321/335 91/78/78 168/75/75 364/320/334
f 168/75/75 90/74/74 363/316/330 364/320/334
f 163/323/337 27/326/340 367/325/339 366/324/338
f 367/325/339 92/82/82 173/79/79 366/324/338
f 173/79/79 91/78/78 365/321/335 366/324/338
f 166/327/341 28/351/377 369/394/665 368/328/342
f 369/394/665 93/352/387 177/83/83 368/328/342
f 177/83/83 92/82/82 367/325/339 368/328/342
f 195/331/345 93/352/387 369/394/665 370/396/346
f 369/394/665 28/351/377 197/395/103 370/396/346
f 197/103/103 8/102/102 371/329/343 370/332/346
f 109/335/349 94/330/344 371/329/343 372/336/350
f 371/329/343 8/102/102 120/23/23 372/336/350
f 120/23/23 7/22/22 373/333/347 372/336/350
f 105/339/353 95/334/348 373/333/347 374/340/354
f 373/333/347 7/22/22 116/19/19 374/340/354
f 116/19/19 6/18/18 375/337/351 374/340/354
f 100/343/357 96/338/352 375/337/351 376/344/358
f 375/337/351 6/18/18 111/15/15 376/344/358
f 111/15/15 5/14/14 362/341/355 376/344/358
s 55
f 202/385/666 74/380/667 377/106/668 378/105/669
s off
f 74/380/670 199/379/671 379/107/672 377/106/673
f 199/379/674 73/378/675 381/358/676 379/107/677
s 56
f 73/378/678 200/504/679 382/503/680 381/358/681
f 200/382/679 75/381/682 383/360/683 382/359/680
s off
f 75/381/684 201/384/685 384/361/686 383/360/687
f 201/384/688 76/383/689 385/362/690 384/361/691
s 55
f 76/383/692 202/385/666 378/105/669 385/362/693
s 57
f 212/393/694 77/388/695 387/116/696 386/501/697
s off
f 77/388/698 209/387/699 388/117/700 387/116/701
f 209/387/702 78/386/703 390/363/704 388/117/705
s 58
f 78/386/706 210/390/707 391/364/708 390/363/709
f 210/390/707 79/389/710 392/365/711 391/364/708
s off
f 79/389/712 211/392/713 393/366/714 392/365/715
f 211/392/716 80/391/717 394/367/718 393/366/719
s 57
f 80/391/720 212/502/694 386/115/697 394/367/721
