# This file uses centimeters as units for non-parametric coordinates.

mtllib fall_frame.12.mtl
g default
v -23.275904 50.742970 4.543822
v -9.758448 46.739639 3.543120
v 1.718418 45.629456 -3.163258
v 13.083247 41.921406 -11.720303
v -24.405296 70.832169 -8.838063
v -9.490184 73.951080 -7.521061
v 6.148736 70.226830 -16.081541
v 11.225133 62.366547 -28.205418
v -25.322903 91.914322 -26.404173
v -13.159470 91.794281 -23.346464
v -0.154609 89.923462 -31.005371
v 4.204856 90.312263 -49.257980
v -30.092205 101.092178 -27.333626
v -18.327749 104.101173 -39.275127
v -8.827050 102.442802 -45.353905
v 0.415404 99.931511 -54.684631
v -36.343613 95.249847 -34.299507
v -25.930508 98.159119 -46.594276
v -13.105930 96.050293 -54.153908
v -0.951841 94.578957 -62.419304
v -29.872122 88.013756 -32.014397
v -24.868155 80.119873 -40.378975
v -11.863752 78.246887 -48.035225
v 1.944385 86.723923 -55.151833
v -30.834000 63.725853 -17.462244
v -21.506018 58.882236 -26.221334
v -8.468272 55.810379 -33.336845
v 4.654276 55.100773 -37.030384
v -26.380741 40.964569 -2.766805
v -14.281837 35.583717 -0.247940
v -2.451417 34.642818 -3.354478
v 6.922526 31.385056 -14.041105
v -33.802635 27.639395 25.528257
v -26.817087 25.051334 26.899185
v -25.998516 32.943428 33.829231
v -33.165199 35.211193 32.520195
v 18.217213 30.004528 20.049049
v 24.000742 26.726414 15.987078
v 30.138311 37.660995 16.314898
v 24.357397 40.887321 20.421185
v -32.082836 10.706754 0.483723
v -25.987093 7.741387 3.365078
v -31.161045 6.302116 12.356115
v -37.332920 8.928456 9.311026
v 14.610383 10.828131 43.433952
v 19.820932 6.916683 39.730675
v 27.764940 12.672108 44.752014
v 22.537292 16.280767 48.774380
v -33.982414 5.198058 -2.213897
v -26.617826 1.989871 1.450173
v -32.274426 0.671982 15.206084
v -42.173210 4.729947 10.229411
v 13.679982 6.722300 47.358471
v 19.938271 2.335894 42.607296
v 31.701469 9.246917 48.720058
v 23.514708 14.740098 55.172695
v -46.701496 8.570525 25.424351
v -38.890591 5.416292 29.341431
v -47.770283 5.228525 24.864620
v -39.959408 2.074331 28.781647
v 35.148163 25.202250 58.734577
v 41.599079 20.946859 53.579079
v 35.375950 22.612848 61.156914
v 41.826862 18.357456 56.001411
v 20.047976 112.781624 -52.171551
v 11.743372 109.886971 -49.093693
v 16.216808 115.208748 -61.935200
v 8.243823 113.435097 -58.353508
v -38.226276 74.163170 -15.109163
v -32.030739 81.251770 -9.466610
v -40.534039 87.920853 -8.760897
v -46.478020 80.743309 -15.048535
v 0.830336 134.145203 -40.171406
v -6.383377 127.573257 -39.673050
v -0.199401 135.008362 -43.694889
v -7.414518 128.436081 -43.196278
v -44.293697 64.928818 11.008227
v -38.194874 71.348503 15.142636
v -41.000347 73.856491 15.386830
v -47.099167 67.436806 11.252421
v -21.948006 111.938316 -44.382790
v -12.005733 109.453903 -56.210182
v -20.049320 97.525925 -64.107124
v -33.843288 101.014397 -47.861076
v -29.657251 127.535439 -52.582172
v -20.514742 125.963409 -64.193687
v -33.910221 118.206665 -73.246330
v -42.625610 119.705254 -62.177280
v -21.328173 55.428833 1.237976
v -26.823559 47.321411 -6.835401
v -16.856184 42.356316 -12.924156
v -7.169108 39.345203 -18.151302
v 5.149059 37.364521 -22.631655
v 11.657331 45.770416 -15.772771
v 3.677575 51.222298 -7.140581
v -8.880486 54.728054 -0.115548
v -15.816104 52.785580 3.238408
v -17.163628 50.258442 5.692478
v -8.981652 50.979309 2.004970
v -15.513445 55.899216 1.574471
v -21.964565 52.838551 2.406097
v -2.734466 49.613510 -1.431317
v -3.038181 46.890045 1.469987
v 3.026229 48.257381 -5.763151
v -2.494504 52.879890 -3.435293
v 8.340234 46.471325 -10.185118
v 9.246631 45.096348 -8.244975
v 11.897437 43.218601 -14.121569
v 8.734303 48.918156 -11.562609
v -19.802105 81.768608 -15.085319
v -18.038904 72.919617 -7.190003
v -12.118865 82.576111 -15.239191
v -20.906906 91.214584 -22.795675
v -25.740580 80.173538 -16.353462
v -3.719121 80.281311 -19.001770
v -1.240753 72.558273 -11.224359
v 4.019462 79.620399 -24.469288
v -7.268415 90.256660 -28.074621
v 8.294750 76.983360 -31.647936
v 10.100542 66.201111 -22.585232
v 10.714239 74.893074 -38.918179
v 5.257432 88.387581 -39.579632
v -21.592607 99.394249 -28.789370
v -15.932780 100.781372 -32.116413
v -25.142288 105.121246 -33.747505
v -26.925730 97.180267 -24.789661
v -10.062416 99.402657 -35.046417
v -4.532747 99.140823 -38.828102
v -13.818916 105.875977 -44.534267
v 1.041540 96.913719 -43.773548
v 2.751160 96.487228 -51.554905
v -2.568357 102.726059 -49.356098
v -29.178375 103.733032 -38.853596
v -22.664825 102.890976 -43.917973
v -33.408772 99.029831 -41.735275
v -33.652367 98.775314 -30.951990
v -28.873299 129.968063 -61.805679
v -24.806858 126.989052 -58.200592
v -25.508612 124.853256 -69.383850
v -39.857216 118.358635 -68.882294
v -36.570553 126.767754 -55.311138
v -6.728606 101.130272 -54.592621
v -1.216246 97.804611 -59.057514
v -8.671515 96.213448 -59.473591
v -12.008080 100.675217 -51.374638
v -31.801300 91.381592 -40.475403
v -26.574177 91.144928 -45.872299
v -30.601122 82.305359 -35.794201
v -34.037632 90.241188 -33.855877
v -20.030399 90.192612 -49.726147
v -21.678024 96.662125 -51.592010
v -13.556928 89.268143 -53.546917
v -18.365667 79.170662 -44.201138
v -6.835593 88.479630 -57.267082
v 2.452080 90.343140 -60.357697
v -3.971501 79.369133 -52.812843
v -29.135071 71.303520 -29.497791
v -22.979822 69.225319 -33.822922
v -27.740250 60.832314 -22.148382
v -31.801062 73.983971 -24.563875
v -16.456638 68.049400 -37.589443
v -9.968883 66.877228 -41.243095
v -14.964830 57.327160 -29.841919
v -2.319282 66.824417 -45.365417
v 4.543849 68.674484 -47.515778
v -1.632453 54.602016 -36.436722
v -22.065170 40.630192 -7.621971
v -23.032122 44.196522 -10.338013
v -15.875000 38.853848 -9.438306
v -21.792641 37.526989 -4.413354
v -26.178749 43.838673 -5.098291
v -10.969915 37.693241 -11.192904
v -12.041118 41.077724 -15.498321
v -6.309372 36.136192 -13.761771
v -9.953499 34.885670 -6.428967
v -0.308853 33.888744 -16.829073
v -0.945159 37.290047 -21.235973
v 5.598934 33.736443 -18.586180
v 1.189468 31.541372 -11.648327
v -33.222076 3.033622 4.939867
v -29.115973 3.867491 -2.562092
v -28.267324 0.964433 7.355348
v -37.225361 2.707460 12.732642
v -38.125053 5.165595 2.416577
v -3.751879 45.032879 3.308110
v 6.205845 38.542053 5.476763
v -16.387787 35.300499 11.787404
v 21.364449 7.662466 47.897282
v 15.120836 3.320048 43.859097
v 25.437565 4.846140 44.770798
v 27.610775 11.991164 51.944298
v 17.259874 10.504372 51.049908
v 9.779602 37.757355 -17.146818
v 10.915916 35.888348 -13.623304
v 9.539278 40.922619 -20.136646
v 9.504956 71.207939 -44.806423
v 9.502889 58.121819 -33.782280
v 5.117069 89.552505 -53.211906
v -2.666198 130.591187 -39.193287
v 1.115784 135.137482 -41.652554
v -3.925442 131.646698 -43.502075
v -7.706506 127.100655 -41.042957
v -25.580847 48.478107 -1.442917
v -26.286879 45.992523 0.600124
v -25.701056 51.564407 -2.551003
v -30.482262 76.631416 -19.249693
v -29.661621 67.537575 -12.378827
v -27.034559 88.994606 -27.948511
v -40.585003 67.713745 13.082675
v -38.571320 73.172478 15.759924
v -44.015751 70.780708 13.381295
v -46.029434 65.321983 10.704046
v -25.834946 30.616055 9.390468
v -21.623352 30.641016 11.958632
v -30.159790 25.653793 25.580162
v -30.471413 33.409027 10.771485
v -18.744829 35.291355 15.638150
v -19.510153 40.953552 19.134800
v -25.152496 28.611391 30.966661
v -23.038027 44.427925 18.947105
v -28.438423 43.776840 17.881310
v -29.141581 35.825443 34.592068
v -30.651621 39.043278 14.032969
v -34.600697 31.840982 29.114878
v 10.427085 29.021868 3.576788
v 15.581282 28.700029 1.703422
v 20.452444 27.478247 18.077623
v 8.533874 32.407375 6.788433
v 19.343113 33.989979 0.853623
v 21.467093 40.235851 1.544288
v 28.082830 32.048565 15.700074
v 18.134596 44.119526 3.386677
v 14.429420 43.973919 6.607735
v 28.235611 41.375099 18.483582
v 10.155696 38.900272 7.509831
v 20.499557 36.336540 20.987082
v -26.176514 23.676420 13.735434
v -24.025286 20.974625 16.745552
v -28.003302 9.689361 0.257723
v -30.834610 24.585070 13.907639
v -26.349346 16.915127 21.022585
v -31.029139 14.458590 24.583353
v -27.470831 6.305340 7.920973
v -35.601727 14.827758 24.244581
v -37.900543 17.950773 21.857283
v -35.641068 7.666240 13.622020
v -35.518135 21.661133 17.397232
v -35.675304 9.999632 3.943798
v 17.050936 18.520899 27.830772
v 21.472801 17.199928 26.746914
v 15.809664 7.858605 40.641903
v 15.688388 22.306660 30.156590
v 26.990393 19.773916 29.366154
v 30.824686 24.027891 32.755917
v 24.399225 9.026327 41.546478
v 29.262821 27.413874 35.728123
v 25.014526 29.117386 36.218967
v 27.294090 15.969172 48.165913
v 19.427094 26.459026 33.877659
v 17.583626 14.027536 46.502533
v -28.259502 6.717865 -1.847640
v -25.773491 4.747240 2.086776
v -33.126980 8.022388 -1.529888
v -27.455067 3.547067 7.876607
v -31.449497 3.283173 15.704001
v -43.833652 6.723049 29.234209
v -42.503380 7.908595 27.536142
v -48.792969 8.725599 26.747192
v -44.157463 2.736434 26.669888
v -38.874340 4.720500 31.721226
v -37.308376 7.795588 2.984686
v -41.351215 7.338126 10.735066
v 14.986156 5.324386 41.911697
v 19.800514 4.305251 40.698536
v 13.546693 8.766762 45.370197
v 25.290787 6.822796 42.869568
v 31.541847 11.279301 46.785904
v 39.911934 23.954161 57.355629
v 38.311249 23.783564 55.493561
v 35.816120 26.655993 60.628963
v 38.663776 19.776140 59.242424
v 44.007744 21.252327 54.082302
v 17.115463 12.567920 49.061211
v 23.353615 16.775381 53.238129
v -39.050957 7.912637 20.657675
v -43.426918 9.711606 18.475109
v -34.669548 6.140904 22.856234
v -44.812881 7.416649 17.756273
v -45.659130 4.770694 17.306084
v -40.702271 2.747655 19.775238
v -35.744762 0.742333 22.264608
v -34.900379 3.380040 22.711988
v 32.804207 19.873075 51.830429
v 29.185179 22.263472 54.719727
v 36.423351 17.484882 48.938824
v 28.879076 20.622932 56.932129
v 29.056902 18.576401 58.850525
v 33.152821 15.869334 55.582066
v 37.250305 13.163220 52.310158
v 37.071144 15.211930 50.391819
v 12.161598 101.982658 -51.711689
v 14.327604 100.592003 -55.494953
v 16.418030 111.285713 -48.967007
v 8.843029 104.355400 -50.084484
v 12.959285 101.769615 -59.289135
v 9.933405 104.084938 -62.401215
v 19.264776 113.845825 -57.228031
v 6.842776 106.260811 -60.146099
v 4.493850 107.967705 -56.844868
v 12.008307 115.206215 -60.476704
v 6.342206 106.366127 -52.673409
v 9.270642 111.043968 -53.115013
v -30.775848 83.696770 -20.042200
v -29.943752 87.269409 -16.912685
v -33.988861 76.643448 -12.238956
v -33.834641 81.772514 -23.162426
v -32.864471 90.431534 -16.237713
v -37.114056 92.851868 -17.028545
v -35.195965 85.167656 -8.505155
v -39.633892 90.575058 -20.182159
v -41.084953 87.253349 -23.250229
v -44.251263 84.734482 -11.758156
v -37.630978 83.641106 -23.872744
v -42.594639 76.464714 -15.803257
v 9.741512 117.599907 -44.137096
v 13.384468 121.224892 -46.251495
v 5.488825 114.723732 -45.433407
v 13.277616 122.756760 -50.429905
v 10.920866 123.448807 -55.459892
v 6.661270 120.423004 -55.321140
v 2.861779 117.033699 -54.545059
v 3.488257 114.950989 -49.310295
v -35.197361 72.747864 -3.781406
v -33.374805 77.200165 -1.526698
v -39.690941 70.486732 -5.948988
v -35.803303 80.785530 -0.743312
v -40.717796 83.632462 -0.913586
v -44.209015 80.542000 -3.118607
v -47.051117 76.810509 -5.525083
v -43.519718 72.527847 -6.262650
v -11.905444 109.878738 -44.924915
v -12.167579 104.154106 -51.993668
v -15.128792 112.650589 -49.245392
v -21.287012 106.498947 -43.955841
v -12.336151 101.097313 -55.133259
v -16.876060 98.093544 -55.725128
v -14.264843 102.990417 -62.195213
v -24.214268 96.768089 -53.590652
v -26.108297 100.321541 -47.885090
v -27.494156 98.695145 -56.301487
v -25.092693 104.323059 -43.934528
v -29.630148 106.897301 -44.040237
v -19.649405 122.211258 -53.557835
v -15.540984 120.801086 -63.841900
v -28.781416 123.077744 -47.025787
v -21.261610 115.588333 -69.636147
v -27.866611 110.066383 -71.965431
v -35.832893 109.791092 -64.553764
v -40.984077 112.321892 -55.305489
v -36.420383 118.194847 -50.383625
v -27.745811 59.922760 -6.855937
v -22.679411 63.395611 -3.324256
v -29.144623 55.968102 -11.666656
v -25.873377 53.040871 -16.167662
v -19.647562 50.927177 -19.752768
v -13.777477 49.667370 -23.240158
v -7.795413 47.644806 -26.023769
v -1.179064 46.191856 -29.214039
v 5.100616 46.330215 -29.900393
v 9.777474 49.491901 -26.665621
v 11.712737 53.902817 -21.365627
v 9.714292 57.946404 -16.853437
v 5.657295 60.159260 -12.320601
v -2.273579 63.385979 -8.623139
v -10.246108 64.575989 -3.924630
v -16.606735 65.237778 -2.946733
v -15.283152 137.031113 -34.515125
v -16.734600 136.533112 -36.059570
v -11.351221 140.388275 -34.338909
v -11.964990 140.902756 -36.439041
v -7.459150 144.158020 -35.055813
v -7.166801 145.248444 -36.720768
v -8.618063 145.129440 -39.021301
v -12.659307 141.484741 -38.814823
v -16.442066 138.002548 -38.480614
v -49.610729 60.056995 23.138260
v -47.681686 59.588791 23.464035
v -43.933720 62.853428 25.737370
v -45.566986 64.313507 25.879534
v -41.068184 66.550240 27.947348
v -41.523232 68.570007 28.620798
v -44.225597 69.372849 28.222168
v -47.497536 66.039345 26.047565
v -50.839092 62.411392 23.738861
vt 0.208431 0.494797
vt 0.208575 0.478116
vt 0.229443 0.475893
vt 0.229271 0.493426
vt 0.252729 0.492198
vt 0.256170 0.471571
vt 0.275357 0.475888
vt 0.275429 0.493819
vt 0.298111 0.492176
vt 0.294163 0.471736
vt 0.321331 0.475953
vt 0.321541 0.493432
vt 0.198757 0.641525
vt 0.200055 0.589825
vt 0.221664 0.590600
vt 0.219751 0.640956
vt 0.244967 0.639373
vt 0.247968 0.591507
vt 0.275466 0.591669
vt 0.275481 0.635804
vt 0.305994 0.639365
vt 0.302966 0.591494
vt 0.329276 0.590573
vt 0.331197 0.640955
vt 0.199789 0.728809
vt 0.197393 0.704590
vt 0.219517 0.692482
vt 0.227784 0.730211
vt 0.252859 0.733034
vt 0.249003 0.687406
vt 0.275511 0.688085
vt 0.275516 0.730408
vt 0.298175 0.733010
vt 0.302021 0.687396
vt 0.331536 0.692451
vt 0.323246 0.730162
vt 0.805511 0.686057
vt 0.204711 0.752714
vt 0.229559 0.760254
vt 0.782889 0.696424
vt 0.784986 0.875584
vt 0.254181 0.941082
vt 0.275435 0.940431
vt 0.742298 0.896742
vt 0.699334 0.736241
vt 0.297037 0.807427
vt 0.321459 0.760204
vt 0.696358 0.696343
vt 0.808954 0.641287
vt 0.805193 0.664541
vt 0.784300 0.671779
vt 0.785729 0.644267
vt 0.763331 0.647822
vt 0.762442 0.673765
vt 0.742276 0.741120
vt 0.739609 0.647377
vt 0.715889 0.647774
vt 0.716786 0.673709
vt 0.694936 0.671695
vt 0.693494 0.644181
vt 0.806875 0.557726
vt 0.810121 0.617205
vt 0.790367 0.607046
vt 0.787575 0.557696
vt 0.763367 0.556090
vt 0.764746 0.603486
vt 0.739627 0.603152
vt 0.739688 0.556093
vt 0.716014 0.556064
vt 0.714496 0.603455
vt 0.688836 0.606971
vt 0.691820 0.557642
vt 0.803405 0.420481
vt 0.802841 0.435733
vt 0.782960 0.432290
vt 0.783371 0.416064
vt 0.759505 0.410786
vt 0.759570 0.428509
vt 0.739756 0.426992
vt 0.739743 0.409699
vt 0.720007 0.410786
vt 0.719946 0.428500
vt 0.696571 0.432245
vt 0.696182 0.416016
vt 0.819305 0.093413
vt 0.797386 0.086157
vt 0.790779 0.072322
vt 0.822344 0.073237
vt 0.265809 0.416173
vt 0.762697 0.377789
vt 0.739788 0.389948
vt 0.275377 0.462947
vt 0.364323 0.097210
vt 0.342669 0.089884
vt 0.336664 0.075169
vt 0.367299 0.076188
vt 0.342559 0.494848
vt 0.342402 0.478170
vt 0.366070 0.480227
vt 0.366198 0.495669
vt 0.352247 0.641476
vt 0.350872 0.589816
vt 0.374237 0.588973
vt 0.374011 0.638442
vt 0.936729 0.462892
vt 0.940585 0.464321
vt 0.946953 0.476690
vt 0.936605 0.482861
vt 0.804780 0.405462
vt 0.824266 0.410023
vt 0.823186 0.423812
vt 0.805355 0.509178
vt 0.825584 0.509339
vt 0.825621 0.554997
vt 0.118742 0.522844
vt 0.058006 0.517789
vt 0.074507 0.510871
vt 0.084702 0.516921
vt 0.822269 0.350445
vt 0.784755 0.399833
vt 0.805305 0.347137
vt 0.793942 0.336256
vt 0.777469 0.322538
vt 0.236211 0.409364
vt 0.220899 0.415267
vt 0.203041 0.415110
vt 0.182178 0.419746
vt 0.685950 0.336155
vt 0.717407 0.377787
vt 0.694840 0.399772
vt 0.674409 0.347030
vt 0.657366 0.350391
vt 0.674734 0.405426
vt 0.637625 0.358046
vt 0.347747 0.415166
vt 0.329799 0.415381
vt 0.314324 0.409429
vt 0.706215 0.336018
vt 0.292514 0.404556
vt 0.870618 0.237836
vt 0.844433 0.293934
vt 0.832214 0.287148
vt 0.858351 0.228645
vt 0.844944 0.223065
vt 0.821107 0.280742
vt 0.243727 0.342391
vt 0.826584 0.212775
vt 0.214622 0.282882
vt 0.224361 0.346790
vt 0.210147 0.349538
vt 0.199596 0.284960
vt 0.184434 0.288656
vt 0.194986 0.352422
vt 0.864110 0.304875
vt 0.163133 0.290367
vt 0.634803 0.222910
vt 0.658751 0.280554
vt 0.647480 0.287052
vt 0.621343 0.228556
vt 0.609012 0.237734
vt 0.635143 0.293889
vt 0.375465 0.356065
vt 0.590820 0.249121
vt 0.366326 0.288752
vt 0.355651 0.352469
vt 0.340563 0.349608
vt 0.351134 0.285011
vt 0.336042 0.282967
vt 0.326383 0.346874
vt 0.678330 0.268182
vt 0.315081 0.275917
vt 0.789900 0.091626
vt 0.894734 0.181072
vt 0.223763 0.023658
vt 0.779683 0.072008
vt 0.205625 0.023651
vt 0.212375 0.030485
vt 0.208733 0.046428
vt 0.818124 0.043214
vt 0.919973 0.054113
vt 0.218394 0.124576
vt 0.231547 0.124829
vt 0.925982 0.076298
vt 0.853028 0.105343
vt 0.173602 0.224408
vt 0.245023 0.044913
vt 0.815784 0.102925
vt 0.335499 0.095534
vt 0.609223 0.166963
vt 0.147562 0.023794
vt 0.325939 0.074804
vt 0.129108 0.019171
vt 0.133886 0.026698
vt 0.125138 0.040618
vt 0.363323 0.044920
vt 0.461211 0.056389
vt 0.114656 0.083148
vt 0.128082 0.110700
vt 0.466974 0.079440
vt 0.396801 0.109583
vt 0.345740 0.218419
vt 0.158805 0.046562
vt 0.361009 0.107136
vt 0.212264 0.093809
vt 0.204982 0.218327
vt 0.226791 0.056935
vt 0.229179 0.093286
vt 0.246067 0.092223
vt 0.255137 0.092099
vt 0.884191 0.095549
vt 0.853655 0.095653
vt 0.854753 0.074189
vt 0.884265 0.075061
vt 0.885799 0.054616
vt 0.855335 0.052709
vt 0.203340 0.068369
vt 0.888472 0.044995
vt 0.116537 0.064410
vt 0.377147 0.224500
vt 0.136900 0.057215
vt 0.135301 0.068971
vt 0.159593 0.072808
vt 0.169578 0.075371
vt 0.426769 0.099419
vt 0.397393 0.099512
vt 0.398467 0.077209
vt 0.426850 0.078134
vt 0.428347 0.056895
vt 0.399054 0.054890
vt 0.111199 0.052142
vt 0.430928 0.046902
vt 0.398347 0.732496
vt 0.353774 0.704759
vt 0.655189 0.607952
vt 0.404645 0.715309
vt 0.625247 0.642548
vt 0.669008 0.617360
vt 0.670290 0.641156
vt 0.629866 0.657272
vt 0.633967 0.675274
vt 0.674058 0.664432
vt 0.345812 0.774768
vt 0.637449 0.692485
vt 0.387906 0.765553
vt 0.346295 0.752641
vt 0.351218 0.728717
vt 0.392980 0.747350
vt 0.854032 0.642643
vt 0.181252 0.694641
vt 0.859345 0.625630
vt 0.152631 0.732602
vt 0.157999 0.747449
vt 0.163074 0.765647
vt 0.167481 0.783084
vt 0.845329 0.675366
vt 0.849419 0.657366
vt 0.462802 0.754848
vt 0.433121 0.744888
vt 0.586158 0.633072
vt 0.469035 0.736153
vt 0.562716 0.661102
vt 0.591598 0.653084
vt 0.596668 0.669873
vt 0.567525 0.676181
vt 0.573571 0.695803
vt 0.602326 0.689166
vt 0.414557 0.801264
vt 0.575415 0.714705
vt 0.450039 0.789809
vt 0.420413 0.781867
vt 0.427222 0.762131
vt 0.457315 0.770152
vt 0.916571 0.661069
vt 0.887682 0.653104
vt 0.112049 0.724515
vt 0.922852 0.642462
vt 0.088177 0.754903
vt 0.117860 0.744959
vt 0.123753 0.762207
vt 0.093657 0.770210
vt 0.100926 0.789871
vt 0.130556 0.781946
vt 0.872833 0.708772
vt 0.104321 0.808576
vt 0.905760 0.695791
vt 0.876995 0.689207
vt 0.882631 0.669903
vt 0.911782 0.676158
vt 0.245118 0.820265
vt 0.256063 0.761423
vt 0.275458 0.816348
vt 0.275456 0.817082
vt 0.305796 0.819611
vt 0.322444 0.827635
vt 0.716707 0.746651
vt 0.742277 0.751635
vt 0.767846 0.746640
vt 0.232576 0.815700
vt 0.789238 0.746868
vt 0.242805 0.909093
vt 0.242913 0.847487
vt 0.275453 0.850080
vt 0.275444 0.899369
vt 0.308078 0.909112
vt 0.307992 0.847504
vt 0.685718 0.768892
vt 0.335635 0.923345
vt 0.710517 0.826756
vt 0.709025 0.772272
vt 0.742280 0.767854
vt 0.742288 0.823907
vt 0.774059 0.826743
vt 0.775535 0.772258
vt 0.216918 0.852154
vt 0.800161 0.835727
vt 0.803587 0.472219
vt 0.184266 0.511368
vt 0.823748 0.473030
vt 0.786007 0.508646
vt 0.783967 0.470951
vt 0.760849 0.468488
vt 0.762764 0.507838
vt 0.739729 0.507585
vt 0.739749 0.469813
vt 0.718652 0.468468
vt 0.716699 0.507812
vt 0.693463 0.508589
vt 0.695538 0.470900
vt 0.347089 0.550471
vt 0.343449 0.511536
vt 0.656251 0.437958
vt 0.370672 0.549455
vt 0.305626 0.550928
vt 0.300328 0.509969
vt 0.323635 0.511057
vt 0.326613 0.553291
vt 0.245263 0.550946
vt 0.250519 0.509979
vt 0.275426 0.509223
vt 0.275447 0.553833
vt 0.203857 0.550446
vt 0.207534 0.511493
vt 0.227207 0.511082
vt 0.224277 0.553331
vt 0.296688 0.941095
vt 0.317831 0.963343
vt 0.722395 0.859395
vt 0.742293 0.859091
vt 0.762190 0.859387
vt 0.672412 0.557619
vt 0.673996 0.509116
vt 0.676597 0.435714
vt 0.676064 0.420456
vt 0.798456 0.058765
vt 0.820876 0.052919
vt 0.343747 0.061021
vt 0.365907 0.055032
vt 0.963235 0.483911
vt 0.902883 0.489040
vt 0.909072 0.482168
vt 0.925033 0.475729
vt 0.931354 0.463643
vt 0.080884 0.498420
vt 0.084741 0.496992
vt 0.090126 0.497750
vt 0.096539 0.509638
vt 0.112499 0.516024
vt 0.245369 0.109349
vt 0.249130 0.116712
vt 0.914174 0.091435
vt 0.914507 0.075957
vt 0.915392 0.060496
vt 0.143488 0.116794
vt 0.145270 0.126440
vt 0.455609 0.095160
vt 0.455938 0.079081
vt 0.456800 0.063019
vt 0.982240 0.434188
vt 0.963585 0.427947
vt 0.946509 0.423110
vt 0.890921 0.433118
vt 0.882130 0.436526
vt 0.926679 0.423006
vt 0.909612 0.427375
vt 0.937930 0.422313
vt 0.075163 0.457134
vt 0.058225 0.461798
vt 0.039557 0.467684
vt 0.094859 0.456979
vt 0.083682 0.456346
vt 0.130564 0.466891
vt 0.111877 0.461251
vt 0.033116 0.470128
vt 0.675805 0.472192
vt 0.653419 0.509254
vt 0.655248 0.472962
vt 0.367019 0.511392
vt 0.176921 0.588998
vt 0.180547 0.549455
vt 0.822760 0.437993
vt 0.233028 0.963316
vt 0.215241 0.923308
vt 0.798841 0.768868
vt 0.699605 0.875602
vt 0.684417 0.835751
vt 0.333987 0.852188
vt 0.228471 0.827609
vt 0.254212 0.785439
vt 0.759269 0.697501
vt 0.785216 0.736222
vt 0.695315 0.746888
vt 0.719972 0.697428
vt 0.296799 0.785396
vt 0.318344 0.815723
vt 0.903939 0.714697
vt 0.136407 0.801345
vt 0.081951 0.736203
vt 0.893090 0.633076
vt 0.446638 0.808511
vt 0.606509 0.708725
vt 0.556410 0.642507
vt 0.438944 0.724452
vt 0.841861 0.692578
vt 0.205190 0.774839
vt 0.146366 0.715395
vt 0.823906 0.608060
vt 0.383498 0.782992
vt 0.673752 0.685953
vt 0.619881 0.625562
vt 0.369876 0.694574
vt 0.624476 0.158216
vt 0.327082 0.211968
vt 0.653476 0.212425
vt 0.306569 0.342322
vt 0.153133 0.050558
vt 0.361352 0.222428
vt 0.125968 0.045756
vt 0.396618 0.225899
vt 0.569871 0.190223
vt 0.388031 0.290471
vt 0.615162 0.304972
vt 0.596954 0.173816
vt 0.584932 0.180968
vt 0.909456 0.190131
vt 0.154402 0.225852
vt 0.888489 0.249012
vt 0.175675 0.355943
vt 0.241882 0.047343
vt 0.189385 0.222364
vt 0.213528 0.046751
vt 0.223402 0.212053
vt 0.855547 0.158550
vt 0.235225 0.276013
vt 0.801766 0.268578
vt 0.882733 0.173912
vt 0.870470 0.167071
vt 0.702590 0.322102
vt 0.284431 0.416033
vt 0.369025 0.419829
vt 0.654789 0.409992
vt 0.841623 0.358035
vt 0.185243 0.480200
vt 0.257695 0.404697
vt 0.773758 0.336466
vt 0.177136 0.638471
vt 0.185108 0.495641
vt 0.653403 0.554919
vt 0.655840 0.423782
vt 0.740026 0.329135
vt 0.739609 0.679991
vt 0.717946 0.727940
vt 0.321543 0.784229
vt 0.275425 0.981496
vt 0.229466 0.784279
vt 0.766602 0.727930
vt 0.275513 0.766895
vt 0.294962 0.761394
vt 0.158494 0.031032
vt 0.235614 0.029385
vt 0.253884 0.807420
vt 0.968218 0.693073
vt 0.970279 0.686813
vt 0.964692 0.720144
vt 0.041234 0.817480
vt 0.965692 0.701614
vt 0.035620 0.790589
vt 0.038855 0.799577
vt 0.026837 0.766821
vt 0.976742 0.669618
vt 0.033170 0.783659
vt 0.515345 0.790561
vt 0.512107 0.799546
vt 0.509721 0.817448
vt 0.514670 0.720260
vt 0.513647 0.701731
vt 0.511110 0.693195
vt 0.509040 0.686939
vt 0.502555 0.669755
vt 0.524137 0.766797
vt 0.517798 0.783632
vt 0.052820 0.522857
vt 0.139366 0.470253
vt 0.968347 0.489050
vt 0.988625 0.436785
vt 0.108883 0.091107
vt 0.106409 0.062482
vt 0.399209 0.044805
vt 0.459518 0.102060
vt 0.428604 0.109556
vt 0.167704 0.057128
vt 0.215342 0.132259
vt 0.203222 0.094543
vt 0.855471 0.043005
vt 0.918242 0.098075
vt 0.886101 0.105305
vt 0.255511 0.067846
vt 0.169019 0.047690
vt 0.166893 0.025823
vt 0.125973 0.120002
vt 0.337008 0.054912
vt 0.115292 0.038211
vt 0.149847 0.015689
vt 0.254586 0.043904
vt 0.241676 0.021944
vt 0.231922 0.132778
vt 0.791425 0.052872
vt 0.199112 0.046316
vt 0.223332 0.014444
vn -0.078772 0.724980 0.684251
vn -0.078772 0.724980 0.684251
vn 0.157987 0.569142 0.806918
vn 0.219624 0.517553 0.826985
vn 0.366610 0.422722 0.828796
vn 0.445699 0.487947 0.750507
vn 0.417760 0.623251 0.661086
vn 0.384218 0.453205 0.804352
vn 0.578124 0.553982 0.599063
vn 0.243125 0.872966 0.422871
vn 0.632266 0.670779 0.387679
vn 0.635026 0.672494 0.380122
vn -0.564078 0.518619 0.642534
vn -0.515951 0.456709 0.724715
vn -0.147665 0.557717 0.816790
vn -0.190812 0.626748 0.755498
vn 0.229362 0.682736 0.693732
vn 0.268160 0.544170 0.794965
vn 0.500785 0.490325 0.713299
vn 0.462875 0.661252 0.590333
vn 0.679502 0.566993 0.465614
vn 0.707555 0.428592 0.561850
vn 0.917438 0.279998 0.282680
vn 0.893380 0.386781 0.228634
vn 0.352807 0.555086 0.753264
vn 0.101166 0.416744 0.903377
vn -0.116341 0.619809 0.776081
vn 0.190138 0.694684 0.693730
vn 0.333022 0.761639 0.555880
vn 0.313232 0.668437 0.674595
vn 0.455200 0.650725 0.607741
vn 0.419274 0.746209 0.517090
vn 0.506845 0.734694 0.450925
vn 0.598822 0.612868 0.515562
vn 0.854176 0.470615 0.221144
vn 0.733285 0.618891 0.281543
vn -0.728291 0.682208 0.064685
vn -0.262726 0.850713 0.455261
vn -0.054672 0.963841 0.260808
vn -0.460418 0.857333 -0.230205
vn -0.663169 0.725395 0.184415
vn 0.010255 0.839397 0.543422
vn 0.419671 0.882797 0.211057
vn -0.229880 0.924644 -0.303627
vn 0.097373 0.806289 -0.583452
vn 0.299227 0.927961 0.222151
vn 0.373476 0.925882 0.057081
vn -0.187007 0.868996 -0.458121
vn -0.721751 -0.515197 -0.462221
vn -0.944591 0.192860 -0.265619
vn -0.783720 0.335180 -0.522912
vn -0.754544 -0.334164 -0.564799
vn -0.605741 -0.328709 -0.724589
vn -0.686997 0.068531 -0.723422
vn -0.536707 -0.198128 -0.820178
vn -0.507161 -0.362700 -0.781816
vn -0.488449 -0.373739 -0.788503
vn -0.470202 -0.055671 -0.880801
vn -0.462659 0.142243 -0.875051
vn -0.324796 -0.468242 -0.821740
vn -0.999890 -0.000125 -0.014810
vn -0.882582 -0.427346 -0.196021
vn -0.837056 -0.331240 -0.435452
vn -0.792822 -0.380332 -0.476216
vn -0.552118 -0.515028 -0.655676
vn -0.571272 -0.461936 -0.678427
vn -0.496834 -0.477925 -0.724392
vn -0.491519 -0.530909 -0.690323
vn -0.442875 -0.534413 -0.719906
vn -0.451401 -0.489671 -0.745962
vn -0.198222 -0.495058 -0.845947
vn -0.223551 -0.543649 -0.808994
vn -0.895263 -0.353313 -0.271431
vn -0.947097 -0.307145 -0.093112
vn -0.614586 -0.571429 -0.543831
vn -0.535165 -0.608995 -0.585426
vn -0.419635 -0.699139 -0.578888
vn -0.472534 -0.645608 -0.599918
vn -0.491935 -0.661009 -0.566627
vn -0.464507 -0.736947 -0.491062
vn -0.497047 -0.736287 -0.459158
vn -0.496638 -0.654732 -0.569805
vn -0.333462 -0.679764 -0.653241
vn -0.356519 -0.761137 -0.541816
vn -0.286050 -0.933089 -0.217992
vn -0.272985 -0.928454 -0.251898
vn -0.275347 -0.928295 -0.249903
vn -0.286752 -0.933246 -0.216391
vn 0.776857 -0.508402 0.371512
vn 0.505573 -0.850769 0.143483
vn 0.011882 -0.981885 0.189103
vn 0.257365 -0.216078 0.941846
vn 0.041757 -0.718631 0.694137
vn 0.038056 -0.712551 0.700588
vn 0.040416 -0.711188 0.701840
vn 0.045455 -0.715764 0.696862
vn 0.891197 -0.148467 -0.428632
vn 0.891197 -0.148467 -0.428632
vn 0.891197 -0.148467 -0.428632
vn 0.891197 -0.148467 -0.428632
vn 0.983306 0.179576 -0.029346
vn 0.999378 0.031080 -0.016664
vn 0.864044 -0.305137 -0.400399
vn 0.869084 -0.168907 -0.464933
vn -0.616711 0.703784 0.352641
vn -0.616709 0.703783 0.352647
vn -0.616709 0.703783 0.352646
vn -0.616710 0.703784 0.352641
vn -0.991186 0.116601 -0.062880
vn -0.991186 0.116601 -0.062880
vn -0.991186 0.116601 -0.062880
vn -0.991186 0.116601 -0.062880
vn -0.978891 -0.196407 -0.056547
vn -0.860540 0.208120 0.464927
vn -0.863484 0.316092 0.393041
vn -0.238832 -0.355158 0.903782
vn -0.238832 -0.355160 0.903781
vn -0.238832 -0.355160 0.903781
vn -0.238832 -0.355158 0.903782
vn -0.548341 -0.706082 -0.448074
vn -0.590421 -0.627479 -0.507616
vn -0.268970 -0.835454 -0.479240
vn -0.247562 -0.864989 -0.436472
vn 0.772265 -0.622929 0.124767
vn 0.783262 -0.610087 0.119561
vn 0.790646 0.299140 0.534223
vn 0.309740 0.795545 0.520739
vn 0.217262 0.825293 0.521237
vn -0.881052 0.471557 -0.037165
vn -0.860178 0.508268 -0.041927
vn -0.860178 0.508268 -0.041927
vn -0.878852 0.475603 -0.037688
vn -0.547546 -0.788746 0.279417
vn -0.492456 -0.837862 0.235529
vn -0.277954 -0.959695 0.041556
vn -0.338308 -0.935846 0.098693
vn 0.681773 -0.557858 -0.473264
vn 0.681608 -0.560511 -0.470360
vn 0.681608 -0.560511 -0.470360
vn 0.681789 -0.557599 -0.473548
vn 0.630598 0.710932 -0.311322
vn 0.548829 0.781319 -0.297198
vn 0.299841 0.947567 -0.110513
vn 0.354805 0.928919 -0.105941
vn -0.244671 0.895455 0.371883
vn -0.513670 0.101946 0.851910
vn -0.524612 0.566391 0.635597
vn -0.209738 0.811363 -0.545619
vn -0.136004 0.924286 -0.356649
vn 0.423074 0.901927 -0.086816
vn 0.542150 0.687072 -0.483742
vn 0.986026 0.153997 -0.063551
vn 0.909930 0.414259 0.020406
vn 0.594062 -0.507693 0.623970
vn 0.791456 -0.468499 0.392564
vn 0.214800 -0.636768 0.740532
vn -0.036041 -0.440241 0.897156
vn -0.368038 -0.340836 0.865089
vn -0.461145 -0.509166 0.726701
vn -0.958679 -0.048895 0.280258
vn -0.665982 -0.203142 0.717775
vn -0.942412 0.310639 -0.123948
vn -0.813834 0.464118 -0.349670
vn -0.976102 0.214421 0.035345
vn -0.970853 0.238808 -0.020375
vn -0.643745 -0.467745 -0.605646
vn -0.716039 -0.466949 -0.518890
vn 0.207002 -0.754374 -0.622953
vn 0.423885 -0.697825 -0.577375
vn 0.812726 -0.455300 -0.363563
vn 0.734730 -0.556323 -0.388171
vn 0.985513 -0.157913 -0.061868
vn 0.999531 0.029203 -0.009174
vn 0.729451 0.553541 0.401863
vn 0.713467 0.507041 0.483605
vn -0.192258 0.752835 0.629504
vn -0.050485 0.797700 0.600937
vn -0.693160 0.597368 0.403336
vn -0.714972 0.565903 0.410571
vn 0.098626 0.570911 -0.815067
vn 0.098626 0.570911 -0.815067
vn 0.530067 0.463318 -0.710187
vn 0.542164 0.458232 -0.704331
vn 0.957826 -0.027575 0.286024
vn 0.957826 -0.027575 0.286024
vn 0.957826 -0.027575 0.286024
vn 0.957826 -0.027575 0.286024
vn 0.216723 0.858006 0.465680
vn 0.216723 0.858006 0.465679
vn 0.143890 0.891025 0.430546
vn 0.143890 0.891025 0.430546
vn -0.559643 0.815378 -0.148182
vn -0.559643 0.815378 -0.148182
vn -0.559643 0.815378 -0.148182
vn -0.559643 0.815378 -0.148182
vn -0.895770 0.060639 -0.440363
vn -0.895770 0.060639 -0.440363
vn -0.670680 -0.145601 -0.727316
vn -0.662081 -0.151413 -0.733978
vn 0.469426 -0.308678 -0.827259
vn 0.469426 -0.308678 -0.827259
vn 0.469426 -0.308678 -0.827259
vn 0.469426 -0.308678 -0.827259
vn 0.224674 0.808708 -0.543611
vn 0.224674 0.808708 -0.543611
vn 0.164713 0.851925 -0.497084
vn 0.164713 0.851925 -0.497084
vn -0.554370 0.820374 0.140218
vn -0.554370 0.820374 0.140218
vn -0.554370 0.820374 0.140218
vn -0.554370 0.820374 0.140218
vn 0.319734 0.939675 0.121580
vn 0.319734 0.939675 0.121580
vn 0.324267 0.937332 0.127517
vn 0.324264 0.937333 0.127514
vn -0.572617 0.728086 -0.376830
vn -0.572617 0.728086 -0.376830
vn -0.572617 0.728086 -0.376830
vn -0.572617 0.728086 -0.376830
vn -0.309702 -0.939348 -0.147343
vn -0.301373 -0.937520 -0.173868
vn -0.301925 -0.937893 -0.170876
vn -0.309978 -0.939402 -0.146415
vn 0.841270 -0.342831 0.418010
vn 0.840807 -0.344868 0.417264
vn 0.840817 -0.344826 0.417279
vn 0.841270 -0.342831 0.418010
vn -0.061317 0.721188 -0.690021
vn -0.061317 0.721188 -0.690021
vn -0.056136 0.724417 -0.687073
vn -0.056130 0.724421 -0.687069
vn -0.697950 0.695026 0.172638
vn -0.697951 0.695026 0.172638
vn -0.697950 0.695026 0.172638
vn -0.697951 0.695026 0.172638
vn 0.056347 -0.728442 0.682786
vn 0.049879 -0.725345 0.686576
vn 0.053946 -0.722655 0.689101
vn 0.059220 -0.726567 0.684539
vn 0.689939 -0.465788 -0.554099
vn 0.686911 -0.471289 -0.553209
vn 0.686952 -0.471215 -0.553221
vn 0.689939 -0.465788 -0.554099
vn -0.086215 -0.019289 0.996090
vn 0.956299 0.247985 0.154904
vn 0.746913 -0.489955 0.449516
vn 0.649185 -0.444644 0.617130
vn 0.826250 -0.558846 -0.070719
vn 0.410357 -0.484088 -0.772830
vn 0.360529 -0.559602 -0.746234
vn 0.681213 -0.436670 -0.587596
vn 0.201831 -0.087022 -0.975547
vn -0.092391 -0.113948 -0.989181
vn -0.344871 0.668605 -0.658811
vn -0.572190 0.399974 -0.715975
vn -0.840116 0.541586 0.029815
vn -0.250977 0.967913 0.012467
vn 0.302770 0.658478 0.689012
vn -0.637152 0.381236 0.669848
vn 0.263281 -0.807997 -0.527091
vn 0.771738 -0.634149 -0.047703
vn 0.808534 -0.580052 -0.099056
vn 0.916607 0.011041 0.399637
vn 0.503986 0.569798 0.649098
vn -0.292552 0.847049 0.443759
vn -0.781952 0.622732 0.027506
vn -0.901518 0.066999 -0.427523
vn -0.447546 -0.582225 -0.678761
vn -0.205090 -0.626062 0.752320
vn -0.142224 -0.488390 0.860957
vn 0.539021 -0.312293 0.782259
vn 0.292284 -0.206727 0.933721
vn 0.700769 0.265634 0.662089
vn 0.970609 -0.033009 0.238386
vn 0.917801 0.140091 -0.371506
vn 0.736596 0.673730 -0.059284
vn 0.196616 0.735603 -0.648252
vn 0.520549 0.285621 -0.804643
vn -0.400809 0.334093 -0.853073
vn -0.422796 0.404445 -0.810967
vn -0.736961 -0.126953 -0.663906
vn -0.782385 0.086913 -0.616701
vn -0.887923 -0.362944 0.282602
vn -0.692824 -0.721087 0.005242
vn 0.222724 -0.933864 -0.279806
vn 0.167147 -0.854313 -0.492150
vn 0.786546 -0.594040 -0.168705
vn 0.746770 -0.662941 -0.053329
vn 0.973368 -0.126792 0.190995
vn 0.974580 0.007039 0.223929
vn 0.549327 0.659148 0.513579
vn 0.608490 0.664454 0.433866
vn -0.287557 0.832229 0.474032
vn -0.275092 0.858424 0.432935
vn -0.817290 0.567393 0.100513
vn -0.796911 0.531148 0.287777
vn -0.999860 0.016112 -0.004515
vn -0.934253 -0.061503 -0.351269
vn -0.524700 -0.634119 -0.567964
vn -0.617422 -0.700952 -0.357010
vn 0.112039 0.628295 0.769865
vn 0.112039 0.628295 0.769865
vn 0.112039 0.628295 0.769865
vn 0.112039 0.628295 0.769865
vn 0.941831 -0.016549 -0.335679
vn 0.941831 -0.016549 -0.335679
vn 0.815831 -0.161137 -0.555387
vn 0.308618 -0.902568 -0.300210
vn -0.273725 -0.915636 -0.294424
vn -0.186298 -0.982439 -0.010388
vn -0.357639 -0.784612 0.506437
vn -0.395980 0.894174 -0.208934
vn -0.625658 -0.014557 0.779962
vn -0.011365 0.501758 0.864933
vn 0.114710 0.395427 0.911306
vn 0.726237 0.512203 0.458507
vn 0.665728 0.601278 0.441894
vn 0.879599 0.359484 -0.311571
vn 0.955422 0.217108 -0.200083
vn 0.724148 -0.227739 -0.650956
vn 0.572843 0.011911 -0.819578
vn -0.086926 -0.463020 -0.882075
vn -0.012340 -0.711683 -0.702392
vn -0.533670 -0.789994 -0.301836
vn -0.645512 -0.638026 -0.419806
vn -0.925955 -0.329379 0.184705
vn -0.783349 -0.569178 0.249801
vn -0.460987 -0.002422 0.887404
vn -0.636150 0.209026 0.742712
vn -0.965509 -0.260135 -0.011083
vn -0.867521 0.093323 0.488568
vn -0.843900 0.132444 0.519895
vn -0.722423 -0.486863 -0.490989
vn -0.682096 -0.542029 -0.490865
vn -0.509143 -0.612689 -0.604471
vn -0.534807 -0.568234 -0.625374
vn -0.490645 -0.578895 -0.651267
vn -0.495301 -0.618894 -0.609629
vn -0.476458 -0.612304 -0.630929
vn -0.450635 -0.579872 -0.678732
vn -0.250526 -0.609119 -0.752470
vn -0.286101 -0.638122 -0.714805
vn 0.999849 -0.004852 0.016690
vn 0.999143 -0.014895 0.038619
vn 0.833140 -0.344597 -0.432586
vn 0.861187 -0.307846 -0.404460
vn 0.668514 0.266484 0.694316
vn 0.617382 0.305671 0.724848
vn 0.816776 0.222171 0.532463
vn 0.882600 0.199593 0.425653
vn 0.345524 0.364411 0.864764
vn 0.411996 0.402606 0.817415
vn 0.525966 0.364102 0.768628
vn 0.514270 0.292899 0.806063
vn -0.472796 0.380817 0.794633
vn -0.447313 0.362326 0.817699
vn 0.092911 0.441035 0.892668
vn -0.019565 0.445820 0.894909
vn 0.404266 0.436625 0.803697
vn 0.130346 0.460922 0.877816
vn -0.561446 0.385333 0.732323
vn 0.642120 0.446918 0.622853
vn 0.623785 0.283378 0.728415
vn 0.540370 0.378970 0.751254
vn 0.704797 0.703259 0.093206
vn 0.704797 0.703259 0.093206
vn 0.998942 -0.022480 -0.040119
vn 0.759769 0.240501 0.604078
vn 0.211866 0.942224 0.259474
vn 0.360353 0.862666 0.354898
vn 0.619223 0.731396 -0.285697
vn 0.101969 0.604545 -0.790017
vn -0.302637 0.195260 -0.932891
vn -0.753726 0.211969 -0.622066
vn -0.939342 0.313161 -0.139885
vn 0.316205 -0.463500 -0.827757
vn 0.322724 -0.585260 -0.743855
vn -0.298840 -0.881223 -0.366253
vn -0.293375 -0.829198 -0.475775
vn -0.358815 -0.790849 -0.495793
vn -0.657404 -0.516395 -0.548777
vn -0.657404 -0.516395 -0.548777
vn -0.368568 -0.922243 -0.116730
vn -0.466076 -0.641972 0.608806
vn -0.133065 -0.963928 -0.230514
vn -0.424707 -0.856409 -0.293579
vn 0.262545 -0.647938 -0.715015
vn 0.200861 -0.729916 -0.653359
vn -0.163194 -0.906070 -0.390392
vn -0.163194 -0.906070 -0.390391
vn -0.428137 -0.893295 -0.136835
vn -0.398925 -0.901323 -0.168751
vn -0.277686 -0.928130 -0.247922
vn -0.288718 -0.933880 -0.210973
vn -0.302425 -0.938243 -0.168044
vn 0.042856 -0.709772 0.703127
vn 0.049868 -0.713395 0.698986
vn 0.057984 -0.719975 0.691573
vn 0.679467 -0.544387 -0.491902
vn 0.679467 -0.544387 -0.491902
vn 0.679467 -0.544387 -0.491902
vn 0.679467 -0.544387 -0.491902
vn 0.796654 -0.383578 -0.467130
vn 0.866854 0.009079 -0.498480
vn -0.616710 0.703787 0.352637
vn -0.616710 0.703787 0.352637
vn -0.616709 0.703786 0.352640
vn -0.616710 0.703786 0.352639
vn -0.616709 0.703785 0.352641
vn -0.616709 0.703785 0.352641
vn -0.616712 0.703785 0.352638
vn -0.616712 0.703785 0.352638
vn -0.853508 0.502316 0.138575
vn -0.853508 0.502316 0.138575
vn -0.853508 0.502316 0.138575
vn -0.853508 0.502316 0.138575
vn -0.935333 0.092366 0.341497
vn -0.839275 0.409949 0.357156
vn -0.238832 -0.355157 0.903782
vn -0.238832 -0.355157 0.903783
vn -0.238832 -0.355158 0.903782
vn -0.238832 -0.355158 0.903782
vn -0.238832 -0.355158 0.903782
vn -0.238832 -0.355158 0.903782
vn -0.238832 -0.355157 0.903783
vn -0.238832 -0.355157 0.903782
vn 0.072077 -0.919122 -0.387323
vn 0.075860 -0.934223 -0.348529
vn 0.080524 -0.951224 -0.297807
vn -0.233478 -0.901570 -0.364224
vn -0.506302 -0.768271 -0.391686
vn 0.892982 -0.124284 0.432593
vn 0.929426 -0.079441 0.360355
vn 0.929426 -0.079441 0.360355
vn 0.830094 -0.549392 0.095458
vn 0.830095 -0.549392 0.095458
vn -0.090349 0.911544 0.401154
vn -0.182277 0.895609 0.405783
vn -0.253324 0.877627 0.406938
vn 0.168581 0.824565 0.540067
vn 0.595617 0.574272 0.561650
vn -0.963884 0.134936 -0.229609
vn -0.963884 0.134936 -0.229609
vn -0.970018 0.096637 -0.222995
vn -0.970596 0.092450 -0.222252
vn -0.975186 0.052712 -0.215018
vn -0.975186 0.052712 -0.215018
vn -0.900193 0.434286 -0.032373
vn -0.900193 0.434286 -0.032373
vn -0.088554 -0.989399 -0.115099
vn -0.112714 -0.990819 -0.074650
vn -0.137197 -0.989992 -0.033055
vn -0.382174 -0.912262 0.147381
vn -0.611529 -0.718175 0.332050
vn 0.830960 -0.179155 -0.526697
vn 0.830960 -0.179155 -0.526697
vn 0.826595 -0.208746 -0.522652
vn 0.827354 -0.203961 -0.523340
vn 0.822477 -0.232745 -0.519000
vn 0.822477 -0.232745 -0.519000
vn 0.681935 -0.555073 -0.476296
vn 0.681935 -0.555073 -0.476296
vn 0.035908 0.984158 0.173621
vn 0.431121 0.896692 -0.100392
vn 0.692632 0.646309 -0.320226
vn -0.733856 0.073334 0.675335
vn -0.745527 0.094775 0.659702
vn -0.776175 0.157280 0.610586
vn -0.776175 0.157280 0.610586
vn -0.589558 0.583328 0.558704
vn -0.589558 0.583328 0.558704
vn 0.986645 0.015842 -0.162112
vn 0.536460 0.549875 -0.640194
vn -0.266969 0.686114 -0.676738
vn 0.443004 -0.739217 0.507252
vn 0.856825 -0.436445 0.274530
vn -0.980080 0.141808 -0.139049
vn -0.570918 -0.684121 0.453905
vn -0.755197 0.491797 -0.433375
vn 0.150104 -0.779657 -0.607951
vn -0.744438 -0.480071 -0.464052
vn -0.970243 0.217104 0.107211
vn 0.954266 -0.293432 -0.057213
vn 0.680473 -0.617267 -0.394889
vn -0.267493 0.706657 0.655045
vn 0.672625 0.459802 0.579791
vn -0.701752 0.556689 0.444569
vn 0.872995 0.235894 -0.426888
vn 0.872995 0.235894 -0.426888
vn 0.816742 -0.111312 -0.566164
vn 0.816742 -0.111312 -0.566164
vn 0.467013 0.073721 -0.881172
vn 0.460464 0.076522 -0.884374
vn -0.001527 0.239713 -0.970843
vn -0.001527 0.239713 -0.970843
vn 0.816322 0.257198 0.517173
vn 0.816322 0.257198 0.517173
vn 0.816322 0.257198 0.517173
vn 0.816322 0.257198 0.517173
vn 0.840397 -0.346659 0.416606
vn 0.840397 -0.346659 0.416606
vn 0.922671 -0.329616 0.200076
vn 0.922672 -0.329616 0.200076
vn 0.922671 -0.329616 0.200076
vn 0.922672 -0.329616 0.200076
vn 0.069961 0.917246 0.392129
vn 0.069961 0.917246 0.392129
vn -0.577981 -0.456080 0.676705
vn -0.577981 -0.456080 0.676705
vn -0.540049 -0.472116 0.696745
vn -0.540050 -0.472116 0.696744
vn -0.500987 -0.487161 0.715322
vn -0.500987 -0.487161 0.715322
vn -0.591704 0.629958 -0.503031
vn -0.591704 0.629958 -0.503031
vn -0.591704 0.629957 -0.503031
vn -0.591704 0.629957 -0.503031
vn -0.695953 0.356459 -0.623367
vn -0.695953 0.356459 -0.623367
vn -0.695953 0.356459 -0.623367
vn -0.695953 0.356459 -0.623367
vn -0.839791 0.348115 -0.416613
vn -0.840543 0.345766 -0.417053
vn -0.840552 0.345739 -0.417058
vn -0.839791 0.348115 -0.416613
vn -0.290941 -0.341010 -0.893905
vn -0.290941 -0.341010 -0.893905
vn -0.311657 -0.672647 -0.671130
vn -0.311657 -0.672647 -0.671130
vn -0.718185 -0.508781 -0.474713
vn -0.726855 -0.502740 -0.467904
vn -0.958188 -0.229518 -0.170874
vn -0.958188 -0.229518 -0.170874
vn 0.589230 0.010766 -0.807894
vn 0.589230 0.010766 -0.807894
vn 0.589230 0.010766 -0.807894
vn 0.589230 0.010766 -0.807894
vn 0.684187 -0.476178 -0.552396
vn 0.684187 -0.476178 -0.552396
vn 0.514196 -0.576262 -0.635236
vn 0.514196 -0.576262 -0.635236
vn 0.514196 -0.576262 -0.635236
vn 0.514196 -0.576262 -0.635236
vn 0.103497 0.888644 -0.446766
vn 0.103496 0.888644 -0.446766
vn 0.621403 0.100611 0.777005
vn 0.621403 0.100611 0.777005
vn 0.653885 0.079719 0.752383
vn 0.653885 0.079719 0.752382
vn 0.684996 0.058661 0.726182
vn 0.684996 0.058661 0.726182
vn -0.798805 0.574676 0.177929
vn -0.798805 0.574676 0.177929
vn -0.798805 0.574676 0.177929
vn -0.798805 0.574676 0.177929
vn -0.827333 0.360830 0.430490
vn -0.827333 0.360830 0.430490
vn -0.827333 0.360830 0.430490
vn -0.827333 0.360830 0.430490
vn -0.686666 0.475317 0.550058
vn -0.688841 0.470376 0.551584
vn -0.688801 0.470467 0.551556
vn -0.686666 0.475317 0.550058
vn 0.328809 0.934915 0.133485
vn 0.328809 0.934915 0.133485
vn 0.190779 0.966298 0.172834
vn 0.190779 0.966298 0.172834
vn 0.273684 0.937800 0.213607
vn 0.273746 0.937775 0.213637
vn 0.353967 0.900570 0.252353
vn 0.353967 0.900570 0.252353
vn -0.841386 0.343111 -0.417547
vn -0.841386 0.343111 -0.417547
vn -0.929232 0.107549 -0.353497
vn -0.929232 0.107549 -0.353497
vn -0.929232 0.107549 -0.353497
vn -0.929232 0.107549 -0.353497
vn -0.538521 0.803559 -0.253553
vn -0.538521 0.803559 -0.253553
vn -0.538521 0.803558 -0.253553
vn -0.538521 0.803559 -0.253553
vn -0.310253 -0.939455 -0.145488
vn -0.255596 -0.965433 -0.051094
vn -0.255596 -0.965433 -0.051094
vn -0.334436 -0.938013 -0.091015
vn -0.334459 -0.938004 -0.091027
vn -0.410545 -0.902493 -0.130225
vn -0.410545 -0.902494 -0.130225
vn 0.922343 0.120594 0.367070
vn 0.922343 0.120594 0.367070
vn 0.922343 0.120594 0.367070
vn 0.922343 0.120594 0.367070
vn 0.862940 0.235553 0.447046
vn 0.862940 0.235553 0.447046
vn 0.862940 0.235553 0.447046
vn 0.862940 0.235553 0.447046
vn 0.695896 -0.550059 0.461697
vn 0.695896 -0.550059 0.461697
vn 0.695896 -0.550059 0.461697
vn 0.695896 -0.550059 0.461697
vn -0.050957 0.727610 -0.684096
vn -0.050957 0.727610 -0.684096
vn -0.083536 0.802360 -0.590966
vn -0.083536 0.802360 -0.590966
vn -0.015778 0.761094 -0.648449
vn -0.015777 0.761093 -0.648450
vn 0.052126 0.712527 -0.699706
vn 0.052126 0.712527 -0.699706
vn -0.691241 0.464850 0.553264
vn -0.691240 0.464850 0.553264
vn -0.583496 0.324249 0.744577
vn -0.583496 0.324249 0.744577
vn -0.583496 0.324249 0.744577
vn -0.583496 0.324249 0.744577
vn -0.604105 0.791891 0.089249
vn -0.604105 0.791891 0.089249
vn -0.604105 0.791891 0.089249
vn -0.604105 0.791891 0.089249
vn 0.062068 -0.724697 0.686267
vn 0.177461 -0.729912 0.660103
vn 0.177461 -0.729912 0.660103
vn 0.114053 -0.690917 0.713880
vn 0.113993 -0.690878 0.713928
vn 0.049607 -0.646041 0.761689
vn 0.049607 -0.646041 0.761689
vn 0.540495 -0.137186 -0.830087
vn 0.540496 -0.137186 -0.830087
vn 0.540495 -0.137186 -0.830087
vn 0.540496 -0.137186 -0.830087
vn 0.551531 0.027879 -0.833688
vn 0.551531 0.027879 -0.833688
vn 0.551531 0.027879 -0.833688
vn 0.551531 0.027879 -0.833688
vn 0.759064 -0.562185 -0.328283
vn 0.759064 -0.562185 -0.328283
vn 0.759064 -0.562185 -0.328283
vn 0.759064 -0.562185 -0.328283
vn 0.598688 0.236563 0.765252
vn 0.232340 -0.178169 0.956177
vn -0.212808 -0.554113 0.804780
vn 0.070545 0.740861 -0.667944
vn 0.697891 0.716202 0.001430
vn -0.770101 -0.082024 -0.632627
vn -0.431333 0.418889 -0.799052
vn -0.735185 -0.674861 0.063760
vn 0.958949 -0.182795 0.216802
vn 0.728845 -0.684676 0.001901
vn 0.259081 -0.938572 -0.227948
vn -0.266649 0.833733 0.483516
vn 0.630159 0.642993 0.435269
vn -0.998745 0.046327 0.019050
vn -0.786141 0.532907 0.313037
vn -0.611465 -0.701985 -0.365141
vn 0.919948 0.374081 0.117304
vn 0.919948 0.374081 0.117304
vn 0.919948 0.374081 0.117304
vn 0.919948 0.374081 0.117304
vn 0.983543 0.145267 -0.107430
vn 0.700957 0.538411 0.467732
vn 0.075664 0.310902 0.947425
vn 0.895254 -0.371350 -0.246209
vn -0.548726 0.218019 0.807073
vn -0.548726 0.218019 0.807073
vn -0.088756 -0.277164 0.956714
vn 0.335825 -0.597265 -0.728352
vn -0.710990 -0.702256 0.036456
vn -0.390848 -0.694952 0.603555
vn -0.390848 -0.694952 0.603555
vn -0.711244 -0.702044 0.035596
vn 0.183711 -0.316194 0.930737
vn 0.183711 -0.316194 0.930737
vn 0.183711 -0.316194 0.930737
vn 0.183711 -0.316194 0.930737
vn 0.362127 -0.152507 0.919568
vn 0.362127 -0.152507 0.919568
vn 0.362127 -0.152507 0.919568
vn 0.362127 -0.152507 0.919568
vn 0.789934 0.434479 0.432702
vn 0.757866 0.649422 -0.062367
vn 0.757856 0.649431 -0.062401
vn 0.789935 0.434479 0.432702
vn 0.593529 0.688115 -0.417398
vn 0.593529 0.688115 -0.417398
vn -0.251573 0.225253 -0.941261
vn -0.251573 0.225253 -0.941261
vn -0.251573 0.225253 -0.941261
vn -0.251573 0.225253 -0.941261
vn -0.272399 0.206093 -0.939853
vn -0.272399 0.206093 -0.939853
vn -0.272399 0.206093 -0.939853
vn -0.272399 0.206093 -0.939853
vn -0.756527 -0.509978 -0.409378
vn -0.756527 -0.509978 -0.409378
vn -0.616017 -0.645108 -0.452062
vn -0.138401 -0.896556 -0.420753
vn -0.138401 -0.896556 -0.420753
vn -0.616043 -0.645084 -0.452059
vn 0.666720 -0.735594 -0.119942
vn 0.666720 -0.735594 -0.119942
vn 0.666720 -0.735594 -0.119942
vn 0.666720 -0.735594 -0.119942
vn 0.817667 -0.575396 -0.018459
vn 0.817667 -0.575396 -0.018459
vn 0.817667 -0.575396 -0.018459
vn 0.817667 -0.575396 -0.018459
vn 0.957865 0.119506 0.261176
vn 0.634060 0.671251 0.383914
vn 0.633429 0.671814 0.383971
vn 0.957865 0.119506 0.261176
vn 0.206800 0.905732 0.369977
vn 0.206800 0.905732 0.369977
vn -0.730281 0.680988 0.054275
vn -0.730281 0.680988 0.054275
vn -0.730281 0.680988 0.054275
vn -0.730281 0.680988 0.054275
vn -0.748008 0.662333 0.042419
vn -0.748008 0.662333 0.042419
vn -0.748008 0.662333 0.042419
vn -0.748008 0.662333 0.042419
vn -0.855415 -0.339239 -0.391386
vn -0.855415 -0.339239 -0.391386
s 1
g pCube1
usemtl pCube1SG
f 101/1/1 1/2/2 98/3/3 97/4/4
f 99/5/5 2/6/6 103/7/7 102/8/8
f 104/9/9 3/10/10 107/11/11 106/12/12
s 3
f 114/13/13 5/14/14 111/15/15 110/16/16
f 112/17/17 6/18/18 116/19/19 115/20/20
f 117/21/21 7/22/22 120/23/23 119/24/24
f 126/25/25 9/26/26 113/27/27 123/28/28
f 124/29/29 10/30/30 118/31/31 127/32/32
f 128/33/33 11/34/34 122/35/35 130/36/36
f 136/424/37 13/38/38 125/39/39 133/474/40
f 141/401/41 85/42/42 138/43/43 137/473/44
f 145/413/45 15/477/46 132/47/47 142/472/48
f 149/49/49 17/50/50 135/51/51 146/52/52
f 147/53/53 18/54/54 151/470/55 150/56/56
f 152/57/57 19/58/58 144/59/59 154/60/60
f 160/61/61 21/62/62 148/63/63 157/64/64
f 158/65/65 22/66/66 153/67/67 161/68/68
f 162/69/69 23/70/70 156/71/71 164/72/72
f 171/73/73 90/74/74 168/75/75 167/76/76
f 169/77/77 91/78/78 173/79/79 172/80/80
f 174/81/81 92/82/82 177/83/83 176/84/84
s 10
f 184/85/85 49/86/86 181/87/87 180/88/88
s 1
f 187/464/89 30/90/90 175/91/91 185/469/92
s 12
f 192/93/93 53/94/94 189/95/95 188/96/96
s off
f 108/97/97 4/98/98 194/99/99 193/100/100
s 3
f 121/101/101 8/102/102 197/103/103 196/104/104
s 13
f 378/105/105 377/106/106 379/107/107 380/108/108
s off
f 171/73/109 29/109/110 204/110/111 203/111/112
s 3
f 160/61/61 25/112/113 207/113/114 206/114/115
s 14
f 386/501/116 387/116/117 388/117/118 389/118/119
s 15
f 216/119/120 29/109/121 170/120/122 213/121/123
s 1
f 214/122/124 30/90/90 187/464/89 217/123/125
f 218/124/126 2/6/6 98/3/127 220/125/128
s 17
f 221/126/129 1/2/130 204/462/131 223/127/132
s 18
f 228/128/133 31/129/134 179/130/135 225/131/136
s 19
f 226/132/137 32/133/138 194/460/139 229/134/140
s 1
f 230/135/141 4/98/142 107/11/143 232/136/144
f 233/137/145 3/10/10 186/458/146 235/139/147
s 21
f 240/140/148 33/141/149 215/142/150 237/143/151
f 238/144/152 34/145/153 219/454/154 241/147/155
f 242/148/156 35/149/157 222/150/158 244/151/159
f 245/152/160 36/153/161 224/447/162 247/155/163
s 22
f 252/156/164 37/157/165 227/158/166 249/159/167
f 250/160/168 38/161/169 231/441/170 253/163/171
f 254/164/172 39/165/173 234/166/174 256/167/175
f 257/168/176 40/169/177 236/434/178 259/171/179
s 23
f 263/524/180 41/479/181 239/174/182 261/528/183
s off
f 262/176/184 42/177/185 243/178/186 264/527/187
s 24
f 270/511/188 58/181/189 267/182/190 266/525/191
s off
f 272/516/192 44/448/193 248/186/194 271/523/195
s 25
f 275/518/196 45/478/197 251/190/198 273/522/199
s off
f 274/192/200 46/193/201 255/194/202 276/521/203
s 26
f 282/505/204 62/197/205 279/198/206 278/519/207
s off
f 284/510/208 48/435/209 260/202/210 283/517/211
s 27
f 287/204/212 43/450/213 246/206/214 285/207/215
s off
f 286/208/216 44/448/217 272/516/218 288/209/219
s 10
f 289/210/220 52/211/221 183/212/222 290/213/223
s 28
f 291/214/224 51/215/225 265/513/226 292/217/227
s 29
f 295/218/228 47/437/229 258/220/230 293/221/231
s off
f 294/222/232 48/435/233 284/510/234 296/223/235
s 12
f 297/224/236 56/225/237 191/226/238 298/227/239
s 30
f 299/228/240 55/229/241 277/507/242 300/231/243
s 3
f 304/232/244 12/233/245 198/430/246 301/235/247
f 302/236/248 24/237/249 155/238/250 305/239/251
f 306/240/252 20/241/253 143/428/254 308/243/255
f 309/244/256 16/245/257 131/246/258 311/247/259
f 316/248/260 21/62/62 208/426/261 313/250/262
f 314/251/263 9/26/26 126/25/25 317/252/264
f 318/253/265 13/38/38 136/424/37 320/254/266
f 321/255/267 17/50/50 149/49/49 323/256/268
f 327/257/269 66/258/270 303/422/271 325/260/272
f 326/261/273 65/262/274 307/263/275 328/264/276
f 329/265/277 67/266/278 310/420/279 330/268/280
f 331/269/281 68/270/282 312/271/283 332/272/284
f 335/273/285 69/274/286 315/418/287 333/276/288
f 334/277/289 70/278/290 319/279/291 336/280/292
f 337/281/293 71/282/294 322/416/295 338/284/296
f 339/285/297 72/286/298 324/287/299 340/288/300
s off
f 344/289/301 14/480/302 129/291/303 341/292/304
s 3
f 342/293/305 15/46/306 145/414/45 345/294/307
f 346/295/308 19/471/58 151/55/309 348/296/310
f 349/297/311 18/475/54 134/410/312 351/299/313
f 355/300/314 81/301/315 343/302/316 353/303/317
f 354/304/318 82/305/319 347/406/320 356/307/321
f 357/308/322 83/309/323 350/310/324 358/311/325
f 359/312/326 84/313/327 352/403/328 360/315/329
f 363/316/330 90/74/74 205/400/331 361/318/332
f 363/316/330 25/112/113 159/319/333 364/320/334
f 365/321/335 26/322/336 163/323/337 366/324/338
f 367/325/339 27/326/340 166/327/341 368/328/342
f 371/329/343 94/330/344 195/397/345 370/332/346
f 373/333/347 95/334/348 109/335/349 372/336/350
f 375/337/351 96/338/352 105/339/353 374/340/354
f 362/341/355 89/342/356 100/343/357 376/344/358
s 1
f 98/3/3 2/6/6 99/5/5 97/4/4
s 3
f 99/5/359 96/338/352 100/343/357 97/4/360
f 100/343/357 89/342/356 101/1/361 97/4/360
s 1
f 103/7/7 3/10/10 104/9/9 102/8/362
s 3
f 104/9/363 95/334/348 105/339/353 102/8/364
f 105/339/353 96/338/352 99/5/359 102/8/364
s 1
f 107/11/11 4/98/365 108/97/366 106/12/12
s 3
f 108/97/367 94/330/344 109/335/349 106/12/368
f 109/335/349 95/334/348 104/9/363 106/12/368
f 111/15/15 6/18/18 112/17/17 110/16/16
f 112/17/17 10/30/30 113/27/27 110/16/16
f 113/27/27 9/26/26 114/13/13 110/16/16
f 116/19/19 7/22/22 117/21/21 115/20/20
f 117/21/21 11/34/34 118/31/31 115/20/20
f 118/31/31 10/30/30 112/17/17 115/20/20
f 120/23/23 8/102/102 121/101/101 119/24/24
f 121/101/101 12/233/245 122/35/35 119/24/24
f 122/35/35 11/34/34 117/21/21 119/24/24
f 113/27/27 10/30/30 124/29/29 123/28/28
f 124/29/29 14/290/369 125/39/39 123/28/28
f 125/39/39 13/38/38 126/25/25 123/28/28
f 118/31/31 11/34/34 128/33/33 127/32/32
f 128/33/33 15/477/46 129/476/370 127/32/32
f 129/476/370 14/290/369 124/29/29 127/32/32
f 122/35/35 12/233/245 131/246/258 130/36/36
f 131/246/258 16/245/257 132/47/47 130/36/36
f 132/47/47 15/477/46 128/33/33 130/36/36
f 125/39/39 14/290/369 134/408/312 133/474/40
f 134/409/312 18/54/54 135/51/51 133/40/40
f 135/51/51 17/50/50 136/37/37 133/40/40
f 138/43/43 86/345/371 139/346/372 137/473/44
f 139/404/372 87/347/373 140/348/374 137/44/44
f 140/348/374 88/349/375 141/41/41 137/44/44
f 132/47/47 16/245/257 143/242/254 142/472/48
f 143/428/254 20/241/253 144/59/59 142/48/48
f 144/59/59 19/58/58 145/412/45 142/48/48
f 135/51/51 18/54/54 147/53/53 146/52/52
f 147/53/53 22/66/66 148/63/63 146/52/52
f 148/63/63 21/62/62 149/49/49 146/52/52
f 151/470/55 19/58/58 152/57/57 150/56/56
f 152/57/57 23/70/70 153/67/67 150/56/56
f 153/67/67 22/66/66 147/53/53 150/56/56
f 144/59/59 20/241/253 155/238/250 154/60/60
f 155/238/250 24/237/249 156/71/71 154/60/60
f 156/71/71 23/70/70 152/57/57 154/60/60
f 148/63/63 22/66/66 158/65/65 157/64/64
f 158/65/65 26/322/336 159/319/333 157/64/64
f 159/319/333 25/112/113 160/61/61 157/64/64
f 153/67/67 23/70/70 162/69/69 161/68/68
f 162/69/69 27/326/340 163/323/337 161/68/68
f 163/323/337 26/322/336 158/65/65 161/68/68
f 156/71/71 24/237/249 165/350/376 164/72/72
f 165/350/376 28/351/377 166/327/341 164/72/72
f 166/327/341 27/326/340 162/69/69 164/72/72
f 168/75/75 91/78/78 169/77/77 167/76/76
s 1
f 169/77/378 30/90/90 170/120/379 167/76/380
f 170/120/379 29/109/381 171/73/382 167/76/380
s 3
f 173/79/79 92/82/82 174/81/81 172/80/80
s 1
f 174/81/383 31/129/384 175/91/91 172/80/385
f 175/91/91 30/90/90 169/77/378 172/80/386
s 3
f 177/83/83 93/352/387 178/353/388 176/84/84
s 1
f 178/353/389 32/133/390 179/130/391 176/84/392
f 179/130/391 31/129/384 174/81/383 176/84/392
s 10
f 181/87/87 50/354/393 182/355/394 180/88/88
f 182/355/394 51/215/395 183/212/222 180/88/88
f 183/212/222 52/211/221 184/85/85 180/88/88
s 1
f 175/91/91 31/129/384 186/138/146 185/469/92
f 186/458/146 3/10/10 103/7/7 185/92/92
f 103/7/7 2/6/6 187/89/89 185/92/92
s 12
f 189/95/95 54/356/396 190/357/397 188/96/96
f 190/357/397 55/229/398 191/226/238 188/96/96
f 191/226/238 56/225/237 192/93/93 188/96/96
s off
f 194/460/399 32/133/400 178/353/401 193/468/402
s 3
f 178/353/388 93/352/387 195/331/345 193/468/403
f 195/397/345 94/330/344 108/97/367 193/100/403
f 197/395/103 28/351/377 165/350/376 196/467/104
f 165/350/376 24/237/249 198/234/404 196/467/104
f 198/430/404 12/233/245 121/101/101 196/104/104
s 41
f 379/107/405 381/358/406 382/503/407 380/108/408
f 382/359/407 383/360/409 384/361/410 380/108/408
s 13
f 384/361/411 385/362/412 378/105/105 380/108/108
s off
f 204/462/413 1/2/414 101/1/415 203/466/416
s 3
f 101/1/361 89/342/356 205/317/331 203/466/417
f 205/400/331 90/74/74 171/73/73 203/111/417
f 207/398/114 5/14/14 114/13/13 206/465/115
f 114/13/13 9/26/26 208/249/418 206/465/115
f 208/426/418 21/62/62 160/61/61 206/114/115
s 42
f 388/117/419 390/363/420 391/364/421 389/118/422
f 391/364/421 392/365/423 393/366/424 389/118/422
s 14
f 393/366/425 394/367/426 386/115/116 389/118/119
s 15
f 170/120/122 30/90/427 214/122/428 213/121/123
f 214/122/428 34/145/429 215/142/430 213/121/123
f 215/142/430 33/141/431 216/119/120 213/121/123
s 1
f 187/89/89 2/6/6 218/124/126 217/463/432
f 218/124/126 35/149/433 219/146/434 217/463/432
f 219/454/435 34/145/436 214/122/124 217/123/125
f 98/3/127 1/2/437 221/126/438 220/125/128
f 221/126/438 36/153/439 222/150/440 220/125/128
f 222/150/440 35/149/441 218/124/126 220/125/128
s 43
f 204/110/442 29/109/443 216/119/444 223/461/445
f 216/119/444 33/141/446 224/154/447 223/461/445
s 17
f 224/447/448 36/153/449 221/126/129 223/127/132
s 18
f 179/130/135 32/133/450 226/132/451 225/131/136
f 226/132/451 38/161/452 227/158/453 225/131/136
f 227/158/453 37/157/454 228/128/133 225/131/136
s 44
f 194/99/455 4/98/456 230/135/457 229/459/458
f 230/135/457 39/165/459 231/162/460 229/459/458
s 19
f 231/441/461 38/161/462 226/132/137 229/134/140
s 1
f 107/11/143 3/10/10 233/137/145 232/136/144
f 233/137/145 40/169/463 234/166/464 232/136/144
f 234/166/464 39/165/465 230/135/141 232/136/144
f 186/138/146 31/129/384 228/128/466 235/457/467
f 228/128/466 37/157/468 236/170/469 235/457/467
f 236/434/470 40/169/471 233/137/145 235/139/147
s 21
f 215/142/150 34/145/153 238/144/152 237/143/151
f 238/144/152 42/456/472 239/455/473 237/143/151
f 239/455/473 41/173/474 240/140/148 237/143/151
f 219/146/154 35/149/157 242/148/156 241/453/155
f 242/148/156 43/205/475 243/451/476 241/453/155
f 243/452/476 42/456/472 238/144/152 241/147/155
f 222/150/158 36/153/161 245/152/160 244/151/159
f 245/152/160 44/185/477 246/449/478 244/151/159
f 246/449/478 43/205/475 242/148/156 244/151/159
f 224/154/162 33/141/149 240/140/148 247/446/163
f 240/140/148 41/173/474 248/444/479 247/446/163
f 248/445/479 44/185/477 245/152/160 247/155/163
s 22
f 227/158/166 38/161/169 250/160/168 249/159/167
f 250/160/168 46/443/480 251/442/481 249/159/167
f 251/442/481 45/189/482 252/156/164 249/159/167
f 231/162/170 39/165/173 254/164/172 253/440/171
f 254/164/172 47/219/483 255/438/484 253/440/171
f 255/439/484 46/443/480 250/160/168 253/163/171
f 234/166/174 40/169/177 257/168/176 256/167/175
f 257/168/176 48/201/485 258/436/486 256/167/175
f 258/436/486 47/219/483 254/164/172 256/167/175
f 236/170/178 37/157/165 252/156/164 259/433/179
f 252/156/164 45/189/482 260/431/487 259/433/179
f 260/432/487 48/201/485 257/168/176 259/171/179
s 23
f 239/174/182 42/177/488 262/176/489 261/528/183
s 45
f 262/526/490 50/354/491 181/87/492 261/175/493
f 181/87/492 49/86/494 263/172/495 261/175/493
s off
f 243/178/496 43/450/497 265/216/498 264/527/499
s 28
f 265/513/226 51/215/225 182/355/500 264/179/501
s off
f 182/355/502 50/354/503 262/526/504 264/179/505
s 24
f 267/182/190 57/368/506 268/369/507 266/525/191
s 46
f 268/514/508 59/370/509 269/371/510 266/183/511
f 269/371/510 60/372/512 270/180/513 266/183/511
s off
f 248/186/514 41/479/515 263/524/516 271/523/517
f 263/172/518 49/86/519 184/85/520 271/187/521
s 47
f 184/85/522 52/211/523 272/184/524 271/187/525
s 25
f 251/190/198 46/193/526 274/192/527 273/522/199
s 48
f 274/520/528 54/356/529 189/95/530 273/191/531
f 189/95/530 53/94/532 275/188/533 273/191/531
s off
f 255/194/534 47/437/535 277/230/536 276/521/537
s 30
f 277/507/242 55/229/241 190/357/538 276/195/539
s off
f 190/357/540 54/356/541 274/520/542 276/195/543
s 26
f 279/198/206 61/373/544 280/374/545 278/519/207
s 49
f 280/508/546 63/375/547 281/376/548 278/199/549
f 281/376/548 64/377/550 282/196/551 278/199/549
s off
f 260/202/552 45/478/553 275/518/554 283/517/555
f 275/188/556 53/94/557 192/93/558 283/203/559
s 50
f 192/93/560 56/225/561 284/200/562 283/203/563
s 27
f 246/206/214 44/448/564 286/208/565 285/207/215
s 51
f 286/208/566 57/368/567 267/182/568 285/207/569
f 267/182/568 58/181/570 287/204/571 285/207/569
s 47
f 272/184/524 52/211/523 289/210/572 288/515/573
s off
f 289/210/574 59/370/575 268/514/576 288/515/577
f 268/369/578 57/368/579 286/208/580 288/209/581
s 10
f 183/212/222 51/215/395 291/214/582 290/213/223
s 52
f 291/214/583 60/372/584 269/371/585 290/213/586
f 269/371/585 59/370/587 289/210/588 290/213/586
s off
f 265/216/589 43/450/590 287/204/591 292/512/592
f 287/204/593 58/181/594 270/511/595 292/512/596
f 270/180/597 60/372/598 291/214/599 292/217/600
s 29
f 258/220/230 48/435/601 294/222/602 293/221/231
s 53
f 294/222/603 61/373/604 279/198/605 293/221/606
f 279/198/605 62/197/607 295/218/608 293/221/606
s 50
f 284/200/562 56/225/561 297/224/609 296/509/610
s off
f 297/224/611 63/375/612 280/508/613 296/509/614
f 280/374/615 61/373/616 294/222/617 296/223/618
s 12
f 191/226/238 55/229/398 299/228/619 298/227/239
s 54
f 299/228/620 64/377/621 281/376/622 298/227/623
f 281/376/622 63/375/624 297/224/625 298/227/623
s off
f 277/230/626 47/437/627 295/218/628 300/506/629
f 295/218/630 62/197/631 282/505/632 300/506/633
f 282/196/634 64/377/635 299/228/636 300/231/637
s 3
f 198/234/246 24/237/249 302/236/248 301/429/247
f 302/236/248 65/262/274 303/259/271 301/429/247
f 303/422/271 66/258/270 304/232/244 301/235/247
f 155/238/250 20/241/253 306/240/252 305/239/251
f 306/240/252 67/266/278 307/263/275 305/239/251
f 307/263/275 65/262/274 302/236/248 305/239/251
f 143/242/254 16/245/257 309/244/256 308/427/255
f 309/244/256 68/270/282 310/267/279 308/427/255
f 310/420/279 67/266/278 306/240/252 308/243/255
f 131/246/258 12/233/245 304/232/244 311/247/259
f 304/232/244 66/258/270 312/271/283 311/247/259
f 312/271/283 68/270/282 309/244/256 311/247/259
f 208/249/261 9/26/26 314/251/263 313/425/262
f 314/251/263 70/278/290 315/275/287 313/425/262
f 315/418/287 69/274/286 316/248/260 313/250/262
f 126/25/25 13/38/38 318/253/265 317/252/264
f 318/253/265 71/282/294 319/279/291 317/252/264
f 319/279/291 70/278/290 314/251/263 317/252/264
f 136/37/37 17/50/50 321/255/267 320/423/266
f 321/255/267 72/286/298 322/283/295 320/423/266
f 322/416/295 71/282/294 318/253/265 320/254/266
f 149/49/49 21/62/62 316/248/260 323/256/268
f 316/248/260 69/274/286 324/287/299 323/256/268
f 324/287/299 72/286/298 321/255/267 323/256/268
f 303/259/271 65/262/274 326/261/273 325/421/272
f 326/261/273 73/497/638 199/498/639 325/421/272
f 199/499/639 74/500/640 327/257/269 325/260/272
f 307/263/275 67/266/278 329/265/277 328/264/276
f 329/265/277 75/495/641 200/496/642 328/264/276
f 200/496/642 73/497/638 326/261/273 328/264/276
f 310/267/279 68/270/282 331/269/281 330/419/280
f 331/269/281 76/492/643 201/493/644 330/419/280
f 201/494/644 75/495/641 329/265/277 330/268/280
f 312/271/283 66/258/270 327/257/269 332/272/284
f 327/257/269 74/500/640 202/491/645 332/272/284
f 202/491/645 76/492/643 331/269/281 332/272/284
f 315/275/287 70/278/290 334/277/289 333/417/288
f 334/277/289 78/490/646 209/488/647 333/417/288
f 209/489/647 77/482/648 335/273/285 333/276/288
f 319/279/291 71/282/294 337/281/293 336/280/292
f 337/281/293 79/487/649 210/486/650 336/280/292
f 210/486/650 78/490/646 334/277/289 336/280/292
f 322/283/295 72/286/298 339/285/297 338/415/296
f 339/285/297 80/485/651 211/483/652 338/415/296
f 211/484/652 79/487/649 337/281/293 338/284/296
f 324/287/299 69/274/286 335/273/285 340/288/300
f 335/273/285 77/482/648 212/481/653 340/288/300
f 212/481/653 80/485/651 339/285/297 340/288/300
s off
f 129/291/654 15/46/655 342/293/656 341/292/657
s 3
f 342/293/658 82/305/319 343/302/316 341/292/659
f 343/302/316 81/301/315 344/289/660 341/292/659
f 145/45/45 19/471/58 346/295/308 345/411/307
f 346/295/308 83/309/323 347/306/320 345/411/661
f 347/406/320 82/305/319 342/293/658 345/294/661
f 151/55/309 18/475/54 349/297/311 348/296/310
f 349/297/311 84/313/327 350/310/324 348/296/310
f 350/310/324 83/309/323 346/295/308 348/296/310
f 134/298/312 14/480/662 344/289/663 351/407/313
f 344/289/660 81/301/315 352/314/328 351/407/664
f 352/403/328 84/313/327 349/297/311 351/299/664
f 343/302/316 82/305/319 354/304/318 353/303/317
f 354/304/318 86/345/371 138/43/43 353/303/317
f 138/43/43 85/42/42 355/300/314 353/303/317
f 347/306/320 83/309/323 357/308/322 356/405/321
f 357/308/322 87/347/373 139/404/372 356/405/321
f 139/346/372 86/345/371 354/304/318 356/307/321
f 350/310/324 84/313/327 359/312/326 358/311/325
f 359/312/326 88/349/375 140/348/374 358/311/325
f 140/348/374 87/347/373 357/308/322 358/311/325
f 352/314/328 81/301/315 355/300/314 360/402/329
f 355/300/314 85/42/42 141/401/41 360/402/329
f 141/41/41 88/349/375 359/312/326 360/315/329
f 205/317/331 89/342/356 362/341/355 361/399/332
f 362/341/355 5/14/14 207/398/114 361/399/332
f 207/113/114 25/112/113 363/316/330 361/318/332
f 159/319/333 26/322/336 365/321/335 364/320/334
f 365/321/335 91/78/78 168/75/75 364/320/334
f 168/75/75 90/74/74 363/316/330 364/320/334
f 163/323/337 27/326/340 367/325/339 366/324/338
f 367/325/339 92/82/82 173/79/79 366/324/338
f 173/79/79 91/78/78 365/321/335 366/324/338
f 166/327/341 28/351/377 369/394/665 368/328/342
f 369/394/665 93/352/387 177/83/83 368/328/342
f 177/83/83 92/82/82 367/325/339 368/328/342
f 195/331/345 93/352/387 369/394/665 370/396/346
f 369/394/665 28/351/377 197/395/103 370/396/346
f 197/103/103 8/102/102 371/329/343 370/332/346
f 109/335/349 94/330/344 371/329/343 372/336/350
f 371/329/343 8/102/102 120/23/23 372/336/350
f 120/23/23 7/22/22 373/333/347 372/336/350
f 105/339/353 95/334/348 373/333/347 374/340/354
f 373/333/347 7/22/22 116/19/19 374/340/354
f 116/19/19 6/18/18 375/337/351 374/340/354
f 100/343/357 96/338/352 375/337/351 376/344/358
f 375/337/351 6/18/18 111/15/15 376/344/358
f 111/15/15 5/14/14 362/341/355 376/344/358
s 55
f 202/385/666 74/380/667 377/106/668 378/105/669
s off
f 74/380/670 199/379/671 379/107/672 377/106/673
f 199/379/674 73/378/675 381/358/676 379/107/677
s 56
f 73/378/678 200/504/679 382/503/680 381/358/681
f 200/382/679 75/381/682 383/360/683 382/359/680
s off
f 75/381/684 201/384/685 384/361/686 383/360/687
f 201/384/688 76/383/689 385/362/690 384/361/691
s 55
f 76/383/692 202/385/666 378/105/669 385/362/693
s 57
f 212/393/694 77/388/695 387/116/696 386/501/697
s off
f 77/388/698 209/387/699 388/117/700 387/116/701
f 209/387/702 78/386/703 390/363/704 388/117/705
s 58
f 78/386/706 210/390/707 391/364/708 390/363/709
f 210/390/707 79/389/710 392/365/711 391/364/708
s off
f 79/389/712 211/392/713 393/366/714 392/365/715
f 211/392/716 80/391/717 394/367/718 393/366/719
s 57
f 80/391/720 212/502/694 386/115/697 394/367/721
