# This file uses centimeters as units for non-parametric coordinates.

mtllib fall_frame.34.mtl
g default
v -19.498343 27.440866 -44.879692
v -7.435986 23.330767 -41.565052
v 4.186337 19.853371 -45.574780
v 13.323443 10.736158 -51.746231
v -33.046818 24.794722 -61.233433
v -20.512896 31.438204 -66.813744
v -4.445163 26.757027 -73.971008
v 3.542419 14.176135 -77.439514
v -46.075558 21.875666 -87.606117
v -30.700729 28.903873 -86.503654
v -17.635124 26.640011 -93.962776
v -13.351903 17.764996 -101.162971
v -53.526077 24.052393 -93.837975
v -39.629417 24.745268 -104.622017
v -29.757658 23.184147 -110.201653
v -13.452695 19.721710 -111.430809
v -54.160122 12.770099 -94.462364
v -43.808998 13.548104 -104.846092
v -30.643908 11.284637 -112.228363
v -14.791057 8.634457 -111.335533
v -46.624378 13.774261 -88.792694
v -36.141209 5.946685 -89.064674
v -23.075237 3.680995 -96.524094
v -15.022174 9.885034 -101.390099
v -36.060608 12.378708 -59.738331
v -25.392384 5.093029 -64.511971
v -12.006053 1.294900 -70.466934
v 0.466610 1.462554 -75.935493
v -25.363560 19.890965 -37.007488
v -12.580599 17.908443 -32.322353
v 0.583532 12.097050 -36.903690
v 6.968678 1.902169 -45.564335
v -21.423489 51.370968 -23.273788
v -15.052683 48.672878 -20.012320
v -9.219327 54.323315 -26.579178
v -15.691719 56.990788 -29.592804
v 26.188650 12.922915 -19.300802
v 29.421227 6.313316 -21.845566
v 37.177994 13.043498 -29.392738
v 33.917362 19.619064 -26.825827
v -36.503784 31.608803 -14.139076
v -30.072704 28.658083 -12.051428
v -31.643154 32.027695 -2.304780
v -38.063782 34.950851 -4.434725
v 42.499641 10.723036 7.541417
v 44.254391 3.497289 7.280083
v 54.297901 6.287280 4.182088
v 52.343735 13.507231 3.790631
v -39.073380 27.357454 -14.524706
v -31.353716 23.870331 -12.018019
v -32.874165 26.779428 1.947740
v -43.189674 31.391739 -1.436924
v 42.731380 11.871983 12.412136
v 45.018234 3.227878 12.723471
v 58.961861 5.737638 9.068264
v 55.808441 17.035601 8.155402
v -43.580639 38.020714 13.037452
v -35.433151 34.441662 15.704048
v -45.102367 34.831184 13.405997
v -36.954880 31.252132 16.072594
v 69.525818 18.935253 0.182264
v 72.056084 10.039150 1.053423
v 70.281303 19.485817 3.610195
v 72.811577 10.589712 4.481354
v 8.577285 6.708392 -97.680214
v 8.897709 17.598040 -99.260513
v 10.288197 4.914025 -107.940521
v 11.201915 16.059868 -109.646317
v -43.999237 14.252482 -68.111145
v -48.160782 19.578045 -75.311920
v -56.253628 23.269871 -70.202049
v -53.351059 15.111430 -65.760857
v 34.860817 9.069928 -90.127968
v 34.676270 18.795254 -91.067307
v 35.918385 8.741924 -93.732727
v 35.733723 18.467419 -94.671844
v -27.517046 37.241161 -70.743706
v -31.957987 40.092060 -78.968781
v -34.439812 42.078491 -76.940254
v -29.998871 39.227592 -68.715187
v -48.250858 25.029203 -116.475052
v -34.061832 23.653694 -123.004181
v -30.150740 8.434719 -118.280655
v -49.676384 10.443771 -108.980675
v -56.414192 15.645934 -134.282654
v -42.857052 14.126066 -140.179962
v -42.910557 -3.042396 -135.003342
v -55.834332 -1.593534 -129.381561
v -22.972761 25.125826 -45.768147
v -27.126617 14.344795 -42.059772
v -16.606356 7.806836 -44.015083
v -5.687980 4.592284 -49.505707
v 5.605477 1.937869 -54.583157
v 9.888397 13.534182 -57.804283
v 0.980892 22.073734 -54.003212
v -11.839413 26.052259 -48.772121
v -15.073768 25.355659 -45.528980
v -13.772950 26.601526 -44.002838
v -9.363760 24.358194 -45.353081
v -17.718710 26.285522 -47.247921
v -20.775221 25.253361 -45.312130
v -3.687465 23.363438 -47.360287
v -1.002659 23.193346 -43.347805
v 2.701155 21.272268 -50.321136
v -5.664345 24.421453 -51.212341
v 8.099284 17.080416 -53.183937
v 10.650337 15.994754 -50.338951
v 11.195983 11.919014 -54.610893
v 6.560186 18.305470 -56.496262
v -33.434330 26.739494 -73.206436
v -28.013617 28.887312 -63.466660
v -26.352470 29.324560 -75.829155
v -39.329861 26.399982 -83.915039
v -39.188255 23.018118 -71.525887
v -17.570871 27.709234 -79.113342
v -12.277255 29.922873 -70.477913
v -9.988589 25.664402 -84.418190
v -24.452644 26.571423 -90.398102
v -5.743368 20.437559 -87.367065
v 0.902009 20.440546 -76.321091
v -3.394778 15.238110 -89.034332
v -13.007346 22.055374 -97.799225
v -42.914471 27.336882 -93.605736
v -36.315079 28.180210 -98.050362
v -47.391891 26.273703 -100.591248
v -50.603889 24.751917 -90.302139
v -30.235802 27.154877 -100.684380
v -24.862036 26.200453 -104.577789
v -36.288372 25.496435 -110.329361
v -18.712399 23.646114 -106.081978
v -12.264843 20.606863 -106.048149
v -21.524046 22.572132 -113.507591
v -49.554543 20.334454 -102.897255
v -42.825966 19.336977 -106.869263
v -50.946381 13.302228 -101.650375
v -54.490318 18.409273 -94.561531
v -51.692471 10.504263 -140.830475
v -49.670341 15.257977 -137.406998
v -42.661747 6.855024 -140.630249
v -49.474461 -4.356991 -131.901459
v -59.084534 8.712057 -133.494659
v -23.058073 16.630285 -116.033966
v -14.167121 14.162489 -112.196121
v -22.457697 9.531994 -115.305237
v -31.283487 17.637238 -113.295212
v -46.935665 10.155596 -95.835861
v -41.638401 9.098337 -99.766006
v -43.023579 8.284499 -86.208855
v -50.360535 11.388939 -91.642715
v -35.140369 7.975467 -103.472870
v -37.953949 11.313588 -109.960358
v -28.567768 6.844157 -107.208199
v -29.606079 4.803867 -92.760521
v -21.468187 6.528433 -108.103233
v -14.338614 7.494149 -105.606583
v -16.969725 4.146291 -99.807709
v -37.380733 6.940006 -73.936279
v -30.471115 4.260558 -77.214325
v -31.985975 7.843577 -61.502541
v -41.845692 11.235822 -71.726212
v -23.865786 2.771624 -80.708427
v -17.289669 1.438963 -84.046791
v -18.689587 3.096580 -67.586311
v -10.952463 1.088118 -87.422356
v -6.035843 3.353204 -89.306129
v -5.157789 0.002575 -73.443634
v -21.844284 12.353116 -38.157585
v -23.036621 10.308419 -42.327164
v -15.238278 9.556162 -39.107857
v -21.301893 15.977037 -34.527740
v -25.899422 16.298784 -39.203442
v -9.402849 8.156857 -41.343433
v -10.946564 6.111725 -46.803020
v -4.144984 6.150467 -44.490364
v -7.780887 10.853370 -36.275963
v 1.039401 2.994766 -47.115356
v 0.151612 2.045197 -51.920643
v 5.905995 1.851332 -49.847866
v 2.500158 4.164207 -42.526276
v -36.294464 27.191967 -7.740376
v -34.812515 24.922087 -15.588750
v -31.155403 24.886648 -6.013308
v -38.037308 29.070187 0.252221
v -41.455124 29.559719 -9.375412
v 0.200008 23.056372 -40.483978
v 11.849947 16.911592 -34.401394
v -10.719188 30.276405 -29.985708
v 49.501740 9.165001 10.782770
v 41.740124 6.928744 13.270737
v 51.060078 3.486128 11.047188
v 57.381882 11.391145 8.621878
v 48.015308 14.786864 10.488253
v 9.407385 5.860033 -52.589012
v 10.772778 5.196754 -48.950893
v 8.881653 6.775009 -56.669369
v -2.945101 8.633058 -89.167030
v 3.708059 6.965973 -77.418877
v -12.605634 14.167737 -99.505753
v 34.549252 14.134606 -89.871979
v 35.308796 7.987507 -91.501854
v 35.842525 13.733498 -94.280159
v 35.083050 19.880480 -92.650429
v -24.892361 21.134684 -42.229115
v -23.935482 24.115776 -41.168556
v -26.627420 19.930166 -43.558739
v -42.534630 17.058907 -70.133247
v -36.554588 18.819881 -59.612499
v -46.416740 17.960529 -88.141808
v -29.290552 38.299114 -75.385796
v -33.523399 41.256847 -79.174606
v -32.325520 40.728283 -72.905159
v -28.092672 37.770546 -69.116356
v -20.988684 32.523727 -26.628935
v -16.090048 32.846401 -25.938152
v -18.610317 49.397301 -21.084064
v -24.076300 36.251404 -29.810066
v -11.216780 34.959885 -29.784817
v -9.496270 38.676727 -35.051155
v -10.743920 51.262142 -22.736467
v -12.156525 40.289402 -38.895676
v -17.408295 41.941830 -39.105389
v -11.063447 56.684525 -29.587311
v -21.865105 39.450947 -35.081379
v -19.341198 54.882580 -26.837122
v 13.576945 6.676283 -31.133738
v 17.677475 3.815645 -33.349190
v 27.063286 9.168038 -19.862804
v 13.416503 11.563704 -30.146343
v 21.845053 6.481850 -37.684612
v 25.119232 11.122467 -41.035931
v 33.943996 8.971012 -26.164991
v 23.307201 16.241055 -41.186092
v 20.884304 18.858904 -37.857540
v 36.885509 17.724293 -29.449778
v 16.301073 16.604359 -33.523823
v 29.758320 17.613817 -22.849802
v -24.858320 38.370708 -22.701408
v -21.120447 38.115810 -19.991570
v -33.083538 29.348057 -14.968755
v -27.966787 41.961334 -22.475597
v -19.530018 41.522388 -14.422480
v -20.212259 46.292255 -10.075948
v -29.618582 29.963722 -7.176724
v -23.617596 49.228676 -9.553903
v -26.958332 50.145290 -12.764093
v -35.573742 34.083351 -0.450673
v -28.610386 46.662704 -17.892494
v -38.129448 34.002907 -10.031621
v 33.531719 8.501987 -5.050125
v 35.733582 4.987833 -7.306449
v 41.628742 6.593150 8.112925
v 34.295204 13.027318 -5.463655
v 41.464268 5.496119 -10.697367
v 46.670612 8.364553 -13.738147
v 49.204285 3.703144 5.537133
v 47.837563 12.890773 -13.474210
v 45.248688 16.369341 -11.961578
v 56.107460 10.606810 3.290329
v 39.620708 15.968414 -8.357087
v 46.848118 13.140248 5.659275
v -33.716736 27.191751 -15.897824
v -30.232727 26.190142 -12.330643
v -37.938438 29.699791 -14.843712
v -29.944248 27.350504 -6.368443
v -31.654596 29.282604 1.610489
v -40.086536 36.438286 16.419741
v -39.090229 37.104519 14.269838
v -45.259537 38.710697 14.726666
v -41.445290 32.168327 14.840207
v -34.913540 34.165878 18.112814
v -40.217678 32.057705 -9.749584
v -41.965523 33.895634 -1.781913
v 41.088463 6.569481 10.732532
v 44.327751 2.868138 10.061101
v 42.090107 11.514057 9.912574
v 50.352757 3.114515 8.278555
v 58.317539 5.339206 6.377153
v 72.840431 15.045015 0.361475
v 70.584091 14.336452 -0.320767
v 71.233910 20.693331 -0.191641
v 71.753304 15.188515 4.984384
v 74.446945 9.396704 0.914591
v 47.369434 14.412477 7.900285
v 55.165810 16.634720 5.458595
v -37.399086 35.488422 6.942649
v -41.982735 37.477551 5.453685
v -32.831188 33.475548 8.440211
v -43.733753 35.334694 5.536145
v -44.937340 32.814381 5.829828
v -39.756844 30.558123 7.522898
v -34.586941 28.279402 9.216276
v -33.379417 30.804714 8.919640
v 63.368984 12.471201 1.555785
v 61.950100 17.462391 1.069980
v 64.791985 7.479712 2.053190
v 62.337696 18.532978 3.594484
v 62.940598 18.964380 6.303535
v 64.543785 13.316579 6.848467
v 66.148300 7.671043 7.407775
v 65.547974 7.237286 4.696255
v -1.098501 13.908394 -99.312271
v -1.710415 9.184731 -99.549835
v 8.437223 12.358024 -96.955315
v -0.339520 18.009773 -101.659210
v -1.619248 7.251273 -103.289238
v -1.196062 7.153974 -108.217163
v 9.352027 4.729147 -102.184807
v -0.502268 11.492086 -109.915085
v 0.142361 16.081951 -110.278725
v 10.950350 10.318279 -109.616631
v 0.037315 18.099852 -105.861801
v 10.038192 18.148899 -104.201851
v -45.555408 18.714781 -78.803940
v -47.761845 22.971056 -78.847763
v -44.735725 16.667351 -72.048904
v -46.073322 14.086587 -78.937157
v -52.064392 23.444597 -79.114502
v -56.537537 21.904675 -79.665314
v -52.198170 22.193794 -73.506630
v -56.475048 17.301649 -79.877823
v -54.954868 12.801915 -79.650078
v -55.396885 19.487942 -67.359024
v -49.990486 12.475726 -79.204903
v -47.837788 14.030615 -66.347069
v 16.543421 13.025479 -93.284950
v 17.122238 7.729702 -94.469795
v 16.933437 17.854105 -95.431236
v 18.276657 6.243485 -98.442810
v 19.739990 6.753983 -103.857285
v 19.832827 11.896424 -104.759247
v 19.644604 16.963259 -104.797234
v 18.095230 18.663115 -99.612915
v -39.011078 22.582775 -74.798271
v -42.396740 25.007929 -78.144516
v -38.013855 21.697964 -69.330040
v -45.771809 27.546412 -76.767570
v -48.992355 29.928722 -72.662193
v -47.334797 28.169594 -67.994751
v -45.098686 25.729013 -63.984367
v -40.662769 23.050245 -66.025482
v -37.466270 30.011341 -113.277672
v -32.522144 21.509232 -115.680054
v -41.245056 27.142830 -120.528885
v -43.529266 22.827112 -109.872261
v -30.512251 17.653416 -116.315849
v -33.101528 12.752486 -114.589157
v -29.639883 15.815754 -121.830421
v -38.840401 9.989097 -111.497940
v -44.066441 14.089211 -108.778931
v -39.903812 8.599280 -113.450241
v -45.936939 19.502810 -108.239578
v -51.476395 17.957121 -111.668648
v -46.711460 21.324360 -132.113205
v -37.322098 16.930319 -136.572723
v -56.955917 19.131432 -128.032104
v -35.337181 7.939991 -133.622177
v -35.803078 0.575104 -128.613693
v -45.277664 -0.230271 -123.317108
v -55.254555 2.755776 -120.152390
v -57.815647 10.460012 -123.844154
v -31.789255 20.204889 -51.195724
v -28.315449 26.132641 -52.983742
v -31.665775 13.827787 -50.905655
v -27.566648 9.335557 -52.516659
v -21.014986 6.703290 -55.003143
v -15.083220 4.540676 -57.954967
v -8.792399 2.557036 -59.925896
v -2.121119 0.701083 -62.761890
v 3.659446 1.642280 -65.104240
v 6.870572 7.058049 -66.742554
v 7.081837 14.205382 -67.215012
v 3.760813 19.636740 -66.776535
v -0.794724 23.541531 -64.395523
v -9.369020 26.550762 -62.166183
v -17.190102 29.124376 -57.806511
v -23.366018 28.838408 -55.851967
v 48.004406 19.913212 -87.023811
v 48.463211 21.084492 -88.800781
v 47.969967 14.827068 -86.079536
v 48.600327 14.631568 -88.228111
v 48.204651 9.366982 -86.005440
v 48.708084 8.187739 -87.555435
v 49.394882 8.997830 -90.062401
v 49.313404 14.410402 -90.658691
v 49.194637 19.544062 -91.080765
v -19.492884 48.775105 -69.430656
v -18.827257 48.167885 -71.229202
v -20.992561 49.508923 -76.065132
v -22.437410 50.665367 -74.884186
v -23.642969 51.259373 -80.148384
v -25.381927 52.555618 -80.337723
v -26.436144 53.494999 -77.865387
v -24.145252 52.032303 -73.488281
v -21.620415 50.403507 -68.946205
vt 0.208431 0.494797
vt 0.208575 0.478116
vt 0.229443 0.475893
vt 0.229271 0.493426
vt 0.252729 0.492198
vt 0.256170 0.471571
vt 0.275357 0.475888
vt 0.275429 0.493819
vt 0.298111 0.492176
vt 0.294163 0.471736
vt 0.321331 0.475953
vt 0.321541 0.493432
vt 0.198757 0.641525
vt 0.200055 0.589825
vt 0.221664 0.590600
vt 0.219751 0.640956
vt 0.244967 0.639373
vt 0.247968 0.591507
vt 0.275466 0.591669
vt 0.275481 0.635804
vt 0.305994 0.639365
vt 0.302966 0.591494
vt 0.329276 0.590573
vt 0.331197 0.640955
vt 0.199789 0.728809
vt 0.197393 0.704590
vt 0.219517 0.692482
vt 0.227784 0.730211
vt 0.252859 0.733034
vt 0.249003 0.687406
vt 0.275511 0.688085
vt 0.275516 0.730408
vt 0.298175 0.733010
vt 0.302021 0.687396
vt 0.331536 0.692451
vt 0.323246 0.730162
vt 0.805511 0.686057
vt 0.204711 0.752714
vt 0.229559 0.760254
vt 0.782889 0.696424
vt 0.784986 0.875584
vt 0.254181 0.941082
vt 0.275435 0.940431
vt 0.742298 0.896742
vt 0.699334 0.736241
vt 0.297037 0.807427
vt 0.321459 0.760204
vt 0.696358 0.696343
vt 0.808954 0.641287
vt 0.805193 0.664541
vt 0.784300 0.671779
vt 0.785729 0.644267
vt 0.763331 0.647822
vt 0.762442 0.673765
vt 0.742276 0.741120
vt 0.739609 0.647377
vt 0.715889 0.647774
vt 0.716786 0.673709
vt 0.694936 0.671695
vt 0.693494 0.644181
vt 0.806875 0.557726
vt 0.810121 0.617205
vt 0.790367 0.607046
vt 0.787575 0.557696
vt 0.763367 0.556090
vt 0.764746 0.603486
vt 0.739627 0.603152
vt 0.739688 0.556093
vt 0.716014 0.556064
vt 0.714496 0.603455
vt 0.688836 0.606971
vt 0.691820 0.557642
vt 0.803405 0.420481
vt 0.802841 0.435733
vt 0.782960 0.432290
vt 0.783371 0.416064
vt 0.759505 0.410786
vt 0.759570 0.428509
vt 0.739756 0.426992
vt 0.739743 0.409699
vt 0.720007 0.410786
vt 0.719946 0.428500
vt 0.696571 0.432245
vt 0.696182 0.416016
vt 0.819305 0.093413
vt 0.797386 0.086157
vt 0.790779 0.072322
vt 0.822344 0.073237
vt 0.265809 0.416173
vt 0.762697 0.377789
vt 0.739788 0.389948
vt 0.275377 0.462947
vt 0.364323 0.097210
vt 0.342669 0.089884
vt 0.336664 0.075169
vt 0.367299 0.076188
vt 0.342559 0.494848
vt 0.342402 0.478170
vt 0.366070 0.480227
vt 0.366198 0.495669
vt 0.352247 0.641476
vt 0.350872 0.589816
vt 0.374237 0.588973
vt 0.374011 0.638442
vt 0.936729 0.462892
vt 0.940585 0.464321
vt 0.946953 0.476690
vt 0.936605 0.482861
vt 0.804780 0.405462
vt 0.824266 0.410023
vt 0.823186 0.423812
vt 0.805355 0.509178
vt 0.825584 0.509339
vt 0.825621 0.554997
vt 0.118742 0.522844
vt 0.058006 0.517789
vt 0.074507 0.510871
vt 0.084702 0.516921
vt 0.822269 0.350445
vt 0.784755 0.399833
vt 0.805305 0.347137
vt 0.793942 0.336256
vt 0.777469 0.322538
vt 0.236211 0.409364
vt 0.220899 0.415267
vt 0.203041 0.415110
vt 0.182178 0.419746
vt 0.685950 0.336155
vt 0.717407 0.377787
vt 0.694840 0.399772
vt 0.674409 0.347030
vt 0.657366 0.350391
vt 0.674734 0.405426
vt 0.637625 0.358046
vt 0.347747 0.415166
vt 0.329799 0.415381
vt 0.314324 0.409429
vt 0.706215 0.336018
vt 0.292514 0.404556
vt 0.870618 0.237836
vt 0.844433 0.293934
vt 0.832214 0.287148
vt 0.858351 0.228645
vt 0.844944 0.223065
vt 0.821107 0.280742
vt 0.243727 0.342391
vt 0.826584 0.212775
vt 0.214622 0.282882
vt 0.224361 0.346790
vt 0.210147 0.349538
vt 0.199596 0.284960
vt 0.184434 0.288656
vt 0.194986 0.352422
vt 0.864110 0.304875
vt 0.163133 0.290367
vt 0.634803 0.222910
vt 0.658751 0.280554
vt 0.647480 0.287052
vt 0.621343 0.228556
vt 0.609012 0.237734
vt 0.635143 0.293889
vt 0.375465 0.356065
vt 0.590820 0.249121
vt 0.366326 0.288752
vt 0.355651 0.352469
vt 0.340563 0.349608
vt 0.351134 0.285011
vt 0.336042 0.282967
vt 0.326383 0.346874
vt 0.678330 0.268182
vt 0.315081 0.275917
vt 0.789900 0.091626
vt 0.894734 0.181072
vt 0.223763 0.023658
vt 0.779683 0.072008
vt 0.205625 0.023651
vt 0.212375 0.030485
vt 0.208733 0.046428
vt 0.818124 0.043214
vt 0.919973 0.054113
vt 0.218394 0.124576
vt 0.231547 0.124829
vt 0.925982 0.076298
vt 0.853028 0.105343
vt 0.173602 0.224408
vt 0.245023 0.044913
vt 0.815784 0.102925
vt 0.335499 0.095534
vt 0.609223 0.166963
vt 0.147562 0.023794
vt 0.325939 0.074804
vt 0.129108 0.019171
vt 0.133886 0.026698
vt 0.125138 0.040618
vt 0.363323 0.044920
vt 0.461211 0.056389
vt 0.114656 0.083148
vt 0.128082 0.110700
vt 0.466974 0.079440
vt 0.396801 0.109583
vt 0.345740 0.218419
vt 0.158805 0.046562
vt 0.361009 0.107136
vt 0.212264 0.093809
vt 0.204982 0.218327
vt 0.226791 0.056935
vt 0.229179 0.093286
vt 0.246067 0.092223
vt 0.255137 0.092099
vt 0.884191 0.095549
vt 0.853655 0.095653
vt 0.854753 0.074189
vt 0.884265 0.075061
vt 0.885799 0.054616
vt 0.855335 0.052709
vt 0.203340 0.068369
vt 0.888472 0.044995
vt 0.116537 0.064410
vt 0.377147 0.224500
vt 0.136900 0.057215
vt 0.135301 0.068971
vt 0.159593 0.072808
vt 0.169578 0.075371
vt 0.426769 0.099419
vt 0.397393 0.099512
vt 0.398467 0.077209
vt 0.426850 0.078134
vt 0.428347 0.056895
vt 0.399054 0.054890
vt 0.111199 0.052142
vt 0.430928 0.046902
vt 0.398347 0.732496
vt 0.353774 0.704759
vt 0.655189 0.607952
vt 0.404645 0.715309
vt 0.625247 0.642548
vt 0.669008 0.617360
vt 0.670290 0.641156
vt 0.629866 0.657272
vt 0.633967 0.675274
vt 0.674058 0.664432
vt 0.345812 0.774768
vt 0.637449 0.692485
vt 0.387906 0.765553
vt 0.346295 0.752641
vt 0.351218 0.728717
vt 0.392980 0.747350
vt 0.854032 0.642643
vt 0.181252 0.694641
vt 0.859345 0.625630
vt 0.152631 0.732602
vt 0.157999 0.747449
vt 0.163074 0.765647
vt 0.167481 0.783084
vt 0.845329 0.675366
vt 0.849419 0.657366
vt 0.462802 0.754848
vt 0.433121 0.744888
vt 0.586158 0.633072
vt 0.469035 0.736153
vt 0.562716 0.661102
vt 0.591598 0.653084
vt 0.596668 0.669873
vt 0.567525 0.676181
vt 0.573571 0.695803
vt 0.602326 0.689166
vt 0.414557 0.801264
vt 0.575415 0.714705
vt 0.450039 0.789809
vt 0.420413 0.781867
vt 0.427222 0.762131
vt 0.457315 0.770152
vt 0.916571 0.661069
vt 0.887682 0.653104
vt 0.112049 0.724515
vt 0.922852 0.642462
vt 0.088177 0.754903
vt 0.117860 0.744959
vt 0.123753 0.762207
vt 0.093657 0.770210
vt 0.100926 0.789871
vt 0.130556 0.781946
vt 0.872833 0.708772
vt 0.104321 0.808576
vt 0.905760 0.695791
vt 0.876995 0.689207
vt 0.882631 0.669903
vt 0.911782 0.676158
vt 0.245118 0.820265
vt 0.256063 0.761423
vt 0.275458 0.816348
vt 0.275456 0.817082
vt 0.305796 0.819611
vt 0.322444 0.827635
vt 0.716707 0.746651
vt 0.742277 0.751635
vt 0.767846 0.746640
vt 0.232576 0.815700
vt 0.789238 0.746868
vt 0.242805 0.909093
vt 0.242913 0.847487
vt 0.275453 0.850080
vt 0.275444 0.899369
vt 0.308078 0.909112
vt 0.307992 0.847504
vt 0.685718 0.768892
vt 0.335635 0.923345
vt 0.710517 0.826756
vt 0.709025 0.772272
vt 0.742280 0.767854
vt 0.742288 0.823907
vt 0.774059 0.826743
vt 0.775535 0.772258
vt 0.216918 0.852154
vt 0.800161 0.835727
vt 0.803587 0.472219
vt 0.184266 0.511368
vt 0.823748 0.473030
vt 0.786007 0.508646
vt 0.783967 0.470951
vt 0.760849 0.468488
vt 0.762764 0.507838
vt 0.739729 0.507585
vt 0.739749 0.469813
vt 0.718652 0.468468
vt 0.716699 0.507812
vt 0.693463 0.508589
vt 0.695538 0.470900
vt 0.347089 0.550471
vt 0.343449 0.511536
vt 0.656251 0.437958
vt 0.370672 0.549455
vt 0.305626 0.550928
vt 0.300328 0.509969
vt 0.323635 0.511057
vt 0.326613 0.553291
vt 0.245263 0.550946
vt 0.250519 0.509979
vt 0.275426 0.509223
vt 0.275447 0.553833
vt 0.203857 0.550446
vt 0.207534 0.511493
vt 0.227207 0.511082
vt 0.224277 0.553331
vt 0.296688 0.941095
vt 0.317831 0.963343
vt 0.722395 0.859395
vt 0.742293 0.859091
vt 0.762190 0.859387
vt 0.672412 0.557619
vt 0.673996 0.509116
vt 0.676597 0.435714
vt 0.676064 0.420456
vt 0.798456 0.058765
vt 0.820876 0.052919
vt 0.343747 0.061021
vt 0.365907 0.055032
vt 0.963235 0.483911
vt 0.902883 0.489040
vt 0.909072 0.482168
vt 0.925033 0.475729
vt 0.931354 0.463643
vt 0.080884 0.498420
vt 0.084741 0.496992
vt 0.090126 0.497750
vt 0.096539 0.509638
vt 0.112499 0.516024
vt 0.245369 0.109349
vt 0.249130 0.116712
vt 0.914174 0.091435
vt 0.914507 0.075957
vt 0.915392 0.060496
vt 0.143488 0.116794
vt 0.145270 0.126440
vt 0.455609 0.095160
vt 0.455938 0.079081
vt 0.456800 0.063019
vt 0.982240 0.434188
vt 0.963585 0.427947
vt 0.946509 0.423110
vt 0.890921 0.433118
vt 0.882130 0.436526
vt 0.926679 0.423006
vt 0.909612 0.427375
vt 0.937930 0.422313
vt 0.075163 0.457134
vt 0.058225 0.461798
vt 0.039557 0.467684
vt 0.094859 0.456979
vt 0.083682 0.456346
vt 0.130564 0.466891
vt 0.111877 0.461251
vt 0.033116 0.470128
vt 0.675805 0.472192
vt 0.653419 0.509254
vt 0.655248 0.472962
vt 0.367019 0.511392
vt 0.176921 0.588998
vt 0.180547 0.549455
vt 0.822760 0.437993
vt 0.233028 0.963316
vt 0.215241 0.923308
vt 0.798841 0.768868
vt 0.699605 0.875602
vt 0.684417 0.835751
vt 0.333987 0.852188
vt 0.228471 0.827609
vt 0.254212 0.785439
vt 0.759269 0.697501
vt 0.785216 0.736222
vt 0.695315 0.746888
vt 0.719972 0.697428
vt 0.296799 0.785396
vt 0.318344 0.815723
vt 0.903939 0.714697
vt 0.136407 0.801345
vt 0.081951 0.736203
vt 0.893090 0.633076
vt 0.446638 0.808511
vt 0.606509 0.708725
vt 0.556410 0.642507
vt 0.438944 0.724452
vt 0.841861 0.692578
vt 0.205190 0.774839
vt 0.146366 0.715395
vt 0.823906 0.608060
vt 0.383498 0.782992
vt 0.673752 0.685953
vt 0.619881 0.625562
vt 0.369876 0.694574
vt 0.624476 0.158216
vt 0.327082 0.211968
vt 0.653476 0.212425
vt 0.306569 0.342322
vt 0.153133 0.050558
vt 0.361352 0.222428
vt 0.125968 0.045756
vt 0.396618 0.225899
vt 0.569871 0.190223
vt 0.388031 0.290471
vt 0.615162 0.304972
vt 0.596954 0.173816
vt 0.584932 0.180968
vt 0.909456 0.190131
vt 0.154402 0.225852
vt 0.888489 0.249012
vt 0.175675 0.355943
vt 0.241882 0.047343
vt 0.189385 0.222364
vt 0.213528 0.046751
vt 0.223402 0.212053
vt 0.855547 0.158550
vt 0.235225 0.276013
vt 0.801766 0.268578
vt 0.882733 0.173912
vt 0.870470 0.167071
vt 0.702590 0.322102
vt 0.284431 0.416033
vt 0.369025 0.419829
vt 0.654789 0.409992
vt 0.841623 0.358035
vt 0.185243 0.480200
vt 0.257695 0.404697
vt 0.773758 0.336466
vt 0.177136 0.638471
vt 0.185108 0.495641
vt 0.653403 0.554919
vt 0.655840 0.423782
vt 0.740026 0.329135
vt 0.739609 0.679991
vt 0.717946 0.727940
vt 0.321543 0.784229
vt 0.275425 0.981496
vt 0.229466 0.784279
vt 0.766602 0.727930
vt 0.275513 0.766895
vt 0.294962 0.761394
vt 0.158494 0.031032
vt 0.235614 0.029385
vt 0.253884 0.807420
vt 0.968218 0.693073
vt 0.970279 0.686813
vt 0.964692 0.720144
vt 0.041234 0.817480
vt 0.965692 0.701614
vt 0.035620 0.790589
vt 0.038855 0.799577
vt 0.026837 0.766821
vt 0.976742 0.669618
vt 0.033170 0.783659
vt 0.515345 0.790561
vt 0.512107 0.799546
vt 0.509721 0.817448
vt 0.514670 0.720260
vt 0.513647 0.701731
vt 0.511110 0.693195
vt 0.509040 0.686939
vt 0.502555 0.669755
vt 0.524137 0.766797
vt 0.517798 0.783632
vt 0.052820 0.522857
vt 0.139366 0.470253
vt 0.968347 0.489050
vt 0.988625 0.436785
vt 0.108883 0.091107
vt 0.106409 0.062482
vt 0.399209 0.044805
vt 0.459518 0.102060
vt 0.428604 0.109556
vt 0.167704 0.057128
vt 0.215342 0.132259
vt 0.203222 0.094543
vt 0.855471 0.043005
vt 0.918242 0.098075
vt 0.886101 0.105305
vt 0.255511 0.067846
vt 0.169019 0.047690
vt 0.166893 0.025823
vt 0.125973 0.120002
vt 0.337008 0.054912
vt 0.115292 0.038211
vt 0.149847 0.015689
vt 0.254586 0.043904
vt 0.241676 0.021944
vt 0.231922 0.132778
vt 0.791425 0.052872
vt 0.199112 0.046316
vt 0.223332 0.014444
vn 0.080316 0.447722 -0.890558
vn 0.080316 0.447722 -0.890558
vn 0.317201 0.830155 -0.458504
vn 0.217387 0.685630 -0.694734
vn 0.238679 0.968166 -0.075409
vn 0.514257 0.752300 -0.411807
vn 0.302685 0.932781 -0.195710
vn 0.118194 0.989596 0.082030
vn 0.487709 0.872645 -0.025122
vn 0.370593 0.917042 -0.147288
vn 0.667154 0.716272 -0.204596
vn 0.623579 0.771339 -0.127221
vn -0.720505 0.639131 0.269044
vn -0.660016 0.700531 0.271358
vn -0.376017 0.918496 0.122379
vn -0.428616 0.895623 0.118943
vn -0.099411 0.991418 -0.084894
vn 0.005889 0.999979 -0.002578
vn 0.244932 0.967876 -0.056789
vn 0.126020 0.972435 -0.196188
vn 0.386390 0.880181 -0.275652
vn 0.475436 0.866467 -0.152300
vn 0.741441 0.594752 -0.310702
vn 0.688828 0.591051 -0.419731
vn -0.235858 0.959853 0.151836
vn -0.392213 0.848555 0.355137
vn -0.383228 0.904797 0.185687
vn -0.230853 0.969782 0.078934
vn -0.050546 0.992740 -0.109148
vn -0.020364 0.999468 -0.025486
vn 0.133344 0.986492 -0.095150
vn 0.079234 0.984400 -0.157096
vn 0.172927 0.955669 -0.238312
vn 0.285406 0.943359 -0.169165
vn 0.639214 0.683130 -0.353185
vn 0.384835 0.884651 -0.263238
vn -0.955411 0.055594 -0.289998
vn -0.774682 0.600391 -0.198490
vn -0.426262 0.795103 -0.431407
vn -0.657658 0.212526 -0.722716
vn -0.889317 -0.211874 -0.405247
vn -0.702522 0.531112 -0.473690
vn -0.257161 0.610222 -0.749332
vn -0.411270 -0.189270 -0.891647
vn 0.040157 0.173336 -0.984044
vn 0.000355 0.839090 -0.543993
vn 0.139581 0.682432 -0.717498
vn -0.002618 0.112711 -0.993624
vn -0.234879 -0.969694 0.067269
vn -0.824470 -0.525254 -0.210613
vn -0.661503 -0.452408 -0.598114
vn -0.364676 -0.921490 -0.133671
vn -0.326143 -0.916721 -0.230766
vn -0.520565 -0.673540 -0.524743
vn -0.370793 -0.835803 -0.404902
vn -0.301113 -0.920621 -0.248574
vn -0.215194 -0.924766 -0.313847
vn -0.238776 -0.689068 -0.684230
vn 0.003922 -0.536830 -0.843681
vn -0.000921 -0.946167 -0.323679
vn -0.844760 -0.436590 0.309465
vn -0.526722 -0.801888 0.282027
vn -0.533308 -0.841288 0.088416
vn -0.491352 -0.851619 0.182534
vn -0.258606 -0.962986 0.076032
vn -0.278410 -0.958780 -0.056827
vn -0.235488 -0.966416 -0.102885
vn -0.207177 -0.978036 0.022860
vn -0.154636 -0.987356 -0.034856
vn -0.160096 -0.974967 -0.154299
vn 0.188486 -0.919781 -0.344205
vn 0.118775 -0.965277 -0.232666
vn -0.811354 -0.233488 0.535900
vn -0.793405 -0.375310 0.479219
vn -0.426576 -0.838603 0.338790
vn -0.414618 -0.767315 0.489202
vn -0.182321 -0.896664 0.403426
vn -0.230779 -0.934153 0.272211
vn -0.177222 -0.949652 0.258369
vn -0.100139 -0.927560 0.360007
vn -0.198901 -0.920217 0.337105
vn -0.223319 -0.941253 0.253321
vn -0.136818 -0.976151 0.168553
vn -0.241044 -0.939948 0.241652
vn -0.446663 -0.884967 0.131626
vn -0.455869 -0.874544 0.165395
vn -0.451076 -0.876855 0.166298
vn -0.444100 -0.885600 0.135968
vn 0.754141 -0.055307 0.654379
vn 0.465065 -0.286500 0.837635
vn 0.226434 -0.393957 0.890801
vn 0.443202 0.577940 0.685243
vn 0.253140 0.125030 0.959316
vn 0.276372 0.117065 0.953894
vn 0.272520 0.113329 0.955452
vn 0.247744 0.120449 0.961309
vn 0.708820 -0.479907 -0.516976
vn 0.708820 -0.479907 -0.516976
vn 0.708820 -0.479907 -0.516976
vn 0.708820 -0.479907 -0.516976
vn 0.811725 0.224319 -0.539243
vn 0.889125 0.221466 -0.400512
vn 0.878171 -0.259973 -0.401535
vn 0.788980 -0.200351 -0.580835
vn 0.959683 0.045014 0.277457
vn 0.959682 0.045014 0.277459
vn 0.959682 0.045014 0.277459
vn 0.959683 0.045014 0.277457
vn -0.971218 0.236114 -0.031404
vn -0.971218 0.236114 -0.031404
vn -0.971218 0.236114 -0.031404
vn -0.971218 0.236114 -0.031404
vn -0.776082 -0.447042 0.444804
vn -0.865359 0.250692 0.433945
vn -0.922165 0.151113 0.356057
vn 0.600287 0.798380 -0.047384
vn 0.600287 0.798380 -0.047386
vn 0.600287 0.798380 -0.047386
vn 0.600287 0.798380 -0.047384
vn -0.742957 -0.185220 0.643202
vn -0.749401 -0.245626 0.614871
vn -0.422661 -0.367691 0.828349
vn -0.467958 -0.317368 0.824799
vn 0.616150 -0.258893 0.743864
vn 0.621768 -0.266373 0.736512
vn 0.977179 0.103203 -0.185661
vn 0.445139 0.323140 -0.835124
vn 0.475592 0.361442 -0.801980
vn -0.721756 0.385613 -0.574780
vn -0.733604 0.336923 -0.590177
vn -0.733604 0.336923 -0.590177
vn -0.724133 0.376544 -0.577794
vn -0.562187 -0.350313 0.749151
vn -0.513304 -0.457521 0.726081
vn -0.403622 -0.701131 0.587797
vn -0.451100 -0.620405 0.641566
vn 0.388207 -0.894682 -0.220997
vn 0.406251 -0.876757 -0.257404
vn 0.406251 -0.876757 -0.257404
vn 0.387685 -0.895163 -0.219960
vn 0.631844 0.221784 -0.742688
vn 0.586998 0.342570 -0.733538
vn 0.403963 0.719954 -0.564341
vn 0.478720 0.618587 -0.623039
vn 0.062845 0.991840 -0.110920
vn -0.158175 0.745426 0.647550
vn -0.158066 0.946533 0.281231
vn -0.543414 0.049005 -0.838033
vn -0.301239 0.075541 -0.950552
vn 0.339637 -0.146127 -0.929136
vn 0.094383 -0.466396 -0.879526
vn 0.671138 -0.636642 -0.379816
vn 0.683054 -0.496232 -0.535902
vn 0.831509 -0.153843 0.533783
vn 0.829927 -0.443330 0.338644
vn 0.664704 0.162408 0.729241
vn 0.483741 0.643689 0.593009
vn 0.207138 0.854166 0.476964
vn 0.074977 0.709896 0.700305
vn -0.508920 0.825042 0.245575
vn -0.068460 0.943186 0.325137
vn -0.698347 0.696875 -0.163332
vn -0.813695 0.503890 -0.289820
vn -0.636309 0.628214 0.447726
vn -0.686473 0.590880 0.423811
vn -0.839492 -0.396868 0.371145
vn -0.846574 -0.300566 0.439287
vn -0.277686 -0.960235 0.028965
vn -0.152919 -0.985684 -0.071017
vn 0.286199 -0.892539 -0.348517
vn 0.231201 -0.937918 -0.258565
vn 0.631467 -0.629900 -0.452190
vn 0.694417 -0.461033 -0.552480
vn 0.790987 0.440653 -0.424459
vn 0.862693 0.281027 -0.420459
vn 0.296366 0.955024 0.009865
vn 0.244977 0.969300 0.021050
vn -0.246077 0.929707 0.274029
vn -0.203639 0.940783 0.271032
vn 0.003007 0.371562 -0.928403
vn 0.003007 0.371562 -0.928403
vn 0.390866 0.236300 -0.889599
vn 0.400221 0.232178 -0.886520
vn 0.993977 -0.099740 -0.045416
vn 0.993977 -0.099740 -0.045416
vn 0.993977 -0.099740 -0.045416
vn 0.993976 -0.099740 -0.045416
vn 0.413235 0.882256 0.225524
vn 0.413235 0.882256 0.225524
vn 0.338001 0.919378 0.201246
vn 0.338001 0.919378 0.201246
vn -0.524450 0.818878 -0.233219
vn -0.524450 0.818878 -0.233219
vn -0.524450 0.818878 -0.233219
vn -0.524450 0.818878 -0.233219
vn -0.963582 0.166786 -0.209028
vn -0.963582 0.166786 -0.209028
vn -0.942250 -0.275334 -0.190676
vn -0.948917 -0.249701 -0.192888
vn -0.027040 -0.977423 -0.209554
vn -0.027040 -0.977423 -0.209554
vn -0.027040 -0.977423 -0.209554
vn -0.027040 -0.977423 -0.209554
vn 0.116917 -0.153941 -0.981139
vn 0.116917 -0.153941 -0.981138
vn 0.093509 -0.070655 -0.993108
vn 0.093509 -0.070656 -0.993108
vn -0.330745 0.754718 -0.566576
vn -0.330745 0.754718 -0.566576
vn -0.330745 0.754718 -0.566576
vn -0.330745 0.754718 -0.566576
vn 0.428320 0.900870 -0.070538
vn 0.428320 0.900870 -0.070538
vn 0.423115 0.903454 -0.068882
vn 0.423108 0.903458 -0.068879
vn -0.585364 0.726057 -0.360820
vn -0.585364 0.726057 -0.360820
vn -0.585364 0.726057 -0.360820
vn -0.585364 0.726057 -0.360820
vn -0.425315 -0.901585 0.079071
vn -0.433525 -0.896021 0.095935
vn -0.432576 -0.896199 0.098520
vn -0.425684 -0.901167 0.081803
vn 0.876392 -0.386845 0.286860
vn 0.876540 -0.388313 0.284413
vn 0.876543 -0.388346 0.284359
vn 0.876391 -0.386845 0.286860
vn -0.187976 -0.137293 -0.972530
vn -0.187976 -0.137293 -0.972530
vn -0.198516 -0.136408 -0.970559
vn -0.198490 -0.136410 -0.970564
vn -0.402759 0.782366 -0.475068
vn -0.402759 0.782366 -0.475068
vn -0.402759 0.782366 -0.475068
vn -0.402759 0.782366 -0.475068
vn 0.206403 0.144737 0.967703
vn 0.223221 0.137066 0.965083
vn 0.215564 0.133925 0.967262
vn 0.200408 0.142968 0.969225
vn 0.274157 -0.957974 0.084401
vn 0.280028 -0.957139 0.073953
vn 0.280299 -0.957097 0.073468
vn 0.274157 -0.957974 0.084401
vn -0.011789 0.818761 0.574013
vn 0.680042 0.733151 -0.005679
vn -0.046276 0.100505 0.993860
vn -0.121915 0.175169 0.976961
vn -0.187667 -0.560323 0.806734
vn 0.531423 -0.831706 -0.160796
vn 0.095025 -0.995464 0.004643
vn -0.153453 -0.972052 0.177674
vn -0.034645 -0.795693 -0.604709
vn 0.191431 -0.688137 -0.699872
vn 0.259944 -0.053868 -0.964120
vn 0.080339 -0.158252 -0.984125
vn 0.140857 0.518900 -0.843150
vn 0.335299 0.577738 -0.744173
vn 0.336901 0.938292 -0.078137
vn 0.110145 0.988412 -0.104455
vn 0.727666 -0.685185 -0.031997
vn 0.998515 0.043233 -0.033147
vn 0.984187 0.176117 0.018926
vn 0.612043 0.772794 0.167905
vn 0.029468 0.993475 0.110174
vn -0.886074 0.462488 -0.031271
vn -0.991045 -0.131464 -0.023394
vn -0.692187 -0.718707 0.065861
vn 0.045215 -0.995556 0.082605
vn -0.253502 0.670298 0.697451
vn -0.198516 0.804723 0.559475
vn -0.305200 0.132778 0.942986
vn -0.279139 0.094966 0.955543
vn -0.193580 -0.521242 0.831164
vn -0.244887 -0.621254 0.744361
vn -0.065655 -0.988337 0.137403
vn 0.088536 -0.987375 0.131345
vn 0.451717 -0.643933 -0.617496
vn 0.114331 -0.795357 -0.595260
vn 0.239554 -0.170508 -0.955793
vn 0.520896 -0.090241 -0.848837
vn 0.408889 0.507893 -0.758192
vn 0.219116 0.505103 -0.834781
vn 0.025193 0.983620 -0.178488
vn 0.000887 0.994347 -0.106179
vn 0.802692 -0.589792 0.088497
vn 0.583685 -0.770698 0.255609
vn 0.782503 -0.454394 -0.425694
vn 0.627643 -0.545200 -0.555717
vn 0.192677 -0.315671 -0.929100
vn 0.343061 0.116691 -0.932037
vn -0.405688 0.703502 -0.583526
vn -0.489710 0.244742 -0.836831
vn -0.679390 0.733773 -0.002602
vn -0.857462 0.477605 0.191448
vn -0.847150 0.108093 0.520242
vn -0.467048 0.645830 0.603962
vn -0.157819 0.283757 0.945820
vn -0.497688 -0.550333 0.670403
vn 0.151978 -0.763756 0.627360
vn 0.406501 -0.242801 0.880798
vn -0.284828 0.848883 0.445276
vn -0.284828 0.848883 0.445276
vn -0.284828 0.848883 0.445276
vn -0.284828 0.848883 0.445276
vn 0.955722 0.149689 -0.253356
vn 0.955722 0.149689 -0.253356
vn 0.953900 -0.013743 -0.299811
vn 0.788890 -0.478806 0.385224
vn -0.143962 -0.988660 0.042746
vn 0.208721 -0.746178 0.632182
vn -0.304718 -0.374352 0.875790
vn -0.736993 0.332567 -0.588423
vn -0.773168 0.221569 0.594238
vn -0.751491 0.658340 -0.042998
vn -0.614231 0.781274 0.111048
vn -0.034514 0.961349 -0.273161
vn -0.108729 0.880657 -0.461109
vn 0.582524 0.503831 -0.637824
vn 0.602528 0.664501 -0.442039
vn 0.957964 0.074426 -0.277066
vn 0.847415 -0.126192 -0.515716
vn 0.682631 -0.730716 0.008323
vn 0.765688 -0.606407 0.214458
vn 0.192471 -0.773771 0.603518
vn 0.128746 -0.857788 0.497619
vn -0.574723 -0.595288 0.561538
vn -0.453449 -0.488596 0.745424
vn -0.823269 0.256352 0.506470
vn -0.953457 0.074940 0.292068
vn -0.805950 -0.357341 0.471966
vn -0.779916 0.366619 0.507269
vn -0.816686 0.335601 0.469464
vn -0.430106 -0.853336 0.294664
vn -0.436378 -0.843078 0.314314
vn -0.246095 -0.941028 0.232172
vn -0.239960 -0.950267 0.198525
vn -0.198163 -0.968713 0.149424
vn -0.205607 -0.954653 0.215322
vn -0.205221 -0.959264 0.194155
vn -0.169343 -0.980895 0.095747
vn 0.031717 -0.999136 -0.026849
vn -0.038455 -0.993978 0.102607
vn 0.939156 0.225279 -0.259297
vn 0.950326 0.217221 -0.222925
vn 0.896242 -0.386938 -0.216862
vn 0.919211 -0.306119 -0.247675
vn 0.515479 0.856113 0.036775
vn 0.450765 0.892159 0.029386
vn 0.698270 0.710660 -0.085915
vn 0.748182 0.649311 -0.136455
vn 0.171998 0.967452 0.185617
vn 0.236399 0.955149 0.178343
vn 0.333276 0.938313 0.092174
vn 0.355280 0.924738 0.136515
vn -0.549709 0.751087 0.365635
vn -0.426954 0.784741 0.449323
vn -0.021652 0.950395 0.310291
vn -0.185923 0.949426 0.253026
vn 0.247048 0.943237 0.221970
vn 0.118099 0.930015 0.348030
vn -0.186016 0.863160 0.469417
vn 0.412904 0.910231 -0.031449
vn 0.464476 0.885454 0.015250
vn 0.318102 0.941109 0.114565
vn 0.748728 0.524753 -0.405019
vn 0.748728 0.524753 -0.405019
vn 0.961145 0.017094 -0.275513
vn 0.708767 0.701584 -0.073682
vn -0.205991 0.889858 -0.407087
vn -0.013973 0.954638 -0.297441
vn 0.233712 0.393763 -0.889005
vn 0.241799 -0.338782 -0.909264
vn 0.246684 -0.803801 -0.541342
vn -0.241937 -0.916032 -0.319925
vn -0.692356 -0.706799 -0.145181
vn 0.573547 -0.639289 -0.512205
vn 0.545909 -0.795421 -0.263229
vn -0.123208 -0.669583 0.732447
vn -0.260477 -0.599513 0.756793
vn -0.240236 -0.605334 0.758853
vn -0.665382 -0.406213 0.626305
vn -0.665382 -0.406213 0.626305
vn -0.156828 -0.794798 0.586261
vn -0.193942 0.087589 0.977095
vn 0.098763 -0.844115 0.526987
vn -0.145415 -0.696978 0.702194
vn 0.447519 -0.893363 -0.040359
vn 0.233227 -0.972270 0.017224
vn -0.227009 -0.954013 0.195771
vn -0.227009 -0.954013 0.195771
vn -0.360281 -0.769381 0.527495
vn -0.330945 -0.830200 0.448602
vn -0.446283 -0.879135 0.167193
vn -0.440384 -0.887541 0.135398
vn -0.431620 -0.896376 0.101065
vn 0.268845 0.109768 0.956908
vn 0.239063 0.116894 0.963942
vn 0.207697 0.130750 0.969416
vn 0.579604 -0.779395 -0.237912
vn 0.579604 -0.779395 -0.237912
vn 0.579604 -0.779395 -0.237912
vn 0.579604 -0.779395 -0.237912
vn 0.816727 -0.538089 -0.208368
vn 0.721206 -0.123624 -0.681600
vn 0.959682 0.045013 0.277460
vn 0.959682 0.045013 0.277460
vn 0.959683 0.045013 0.277456
vn 0.959683 0.045013 0.277457
vn 0.959684 0.045013 0.277454
vn 0.959684 0.045013 0.277454
vn 0.959683 0.045014 0.277456
vn 0.959683 0.045014 0.277456
vn -0.762150 0.460755 -0.454788
vn -0.762150 0.460755 -0.454788
vn -0.762150 0.460755 -0.454788
vn -0.762150 0.460755 -0.454788
vn -0.688265 0.537053 0.487714
vn -0.958197 0.119571 0.259926
vn 0.600286 0.798380 -0.047384
vn 0.600286 0.798380 -0.047384
vn 0.600286 0.798380 -0.047384
vn 0.600286 0.798380 -0.047384
vn 0.600286 0.798380 -0.047384
vn 0.600286 0.798380 -0.047384
vn 0.600287 0.798380 -0.047383
vn 0.600287 0.798380 -0.047383
vn -0.121654 -0.420274 0.899205
vn -0.155962 -0.375833 0.913469
vn -0.208200 -0.304321 0.929538
vn -0.521625 -0.222378 0.823684
vn -0.735206 -0.135205 0.664223
vn 0.963849 -0.046812 0.262304
vn 0.961024 -0.138725 0.239140
vn 0.961024 -0.138725 0.239140
vn 0.653131 -0.309740 0.691000
vn 0.653131 -0.309740 0.691000
vn 0.167950 0.335708 -0.926873
vn 0.140629 0.431066 -0.891294
vn 0.118216 0.502183 -0.856643
vn 0.516624 0.413357 -0.749824
vn 0.868531 0.211579 -0.448206
vn -0.956852 0.192568 -0.217606
vn -0.956852 0.192568 -0.217606
vn -0.946182 0.228785 -0.228903
vn -0.943468 0.237226 -0.231501
vn -0.930173 0.275180 -0.243010
vn -0.930173 0.275180 -0.243010
vn -0.710339 0.425470 -0.560708
vn -0.710339 0.425470 -0.560708
vn -0.268637 -0.871064 0.411195
vn -0.303705 -0.823231 0.479641
vn -0.333784 -0.773229 0.539171
vn -0.496769 -0.530699 0.686716
vn -0.611640 -0.210003 0.762755
vn 0.556751 -0.639021 -0.530736
vn 0.556751 -0.639021 -0.530736
vn 0.549647 -0.685900 -0.476896
vn 0.550376 -0.681972 -0.481665
vn 0.540737 -0.725441 -0.425840
vn 0.540737 -0.725441 -0.425840
vn 0.370921 -0.909622 -0.187098
vn 0.370921 -0.909622 -0.187098
vn 0.276513 0.869687 -0.408882
vn 0.535875 0.533656 -0.654255
vn 0.659282 0.125913 -0.741278
vn -0.436040 0.646455 0.626071
vn -0.448412 0.658196 0.604736
vn -0.491221 0.697311 0.521977
vn -0.491221 0.697311 0.521977
vn -0.246526 0.942895 0.223995
vn -0.246526 0.942895 0.223995
vn 0.671499 -0.730047 -0.126971
vn -0.075712 -0.607387 -0.790790
vn -0.751701 0.105239 -0.651054
vn 0.625252 -0.063369 0.777846
vn 0.802568 -0.472115 0.364680
vn -0.686091 0.672561 0.277381
vn -0.077407 0.534189 0.841814
vn -0.845221 0.474303 -0.246250
vn -0.251772 -0.966766 0.044440
vn -0.826294 -0.309859 0.470347
vn -0.585053 0.656675 0.475911
vn 0.615392 -0.700506 -0.361363
vn 0.213489 -0.955874 -0.201811
vn 0.372957 0.927771 -0.011971
vn 0.910497 0.121065 -0.395398
vn -0.137536 0.955316 0.261640
vn 0.713070 0.060198 -0.698504
vn 0.713070 0.060198 -0.698504
vn 0.603336 -0.385953 -0.697872
vn 0.603336 -0.385953 -0.697872
vn 0.207531 -0.229360 -0.950960
vn 0.201034 -0.226508 -0.953037
vn -0.248632 -0.011640 -0.968528
vn -0.248632 -0.011640 -0.968528
vn 0.961233 0.145825 0.234023
vn 0.961233 0.145825 0.234023
vn 0.961233 0.145825 0.234023
vn 0.961233 0.145825 0.234023
vn 0.876673 -0.389694 0.282105
vn 0.876673 -0.389694 0.282105
vn 0.900375 -0.433069 0.042146
vn 0.900375 -0.433069 0.042146
vn 0.900375 -0.433069 0.042146
vn 0.900375 -0.433069 0.042146
vn 0.260189 0.949486 0.175433
vn 0.260189 0.949487 0.175433
vn -0.441438 -0.242368 0.863939
vn -0.441438 -0.242368 0.863939
vn -0.401700 -0.260282 0.878004
vn -0.401700 -0.260282 0.878004
vn -0.361119 -0.277651 0.890227
vn -0.361119 -0.277651 0.890227
vn -0.583243 0.593869 -0.554208
vn -0.583243 0.593869 -0.554208
vn -0.583243 0.593869 -0.554208
vn -0.583243 0.593869 -0.554208
vn -0.800609 0.319841 -0.506682
vn -0.800609 0.319841 -0.506682
vn -0.800609 0.319841 -0.506682
vn -0.800609 0.319841 -0.506682
vn -0.876264 0.390697 -0.281987
vn -0.876269 0.388856 -0.284506
vn -0.876269 0.388932 -0.284404
vn -0.876264 0.390697 -0.281987
vn -0.764774 -0.628436 -0.142084
vn -0.764774 -0.628437 -0.142084
vn -0.699619 -0.660757 0.271908
vn -0.699619 -0.660757 0.271908
vn -0.933222 -0.234780 0.271985
vn -0.926053 -0.259869 0.273668
vn -0.950520 0.227494 0.211563
vn -0.950520 0.227494 0.211563
vn 0.197730 -0.857985 -0.474093
vn 0.197730 -0.857985 -0.474093
vn 0.197730 -0.857985 -0.474093
vn 0.197730 -0.857985 -0.474093
vn 0.285468 -0.956236 0.064196
vn 0.285468 -0.956236 0.064196
vn 0.074195 -0.990671 0.114311
vn 0.074195 -0.990671 0.114311
vn 0.074195 -0.990671 0.114311
vn 0.074195 -0.990671 0.114311
vn 0.069388 0.013169 -0.997503
vn 0.069388 0.013169 -0.997503
vn 0.906618 0.331276 0.261342
vn 0.906618 0.331276 0.261342
vn 0.920056 0.287727 0.265915
vn 0.920056 0.287727 0.265915
vn 0.931563 0.243573 0.269930
vn 0.931563 0.243573 0.269930
vn -0.554872 0.764342 -0.328480
vn -0.554872 0.764342 -0.328480
vn -0.554872 0.764342 -0.328480
vn -0.554872 0.764342 -0.328480
vn -0.483216 0.875493 -0.003767
vn -0.483216 0.875493 -0.003767
vn -0.483216 0.875493 -0.003767
vn -0.483216 0.875493 -0.003767
vn -0.294258 0.953297 -0.068103
vn -0.286337 0.955155 -0.075429
vn -0.286305 0.955163 -0.075458
vn -0.294258 0.953297 -0.068103
vn 0.417891 0.906007 -0.067222
vn 0.417891 0.906007 -0.067222
vn 0.322093 0.944424 -0.065716
vn 0.322093 0.944424 -0.065716
vn 0.411185 0.910806 -0.036862
vn 0.411246 0.910780 -0.036841
vn 0.496244 0.868149 -0.007629
vn 0.496245 0.868149 -0.007629
vn -0.876264 0.386915 -0.287155
vn -0.876264 0.386915 -0.287155
vn -0.970338 0.183850 -0.156985
vn -0.970338 0.183850 -0.156985
vn -0.970338 0.183850 -0.156985
vn -0.970338 0.183850 -0.156985
vn -0.494635 0.821383 -0.284019
vn -0.494635 0.821383 -0.284019
vn -0.494635 0.821383 -0.284019
vn -0.494635 0.821383 -0.284019
vn -0.426049 -0.900742 0.084530
vn -0.360111 -0.912913 0.192122
vn -0.360111 -0.912913 0.192122
vn -0.441407 -0.881610 0.167103
vn -0.441403 -0.881612 0.167105
vn -0.519061 -0.843074 0.140717
vn -0.519061 -0.843074 0.140717
vn 0.987562 0.024029 0.155380
vn 0.987562 0.024029 0.155380
vn 0.987563 0.024030 0.155380
vn 0.987563 0.024030 0.155380
vn 0.963973 0.181365 0.194583
vn 0.963973 0.181365 0.194583
vn 0.963973 0.181365 0.194583
vn 0.963973 0.181365 0.194583
vn 0.725827 -0.561109 0.397908
vn 0.725827 -0.561109 0.397908
vn 0.725827 -0.561109 0.397908
vn 0.725827 -0.561109 0.397908
vn -0.209045 -0.135506 -0.968472
vn -0.209045 -0.135506 -0.968472
vn -0.174108 -0.043206 -0.983778
vn -0.174108 -0.043206 -0.983778
vn -0.148165 -0.138369 -0.979235
vn -0.148180 -0.138316 -0.979240
vn -0.120798 -0.232117 -0.965158
vn -0.120798 -0.232117 -0.965158
vn -0.277711 0.957041 -0.083360
vn -0.277711 0.957041 -0.083360
vn -0.118574 0.986694 0.111248
vn -0.118574 0.986694 0.111248
vn -0.118574 0.986694 0.111248
vn -0.118574 0.986694 0.111248
vn -0.332306 0.714389 -0.615809
vn -0.332306 0.714389 -0.615809
vn -0.332306 0.714389 -0.615809
vn -0.332306 0.714389 -0.615809
vn 0.194349 0.141176 0.970720
vn 0.299523 0.083076 0.950465
vn 0.299523 0.083076 0.950465
vn 0.275909 0.170979 0.945854
vn 0.275929 0.170908 0.945861
vn 0.250014 0.257427 0.933394
vn 0.250014 0.257427 0.933394
vn 0.094310 -0.941114 -0.324668
vn 0.094310 -0.941114 -0.324668
vn 0.094310 -0.941114 -0.324668
vn 0.094310 -0.941114 -0.324668
vn 0.120096 -0.878973 -0.461501
vn 0.120096 -0.878973 -0.461501
vn 0.120096 -0.878973 -0.461501
vn 0.120096 -0.878973 -0.461501
vn 0.407960 -0.865233 0.291447
vn 0.407960 -0.865233 0.291447
vn 0.407960 -0.865233 0.291447
vn 0.407960 -0.865233 0.291447
vn -0.164696 -0.482097 0.860499
vn -0.215611 0.092813 0.972058
vn -0.212205 0.639922 0.738559
vn 0.460347 -0.635574 -0.619780
vn 0.068270 -0.988112 0.137747
vn 0.407346 0.529815 -0.743885
vn 0.544124 -0.070371 -0.836048
vn -0.008498 0.997172 -0.074669
vn 0.291262 -0.249885 -0.923431
vn 0.694092 -0.478761 -0.537609
vn 0.835105 -0.549749 0.019392
vn -0.660059 0.747717 -0.072401
vn -0.447084 0.291016 -0.845829
vn -0.101457 0.432021 0.896138
vn -0.450146 0.723832 0.522911
vn 0.510931 -0.238205 0.825959
vn 0.676838 0.732827 -0.069675
vn 0.676838 0.732827 -0.069675
vn 0.676838 0.732827 -0.069675
vn 0.676838 0.732827 -0.069675
vn 0.748271 0.641473 -0.169126
vn 0.071216 0.997461 0.000752
vn -0.498995 0.769370 0.398840
vn 0.948487 0.269152 0.167122
vn -0.681228 0.393749 0.617164
vn -0.681228 0.393749 0.617164
vn -0.472359 0.425368 0.771971
vn 0.537502 -0.837231 -0.100677
vn -0.060142 0.992386 -0.107487
vn -0.221455 0.835005 0.503710
vn -0.221456 0.835005 0.503710
vn -0.059905 0.992313 -0.108286
vn -0.287924 0.209882 0.934371
vn -0.287924 0.209882 0.934371
vn -0.287924 0.209882 0.934371
vn -0.287924 0.209882 0.934371
vn -0.282385 -0.031226 0.958793
vn -0.282385 -0.031226 0.958793
vn -0.282385 -0.031226 0.958793
vn -0.282385 -0.031226 0.958793
vn -0.157498 -0.805255 0.571627
vn -0.012142 -0.996125 0.087103
vn -0.012132 -0.996128 0.087069
vn -0.157498 -0.805256 0.571627
vn 0.097745 -0.952676 -0.287843
vn 0.097745 -0.952676 -0.287843
vn 0.263123 -0.101488 -0.959410
vn 0.263123 -0.101488 -0.959410
vn 0.263123 -0.101488 -0.959410
vn 0.263123 -0.101488 -0.959410
vn 0.262445 -0.073295 -0.962159
vn 0.262445 -0.073295 -0.962159
vn 0.262445 -0.073295 -0.962159
vn 0.262445 -0.073295 -0.962159
vn 0.080656 0.833593 -0.546459
vn 0.080656 0.833593 -0.546459
vn 0.434807 -0.317396 0.842735
vn 0.713098 -0.546145 0.439563
vn 0.713098 -0.546145 0.439563
vn 0.434783 -0.317376 0.842755
vn 0.703273 -0.562569 -0.434654
vn 0.703273 -0.562569 -0.434654
vn 0.703273 -0.562569 -0.434654
vn 0.703273 -0.562569 -0.434654
vn 0.591855 -0.492413 -0.638151
vn 0.591855 -0.492413 -0.638151
vn 0.591855 -0.492413 -0.638151
vn 0.591855 -0.492413 -0.638151
vn 0.026909 -0.123157 -0.992022
vn -0.479465 0.257017 -0.839080
vn -0.480022 0.257465 -0.838625
vn 0.026909 -0.123157 -0.992022
vn -0.733149 0.476486 -0.485237
vn -0.733149 0.476486 -0.485237
vn -0.675614 0.516187 0.526400
vn -0.675614 0.516187 0.526400
vn -0.675614 0.516187 0.526400
vn -0.675614 0.516187 0.526400
vn -0.662659 0.508044 0.550249
vn -0.662659 0.508044 0.550249
vn -0.662659 0.508044 0.550249
vn -0.662659 0.508044 0.550249
vn 0.148075 -0.089129 0.984952
vn 0.148075 -0.089129 0.984952
s 1
g pCube1
usemtl pCube1SG
f 101/1/1 1/2/2 98/3/3 97/4/4
f 99/5/5 2/6/6 103/7/7 102/8/8
f 104/9/9 3/10/10 107/11/11 106/12/12
s 3
f 114/13/13 5/14/14 111/15/15 110/16/16
f 112/17/17 6/18/18 116/19/19 115/20/20
f 117/21/21 7/22/22 120/23/23 119/24/24
f 126/25/25 9/26/26 113/27/27 123/28/28
f 124/29/29 10/30/30 118/31/31 127/32/32
f 128/33/33 11/34/34 122/35/35 130/36/36
f 136/424/37 13/38/38 125/39/39 133/474/40
f 141/401/41 85/42/42 138/43/43 137/473/44
f 145/413/45 15/477/46 132/47/47 142/472/48
f 149/49/49 17/50/50 135/51/51 146/52/52
f 147/53/53 18/54/54 151/470/55 150/56/56
f 152/57/57 19/58/58 144/59/59 154/60/60
f 160/61/61 21/62/62 148/63/63 157/64/64
f 158/65/65 22/66/66 153/67/67 161/68/68
f 162/69/69 23/70/70 156/71/71 164/72/72
f 171/73/73 90/74/74 168/75/75 167/76/76
f 169/77/77 91/78/78 173/79/79 172/80/80
f 174/81/81 92/82/82 177/83/83 176/84/84
s 10
f 184/85/85 49/86/86 181/87/87 180/88/88
s 1
f 187/464/89 30/90/90 175/91/91 185/469/92
s 12
f 192/93/93 53/94/94 189/95/95 188/96/96
s off
f 108/97/97 4/98/98 194/99/99 193/100/100
s 3
f 121/101/101 8/102/102 197/103/103 196/104/104
s 13
f 378/105/105 377/106/106 379/107/107 380/108/108
s off
f 171/73/109 29/109/110 204/110/111 203/111/112
s 3
f 160/61/61 25/112/113 207/113/114 206/114/115
s 14
f 386/501/116 387/116/117 388/117/118 389/118/119
s 15
f 216/119/120 29/109/121 170/120/122 213/121/123
s 1
f 214/122/124 30/90/90 187/464/89 217/123/125
f 218/124/126 2/6/6 98/3/127 220/125/128
s 17
f 221/126/129 1/2/130 204/462/131 223/127/132
s 18
f 228/128/133 31/129/134 179/130/135 225/131/136
s 19
f 226/132/137 32/133/138 194/460/139 229/134/140
s 1
f 230/135/141 4/98/142 107/11/143 232/136/144
f 233/137/145 3/10/10 186/458/146 235/139/147
s 21
f 240/140/148 33/141/149 215/142/150 237/143/151
f 238/144/152 34/145/153 219/454/154 241/147/155
f 242/148/156 35/149/157 222/150/158 244/151/159
f 245/152/160 36/153/161 224/447/162 247/155/163
s 22
f 252/156/164 37/157/165 227/158/166 249/159/167
f 250/160/168 38/161/169 231/441/170 253/163/171
f 254/164/172 39/165/173 234/166/174 256/167/175
f 257/168/176 40/169/177 236/434/178 259/171/179
s 23
f 263/524/180 41/479/181 239/174/182 261/528/183
s off
f 262/176/184 42/177/185 243/178/186 264/527/187
s 24
f 270/511/188 58/181/189 267/182/190 266/525/191
s off
f 272/516/192 44/448/193 248/186/194 271/523/195
s 25
f 275/518/196 45/478/197 251/190/198 273/522/199
s off
f 274/192/200 46/193/201 255/194/202 276/521/203
s 26
f 282/505/204 62/197/205 279/198/206 278/519/207
s off
f 284/510/208 48/435/209 260/202/210 283/517/211
s 27
f 287/204/212 43/450/213 246/206/214 285/207/215
s off
f 286/208/216 44/448/217 272/516/218 288/209/219
s 10
f 289/210/220 52/211/221 183/212/222 290/213/223
s 28
f 291/214/224 51/215/225 265/513/226 292/217/227
s 29
f 295/218/228 47/437/229 258/220/230 293/221/231
s off
f 294/222/232 48/435/233 284/510/234 296/223/235
s 12
f 297/224/236 56/225/237 191/226/238 298/227/239
s 30
f 299/228/240 55/229/241 277/507/242 300/231/243
s 3
f 304/232/244 12/233/245 198/430/246 301/235/247
f 302/236/248 24/237/249 155/238/250 305/239/251
f 306/240/252 20/241/253 143/428/254 308/243/255
f 309/244/256 16/245/257 131/246/258 311/247/259
f 316/248/260 21/62/62 208/426/261 313/250/262
f 314/251/263 9/26/26 126/25/25 317/252/264
f 318/253/265 13/38/38 136/424/37 320/254/266
f 321/255/267 17/50/50 149/49/49 323/256/268
f 327/257/269 66/258/270 303/422/271 325/260/272
f 326/261/273 65/262/274 307/263/275 328/264/276
f 329/265/277 67/266/278 310/420/279 330/268/280
f 331/269/281 68/270/282 312/271/283 332/272/284
f 335/273/285 69/274/286 315/418/287 333/276/288
f 334/277/289 70/278/290 319/279/291 336/280/292
f 337/281/293 71/282/294 322/416/295 338/284/296
f 339/285/297 72/286/298 324/287/299 340/288/300
s off
f 344/289/301 14/480/302 129/291/303 341/292/304
s 3
f 342/293/305 15/46/306 145/414/45 345/294/307
f 346/295/308 19/471/58 151/55/309 348/296/310
f 349/297/311 18/475/54 134/410/312 351/299/313
f 355/300/314 81/301/315 343/302/316 353/303/317
f 354/304/318 82/305/319 347/406/320 356/307/321
f 357/308/322 83/309/323 350/310/324 358/311/325
f 359/312/326 84/313/327 352/403/328 360/315/329
f 363/316/330 90/74/74 205/400/331 361/318/332
f 363/316/330 25/112/113 159/319/333 364/320/334
f 365/321/335 26/322/336 163/323/337 366/324/338
f 367/325/339 27/326/340 166/327/341 368/328/342
f 371/329/343 94/330/344 195/397/345 370/332/346
f 373/333/347 95/334/348 109/335/349 372/336/350
f 375/337/351 96/338/352 105/339/353 374/340/354
f 362/341/355 89/342/356 100/343/357 376/344/358
s 1
f 98/3/3 2/6/6 99/5/5 97/4/4
s 3
f 99/5/359 96/338/352 100/343/357 97/4/360
f 100/343/357 89/342/356 101/1/361 97/4/360
s 1
f 103/7/7 3/10/10 104/9/9 102/8/362
s 3
f 104/9/363 95/334/348 105/339/353 102/8/364
f 105/339/353 96/338/352 99/5/359 102/8/364
s 1
f 107/11/11 4/98/365 108/97/366 106/12/12
s 3
f 108/97/367 94/330/344 109/335/349 106/12/368
f 109/335/349 95/334/348 104/9/363 106/12/368
f 111/15/15 6/18/18 112/17/17 110/16/16
f 112/17/17 10/30/30 113/27/27 110/16/16
f 113/27/27 9/26/26 114/13/13 110/16/16
f 116/19/19 7/22/22 117/21/21 115/20/20
f 117/21/21 11/34/34 118/31/31 115/20/20
f 118/31/31 10/30/30 112/17/17 115/20/20
f 120/23/23 8/102/102 121/101/101 119/24/24
f 121/101/101 12/233/245 122/35/35 119/24/24
f 122/35/35 11/34/34 117/21/21 119/24/24
f 113/27/27 10/30/30 124/29/29 123/28/28
f 124/29/29 14/290/369 125/39/39 123/28/28
f 125/39/39 13/38/38 126/25/25 123/28/28
f 118/31/31 11/34/34 128/33/33 127/32/32
f 128/33/33 15/477/46 129/476/370 127/32/32
f 129/476/370 14/290/369 124/29/29 127/32/32
f 122/35/35 12/233/245 131/246/258 130/36/36
f 131/246/258 16/245/257 132/47/47 130/36/36
f 132/47/47 15/477/46 128/33/33 130/36/36
f 125/39/39 14/290/369 134/408/312 133/474/40
f 134/409/312 18/54/54 135/51/51 133/40/40
f 135/51/51 17/50/50 136/37/37 133/40/40
f 138/43/43 86/345/371 139/346/372 137/473/44
f 139/404/372 87/347/373 140/348/374 137/44/44
f 140/348/374 88/349/375 141/41/41 137/44/44
f 132/47/47 16/245/257 143/242/254 142/472/48
f 143/428/254 20/241/253 144/59/59 142/48/48
f 144/59/59 19/58/58 145/412/45 142/48/48
f 135/51/51 18/54/54 147/53/53 146/52/52
f 147/53/53 22/66/66 148/63/63 146/52/52
f 148/63/63 21/62/62 149/49/49 146/52/52
f 151/470/55 19/58/58 152/57/57 150/56/56
f 152/57/57 23/70/70 153/67/67 150/56/56
f 153/67/67 22/66/66 147/53/53 150/56/56
f 144/59/59 20/241/253 155/238/250 154/60/60
f 155/238/250 24/237/249 156/71/71 154/60/60
f 156/71/71 23/70/70 152/57/57 154/60/60
f 148/63/63 22/66/66 158/65/65 157/64/64
f 158/65/65 26/322/336 159/319/333 157/64/64
f 159/319/333 25/112/113 160/61/61 157/64/64
f 153/67/67 23/70/70 162/69/69 161/68/68
f 162/69/69 27/326/340 163/323/337 161/68/68
f 163/323/337 26/322/336 158/65/65 161/68/68
f 156/71/71 24/237/249 165/350/376 164/72/72
f 165/350/376 28/351/377 166/327/341 164/72/72
f 166/327/341 27/326/340 162/69/69 164/72/72
f 168/75/75 91/78/78 169/77/77 167/76/76
s 1
f 169/77/378 30/90/90 170/120/379 167/76/380
f 170/120/379 29/109/381 171/73/382 167/76/380
s 3
f 173/79/79 92/82/82 174/81/81 172/80/80
s 1
f 174/81/383 31/129/384 175/91/91 172/80/385
f 175/91/91 30/90/90 169/77/378 172/80/386
s 3
f 177/83/83 93/352/387 178/353/388 176/84/84
s 1
f 178/353/389 32/133/390 179/130/391 176/84/392
f 179/130/391 31/129/384 174/81/383 176/84/392
s 10
f 181/87/87 50/354/393 182/355/394 180/88/88
f 182/355/394 51/215/395 183/212/222 180/88/88
f 183/212/222 52/211/221 184/85/85 180/88/88
s 1
f 175/91/91 31/129/384 186/138/146 185/469/92
f 186/458/146 3/10/10 103/7/7 185/92/92
f 103/7/7 2/6/6 187/89/89 185/92/92
s 12
f 189/95/95 54/356/396 190/357/397 188/96/96
f 190/357/397 55/229/398 191/226/238 188/96/96
f 191/226/238 56/225/237 192/93/93 188/96/96
s off
f 194/460/399 32/133/400 178/353/401 193/468/402
s 3
f 178/353/388 93/352/387 195/331/345 193/468/403
f 195/397/345 94/330/344 108/97/367 193/100/403
f 197/395/103 28/351/377 165/350/376 196/467/104
f 165/350/376 24/237/249 198/234/404 196/467/104
f 198/430/404 12/233/245 121/101/101 196/104/104
s 41
f 379/107/405 381/358/406 382/503/407 380/108/408
f 382/359/407 383/360/409 384/361/410 380/108/408
s 13
f 384/361/411 385/362/412 378/105/105 380/108/108
s off
f 204/462/413 1/2/414 101/1/415 203/466/416
s 3
f 101/1/361 89/342/356 205/317/331 203/466/417
f 205/400/331 90/74/74 171/73/73 203/111/417
f 207/398/114 5/14/14 114/13/13 206/465/115
f 114/13/13 9/26/26 208/249/418 206/465/115
f 208/426/418 21/62/62 160/61/61 206/114/115
s 42
f 388/117/419 390/363/420 391/364/421 389/118/422
f 391/364/421 392/365/423 393/366/424 389/118/422
s 14
f 393/366/425 394/367/426 386/115/116 389/118/119
s 15
f 170/120/122 30/90/427 214/122/428 213/121/123
f 214/122/428 34/145/429 215/142/430 213/121/123
f 215/142/430 33/141/431 216/119/120 213/121/123
s 1
f 187/89/89 2/6/6 218/124/126 217/463/432
f 218/124/126 35/149/433 219/146/434 217/463/432
f 219/454/435 34/145/436 214/122/124 217/123/125
f 98/3/127 1/2/437 221/126/438 220/125/128
f 221/126/438 36/153/439 222/150/440 220/125/128
f 222/150/440 35/149/441 218/124/126 220/125/128
s 43
f 204/110/442 29/109/443 216/119/444 223/461/445
f 216/119/444 33/141/446 224/154/447 223/461/445
s 17
f 224/447/448 36/153/449 221/126/129 223/127/132
s 18
f 179/130/135 32/133/450 226/132/451 225/131/136
f 226/132/451 38/161/452 227/158/453 225/131/136
f 227/158/453 37/157/454 228/128/133 225/131/136
s 44
f 194/99/455 4/98/456 230/135/457 229/459/458
f 230/135/457 39/165/459 231/162/460 229/459/458
s 19
f 231/441/461 38/161/462 226/132/137 229/134/140
s 1
f 107/11/143 3/10/10 233/137/145 232/136/144
f 233/137/145 40/169/463 234/166/464 232/136/144
f 234/166/464 39/165/465 230/135/141 232/136/144
f 186/138/146 31/129/384 228/128/466 235/457/467
f 228/128/466 37/157/468 236/170/469 235/457/467
f 236/434/470 40/169/471 233/137/145 235/139/147
s 21
f 215/142/150 34/145/153 238/144/152 237/143/151
f 238/144/152 42/456/472 239/455/473 237/143/151
f 239/455/473 41/173/474 240/140/148 237/143/151
f 219/146/154 35/149/157 242/148/156 241/453/155
f 242/148/156 43/205/475 243/451/476 241/453/155
f 243/452/476 42/456/472 238/144/152 241/147/155
f 222/150/158 36/153/161 245/152/160 244/151/159
f 245/152/160 44/185/477 246/449/478 244/151/159
f 246/449/478 43/205/475 242/148/156 244/151/159
f 224/154/162 33/141/149 240/140/148 247/446/163
f 240/140/148 41/173/474 248/444/479 247/446/163
f 248/445/479 44/185/477 245/152/160 247/155/163
s 22
f 227/158/166 38/161/169 250/160/168 249/159/167
f 250/160/168 46/443/480 251/442/481 249/159/167
f 251/442/481 45/189/482 252/156/164 249/159/167
f 231/162/170 39/165/173 254/164/172 253/440/171
f 254/164/172 47/219/483 255/438/484 253/440/171
f 255/439/484 46/443/480 250/160/168 253/163/171
f 234/166/174 40/169/177 257/168/176 256/167/175
f 257/168/176 48/201/485 258/436/486 256/167/175
f 258/436/486 47/219/483 254/164/172 256/167/175
f 236/170/178 37/157/165 252/156/164 259/433/179
f 252/156/164 45/189/482 260/431/487 259/433/179
f 260/432/487 48/201/485 257/168/176 259/171/179
s 23
f 239/174/182 42/177/488 262/176/489 261/528/183
s 45
f 262/526/490 50/354/491 181/87/492 261/175/493
f 181/87/492 49/86/494 263/172/495 261/175/493
s off
f 243/178/496 43/450/497 265/216/498 264/527/499
s 28
f 265/513/226 51/215/225 182/355/500 264/179/501
s off
f 182/355/502 50/354/503 262/526/504 264/179/505
s 24
f 267/182/190 57/368/506 268/369/507 266/525/191
s 46
f 268/514/508 59/370/509 269/371/510 266/183/511
f 269/371/510 60/372/512 270/180/513 266/183/511
s off
f 248/186/514 41/479/515 263/524/516 271/523/517
f 263/172/518 49/86/519 184/85/520 271/187/521
s 47
f 184/85/522 52/211/523 272/184/524 271/187/525
s 25
f 251/190/198 46/193/526 274/192/527 273/522/199
s 48
f 274/520/528 54/356/529 189/95/530 273/191/531
f 189/95/530 53/94/532 275/188/533 273/191/531
s off
f 255/194/534 47/437/535 277/230/536 276/521/537
s 30
f 277/507/242 55/229/241 190/357/538 276/195/539
s off
f 190/357/540 54/356/541 274/520/542 276/195/543
s 26
f 279/198/206 61/373/544 280/374/545 278/519/207
s 49
f 280/508/546 63/375/547 281/376/548 278/199/549
f 281/376/548 64/377/550 282/196/551 278/199/549
s off
f 260/202/552 45/478/553 275/518/554 283/517/555
f 275/188/556 53/94/557 192/93/558 283/203/559
s 50
f 192/93/560 56/225/561 284/200/562 283/203/563
s 27
f 246/206/214 44/448/564 286/208/565 285/207/215
s 51
f 286/208/566 57/368/567 267/182/568 285/207/569
f 267/182/568 58/181/570 287/204/571 285/207/569
s 47
f 272/184/524 52/211/523 289/210/572 288/515/573
s off
f 289/210/574 59/370/575 268/514/576 288/515/577
f 268/369/578 57/368/579 286/208/580 288/209/581
s 10
f 183/212/222 51/215/395 291/214/582 290/213/223
s 52
f 291/214/583 60/372/584 269/371/585 290/213/586
f 269/371/585 59/370/587 289/210/588 290/213/586
s off
f 265/216/589 43/450/590 287/204/591 292/512/592
f 287/204/593 58/181/594 270/511/595 292/512/596
f 270/180/597 60/372/598 291/214/599 292/217/600
s 29
f 258/220/230 48/435/601 294/222/602 293/221/231
s 53
f 294/222/603 61/373/604 279/198/605 293/221/606
f 279/198/605 62/197/607 295/218/608 293/221/606
s 50
f 284/200/562 56/225/561 297/224/609 296/509/610
s off
f 297/224/611 63/375/612 280/508/613 296/509/614
f 280/374/615 61/373/616 294/222/617 296/223/618
s 12
f 191/226/238 55/229/398 299/228/619 298/227/239
s 54
f 299/228/620 64/377/621 281/376/622 298/227/623
f 281/376/622 63/375/624 297/224/625 298/227/623
s off
f 277/230/626 47/437/627 295/218/628 300/506/629
f 295/218/630 62/197/631 282/505/632 300/506/633
f 282/196/634 64/377/635 299/228/636 300/231/637
s 3
f 198/234/246 24/237/249 302/236/248 301/429/247
f 302/236/248 65/262/274 303/259/271 301/429/247
f 303/422/271 66/258/270 304/232/244 301/235/247
f 155/238/250 20/241/253 306/240/252 305/239/251
f 306/240/252 67/266/278 307/263/275 305/239/251
f 307/263/275 65/262/274 302/236/248 305/239/251
f 143/242/254 16/245/257 309/244/256 308/427/255
f 309/244/256 68/270/282 310/267/279 308/427/255
f 310/420/279 67/266/278 306/240/252 308/243/255
f 131/246/258 12/233/245 304/232/244 311/247/259
f 304/232/244 66/258/270 312/271/283 311/247/259
f 312/271/283 68/270/282 309/244/256 311/247/259
f 208/249/261 9/26/26 314/251/263 313/425/262
f 314/251/263 70/278/290 315/275/287 313/425/262
f 315/418/287 69/274/286 316/248/260 313/250/262
f 126/25/25 13/38/38 318/253/265 317/252/264
f 318/253/265 71/282/294 319/279/291 317/252/264
f 319/279/291 70/278/290 314/251/263 317/252/264
f 136/37/37 17/50/50 321/255/267 320/423/266
f 321/255/267 72/286/298 322/283/295 320/423/266
f 322/416/295 71/282/294 318/253/265 320/254/266
f 149/49/49 21/62/62 316/248/260 323/256/268
f 316/248/260 69/274/286 324/287/299 323/256/268
f 324/287/299 72/286/298 321/255/267 323/256/268
f 303/259/271 65/262/274 326/261/273 325/421/272
f 326/261/273 73/497/638 199/498/639 325/421/272
f 199/499/639 74/500/640 327/257/269 325/260/272
f 307/263/275 67/266/278 329/265/277 328/264/276
f 329/265/277 75/495/641 200/496/642 328/264/276
f 200/496/642 73/497/638 326/261/273 328/264/276
f 310/267/279 68/270/282 331/269/281 330/419/280
f 331/269/281 76/492/643 201/493/644 330/419/280
f 201/494/644 75/495/641 329/265/277 330/268/280
f 312/271/283 66/258/270 327/257/269 332/272/284
f 327/257/269 74/500/640 202/491/645 332/272/284
f 202/491/645 76/492/643 331/269/281 332/272/284
f 315/275/287 70/278/290 334/277/289 333/417/288
f 334/277/289 78/490/646 209/488/647 333/417/288
f 209/489/647 77/482/648 335/273/285 333/276/288
f 319/279/291 71/282/294 337/281/293 336/280/292
f 337/281/293 79/487/649 210/486/650 336/280/292
f 210/486/650 78/490/646 334/277/289 336/280/292
f 322/283/295 72/286/298 339/285/297 338/415/296
f 339/285/297 80/485/651 211/483/652 338/415/296
f 211/484/652 79/487/649 337/281/293 338/284/296
f 324/287/299 69/274/286 335/273/285 340/288/300
f 335/273/285 77/482/648 212/481/653 340/288/300
f 212/481/653 80/485/651 339/285/297 340/288/300
s off
f 129/291/654 15/46/655 342/293/656 341/292/657
s 3
f 342/293/658 82/305/319 343/302/316 341/292/659
f 343/302/316 81/301/315 344/289/660 341/292/659
f 145/45/45 19/471/58 346/295/308 345/411/307
f 346/295/308 83/309/323 347/306/320 345/411/661
f 347/406/320 82/305/319 342/293/658 345/294/661
f 151/55/309 18/475/54 349/297/311 348/296/310
f 349/297/311 84/313/327 350/310/324 348/296/310
f 350/310/324 83/309/323 346/295/308 348/296/310
f 134/298/312 14/480/662 344/289/663 351/407/313
f 344/289/660 81/301/315 352/314/328 351/407/664
f 352/403/328 84/313/327 349/297/311 351/299/664
f 343/302/316 82/305/319 354/304/318 353/303/317
f 354/304/318 86/345/371 138/43/43 353/303/317
f 138/43/43 85/42/42 355/300/314 353/303/317
f 347/306/320 83/309/323 357/308/322 356/405/321
f 357/308/322 87/347/373 139/404/372 356/405/321
f 139/346/372 86/345/371 354/304/318 356/307/321
f 350/310/324 84/313/327 359/312/326 358/311/325
f 359/312/326 88/349/375 140/348/374 358/311/325
f 140/348/374 87/347/373 357/308/322 358/311/325
f 352/314/328 81/301/315 355/300/314 360/402/329
f 355/300/314 85/42/42 141/401/41 360/402/329
f 141/41/41 88/349/375 359/312/326 360/315/329
f 205/317/331 89/342/356 362/341/355 361/399/332
f 362/341/355 5/14/14 207/398/114 361/399/332
f 207/113/114 25/112/113 363/316/330 361/318/332
f 159/319/333 26/322/336 365/321/335 364/320/334
f 365/321/335 91/78/78 168/75/75 364/320/334
f 168/75/75 90/74/74 363/316/330 364/320/334
f 163/323/337 27/326/340 367/325/339 366/324/338
f 367/325/339 92/82/82 173/79/79 366/324/338
f 173/79/79 91/78/78 365/321/335 366/324/338
f 166/327/341 28/351/377 369/394/665 368/328/342
f 369/394/665 93/352/387 177/83/83 368/328/342
f 177/83/83 92/82/82 367/325/339 368/328/342
f 195/331/345 93/352/387 369/394/665 370/396/346
f 369/394/665 28/351/377 197/395/103 370/396/346
f 197/103/103 8/102/102 371/329/343 370/332/346
f 109/335/349 94/330/344 371/329/343 372/336/350
f 371/329/343 8/102/102 120/23/23 372/336/350
f 120/23/23 7/22/22 373/333/347 372/336/350
f 105/339/353 95/334/348 373/333/347 374/340/354
f 373/333/347 7/22/22 116/19/19 374/340/354
f 116/19/19 6/18/18 375/337/351 374/340/354
f 100/343/357 96/338/352 375/337/351 376/344/358
f 375/337/351 6/18/18 111/15/15 376/344/358
f 111/15/15 5/14/14 362/341/355 376/344/358
s 55
f 202/385/666 74/380/667 377/106/668 378/105/669
s off
f 74/380/670 199/379/671 379/107/672 377/106/673
f 199/379/674 73/378/675 381/358/676 379/107/677
s 56
f 73/378/678 200/504/679 382/503/680 381/358/681
f 200/382/679 75/381/682 383/360/683 382/359/680
s off
f 75/381/684 201/384/685 384/361/686 383/360/687
f 201/384/688 76/383/689 385/362/690 384/361/691
s 55
f 76/383/692 202/385/666 378/105/669 385/362/693
s 57
f 212/393/694 77/388/695 387/116/696 386/501/697
s off
f 77/388/698 209/387/699 388/117/700 387/116/701
f 209/387/702 78/386/703 390/363/704 388/117/705
s 58
f 78/386/706 210/390/707 391/364/708 390/363/709
f 210/390/707 79/389/710 392/365/711 391/364/708
s off
f 79/389/712 211/392/713 393/366/714 392/365/715
f 211/392/716 80/391/717 394/367/718 393/366/719
s 57
f 80/391/720 212/502/694 386/115/697 394/367/721
