# This file uses centimeters as units for non-parametric coordinates.

mtllib fall_frame.01.mtl
g default
v -12.209230 63.616131 -17.585764
v -9.436812 59.297905 -3.710620
v -1.606040 60.802685 10.072141
v 11.220930 63.375954 17.498552
v -18.610937 86.850548 -11.859665
v -19.780024 83.774940 3.093010
v -9.154342 83.193855 17.875662
v 5.466944 85.441452 21.827408
v -21.241451 115.125969 -6.396198
v -22.021872 108.295174 7.089887
v -13.146104 108.713654 19.428555
v -2.697317 115.345261 22.935987
v -25.553644 123.981934 -9.402154
v -19.646946 128.523209 7.218596
v -12.730615 128.861938 16.321505
v -4.444467 123.613838 28.616575
v -15.517695 125.503174 -14.537123
v -11.495851 132.024536 -1.288128
v -2.586833 132.447006 10.963297
v 5.684226 125.576637 25.161381
v -13.854026 116.795410 -9.795487
v -3.722234 115.307831 -6.309362
v 5.152080 115.723938 6.028623
v 4.355083 117.786118 19.171953
v -8.449310 90.267090 -19.029236
v 2.244910 90.788368 -10.569038
v 11.068715 90.352066 1.780568
v 15.855763 88.935509 14.497020
v -0.779356 60.194653 -20.567144
v -0.391686 53.257011 -8.456903
v 3.946143 52.820869 5.472548
v 16.502312 57.287273 9.281277
v -16.491177 33.783234 -31.289148
v -16.600060 30.613581 -24.330853
v -28.067297 34.369312 -22.980932
v -27.929365 37.392681 -29.991125
v 4.676999 34.553856 32.595291
v 12.240984 35.447159 34.277111
v 9.297565 43.588566 43.161709
v 1.719354 42.665966 41.513920
v -6.001419 7.008068 -45.581829
v -6.085543 5.730433 -38.497150
v -16.851549 5.326936 -38.970436
v -16.593647 5.764583 -46.227528
v 12.038722 5.312352 31.766245
v 19.056416 5.828141 34.403118
v 15.198492 5.588258 44.705490
v 8.141948 5.419312 42.097256
v -4.785534 0.893683 -46.652618
v -5.111402 0.346829 -37.930798
v -20.019217 0.101904 -36.931000
v -19.475710 0.271056 -48.682358
v 11.763148 -0.084178 30.706469
v 20.201838 0.193874 33.841881
v 16.229872 0.065862 48.225510
v 5.163401 -0.018553 44.164677
v -34.961662 4.699088 -48.100094
v -35.420334 4.728619 -38.821552
v -34.949783 1.146021 -48.088203
v -35.408474 1.175550 -38.809681
v 1.020708 4.530202 59.055473
v 9.751995 4.503509 62.232765
v 1.015931 0.977102 59.040546
v 9.747268 0.950119 62.217102
v 5.565788 96.814972 29.207380
v 0.339699 103.693047 31.105759
v 10.795780 99.944923 37.834938
v 5.238229 104.611557 39.702377
v -18.313087 96.798470 -23.054449
v -23.160376 101.691055 -16.066288
v -28.002291 107.154396 -24.058277
v -21.579800 103.861397 -30.493980
v -19.486128 92.938004 47.630875
v -20.484589 102.593513 48.749184
v -17.029104 92.861069 50.490494
v -18.028593 102.517731 51.609058
v -45.114841 84.391373 -17.235590
v -46.927948 91.067513 -10.333184
v -48.508175 93.311790 -12.918986
v -46.695065 86.635658 -19.821390
v -24.179821 138.191986 13.927029
v -10.526933 138.575714 20.883600
v -0.777169 141.947983 8.100681
v -20.180162 141.400742 -1.351073
v -25.309675 158.314331 20.022045
v -11.295886 158.571671 24.964872
v -6.310997 165.957413 9.403449
v -19.670088 165.712112 4.691542
v -13.089129 68.202370 -14.377699
v -2.034058 68.441010 -20.009975
v 5.726787 67.536812 -10.248987
v 11.186087 67.243141 -0.818915
v 16.954088 67.063461 10.124577
v 7.372412 67.394852 17.438683
v -3.525756 66.388077 10.689840
v -11.581503 66.414932 -1.915613
v -12.634455 64.671738 -9.711751
v -13.082883 61.926323 -11.641879
v -10.632686 62.877903 -2.921015
v -13.635421 67.412209 -8.571742
v -11.849105 65.996010 -15.762424
v -6.933062 62.719666 3.897264
v -7.171026 59.381142 4.191441
v -1.923761 63.677906 10.176496
v -7.684149 66.074211 4.460525
v 3.848944 65.055946 14.582826
v 5.395326 63.363407 16.119492
v 9.699183 65.198471 16.410875
v 1.820850 67.089432 15.311455
v -21.974955 97.339218 -3.363540
v -20.402239 85.243118 -5.380152
v -21.154892 95.859924 4.314930
v -23.848719 110.062195 -1.381107
v -20.982965 98.921318 -9.637773
v -15.642807 94.693993 11.944104
v -15.142421 83.253601 10.964531
v -10.183520 96.006271 19.611761
v -16.628094 108.874344 12.557393
v -3.466615 97.487633 22.627314
v -1.283598 84.180901 21.217491
v 2.323663 98.940796 23.895586
v -6.631093 110.531921 23.202356
v -24.834251 120.258011 0.380707
v -22.142910 121.128922 7.896904
v -24.768108 128.543579 -0.858672
v -25.091993 118.890556 -7.930041
v -18.158619 120.597282 13.262510
v -14.361244 121.496223 18.714005
v -17.233431 130.685867 13.550423
v -9.426646 120.515030 23.101707
v -5.057798 118.716751 26.711069
v -9.008812 128.747955 23.597855
v -19.999102 131.909927 -4.108921
v -16.472109 132.619980 3.532888
v -14.280642 131.583603 -8.723262
v -20.761148 125.386230 -12.269672
v -18.146500 164.425522 21.738913
v -18.433996 158.339218 22.870882
v -8.565134 163.438446 20.278036
v -12.435989 166.967987 5.416239
v -25.545216 163.122269 14.307270
v -4.054104 132.224197 21.141994
v 0.505948 125.144524 27.236403
v 2.579441 132.038208 19.028374
v -8.096853 133.028854 13.766830
v -10.571592 124.798218 -9.055708
v -7.333255 126.922951 -4.010944
v -8.760205 114.970474 -10.886660
v -12.764749 121.006737 -13.290324
v -2.941091 127.179161 2.091748
v -7.473181 134.942017 3.841743
v 1.549330 127.356598 8.355935
v 0.717613 115.511719 -0.138384
v 5.242974 125.550209 15.407420
v 7.103611 121.584358 21.899479
v 8.143121 115.923012 13.419776
v -5.840681 103.022835 -13.714532
v -0.497630 103.099731 -8.294624
v -2.765322 90.909622 -16.378830
v -11.404214 102.063026 -15.947446
v 3.952277 103.167610 -2.113845
v 8.361265 103.220222 4.048531
v 6.737195 90.513718 -4.396743
v 11.815207 103.249290 11.031150
v 12.029578 102.327377 17.425386
v 14.972040 89.929688 8.300230
v 2.953985 62.983780 -15.977906
v 2.572920 67.962547 -16.324688
v 5.337219 62.267914 -9.915998
v 2.289898 58.158154 -16.142200
v -0.765416 64.174843 -19.966442
v 6.813748 61.727818 -4.553819
v 8.317038 67.641685 -5.392022
v 9.810076 61.579769 -0.301468
v 4.821307 56.104481 -3.393940
v 14.279169 61.283947 4.143364
v 15.243123 66.910133 4.531672
v 16.955755 61.842884 8.748014
v 12.690923 55.931839 5.458922
v -11.060216 0.337915 -42.526978
v -2.418277 0.739674 -42.206734
v -11.269947 0.085450 -36.726387
v -19.751316 0.183161 -42.800053
v -10.801272 0.659399 -48.411568
v -7.426467 57.261299 4.566387
v 0.889334 49.945465 18.511133
v -10.456737 46.628658 -12.017498
v 13.759942 0.035278 38.129128
v 16.836163 0.067201 30.070551
v 19.301855 0.175301 40.178272
v 10.692171 0.025425 46.194427
v 8.260730 -0.106117 36.090275
v 14.543743 63.440605 13.193398
v 15.122204 60.238445 13.718418
v 13.405836 67.259735 14.700592
v 8.524863 100.028732 22.063583
v 12.102839 87.198586 19.609926
v 1.078576 115.337547 20.953209
v -20.503122 97.915871 47.619759
v -18.389677 91.964371 48.684311
v -17.498482 97.821793 51.116726
v -19.611300 103.772514 50.052021
v -6.252929 65.355385 -19.330456
v -6.273291 62.260452 -20.474945
v -7.862658 68.518478 -18.801441
v -16.931376 99.894485 -14.805452
v -14.510258 88.737953 -17.404572
v -16.974607 114.803864 -8.387731
v -45.722748 87.362114 -13.158978
v -47.797565 92.816406 -10.519639
v -47.655170 90.106598 -16.321098
v -45.580357 84.652306 -18.960436
v -5.655302 44.657070 -21.337097
v -8.064147 43.013573 -17.380751
v -15.426394 31.826056 -27.760288
v -8.101271 46.611687 -25.935835
v -13.774024 44.777664 -14.684997
v -19.727060 47.780376 -15.535112
v -22.776846 31.934366 -22.305431
v -21.228815 51.089870 -18.898447
v -19.732224 51.527840 -24.181883
v -30.297033 36.672188 -26.020557
v -13.842909 49.689018 -26.204128
v -22.631926 36.058907 -31.638775
v 9.931915 44.247135 18.109802
v 14.211120 45.556545 21.231878
v 8.557351 34.268303 32.626751
v 5.066034 44.536335 19.309168
v 13.910412 50.289116 25.679268
v 11.259744 54.632645 29.887175
v 11.637391 39.857208 39.328945
v 6.052403 56.110149 29.447206
v 2.132536 53.656128 27.999313
v 4.817745 44.656868 43.921818
v 1.950555 49.006756 23.234941
v 1.777230 38.650867 37.060677
v -9.159586 21.894550 -34.277260
v -11.105205 19.844028 -30.690735
v -3.954901 6.557079 -41.940903
v -11.582744 23.469040 -38.015656
v -17.079716 17.489449 -30.078684
v -23.321447 16.660631 -31.851322
v -11.141982 5.171297 -37.587418
v -25.494221 17.509008 -35.768501
v -23.839586 20.154165 -39.094887
v -19.802349 5.571596 -42.745750
v -17.780590 22.230860 -39.786510
v -10.960930 6.509731 -47.117043
v 13.130709 22.165524 30.894321
v 16.274323 23.204319 34.275379
v 16.258495 5.586084 31.244375
v 8.535439 21.813080 31.318304
v 15.131027 23.163446 40.806705
v 11.706703 23.019342 46.463276
v 18.314854 5.797071 39.697666
v 7.166350 21.946432 46.833740
v 3.985852 21.713478 43.526516
v 10.656280 5.512275 46.194172
v 5.025119 21.412771 36.992920
v 9.132305 5.250637 36.263016
v -2.506203 3.651036 -42.097061
v -5.157726 3.116736 -37.869476
v -4.888046 3.897810 -46.530869
v -11.292769 2.765439 -36.692211
v -20.051851 2.891448 -36.896961
v -37.309216 4.431542 -43.564667
v -35.194271 5.686721 -43.464100
v -37.017971 4.412800 -49.455769
v -35.175884 0.187906 -43.445694
v -37.600460 4.450284 -37.673565
v -10.884777 3.570044 -48.309834
v -19.514519 3.067286 -48.639851
v 16.786581 2.886310 30.059511
v 20.148153 3.051647 33.833649
v 11.718479 2.688229 30.692423
v 19.257364 3.029741 40.173485
v 16.208515 2.874928 48.225986
v 4.660726 4.234431 62.637371
v 5.387362 5.490127 60.648373
v -0.882691 4.251146 60.620205
v 5.380022 -0.008911 60.624908
v 10.204852 4.216763 64.654068
v 8.229655 2.652017 36.078873
v 5.144374 2.787628 44.164139
v -27.514915 5.695596 -43.086964
v -27.261343 5.695168 -48.289654
v -27.769903 5.704765 -37.882801
v -27.218077 3.006973 -48.968754
v -27.207512 0.194964 -48.962883
v -27.491987 0.200182 -43.079651
v -27.781698 0.210337 -37.188850
v -27.791870 3.018095 -37.194473
v 8.013796 5.515280 53.422607
v 3.117623 5.522860 51.634892
v 12.911137 5.504093 55.208309
v 2.471801 2.836671 51.391434
v 2.471418 0.023698 51.382771
v 8.011562 0.016347 53.403980
v 13.551270 0.005205 55.422714
v 13.553461 2.817423 55.433250
v 3.060615 106.786293 24.801460
v 7.597581 108.058273 24.782547
v 1.773855 99.694328 28.924709
v -0.998984 106.853127 27.167549
v 9.141841 110.140816 28.071640
v 8.815854 112.346741 32.472992
v 8.982335 97.655144 32.890068
v 4.527744 112.142799 34.168415
v 0.104024 111.172882 34.754280
v 7.819122 101.830879 39.470520
v -1.344316 108.732018 30.947323
v 2.249519 104.852371 35.225990
v -18.466244 106.813812 -14.250113
v -23.138603 107.203415 -13.421431
v -20.461721 97.909767 -18.552816
v -14.866573 108.193459 -16.964025
v -25.718487 109.768974 -15.905409
v -26.720926 113.049911 -19.496410
v -25.880808 104.807381 -18.942169
v -22.787561 114.043694 -21.722460
v -18.310305 113.944565 -23.081177
v -25.437389 105.495827 -28.043873
v -15.528022 110.917473 -20.206223
v -18.962088 99.844681 -27.127733
v -7.515719 100.049431 34.424583
v -5.349788 94.937370 35.056839
v -7.057263 104.949409 36.349575
v -2.136400 93.888847 38.085632
v 1.125754 94.921432 42.459938
v 0.310089 99.800301 43.485962
v -0.739645 104.751297 43.775772
v -4.445335 105.995201 39.703907
v -28.499495 93.698982 -15.635562
v -30.251011 98.137909 -13.256583
v -27.895897 91.283318 -20.619467
v -32.236259 101.405830 -15.389494
v -34.258183 103.787849 -20.165789
v -33.107800 100.588570 -24.266451
v -31.326349 97.073143 -27.727133
v -29.001621 93.132126 -24.495110
v -19.761259 130.872482 18.010773
v -10.915446 134.461624 16.025190
v -18.675697 137.554581 19.807198
v -19.901369 134.068298 7.703766
v -6.695866 135.351471 14.971196
v -5.117311 136.551987 9.680178
v -3.295303 140.337769 15.811440
v -8.026931 137.906235 2.915709
v -14.038671 136.160172 1.324818
v -9.899858 141.908005 2.531428
v -19.302893 134.809891 3.454072
v -24.386007 139.731567 4.980805
v -18.640831 149.884247 23.633081
v -7.692441 152.365875 25.086706
v -27.987595 151.993195 17.928370
v -3.254534 155.361847 17.036818
v -1.967157 156.770615 8.324666
v -11.309961 156.971664 2.744180
v -22.073826 156.401398 1.232810
v -26.490152 154.935181 8.841345
v -11.338655 78.103737 -18.855192
v -15.999508 77.067329 -13.665351
v -5.224609 78.979050 -20.426249
v 0.182225 79.470314 -17.283117
v 4.550040 79.273766 -11.190295
v 8.192298 79.757835 -5.366061
v 11.927828 79.105331 0.424003
v 15.566344 79.016029 6.987864
v 16.264235 78.376015 13.271221
v 11.987112 77.426620 18.074554
v 5.237662 76.424202 20.192945
v -0.903064 76.473381 18.483068
v -5.949872 75.711319 14.460649
v -11.161253 76.791939 6.868804
v -15.785521 75.937912 -1.205228
v -17.282364 76.937927 -7.395193
v -31.175703 100.941376 57.594120
v -30.187275 102.218185 59.054527
v -30.954975 95.860237 56.648098
v -29.490499 95.814384 58.352547
v -30.091867 90.469788 56.381161
v -28.861876 89.412712 57.571228
v -27.326622 90.383209 59.599506
v -27.833794 95.762512 60.280701
v -28.410458 100.854797 60.812466
v -57.896992 78.428139 -16.788891
v -57.365814 78.107727 -14.875323
v -58.179195 81.548126 -10.706962
v -59.099159 82.854683 -12.212340
v -59.331932 85.347267 -7.390424
v -60.301311 87.281219 -7.635784
v -61.110390 87.873093 -10.300614
v -60.186565 84.399063 -13.991732
v -59.144272 80.633545 -17.785503
vt 0.208431 0.494797
vt 0.208575 0.478116
vt 0.229443 0.475893
vt 0.229271 0.493426
vt 0.252729 0.492198
vt 0.256170 0.471571
vt 0.275357 0.475888
vt 0.275429 0.493819
vt 0.298111 0.492176
vt 0.294163 0.471736
vt 0.321331 0.475953
vt 0.321541 0.493432
vt 0.198757 0.641525
vt 0.200055 0.589825
vt 0.221664 0.590600
vt 0.219751 0.640956
vt 0.244967 0.639373
vt 0.247968 0.591507
vt 0.275466 0.591669
vt 0.275481 0.635804
vt 0.305994 0.639365
vt 0.302966 0.591494
vt 0.329276 0.590573
vt 0.331197 0.640955
vt 0.199789 0.728809
vt 0.197393 0.704590
vt 0.219517 0.692482
vt 0.227784 0.730211
vt 0.252859 0.733034
vt 0.249003 0.687406
vt 0.275511 0.688085
vt 0.275516 0.730408
vt 0.298175 0.733010
vt 0.302021 0.687396
vt 0.331536 0.692451
vt 0.323246 0.730162
vt 0.805511 0.686057
vt 0.204711 0.752714
vt 0.229559 0.760254
vt 0.782889 0.696424
vt 0.784986 0.875584
vt 0.254181 0.941082
vt 0.275435 0.940431
vt 0.742298 0.896742
vt 0.699334 0.736241
vt 0.297037 0.807427
vt 0.321459 0.760204
vt 0.696358 0.696343
vt 0.808954 0.641287
vt 0.805193 0.664541
vt 0.784300 0.671779
vt 0.785729 0.644267
vt 0.763331 0.647822
vt 0.762442 0.673765
vt 0.742276 0.741120
vt 0.739609 0.647377
vt 0.715889 0.647774
vt 0.716786 0.673709
vt 0.694936 0.671695
vt 0.693494 0.644181
vt 0.806875 0.557726
vt 0.810121 0.617205
vt 0.790367 0.607046
vt 0.787575 0.557696
vt 0.763367 0.556090
vt 0.764746 0.603486
vt 0.739627 0.603152
vt 0.739688 0.556093
vt 0.716014 0.556064
vt 0.714496 0.603455
vt 0.688836 0.606971
vt 0.691820 0.557642
vt 0.803405 0.420481
vt 0.802841 0.435733
vt 0.782960 0.432290
vt 0.783371 0.416064
vt 0.759505 0.410786
vt 0.759570 0.428509
vt 0.739756 0.426992
vt 0.739743 0.409699
vt 0.720007 0.410786
vt 0.719946 0.428500
vt 0.696571 0.432245
vt 0.696182 0.416016
vt 0.819305 0.093413
vt 0.797386 0.086157
vt 0.790779 0.072322
vt 0.822344 0.073237
vt 0.265809 0.416173
vt 0.762697 0.377789
vt 0.739788 0.389948
vt 0.275377 0.462947
vt 0.364323 0.097210
vt 0.342669 0.089884
vt 0.336664 0.075169
vt 0.367299 0.076188
vt 0.342559 0.494848
vt 0.342402 0.478170
vt 0.366070 0.480227
vt 0.366198 0.495669
vt 0.352247 0.641476
vt 0.350872 0.589816
vt 0.374237 0.588973
vt 0.374011 0.638442
vt 0.936729 0.462892
vt 0.940585 0.464321
vt 0.946953 0.476690
vt 0.936605 0.482861
vt 0.804780 0.405462
vt 0.824266 0.410023
vt 0.823186 0.423812
vt 0.805355 0.509178
vt 0.825584 0.509339
vt 0.825621 0.554997
vt 0.118742 0.522844
vt 0.058006 0.517789
vt 0.074507 0.510871
vt 0.084702 0.516921
vt 0.822269 0.350445
vt 0.784755 0.399833
vt 0.805305 0.347137
vt 0.793942 0.336256
vt 0.777469 0.322538
vt 0.236211 0.409364
vt 0.220899 0.415267
vt 0.203041 0.415110
vt 0.182178 0.419746
vt 0.685950 0.336155
vt 0.717407 0.377787
vt 0.694840 0.399772
vt 0.674409 0.347030
vt 0.657366 0.350391
vt 0.674734 0.405426
vt 0.637625 0.358046
vt 0.347747 0.415166
vt 0.329799 0.415381
vt 0.314324 0.409429
vt 0.706215 0.336018
vt 0.292514 0.404556
vt 0.870618 0.237836
vt 0.844433 0.293934
vt 0.832214 0.287148
vt 0.858351 0.228645
vt 0.844944 0.223065
vt 0.821107 0.280742
vt 0.243727 0.342391
vt 0.826584 0.212775
vt 0.214622 0.282882
vt 0.224361 0.346790
vt 0.210147 0.349538
vt 0.199596 0.284960
vt 0.184434 0.288656
vt 0.194986 0.352422
vt 0.864110 0.304875
vt 0.163133 0.290367
vt 0.634803 0.222910
vt 0.658751 0.280554
vt 0.647480 0.287052
vt 0.621343 0.228556
vt 0.609012 0.237734
vt 0.635143 0.293889
vt 0.375465 0.356065
vt 0.590820 0.249121
vt 0.366326 0.288752
vt 0.355651 0.352469
vt 0.340563 0.349608
vt 0.351134 0.285011
vt 0.336042 0.282967
vt 0.326383 0.346874
vt 0.678330 0.268182
vt 0.315081 0.275917
vt 0.789900 0.091626
vt 0.894734 0.181072
vt 0.223763 0.023658
vt 0.779683 0.072008
vt 0.205625 0.023651
vt 0.212375 0.030485
vt 0.208733 0.046428
vt 0.818124 0.043214
vt 0.919973 0.054113
vt 0.218394 0.124576
vt 0.231547 0.124829
vt 0.925982 0.076298
vt 0.853028 0.105343
vt 0.173602 0.224408
vt 0.245023 0.044913
vt 0.815784 0.102925
vt 0.335499 0.095534
vt 0.609223 0.166963
vt 0.147562 0.023794
vt 0.325939 0.074804
vt 0.129108 0.019171
vt 0.133886 0.026698
vt 0.125138 0.040618
vt 0.363323 0.044920
vt 0.461211 0.056389
vt 0.114656 0.083148
vt 0.128082 0.110700
vt 0.466974 0.079440
vt 0.396801 0.109583
vt 0.345740 0.218419
vt 0.158805 0.046562
vt 0.361009 0.107136
vt 0.212264 0.093809
vt 0.204982 0.218327
vt 0.226791 0.056935
vt 0.229179 0.093286
vt 0.246067 0.092223
vt 0.255137 0.092099
vt 0.884191 0.095549
vt 0.853655 0.095653
vt 0.854753 0.074189
vt 0.884265 0.075061
vt 0.885799 0.054616
vt 0.855335 0.052709
vt 0.203340 0.068369
vt 0.888472 0.044995
vt 0.116537 0.064410
vt 0.377147 0.224500
vt 0.136900 0.057215
vt 0.135301 0.068971
vt 0.159593 0.072808
vt 0.169578 0.075371
vt 0.426769 0.099419
vt 0.397393 0.099512
vt 0.398467 0.077209
vt 0.426850 0.078134
vt 0.428347 0.056895
vt 0.399054 0.054890
vt 0.111199 0.052142
vt 0.430928 0.046902
vt 0.398347 0.732496
vt 0.353774 0.704759
vt 0.655189 0.607952
vt 0.404645 0.715309
vt 0.625247 0.642548
vt 0.669008 0.617360
vt 0.670290 0.641156
vt 0.629866 0.657272
vt 0.633967 0.675274
vt 0.674058 0.664432
vt 0.345812 0.774768
vt 0.637449 0.692485
vt 0.387906 0.765553
vt 0.346295 0.752641
vt 0.351218 0.728717
vt 0.392980 0.747350
vt 0.854032 0.642643
vt 0.181252 0.694641
vt 0.859345 0.625630
vt 0.152631 0.732602
vt 0.157999 0.747449
vt 0.163074 0.765647
vt 0.167481 0.783084
vt 0.845329 0.675366
vt 0.849419 0.657366
vt 0.462802 0.754848
vt 0.433121 0.744888
vt 0.586158 0.633072
vt 0.469035 0.736153
vt 0.562716 0.661102
vt 0.591598 0.653084
vt 0.596668 0.669873
vt 0.567525 0.676181
vt 0.573571 0.695803
vt 0.602326 0.689166
vt 0.414557 0.801264
vt 0.575415 0.714705
vt 0.450039 0.789809
vt 0.420413 0.781867
vt 0.427222 0.762131
vt 0.457315 0.770152
vt 0.916571 0.661069
vt 0.887682 0.653104
vt 0.112049 0.724515
vt 0.922852 0.642462
vt 0.088177 0.754903
vt 0.117860 0.744959
vt 0.123753 0.762207
vt 0.093657 0.770210
vt 0.100926 0.789871
vt 0.130556 0.781946
vt 0.872833 0.708772
vt 0.104321 0.808576
vt 0.905760 0.695791
vt 0.876995 0.689207
vt 0.882631 0.669903
vt 0.911782 0.676158
vt 0.245118 0.820265
vt 0.256063 0.761423
vt 0.275458 0.816348
vt 0.275456 0.817082
vt 0.305796 0.819611
vt 0.322444 0.827635
vt 0.716707 0.746651
vt 0.742277 0.751635
vt 0.767846 0.746640
vt 0.232576 0.815700
vt 0.789238 0.746868
vt 0.242805 0.909093
vt 0.242913 0.847487
vt 0.275453 0.850080
vt 0.275444 0.899369
vt 0.308078 0.909112
vt 0.307992 0.847504
vt 0.685718 0.768892
vt 0.335635 0.923345
vt 0.710517 0.826756
vt 0.709025 0.772272
vt 0.742280 0.767854
vt 0.742288 0.823907
vt 0.774059 0.826743
vt 0.775535 0.772258
vt 0.216918 0.852154
vt 0.800161 0.835727
vt 0.803587 0.472219
vt 0.184266 0.511368
vt 0.823748 0.473030
vt 0.786007 0.508646
vt 0.783967 0.470951
vt 0.760849 0.468488
vt 0.762764 0.507838
vt 0.739729 0.507585
vt 0.739749 0.469813
vt 0.718652 0.468468
vt 0.716699 0.507812
vt 0.693463 0.508589
vt 0.695538 0.470900
vt 0.347089 0.550471
vt 0.343449 0.511536
vt 0.656251 0.437958
vt 0.370672 0.549455
vt 0.305626 0.550928
vt 0.300328 0.509969
vt 0.323635 0.511057
vt 0.326613 0.553291
vt 0.245263 0.550946
vt 0.250519 0.509979
vt 0.275426 0.509223
vt 0.275447 0.553833
vt 0.203857 0.550446
vt 0.207534 0.511493
vt 0.227207 0.511082
vt 0.224277 0.553331
vt 0.296688 0.941095
vt 0.317831 0.963343
vt 0.722395 0.859395
vt 0.742293 0.859091
vt 0.762190 0.859387
vt 0.672412 0.557619
vt 0.673996 0.509116
vt 0.676597 0.435714
vt 0.676064 0.420456
vt 0.798456 0.058765
vt 0.820876 0.052919
vt 0.343747 0.061021
vt 0.365907 0.055032
vt 0.963235 0.483911
vt 0.902883 0.489040
vt 0.909072 0.482168
vt 0.925033 0.475729
vt 0.931354 0.463643
vt 0.080884 0.498420
vt 0.084741 0.496992
vt 0.090126 0.497750
vt 0.096539 0.509638
vt 0.112499 0.516024
vt 0.245369 0.109349
vt 0.249130 0.116712
vt 0.914174 0.091435
vt 0.914507 0.075957
vt 0.915392 0.060496
vt 0.143488 0.116794
vt 0.145270 0.126440
vt 0.455609 0.095160
vt 0.455938 0.079081
vt 0.456800 0.063019
vt 0.982240 0.434188
vt 0.963585 0.427947
vt 0.946509 0.423110
vt 0.890921 0.433118
vt 0.882130 0.436526
vt 0.926679 0.423006
vt 0.909612 0.427375
vt 0.937930 0.422313
vt 0.075163 0.457134
vt 0.058225 0.461798
vt 0.039557 0.467684
vt 0.094859 0.456979
vt 0.083682 0.456346
vt 0.130564 0.466891
vt 0.111877 0.461251
vt 0.033116 0.470128
vt 0.675805 0.472192
vt 0.653419 0.509254
vt 0.655248 0.472962
vt 0.367019 0.511392
vt 0.176921 0.588998
vt 0.180547 0.549455
vt 0.822760 0.437993
vt 0.233028 0.963316
vt 0.215241 0.923308
vt 0.798841 0.768868
vt 0.699605 0.875602
vt 0.684417 0.835751
vt 0.333987 0.852188
vt 0.228471 0.827609
vt 0.254212 0.785439
vt 0.759269 0.697501
vt 0.785216 0.736222
vt 0.695315 0.746888
vt 0.719972 0.697428
vt 0.296799 0.785396
vt 0.318344 0.815723
vt 0.903939 0.714697
vt 0.136407 0.801345
vt 0.081951 0.736203
vt 0.893090 0.633076
vt 0.446638 0.808511
vt 0.606509 0.708725
vt 0.556410 0.642507
vt 0.438944 0.724452
vt 0.841861 0.692578
vt 0.205190 0.774839
vt 0.146366 0.715395
vt 0.823906 0.608060
vt 0.383498 0.782992
vt 0.673752 0.685953
vt 0.619881 0.625562
vt 0.369876 0.694574
vt 0.624476 0.158216
vt 0.327082 0.211968
vt 0.653476 0.212425
vt 0.306569 0.342322
vt 0.153133 0.050558
vt 0.361352 0.222428
vt 0.125968 0.045756
vt 0.396618 0.225899
vt 0.569871 0.190223
vt 0.388031 0.290471
vt 0.615162 0.304972
vt 0.596954 0.173816
vt 0.584932 0.180968
vt 0.909456 0.190131
vt 0.154402 0.225852
vt 0.888489 0.249012
vt 0.175675 0.355943
vt 0.241882 0.047343
vt 0.189385 0.222364
vt 0.213528 0.046751
vt 0.223402 0.212053
vt 0.855547 0.158550
vt 0.235225 0.276013
vt 0.801766 0.268578
vt 0.882733 0.173912
vt 0.870470 0.167071
vt 0.702590 0.322102
vt 0.284431 0.416033
vt 0.369025 0.419829
vt 0.654789 0.409992
vt 0.841623 0.358035
vt 0.185243 0.480200
vt 0.257695 0.404697
vt 0.773758 0.336466
vt 0.177136 0.638471
vt 0.185108 0.495641
vt 0.653403 0.554919
vt 0.655840 0.423782
vt 0.740026 0.329135
vt 0.739609 0.679991
vt 0.717946 0.727940
vt 0.321543 0.784229
vt 0.275425 0.981496
vt 0.229466 0.784279
vt 0.766602 0.727930
vt 0.275513 0.766895
vt 0.294962 0.761394
vt 0.158494 0.031032
vt 0.235614 0.029385
vt 0.253884 0.807420
vt 0.968218 0.693073
vt 0.970279 0.686813
vt 0.964692 0.720144
vt 0.041234 0.817480
vt 0.965692 0.701614
vt 0.035620 0.790589
vt 0.038855 0.799577
vt 0.026837 0.766821
vt 0.976742 0.669618
vt 0.033170 0.783659
vt 0.515345 0.790561
vt 0.512107 0.799546
vt 0.509721 0.817448
vt 0.514670 0.720260
vt 0.513647 0.701731
vt 0.511110 0.693195
vt 0.509040 0.686939
vt 0.502555 0.669755
vt 0.524137 0.766797
vt 0.517798 0.783632
vt 0.052820 0.522857
vt 0.139366 0.470253
vt 0.968347 0.489050
vt 0.988625 0.436785
vt 0.108883 0.091107
vt 0.106409 0.062482
vt 0.399209 0.044805
vt 0.459518 0.102060
vt 0.428604 0.109556
vt 0.167704 0.057128
vt 0.215342 0.132259
vt 0.203222 0.094543
vt 0.855471 0.043005
vt 0.918242 0.098075
vt 0.886101 0.105305
vt 0.255511 0.067846
vt 0.169019 0.047690
vt 0.166893 0.025823
vt 0.125973 0.120002
vt 0.337008 0.054912
vt 0.115292 0.038211
vt 0.149847 0.015689
vt 0.254586 0.043904
vt 0.241676 0.021944
vt 0.231922 0.132778
vt 0.791425 0.052872
vt 0.199112 0.046316
vt 0.223332 0.014444
vn -0.973671 0.213027 -0.081141
vn -0.973671 0.213027 -0.081141
vn -0.994100 -0.011158 0.107890
vn -0.976464 -0.107837 0.186786
vn -0.924547 -0.195196 0.327280
vn -0.905807 -0.048110 0.420951
vn -0.889214 0.073727 0.451511
vn -0.916097 -0.153368 0.370467
vn -0.697272 -0.001591 0.716805
vn -0.772593 0.316303 0.550502
vn -0.423997 0.259106 0.867808
vn -0.580522 0.062758 0.811822
vn -0.872481 0.018642 -0.488292
vn -0.882121 -0.122334 -0.454859
vn -0.972840 -0.217924 -0.078049
vn -0.992095 -0.101972 -0.073138
vn -0.925354 -0.132947 0.355028
vn -0.896213 -0.312408 0.314967
vn -0.775514 -0.332035 0.536965
vn -0.805145 -0.124803 0.579799
vn -0.625108 -0.136682 0.768478
vn -0.604345 -0.298849 0.738550
vn -0.264819 -0.223801 0.937968
vn -0.265342 -0.113943 0.957398
vn -0.975067 -0.166970 0.146167
vn -0.958948 -0.257653 -0.118465
vn -0.995187 -0.095609 -0.021488
vn -0.979480 -0.029469 0.199376
vn -0.886238 0.036147 0.461818
vn -0.891094 -0.115831 0.438788
vn -0.805662 -0.115464 0.581014
vn -0.811579 0.004727 0.584224
vn -0.750704 0.029128 0.659996
vn -0.705503 -0.111969 0.699806
vn -0.337270 -0.083673 0.937682
vn -0.641920 -0.041026 0.765673
vn -0.438365 0.666392 -0.603124
vn -0.870120 0.407544 -0.277125
vn -0.859357 0.497301 0.119155
vn -0.397545 0.895059 -0.202058
vn -0.687892 0.725481 0.021966
vn -0.757847 0.233645 0.609162
vn -0.327625 0.215089 0.919999
vn -0.175715 0.877358 0.446506
vn 0.021154 0.891325 0.452872
vn -0.695170 0.421631 0.582208
vn -0.534304 0.527768 0.660288
vn -0.064126 0.894408 0.442632
vn 0.810651 0.133921 -0.570009
vn 0.176413 0.609705 -0.772747
vn 0.168380 0.833732 -0.525870
vn 0.688671 0.359186 -0.629855
vn 0.692543 0.442323 -0.569855
vn 0.393982 0.774714 -0.494567
vn 0.635230 0.597345 -0.489552
vn 0.719380 0.449337 -0.529707
vn 0.777481 0.462132 -0.426565
vn 0.618749 0.752589 -0.225298
vn 0.551029 0.823496 0.134988
vn 0.893771 0.386695 -0.227245
vn -0.064301 0.300899 -0.951486
vn 0.565003 0.050022 -0.823571
vn 0.476007 0.304853 -0.824914
vn 0.497632 0.320750 -0.805905
vn 0.732021 0.293368 -0.614882
vn 0.721966 0.312401 -0.617391
vn 0.765628 0.317905 -0.559241
vn 0.778997 0.281907 -0.560082
vn 0.823042 0.285973 -0.490735
vn 0.821365 0.320420 -0.471900
vn 0.942302 0.313187 -0.118241
vn 0.933733 0.306209 -0.185416
vn 0.471570 0.070956 -0.878969
vn 0.274891 0.027197 -0.961091
vn 0.776579 0.073658 -0.625699
vn 0.845919 0.013591 -0.533139
vn 0.911992 -0.114788 -0.393820
vn 0.877558 0.007306 -0.479414
vn 0.860222 -0.053811 -0.507072
vn 0.854237 -0.230763 -0.465862
vn 0.768800 -0.209460 -0.604213
vn 0.824861 -0.045400 -0.563510
vn 0.892706 0.008890 -0.450551
vn 0.819976 -0.107262 -0.562258
vn 0.039528 -0.998332 -0.042092
vn 0.051261 -0.997094 -0.056356
vn 0.046450 -0.997452 -0.054143
vn 0.031382 -0.998685 -0.040535
vn -0.069993 -0.721474 0.688895
vn 0.412029 -0.847412 0.334852
vn 0.404589 -0.912880 -0.054380
vn -0.607910 -0.738394 0.291925
vn 0.018351 -0.999786 0.009502
vn 0.026493 -0.999609 0.008960
vn 0.026896 -0.999617 0.006483
vn 0.020037 -0.999785 0.005279
vn 0.696941 0.466200 0.544914
vn 0.696941 0.466200 0.544914
vn 0.696941 0.466200 0.544914
vn 0.696941 0.466200 0.544914
vn 0.123702 -0.009265 0.992276
vn 0.128651 -0.152069 0.979961
vn 0.589935 -0.045742 0.806154
vn 0.517459 0.105388 0.849193
vn -0.751671 -0.152136 0.641752
vn -0.751673 -0.152135 0.641750
vn -0.751673 -0.152135 0.641750
vn -0.751671 -0.152135 0.641752
vn 0.006408 0.239453 -0.970887
vn 0.006408 0.239453 -0.970887
vn 0.006408 0.239453 -0.970887
vn 0.006408 0.239453 -0.970887
vn 0.061252 0.193807 -0.979126
vn -0.560145 0.017137 -0.828218
vn -0.567103 0.161377 -0.807683
vn -0.888806 -0.423199 0.175857
vn -0.888806 -0.423201 0.175858
vn -0.888805 -0.423201 0.175858
vn -0.888806 -0.423200 0.175857
vn 0.793971 -0.279563 -0.539865
vn 0.786744 -0.218281 -0.577397
vn 0.862262 -0.431872 -0.264557
vn 0.853818 -0.466268 -0.231492
vn 0.181579 -0.649675 0.738209
vn 0.179054 -0.636579 0.750138
vn -0.633891 -0.078990 0.769378
vn -0.863260 0.389212 0.321398
vn -0.872103 0.434679 0.224702
vn -0.177752 0.490893 -0.852894
vn -0.197958 0.532487 -0.822965
vn -0.197958 0.532487 -0.822965
vn -0.180341 0.496244 -0.849247
vn 0.004338 -0.804736 -0.593617
vn 0.112273 -0.796777 -0.593752
vn 0.368524 -0.744421 -0.556801
vn 0.294063 -0.773698 -0.561176
vn 0.989115 -0.007771 0.146940
vn 0.985846 0.023755 0.165963
vn 0.985846 0.023755 0.165963
vn 0.989312 -0.010209 0.145460
vn 0.136985 0.795208 0.590660
vn 0.025779 0.849157 0.527511
vn -0.412568 0.782408 0.466503
vn -0.279101 0.793370 0.540987
vn -0.872858 0.394306 0.287475
vn -0.876824 -0.479725 -0.032298
vn -0.994896 -0.047653 0.088945
vn 0.491076 0.559491 -0.667694
vn 0.428590 0.621508 -0.655774
vn 0.901595 0.385345 0.196561
vn 0.936126 0.339549 0.091510
vn 0.555730 -0.210922 0.804162
vn 0.424798 -0.273607 0.862952
vn -0.126970 -0.490457 0.862166
vn -0.005248 -0.493684 0.869625
vn -0.522705 -0.551502 0.650096
vn -0.660716 -0.475563 0.580770
vn -0.974843 -0.217507 -0.048709
vn -0.950464 -0.298066 -0.088173
vn -0.554569 0.224862 -0.801180
vn -0.701952 0.193145 -0.685535
vn -0.098077 0.477218 -0.873295
vn -0.021860 0.456516 -0.889446
vn -0.587979 -0.109764 -0.801394
vn -0.741557 -0.128111 -0.658544
vn 0.224174 0.176181 -0.958492
vn 0.325551 0.100144 -0.940206
vn 0.941193 0.214994 -0.260640
vn 0.928720 0.280412 -0.242589
vn 0.909145 0.214254 0.357144
vn 0.928307 0.181635 0.324431
vn 0.575533 0.131963 0.807061
vn 0.430440 0.187920 0.882841
vn -0.297484 0.092949 0.950192
vn -0.319005 -0.016624 0.947607
vn -0.941467 -0.153686 0.300036
vn -0.862481 -0.048274 0.503781
vn -0.977560 -0.156076 -0.141483
vn -0.936805 -0.193565 -0.291426
vn 0.810481 0.420130 -0.408181
vn 0.810481 0.420130 -0.408181
vn 0.891885 0.451874 0.018735
vn 0.891096 0.450708 0.053015
vn 0.150103 0.308238 0.939393
vn 0.150103 0.308238 0.939393
vn 0.150103 0.308238 0.939393
vn 0.150103 0.308238 0.939393
vn -0.320602 0.944734 0.068504
vn -0.320602 0.944734 0.068504
vn -0.317505 0.948072 -0.018712
vn -0.317505 0.948072 -0.018713
vn -0.081698 0.565917 -0.820405
vn -0.081698 0.565917 -0.820405
vn -0.081698 0.565917 -0.820405
vn -0.081698 0.565917 -0.820405
vn -0.133109 0.382675 -0.914244
vn -0.133109 0.382675 -0.914244
vn 0.312173 0.432717 -0.845757
vn 0.300688 0.432530 -0.850003
vn 0.931273 0.339487 0.132207
vn 0.931273 0.339487 0.132207
vn 0.931273 0.339487 0.132207
vn 0.931273 0.339487 0.132207
vn -0.023774 0.944128 0.328720
vn -0.023774 0.944128 0.328720
vn -0.106252 0.948016 0.299962
vn -0.106213 0.948015 0.299976
vn -0.817133 0.519124 -0.250605
vn -0.817133 0.519124 -0.250605
vn -0.817133 0.519124 -0.250605
vn -0.817133 0.519124 -0.250605
vn 0.027638 0.999457 0.017914
vn 0.027638 0.999458 0.017914
vn 0.013938 0.999702 0.020043
vn 0.013953 0.999702 0.020041
vn 0.112208 0.448919 -0.886499
vn 0.112208 0.448919 -0.886499
vn 0.112208 0.448919 -0.886499
vn 0.112208 0.448919 -0.886499
vn 0.004065 -0.999968 -0.006833
vn 0.019118 -0.999598 -0.020945
vn 0.009896 -0.999764 -0.019363
vn -0.001954 -0.999976 -0.006624
vn -0.035881 -0.005348 0.999342
vn -0.029299 -0.009253 0.999528
vn -0.029480 -0.009145 0.999524
vn -0.035881 -0.005348 0.999342
vn -0.006947 0.999972 0.002646
vn -0.006947 0.999972 0.002646
vn -0.005846 0.999979 -0.002953
vn -0.005847 0.999979 -0.002952
vn -0.818700 0.430685 -0.379791
vn -0.818700 0.430685 -0.379791
vn -0.818700 0.430685 -0.379791
vn -0.818700 0.430685 -0.379791
vn 0.002171 -0.999993 0.003108
vn 0.007949 -0.999946 0.006646
vn 0.009310 -0.999954 0.002272
vn 0.003025 -0.999995 -0.000129
vn 0.937767 0.002517 0.347255
vn 0.936117 0.007069 0.351618
vn 0.936099 0.007117 0.351664
vn 0.937767 0.002517 0.347255
vn -0.817586 -0.423295 -0.390352
vn -0.457898 -0.281140 0.843380
vn -0.177166 -0.470696 -0.864325
vn -0.232589 -0.458870 -0.857520
vn 0.592141 -0.314098 -0.742099
vn 0.989772 0.088236 0.112102
vn 0.982726 0.166531 -0.080726
vn 0.964367 -0.007034 -0.264475
vn 0.823735 0.367928 0.431381
vn 0.676035 0.562198 0.476352
vn 0.148318 0.593454 0.791084
vn 0.248435 0.508095 0.824693
vn -0.453862 0.235384 0.859421
vn -0.346098 0.359270 0.866684
vn -0.814728 -0.200735 0.543988
vn -0.933615 -0.241383 0.264759
vn 0.937344 -0.320813 0.135889
vn 0.415303 -0.608758 0.675972
vn 0.470571 -0.550327 0.689713
vn -0.378575 -0.518254 0.766872
vn -0.904991 -0.200292 0.375333
vn -0.881568 0.369931 -0.293239
vn -0.375586 0.623198 -0.685973
vn 0.356186 0.479673 -0.801901
vn 0.909886 0.034190 -0.413448
vn -0.518884 0.621776 -0.586646
vn -0.746088 0.274105 -0.606810
vn -0.380138 -0.313960 -0.870014
vn -0.633130 -0.021472 -0.773748
vn -0.378714 -0.672781 -0.635563
vn 0.292101 -0.715502 -0.634613
vn 0.762361 -0.615508 -0.199891
vn 0.176887 -0.983110 -0.046968
vn 0.453914 -0.663391 0.594873
vn 0.897775 -0.295907 0.326250
vn 0.466998 0.238708 0.851429
vn 0.427721 -0.034049 0.903269
vn 0.345519 0.568851 0.746341
vn 0.236969 0.630471 0.739157
vn -0.582386 0.774201 0.247872
vn -0.035837 0.998497 0.041474
vn 0.437095 -0.895300 0.085936
vn 0.764574 -0.636103 -0.103917
vn 0.572233 -0.542077 0.615388
vn 0.412620 -0.598486 0.686701
vn 0.252929 -0.031689 0.966966
vn 0.120881 -0.142697 0.982357
vn -0.576907 0.470801 0.667476
vn -0.155230 0.726721 0.669164
vn -0.585638 0.800057 -0.130140
vn -0.701999 0.644768 -0.302443
vn -0.436123 0.507215 -0.743324
vn -0.625152 0.435596 -0.647642
vn -0.312247 -0.117807 -0.942668
vn 0.299779 0.067987 -0.951583
vn 0.669484 -0.352954 -0.653616
vn 0.180051 -0.697357 -0.693740
vn -0.858254 -0.503296 0.100468
vn -0.858254 -0.503296 0.100468
vn -0.858254 -0.503296 0.100468
vn -0.858254 -0.503296 0.100468
vn 0.500820 -0.296521 0.813176
vn 0.500820 -0.296521 0.813176
vn 0.667016 -0.035321 0.744206
vn 0.934271 -0.287591 -0.210782
vn 0.705371 0.317806 -0.633602
vn 0.580953 -0.038515 -0.813026
vn -0.004592 -0.131705 -0.991278
vn -0.598345 0.777611 -0.193141
vn -0.706449 -0.230854 -0.669056
vn -0.925223 -0.128682 0.356935
vn -0.907245 -0.326098 0.265645
vn -0.388865 -0.396176 0.831762
vn -0.347409 -0.213195 0.913157
vn 0.460107 -0.100027 0.882211
vn 0.321024 -0.347865 0.880871
vn 0.874650 -0.212082 0.435900
vn 0.903405 0.129660 0.408714
vn 0.886952 0.210861 -0.410918
vn 0.907625 -0.045043 -0.417358
vn 0.403160 0.040563 -0.914230
vn 0.355030 0.167965 -0.919642
vn -0.405431 0.204584 -0.890938
vn -0.289509 -0.027029 -0.956794
vn -0.907666 -0.224867 -0.354369
vn -0.949522 0.081814 -0.302844
vn 0.139463 0.072909 -0.987540
vn -0.429242 -0.119983 -0.895185
vn -0.502031 -0.088718 -0.860287
vn 0.589528 0.263921 -0.763415
vn 0.681541 0.158700 -0.714365
vn 0.826216 0.130034 -0.548141
vn 0.766105 0.246162 -0.593707
vn 0.801240 0.222205 -0.555553
vn 0.836983 0.096411 -0.538668
vn 0.844258 0.078804 -0.530111
vn 0.832972 0.210087 -0.511880
vn 0.933534 0.196921 -0.299560
vn 0.931886 0.074556 -0.355007
vn 0.065039 -0.263092 0.962576
vn 0.071366 -0.330098 0.941245
vn 0.624551 -0.149806 0.766482
vn 0.566292 -0.152173 0.810035
vn -0.627899 -0.465615 0.623655
vn -0.681757 -0.413391 0.603585
vn -0.424501 -0.430948 0.796293
vn -0.364522 -0.376805 0.851553
vn -0.840872 -0.454582 0.293752
vn -0.851111 -0.372478 0.369960
vn -0.783263 -0.371640 0.498380
vn -0.732008 -0.497458 0.465510
vn -0.848059 -0.218426 -0.482790
vn -0.836511 -0.265184 -0.479507
vn -0.931860 -0.360524 0.040744
vn -0.936352 -0.348003 -0.046237
vn -0.878058 -0.334040 0.342682
vn -0.935415 -0.351380 0.039131
vn -0.759262 -0.141607 -0.635192
vn -0.755550 0.010312 0.655010
vn -0.607027 -0.466863 0.643084
vn -0.784124 -0.345031 0.515851
vn -0.243930 0.434425 0.867049
vn -0.243930 0.434425 0.867049
vn 0.301136 -0.245045 0.921559
vn -0.347661 -0.564991 0.748276
vn -0.830186 0.371849 0.415354
vn -0.788386 0.185436 0.586567
vn 0.222535 0.276560 0.934876
vn 0.483252 0.755249 0.442794
vn 0.588158 0.796647 -0.139369
vn 0.138609 0.887536 -0.439395
vn -0.377746 0.792547 -0.478724
vn 0.864403 0.255857 0.432833
vn 0.955644 0.111301 0.272684
vn 0.846127 -0.457809 -0.272911
vn 0.898713 -0.342425 -0.273971
vn 0.895148 -0.296708 -0.332679
vn 0.777266 -0.005191 -0.629150
vn 0.777266 -0.005191 -0.629150
vn 0.609555 -0.591646 -0.527634
vn -0.225969 -0.901781 -0.368415
vn 0.782856 -0.559185 -0.272853
vn 0.781627 -0.483029 -0.394641
vn 0.990226 -0.021068 0.137874
vn 0.991916 -0.038434 -0.120937
vn 0.792114 -0.265766 -0.549476
vn 0.792114 -0.265766 -0.549476
vn 0.477304 -0.511116 -0.714802
vn 0.527434 -0.482156 -0.699528
vn 0.041605 -0.997785 -0.051914
vn 0.021169 -0.999083 -0.037209
vn 0.000779 -0.999841 -0.017805
vn 0.027294 -0.999619 0.004033
vn 0.020846 -0.999782 0.000947
vn 0.010686 -0.999941 -0.002148
vn 0.929291 0.064584 0.363658
vn 0.929291 0.064584 0.363658
vn 0.929291 0.064584 0.363658
vn 0.929291 0.064584 0.363658
vn 0.764575 -0.082308 0.639258
vn 0.446171 0.226002 0.865942
vn -0.751671 -0.152136 0.641752
vn -0.751671 -0.152136 0.641752
vn -0.751670 -0.152136 0.641753
vn -0.751670 -0.152136 0.641753
vn -0.751670 -0.152137 0.641753
vn -0.751669 -0.152137 0.641753
vn -0.751669 -0.152136 0.641754
vn -0.751669 -0.152136 0.641754
vn -0.370920 0.462365 -0.805380
vn -0.370920 0.462365 -0.805380
vn -0.370920 0.462365 -0.805380
vn -0.370920 0.462365 -0.805380
vn -0.287989 -0.006593 -0.957611
vn -0.537376 0.274620 -0.797378
vn -0.888807 -0.423198 0.175858
vn -0.888807 -0.423198 0.175858
vn -0.888806 -0.423200 0.175857
vn -0.888806 -0.423199 0.175857
vn -0.888806 -0.423200 0.175856
vn -0.888806 -0.423200 0.175856
vn -0.888807 -0.423198 0.175857
vn -0.888807 -0.423198 0.175857
vn 0.823205 -0.566215 0.041644
vn 0.801640 -0.592568 0.078968
vn 0.768350 -0.626608 0.130392
vn 0.836149 -0.503253 -0.218154
vn 0.796914 -0.332581 -0.504300
vn -0.328090 -0.421927 0.845183
vn -0.282062 -0.330527 0.900662
vn -0.282062 -0.330528 0.900662
vn 0.167464 -0.577539 0.799002
vn 0.167464 -0.577539 0.799002
vn -0.807150 0.587383 -0.059081
vn -0.792327 0.586815 -0.166932
vn -0.774057 0.581478 -0.250436
vn -0.880972 0.441102 0.171227
vn -0.778640 0.171053 0.603705
vn 0.156204 0.309121 -0.938107
vn 0.156204 0.309121 -0.938107
vn 0.164448 0.291405 -0.942359
vn 0.165133 0.289920 -0.942697
vn 0.172537 0.273768 -0.946194
vn 0.172537 0.273768 -0.946194
vn -0.159387 0.452769 -0.877266
vn -0.159387 0.452769 -0.877266
vn 0.614560 -0.630574 -0.474017
vn 0.559742 -0.681422 -0.471544
vn 0.506382 -0.724956 -0.466922
vn 0.218433 -0.804773 -0.551931
vn -0.130603 -0.801421 -0.583667
vn 0.856861 0.388178 0.339274
vn 0.856861 0.388178 0.339274
vn 0.892007 0.302582 0.335809
vn 0.887317 0.315336 0.336499
vn 0.913835 0.234991 0.331186
vn 0.913835 0.234991 0.331186
vn 0.990916 -0.036476 0.129439
vn 0.990916 -0.036476 0.129439
vn -0.641360 0.616557 0.456634
vn -0.207460 0.763711 0.611314
vn 0.216843 0.745929 0.629737
vn -0.850269 -0.457632 -0.260029
vn -0.861828 -0.432037 -0.265701
vn -0.892980 -0.350962 -0.281802
vn -0.892980 -0.350962 -0.281802
vn -0.999779 0.020287 -0.005608
vn -0.999779 0.020287 -0.005608
vn 0.635104 -0.188978 0.748953
vn 0.944998 0.325962 -0.026963
vn 0.487519 0.503556 -0.713271
vn -0.405776 -0.623542 0.668237
vn 0.070639 -0.493529 0.866856
vn -0.376092 0.255778 -0.890580
vn -0.908702 -0.341677 -0.239828
vn 0.021835 0.426561 -0.904195
vn 0.964383 0.159115 -0.211299
vn 0.384342 0.047383 -0.921974
vn -0.549007 -0.135675 -0.824732
vn 0.660197 0.070733 0.747755
vn 0.929933 0.144631 0.338093
vn -0.953447 -0.246231 0.174098
vn -0.281435 -0.134161 0.950155
vn -0.908114 -0.214266 -0.359748
vn 0.756757 0.371752 0.537699
vn 0.756757 0.371752 0.537698
vn 0.846454 0.003977 0.532448
vn 0.846453 0.003977 0.532448
vn 0.999053 0.029510 0.031977
vn 0.999503 0.030525 0.007929
vn 0.881717 0.046751 -0.469456
vn 0.881717 0.046751 -0.469456
vn -0.079548 0.560523 0.824310
vn -0.079548 0.560523 0.824310
vn -0.079548 0.560523 0.824310
vn -0.079548 0.560523 0.824310
vn -0.023476 -0.012705 0.999644
vn -0.023476 -0.012705 0.999644
vn 0.190886 -0.014777 0.981501
vn 0.190886 -0.014777 0.981501
vn 0.190886 -0.014777 0.981501
vn 0.190886 -0.014777 0.981501
vn -0.311985 0.944179 -0.105787
vn -0.311985 0.944179 -0.105787
vn -0.861995 -0.499417 -0.086873
vn -0.861995 -0.499417 -0.086873
vn -0.865163 -0.499797 -0.041181
vn -0.865163 -0.499797 -0.041181
vn -0.866516 -0.499128 0.004598
vn -0.866516 -0.499128 0.004598
vn 0.244068 0.365927 -0.898069
vn 0.244068 0.365927 -0.898069
vn 0.244068 0.365927 -0.898069
vn 0.244068 0.365927 -0.898069
vn 0.280295 0.045045 -0.958856
vn 0.280295 0.045045 -0.958856
vn 0.280295 0.045045 -0.958856
vn 0.280295 0.045045 -0.958856
vn 0.033352 0.025967 -0.999106
vn 0.036200 0.016970 -0.999201
vn 0.036136 0.017172 -0.999199
vn 0.033352 0.025967 -0.999106
vn 0.673858 0.398614 -0.622110
vn 0.673858 0.398614 -0.622110
vn 0.746152 0.011314 -0.665679
vn 0.746152 0.011314 -0.665679
vn 0.348774 0.002642 -0.937203
vn 0.358612 0.002844 -0.933482
vn -0.123925 -0.006541 -0.992270
vn -0.123925 -0.006541 -0.992270
vn 0.755232 0.539979 0.371547
vn 0.755232 0.539979 0.371547
vn 0.755232 0.539979 0.371547
vn 0.755232 0.539979 0.371547
vn 0.934608 0.011137 0.355504
vn 0.934608 0.011137 0.355504
vn 0.990012 0.017334 0.139914
vn 0.990012 0.017334 0.139914
vn 0.990012 0.017334 0.139914
vn 0.990012 0.017334 0.139914
vn -0.187875 0.944659 0.268928
vn -0.187875 0.944659 0.268928
vn -0.340204 -0.499255 0.796873
vn -0.340204 -0.499255 0.796873
vn -0.297468 -0.499917 0.813385
vn -0.297471 -0.499917 0.813384
vn -0.254112 -0.499531 0.828188
vn -0.254112 -0.499531 0.828188
vn -0.799330 0.311001 -0.514149
vn -0.799330 0.311001 -0.514150
vn -0.799330 0.311001 -0.514150
vn -0.799330 0.311001 -0.514150
vn -0.838662 -0.013991 -0.544472
vn -0.838662 -0.013991 -0.544472
vn -0.838662 -0.013991 -0.544472
vn -0.838662 -0.013991 -0.544472
vn -0.933979 -0.009176 -0.357209
vn -0.935626 -0.006087 -0.352941
vn -0.935651 -0.006038 -0.352874
vn -0.933979 -0.009176 -0.357209
vn 0.000067 0.999754 0.022194
vn 0.000067 0.999754 0.022194
vn -0.063610 0.992663 -0.102833
vn -0.063610 0.992663 -0.102833
vn -0.067997 0.997672 -0.005287
vn -0.067997 0.997672 -0.005291
vn -0.071730 0.993153 0.092207
vn -0.071730 0.993153 0.092207
vn 0.039390 0.006874 -0.999200
vn 0.039390 0.006874 -0.999200
vn -0.053329 -0.237387 -0.969950
vn -0.053329 -0.237387 -0.969950
vn -0.053329 -0.237387 -0.969950
vn -0.053329 -0.237387 -0.969950
vn 0.027088 0.551848 -0.833504
vn 0.027088 0.551848 -0.833504
vn 0.027088 0.551848 -0.833505
vn 0.027088 0.551848 -0.833505
vn -0.007869 -0.999948 -0.006419
vn -0.073558 -0.993177 0.090490
vn -0.073558 -0.993177 0.090490
vn -0.068847 -0.997627 -0.001126
vn -0.068838 -0.997627 -0.001295
vn -0.063537 -0.993634 -0.093036
vn -0.063537 -0.993633 -0.093036
vn 0.049922 0.449490 0.891889
vn 0.049922 0.449490 0.891889
vn 0.049922 0.449490 0.891889
vn 0.049922 0.449490 0.891889
vn -0.053006 0.553945 0.830864
vn -0.053005 0.553945 0.830864
vn -0.053005 0.553945 0.830864
vn -0.053005 0.553945 0.830864
vn -0.147714 -0.232165 0.961395
vn -0.147714 -0.232165 0.961395
vn -0.147714 -0.232165 0.961395
vn -0.147714 -0.232165 0.961395
vn -0.004750 0.999952 -0.008527
vn -0.004750 0.999952 -0.008527
vn -0.113872 0.992971 0.032281
vn -0.113872 0.992971 0.032281
vn -0.021788 0.997549 0.066495
vn -0.021882 0.997549 0.066460
vn 0.070511 0.992479 0.100066
vn 0.070511 0.992479 0.100066
vn -0.937446 -0.002607 -0.348121
vn -0.937446 -0.002607 -0.348121
vn -0.943472 -0.232609 -0.236122
vn -0.943472 -0.232609 -0.236122
vn -0.943472 -0.232609 -0.236122
vn -0.943472 -0.232609 -0.236122
vn -0.786296 0.554995 -0.271513
vn -0.786296 0.554995 -0.271513
vn -0.786296 0.554995 -0.271513
vn -0.786296 0.554995 -0.271513
vn 0.003886 -0.999987 -0.003395
vn 0.061091 -0.993766 0.093260
vn 0.061091 -0.993766 0.093260
vn -0.025150 -0.997722 0.062600
vn -0.025130 -0.997722 0.062607
vn -0.111076 -0.993314 0.031452
vn -0.111076 -0.993314 0.031452
vn 0.866300 0.435179 0.245242
vn 0.866300 0.435179 0.245242
vn 0.866300 0.435179 0.245242
vn 0.866300 0.435179 0.245242
vn 0.778500 0.552224 0.298307
vn 0.778499 0.552224 0.298307
vn 0.778500 0.552224 0.298307
vn 0.778499 0.552224 0.298307
vn 0.873631 -0.237148 0.424888
vn 0.873631 -0.237148 0.424888
vn 0.873631 -0.237148 0.424888
vn 0.873631 -0.237148 0.424888
vn -0.512631 -0.564111 -0.647293
vn -0.693169 -0.002478 -0.720771
vn -0.608317 0.574723 -0.547397
vn 0.378917 -0.624903 0.682582
vn 0.044219 -0.996083 -0.076576
vn 0.294949 0.546578 0.783746
vn 0.405745 -0.053708 0.912407
vn -0.115100 0.988486 0.098225
vn 0.213192 -0.108083 0.971014
vn 0.355291 -0.621376 0.698327
vn 0.388402 -0.901172 0.192441
vn -0.613535 0.783128 -0.101421
vn -0.189642 0.681710 0.706617
vn -0.428853 -0.047481 -0.902126
vn -0.645826 0.443995 -0.621110
vn 0.133663 -0.739344 -0.659928
vn 0.029055 -0.581502 0.813026
vn 0.029055 -0.581502 0.813026
vn 0.029055 -0.581502 0.813026
vn 0.029055 -0.581502 0.813026
vn 0.306224 -0.567944 0.763981
vn -0.572124 -0.584736 0.575116
vn -0.811463 -0.584219 -0.014731
vn 0.637833 -0.623158 0.452596
vn -0.786596 -0.284967 -0.547778
vn -0.786596 -0.284967 -0.547778
vn -0.588223 -0.632166 -0.504340
vn 0.963699 -0.020322 0.266217
vn -0.070350 0.993781 0.086319
vn -0.455534 0.795328 -0.399927
vn -0.455534 0.795328 -0.399927
vn -0.069761 0.993762 0.087007
vn -0.653468 0.144486 -0.743037
vn -0.653468 0.144486 -0.743037
vn -0.653467 0.144486 -0.743037
vn -0.653467 0.144486 -0.743037
vn -0.630150 -0.095253 -0.770609
vn -0.630150 -0.095253 -0.770609
vn -0.630150 -0.095253 -0.770609
vn -0.630150 -0.095253 -0.770609
vn -0.230255 -0.828227 -0.510903
vn 0.126503 -0.982714 -0.135164
vn 0.126527 -0.982715 -0.135137
vn -0.230255 -0.828227 -0.510904
vn 0.367216 -0.914812 0.168144
vn 0.367216 -0.914812 0.168144
vn 0.666515 -0.031232 0.744837
vn 0.666515 -0.031232 0.744837
vn 0.666515 -0.031232 0.744837
vn 0.666515 -0.031232 0.744837
vn 0.663717 -0.003210 0.747977
vn 0.663717 -0.003210 0.747977
vn 0.663717 -0.003210 0.747977
vn 0.663717 -0.003210 0.747977
vn 0.245319 0.866138 0.435457
vn 0.245319 0.866138 0.435457
vn 0.214176 -0.669135 -0.711608
vn 0.402053 -0.880588 -0.250835
vn 0.402053 -0.880588 -0.250835
vn 0.214161 -0.669114 -0.711633
vn 0.443662 -0.668812 0.596535
vn 0.443662 -0.668812 0.596535
vn 0.443662 -0.668812 0.596535
vn 0.443662 -0.668812 0.596535
vn 0.399444 -0.502229 0.766949
vn 0.399444 -0.502229 0.766949
vn 0.399444 -0.502229 0.766949
vn 0.399444 -0.502229 0.766949
vn 0.143510 0.185637 0.972082
vn -0.147089 0.700415 0.698415
vn -0.147447 0.700919 0.697834
vn 0.143510 0.185637 0.972082
vn -0.328759 0.898297 0.291514
vn -0.328759 0.898297 0.291514
vn -0.405288 0.612712 -0.678473
vn -0.405288 0.612712 -0.678473
vn -0.405288 0.612712 -0.678473
vn -0.405288 0.612712 -0.678473
vn -0.400165 0.593301 -0.698471
vn -0.400165 0.593301 -0.698471
vn -0.400165 0.593301 -0.698471
vn -0.400165 0.593301 -0.698471
vn 0.035322 -0.388427 -0.920803
vn 0.035322 -0.388427 -0.920803
s 1
g pCube1
usemtl pCube1SG
f 101/1/1 1/2/2 98/3/3 97/4/4
f 99/5/5 2/6/6 103/7/7 102/8/8
f 104/9/9 3/10/10 107/11/11 106/12/12
s 3
f 114/13/13 5/14/14 111/15/15 110/16/16
f 112/17/17 6/18/18 116/19/19 115/20/20
f 117/21/21 7/22/22 120/23/23 119/24/24
f 126/25/25 9/26/26 113/27/27 123/28/28
f 124/29/29 10/30/30 118/31/31 127/32/32
f 128/33/33 11/34/34 122/35/35 130/36/36
f 136/424/37 13/38/38 125/39/39 133/474/40
f 141/401/41 85/42/42 138/43/43 137/473/44
f 145/413/45 15/477/46 132/47/47 142/472/48
f 149/49/49 17/50/50 135/51/51 146/52/52
f 147/53/53 18/54/54 151/470/55 150/56/56
f 152/57/57 19/58/58 144/59/59 154/60/60
f 160/61/61 21/62/62 148/63/63 157/64/64
f 158/65/65 22/66/66 153/67/67 161/68/68
f 162/69/69 23/70/70 156/71/71 164/72/72
f 171/73/73 90/74/74 168/75/75 167/76/76
f 169/77/77 91/78/78 173/79/79 172/80/80
f 174/81/81 92/82/82 177/83/83 176/84/84
s 10
f 184/85/85 49/86/86 181/87/87 180/88/88
s 1
f 187/464/89 30/90/90 175/91/91 185/469/92
s 12
f 192/93/93 53/94/94 189/95/95 188/96/96
s off
f 108/97/97 4/98/98 194/99/99 193/100/100
s 3
f 121/101/101 8/102/102 197/103/103 196/104/104
s 13
f 378/105/105 377/106/106 379/107/107 380/108/108
s off
f 171/73/109 29/109/110 204/110/111 203/111/112
s 3
f 160/61/61 25/112/113 207/113/114 206/114/115
s 14
f 386/501/116 387/116/117 388/117/118 389/118/119
s 15
f 216/119/120 29/109/121 170/120/122 213/121/123
s 1
f 214/122/124 30/90/90 187/464/89 217/123/125
f 218/124/126 2/6/6 98/3/127 220/125/128
s 17
f 221/126/129 1/2/130 204/462/131 223/127/132
s 18
f 228/128/133 31/129/134 179/130/135 225/131/136
s 19
f 226/132/137 32/133/138 194/460/139 229/134/140
s 1
f 230/135/141 4/98/142 107/11/143 232/136/144
f 233/137/145 3/10/10 186/458/146 235/139/147
s 21
f 240/140/148 33/141/149 215/142/150 237/143/151
f 238/144/152 34/145/153 219/454/154 241/147/155
f 242/148/156 35/149/157 222/150/158 244/151/159
f 245/152/160 36/153/161 224/447/162 247/155/163
s 22
f 252/156/164 37/157/165 227/158/166 249/159/167
f 250/160/168 38/161/169 231/441/170 253/163/171
f 254/164/172 39/165/173 234/166/174 256/167/175
f 257/168/176 40/169/177 236/434/178 259/171/179
s 23
f 263/524/180 41/479/181 239/174/182 261/528/183
s off
f 262/176/184 42/177/185 243/178/186 264/527/187
s 24
f 270/511/188 58/181/189 267/182/190 266/525/191
s off
f 272/516/192 44/448/193 248/186/194 271/523/195
s 25
f 275/518/196 45/478/197 251/190/198 273/522/199
s off
f 274/192/200 46/193/201 255/194/202 276/521/203
s 26
f 282/505/204 62/197/205 279/198/206 278/519/207
s off
f 284/510/208 48/435/209 260/202/210 283/517/211
s 27
f 287/204/212 43/450/213 246/206/214 285/207/215
s off
f 286/208/216 44/448/217 272/516/218 288/209/219
s 10
f 289/210/220 52/211/221 183/212/222 290/213/223
s 28
f 291/214/224 51/215/225 265/513/226 292/217/227
s 29
f 295/218/228 47/437/229 258/220/230 293/221/231
s off
f 294/222/232 48/435/233 284/510/234 296/223/235
s 12
f 297/224/236 56/225/237 191/226/238 298/227/239
s 30
f 299/228/240 55/229/241 277/507/242 300/231/243
s 3
f 304/232/244 12/233/245 198/430/246 301/235/247
f 302/236/248 24/237/249 155/238/250 305/239/251
f 306/240/252 20/241/253 143/428/254 308/243/255
f 309/244/256 16/245/257 131/246/258 311/247/259
f 316/248/260 21/62/62 208/426/261 313/250/262
f 314/251/263 9/26/26 126/25/25 317/252/264
f 318/253/265 13/38/38 136/424/37 320/254/266
f 321/255/267 17/50/50 149/49/49 323/256/268
f 327/257/269 66/258/270 303/422/271 325/260/272
f 326/261/273 65/262/274 307/263/275 328/264/276
f 329/265/277 67/266/278 310/420/279 330/268/280
f 331/269/281 68/270/282 312/271/283 332/272/284
f 335/273/285 69/274/286 315/418/287 333/276/288
f 334/277/289 70/278/290 319/279/291 336/280/292
f 337/281/293 71/282/294 322/416/295 338/284/296
f 339/285/297 72/286/298 324/287/299 340/288/300
s off
f 344/289/301 14/480/302 129/291/303 341/292/304
s 3
f 342/293/305 15/46/306 145/414/45 345/294/307
f 346/295/308 19/471/58 151/55/309 348/296/310
f 349/297/311 18/475/54 134/410/312 351/299/313
f 355/300/314 81/301/315 343/302/316 353/303/317
f 354/304/318 82/305/319 347/406/320 356/307/321
f 357/308/322 83/309/323 350/310/324 358/311/325
f 359/312/326 84/313/327 352/403/328 360/315/329
f 363/316/330 90/74/74 205/400/331 361/318/332
f 363/316/330 25/112/113 159/319/333 364/320/334
f 365/321/335 26/322/336 163/323/337 366/324/338
f 367/325/339 27/326/340 166/327/341 368/328/342
f 371/329/343 94/330/344 195/397/345 370/332/346
f 373/333/347 95/334/348 109/335/349 372/336/350
f 375/337/351 96/338/352 105/339/353 374/340/354
f 362/341/355 89/342/356 100/343/357 376/344/358
s 1
f 98/3/3 2/6/6 99/5/5 97/4/4
s 3
f 99/5/359 96/338/352 100/343/357 97/4/360
f 100/343/357 89/342/356 101/1/361 97/4/360
s 1
f 103/7/7 3/10/10 104/9/9 102/8/362
s 3
f 104/9/363 95/334/348 105/339/353 102/8/364
f 105/339/353 96/338/352 99/5/359 102/8/364
s 1
f 107/11/11 4/98/365 108/97/366 106/12/12
s 3
f 108/97/367 94/330/344 109/335/349 106/12/368
f 109/335/349 95/334/348 104/9/363 106/12/368
f 111/15/15 6/18/18 112/17/17 110/16/16
f 112/17/17 10/30/30 113/27/27 110/16/16
f 113/27/27 9/26/26 114/13/13 110/16/16
f 116/19/19 7/22/22 117/21/21 115/20/20
f 117/21/21 11/34/34 118/31/31 115/20/20
f 118/31/31 10/30/30 112/17/17 115/20/20
f 120/23/23 8/102/102 121/101/101 119/24/24
f 121/101/101 12/233/245 122/35/35 119/24/24
f 122/35/35 11/34/34 117/21/21 119/24/24
f 113/27/27 10/30/30 124/29/29 123/28/28
f 124/29/29 14/290/369 125/39/39 123/28/28
f 125/39/39 13/38/38 126/25/25 123/28/28
f 118/31/31 11/34/34 128/33/33 127/32/32
f 128/33/33 15/477/46 129/476/370 127/32/32
f 129/476/370 14/290/369 124/29/29 127/32/32
f 122/35/35 12/233/245 131/246/258 130/36/36
f 131/246/258 16/245/257 132/47/47 130/36/36
f 132/47/47 15/477/46 128/33/33 130/36/36
f 125/39/39 14/290/369 134/408/312 133/474/40
f 134/409/312 18/54/54 135/51/51 133/40/40
f 135/51/51 17/50/50 136/37/37 133/40/40
f 138/43/43 86/345/371 139/346/372 137/473/44
f 139/404/372 87/347/373 140/348/374 137/44/44
f 140/348/374 88/349/375 141/41/41 137/44/44
f 132/47/47 16/245/257 143/242/254 142/472/48
f 143/428/254 20/241/253 144/59/59 142/48/48
f 144/59/59 19/58/58 145/412/45 142/48/48
f 135/51/51 18/54/54 147/53/53 146/52/52
f 147/53/53 22/66/66 148/63/63 146/52/52
f 148/63/63 21/62/62 149/49/49 146/52/52
f 151/470/55 19/58/58 152/57/57 150/56/56
f 152/57/57 23/70/70 153/67/67 150/56/56
f 153/67/67 22/66/66 147/53/53 150/56/56
f 144/59/59 20/241/253 155/238/250 154/60/60
f 155/238/250 24/237/249 156/71/71 154/60/60
f 156/71/71 23/70/70 152/57/57 154/60/60
f 148/63/63 22/66/66 158/65/65 157/64/64
f 158/65/65 26/322/336 159/319/333 157/64/64
f 159/319/333 25/112/113 160/61/61 157/64/64
f 153/67/67 23/70/70 162/69/69 161/68/68
f 162/69/69 27/326/340 163/323/337 161/68/68
f 163/323/337 26/322/336 158/65/65 161/68/68
f 156/71/71 24/237/249 165/350/376 164/72/72
f 165/350/376 28/351/377 166/327/341 164/72/72
f 166/327/341 27/326/340 162/69/69 164/72/72
f 168/75/75 91/78/78 169/77/77 167/76/76
s 1
f 169/77/378 30/90/90 170/120/379 167/76/380
f 170/120/379 29/109/381 171/73/382 167/76/380
s 3
f 173/79/79 92/82/82 174/81/81 172/80/80
s 1
f 174/81/383 31/129/384 175/91/91 172/80/385
f 175/91/91 30/90/90 169/77/378 172/80/386
s 3
f 177/83/83 93/352/387 178/353/388 176/84/84
s 1
f 178/353/389 32/133/390 179/130/391 176/84/392
f 179/130/391 31/129/384 174/81/383 176/84/392
s 10
f 181/87/87 50/354/393 182/355/394 180/88/88
f 182/355/394 51/215/395 183/212/222 180/88/88
f 183/212/222 52/211/221 184/85/85 180/88/88
s 1
f 175/91/91 31/129/384 186/138/146 185/469/92
f 186/458/146 3/10/10 103/7/7 185/92/92
f 103/7/7 2/6/6 187/89/89 185/92/92
s 12
f 189/95/95 54/356/396 190/357/397 188/96/96
f 190/357/397 55/229/398 191/226/238 188/96/96
f 191/226/238 56/225/237 192/93/93 188/96/96
s off
f 194/460/399 32/133/400 178/353/401 193/468/402
s 3
f 178/353/388 93/352/387 195/331/345 193/468/403
f 195/397/345 94/330/344 108/97/367 193/100/403
f 197/395/103 28/351/377 165/350/376 196/467/104
f 165/350/376 24/237/249 198/234/404 196/467/104
f 198/430/404 12/233/245 121/101/101 196/104/104
s 41
f 379/107/405 381/358/406 382/503/407 380/108/408
f 382/359/407 383/360/409 384/361/410 380/108/408
s 13
f 384/361/411 385/362/412 378/105/105 380/108/108
s off
f 204/462/413 1/2/414 101/1/415 203/466/416
s 3
f 101/1/361 89/342/356 205/317/331 203/466/417
f 205/400/331 90/74/74 171/73/73 203/111/417
f 207/398/114 5/14/14 114/13/13 206/465/115
f 114/13/13 9/26/26 208/249/418 206/465/115
f 208/426/418 21/62/62 160/61/61 206/114/115
s 42
f 388/117/419 390/363/420 391/364/421 389/118/422
f 391/364/421 392/365/423 393/366/424 389/118/422
s 14
f 393/366/425 394/367/426 386/115/116 389/118/119
s 15
f 170/120/122 30/90/427 214/122/428 213/121/123
f 214/122/428 34/145/429 215/142/430 213/121/123
f 215/142/430 33/141/431 216/119/120 213/121/123
s 1
f 187/89/89 2/6/6 218/124/126 217/463/432
f 218/124/126 35/149/433 219/146/434 217/463/432
f 219/454/435 34/145/436 214/122/124 217/123/125
f 98/3/127 1/2/437 221/126/438 220/125/128
f 221/126/438 36/153/439 222/150/440 220/125/128
f 222/150/440 35/149/441 218/124/126 220/125/128
s 43
f 204/110/442 29/109/443 216/119/444 223/461/445
f 216/119/444 33/141/446 224/154/447 223/461/445
s 17
f 224/447/448 36/153/449 221/126/129 223/127/132
s 18
f 179/130/135 32/133/450 226/132/451 225/131/136
f 226/132/451 38/161/452 227/158/453 225/131/136
f 227/158/453 37/157/454 228/128/133 225/131/136
s 44
f 194/99/455 4/98/456 230/135/457 229/459/458
f 230/135/457 39/165/459 231/162/460 229/459/458
s 19
f 231/441/461 38/161/462 226/132/137 229/134/140
s 1
f 107/11/143 3/10/10 233/137/145 232/136/144
f 233/137/145 40/169/463 234/166/464 232/136/144
f 234/166/464 39/165/465 230/135/141 232/136/144
f 186/138/146 31/129/384 228/128/466 235/457/467
f 228/128/466 37/157/468 236/170/469 235/457/467
f 236/434/470 40/169/471 233/137/145 235/139/147
s 21
f 215/142/150 34/145/153 238/144/152 237/143/151
f 238/144/152 42/456/472 239/455/473 237/143/151
f 239/455/473 41/173/474 240/140/148 237/143/151
f 219/146/154 35/149/157 242/148/156 241/453/155
f 242/148/156 43/205/475 243/451/476 241/453/155
f 243/452/476 42/456/472 238/144/152 241/147/155
f 222/150/158 36/153/161 245/152/160 244/151/159
f 245/152/160 44/185/477 246/449/478 244/151/159
f 246/449/478 43/205/475 242/148/156 244/151/159
f 224/154/162 33/141/149 240/140/148 247/446/163
f 240/140/148 41/173/474 248/444/479 247/446/163
f 248/445/479 44/185/477 245/152/160 247/155/163
s 22
f 227/158/166 38/161/169 250/160/168 249/159/167
f 250/160/168 46/443/480 251/442/481 249/159/167
f 251/442/481 45/189/482 252/156/164 249/159/167
f 231/162/170 39/165/173 254/164/172 253/440/171
f 254/164/172 47/219/483 255/438/484 253/440/171
f 255/439/484 46/443/480 250/160/168 253/163/171
f 234/166/174 40/169/177 257/168/176 256/167/175
f 257/168/176 48/201/485 258/436/486 256/167/175
f 258/436/486 47/219/483 254/164/172 256/167/175
f 236/170/178 37/157/165 252/156/164 259/433/179
f 252/156/164 45/189/482 260/431/487 259/433/179
f 260/432/487 48/201/485 257/168/176 259/171/179
s 23
f 239/174/182 42/177/488 262/176/489 261/528/183
s 45
f 262/526/490 50/354/491 181/87/492 261/175/493
f 181/87/492 49/86/494 263/172/495 261/175/493
s off
f 243/178/496 43/450/497 265/216/498 264/527/499
s 28
f 265/513/226 51/215/225 182/355/500 264/179/501
s off
f 182/355/502 50/354/503 262/526/504 264/179/505
s 24
f 267/182/190 57/368/506 268/369/507 266/525/191
s 46
f 268/514/508 59/370/509 269/371/510 266/183/511
f 269/371/510 60/372/512 270/180/513 266/183/511
s off
f 248/186/514 41/479/515 263/524/516 271/523/517
f 263/172/518 49/86/519 184/85/520 271/187/521
s 47
f 184/85/522 52/211/523 272/184/524 271/187/525
s 25
f 251/190/198 46/193/526 274/192/527 273/522/199
s 48
f 274/520/528 54/356/529 189/95/530 273/191/531
f 189/95/530 53/94/532 275/188/533 273/191/531
s off
f 255/194/534 47/437/535 277/230/536 276/521/537
s 30
f 277/507/242 55/229/241 190/357/538 276/195/539
s off
f 190/357/540 54/356/541 274/520/542 276/195/543
s 26
f 279/198/206 61/373/544 280/374/545 278/519/207
s 49
f 280/508/546 63/375/547 281/376/548 278/199/549
f 281/376/548 64/377/550 282/196/551 278/199/549
s off
f 260/202/552 45/478/553 275/518/554 283/517/555
f 275/188/556 53/94/557 192/93/558 283/203/559
s 50
f 192/93/560 56/225/561 284/200/562 283/203/563
s 27
f 246/206/214 44/448/564 286/208/565 285/207/215
s 51
f 286/208/566 57/368/567 267/182/568 285/207/569
f 267/182/568 58/181/570 287/204/571 285/207/569
s 47
f 272/184/524 52/211/523 289/210/572 288/515/573
s off
f 289/210/574 59/370/575 268/514/576 288/515/577
f 268/369/578 57/368/579 286/208/580 288/209/581
s 10
f 183/212/222 51/215/395 291/214/582 290/213/223
s 52
f 291/214/583 60/372/584 269/371/585 290/213/586
f 269/371/585 59/370/587 289/210/588 290/213/586
s off
f 265/216/589 43/450/590 287/204/591 292/512/592
f 287/204/593 58/181/594 270/511/595 292/512/596
f 270/180/597 60/372/598 291/214/599 292/217/600
s 29
f 258/220/230 48/435/601 294/222/602 293/221/231
s 53
f 294/222/603 61/373/604 279/198/605 293/221/606
f 279/198/605 62/197/607 295/218/608 293/221/606
s 50
f 284/200/562 56/225/561 297/224/609 296/509/610
s off
f 297/224/611 63/375/612 280/508/613 296/509/614
f 280/374/615 61/373/616 294/222/617 296/223/618
s 12
f 191/226/238 55/229/398 299/228/619 298/227/239
s 54
f 299/228/620 64/377/621 281/376/622 298/227/623
f 281/376/622 63/375/624 297/224/625 298/227/623
s off
f 277/230/626 47/437/627 295/218/628 300/506/629
f 295/218/630 62/197/631 282/505/632 300/506/633
f 282/196/634 64/377/635 299/228/636 300/231/637
s 3
f 198/234/246 24/237/249 302/236/248 301/429/247
f 302/236/248 65/262/274 303/259/271 301/429/247
f 303/422/271 66/258/270 304/232/244 301/235/247
f 155/238/250 20/241/253 306/240/252 305/239/251
f 306/240/252 67/266/278 307/263/275 305/239/251
f 307/263/275 65/262/274 302/236/248 305/239/251
f 143/242/254 16/245/257 309/244/256 308/427/255
f 309/244/256 68/270/282 310/267/279 308/427/255
f 310/420/279 67/266/278 306/240/252 308/243/255
f 131/246/258 12/233/245 304/232/244 311/247/259
f 304/232/244 66/258/270 312/271/283 311/247/259
f 312/271/283 68/270/282 309/244/256 311/247/259
f 208/249/261 9/26/26 314/251/263 313/425/262
f 314/251/263 70/278/290 315/275/287 313/425/262
f 315/418/287 69/274/286 316/248/260 313/250/262
f 126/25/25 13/38/38 318/253/265 317/252/264
f 318/253/265 71/282/294 319/279/291 317/252/264
f 319/279/291 70/278/290 314/251/263 317/252/264
f 136/37/37 17/50/50 321/255/267 320/423/266
f 321/255/267 72/286/298 322/283/295 320/423/266
f 322/416/295 71/282/294 318/253/265 320/254/266
f 149/49/49 21/62/62 316/248/260 323/256/268
f 316/248/260 69/274/286 324/287/299 323/256/268
f 324/287/299 72/286/298 321/255/267 323/256/268
f 303/259/271 65/262/274 326/261/273 325/421/272
f 326/261/273 73/497/638 199/498/639 325/421/272
f 199/499/639 74/500/640 327/257/269 325/260/272
f 307/263/275 67/266/278 329/265/277 328/264/276
f 329/265/277 75/495/641 200/496/642 328/264/276
f 200/496/642 73/497/638 326/261/273 328/264/276
f 310/267/279 68/270/282 331/269/281 330/419/280
f 331/269/281 76/492/643 201/493/644 330/419/280
f 201/494/644 75/495/641 329/265/277 330/268/280
f 312/271/283 66/258/270 327/257/269 332/272/284
f 327/257/269 74/500/640 202/491/645 332/272/284
f 202/491/645 76/492/643 331/269/281 332/272/284
f 315/275/287 70/278/290 334/277/289 333/417/288
f 334/277/289 78/490/646 209/488/647 333/417/288
f 209/489/647 77/482/648 335/273/285 333/276/288
f 319/279/291 71/282/294 337/281/293 336/280/292
f 337/281/293 79/487/649 210/486/650 336/280/292
f 210/486/650 78/490/646 334/277/289 336/280/292
f 322/283/295 72/286/298 339/285/297 338/415/296
f 339/285/297 80/485/651 211/483/652 338/415/296
f 211/484/652 79/487/649 337/281/293 338/284/296
f 324/287/299 69/274/286 335/273/285 340/288/300
f 335/273/285 77/482/648 212/481/653 340/288/300
f 212/481/653 80/485/651 339/285/297 340/288/300
s off
f 129/291/654 15/46/655 342/293/656 341/292/657
s 3
f 342/293/658 82/305/319 343/302/316 341/292/659
f 343/302/316 81/301/315 344/289/660 341/292/659
f 145/45/45 19/471/58 346/295/308 345/411/307
f 346/295/308 83/309/323 347/306/320 345/411/661
f 347/406/320 82/305/319 342/293/658 345/294/661
f 151/55/309 18/475/54 349/297/311 348/296/310
f 349/297/311 84/313/327 350/310/324 348/296/310
f 350/310/324 83/309/323 346/295/308 348/296/310
f 134/298/312 14/480/662 344/289/663 351/407/313
f 344/289/660 81/301/315 352/314/328 351/407/664
f 352/403/328 84/313/327 349/297/311 351/299/664
f 343/302/316 82/305/319 354/304/318 353/303/317
f 354/304/318 86/345/371 138/43/43 353/303/317
f 138/43/43 85/42/42 355/300/314 353/303/317
f 347/306/320 83/309/323 357/308/322 356/405/321
f 357/308/322 87/347/373 139/404/372 356/405/321
f 139/346/372 86/345/371 354/304/318 356/307/321
f 350/310/324 84/313/327 359/312/326 358/311/325
f 359/312/326 88/349/375 140/348/374 358/311/325
f 140/348/374 87/347/373 357/308/322 358/311/325
f 352/314/328 81/301/315 355/300/314 360/402/329
f 355/300/314 85/42/42 141/401/41 360/402/329
f 141/41/41 88/349/375 359/312/326 360/315/329
f 205/317/331 89/342/356 362/341/355 361/399/332
f 362/341/355 5/14/14 207/398/114 361/399/332
f 207/113/114 25/112/113 363/316/330 361/318/332
f 159/319/333 26/322/336 365/321/335 364/320/334
f 365/321/335 91/78/78 168/75/75 364/320/334
f 168/75/75 90/74/74 363/316/330 364/320/334
f 163/323/337 27/326/340 367/325/339 366/324/338
f 367/325/339 92/82/82 173/79/79 366/324/338
f 173/79/79 91/78/78 365/321/335 366/324/338
f 166/327/341 28/351/377 369/394/665 368/328/342
f 369/394/665 93/352/387 177/83/83 368/328/342
f 177/83/83 92/82/82 367/325/339 368/328/342
f 195/331/345 93/352/387 369/394/665 370/396/346
f 369/394/665 28/351/377 197/395/103 370/396/346
f 197/103/103 8/102/102 371/329/343 370/332/346
f 109/335/349 94/330/344 371/329/343 372/336/350
f 371/329/343 8/102/102 120/23/23 372/336/350
f 120/23/23 7/22/22 373/333/347 372/336/350
f 105/339/353 95/334/348 373/333/347 374/340/354
f 373/333/347 7/22/22 116/19/19 374/340/354
f 116/19/19 6/18/18 375/337/351 374/340/354
f 100/343/357 96/338/352 375/337/351 376/344/358
f 375/337/351 6/18/18 111/15/15 376/344/358
f 111/15/15 5/14/14 362/341/355 376/344/358
s 55
f 202/385/666 74/380/667 377/106/668 378/105/669
s off
f 74/380/670 199/379/671 379/107/672 377/106/673
f 199/379/674 73/378/675 381/358/676 379/107/677
s 56
f 73/378/678 200/504/679 382/503/680 381/358/681
f 200/382/679 75/381/682 383/360/683 382/359/680
s off
f 75/381/684 201/384/685 384/361/686 383/360/687
f 201/384/688 76/383/689 385/362/690 384/361/691
s 55
f 76/383/692 202/385/666 378/105/669 385/362/693
s 57
f 212/393/694 77/388/695 387/116/696 386/501/697
s off
f 77/388/698 209/387/699 388/117/700 387/116/701
f 209/387/702 78/386/703 390/363/704 388/117/705
s 58
f 78/386/706 210/390/707 391/364/708 390/363/709
f 210/390/707 79/389/710 392/365/711 391/364/708
s off
f 79/389/712 211/392/713 393/366/714 392/365/715
f 211/392/716 80/391/717 394/367/718 393/366/719
s 57
f 80/391/720 212/502/694 386/115/697 394/367/721
