# This file uses centimeters as units for non-parametric coordinates.

mtllib fall_frame.36.mtl
g default
v -21.087442 26.030664 -37.052757
v -9.176020 20.670561 -37.175049
v 2.506773 18.761261 -43.250446
v 11.812237 10.630001 -49.729183
v -34.987675 23.053808 -58.323151
v -22.822062 30.959097 -62.992706
v -6.303033 27.970137 -70.028481
v 2.621784 16.278646 -74.252731
v -45.537502 21.369974 -84.591415
v -32.399281 29.311371 -83.193626
v -18.989220 28.580400 -90.342926
v -13.274616 20.507843 -98.943062
v -53.471539 23.682013 -89.785431
v -40.430477 26.001806 -101.940407
v -30.259192 25.528889 -107.166458
v -13.923799 23.233259 -109.226021
v -53.584976 12.467463 -91.036957
v -43.793652 14.549135 -103.101318
v -30.286724 13.803810 -110.142296
v -15.058342 12.155453 -110.126190
v -45.805485 13.355373 -86.382271
v -36.050468 6.297233 -87.687469
v -22.639875 5.564326 -94.837639
v -14.611615 12.597097 -99.913010
v -37.164330 10.382370 -57.907787
v -25.910688 4.249011 -62.931259
v -12.154572 1.856183 -68.780518
v 0.404234 3.305984 -73.854050
v -26.929798 15.365726 -33.043110
v -14.017464 11.260229 -29.976114
v 0.189106 10.868716 -34.827526
v 6.646086 1.889848 -42.941444
v -22.080856 33.026878 -4.988564
v -15.762339 28.863844 -3.859000
v -9.889179 36.882160 -6.267942
v -16.312885 40.885269 -7.202833
v 28.099047 15.752261 -20.007175
v 31.647009 9.280545 -22.580545
v 38.003727 16.186525 -31.165655
v 34.469650 22.662067 -28.578371
v -36.683025 8.949436 -12.385319
v -29.785847 6.578100 -12.317845
v -29.771215 6.938753 -1.526922
v -36.860676 8.768911 -1.640818
v 43.944046 12.309093 7.220884
v 47.106449 6.392656 3.869196
v 55.905392 12.237468 1.415595
v 52.925068 18.059870 5.126149
v -38.781048 3.471263 -13.205053
v -30.264963 1.275917 -13.066222
v -28.817480 1.295142 1.682451
v -40.314461 3.861704 1.466622
v 44.976177 10.616446 12.218319
v 48.572086 3.626645 7.829757
v 61.319420 10.046486 4.598771
v 56.756058 19.098236 10.608413
v -38.349850 8.262789 16.771557
v -29.259041 6.358345 16.951078
v -39.079460 4.785976 16.834843
v -29.988653 2.881532 17.014362
v 68.636047 27.643978 4.263128
v 72.187859 20.537720 -0.552215
v 69.942039 26.262644 7.264943
v 73.493851 19.156385 2.449599
v 9.097260 8.333823 -98.300598
v 9.227286 19.313688 -98.891174
v 9.807337 7.529217 -108.820778
v 10.551500 18.776875 -109.557091
v -39.950516 13.489326 -66.315857
v -45.715820 19.437195 -72.143463
v -53.089375 21.508598 -65.347084
v -48.963463 13.163345 -62.246056
v 36.257465 11.292132 -93.508041
v 35.631149 21.044081 -93.569778
v 36.910183 11.310621 -97.222061
v 36.283779 21.062805 -97.283600
v -26.693306 38.855030 -67.861641
v -32.891399 42.325634 -74.572823
v -35.142979 43.605099 -71.831718
v -28.944885 40.134495 -65.120544
v -46.776852 27.803181 -115.455017
v -31.992729 25.779024 -119.935730
v -29.674406 10.266341 -115.324188
v -50.189533 13.317309 -108.852257
v -52.508671 19.779751 -134.806412
v -38.400604 16.954035 -138.529556
v -40.964211 -0.169063 -133.862259
v -54.413174 2.524641 -130.313034
v -24.991072 23.817659 -41.748032
v -28.655481 11.884698 -39.947273
v -17.809916 5.451947 -42.982376
v -6.437990 3.765984 -47.390820
v 4.926031 2.035305 -52.307743
v 8.382311 13.844482 -54.838482
v -0.874418 21.732025 -50.541264
v -13.916872 24.793188 -45.042065
v -16.966578 24.431021 -40.385674
v -15.443165 24.794222 -37.151333
v -11.320031 22.982595 -41.258976
v -19.802654 25.118359 -43.224636
v -22.597197 24.515385 -39.653713
v -5.649815 22.191013 -43.933586
v -2.848915 21.367937 -40.000301
v 0.770107 20.622265 -47.309597
v -7.623729 23.518734 -47.590687
v 6.247846 16.764017 -50.506283
v 8.924919 15.727275 -48.343914
v 9.575089 11.821103 -52.026569
v 4.823425 18.360920 -53.295063
v -35.137020 25.906075 -70.174820
v -30.202442 27.644176 -60.078079
v -28.350330 29.187460 -72.351830
v -40.215282 26.003286 -81.018402
v -40.170105 21.667612 -68.910423
v -19.387241 28.458715 -75.467987
v -14.417235 30.306034 -66.524422
v -11.540264 27.380686 -80.671036
v -25.884138 27.744802 -87.033783
v -6.670707 22.695587 -84.002090
v -0.474306 22.239912 -72.716759
v -3.679665 17.783600 -86.262329
v -13.620962 24.611031 -94.631119
v -43.752083 27.467190 -90.517532
v -37.604225 29.099110 -94.950951
v -48.355846 26.677553 -97.452171
v -50.091072 24.249327 -86.463242
v -31.391264 28.721069 -97.441559
v -25.849941 28.462214 -101.206352
v -36.515720 27.436478 -107.520638
v -19.350760 26.453644 -102.917725
v -12.405706 23.719196 -103.827614
v -22.172981 25.774591 -110.549934
v -50.220215 20.811775 -100.165054
v -43.148598 20.650866 -104.802429
v -51.173481 13.643805 -99.240417
v -54.190437 18.078108 -90.744865
v -47.331844 14.249207 -140.656097
v -45.424213 18.742105 -136.837479
v -38.851051 9.704982 -139.127304
v -48.035526 -0.843152 -131.868073
v -55.938339 13.143884 -134.624908
v -23.444960 19.977072 -113.578735
v -14.563181 17.739565 -110.509453
v -22.521851 12.925721 -113.495438
v -31.208094 20.089537 -110.671700
v -46.764851 10.277942 -93.953979
v -41.458641 9.880286 -98.301369
v -42.653236 7.908356 -84.770966
v -49.435009 11.038437 -88.768517
v -34.780693 9.519261 -101.855461
v -37.780163 13.207417 -108.191681
v -28.048910 9.157488 -105.438293
v -29.343964 5.918457 -91.229904
v -21.085325 9.438996 -106.485542
v -14.259301 10.560580 -104.533081
v -16.320318 6.687247 -98.162277
v -37.536705 5.997509 -72.578682
v -30.604033 4.088966 -75.809471
v -32.744255 6.290123 -59.908474
v -41.893524 9.783115 -70.086594
v -23.817844 3.351658 -79.190956
v -17.072886 2.751860 -82.411232
v -19.024714 2.970619 -65.959435
v -10.480693 3.093697 -85.735321
v -5.489286 5.799291 -87.567604
v -5.161825 1.273033 -71.650139
v -23.320574 8.691684 -36.730667
v -24.382292 7.718410 -40.976658
v -16.584337 6.036334 -38.217556
v -22.844294 10.443633 -32.376095
v -27.488773 13.241728 -36.537296
v -10.448837 5.717422 -40.052681
v -11.920246 4.474985 -45.297367
v -4.857483 5.078761 -42.323940
v -8.789702 7.401123 -34.927807
v 0.524950 2.576334 -44.617195
v -0.469149 1.719319 -49.743042
v 5.305744 1.718155 -47.281357
v 2.303818 3.998056 -39.855598
v -34.547291 2.442538 -7.047334
v -34.536671 2.338710 -15.668414
v -28.868773 1.050003 -6.951929
v -34.563381 2.571568 1.574454
v -40.279716 3.889186 -7.145463
v -1.370118 20.324381 -37.212170
v 11.857881 17.577305 -33.328777
v -12.055991 19.558794 -22.218233
v 51.868771 10.273404 8.870045
v 44.861084 5.875644 10.465659
v 54.218414 5.758176 5.965903
v 59.038269 14.563870 7.610613
v 49.555630 14.862036 11.779032
v 8.347525 5.813202 -50.001991
v 9.901899 5.174711 -46.601433
v 7.835196 7.071961 -54.077858
v -2.689677 11.237332 -87.043182
v 3.288340 9.117116 -74.801308
v -12.173370 16.728485 -97.989059
v 35.801849 16.299536 -92.778725
v 36.583958 10.347975 -95.011993
v 36.600048 16.322145 -97.320511
v 35.818001 22.273544 -95.087379
v -26.602695 19.272795 -37.914467
v -25.507658 21.213539 -35.031631
v -28.408689 18.016872 -40.425198
v -42.784946 15.401149 -68.000633
v -38.107655 16.744373 -57.284286
v -45.260700 17.495832 -85.297958
v -29.416903 40.376266 -71.871811
v -34.583363 43.280647 -74.299271
v -32.170311 41.940899 -68.519775
v -27.003851 39.036518 -66.092323
v -22.251316 19.450172 -18.072851
v -17.348520 19.227224 -17.395163
v -19.290186 30.155052 -4.299522
v -25.228067 24.250925 -18.730436
v -12.423505 23.032185 -19.582031
v -10.593619 28.920975 -22.039047
v -11.448503 32.331509 -4.739389
v -13.197540 32.413292 -24.332733
v -18.381418 33.902981 -23.482473
v -11.687822 40.519260 -7.435311
v -22.916271 29.730890 -21.426529
v -19.990015 37.747810 -6.025980
v 14.628128 8.181195 -29.681196
v 18.618898 5.377405 -32.141811
v 29.246815 12.050532 -20.491194
v 14.300245 13.126553 -29.035839
v 22.094633 7.898628 -37.092701
v 24.690413 12.431473 -41.123386
v 35.536057 12.114312 -27.472158
v 22.570259 17.420927 -41.425209
v 20.398148 20.172153 -38.053143
v 37.316814 20.827623 -31.418798
v 16.481998 18.034679 -33.073193
v 30.883339 20.553442 -24.088427
v -24.424927 22.185259 -13.809727
v -20.760515 20.427877 -11.681069
v -33.249554 7.721627 -14.467531
v -27.767063 24.706354 -11.550434
v -19.566679 19.726582 -5.295833
v -20.640572 20.753931 0.992623
v -28.648445 6.324525 -7.218384
v -24.239325 22.510204 3.095701
v -27.558102 25.008005 1.066116
v -33.372303 7.921495 1.481206
v -28.844683 25.438559 -5.126962
v -37.921883 9.293777 -7.324183
v 35.984570 9.631773 -7.108511
v 39.222168 7.339700 -9.692533
v 43.976158 8.269745 6.020591
v 35.293232 14.234764 -6.802755
v 44.521748 10.167056 -12.606340
v 48.566601 15.029972 -14.867113
v 51.682945 8.298184 2.000767
v 48.242489 19.684326 -13.801941
v 44.704021 21.951450 -11.898260
v 56.948112 16.634542 2.903719
v 39.451271 19.237865 -8.789392
v 47.627064 15.991294 6.529568
v -33.897491 5.080068 -15.712827
v -29.665611 3.941998 -13.118409
v -38.115795 6.295211 -13.242711
v -28.274687 3.706752 -7.005113
v -28.210457 4.031922 1.634571
v -33.893261 7.086998 18.987198
v -33.604668 8.262562 16.843988
v -39.665192 8.296166 18.873217
v -34.733833 2.881759 16.941931
v -28.121332 5.877829 19.101179
v -39.612347 6.706511 -7.183237
v -39.700085 6.603671 1.419742
v 43.846256 6.818254 8.229436
v 47.559017 4.573266 5.593430
v 43.917732 11.585862 9.893023
v 53.171192 6.752802 3.640178
v 60.263355 11.090560 2.222971
v 72.311722 25.073559 1.806492
v 70.054352 24.469076 1.033523
v 70.056602 29.585464 4.863851
v 72.075539 22.331287 5.679204
v 74.566841 20.561655 -1.250865
v 48.460129 15.888726 9.352957
v 55.697308 20.148594 8.223754
v -33.486958 8.096466 9.162972
v -38.586769 9.168052 9.062456
v -28.389038 7.022481 9.263180
v -39.811001 6.681358 9.097021
v -40.390240 3.930646 9.147004
v -34.623035 2.718391 9.260355
v -28.852711 1.502702 9.373848
v -28.272840 4.252612 9.323889
v 63.534195 20.527002 2.039251
v 61.538177 24.515762 4.734109
v 65.532051 16.537045 -0.651814
v 62.262413 24.002188 7.354089
v 63.296642 22.916145 9.725580
v 65.555214 18.401245 6.675916
v 67.814682 13.881313 3.631326
v 66.779892 14.971870 1.255663
v -0.755774 15.935899 -98.596283
v -1.557996 11.273040 -99.264145
v 9.044176 13.883162 -97.039146
v -0.000684 20.237778 -100.566032
v -1.766151 9.723803 -103.175606
v -1.643621 10.115599 -108.105583
v 9.399110 6.794857 -103.036758
v -0.898382 14.592867 -109.405220
v -0.122992 19.177874 -109.353783
v 10.359630 13.061199 -110.030922
v 0.110493 20.744520 -104.755539
v 9.877277 20.332357 -103.852791
v -43.160275 18.003916 -76.099228
v -45.511650 22.158733 -75.643204
v -41.513798 16.442520 -69.890144
v -43.525543 13.362679 -76.381287
v -49.829441 22.448643 -75.315163
v -54.279705 20.750072 -75.350288
v -49.581799 21.297832 -69.364159
v -54.076862 16.172747 -75.803841
v -52.376938 11.741237 -76.000343
v -51.504875 17.531757 -63.123512
v -47.386883 11.601142 -76.215256
v -43.493515 12.620128 -63.847717
v 17.566673 14.661660 -94.262138
v 18.165182 9.492963 -95.952682
v 17.553211 19.668789 -96.010529
v 18.899166 8.376212 -100.134941
v 19.739212 9.400659 -105.611504
v 19.580801 14.620247 -106.074387
v 19.222260 19.673748 -105.656708
v 18.210144 20.868591 -100.205444
v -37.112511 23.583422 -72.491089
v -41.304909 26.014847 -74.738670
v -35.037754 22.007298 -67.479073
v -44.612457 27.827456 -72.386383
v -47.243622 29.096298 -67.442711
v -44.590576 26.924143 -63.488800
v -41.444656 24.245857 -60.341717
v -37.185783 22.488590 -63.546387
v -37.024853 32.085976 -110.383957
v -32.131344 23.852736 -112.750137
v -39.235580 29.596418 -118.359550
v -43.599861 24.604073 -107.901932
v -30.024748 20.061829 -113.421951
v -32.687454 15.055462 -112.258720
v -28.247635 17.717171 -118.476021
v -38.697792 12.030938 -109.866570
v -44.099846 15.811621 -107.378342
v -39.950653 10.876294 -111.931610
v -46.077606 21.162346 -106.703896
v -51.047668 20.833942 -111.448296
v -42.796371 24.429996 -130.981094
v -33.262985 19.151075 -134.025177
v -53.694672 23.243355 -128.633209
v -32.666290 9.978988 -131.027115
v -34.645432 2.652141 -126.342682
v -44.875736 2.757981 -122.627861
v -54.887363 6.706414 -121.000786
v -56.058224 14.664177 -124.853928
v -33.478931 17.853338 -48.440285
v -30.325434 24.106003 -49.631821
v -32.987602 11.492487 -48.704178
v -28.610786 7.399530 -50.621418
v -21.881512 5.374644 -53.199722
v -15.788152 3.823827 -56.208759
v -9.365064 2.384059 -58.222206
v -2.558201 1.167473 -61.081089
v 3.186183 2.635166 -63.227577
v 6.098000 8.347848 -64.327232
v 5.897993 15.510614 -64.171043
v 2.258902 20.684437 -63.326042
v -2.546152 24.093050 -60.705589
v -11.322944 26.408188 -58.388222
v -19.335400 28.136261 -53.970402
v -25.519497 27.326229 -52.174763
v 49.285091 22.410965 -90.935318
v 49.498642 23.744411 -92.643044
v 49.533978 17.267576 -90.440063
v 49.923031 17.278597 -92.653755
v 49.964359 11.835793 -90.868584
v 50.329304 10.812266 -92.561440
v 50.698959 11.856602 -95.048508
v 50.363136 17.291063 -95.158012
v 50.019691 22.431774 -95.115242
v -19.851936 51.034542 -65.862068
v -19.477602 50.816376 -67.826462
v -22.650715 52.590820 -71.907616
v -23.961523 53.335690 -70.311829
v -26.198755 54.579868 -75.103989
v -28.071100 55.636829 -74.761589
v -28.732800 56.019833 -72.019020
v -25.510923 54.216133 -68.425568
v -22.011633 52.256344 -64.741493
vt 0.208431 0.494797
vt 0.208575 0.478116
vt 0.229443 0.475893
vt 0.229271 0.493426
vt 0.252729 0.492198
vt 0.256170 0.471571
vt 0.275357 0.475888
vt 0.275429 0.493819
vt 0.298111 0.492176
vt 0.294163 0.471736
vt 0.321331 0.475953
vt 0.321541 0.493432
vt 0.198757 0.641525
vt 0.200055 0.589825
vt 0.221664 0.590600
vt 0.219751 0.640956
vt 0.244967 0.639373
vt 0.247968 0.591507
vt 0.275466 0.591669
vt 0.275481 0.635804
vt 0.305994 0.639365
vt 0.302966 0.591494
vt 0.329276 0.590573
vt 0.331197 0.640955
vt 0.199789 0.728809
vt 0.197393 0.704590
vt 0.219517 0.692482
vt 0.227784 0.730211
vt 0.252859 0.733034
vt 0.249003 0.687406
vt 0.275511 0.688085
vt 0.275516 0.730408
vt 0.298175 0.733010
vt 0.302021 0.687396
vt 0.331536 0.692451
vt 0.323246 0.730162
vt 0.805511 0.686057
vt 0.204711 0.752714
vt 0.229559 0.760254
vt 0.782889 0.696424
vt 0.784986 0.875584
vt 0.254181 0.941082
vt 0.275435 0.940431
vt 0.742298 0.896742
vt 0.699334 0.736241
vt 0.297037 0.807427
vt 0.321459 0.760204
vt 0.696358 0.696343
vt 0.808954 0.641287
vt 0.805193 0.664541
vt 0.784300 0.671779
vt 0.785729 0.644267
vt 0.763331 0.647822
vt 0.762442 0.673765
vt 0.742276 0.741120
vt 0.739609 0.647377
vt 0.715889 0.647774
vt 0.716786 0.673709
vt 0.694936 0.671695
vt 0.693494 0.644181
vt 0.806875 0.557726
vt 0.810121 0.617205
vt 0.790367 0.607046
vt 0.787575 0.557696
vt 0.763367 0.556090
vt 0.764746 0.603486
vt 0.739627 0.603152
vt 0.739688 0.556093
vt 0.716014 0.556064
vt 0.714496 0.603455
vt 0.688836 0.606971
vt 0.691820 0.557642
vt 0.803405 0.420481
vt 0.802841 0.435733
vt 0.782960 0.432290
vt 0.783371 0.416064
vt 0.759505 0.410786
vt 0.759570 0.428509
vt 0.739756 0.426992
vt 0.739743 0.409699
vt 0.720007 0.410786
vt 0.719946 0.428500
vt 0.696571 0.432245
vt 0.696182 0.416016
vt 0.819305 0.093413
vt 0.797386 0.086157
vt 0.790779 0.072322
vt 0.822344 0.073237
vt 0.265809 0.416173
vt 0.762697 0.377789
vt 0.739788 0.389948
vt 0.275377 0.462947
vt 0.364323 0.097210
vt 0.342669 0.089884
vt 0.336664 0.075169
vt 0.367299 0.076188
vt 0.342559 0.494848
vt 0.342402 0.478170
vt 0.366070 0.480227
vt 0.366198 0.495669
vt 0.352247 0.641476
vt 0.350872 0.589816
vt 0.374237 0.588973
vt 0.374011 0.638442
vt 0.936729 0.462892
vt 0.940585 0.464321
vt 0.946953 0.476690
vt 0.936605 0.482861
vt 0.804780 0.405462
vt 0.824266 0.410023
vt 0.823186 0.423812
vt 0.805355 0.509178
vt 0.825584 0.509339
vt 0.825621 0.554997
vt 0.118742 0.522844
vt 0.058006 0.517789
vt 0.074507 0.510871
vt 0.084702 0.516921
vt 0.822269 0.350445
vt 0.784755 0.399833
vt 0.805305 0.347137
vt 0.793942 0.336256
vt 0.777469 0.322538
vt 0.236211 0.409364
vt 0.220899 0.415267
vt 0.203041 0.415110
vt 0.182178 0.419746
vt 0.685950 0.336155
vt 0.717407 0.377787
vt 0.694840 0.399772
vt 0.674409 0.347030
vt 0.657366 0.350391
vt 0.674734 0.405426
vt 0.637625 0.358046
vt 0.347747 0.415166
vt 0.329799 0.415381
vt 0.314324 0.409429
vt 0.706215 0.336018
vt 0.292514 0.404556
vt 0.870618 0.237836
vt 0.844433 0.293934
vt 0.832214 0.287148
vt 0.858351 0.228645
vt 0.844944 0.223065
vt 0.821107 0.280742
vt 0.243727 0.342391
vt 0.826584 0.212775
vt 0.214622 0.282882
vt 0.224361 0.346790
vt 0.210147 0.349538
vt 0.199596 0.284960
vt 0.184434 0.288656
vt 0.194986 0.352422
vt 0.864110 0.304875
vt 0.163133 0.290367
vt 0.634803 0.222910
vt 0.658751 0.280554
vt 0.647480 0.287052
vt 0.621343 0.228556
vt 0.609012 0.237734
vt 0.635143 0.293889
vt 0.375465 0.356065
vt 0.590820 0.249121
vt 0.366326 0.288752
vt 0.355651 0.352469
vt 0.340563 0.349608
vt 0.351134 0.285011
vt 0.336042 0.282967
vt 0.326383 0.346874
vt 0.678330 0.268182
vt 0.315081 0.275917
vt 0.789900 0.091626
vt 0.894734 0.181072
vt 0.223763 0.023658
vt 0.779683 0.072008
vt 0.205625 0.023651
vt 0.212375 0.030485
vt 0.208733 0.046428
vt 0.818124 0.043214
vt 0.919973 0.054113
vt 0.218394 0.124576
vt 0.231547 0.124829
vt 0.925982 0.076298
vt 0.853028 0.105343
vt 0.173602 0.224408
vt 0.245023 0.044913
vt 0.815784 0.102925
vt 0.335499 0.095534
vt 0.609223 0.166963
vt 0.147562 0.023794
vt 0.325939 0.074804
vt 0.129108 0.019171
vt 0.133886 0.026698
vt 0.125138 0.040618
vt 0.363323 0.044920
vt 0.461211 0.056389
vt 0.114656 0.083148
vt 0.128082 0.110700
vt 0.466974 0.079440
vt 0.396801 0.109583
vt 0.345740 0.218419
vt 0.158805 0.046562
vt 0.361009 0.107136
vt 0.212264 0.093809
vt 0.204982 0.218327
vt 0.226791 0.056935
vt 0.229179 0.093286
vt 0.246067 0.092223
vt 0.255137 0.092099
vt 0.884191 0.095549
vt 0.853655 0.095653
vt 0.854753 0.074189
vt 0.884265 0.075061
vt 0.885799 0.054616
vt 0.855335 0.052709
vt 0.203340 0.068369
vt 0.888472 0.044995
vt 0.116537 0.064410
vt 0.377147 0.224500
vt 0.136900 0.057215
vt 0.135301 0.068971
vt 0.159593 0.072808
vt 0.169578 0.075371
vt 0.426769 0.099419
vt 0.397393 0.099512
vt 0.398467 0.077209
vt 0.426850 0.078134
vt 0.428347 0.056895
vt 0.399054 0.054890
vt 0.111199 0.052142
vt 0.430928 0.046902
vt 0.398347 0.732496
vt 0.353774 0.704759
vt 0.655189 0.607952
vt 0.404645 0.715309
vt 0.625247 0.642548
vt 0.669008 0.617360
vt 0.670290 0.641156
vt 0.629866 0.657272
vt 0.633967 0.675274
vt 0.674058 0.664432
vt 0.345812 0.774768
vt 0.637449 0.692485
vt 0.387906 0.765553
vt 0.346295 0.752641
vt 0.351218 0.728717
vt 0.392980 0.747350
vt 0.854032 0.642643
vt 0.181252 0.694641
vt 0.859345 0.625630
vt 0.152631 0.732602
vt 0.157999 0.747449
vt 0.163074 0.765647
vt 0.167481 0.783084
vt 0.845329 0.675366
vt 0.849419 0.657366
vt 0.462802 0.754848
vt 0.433121 0.744888
vt 0.586158 0.633072
vt 0.469035 0.736153
vt 0.562716 0.661102
vt 0.591598 0.653084
vt 0.596668 0.669873
vt 0.567525 0.676181
vt 0.573571 0.695803
vt 0.602326 0.689166
vt 0.414557 0.801264
vt 0.575415 0.714705
vt 0.450039 0.789809
vt 0.420413 0.781867
vt 0.427222 0.762131
vt 0.457315 0.770152
vt 0.916571 0.661069
vt 0.887682 0.653104
vt 0.112049 0.724515
vt 0.922852 0.642462
vt 0.088177 0.754903
vt 0.117860 0.744959
vt 0.123753 0.762207
vt 0.093657 0.770210
vt 0.100926 0.789871
vt 0.130556 0.781946
vt 0.872833 0.708772
vt 0.104321 0.808576
vt 0.905760 0.695791
vt 0.876995 0.689207
vt 0.882631 0.669903
vt 0.911782 0.676158
vt 0.245118 0.820265
vt 0.256063 0.761423
vt 0.275458 0.816348
vt 0.275456 0.817082
vt 0.305796 0.819611
vt 0.322444 0.827635
vt 0.716707 0.746651
vt 0.742277 0.751635
vt 0.767846 0.746640
vt 0.232576 0.815700
vt 0.789238 0.746868
vt 0.242805 0.909093
vt 0.242913 0.847487
vt 0.275453 0.850080
vt 0.275444 0.899369
vt 0.308078 0.909112
vt 0.307992 0.847504
vt 0.685718 0.768892
vt 0.335635 0.923345
vt 0.710517 0.826756
vt 0.709025 0.772272
vt 0.742280 0.767854
vt 0.742288 0.823907
vt 0.774059 0.826743
vt 0.775535 0.772258
vt 0.216918 0.852154
vt 0.800161 0.835727
vt 0.803587 0.472219
vt 0.184266 0.511368
vt 0.823748 0.473030
vt 0.786007 0.508646
vt 0.783967 0.470951
vt 0.760849 0.468488
vt 0.762764 0.507838
vt 0.739729 0.507585
vt 0.739749 0.469813
vt 0.718652 0.468468
vt 0.716699 0.507812
vt 0.693463 0.508589
vt 0.695538 0.470900
vt 0.347089 0.550471
vt 0.343449 0.511536
vt 0.656251 0.437958
vt 0.370672 0.549455
vt 0.305626 0.550928
vt 0.300328 0.509969
vt 0.323635 0.511057
vt 0.326613 0.553291
vt 0.245263 0.550946
vt 0.250519 0.509979
vt 0.275426 0.509223
vt 0.275447 0.553833
vt 0.203857 0.550446
vt 0.207534 0.511493
vt 0.227207 0.511082
vt 0.224277 0.553331
vt 0.296688 0.941095
vt 0.317831 0.963343
vt 0.722395 0.859395
vt 0.742293 0.859091
vt 0.762190 0.859387
vt 0.672412 0.557619
vt 0.673996 0.509116
vt 0.676597 0.435714
vt 0.676064 0.420456
vt 0.798456 0.058765
vt 0.820876 0.052919
vt 0.343747 0.061021
vt 0.365907 0.055032
vt 0.963235 0.483911
vt 0.902883 0.489040
vt 0.909072 0.482168
vt 0.925033 0.475729
vt 0.931354 0.463643
vt 0.080884 0.498420
vt 0.084741 0.496992
vt 0.090126 0.497750
vt 0.096539 0.509638
vt 0.112499 0.516024
vt 0.245369 0.109349
vt 0.249130 0.116712
vt 0.914174 0.091435
vt 0.914507 0.075957
vt 0.915392 0.060496
vt 0.143488 0.116794
vt 0.145270 0.126440
vt 0.455609 0.095160
vt 0.455938 0.079081
vt 0.456800 0.063019
vt 0.982240 0.434188
vt 0.963585 0.427947
vt 0.946509 0.423110
vt 0.890921 0.433118
vt 0.882130 0.436526
vt 0.926679 0.423006
vt 0.909612 0.427375
vt 0.937930 0.422313
vt 0.075163 0.457134
vt 0.058225 0.461798
vt 0.039557 0.467684
vt 0.094859 0.456979
vt 0.083682 0.456346
vt 0.130564 0.466891
vt 0.111877 0.461251
vt 0.033116 0.470128
vt 0.675805 0.472192
vt 0.653419 0.509254
vt 0.655248 0.472962
vt 0.367019 0.511392
vt 0.176921 0.588998
vt 0.180547 0.549455
vt 0.822760 0.437993
vt 0.233028 0.963316
vt 0.215241 0.923308
vt 0.798841 0.768868
vt 0.699605 0.875602
vt 0.684417 0.835751
vt 0.333987 0.852188
vt 0.228471 0.827609
vt 0.254212 0.785439
vt 0.759269 0.697501
vt 0.785216 0.736222
vt 0.695315 0.746888
vt 0.719972 0.697428
vt 0.296799 0.785396
vt 0.318344 0.815723
vt 0.903939 0.714697
vt 0.136407 0.801345
vt 0.081951 0.736203
vt 0.893090 0.633076
vt 0.446638 0.808511
vt 0.606509 0.708725
vt 0.556410 0.642507
vt 0.438944 0.724452
vt 0.841861 0.692578
vt 0.205190 0.774839
vt 0.146366 0.715395
vt 0.823906 0.608060
vt 0.383498 0.782992
vt 0.673752 0.685953
vt 0.619881 0.625562
vt 0.369876 0.694574
vt 0.624476 0.158216
vt 0.327082 0.211968
vt 0.653476 0.212425
vt 0.306569 0.342322
vt 0.153133 0.050558
vt 0.361352 0.222428
vt 0.125968 0.045756
vt 0.396618 0.225899
vt 0.569871 0.190223
vt 0.388031 0.290471
vt 0.615162 0.304972
vt 0.596954 0.173816
vt 0.584932 0.180968
vt 0.909456 0.190131
vt 0.154402 0.225852
vt 0.888489 0.249012
vt 0.175675 0.355943
vt 0.241882 0.047343
vt 0.189385 0.222364
vt 0.213528 0.046751
vt 0.223402 0.212053
vt 0.855547 0.158550
vt 0.235225 0.276013
vt 0.801766 0.268578
vt 0.882733 0.173912
vt 0.870470 0.167071
vt 0.702590 0.322102
vt 0.284431 0.416033
vt 0.369025 0.419829
vt 0.654789 0.409992
vt 0.841623 0.358035
vt 0.185243 0.480200
vt 0.257695 0.404697
vt 0.773758 0.336466
vt 0.177136 0.638471
vt 0.185108 0.495641
vt 0.653403 0.554919
vt 0.655840 0.423782
vt 0.740026 0.329135
vt 0.739609 0.679991
vt 0.717946 0.727940
vt 0.321543 0.784229
vt 0.275425 0.981496
vt 0.229466 0.784279
vt 0.766602 0.727930
vt 0.275513 0.766895
vt 0.294962 0.761394
vt 0.158494 0.031032
vt 0.235614 0.029385
vt 0.253884 0.807420
vt 0.968218 0.693073
vt 0.970279 0.686813
vt 0.964692 0.720144
vt 0.041234 0.817480
vt 0.965692 0.701614
vt 0.035620 0.790589
vt 0.038855 0.799577
vt 0.026837 0.766821
vt 0.976742 0.669618
vt 0.033170 0.783659
vt 0.515345 0.790561
vt 0.512107 0.799546
vt 0.509721 0.817448
vt 0.514670 0.720260
vt 0.513647 0.701731
vt 0.511110 0.693195
vt 0.509040 0.686939
vt 0.502555 0.669755
vt 0.524137 0.766797
vt 0.517798 0.783632
vt 0.052820 0.522857
vt 0.139366 0.470253
vt 0.968347 0.489050
vt 0.988625 0.436785
vt 0.108883 0.091107
vt 0.106409 0.062482
vt 0.399209 0.044805
vt 0.459518 0.102060
vt 0.428604 0.109556
vt 0.167704 0.057128
vt 0.215342 0.132259
vt 0.203222 0.094543
vt 0.855471 0.043005
vt 0.918242 0.098075
vt 0.886101 0.105305
vt 0.255511 0.067846
vt 0.169019 0.047690
vt 0.166893 0.025823
vt 0.125973 0.120002
vt 0.337008 0.054912
vt 0.115292 0.038211
vt 0.149847 0.015689
vt 0.254586 0.043904
vt 0.241676 0.021944
vt 0.231922 0.132778
vt 0.791425 0.052872
vt 0.199112 0.046316
vt 0.223332 0.014444
vn 0.084132 0.934934 -0.344703
vn 0.084132 0.934934 -0.344703
vn 0.326535 0.940642 -0.092561
vn 0.259822 0.951020 -0.167489
vn 0.289164 0.944155 0.157971
vn 0.455167 0.890398 -0.003778
vn 0.193637 0.977236 0.086683
vn 0.138336 0.948336 0.285520
vn 0.445725 0.892833 0.064644
vn 0.231832 0.964552 -0.126073
vn 0.626536 0.746778 -0.223102
vn 0.575052 0.813227 -0.089316
vn -0.801528 0.534965 0.267142
vn -0.725648 0.621715 0.294796
vn -0.446556 0.875879 0.182824
vn -0.515172 0.840240 0.169099
vn -0.170942 0.985212 -0.011644
vn -0.063317 0.995042 0.076697
vn 0.180861 0.983104 0.028205
vn 0.061057 0.991515 -0.114758
vn 0.327412 0.925920 -0.188347
vn 0.418720 0.905808 -0.064699
vn 0.704652 0.671249 -0.229980
vn 0.648442 0.686388 -0.329234
vn -0.272752 0.934190 0.229988
vn -0.452830 0.825607 0.336628
vn -0.469293 0.849366 0.241540
vn -0.295433 0.944237 0.145383
vn -0.120687 0.991953 -0.038272
vn -0.093710 0.994352 0.049816
vn 0.063358 0.997887 -0.014407
vn 0.010772 0.996936 -0.077471
vn 0.111122 0.981480 -0.156042
vn 0.219002 0.972113 -0.083878
vn 0.585303 0.768335 -0.259000
vn 0.325794 0.928431 -0.178533
vn -0.986810 0.020769 -0.160544
vn -0.830837 0.553170 -0.060941
vn -0.519826 0.780595 -0.347061
vn -0.729740 0.216583 -0.648515
vn -0.829819 -0.117178 -0.545591
vn -0.562669 0.603610 -0.564852
vn -0.072999 0.640206 -0.764727
vn -0.280485 -0.138401 -0.949828
vn -0.020968 0.260704 -0.965191
vn -0.055536 0.882203 -0.467582
vn 0.074539 0.757786 -0.648231
vn -0.047880 0.199363 -0.978755
vn -0.209223 -0.977393 0.030474
vn -0.830200 -0.540914 -0.134833
vn -0.698636 -0.435612 -0.567583
vn -0.325390 -0.923517 -0.203073
vn -0.266760 -0.912559 -0.309960
vn -0.501716 -0.644937 -0.576487
vn -0.297206 -0.825657 -0.479540
vn -0.224691 -0.917293 -0.328766
vn -0.145229 -0.912095 -0.383394
vn -0.202784 -0.662757 -0.720855
vn -0.001607 -0.469864 -0.882737
vn 0.052194 -0.918820 -0.391211
vn -0.849433 -0.473113 0.233726
vn -0.514095 -0.846246 0.139906
vn -0.493095 -0.869908 0.010864
vn -0.453718 -0.885483 0.100302
vn -0.193050 -0.981165 -0.006866
vn -0.211541 -0.967472 -0.138742
vn -0.160770 -0.969560 -0.184678
vn -0.136772 -0.988770 -0.060230
vn -0.084626 -0.989575 -0.116533
vn -0.088062 -0.968796 -0.231688
vn 0.241204 -0.883623 -0.401287
vn 0.178100 -0.939550 -0.292449
vn -0.853416 -0.291619 0.432017
vn -0.798308 -0.423266 0.428429
vn -0.416587 -0.878260 0.234765
vn -0.448159 -0.838945 0.308747
vn -0.166580 -0.962610 0.213618
vn -0.196445 -0.969899 0.143891
vn -0.112478 -0.982756 0.146764
vn -0.031135 -0.975804 0.216421
vn -0.134466 -0.957145 0.256499
vn -0.160334 -0.972151 0.170926
vn -0.087632 -0.991482 0.096355
vn -0.181533 -0.964210 0.193250
vn -0.238207 -0.971192 0.006524
vn -0.248304 -0.968641 0.008898
vn -0.245843 -0.969237 0.011850
vn -0.236592 -0.971527 0.012670
vn 0.798564 -0.349879 0.489775
vn 0.524121 -0.589350 0.614787
vn 0.367525 -0.625466 0.688272
vn 0.301434 0.595978 0.744277
vn 0.377812 -0.355525 0.854904
vn 0.398535 -0.333088 0.854531
vn 0.401729 -0.333587 0.852839
vn 0.383765 -0.353077 0.853265
vn 0.670673 -0.448972 -0.590442
vn 0.670673 -0.448972 -0.590442
vn 0.670673 -0.448972 -0.590442
vn 0.670673 -0.448972 -0.590442
vn 0.815931 0.353866 -0.457204
vn 0.885316 0.320820 -0.336587
vn 0.910582 -0.168969 -0.377213
vn 0.832943 -0.108776 -0.542562
vn 0.982818 0.064221 0.173045
vn 0.982818 0.064221 0.173048
vn 0.982818 0.064221 0.173048
vn 0.982818 0.064221 0.173045
vn -0.969172 0.219842 0.111246
vn -0.969172 0.219842 0.111246
vn -0.969172 0.219842 0.111246
vn -0.969172 0.219842 0.111246
vn -0.769669 -0.518683 0.372260
vn -0.902164 0.157665 0.401549
vn -0.951811 0.070827 0.298394
vn 0.491156 0.871066 -0.003145
vn 0.491157 0.871066 -0.003146
vn 0.491157 0.871066 -0.003146
vn 0.491156 0.871066 -0.003145
vn -0.753436 -0.486616 0.442198
vn -0.772185 -0.509082 0.380219
vn -0.439606 -0.747938 0.497328
vn -0.476779 -0.706320 0.523253
vn 0.622080 -0.639089 0.452308
vn 0.625022 -0.641656 0.444551
vn 0.980222 0.170764 -0.100027
vn 0.447775 0.762862 -0.466411
vn 0.481966 0.760194 -0.435677
vn -0.716935 0.659794 -0.225115
vn -0.739851 0.630096 -0.235793
vn -0.739851 0.630096 -0.235793
vn -0.720695 0.655083 -0.226856
vn -0.436559 -0.340216 0.832868
vn -0.372789 -0.463136 0.804073
vn -0.275495 -0.687408 0.671991
vn -0.321399 -0.607522 0.726374
vn 0.418769 -0.882562 -0.213818
vn 0.431253 -0.867529 -0.247820
vn 0.431253 -0.867529 -0.247820
vn 0.418184 -0.883214 -0.212260
vn 0.513521 0.200660 -0.834286
vn 0.448780 0.312713 -0.837142
vn 0.241276 0.716036 -0.655041
vn 0.340880 0.598197 -0.725232
vn -0.045923 0.982519 -0.180412
vn -0.206619 0.771848 0.601297
vn -0.212443 0.949438 0.231163
vn -0.532125 0.548933 -0.644605
vn -0.187002 0.664305 -0.723691
vn 0.389849 0.525715 -0.756069
vn 0.140691 0.220730 -0.965134
vn 0.731428 -0.196267 -0.653064
vn 0.655674 0.146157 -0.740763
vn 0.829844 -0.429122 0.356669
vn 0.852651 -0.521755 0.027530
vn 0.648023 -0.284476 0.706498
vn 0.412758 0.176888 0.893499
vn 0.163344 0.379732 0.910562
vn 0.051263 0.150413 0.987293
vn -0.552913 0.490771 0.673372
vn -0.072973 0.518074 0.852217
vn -0.708441 0.624421 0.328953
vn -0.842965 0.536538 0.039195
vn -0.783997 0.375683 0.494177
vn -0.767323 0.450165 0.456691
vn -0.770848 -0.550119 0.321190
vn -0.742012 -0.569495 0.353684
vn -0.024568 -0.993844 -0.108031
vn 0.014152 -0.986134 -0.165345
vn 0.479133 -0.786812 -0.389047
vn 0.464301 -0.810894 -0.356196
vn 0.794921 -0.358294 -0.489618
vn 0.798887 -0.275964 -0.534437
vn 0.712401 0.565219 -0.415948
vn 0.743776 0.575994 -0.339159
vn 0.037180 0.993302 0.109401
vn 0.085068 0.996374 0.001299
vn -0.421908 0.854365 0.303405
vn -0.440132 0.822007 0.361369
vn -0.341114 0.459605 -0.820003
vn -0.341114 0.459605 -0.820003
vn 0.091496 0.407599 -0.908566
vn 0.119432 0.401336 -0.908111
vn 0.970089 0.115103 -0.213724
vn 0.970089 0.115103 -0.213724
vn 0.970089 0.115103 -0.213724
vn 0.970089 0.115103 -0.213724
vn 0.274766 0.914084 0.298252
vn 0.274766 0.914084 0.298252
vn 0.190108 0.935539 0.297701
vn 0.190108 0.935539 0.297701
vn -0.694581 0.715092 0.078748
vn -0.694581 0.715092 0.078748
vn -0.694581 0.715092 0.078748
vn -0.694581 0.715092 0.078748
vn -0.999572 0.012988 -0.026204
vn -0.999572 0.012988 -0.026204
vn -0.918812 -0.307336 -0.247646
vn -0.914147 -0.316196 -0.253685
vn 0.014859 -0.702610 -0.711420
vn 0.014859 -0.702610 -0.711420
vn 0.014859 -0.702610 -0.711420
vn 0.014859 -0.702610 -0.711420
vn -0.048405 0.461863 -0.885629
vn -0.048405 0.461863 -0.885629
vn -0.082078 0.530630 -0.843620
vn -0.082078 0.530630 -0.843620
vn -0.454142 0.890652 -0.022235
vn -0.454142 0.890652 -0.022235
vn -0.454142 0.890652 -0.022235
vn -0.454142 0.890652 -0.022235
vn 0.220863 0.974879 -0.028809
vn 0.220863 0.974879 -0.028809
vn 0.220960 0.975106 -0.018592
vn 0.220960 0.975106 -0.018586
vn -0.779936 0.618760 -0.094001
vn -0.779936 0.618760 -0.094001
vn -0.779936 0.618760 -0.094001
vn -0.779936 0.618760 -0.094001
vn -0.212504 -0.977088 0.011847
vn -0.222850 -0.974818 0.008227
vn -0.221527 -0.975041 0.014847
vn -0.212176 -0.977091 0.016553
vn 0.977366 -0.211210 0.012084
vn 0.976714 -0.214462 0.006043
vn 0.976724 -0.214413 0.006135
vn 0.977366 -0.211210 0.012084
vn -0.349322 0.385724 -0.853927
vn -0.349322 0.385724 -0.853927
vn -0.344792 0.391000 -0.853368
vn -0.344786 0.391007 -0.853368
vn -0.552190 0.826429 0.110006
vn -0.552190 0.826429 0.110006
vn -0.552190 0.826429 0.110006
vn -0.552190 0.826429 0.110006
vn 0.348989 -0.393318 0.850592
vn 0.357009 -0.381024 0.852857
vn 0.361500 -0.379234 0.851763
vn 0.351843 -0.392146 0.849958
vn 0.380112 -0.769623 -0.513026
vn 0.376902 -0.774053 -0.508711
vn 0.376878 -0.774086 -0.508679
vn 0.380112 -0.769623 -0.513026
vn 0.064880 0.757053 0.650124
vn 0.677832 0.733568 0.049210
vn 0.034929 0.016492 0.999254
vn -0.046804 0.073938 0.996164
vn -0.152999 -0.631046 0.760508
vn 0.558188 -0.807647 -0.190089
vn 0.096514 -0.991832 -0.083391
vn -0.174721 -0.979849 0.096794
vn -0.101340 -0.733981 -0.671567
vn 0.154169 -0.614421 -0.773769
vn 0.197556 0.050273 -0.979002
vn 0.010471 -0.060658 -0.998104
vn 0.103546 0.599897 -0.793349
vn 0.279429 0.672554 -0.685266
vn 0.331525 0.943435 -0.004709
vn 0.142004 0.989720 -0.016981
vn 0.754613 -0.633286 -0.171781
vn 0.977851 0.087867 -0.189967
vn 0.963743 0.227432 -0.139548
vn 0.608263 0.790177 0.075079
vn -0.006288 0.990516 0.137255
vn -0.905451 0.411422 0.104358
vn -0.977362 -0.188497 0.096081
vn -0.647022 -0.754247 0.111686
vn 0.105382 -0.994286 0.017044
vn -0.196358 0.598213 0.776907
vn -0.150675 0.733945 0.662285
vn -0.216383 0.030755 0.975824
vn -0.170509 0.003928 0.985348
vn -0.077792 -0.596699 0.798685
vn -0.173132 -0.692302 0.700531
vn -0.055891 -0.997106 0.051538
vn 0.136635 -0.990001 0.035050
vn 0.398188 -0.577318 -0.712847
vn 0.054936 -0.746459 -0.663160
vn 0.153496 -0.079774 -0.984924
vn 0.424645 0.000335 -0.905360
vn 0.302052 0.585359 -0.752409
vn 0.144505 0.575396 -0.805008
vn 0.007553 0.996448 -0.083876
vn -0.048902 0.998637 -0.018222
vn 0.865132 -0.480565 -0.143537
vn 0.701029 -0.708076 0.084775
vn 0.751365 -0.292623 -0.591459
vn 0.571477 -0.361441 -0.736732
vn 0.052067 -0.134571 -0.989535
vn 0.198162 0.323177 -0.925359
vn -0.544217 0.717039 -0.435526
vn -0.656717 0.306732 -0.688940
vn -0.741271 0.629466 0.233002
vn -0.871356 0.350537 0.343312
vn -0.774376 -0.029011 0.632060
vn -0.421423 0.485782 0.765780
vn -0.013306 0.125364 0.992022
vn -0.351101 -0.646052 0.677750
vn 0.311800 -0.796635 0.517835
vn 0.586387 -0.309118 0.748730
vn -0.352401 0.820898 0.449377
vn -0.352401 0.820898 0.449377
vn -0.352401 0.820898 0.449377
vn -0.352401 0.820898 0.449377
vn 0.977561 0.175401 -0.116657
vn 0.977561 0.175401 -0.116657
vn 0.981079 0.017518 -0.192815
vn 0.730365 -0.475050 0.490811
vn -0.123769 -0.990873 -0.053410
vn 0.099689 -0.802599 0.588129
vn -0.457570 -0.473076 0.752881
vn -0.788926 0.315858 -0.527096
vn -0.837471 0.171602 0.518841
vn -0.672591 0.727079 -0.137760
vn -0.576686 0.815216 0.053445
vn 0.067493 0.968985 -0.237726
vn 0.043630 0.894236 -0.445465
vn 0.718487 0.456914 -0.524410
vn 0.699661 0.637684 -0.322232
vn 0.992453 0.009031 -0.122293
vn 0.902607 -0.198060 -0.382195
vn 0.604119 -0.790431 0.101285
vn 0.687912 -0.657556 0.307242
vn 0.040973 -0.801472 0.596627
vn -0.025407 -0.871927 0.488976
vn -0.708963 -0.544987 0.447617
vn -0.594910 -0.474109 0.649078
vn -0.868862 0.310972 0.385195
vn -0.976009 0.162320 0.145114
vn -0.789330 -0.439788 0.428421
vn -0.831774 0.280624 0.478960
vn -0.856199 0.233900 0.460667
vn -0.383329 -0.898571 0.213609
vn -0.397352 -0.884909 0.242998
vn -0.195537 -0.969983 0.144562
vn -0.178729 -0.977002 0.116287
vn -0.134902 -0.988726 0.064985
vn -0.146443 -0.981390 0.124211
vn -0.148841 -0.983152 0.106103
vn -0.105582 -0.994371 0.008918
vn 0.096096 -0.989600 -0.107042
vn 0.014268 -0.999768 0.016112
vn 0.931229 0.302360 -0.203448
vn 0.947646 0.278082 -0.156964
vn 0.920005 -0.323925 -0.220599
vn 0.942302 -0.228021 -0.245100
vn 0.467881 0.874664 0.126687
vn 0.412645 0.901993 0.127014
vn 0.675474 0.737263 0.013349
vn 0.715482 0.696719 -0.051645
vn 0.117535 0.962268 0.245408
vn 0.205850 0.955961 0.209198
vn 0.290546 0.941090 0.173011
vn 0.298497 0.929045 0.218576
vn -0.623591 0.684930 0.376836
vn -0.527711 0.750491 0.397849
vn -0.058421 0.963534 0.261129
vn -0.248382 0.925461 0.286058
vn 0.241444 0.944385 0.223253
vn 0.131905 0.974805 0.179877
vn -0.351786 0.908175 0.226857
vn 0.379215 0.920537 0.093849
vn 0.444843 0.887110 0.123088
vn 0.291925 0.935974 0.196805
vn 0.681824 0.558684 -0.472217
vn 0.681824 0.558684 -0.472217
vn 0.968818 0.048396 -0.243003
vn 0.704508 0.708641 0.038682
vn -0.278094 0.897066 -0.343418
vn -0.070898 0.971801 -0.224890
vn 0.409794 0.377018 -0.830618
vn 0.349162 -0.352924 -0.868062
vn 0.249658 -0.819489 -0.515857
vn -0.276634 -0.883877 -0.377140
vn -0.726393 -0.631878 -0.270340
vn 0.617540 -0.589423 -0.520793
vn 0.601073 -0.740862 -0.299724
vn -0.087465 -0.868678 0.487594
vn -0.312447 -0.813106 0.491157
vn -0.292408 -0.819118 0.493502
vn -0.704776 -0.594783 0.386682
vn -0.704776 -0.594783 0.386682
vn -0.021234 -0.854132 0.519623
vn -0.177308 0.032944 0.983604
vn 0.231853 -0.886035 0.401479
vn -0.043777 -0.881817 0.469556
vn 0.482110 -0.870619 -0.097940
vn 0.261988 -0.964816 -0.022201
vn -0.169457 -0.959271 0.226016
vn -0.169457 -0.959271 0.226016
vn -0.290650 -0.796452 0.530270
vn -0.266248 -0.843431 0.466623
vn -0.243341 -0.969827 0.014846
vn -0.233694 -0.972124 0.019027
vn -0.220209 -0.975218 0.021401
vn 0.405063 -0.334104 0.851057
vn 0.387248 -0.353276 0.851608
vn 0.365896 -0.377499 0.850655
vn 0.603843 -0.749612 -0.271026
vn 0.603843 -0.749612 -0.271026
vn 0.603843 -0.749612 -0.271026
vn 0.603843 -0.749612 -0.271026
vn 0.839121 -0.495079 -0.225327
vn 0.765363 -0.026161 -0.643067
vn 0.982818 0.064221 0.173048
vn 0.982818 0.064221 0.173048
vn 0.982818 0.064221 0.173045
vn 0.982818 0.064221 0.173045
vn 0.982818 0.064221 0.173043
vn 0.982818 0.064221 0.173043
vn 0.982818 0.064221 0.173043
vn 0.982818 0.064221 0.173043
vn -0.772248 0.634462 -0.033038
vn -0.772248 0.634462 -0.033038
vn -0.772248 0.634462 -0.033038
vn -0.772248 0.634462 -0.033038
vn -0.812020 0.418718 0.406571
vn -0.977114 0.057387 0.204827
vn 0.491153 0.871067 -0.003143
vn 0.491153 0.871067 -0.003143
vn 0.491155 0.871067 -0.003144
vn 0.491155 0.871067 -0.003144
vn 0.491156 0.871066 -0.003144
vn 0.491156 0.871066 -0.003144
vn 0.491155 0.871067 -0.003144
vn 0.491155 0.871067 -0.003144
vn -0.081343 -0.846490 0.526153
vn -0.137114 -0.816616 0.560659
vn -0.217785 -0.765008 0.606080
vn -0.523733 -0.631879 0.571343
vn -0.734833 -0.465849 0.492955
vn 0.965623 -0.208223 0.155612
vn 0.956949 -0.272141 0.100940
vn 0.956949 -0.272141 0.100940
vn 0.646582 -0.660208 0.382174
vn 0.646582 -0.660208 0.382174
vn 0.164909 0.836755 -0.522155
vn 0.142245 0.872398 -0.467641
vn 0.123374 0.898250 -0.421812
vn 0.524737 0.756443 -0.390442
vn 0.872819 0.411916 -0.261747
vn -0.953711 0.298159 -0.039198
vn -0.953711 0.298159 -0.039198
vn -0.940809 0.337072 -0.035520
vn -0.938091 0.344637 -0.034792
vn -0.921741 0.386591 -0.030671
vn -0.921741 0.386591 -0.030671
vn -0.695193 0.685877 -0.215127
vn -0.695193 0.685877 -0.215127
vn -0.165800 -0.848581 0.502414
vn -0.190439 -0.800830 0.567807
vn -0.211758 -0.752186 0.623999
vn -0.367988 -0.517308 0.772643
vn -0.497306 -0.195271 0.845314
vn 0.522663 -0.639701 -0.563565
vn 0.522662 -0.639701 -0.563565
vn 0.532532 -0.682385 -0.500759
vn 0.531621 -0.677987 -0.507655
vn 0.538517 -0.715851 -0.444473
vn 0.538517 -0.715851 -0.444473
vn 0.406836 -0.895073 -0.182560
vn 0.406836 -0.895073 -0.182560
vn 0.162205 0.851975 -0.497824
vn 0.414791 0.516181 -0.749336
vn 0.556293 0.114718 -0.823030
vn -0.422908 0.650210 0.631170
vn -0.436797 0.662967 0.608016
vn -0.472851 0.694885 0.541799
vn -0.472852 0.694885 0.541799
vn -0.289138 0.937941 0.191486
vn -0.289138 0.937941 0.191486
vn 0.693807 -0.420737 -0.584476
vn -0.058820 0.073163 -0.995584
vn -0.728361 0.446973 -0.519332
vn 0.676379 -0.524896 0.516716
vn 0.828990 -0.559199 -0.008480
vn -0.799368 0.394525 0.453168
vn -0.155529 -0.057046 0.986183
vn -0.872253 0.488895 -0.012505
vn 0.004253 -0.996425 -0.084371
vn -0.731794 -0.556844 0.392942
vn -0.751291 0.407080 0.519469
vn 0.822219 -0.352612 -0.446789
vn 0.483906 -0.807609 -0.337050
vn 0.054346 0.981522 0.183468
vn 0.756743 0.604593 -0.248612
vn -0.415298 0.819225 0.395472
vn 0.560728 0.249933 -0.789378
vn 0.560728 0.249933 -0.789378
vn 0.492766 -0.128240 -0.860660
vn 0.492766 -0.128240 -0.860660
vn 0.009685 -0.017043 -0.999808
vn -0.010816 -0.012238 -0.999867
vn -0.480330 0.099732 -0.871399
vn -0.480330 0.099732 -0.871399
vn 0.933787 0.354899 0.045709
vn 0.933787 0.354899 0.045709
vn 0.933787 0.354899 0.045709
vn 0.933787 0.354899 0.045709
vn 0.976092 -0.217358 0.000648
vn 0.976092 -0.217358 0.000648
vn 0.949861 -0.217418 -0.224708
vn 0.949861 -0.217418 -0.224708
vn 0.949861 -0.217418 -0.224708
vn 0.949861 -0.217418 -0.224708
vn 0.104000 0.949858 0.294880
vn 0.104000 0.949858 0.294880
vn -0.159938 -0.457645 0.874632
vn -0.159938 -0.457645 0.874632
vn -0.115249 -0.467522 0.876436
vn -0.115249 -0.467522 0.876436
vn -0.070319 -0.476419 0.876402
vn -0.070319 -0.476419 0.876402
vn -0.819966 0.521001 -0.237094
vn -0.819966 0.521001 -0.237094
vn -0.819966 0.521001 -0.237094
vn -0.819966 0.521001 -0.237094
vn -0.943497 0.219560 -0.248208
vn -0.943497 0.219560 -0.248208
vn -0.943497 0.219560 -0.248208
vn -0.943497 0.219560 -0.248208
vn -0.974440 0.224586 -0.005233
vn -0.975750 0.218688 -0.009332
vn -0.975720 0.218829 -0.009235
vn -0.974440 0.224586 -0.005233
vn -0.669102 -0.597461 -0.441976
vn -0.669102 -0.597461 -0.441977
vn -0.562632 -0.821579 -0.091937
vn -0.562632 -0.821579 -0.091937
vn -0.834500 -0.528489 0.155914
vn -0.839804 -0.517902 0.162811
vn -0.921616 -0.115085 0.370647
vn -0.921616 -0.115085 0.370648
vn 0.166256 -0.440676 -0.882136
vn 0.166256 -0.440676 -0.882136
vn 0.166256 -0.440676 -0.882136
vn 0.166256 -0.440676 -0.882136
vn 0.373909 -0.778127 -0.504688
vn 0.373909 -0.778127 -0.504688
vn 0.180671 -0.872978 -0.453064
vn 0.180671 -0.872978 -0.453064
vn 0.180671 -0.872978 -0.453064
vn 0.180671 -0.872978 -0.453064
vn -0.115124 0.595349 -0.795177
vn -0.115124 0.595349 -0.795177
vn 0.899893 0.287329 0.328079
vn 0.899893 0.287329 0.328079
vn 0.918363 0.252566 0.304664
vn 0.918363 0.252566 0.304664
vn 0.934907 0.217272 0.280610
vn 0.934907 0.217272 0.280610
vn -0.665664 0.717393 0.205522
vn -0.665664 0.717393 0.205522
vn -0.665664 0.717393 0.205522
vn -0.665664 0.717393 0.205522
vn -0.552222 0.649189 0.523072
vn -0.552222 0.649189 0.523072
vn -0.552222 0.649189 0.523072
vn -0.552222 0.649189 0.523071
vn -0.376902 0.776974 0.504238
vn -0.379087 0.773082 0.508564
vn -0.379006 0.773228 0.508403
vn -0.376902 0.776974 0.504238
vn 0.221035 0.975230 -0.008323
vn 0.221035 0.975230 -0.008323
vn 0.107297 0.993122 0.046867
vn 0.107297 0.993122 0.046867
vn 0.204321 0.977690 0.048727
vn 0.204339 0.977687 0.048728
vn 0.299388 0.952814 0.050117
vn 0.299388 0.952814 0.050117
vn -0.977150 0.212097 -0.013904
vn -0.977150 0.212097 -0.013904
vn -0.995785 -0.028700 0.087113
vn -0.995785 -0.028700 0.087113
vn -0.995785 -0.028700 0.087113
vn -0.995785 -0.028700 0.087113
vn -0.700621 0.713404 -0.013614
vn -0.700621 0.713404 -0.013614
vn -0.700621 0.713404 -0.013614
vn -0.700621 0.713404 -0.013614
vn -0.211847 -0.977073 0.021210
vn -0.115970 -0.989156 0.090124
vn -0.115970 -0.989155 0.090124
vn -0.206349 -0.974469 0.088491
vn -0.206440 -0.974450 0.088489
vn -0.295123 -0.951571 0.086113
vn -0.295123 -0.951571 0.086113
vn 0.966974 0.244172 -0.073083
vn 0.966974 0.244172 -0.073083
vn 0.966974 0.244172 -0.073083
vn 0.966974 0.244172 -0.073083
vn 0.928705 0.370391 0.017824
vn 0.928705 0.370391 0.017824
vn 0.928705 0.370391 0.017824
vn 0.928705 0.370391 0.017824
vn 0.896315 -0.425704 0.124080
vn 0.896315 -0.425704 0.124080
vn 0.896315 -0.425704 0.124080
vn 0.896315 -0.425704 0.124080
vn -0.340270 0.396229 -0.852772
vn -0.340270 0.396229 -0.852772
vn -0.343840 0.495694 -0.797534
vn -0.343840 0.495694 -0.797534
vn -0.308255 0.422293 -0.852436
vn -0.308252 0.422288 -0.852440
vn -0.269678 0.344787 -0.899108
vn -0.269678 0.344787 -0.899108
vn -0.381426 0.768851 0.513207
vn -0.381426 0.768851 0.513207
vn -0.198268 0.700622 0.685434
vn -0.198268 0.700622 0.685434
vn -0.198268 0.700622 0.685434
vn -0.198268 0.700622 0.685434
vn -0.510540 0.858885 -0.040802
vn -0.510540 0.858885 -0.040802
vn -0.510540 0.858885 -0.040802
vn -0.510540 0.858885 -0.040802
vn 0.354680 -0.390976 0.849318
vn 0.457209 -0.420474 0.783685
vn 0.457209 -0.420474 0.783685
vn 0.423473 -0.352391 0.834560
vn 0.423457 -0.352359 0.834582
vn 0.386171 -0.281313 0.878485
vn 0.386171 -0.281313 0.878485
vn 0.127976 -0.556946 -0.820630
vn 0.127976 -0.556946 -0.820630
vn 0.127975 -0.556946 -0.820630
vn 0.127976 -0.556946 -0.820630
vn 0.124621 -0.413978 -0.901716
vn 0.124621 -0.413978 -0.901716
vn 0.124621 -0.413978 -0.901716
vn 0.124621 -0.413978 -0.901716
vn 0.541644 -0.778758 -0.316477
vn 0.541644 -0.778758 -0.316477
vn 0.541644 -0.778758 -0.316477
vn 0.541644 -0.778758 -0.316477
vn -0.047609 -0.556232 0.829663
vn -0.106308 0.003186 0.994328
vn -0.149178 0.566781 0.810250
vn 0.409121 -0.561057 -0.719608
vn 0.120080 -0.991791 0.043951
vn 0.300966 0.606480 -0.735936
vn 0.447124 0.021592 -0.894211
vn -0.052341 0.998539 0.013429
vn 0.137464 -0.059034 -0.988746
vn 0.628543 -0.289444 -0.721912
vn 0.878112 -0.427668 -0.214520
vn -0.737947 0.653222 0.169514
vn -0.625872 0.356054 -0.693909
vn 0.025315 0.271491 0.962108
vn -0.420118 0.569167 0.706789
vn 0.678838 -0.292074 0.673700
vn 0.677890 0.732139 0.066610
vn 0.677890 0.732139 0.066610
vn 0.677890 0.732139 0.066610
vn 0.677890 0.732139 0.066610
vn 0.776620 0.629436 -0.025941
vn 0.038659 0.996208 0.077945
vn -0.535639 0.758824 0.370509
vn 0.915427 0.250651 0.314910
vn -0.760119 0.344968 0.550651
vn -0.760119 0.344968 0.550651
vn -0.572395 0.383399 0.724824
vn 0.585570 -0.794873 -0.159016
vn -0.106253 0.994251 -0.013269
vn -0.191679 0.779855 0.595891
vn -0.191679 0.779855 0.595891
vn -0.106106 0.994255 -0.014095
vn -0.187209 0.118905 0.975097
vn -0.187210 0.118905 0.975097
vn -0.187209 0.118905 0.975097
vn -0.187210 0.118905 0.975097
vn -0.170597 -0.122912 0.977645
vn -0.170597 -0.122912 0.977645
vn -0.170597 -0.122912 0.977645
vn -0.170597 -0.122912 0.977645
vn -0.063705 -0.855971 0.513085
vn 0.032292 -0.999478 0.000725
vn 0.032298 -0.999478 0.000689
vn -0.063705 -0.855971 0.513085
vn 0.097387 -0.920336 -0.378811
vn 0.097387 -0.920336 -0.378811
vn 0.155994 -0.010016 -0.987707
vn 0.155994 -0.010016 -0.987707
vn 0.155994 -0.010016 -0.987707
vn 0.155994 -0.010016 -0.987707
vn 0.154034 0.018250 -0.987897
vn 0.154034 0.018250 -0.987897
vn 0.154034 0.018250 -0.987897
vn 0.154034 0.018250 -0.987897
vn -0.010727 0.878713 -0.477229
vn -0.010727 0.878713 -0.477229
vn 0.618048 -0.383120 0.686466
vn 0.837897 -0.504757 0.207725
vn 0.837897 -0.504757 0.207725
vn 0.618027 -0.383108 0.686492
vn 0.664533 -0.384343 -0.640840
vn 0.664533 -0.384343 -0.640840
vn 0.664533 -0.384343 -0.640840
vn 0.664533 -0.384343 -0.640840
vn 0.509723 -0.299059 -0.806688
vn 0.509723 -0.299059 -0.806688
vn 0.509723 -0.299059 -0.806688
vn 0.509723 -0.299059 -0.806688
vn -0.148351 0.039707 -0.988137
vn -0.654455 0.317336 -0.686285
vn -0.654960 0.317625 -0.685669
vn -0.148351 0.039707 -0.988137
vn -0.858628 0.441079 -0.261164
vn -0.858628 0.441079 -0.261164
vn -0.615185 0.328349 0.716753
vn -0.615185 0.328349 0.716753
vn -0.615185 0.328349 0.716753
vn -0.615185 0.328349 0.716753
vn -0.597151 0.318416 0.736222
vn -0.597151 0.318416 0.736222
vn -0.597151 0.318416 0.736222
vn -0.597151 0.318416 0.736222
vn 0.340599 -0.221977 0.913630
vn 0.340599 -0.221977 0.913630
s 1
g pCube1
usemtl pCube1SG
f 101/1/1 1/2/2 98/3/3 97/4/4
f 99/5/5 2/6/6 103/7/7 102/8/8
f 104/9/9 3/10/10 107/11/11 106/12/12
s 3
f 114/13/13 5/14/14 111/15/15 110/16/16
f 112/17/17 6/18/18 116/19/19 115/20/20
f 117/21/21 7/22/22 120/23/23 119/24/24
f 126/25/25 9/26/26 113/27/27 123/28/28
f 124/29/29 10/30/30 118/31/31 127/32/32
f 128/33/33 11/34/34 122/35/35 130/36/36
f 136/424/37 13/38/38 125/39/39 133/474/40
f 141/401/41 85/42/42 138/43/43 137/473/44
f 145/413/45 15/477/46 132/47/47 142/472/48
f 149/49/49 17/50/50 135/51/51 146/52/52
f 147/53/53 18/54/54 151/470/55 150/56/56
f 152/57/57 19/58/58 144/59/59 154/60/60
f 160/61/61 21/62/62 148/63/63 157/64/64
f 158/65/65 22/66/66 153/67/67 161/68/68
f 162/69/69 23/70/70 156/71/71 164/72/72
f 171/73/73 90/74/74 168/75/75 167/76/76
f 169/77/77 91/78/78 173/79/79 172/80/80
f 174/81/81 92/82/82 177/83/83 176/84/84
s 10
f 184/85/85 49/86/86 181/87/87 180/88/88
s 1
f 187/464/89 30/90/90 175/91/91 185/469/92
s 12
f 192/93/93 53/94/94 189/95/95 188/96/96
s off
f 108/97/97 4/98/98 194/99/99 193/100/100
s 3
f 121/101/101 8/102/102 197/103/103 196/104/104
s 13
f 378/105/105 377/106/106 379/107/107 380/108/108
s off
f 171/73/109 29/109/110 204/110/111 203/111/112
s 3
f 160/61/61 25/112/113 207/113/114 206/114/115
s 14
f 386/501/116 387/116/117 388/117/118 389/118/119
s 15
f 216/119/120 29/109/121 170/120/122 213/121/123
s 1
f 214/122/124 30/90/90 187/464/89 217/123/125
f 218/124/126 2/6/6 98/3/127 220/125/128
s 17
f 221/126/129 1/2/130 204/462/131 223/127/132
s 18
f 228/128/133 31/129/134 179/130/135 225/131/136
s 19
f 226/132/137 32/133/138 194/460/139 229/134/140
s 1
f 230/135/141 4/98/142 107/11/143 232/136/144
f 233/137/145 3/10/10 186/458/146 235/139/147
s 21
f 240/140/148 33/141/149 215/142/150 237/143/151
f 238/144/152 34/145/153 219/454/154 241/147/155
f 242/148/156 35/149/157 222/150/158 244/151/159
f 245/152/160 36/153/161 224/447/162 247/155/163
s 22
f 252/156/164 37/157/165 227/158/166 249/159/167
f 250/160/168 38/161/169 231/441/170 253/163/171
f 254/164/172 39/165/173 234/166/174 256/167/175
f 257/168/176 40/169/177 236/434/178 259/171/179
s 23
f 263/524/180 41/479/181 239/174/182 261/528/183
s off
f 262/176/184 42/177/185 243/178/186 264/527/187
s 24
f 270/511/188 58/181/189 267/182/190 266/525/191
s off
f 272/516/192 44/448/193 248/186/194 271/523/195
s 25
f 275/518/196 45/478/197 251/190/198 273/522/199
s off
f 274/192/200 46/193/201 255/194/202 276/521/203
s 26
f 282/505/204 62/197/205 279/198/206 278/519/207
s off
f 284/510/208 48/435/209 260/202/210 283/517/211
s 27
f 287/204/212 43/450/213 246/206/214 285/207/215
s off
f 286/208/216 44/448/217 272/516/218 288/209/219
s 10
f 289/210/220 52/211/221 183/212/222 290/213/223
s 28
f 291/214/224 51/215/225 265/513/226 292/217/227
s 29
f 295/218/228 47/437/229 258/220/230 293/221/231
s off
f 294/222/232 48/435/233 284/510/234 296/223/235
s 12
f 297/224/236 56/225/237 191/226/238 298/227/239
s 30
f 299/228/240 55/229/241 277/507/242 300/231/243
s 3
f 304/232/244 12/233/245 198/430/246 301/235/247
f 302/236/248 24/237/249 155/238/250 305/239/251
f 306/240/252 20/241/253 143/428/254 308/243/255
f 309/244/256 16/245/257 131/246/258 311/247/259
f 316/248/260 21/62/62 208/426/261 313/250/262
f 314/251/263 9/26/26 126/25/25 317/252/264
f 318/253/265 13/38/38 136/424/37 320/254/266
f 321/255/267 17/50/50 149/49/49 323/256/268
f 327/257/269 66/258/270 303/422/271 325/260/272
f 326/261/273 65/262/274 307/263/275 328/264/276
f 329/265/277 67/266/278 310/420/279 330/268/280
f 331/269/281 68/270/282 312/271/283 332/272/284
f 335/273/285 69/274/286 315/418/287 333/276/288
f 334/277/289 70/278/290 319/279/291 336/280/292
f 337/281/293 71/282/294 322/416/295 338/284/296
f 339/285/297 72/286/298 324/287/299 340/288/300
s off
f 344/289/301 14/480/302 129/291/303 341/292/304
s 3
f 342/293/305 15/46/306 145/414/45 345/294/307
f 346/295/308 19/471/58 151/55/309 348/296/310
f 349/297/311 18/475/54 134/410/312 351/299/313
f 355/300/314 81/301/315 343/302/316 353/303/317
f 354/304/318 82/305/319 347/406/320 356/307/321
f 357/308/322 83/309/323 350/310/324 358/311/325
f 359/312/326 84/313/327 352/403/328 360/315/329
f 363/316/330 90/74/74 205/400/331 361/318/332
f 363/316/330 25/112/113 159/319/333 364/320/334
f 365/321/335 26/322/336 163/323/337 366/324/338
f 367/325/339 27/326/340 166/327/341 368/328/342
f 371/329/343 94/330/344 195/397/345 370/332/346
f 373/333/347 95/334/348 109/335/349 372/336/350
f 375/337/351 96/338/352 105/339/353 374/340/354
f 362/341/355 89/342/356 100/343/357 376/344/358
s 1
f 98/3/3 2/6/6 99/5/5 97/4/4
s 3
f 99/5/359 96/338/352 100/343/357 97/4/360
f 100/343/357 89/342/356 101/1/361 97/4/360
s 1
f 103/7/7 3/10/10 104/9/9 102/8/362
s 3
f 104/9/363 95/334/348 105/339/353 102/8/364
f 105/339/353 96/338/352 99/5/359 102/8/364
s 1
f 107/11/11 4/98/365 108/97/366 106/12/12
s 3
f 108/97/367 94/330/344 109/335/349 106/12/368
f 109/335/349 95/334/348 104/9/363 106/12/368
f 111/15/15 6/18/18 112/17/17 110/16/16
f 112/17/17 10/30/30 113/27/27 110/16/16
f 113/27/27 9/26/26 114/13/13 110/16/16
f 116/19/19 7/22/22 117/21/21 115/20/20
f 117/21/21 11/34/34 118/31/31 115/20/20
f 118/31/31 10/30/30 112/17/17 115/20/20
f 120/23/23 8/102/102 121/101/101 119/24/24
f 121/101/101 12/233/245 122/35/35 119/24/24
f 122/35/35 11/34/34 117/21/21 119/24/24
f 113/27/27 10/30/30 124/29/29 123/28/28
f 124/29/29 14/290/369 125/39/39 123/28/28
f 125/39/39 13/38/38 126/25/25 123/28/28
f 118/31/31 11/34/34 128/33/33 127/32/32
f 128/33/33 15/477/46 129/476/370 127/32/32
f 129/476/370 14/290/369 124/29/29 127/32/32
f 122/35/35 12/233/245 131/246/258 130/36/36
f 131/246/258 16/245/257 132/47/47 130/36/36
f 132/47/47 15/477/46 128/33/33 130/36/36
f 125/39/39 14/290/369 134/408/312 133/474/40
f 134/409/312 18/54/54 135/51/51 133/40/40
f 135/51/51 17/50/50 136/37/37 133/40/40
f 138/43/43 86/345/371 139/346/372 137/473/44
f 139/404/372 87/347/373 140/348/374 137/44/44
f 140/348/374 88/349/375 141/41/41 137/44/44
f 132/47/47 16/245/257 143/242/254 142/472/48
f 143/428/254 20/241/253 144/59/59 142/48/48
f 144/59/59 19/58/58 145/412/45 142/48/48
f 135/51/51 18/54/54 147/53/53 146/52/52
f 147/53/53 22/66/66 148/63/63 146/52/52
f 148/63/63 21/62/62 149/49/49 146/52/52
f 151/470/55 19/58/58 152/57/57 150/56/56
f 152/57/57 23/70/70 153/67/67 150/56/56
f 153/67/67 22/66/66 147/53/53 150/56/56
f 144/59/59 20/241/253 155/238/250 154/60/60
f 155/238/250 24/237/249 156/71/71 154/60/60
f 156/71/71 23/70/70 152/57/57 154/60/60
f 148/63/63 22/66/66 158/65/65 157/64/64
f 158/65/65 26/322/336 159/319/333 157/64/64
f 159/319/333 25/112/113 160/61/61 157/64/64
f 153/67/67 23/70/70 162/69/69 161/68/68
f 162/69/69 27/326/340 163/323/337 161/68/68
f 163/323/337 26/322/336 158/65/65 161/68/68
f 156/71/71 24/237/249 165/350/376 164/72/72
f 165/350/376 28/351/377 166/327/341 164/72/72
f 166/327/341 27/326/340 162/69/69 164/72/72
f 168/75/75 91/78/78 169/77/77 167/76/76
s 1
f 169/77/378 30/90/90 170/120/379 167/76/380
f 170/120/379 29/109/381 171/73/382 167/76/380
s 3
f 173/79/79 92/82/82 174/81/81 172/80/80
s 1
f 174/81/383 31/129/384 175/91/91 172/80/385
f 175/91/91 30/90/90 169/77/378 172/80/386
s 3
f 177/83/83 93/352/387 178/353/388 176/84/84
s 1
f 178/353/389 32/133/390 179/130/391 176/84/392
f 179/130/391 31/129/384 174/81/383 176/84/392
s 10
f 181/87/87 50/354/393 182/355/394 180/88/88
f 182/355/394 51/215/395 183/212/222 180/88/88
f 183/212/222 52/211/221 184/85/85 180/88/88
s 1
f 175/91/91 31/129/384 186/138/146 185/469/92
f 186/458/146 3/10/10 103/7/7 185/92/92
f 103/7/7 2/6/6 187/89/89 185/92/92
s 12
f 189/95/95 54/356/396 190/357/397 188/96/96
f 190/357/397 55/229/398 191/226/238 188/96/96
f 191/226/238 56/225/237 192/93/93 188/96/96
s off
f 194/460/399 32/133/400 178/353/401 193/468/402
s 3
f 178/353/388 93/352/387 195/331/345 193/468/403
f 195/397/345 94/330/344 108/97/367 193/100/403
f 197/395/103 28/351/377 165/350/376 196/467/104
f 165/350/376 24/237/249 198/234/404 196/467/104
f 198/430/404 12/233/245 121/101/101 196/104/104
s 41
f 379/107/405 381/358/406 382/503/407 380/108/408
f 382/359/407 383/360/409 384/361/410 380/108/408
s 13
f 384/361/411 385/362/412 378/105/105 380/108/108
s off
f 204/462/413 1/2/414 101/1/415 203/466/416
s 3
f 101/1/361 89/342/356 205/317/331 203/466/417
f 205/400/331 90/74/74 171/73/73 203/111/417
f 207/398/114 5/14/14 114/13/13 206/465/115
f 114/13/13 9/26/26 208/249/418 206/465/115
f 208/426/418 21/62/62 160/61/61 206/114/115
s 42
f 388/117/419 390/363/420 391/364/421 389/118/422
f 391/364/421 392/365/423 393/366/424 389/118/422
s 14
f 393/366/425 394/367/426 386/115/116 389/118/119
s 15
f 170/120/122 30/90/427 214/122/428 213/121/123
f 214/122/428 34/145/429 215/142/430 213/121/123
f 215/142/430 33/141/431 216/119/120 213/121/123
s 1
f 187/89/89 2/6/6 218/124/126 217/463/432
f 218/124/126 35/149/433 219/146/434 217/463/432
f 219/454/435 34/145/436 214/122/124 217/123/125
f 98/3/127 1/2/437 221/126/438 220/125/128
f 221/126/438 36/153/439 222/150/440 220/125/128
f 222/150/440 35/149/441 218/124/126 220/125/128
s 43
f 204/110/442 29/109/443 216/119/444 223/461/445
f 216/119/444 33/141/446 224/154/447 223/461/445
s 17
f 224/447/448 36/153/449 221/126/129 223/127/132
s 18
f 179/130/135 32/133/450 226/132/451 225/131/136
f 226/132/451 38/161/452 227/158/453 225/131/136
f 227/158/453 37/157/454 228/128/133 225/131/136
s 44
f 194/99/455 4/98/456 230/135/457 229/459/458
f 230/135/457 39/165/459 231/162/460 229/459/458
s 19
f 231/441/461 38/161/462 226/132/137 229/134/140
s 1
f 107/11/143 3/10/10 233/137/145 232/136/144
f 233/137/145 40/169/463 234/166/464 232/136/144
f 234/166/464 39/165/465 230/135/141 232/136/144
f 186/138/146 31/129/384 228/128/466 235/457/467
f 228/128/466 37/157/468 236/170/469 235/457/467
f 236/434/470 40/169/471 233/137/145 235/139/147
s 21
f 215/142/150 34/145/153 238/144/152 237/143/151
f 238/144/152 42/456/472 239/455/473 237/143/151
f 239/455/473 41/173/474 240/140/148 237/143/151
f 219/146/154 35/149/157 242/148/156 241/453/155
f 242/148/156 43/205/475 243/451/476 241/453/155
f 243/452/476 42/456/472 238/144/152 241/147/155
f 222/150/158 36/153/161 245/152/160 244/151/159
f 245/152/160 44/185/477 246/449/478 244/151/159
f 246/449/478 43/205/475 242/148/156 244/151/159
f 224/154/162 33/141/149 240/140/148 247/446/163
f 240/140/148 41/173/474 248/444/479 247/446/163
f 248/445/479 44/185/477 245/152/160 247/155/163
s 22
f 227/158/166 38/161/169 250/160/168 249/159/167
f 250/160/168 46/443/480 251/442/481 249/159/167
f 251/442/481 45/189/482 252/156/164 249/159/167
f 231/162/170 39/165/173 254/164/172 253/440/171
f 254/164/172 47/219/483 255/438/484 253/440/171
f 255/439/484 46/443/480 250/160/168 253/163/171
f 234/166/174 40/169/177 257/168/176 256/167/175
f 257/168/176 48/201/485 258/436/486 256/167/175
f 258/436/486 47/219/483 254/164/172 256/167/175
f 236/170/178 37/157/165 252/156/164 259/433/179
f 252/156/164 45/189/482 260/431/487 259/433/179
f 260/432/487 48/201/485 257/168/176 259/171/179
s 23
f 239/174/182 42/177/488 262/176/489 261/528/183
s 45
f 262/526/490 50/354/491 181/87/492 261/175/493
f 181/87/492 49/86/494 263/172/495 261/175/493
s off
f 243/178/496 43/450/497 265/216/498 264/527/499
s 28
f 265/513/226 51/215/225 182/355/500 264/179/501
s off
f 182/355/502 50/354/503 262/526/504 264/179/505
s 24
f 267/182/190 57/368/506 268/369/507 266/525/191
s 46
f 268/514/508 59/370/509 269/371/510 266/183/511
f 269/371/510 60/372/512 270/180/513 266/183/511
s off
f 248/186/514 41/479/515 263/524/516 271/523/517
f 263/172/518 49/86/519 184/85/520 271/187/521
s 47
f 184/85/522 52/211/523 272/184/524 271/187/525
s 25
f 251/190/198 46/193/526 274/192/527 273/522/199
s 48
f 274/520/528 54/356/529 189/95/530 273/191/531
f 189/95/530 53/94/532 275/188/533 273/191/531
s off
f 255/194/534 47/437/535 277/230/536 276/521/537
s 30
f 277/507/242 55/229/241 190/357/538 276/195/539
s off
f 190/357/540 54/356/541 274/520/542 276/195/543
s 26
f 279/198/206 61/373/544 280/374/545 278/519/207
s 49
f 280/508/546 63/375/547 281/376/548 278/199/549
f 281/376/548 64/377/550 282/196/551 278/199/549
s off
f 260/202/552 45/478/553 275/518/554 283/517/555
f 275/188/556 53/94/557 192/93/558 283/203/559
s 50
f 192/93/560 56/225/561 284/200/562 283/203/563
s 27
f 246/206/214 44/448/564 286/208/565 285/207/215
s 51
f 286/208/566 57/368/567 267/182/568 285/207/569
f 267/182/568 58/181/570 287/204/571 285/207/569
s 47
f 272/184/524 52/211/523 289/210/572 288/515/573
s off
f 289/210/574 59/370/575 268/514/576 288/515/577
f 268/369/578 57/368/579 286/208/580 288/209/581
s 10
f 183/212/222 51/215/395 291/214/582 290/213/223
s 52
f 291/214/583 60/372/584 269/371/585 290/213/586
f 269/371/585 59/370/587 289/210/588 290/213/586
s off
f 265/216/589 43/450/590 287/204/591 292/512/592
f 287/204/593 58/181/594 270/511/595 292/512/596
f 270/180/597 60/372/598 291/214/599 292/217/600
s 29
f 258/220/230 48/435/601 294/222/602 293/221/231
s 53
f 294/222/603 61/373/604 279/198/605 293/221/606
f 279/198/605 62/197/607 295/218/608 293/221/606
s 50
f 284/200/562 56/225/561 297/224/609 296/509/610
s off
f 297/224/611 63/375/612 280/508/613 296/509/614
f 280/374/615 61/373/616 294/222/617 296/223/618
s 12
f 191/226/238 55/229/398 299/228/619 298/227/239
s 54
f 299/228/620 64/377/621 281/376/622 298/227/623
f 281/376/622 63/375/624 297/224/625 298/227/623
s off
f 277/230/626 47/437/627 295/218/628 300/506/629
f 295/218/630 62/197/631 282/505/632 300/506/633
f 282/196/634 64/377/635 299/228/636 300/231/637
s 3
f 198/234/246 24/237/249 302/236/248 301/429/247
f 302/236/248 65/262/274 303/259/271 301/429/247
f 303/422/271 66/258/270 304/232/244 301/235/247
f 155/238/250 20/241/253 306/240/252 305/239/251
f 306/240/252 67/266/278 307/263/275 305/239/251
f 307/263/275 65/262/274 302/236/248 305/239/251
f 143/242/254 16/245/257 309/244/256 308/427/255
f 309/244/256 68/270/282 310/267/279 308/427/255
f 310/420/279 67/266/278 306/240/252 308/243/255
f 131/246/258 12/233/245 304/232/244 311/247/259
f 304/232/244 66/258/270 312/271/283 311/247/259
f 312/271/283 68/270/282 309/244/256 311/247/259
f 208/249/261 9/26/26 314/251/263 313/425/262
f 314/251/263 70/278/290 315/275/287 313/425/262
f 315/418/287 69/274/286 316/248/260 313/250/262
f 126/25/25 13/38/38 318/253/265 317/252/264
f 318/253/265 71/282/294 319/279/291 317/252/264
f 319/279/291 70/278/290 314/251/263 317/252/264
f 136/37/37 17/50/50 321/255/267 320/423/266
f 321/255/267 72/286/298 322/283/295 320/423/266
f 322/416/295 71/282/294 318/253/265 320/254/266
f 149/49/49 21/62/62 316/248/260 323/256/268
f 316/248/260 69/274/286 324/287/299 323/256/268
f 324/287/299 72/286/298 321/255/267 323/256/268
f 303/259/271 65/262/274 326/261/273 325/421/272
f 326/261/273 73/497/638 199/498/639 325/421/272
f 199/499/639 74/500/640 327/257/269 325/260/272
f 307/263/275 67/266/278 329/265/277 328/264/276
f 329/265/277 75/495/641 200/496/642 328/264/276
f 200/496/642 73/497/638 326/261/273 328/264/276
f 310/267/279 68/270/282 331/269/281 330/419/280
f 331/269/281 76/492/643 201/493/644 330/419/280
f 201/494/644 75/495/641 329/265/277 330/268/280
f 312/271/283 66/258/270 327/257/269 332/272/284
f 327/257/269 74/500/640 202/491/645 332/272/284
f 202/491/645 76/492/643 331/269/281 332/272/284
f 315/275/287 70/278/290 334/277/289 333/417/288
f 334/277/289 78/490/646 209/488/647 333/417/288
f 209/489/647 77/482/648 335/273/285 333/276/288
f 319/279/291 71/282/294 337/281/293 336/280/292
f 337/281/293 79/487/649 210/486/650 336/280/292
f 210/486/650 78/490/646 334/277/289 336/280/292
f 322/283/295 72/286/298 339/285/297 338/415/296
f 339/285/297 80/485/651 211/483/652 338/415/296
f 211/484/652 79/487/649 337/281/293 338/284/296
f 324/287/299 69/274/286 335/273/285 340/288/300
f 335/273/285 77/482/648 212/481/653 340/288/300
f 212/481/653 80/485/651 339/285/297 340/288/300
s off
f 129/291/654 15/46/655 342/293/656 341/292/657
s 3
f 342/293/658 82/305/319 343/302/316 341/292/659
f 343/302/316 81/301/315 344/289/660 341/292/659
f 145/45/45 19/471/58 346/295/308 345/411/307
f 346/295/308 83/309/323 347/306/320 345/411/661
f 347/406/320 82/305/319 342/293/658 345/294/661
f 151/55/309 18/475/54 349/297/311 348/296/310
f 349/297/311 84/313/327 350/310/324 348/296/310
f 350/310/324 83/309/323 346/295/308 348/296/310
f 134/298/312 14/480/662 344/289/663 351/407/313
f 344/289/660 81/301/315 352/314/328 351/407/664
f 352/403/328 84/313/327 349/297/311 351/299/664
f 343/302/316 82/305/319 354/304/318 353/303/317
f 354/304/318 86/345/371 138/43/43 353/303/317
f 138/43/43 85/42/42 355/300/314 353/303/317
f 347/306/320 83/309/323 357/308/322 356/405/321
f 357/308/322 87/347/373 139/404/372 356/405/321
f 139/346/372 86/345/371 354/304/318 356/307/321
f 350/310/324 84/313/327 359/312/326 358/311/325
f 359/312/326 88/349/375 140/348/374 358/311/325
f 140/348/374 87/347/373 357/308/322 358/311/325
f 352/314/328 81/301/315 355/300/314 360/402/329
f 355/300/314 85/42/42 141/401/41 360/402/329
f 141/41/41 88/349/375 359/312/326 360/315/329
f 205/317/331 89/342/356 362/341/355 361/399/332
f 362/341/355 5/14/14 207/398/114 361/399/332
f 207/113/114 25/112/113 363/316/330 361/318/332
f 159/319/333 26/322/336 365/321/335 364/320/334
f 365/321/335 91/78/78 168/75/75 364/320/334
f 168/75/75 90/74/74 363/316/330 364/320/334
f 163/323/337 27/326/340 367/325/339 366/324/338
f 367/325/339 92/82/82 173/79/79 366/324/338
f 173/79/79 91/78/78 365/321/335 366/324/338
f 166/327/341 28/351/377 369/394/665 368/328/342
f 369/394/665 93/352/387 177/83/83 368/328/342
f 177/83/83 92/82/82 367/325/339 368/328/342
f 195/331/345 93/352/387 369/394/665 370/396/346
f 369/394/665 28/351/377 197/395/103 370/396/346
f 197/103/103 8/102/102 371/329/343 370/332/346
f 109/335/349 94/330/344 371/329/343 372/336/350
f 371/329/343 8/102/102 120/23/23 372/336/350
f 120/23/23 7/22/22 373/333/347 372/336/350
f 105/339/353 95/334/348 373/333/347 374/340/354
f 373/333/347 7/22/22 116/19/19 374/340/354
f 116/19/19 6/18/18 375/337/351 374/340/354
f 100/343/357 96/338/352 375/337/351 376/344/358
f 375/337/351 6/18/18 111/15/15 376/344/358
f 111/15/15 5/14/14 362/341/355 376/344/358
s 55
f 202/385/666 74/380/667 377/106/668 378/105/669
s off
f 74/380/670 199/379/671 379/107/672 377/106/673
f 199/379/674 73/378/675 381/358/676 379/107/677
s 56
f 73/378/678 200/504/679 382/503/680 381/358/681
f 200/382/679 75/381/682 383/360/683 382/359/680
s off
f 75/381/684 201/384/685 384/361/686 383/360/687
f 201/384/688 76/383/689 385/362/690 384/361/691
s 55
f 76/383/692 202/385/666 378/105/669 385/362/693
s 57
f 212/393/694 77/388/695 387/116/696 386/501/697
s off
f 77/388/698 209/387/699 388/117/700 387/116/701
f 209/387/702 78/386/703 390/363/704 388/117/705
s 58
f 78/386/706 210/390/707 391/364/708 390/363/709
f 210/390/707 79/389/710 392/365/711 391/364/708
s off
f 79/389/712 211/392/713 393/366/714 392/365/715
f 211/392/716 80/391/717 394/367/718 393/366/719
s 57
f 80/391/720 212/502/694 386/115/697 394/367/721
