# This file uses centimeters as units for non-parametric coordinates.

mtllib fall_frame.39.mtl
g default
v -22.072697 24.205156 -34.098598
v -10.624307 19.544312 -33.694859
v 0.927121 19.869995 -40.409622
v 10.260051 13.095245 -47.852448
v -38.453838 22.021753 -54.330647
v -27.268316 31.476917 -58.643997
v -10.522998 30.607481 -65.760025
v -0.385224 20.142878 -70.545212
v -48.221081 21.253410 -85.049332
v -35.709232 29.784876 -82.612724
v -21.389833 29.315477 -87.709343
v -13.424831 21.311922 -95.233879
v -55.009258 23.080421 -91.903961
v -40.682339 23.702883 -101.762207
v -29.837873 23.395845 -105.404694
v -13.879217 22.892427 -105.995766
v -55.571808 11.871878 -91.831230
v -43.135628 11.945924 -101.866081
v -28.735546 11.461563 -106.822342
v -14.232550 11.843025 -105.807625
v -48.387543 12.988802 -85.837822
v -37.201088 6.179953 -84.627968
v -22.881914 5.711365 -89.730507
v -13.823421 13.333780 -95.487137
v -39.227413 9.155041 -54.569489
v -27.542070 4.664880 -59.808788
v -13.535933 3.964972 -65.725479
v -1.179610 6.983663 -70.803864
v -27.848280 13.967487 -29.844307
v -15.111933 10.586561 -26.579498
v -0.547473 11.849933 -32.450893
v 5.953104 3.971345 -41.486324
v -23.294436 34.928329 -3.069708
v -17.155577 30.657135 -1.752082
v -10.584160 37.767548 -4.757598
v -16.799768 41.883755 -5.961680
v 27.824572 16.869955 -18.766895
v 31.440861 10.641956 -21.763794
v 37.299965 18.091600 -30.155588
v 33.710617 24.341499 -27.145546
v -38.312180 11.176888 -10.872323
v -31.384008 9.382201 -11.969876
v -30.111998 7.850421 -1.427773
v -37.249859 8.865769 -0.483632
v 42.824234 10.656825 6.993896
v 47.436821 5.165227 4.895821
v 55.436356 12.484571 4.003302
v 50.677322 18.074167 5.565974
v -40.077198 5.833566 -12.550871
v -31.493364 4.462169 -13.710938
v -28.193003 1.938529 0.498301
v -39.826496 2.892205 1.875002
v 42.631096 10.127763 12.029580
v 48.288589 3.458549 10.026137
v 59.973019 12.224389 9.012532
v 52.455414 21.015932 11.215606
v -36.774529 4.784505 17.408020
v -27.538012 4.575761 16.426846
v -36.903160 1.265846 16.931505
v -27.667768 1.057650 15.949903
v 64.096382 30.625536 5.972833
v 70.051155 23.679268 4.362880
v 64.611000 30.256372 9.469042
v 70.565773 23.310104 7.859089
v 9.849339 8.690055 -95.731407
v 10.656442 19.544455 -97.050621
v 9.513807 7.125721 -106.131287
v 10.733367 18.276180 -107.746315
v -45.894627 14.042492 -65.488052
v -49.445026 20.052378 -72.761871
v -57.516293 23.917566 -67.612640
v -55.384460 15.435373 -63.032673
v 37.499561 8.988119 -94.613380
v 37.772339 18.744614 -95.098083
v 37.669575 8.796515 -98.375648
v 37.942314 18.553158 -98.860207
v -28.501640 36.667587 -66.213142
v -32.606289 40.234512 -74.332886
v -35.082584 42.156590 -72.236732
v -30.977938 38.589664 -64.116989
v -43.137821 24.402519 -116.360199
v -28.290869 20.651709 -117.423615
v -28.616028 5.636872 -111.053093
v -49.416725 11.296007 -109.518532
v -45.000298 16.035053 -135.960510
v -31.083036 10.820794 -136.033920
v -37.438866 -5.222532 -131.158325
v -50.705940 -0.251874 -131.088348
v -26.927050 21.224436 -37.403442
v -29.361450 9.256044 -36.435467
v -18.270073 4.442844 -40.182945
v -6.755289 4.943532 -45.601685
v 4.232815 5.091418 -51.041824
v 6.161934 17.226597 -52.506741
v -3.671095 23.482836 -47.043037
v -16.618265 23.981504 -40.665352
v -18.623030 22.465000 -36.607933
v -16.646006 23.002466 -33.914055
v -13.365564 21.813173 -37.327087
v -22.134712 23.190329 -38.787056
v -23.949404 22.212965 -36.072464
v -7.971901 22.376215 -40.201580
v -4.588833 21.336212 -36.614086
v -1.485314 22.167398 -44.152546
v -10.470895 24.043221 -43.585365
v 4.177341 19.127932 -47.921417
v 7.251402 17.879499 -46.071865
v 7.736021 14.672270 -49.932095
v 2.246651 21.109171 -50.390018
v -39.409573 26.450485 -68.254723
v -34.231438 27.230942 -55.893917
v -32.788574 30.293005 -70.096214
v -43.596859 26.245821 -81.082359
v -44.251419 21.873159 -67.193962
v -23.542234 30.201208 -72.359489
v -18.845644 31.899925 -62.180542
v -15.216136 29.625191 -76.886261
v -28.628916 28.315514 -85.273575
v -9.556167 25.318151 -79.710175
v -4.107294 25.661018 -68.709915
v -5.708027 20.693455 -81.691269
v -15.079422 25.481951 -90.938911
v -45.606548 26.429451 -91.312256
v -39.127235 27.792984 -94.848763
v -48.997627 24.557028 -98.711128
v -52.150055 24.039829 -88.203377
v -32.607052 27.629370 -96.400337
v -26.572472 27.382008 -99.310593
v -35.742935 24.611750 -106.850746
v -19.842436 25.840029 -100.015114
v -12.432575 24.073973 -100.614410
v -21.882610 24.155825 -107.865097
v -50.250435 18.344513 -100.874458
v -42.604370 17.876055 -104.272591
v -51.274578 11.456799 -99.235329
v -55.830025 17.488550 -92.286385
v -39.618320 9.277184 -140.080078
v -37.911827 13.776980 -136.175369
v -32.579540 3.693958 -136.312561
v -44.789722 -4.655212 -130.879608
v -49.431423 10.024887 -136.231354
v -22.401218 18.031401 -110.346184
v -14.116510 17.334921 -106.772659
v -20.952959 11.263604 -109.425026
v -29.917763 17.405087 -108.210320
v -47.705212 8.881298 -92.902931
v -41.260944 8.069550 -96.234848
v -44.729660 7.728564 -82.864906
v -52.027313 10.495764 -88.810440
v -34.099728 7.835369 -98.777229
v -36.593250 10.382244 -105.824966
v -26.873285 7.607270 -101.351898
v -30.042562 5.943374 -87.171944
v -19.733021 8.651990 -101.846802
v -13.303007 10.917476 -100.012383
v -15.790380 7.106865 -92.640198
v -40.033024 6.400384 -69.810791
v -32.696556 5.083077 -72.263184
v -34.438686 5.709393 -56.782715
v -45.048012 9.917394 -67.925873
v -25.616274 4.795108 -74.959198
v -18.479815 4.557703 -77.662880
v -20.586128 4.296601 -62.785248
v -11.350031 5.352767 -80.734596
v -6.180957 8.528496 -82.523064
v -6.491998 4.252361 -68.676521
v -23.953133 6.991623 -33.499237
v -24.865400 5.778127 -37.836121
v -17.137573 4.979510 -35.240444
v -23.740536 9.209914 -29.052013
v -28.253895 11.125605 -33.176109
v -10.897239 5.644601 -37.514584
v -12.260744 4.518736 -43.023399
v -5.178180 6.072063 -40.395988
v -9.375578 7.330903 -32.174782
v 0.130564 4.464516 -43.096672
v -0.858385 3.923071 -48.337734
v 4.643668 4.236699 -45.917519
v 1.806465 5.640920 -38.187386
v -35.051407 3.966434 -7.216757
v -36.110126 5.600275 -15.596859
v -29.333244 3.213560 -7.951507
v -34.002117 2.396466 1.183927
v -40.844955 4.841071 -6.441644
v -2.743043 20.305321 -34.057957
v 11.016849 19.008581 -31.248316
v -13.302403 19.205976 -19.079643
v 49.936024 10.940528 10.522205
v 43.767822 5.201747 11.239748
v 53.695164 6.569691 9.260504
v 56.209915 16.619053 10.123916
v 46.257492 15.308084 11.753633
v 7.117706 8.636237 -48.368385
v 8.795373 7.528795 -45.016754
v 6.417685 10.492633 -52.401810
v -3.888256 14.271561 -82.162010
v 1.053153 13.126616 -71.481361
v -11.511704 17.873375 -94.161644
v 37.604874 14.040858 -94.091537
v 37.542068 7.958112 -96.095665
v 37.812782 13.806549 -98.692345
v 37.875614 19.889189 -96.688316
v -27.646681 17.016899 -34.455441
v -26.454897 19.643284 -32.000221
v -29.678928 15.210367 -36.474354
v -46.592278 15.557718 -66.266411
v -40.845791 15.335358 -53.603184
v -48.028046 17.162558 -85.495255
v -30.103472 38.106663 -70.814964
v -34.127319 41.462852 -74.498024
v -33.131683 40.457127 -68.251625
v -29.107836 37.100937 -64.568573
v -23.578571 19.899864 -15.125923
v -18.710066 19.545700 -14.331184
v -20.676495 32.096058 -2.233313
v -26.365925 24.790064 -16.242661
v -13.609827 22.922281 -16.720177
v -11.505066 28.479614 -19.623730
v -12.489647 33.622318 -2.934804
v -13.910700 31.851450 -22.269388
v -19.023882 33.671776 -21.689066
v -12.158308 41.285763 -6.192495
v -23.774881 29.907839 -19.363550
v -20.773792 39.171276 -4.458759
v 14.112811 9.583220 -28.135759
v 18.032427 6.948227 -30.856661
v 29.048225 13.238358 -19.469896
v 13.735684 14.485743 -27.278717
v 21.260881 9.716189 -35.831333
v 23.618887 14.433982 -39.772137
v 35.096447 13.828689 -26.610422
v 21.417307 19.388403 -39.791039
v 19.351955 21.965771 -36.234150
v 36.496101 22.710676 -30.161013
v 15.676762 19.576788 -31.196726
v 30.334917 21.931288 -22.662802
v -26.626684 24.751604 -12.363085
v -22.682064 22.857431 -11.006581
v -35.129868 10.598989 -13.489776
v -29.624269 26.909891 -9.367229
v -20.586432 21.449535 -4.959998
v -20.737648 21.675056 1.490864
v -29.620480 8.352719 -7.172637
v -23.985947 23.060886 4.252711
v -27.574631 25.716309 3.000737
v -33.446575 7.808048 2.014934
v -29.762753 26.863981 -2.839427
v -38.930042 10.490515 -5.759961
v 35.929054 8.904939 -7.060785
v 39.461430 7.372375 -9.796336
v 43.746483 6.561891 6.233481
v 34.736572 13.287627 -6.192710
v 44.525467 11.070557 -12.092218
v 48.117580 16.510027 -13.543930
v 51.873032 7.822729 3.924003
v 47.270454 20.851999 -11.970407
v 43.444363 22.434437 -10.013468
v 55.300797 17.205299 4.689094
v 38.422920 18.826084 -7.459979
v 45.801388 15.030467 6.488295
v -35.702267 8.306279 -15.145776
v -31.132215 7.085491 -13.274940
v -39.639069 8.657164 -12.075536
v -28.994150 5.854814 -7.522339
v -27.924814 4.677327 0.914928
v -31.951042 4.118914 18.971241
v -32.121475 5.645572 17.048004
v -37.814953 4.248926 19.594090
v -32.320541 0.200009 16.310535
v -26.087135 3.988901 18.348394
v -40.413818 7.708333 -5.968677
v -39.541039 5.672743 2.300066
v 43.289558 5.473980 8.645627
v 47.779896 3.750744 7.323338
v 42.158371 10.395561 9.460394
v 53.176014 6.878966 6.454803
v 59.513569 12.518280 6.267525
v 68.712837 28.515327 5.349854
v 66.932861 27.253483 4.210551
v 64.932037 32.925652 6.372046
v 67.729294 26.682156 9.621371
v 72.493637 24.105005 4.327663
v 45.785606 15.589639 9.095666
v 51.998108 21.310555 8.464532
v -32.831673 6.639225 9.498893
v -38.011982 6.833446 10.061665
v -27.654240 6.422481 8.933082
v -38.834557 4.205291 9.758148
v -38.980022 1.427444 9.364225
v -33.127472 1.216206 8.727893
v -27.276457 0.978705 8.084069
v -27.123760 3.747381 8.479127
v 61.136993 22.216604 4.519029
v 57.796471 26.113361 5.424178
v 64.480972 18.317862 3.624385
v 57.749336 26.347630 8.183216
v 58.162266 26.055576 10.946046
v 61.940407 21.646507 9.917511
v 65.718773 17.235346 8.902240
v 65.308762 17.527540 6.136645
v 0.193893 16.702734 -95.732788
v -0.686985 11.990837 -95.905502
v 10.288464 14.272831 -94.853821
v 0.809094 20.816227 -98.129868
v -1.211732 10.080038 -99.625160
v -1.462208 10.011003 -104.557076
v 9.606215 6.834536 -100.323883
v -0.786572 14.360208 -106.309898
v -0.002123 18.926987 -106.748306
v 10.174532 12.538690 -107.806396
v 0.591100 20.937727 -102.333893
v 10.803742 20.225765 -102.110100
v -47.034065 17.974459 -76.282471
v -48.832958 22.416006 -76.545952
v -46.290188 16.756012 -69.507568
v -47.996338 13.405286 -76.208855
v -53.097733 23.253397 -76.897606
v -57.704315 22.081308 -77.446495
v -53.402317 22.764872 -70.931435
v -58.045361 17.471638 -77.452133
v -56.938492 12.898896 -76.986099
v -57.019104 20.003159 -64.735764
v -52.042629 12.152723 -76.453484
v -49.887791 13.969271 -63.635742
v 19.251738 14.169073 -93.207253
v 19.164656 8.929568 -94.670326
v 19.473120 19.072626 -95.201019
v 19.277498 7.594577 -98.827721
v 19.517252 8.296206 -104.411278
v 19.745888 13.465001 -105.147842
v 19.894524 18.530403 -104.963928
v 19.695791 20.036968 -99.500130
v -40.323563 22.737415 -71.611748
v -43.529163 25.500183 -74.872177
v -39.523735 21.462343 -66.174492
v -46.855900 28.059702 -73.415833
v -50.113503 30.282644 -69.240616
v -48.652626 28.201126 -64.644356
v -46.640732 25.455307 -60.698524
v -42.234062 22.718451 -62.822838
v -35.294052 28.667273 -110.206017
v -30.471874 20.409834 -110.710991
v -35.196930 25.191824 -117.775414
v -42.465229 21.503031 -107.979828
v -28.312159 16.588636 -110.522301
v -31.088116 11.779607 -109.217743
v -25.821360 12.568624 -114.497292
v -37.522755 8.872599 -107.536674
v -43.038330 12.853992 -106.441238
v -39.106033 7.487751 -109.987694
v -45.067368 18.207232 -106.789642
v -48.794720 18.332935 -112.756706
v -35.823391 19.512241 -130.201843
v -26.812847 12.647427 -130.562119
v -46.968204 20.198856 -130.455826
v -28.440163 3.809509 -126.996361
v -32.617203 -2.673234 -122.516411
v -43.261566 -0.710312 -121.369804
v -52.585377 4.808066 -122.411095
v -51.515736 12.455030 -126.874657
v -35.403015 15.094301 -43.962769
v -33.148048 21.777788 -44.587795
v -34.111862 8.919939 -44.927982
v -29.362362 5.672004 -47.453041
v -22.574757 4.831264 -50.510391
v -16.552622 4.445094 -53.872150
v -10.085904 4.061789 -56.318821
v -3.339948 4.060736 -59.578503
v 2.043967 6.506006 -61.812763
v 4.127674 12.640087 -62.415516
v 3.014277 19.654779 -61.482006
v -1.209240 24.181257 -59.937851
v -6.272744 26.644394 -56.770023
v -15.115573 27.508801 -53.868324
v -23.035357 27.690502 -48.948483
v -28.955856 25.902727 -47.017567
v 51.718754 18.869837 -94.249161
v 51.833603 20.107758 -96.036446
v 51.553791 13.750276 -93.524895
v 51.655132 13.636073 -95.767349
v 51.423000 8.289828 -93.723709
v 51.471931 7.169701 -95.393883
v 51.614346 8.074188 -97.957947
v 51.769760 13.506879 -98.304146
v 51.910099 18.654196 -98.483398
v -20.158533 47.804958 -63.869064
v -19.459848 47.302959 -65.687408
v -21.438454 49.050999 -70.473076
v -22.880085 50.169975 -69.252762
v -23.910889 51.170895 -74.492378
v -25.601629 52.534977 -74.636459
v -26.697844 53.334091 -72.133263
v -24.584124 51.492622 -67.810318
v -22.246786 49.466148 -63.328300
vt 0.208431 0.494797
vt 0.208575 0.478116
vt 0.229443 0.475893
vt 0.229271 0.493426
vt 0.252729 0.492198
vt 0.256170 0.471571
vt 0.275357 0.475888
vt 0.275429 0.493819
vt 0.298111 0.492176
vt 0.294163 0.471736
vt 0.321331 0.475953
vt 0.321541 0.493432
vt 0.198757 0.641525
vt 0.200055 0.589825
vt 0.221664 0.590600
vt 0.219751 0.640956
vt 0.244967 0.639373
vt 0.247968 0.591507
vt 0.275466 0.591669
vt 0.275481 0.635804
vt 0.305994 0.639365
vt 0.302966 0.591494
vt 0.329276 0.590573
vt 0.331197 0.640955
vt 0.199789 0.728809
vt 0.197393 0.704590
vt 0.219517 0.692482
vt 0.227784 0.730211
vt 0.252859 0.733034
vt 0.249003 0.687406
vt 0.275511 0.688085
vt 0.275516 0.730408
vt 0.298175 0.733010
vt 0.302021 0.687396
vt 0.331536 0.692451
vt 0.323246 0.730162
vt 0.805511 0.686057
vt 0.204711 0.752714
vt 0.229559 0.760254
vt 0.782889 0.696424
vt 0.784986 0.875584
vt 0.254181 0.941082
vt 0.275435 0.940431
vt 0.742298 0.896742
vt 0.699334 0.736241
vt 0.297037 0.807427
vt 0.321459 0.760204
vt 0.696358 0.696343
vt 0.808954 0.641287
vt 0.805193 0.664541
vt 0.784300 0.671779
vt 0.785729 0.644267
vt 0.763331 0.647822
vt 0.762442 0.673765
vt 0.742276 0.741120
vt 0.739609 0.647377
vt 0.715889 0.647774
vt 0.716786 0.673709
vt 0.694936 0.671695
vt 0.693494 0.644181
vt 0.806875 0.557726
vt 0.810121 0.617205
vt 0.790367 0.607046
vt 0.787575 0.557696
vt 0.763367 0.556090
vt 0.764746 0.603486
vt 0.739627 0.603152
vt 0.739688 0.556093
vt 0.716014 0.556064
vt 0.714496 0.603455
vt 0.688836 0.606971
vt 0.691820 0.557642
vt 0.803405 0.420481
vt 0.802841 0.435733
vt 0.782960 0.432290
vt 0.783371 0.416064
vt 0.759505 0.410786
vt 0.759570 0.428509
vt 0.739756 0.426992
vt 0.739743 0.409699
vt 0.720007 0.410786
vt 0.719946 0.428500
vt 0.696571 0.432245
vt 0.696182 0.416016
vt 0.819305 0.093413
vt 0.797386 0.086157
vt 0.790779 0.072322
vt 0.822344 0.073237
vt 0.265809 0.416173
vt 0.762697 0.377789
vt 0.739788 0.389948
vt 0.275377 0.462947
vt 0.364323 0.097210
vt 0.342669 0.089884
vt 0.336664 0.075169
vt 0.367299 0.076188
vt 0.342559 0.494848
vt 0.342402 0.478170
vt 0.366070 0.480227
vt 0.366198 0.495669
vt 0.352247 0.641476
vt 0.350872 0.589816
vt 0.374237 0.588973
vt 0.374011 0.638442
vt 0.936729 0.462892
vt 0.940585 0.464321
vt 0.946953 0.476690
vt 0.936605 0.482861
vt 0.804780 0.405462
vt 0.824266 0.410023
vt 0.823186 0.423812
vt 0.805355 0.509178
vt 0.825584 0.509339
vt 0.825621 0.554997
vt 0.118742 0.522844
vt 0.058006 0.517789
vt 0.074507 0.510871
vt 0.084702 0.516921
vt 0.822269 0.350445
vt 0.784755 0.399833
vt 0.805305 0.347137
vt 0.793942 0.336256
vt 0.777469 0.322538
vt 0.236211 0.409364
vt 0.220899 0.415267
vt 0.203041 0.415110
vt 0.182178 0.419746
vt 0.685950 0.336155
vt 0.717407 0.377787
vt 0.694840 0.399772
vt 0.674409 0.347030
vt 0.657366 0.350391
vt 0.674734 0.405426
vt 0.637625 0.358046
vt 0.347747 0.415166
vt 0.329799 0.415381
vt 0.314324 0.409429
vt 0.706215 0.336018
vt 0.292514 0.404556
vt 0.870618 0.237836
vt 0.844433 0.293934
vt 0.832214 0.287148
vt 0.858351 0.228645
vt 0.844944 0.223065
vt 0.821107 0.280742
vt 0.243727 0.342391
vt 0.826584 0.212775
vt 0.214622 0.282882
vt 0.224361 0.346790
vt 0.210147 0.349538
vt 0.199596 0.284960
vt 0.184434 0.288656
vt 0.194986 0.352422
vt 0.864110 0.304875
vt 0.163133 0.290367
vt 0.634803 0.222910
vt 0.658751 0.280554
vt 0.647480 0.287052
vt 0.621343 0.228556
vt 0.609012 0.237734
vt 0.635143 0.293889
vt 0.375465 0.356065
vt 0.590820 0.249121
vt 0.366326 0.288752
vt 0.355651 0.352469
vt 0.340563 0.349608
vt 0.351134 0.285011
vt 0.336042 0.282967
vt 0.326383 0.346874
vt 0.678330 0.268182
vt 0.315081 0.275917
vt 0.789900 0.091626
vt 0.894734 0.181072
vt 0.223763 0.023658
vt 0.779683 0.072008
vt 0.205625 0.023651
vt 0.212375 0.030485
vt 0.208733 0.046428
vt 0.818124 0.043214
vt 0.919973 0.054113
vt 0.218394 0.124576
vt 0.231547 0.124829
vt 0.925982 0.076298
vt 0.853028 0.105343
vt 0.173602 0.224408
vt 0.245023 0.044913
vt 0.815784 0.102925
vt 0.335499 0.095534
vt 0.609223 0.166963
vt 0.147562 0.023794
vt 0.325939 0.074804
vt 0.129108 0.019171
vt 0.133886 0.026698
vt 0.125138 0.040618
vt 0.363323 0.044920
vt 0.461211 0.056389
vt 0.114656 0.083148
vt 0.128082 0.110700
vt 0.466974 0.079440
vt 0.396801 0.109583
vt 0.345740 0.218419
vt 0.158805 0.046562
vt 0.361009 0.107136
vt 0.212264 0.093809
vt 0.204982 0.218327
vt 0.226791 0.056935
vt 0.229179 0.093286
vt 0.246067 0.092223
vt 0.255137 0.092099
vt 0.884191 0.095549
vt 0.853655 0.095653
vt 0.854753 0.074189
vt 0.884265 0.075061
vt 0.885799 0.054616
vt 0.855335 0.052709
vt 0.203340 0.068369
vt 0.888472 0.044995
vt 0.116537 0.064410
vt 0.377147 0.224500
vt 0.136900 0.057215
vt 0.135301 0.068971
vt 0.159593 0.072808
vt 0.169578 0.075371
vt 0.426769 0.099419
vt 0.397393 0.099512
vt 0.398467 0.077209
vt 0.426850 0.078134
vt 0.428347 0.056895
vt 0.399054 0.054890
vt 0.111199 0.052142
vt 0.430928 0.046902
vt 0.398347 0.732496
vt 0.353774 0.704759
vt 0.655189 0.607952
vt 0.404645 0.715309
vt 0.625247 0.642548
vt 0.669008 0.617360
vt 0.670290 0.641156
vt 0.629866 0.657272
vt 0.633967 0.675274
vt 0.674058 0.664432
vt 0.345812 0.774768
vt 0.637449 0.692485
vt 0.387906 0.765553
vt 0.346295 0.752641
vt 0.351218 0.728717
vt 0.392980 0.747350
vt 0.854032 0.642643
vt 0.181252 0.694641
vt 0.859345 0.625630
vt 0.152631 0.732602
vt 0.157999 0.747449
vt 0.163074 0.765647
vt 0.167481 0.783084
vt 0.845329 0.675366
vt 0.849419 0.657366
vt 0.462802 0.754848
vt 0.433121 0.744888
vt 0.586158 0.633072
vt 0.469035 0.736153
vt 0.562716 0.661102
vt 0.591598 0.653084
vt 0.596668 0.669873
vt 0.567525 0.676181
vt 0.573571 0.695803
vt 0.602326 0.689166
vt 0.414557 0.801264
vt 0.575415 0.714705
vt 0.450039 0.789809
vt 0.420413 0.781867
vt 0.427222 0.762131
vt 0.457315 0.770152
vt 0.916571 0.661069
vt 0.887682 0.653104
vt 0.112049 0.724515
vt 0.922852 0.642462
vt 0.088177 0.754903
vt 0.117860 0.744959
vt 0.123753 0.762207
vt 0.093657 0.770210
vt 0.100926 0.789871
vt 0.130556 0.781946
vt 0.872833 0.708772
vt 0.104321 0.808576
vt 0.905760 0.695791
vt 0.876995 0.689207
vt 0.882631 0.669903
vt 0.911782 0.676158
vt 0.245118 0.820265
vt 0.256063 0.761423
vt 0.275458 0.816348
vt 0.275456 0.817082
vt 0.305796 0.819611
vt 0.322444 0.827635
vt 0.716707 0.746651
vt 0.742277 0.751635
vt 0.767846 0.746640
vt 0.232576 0.815700
vt 0.789238 0.746868
vt 0.242805 0.909093
vt 0.242913 0.847487
vt 0.275453 0.850080
vt 0.275444 0.899369
vt 0.308078 0.909112
vt 0.307992 0.847504
vt 0.685718 0.768892
vt 0.335635 0.923345
vt 0.710517 0.826756
vt 0.709025 0.772272
vt 0.742280 0.767854
vt 0.742288 0.823907
vt 0.774059 0.826743
vt 0.775535 0.772258
vt 0.216918 0.852154
vt 0.800161 0.835727
vt 0.803587 0.472219
vt 0.184266 0.511368
vt 0.823748 0.473030
vt 0.786007 0.508646
vt 0.783967 0.470951
vt 0.760849 0.468488
vt 0.762764 0.507838
vt 0.739729 0.507585
vt 0.739749 0.469813
vt 0.718652 0.468468
vt 0.716699 0.507812
vt 0.693463 0.508589
vt 0.695538 0.470900
vt 0.347089 0.550471
vt 0.343449 0.511536
vt 0.656251 0.437958
vt 0.370672 0.549455
vt 0.305626 0.550928
vt 0.300328 0.509969
vt 0.323635 0.511057
vt 0.326613 0.553291
vt 0.245263 0.550946
vt 0.250519 0.509979
vt 0.275426 0.509223
vt 0.275447 0.553833
vt 0.203857 0.550446
vt 0.207534 0.511493
vt 0.227207 0.511082
vt 0.224277 0.553331
vt 0.296688 0.941095
vt 0.317831 0.963343
vt 0.722395 0.859395
vt 0.742293 0.859091
vt 0.762190 0.859387
vt 0.672412 0.557619
vt 0.673996 0.509116
vt 0.676597 0.435714
vt 0.676064 0.420456
vt 0.798456 0.058765
vt 0.820876 0.052919
vt 0.343747 0.061021
vt 0.365907 0.055032
vt 0.963235 0.483911
vt 0.902883 0.489040
vt 0.909072 0.482168
vt 0.925033 0.475729
vt 0.931354 0.463643
vt 0.080884 0.498420
vt 0.084741 0.496992
vt 0.090126 0.497750
vt 0.096539 0.509638
vt 0.112499 0.516024
vt 0.245369 0.109349
vt 0.249130 0.116712
vt 0.914174 0.091435
vt 0.914507 0.075957
vt 0.915392 0.060496
vt 0.143488 0.116794
vt 0.145270 0.126440
vt 0.455609 0.095160
vt 0.455938 0.079081
vt 0.456800 0.063019
vt 0.982240 0.434188
vt 0.963585 0.427947
vt 0.946509 0.423110
vt 0.890921 0.433118
vt 0.882130 0.436526
vt 0.926679 0.423006
vt 0.909612 0.427375
vt 0.937930 0.422313
vt 0.075163 0.457134
vt 0.058225 0.461798
vt 0.039557 0.467684
vt 0.094859 0.456979
vt 0.083682 0.456346
vt 0.130564 0.466891
vt 0.111877 0.461251
vt 0.033116 0.470128
vt 0.675805 0.472192
vt 0.653419 0.509254
vt 0.655248 0.472962
vt 0.367019 0.511392
vt 0.176921 0.588998
vt 0.180547 0.549455
vt 0.822760 0.437993
vt 0.233028 0.963316
vt 0.215241 0.923308
vt 0.798841 0.768868
vt 0.699605 0.875602
vt 0.684417 0.835751
vt 0.333987 0.852188
vt 0.228471 0.827609
vt 0.254212 0.785439
vt 0.759269 0.697501
vt 0.785216 0.736222
vt 0.695315 0.746888
vt 0.719972 0.697428
vt 0.296799 0.785396
vt 0.318344 0.815723
vt 0.903939 0.714697
vt 0.136407 0.801345
vt 0.081951 0.736203
vt 0.893090 0.633076
vt 0.446638 0.808511
vt 0.606509 0.708725
vt 0.556410 0.642507
vt 0.438944 0.724452
vt 0.841861 0.692578
vt 0.205190 0.774839
vt 0.146366 0.715395
vt 0.823906 0.608060
vt 0.383498 0.782992
vt 0.673752 0.685953
vt 0.619881 0.625562
vt 0.369876 0.694574
vt 0.624476 0.158216
vt 0.327082 0.211968
vt 0.653476 0.212425
vt 0.306569 0.342322
vt 0.153133 0.050558
vt 0.361352 0.222428
vt 0.125968 0.045756
vt 0.396618 0.225899
vt 0.569871 0.190223
vt 0.388031 0.290471
vt 0.615162 0.304972
vt 0.596954 0.173816
vt 0.584932 0.180968
vt 0.909456 0.190131
vt 0.154402 0.225852
vt 0.888489 0.249012
vt 0.175675 0.355943
vt 0.241882 0.047343
vt 0.189385 0.222364
vt 0.213528 0.046751
vt 0.223402 0.212053
vt 0.855547 0.158550
vt 0.235225 0.276013
vt 0.801766 0.268578
vt 0.882733 0.173912
vt 0.870470 0.167071
vt 0.702590 0.322102
vt 0.284431 0.416033
vt 0.369025 0.419829
vt 0.654789 0.409992
vt 0.841623 0.358035
vt 0.185243 0.480200
vt 0.257695 0.404697
vt 0.773758 0.336466
vt 0.177136 0.638471
vt 0.185108 0.495641
vt 0.653403 0.554919
vt 0.655840 0.423782
vt 0.740026 0.329135
vt 0.739609 0.679991
vt 0.717946 0.727940
vt 0.321543 0.784229
vt 0.275425 0.981496
vt 0.229466 0.784279
vt 0.766602 0.727930
vt 0.275513 0.766895
vt 0.294962 0.761394
vt 0.158494 0.031032
vt 0.235614 0.029385
vt 0.253884 0.807420
vt 0.968218 0.693073
vt 0.970279 0.686813
vt 0.964692 0.720144
vt 0.041234 0.817480
vt 0.965692 0.701614
vt 0.035620 0.790589
vt 0.038855 0.799577
vt 0.026837 0.766821
vt 0.976742 0.669618
vt 0.033170 0.783659
vt 0.515345 0.790561
vt 0.512107 0.799546
vt 0.509721 0.817448
vt 0.514670 0.720260
vt 0.513647 0.701731
vt 0.511110 0.693195
vt 0.509040 0.686939
vt 0.502555 0.669755
vt 0.524137 0.766797
vt 0.517798 0.783632
vt 0.052820 0.522857
vt 0.139366 0.470253
vt 0.968347 0.489050
vt 0.988625 0.436785
vt 0.108883 0.091107
vt 0.106409 0.062482
vt 0.399209 0.044805
vt 0.459518 0.102060
vt 0.428604 0.109556
vt 0.167704 0.057128
vt 0.215342 0.132259
vt 0.203222 0.094543
vt 0.855471 0.043005
vt 0.918242 0.098075
vt 0.886101 0.105305
vt 0.255511 0.067846
vt 0.169019 0.047690
vt 0.166893 0.025823
vt 0.125973 0.120002
vt 0.337008 0.054912
vt 0.115292 0.038211
vt 0.149847 0.015689
vt 0.254586 0.043904
vt 0.241676 0.021944
vt 0.231922 0.132778
vt 0.791425 0.052872
vt 0.199112 0.046316
vt 0.223332 0.014444
vn 0.058981 0.856453 -0.512845
vn 0.058981 0.856453 -0.512845
vn 0.276166 0.950689 -0.141147
vn 0.182153 0.930643 -0.317370
vn 0.173182 0.958561 0.226207
vn 0.386085 0.921872 -0.033020
vn 0.065948 0.988697 0.134643
vn 0.016803 0.914267 0.404763
vn 0.356628 0.918915 0.168555
vn 0.145205 0.988586 -0.040157
vn 0.573141 0.801249 -0.171784
vn 0.510403 0.859927 -0.003655
vn -0.836591 0.487679 0.249569
vn -0.758884 0.527809 0.381461
vn -0.513884 0.809338 0.284421
vn -0.579343 0.797020 0.170645
vn -0.242115 0.970192 0.010335
vn -0.155494 0.972425 0.173813
vn 0.093535 0.991190 0.093773
vn -0.003098 0.994147 -0.107992
vn 0.238404 0.952752 -0.188222
vn 0.317466 0.948081 -0.018936
vn 0.618923 0.758393 -0.204387
vn 0.576803 0.760395 -0.298492
vn -0.266610 0.960651 0.077903
vn -0.529791 0.815284 0.233735
vn -0.544797 0.828225 0.131298
vn -0.331305 0.943096 -0.028419
vn -0.160072 0.969722 -0.184435
vn -0.159544 0.986518 -0.036447
vn -0.000520 0.995167 -0.098195
vn -0.042524 0.978149 -0.203510
vn 0.057058 0.965026 -0.255871
vn 0.145751 0.977760 -0.150802
vn 0.514376 0.820373 -0.249812
vn 0.251944 0.939078 -0.233788
vn -0.943776 0.040289 -0.328123
vn -0.785457 0.560638 -0.262187
vn -0.459333 0.707103 -0.537604
vn -0.602023 0.106987 -0.791279
vn -0.691721 -0.043964 -0.720826
vn -0.312001 0.624550 -0.715955
vn 0.210140 0.569894 -0.794394
vn -0.076184 -0.183853 -0.979997
vn 0.036081 0.129007 -0.990987
vn -0.074275 0.818118 -0.570233
vn 0.048997 0.701526 -0.710957
vn 0.008144 0.091656 -0.995757
vn -0.280367 -0.955244 0.094362
vn -0.828933 -0.512282 -0.224581
vn -0.571857 -0.538475 -0.618890
vn -0.282951 -0.951852 -0.117971
vn -0.174268 -0.960237 -0.218119
vn -0.377103 -0.751817 -0.540892
vn -0.171395 -0.900671 -0.399268
vn -0.114218 -0.965218 -0.235179
vn -0.016601 -0.959209 -0.282210
vn -0.052826 -0.776102 -0.628391
vn 0.118595 -0.571103 -0.812266
vn 0.198131 -0.939500 -0.279436
vn -0.830279 -0.522420 0.194204
vn -0.536316 -0.822181 0.190748
vn -0.443062 -0.895906 0.032396
vn -0.397054 -0.915512 0.064697
vn -0.118708 -0.992733 -0.019728
vn -0.132961 -0.988491 -0.072157
vn -0.069913 -0.992397 -0.101294
vn -0.056031 -0.997411 -0.045085
vn 0.003577 -0.996530 -0.083156
vn 0.012944 -0.990321 -0.138194
vn 0.343018 -0.895279 -0.284279
vn 0.269052 -0.932705 -0.240151
vn -0.791949 -0.345118 0.503698
vn -0.706011 -0.548028 0.448568
vn -0.295972 -0.936159 0.189757
vn -0.346091 -0.879954 0.325426
vn -0.035318 -0.983384 0.178067
vn -0.061927 -0.995591 0.070446
vn 0.039304 -0.997548 0.057903
vn 0.131408 -0.980735 0.144534
vn 0.029099 -0.983962 0.175989
vn -0.012265 -0.996263 0.085500
vn 0.041559 -0.999107 0.007620
vn -0.065795 -0.991449 0.112696
vn -0.153463 -0.971319 -0.181628
vn -0.177355 -0.968987 -0.172077
vn -0.168890 -0.971357 -0.167158
vn -0.146367 -0.974819 -0.168239
vn 0.784520 -0.349517 0.512217
vn 0.556417 -0.569805 0.604750
vn 0.458447 -0.631095 0.625736
vn 0.269525 0.567848 0.777756
vn 0.189007 -0.107465 0.976078
vn 0.211879 -0.101620 0.971998
vn 0.210384 -0.106111 0.971843
vn 0.186740 -0.112927 0.975897
vn 0.636948 -0.370657 -0.675952
vn 0.636948 -0.370657 -0.675952
vn 0.636948 -0.370657 -0.675952
vn 0.636948 -0.370657 -0.675952
vn 0.789157 0.475456 -0.388810
vn 0.834543 0.444201 -0.325921
vn 0.921876 -0.045817 -0.384766
vn 0.877389 -0.031999 -0.478711
vn 0.998593 -0.025608 0.046430
vn 0.998593 -0.025607 0.046432
vn 0.998593 -0.025607 0.046432
vn 0.998593 -0.025608 0.046430
vn -0.977129 0.194516 0.085916
vn -0.977129 0.194516 0.085916
vn -0.977129 0.194516 0.085916
vn -0.977129 0.194516 0.085916
vn -0.726068 -0.603677 0.329240
vn -0.897134 0.044656 0.439495
vn -0.960972 0.030570 0.274953
vn 0.626389 0.779091 0.025599
vn 0.626388 0.779091 0.025599
vn 0.626388 0.779091 0.025599
vn 0.626388 0.779091 0.025599
vn -0.767672 -0.433352 0.472109
vn -0.776792 -0.472858 0.415932
vn -0.434934 -0.708474 0.555785
vn -0.490094 -0.653294 0.577075
vn 0.572530 -0.624649 0.531058
vn 0.574835 -0.627074 0.525683
vn 0.988604 0.110102 -0.102667
vn 0.441394 0.701298 -0.559779
vn 0.498820 0.699213 -0.512132
vn -0.682088 0.664504 -0.305271
vn -0.718242 0.616940 -0.321736
vn -0.718242 0.616940 -0.321736
vn -0.688543 0.656441 -0.308209
vn -0.387472 -0.403374 0.828948
vn -0.313396 -0.540393 0.780870
vn -0.227459 -0.741570 0.631139
vn -0.275674 -0.657156 0.701534
vn 0.423665 -0.862232 -0.277605
vn 0.433754 -0.843230 -0.317524
vn 0.433754 -0.843230 -0.317524
vn 0.423291 -0.862872 -0.276181
vn 0.473829 0.249339 -0.844580
vn 0.400393 0.366165 -0.840005
vn 0.172363 0.775977 -0.606754
vn 0.290688 0.646407 -0.705449
vn -0.082617 0.988124 -0.129556
vn -0.209557 0.758296 0.617311
vn -0.226686 0.936196 0.268608
vn -0.634863 0.602445 -0.483745
vn -0.267349 0.759428 -0.593122
vn 0.353779 0.589442 -0.726222
vn 0.032221 0.330596 -0.943222
vn 0.643324 -0.073090 -0.762097
vn 0.519274 0.330747 -0.788011
vn 0.878887 -0.475798 0.034255
vn 0.848332 -0.484087 -0.214459
vn 0.734129 -0.360488 0.575415
vn 0.440242 0.146709 0.885812
vn 0.205700 0.355161 0.911893
vn 0.141821 0.071312 0.987320
vn -0.455762 0.417332 0.786202
vn 0.003377 0.482301 0.875999
vn -0.567775 0.605353 0.557835
vn -0.819836 0.506887 0.266334
vn -0.821632 0.238004 0.517953
vn -0.773761 0.382162 0.505218
vn -0.752638 -0.613407 0.239305
vn -0.695134 -0.674059 0.249866
vn 0.072314 -0.966964 -0.244442
vn 0.050665 -0.956517 -0.287242
vn 0.523742 -0.711871 -0.467905
vn 0.545662 -0.716697 -0.434279
vn 0.837103 -0.234152 -0.494401
vn 0.820101 -0.166868 -0.547348
vn 0.685916 0.637488 -0.350897
vn 0.708148 0.656081 -0.260930
vn -0.053209 0.975828 0.211964
vn 0.052047 0.994450 0.091430
vn -0.452191 0.802758 0.388719
vn -0.515299 0.733586 0.443078
vn -0.460602 0.580646 -0.671339
vn -0.460602 0.580645 -0.671340
vn -0.044963 0.592004 -0.804680
vn -0.010486 0.587944 -0.808834
vn 0.921159 0.266572 -0.283558
vn 0.921159 0.266572 -0.283558
vn 0.921159 0.266572 -0.283558
vn 0.921159 0.266571 -0.283558
vn 0.153109 0.891826 0.425681
vn 0.153109 0.891826 0.425681
vn 0.066456 0.897009 0.436987
vn 0.066470 0.897009 0.436986
vn -0.741966 0.598746 0.301646
vn -0.741966 0.598746 0.301646
vn -0.741966 0.598746 0.301646
vn -0.741966 0.598746 0.301646
vn -0.949078 -0.169783 -0.265377
vn -0.949078 -0.169783 -0.265377
vn -0.749715 -0.542092 -0.379558
vn -0.763184 -0.525842 -0.375553
vn 0.369407 -0.785639 -0.496297
vn 0.369407 -0.785639 -0.496297
vn 0.369407 -0.785639 -0.496297
vn 0.369407 -0.785639 -0.496297
vn 0.155292 0.238616 -0.958617
vn 0.155292 0.238617 -0.958617
vn 0.099743 0.305020 -0.947108
vn 0.099743 0.305020 -0.947108
vn -0.611175 0.711911 -0.345903
vn -0.611175 0.711911 -0.345903
vn -0.611175 0.711911 -0.345903
vn -0.611175 0.711911 -0.345903
vn 0.081366 0.988197 0.129792
vn 0.081366 0.988197 0.129792
vn 0.090066 0.984251 0.152115
vn 0.090241 0.984165 0.152565
vn -0.860486 0.500604 0.094656
vn -0.860486 0.500604 0.094656
vn -0.860486 0.500604 0.094656
vn -0.860486 0.500604 0.094656
vn -0.078187 -0.983346 -0.164064
vn -0.110384 -0.978053 -0.176713
vn -0.104514 -0.981765 -0.158787
vn -0.076042 -0.986139 -0.147467
vn 0.991118 -0.058113 -0.119615
vn 0.988510 -0.074535 -0.131497
vn 0.988605 -0.073982 -0.131098
vn 0.991118 -0.058113 -0.119615
vn -0.129551 0.127992 -0.983277
vn -0.129551 0.127992 -0.983277
vn -0.138079 0.125040 -0.982496
vn -0.138064 0.125045 -0.982498
vn -0.692857 0.673623 -0.257257
vn -0.692857 0.673623 -0.257257
vn -0.692857 0.673623 -0.257257
vn -0.692857 0.673623 -0.257257
vn 0.142199 -0.115072 0.983127
vn 0.159160 -0.112997 0.980765
vn 0.154448 -0.118355 0.980886
vn 0.138255 -0.118766 0.983250
vn 0.642672 -0.744554 -0.180588
vn 0.646780 -0.739196 -0.187790
vn 0.646946 -0.738976 -0.188083
vn 0.642672 -0.744554 -0.180588
vn 0.128925 0.812971 0.567852
vn 0.609469 0.791429 0.046778
vn 0.127043 0.136778 0.982422
vn 0.044359 0.164307 0.985411
vn -0.088782 -0.548096 0.831690
vn 0.651050 -0.758212 -0.035335
vn 0.167417 -0.985198 0.036834
vn -0.178331 -0.963128 0.201451
vn -0.166799 -0.791956 -0.587353
vn 0.189404 -0.687204 -0.701339
vn 0.177564 -0.024496 -0.983804
vn -0.069570 -0.142876 -0.987293
vn 0.047514 0.547418 -0.835509
vn 0.219731 0.664126 -0.714602
vn 0.271796 0.960143 -0.065209
vn 0.146588 0.983202 -0.108743
vn 0.679159 -0.733990 -0.001286
vn 0.998306 0.011954 -0.056933
vn 0.993802 0.106246 -0.032696
vn 0.685941 0.723415 0.078453
vn 0.076274 0.996405 0.036858
vn -0.860109 0.506241 -0.062703
vn -0.996526 -0.075940 -0.034180
vn -0.747193 -0.660195 0.076450
vn -0.024805 -0.992389 0.120622
vn -0.035438 0.647054 0.761620
vn -0.026804 0.782803 0.621692
vn -0.103404 0.115874 0.987867
vn -0.039927 0.062421 0.997251
vn -0.029633 -0.549864 0.834728
vn -0.138969 -0.619462 0.772629
vn -0.108911 -0.985174 0.132554
vn 0.046918 -0.995959 0.076579
vn 0.250732 -0.641654 -0.724854
vn -0.055446 -0.789527 -0.611206
vn 0.041513 -0.153781 -0.987233
vn 0.303687 -0.078693 -0.949516
vn 0.255899 0.524423 -0.812094
vn 0.091245 0.529798 -0.843202
vn 0.061359 0.987020 -0.148416
vn 0.044926 0.996790 -0.066269
vn 0.781060 -0.619885 0.075417
vn 0.550463 -0.793408 0.259797
vn 0.776991 -0.463621 -0.425841
vn 0.630626 -0.525839 -0.570792
vn 0.215383 -0.252985 -0.943191
vn 0.417294 0.192811 -0.888082
vn -0.329843 0.736965 -0.589988
vn -0.452514 0.323595 -0.830974
vn -0.651834 0.758031 0.022368
vn -0.837939 0.521534 0.160810
vn -0.856374 0.154457 0.492714
vn -0.465657 0.630314 0.621183
vn -0.171961 0.238446 0.955810
vn -0.547188 -0.513107 0.661291
vn 0.094559 -0.775389 0.624364
vn 0.379069 -0.311342 0.871420
vn -0.440033 0.868132 0.229604
vn -0.440033 0.868132 0.229604
vn -0.440033 0.868132 0.229604
vn -0.440033 0.868132 0.229604
vn 0.979278 0.201027 0.024556
vn 0.979278 0.201027 0.024556
vn 0.998293 0.009694 -0.057594
vn 0.607995 -0.422292 0.672319
vn -0.062477 -0.992632 0.103819
vn -0.047188 -0.734110 0.677390
vn -0.610258 -0.437369 0.660525
vn -0.710064 0.189091 -0.678273
vn -0.921643 0.199116 0.333058
vn -0.506235 0.798453 -0.325883
vn -0.488133 0.864010 -0.123341
vn 0.237480 0.929585 -0.281912
vn 0.280840 0.837669 -0.468445
vn 0.882667 0.303145 -0.359168
vn 0.825114 0.530807 -0.193473
vn 0.987160 -0.113990 0.111900
vn 0.923883 -0.353656 -0.146175
vn 0.434625 -0.852760 0.289657
vn 0.515497 -0.699099 0.495504
vn -0.198196 -0.750198 0.630810
vn -0.267990 -0.814494 0.514570
vn -0.869162 -0.396871 0.295044
vn -0.769717 -0.359074 0.527827
vn -0.882030 0.440935 0.166132
vn -0.945806 0.311382 -0.092154
vn -0.711438 -0.574128 0.405257
vn -0.805153 0.143201 0.575518
vn -0.843159 0.078595 0.531888
vn -0.313885 -0.941717 0.121016
vn -0.287344 -0.946418 0.147396
vn -0.079116 -0.996216 0.035990
vn -0.093789 -0.995287 0.024634
vn -0.046786 -0.998902 0.002526
vn -0.022599 -0.999414 0.025708
vn -0.018122 -0.999450 0.027785
vn -0.007797 -0.999568 -0.028347
vn 0.195841 -0.971611 -0.132731
vn 0.143368 -0.987841 -0.060131
vn 0.872773 0.441335 -0.208544
vn 0.901884 0.404497 -0.151614
vn 0.942355 -0.186606 -0.277750
vn 0.951264 -0.078668 -0.298175
vn 0.356701 0.913167 0.197208
vn 0.305259 0.927931 0.213917
vn 0.586767 0.806697 0.070317
vn 0.618628 0.785603 -0.011267
vn 0.003875 0.934196 0.356740
vn 0.089012 0.936868 0.338166
vn 0.174514 0.943756 0.280837
vn 0.189549 0.933909 0.303125
vn -0.666511 0.552744 0.500237
vn -0.551717 0.629999 0.546543
vn -0.156165 0.897836 0.411708
vn -0.342274 0.841581 0.417839
vn 0.129821 0.911680 0.389854
vn 0.045459 0.930256 0.364085
vn -0.344751 0.866272 0.361552
vn 0.269419 0.938846 0.214434
vn 0.358316 0.907423 0.219530
vn 0.183291 0.924235 0.334954
vn 0.632688 0.632831 -0.446352
vn 0.632688 0.632831 -0.446352
vn 0.952636 0.152714 -0.262989
vn 0.647322 0.755499 0.100974
vn -0.256414 0.826717 -0.500791
vn -0.097572 0.926808 -0.362637
vn 0.644622 0.233465 -0.727981
vn 0.473957 -0.480383 -0.737968
vn 0.221170 -0.892063 -0.394091
vn -0.326076 -0.864747 -0.381951
vn -0.740243 -0.540213 -0.400264
vn 0.684881 -0.571479 -0.452051
vn 0.671242 -0.668121 -0.321012
vn 0.021098 -0.876771 0.480445
vn -0.249362 -0.816243 0.521120
vn -0.208202 -0.826913 0.522367
vn -0.662333 -0.602880 0.444804
vn -0.662333 -0.602880 0.444804
vn 0.115479 -0.889786 0.441526
vn -0.097957 -0.049243 0.993972
vn 0.366597 -0.873292 0.320888
vn 0.096395 -0.892549 0.440528
vn 0.581389 -0.790337 -0.193275
vn 0.341242 -0.932919 -0.114964
vn -0.120492 -0.983568 0.134446
vn -0.120492 -0.983568 0.134446
vn -0.204241 -0.860960 0.465869
vn -0.185238 -0.903582 0.386299
vn -0.160109 -0.973707 -0.162049
vn -0.136046 -0.978585 -0.154476
vn -0.098710 -0.985090 -0.140905
vn 0.208942 -0.110430 0.971673
vn 0.181272 -0.119239 0.976178
vn 0.149613 -0.123788 0.980965
vn 0.626126 -0.690536 -0.362114
vn 0.626126 -0.690536 -0.362114
vn 0.626126 -0.690536 -0.362114
vn 0.626126 -0.690536 -0.362114
vn 0.875328 -0.391147 -0.284261
vn 0.847374 0.030325 -0.530130
vn 0.998593 -0.025610 0.046432
vn 0.998593 -0.025610 0.046432
vn 0.998593 -0.025610 0.046430
vn 0.998593 -0.025610 0.046430
vn 0.998593 -0.025610 0.046429
vn 0.998593 -0.025610 0.046429
vn 0.998593 -0.025609 0.046428
vn 0.998593 -0.025609 0.046428
vn -0.784310 0.612931 -0.095781
vn -0.784310 0.612931 -0.095781
vn -0.784310 0.612931 -0.095781
vn -0.784310 0.612931 -0.095781
vn -0.757405 0.361128 0.543989
vn -0.990873 0.035930 0.129922
vn 0.626389 0.779090 0.025597
vn 0.626389 0.779090 0.025597
vn 0.626389 0.779091 0.025598
vn 0.626389 0.779091 0.025598
vn 0.626388 0.779091 0.025598
vn 0.626388 0.779091 0.025598
vn 0.626389 0.779090 0.025599
vn 0.626389 0.779090 0.025599
vn -0.082386 -0.802176 0.591377
vn -0.150842 -0.762332 0.629361
vn -0.250850 -0.691905 0.677009
vn -0.557871 -0.555682 0.616440
vn -0.757544 -0.399708 0.516102
vn 0.954300 -0.237639 0.181220
vn 0.937380 -0.313447 0.151891
vn 0.937380 -0.313447 0.151891
vn 0.594777 -0.647997 0.475752
vn 0.594777 -0.647997 0.475752
vn 0.193854 0.757496 -0.623395
vn 0.181271 0.813109 -0.553169
vn 0.170240 0.852475 -0.494272
vn 0.555945 0.699527 -0.448985
vn 0.893291 0.346210 -0.286652
vn -0.948019 0.304028 -0.093950
vn -0.948019 0.304028 -0.093950
vn -0.926682 0.362217 -0.100290
vn -0.921572 0.374672 -0.101616
vn -0.893495 0.435901 -0.107965
vn -0.893495 0.435901 -0.107965
vn -0.649221 0.703012 -0.290320
vn -0.649221 0.703012 -0.290320
vn -0.133216 -0.881942 0.452142
vn -0.154527 -0.832723 0.531689
vn -0.172422 -0.782090 0.598837
vn -0.323984 -0.559937 0.762565
vn -0.456363 -0.242119 0.856219
vn 0.500186 -0.598356 -0.625927
vn 0.500185 -0.598356 -0.625927
vn 0.519698 -0.647031 -0.557911
vn 0.517916 -0.642370 -0.564911
vn 0.533327 -0.684817 -0.496577
vn 0.533327 -0.684817 -0.496577
vn 0.414024 -0.877547 -0.241858
vn 0.414024 -0.877547 -0.241858
vn 0.127235 0.875302 -0.466537
vn 0.376152 0.555104 -0.741868
vn 0.521474 0.161579 -0.837829
vn -0.407211 0.611562 0.678359
vn -0.422549 0.625502 0.655896
vn -0.460917 0.659301 0.594035
vn -0.460917 0.659301 0.594035
vn -0.298587 0.922669 0.243983
vn -0.298587 0.922669 0.243983
vn 0.610300 -0.336202 -0.717288
vn -0.216403 0.196501 -0.956325
vn -0.812390 0.485205 -0.323417
vn 0.742464 -0.562441 0.363880
vn 0.823674 -0.535177 -0.187474
vn -0.727823 0.304011 0.614696
vn -0.049465 -0.159220 0.986003
vn -0.871283 0.451644 0.192052
vn 0.168198 -0.956273 -0.239271
vn -0.636361 -0.729070 0.251996
vn -0.820078 0.203952 0.534674
vn 0.863132 -0.253851 -0.436535
vn 0.597304 -0.690435 -0.408078
vn -0.055089 0.958067 0.281200
vn 0.774492 0.598162 -0.205828
vn -0.534057 0.701621 0.471711
vn 0.447625 0.462510 -0.765321
vn 0.447625 0.462510 -0.765321
vn 0.397515 0.094563 -0.912710
vn 0.397515 0.094563 -0.912710
vn -0.105329 0.181361 -0.977760
vn -0.131850 0.184706 -0.973909
vn -0.586717 0.220317 -0.779245
vn -0.586717 0.220317 -0.779245
vn 0.893323 0.449101 0.016797
vn 0.893323 0.449101 0.016797
vn 0.893323 0.449101 0.016797
vn 0.893323 0.449101 0.016797
vn 0.985872 -0.088972 -0.141917
vn 0.985872 -0.088972 -0.141917
vn 0.930266 -0.064377 -0.361193
vn 0.930266 -0.064377 -0.361193
vn 0.930266 -0.064377 -0.361193
vn 0.930266 -0.064377 -0.361193
vn -0.020654 0.895322 0.444941
vn -0.020654 0.895322 0.444941
vn 0.024612 -0.609326 0.792538
vn 0.024612 -0.609326 0.792538
vn 0.070154 -0.610893 0.788599
vn 0.070144 -0.610893 0.788600
vn 0.115511 -0.611182 0.783016
vn 0.115511 -0.611182 0.783016
vn -0.878428 0.476229 -0.039627
vn -0.878428 0.476229 -0.039627
vn -0.878428 0.476229 -0.039627
vn -0.878428 0.476229 -0.039627
vn -0.981271 0.166134 -0.097502
vn -0.981271 0.166134 -0.097502
vn -0.981271 0.166134 -0.097502
vn -0.981271 0.166134 -0.097502
vn -0.985164 0.103191 0.137130
vn -0.988550 0.082400 0.126408
vn -0.988338 0.083812 0.127137
vn -0.985164 0.103191 0.137130
vn -0.439468 -0.793648 -0.420702
vn -0.439468 -0.793648 -0.420702
vn -0.366409 -0.929943 -0.030821
vn -0.366409 -0.929944 -0.030821
vn -0.751572 -0.656008 0.069235
vn -0.737877 -0.671794 0.065038
vn -0.957700 -0.245123 0.150754
vn -0.957699 -0.245123 0.150754
vn 0.522801 -0.509649 -0.683328
vn 0.522801 -0.509649 -0.683328
vn 0.522801 -0.509649 -0.683328
vn 0.522801 -0.509649 -0.683328
vn 0.650543 -0.734150 -0.194468
vn 0.650543 -0.734150 -0.194468
vn 0.470977 -0.863140 -0.182127
vn 0.470977 -0.863140 -0.182127
vn 0.470977 -0.863140 -0.182127
vn 0.470977 -0.863140 -0.182127
vn 0.043435 0.369097 -0.928375
vn 0.043435 0.369097 -0.928375
vn 0.696011 0.551271 0.460075
vn 0.696011 0.551271 0.460075
vn 0.726124 0.517576 0.452614
vn 0.726124 0.517576 0.452614
vn 0.754714 0.482794 0.444204
vn 0.754714 0.482794 0.444204
vn -0.820569 0.553438 -0.142733
vn -0.820569 0.553438 -0.142733
vn -0.820569 0.553438 -0.142733
vn -0.820569 0.553438 -0.142733
vn -0.796398 0.569413 0.203762
vn -0.796398 0.569413 0.203762
vn -0.796398 0.569413 0.203762
vn -0.796398 0.569413 0.203762
vn -0.655251 0.731015 0.190431
vn -0.650172 0.736717 0.185809
vn -0.650166 0.736723 0.185804
vn -0.655251 0.731014 0.190431
vn 0.098867 0.979638 0.174745
vn 0.098867 0.979638 0.174745
vn -0.046974 0.977466 0.205802
vn -0.046974 0.977466 0.205802
vn 0.051084 0.980127 0.191681
vn 0.052235 0.980101 0.191504
vn 0.149597 0.973045 0.175510
vn 0.149597 0.973045 0.175510
vn -0.991579 0.059962 0.114783
vn -0.991579 0.059962 0.114783
vn -0.961155 -0.217804 0.169537
vn -0.961155 -0.217804 0.169537
vn -0.961155 -0.217804 0.169537
vn -0.961155 -0.217804 0.169537
vn -0.800631 0.573894 0.172149
vn -0.800631 0.573894 0.172149
vn -0.800631 0.573894 0.172148
vn -0.800631 0.573894 0.172148
vn -0.073909 -0.988612 -0.131088
vn 0.052925 -0.996679 -0.061892
vn 0.052925 -0.996679 -0.061892
vn -0.037313 -0.997645 -0.057548
vn -0.037610 -0.997635 -0.057533
vn -0.127562 -0.990429 -0.052717
vn -0.127562 -0.990429 -0.052717
vn 0.914527 0.387758 -0.115257
vn 0.914527 0.387758 -0.115257
vn 0.914527 0.387758 -0.115257
vn 0.914527 0.387758 -0.115257
vn 0.856472 0.516113 -0.009153
vn 0.856472 0.516113 -0.009153
vn 0.856472 0.516113 -0.009153
vn 0.856472 0.516113 -0.009153
vn 0.960301 -0.277355 -0.029930
vn 0.960301 -0.277355 -0.029930
vn 0.960301 -0.277355 -0.029930
vn 0.960301 -0.277355 -0.029930
vn -0.146602 0.122075 -0.981634
vn -0.146602 0.122075 -0.981634
vn -0.155487 0.221171 -0.962760
vn -0.155487 0.221171 -0.962760
vn -0.092939 0.148032 -0.984606
vn -0.092968 0.148066 -0.984598
vn -0.029521 0.073493 -0.996859
vn -0.029521 0.073493 -0.996859
vn -0.644596 0.742844 0.180772
vn -0.644597 0.742844 0.180772
vn -0.509535 0.764712 0.394447
vn -0.509535 0.764712 0.394447
vn -0.509535 0.764713 0.394447
vn -0.509535 0.764713 0.394447
vn -0.603899 0.688448 -0.401678
vn -0.603899 0.688448 -0.401678
vn -0.603899 0.688448 -0.401678
vn -0.603899 0.688448 -0.401678
vn 0.134276 -0.122486 0.983345
vn 0.253346 -0.126923 0.959013
vn 0.253346 -0.126923 0.959013
vn 0.195753 -0.059073 0.978872
vn 0.195796 -0.059124 0.978861
vn 0.136554 0.009241 0.990590
vn 0.136554 0.009241 0.990589
vn 0.465843 -0.665028 -0.583720
vn 0.465843 -0.665028 -0.583720
vn 0.465843 -0.665028 -0.583720
vn 0.465843 -0.665028 -0.583720
vn 0.461855 -0.555434 -0.691508
vn 0.461855 -0.555434 -0.691508
vn 0.461855 -0.555434 -0.691508
vn 0.461855 -0.555434 -0.691508
vn 0.729952 -0.681001 0.058383
vn 0.729952 -0.681001 0.058383
vn 0.729952 -0.681001 0.058383
vn 0.729952 -0.681001 0.058383
vn 0.007709 -0.515553 0.856823
vn 0.023617 0.053885 0.998268
vn 0.009927 0.610321 0.792092
vn 0.256833 -0.628847 -0.733886
vn 0.029626 -0.996369 0.079825
vn 0.258826 0.544360 -0.797923
vn 0.327854 -0.058752 -0.942900
vn 0.043243 0.998558 -0.031810
vn 0.311026 -0.194386 -0.930310
vn 0.694656 -0.463779 -0.549874
vn 0.815842 -0.578241 0.006238
vn -0.632436 0.773517 -0.041199
vn -0.411421 0.364360 -0.835449
vn -0.111496 0.375028 0.920284
vn -0.442069 0.704617 0.555058
vn 0.479652 -0.312790 0.819815
vn 0.656003 0.750647 0.078668
vn 0.656003 0.750647 0.078668
vn 0.656003 0.750647 0.078668
vn 0.656003 0.750647 0.078668
vn 0.803278 0.592225 0.063358
vn 0.030778 0.999099 -0.029236
vn -0.560320 0.807653 0.183678
vn 0.864901 0.248739 0.435975
vn -0.861732 0.378455 0.337919
vn -0.861732 0.378455 0.337919
vn -0.685570 0.453853 0.569220
vn 0.679904 -0.692163 -0.242159
vn -0.014944 0.998582 -0.051094
vn -0.040955 0.817712 0.574169
vn -0.040955 0.817712 0.574169
vn -0.014904 0.998539 -0.051932
vn -0.048865 0.174918 0.983370
vn -0.048865 0.174918 0.983370
vn -0.048865 0.174918 0.983370
vn -0.048865 0.174918 0.983370
vn -0.054434 -0.067069 0.996262
vn -0.054434 -0.067069 0.996262
vn -0.054434 -0.067069 0.996262
vn -0.054434 -0.067069 0.996262
vn -0.076038 -0.824772 0.560330
vn -0.060175 -0.997029 0.048082
vn -0.060173 -0.997031 0.048046
vn -0.076038 -0.824772 0.560330
vn -0.037265 -0.939630 -0.340156
vn -0.037265 -0.939630 -0.340156
vn 0.026467 -0.064083 -0.997594
vn 0.026467 -0.064083 -0.997594
vn 0.026467 -0.064083 -0.997594
vn 0.026467 -0.064083 -0.997594
vn 0.027114 -0.035788 -0.998992
vn 0.027114 -0.035788 -0.998992
vn 0.027114 -0.035788 -0.998992
vn 0.027114 -0.035788 -0.998992
vn 0.009238 0.856084 -0.516755
vn 0.009238 0.856084 -0.516755
vn 0.399570 -0.390003 0.829603
vn 0.682221 -0.599229 0.418925
vn 0.682221 -0.599229 0.418925
vn 0.399546 -0.389985 0.829623
vn 0.697594 -0.554136 -0.454198
vn 0.697594 -0.554136 -0.454198
vn 0.697594 -0.554136 -0.454198
vn 0.697594 -0.554136 -0.454198
vn 0.594486 -0.466212 -0.655159
vn 0.594486 -0.466212 -0.655159
vn 0.594486 -0.466212 -0.655159
vn 0.594486 -0.466212 -0.655159
vn 0.052164 -0.054315 -0.997160
vn -0.446203 0.331053 -0.831449
vn -0.446759 0.331487 -0.830977
vn 0.052164 -0.054315 -0.997160
vn -0.703112 0.533649 -0.469950
vn -0.703112 0.533649 -0.469950
vn -0.674128 0.500546 0.543144
vn -0.674128 0.500546 0.543144
vn -0.674128 0.500546 0.543144
vn -0.674128 0.500546 0.543144
vn -0.662145 0.490324 0.566697
vn -0.662145 0.490324 0.566698
vn -0.662145 0.490324 0.566697
vn -0.662145 0.490324 0.566697
vn 0.116145 -0.162724 0.979812
vn 0.116145 -0.162724 0.979812
s 1
g pCube1
usemtl pCube1SG
f 101/1/1 1/2/2 98/3/3 97/4/4
f 99/5/5 2/6/6 103/7/7 102/8/8
f 104/9/9 3/10/10 107/11/11 106/12/12
s 3
f 114/13/13 5/14/14 111/15/15 110/16/16
f 112/17/17 6/18/18 116/19/19 115/20/20
f 117/21/21 7/22/22 120/23/23 119/24/24
f 126/25/25 9/26/26 113/27/27 123/28/28
f 124/29/29 10/30/30 118/31/31 127/32/32
f 128/33/33 11/34/34 122/35/35 130/36/36
f 136/424/37 13/38/38 125/39/39 133/474/40
f 141/401/41 85/42/42 138/43/43 137/473/44
f 145/413/45 15/477/46 132/47/47 142/472/48
f 149/49/49 17/50/50 135/51/51 146/52/52
f 147/53/53 18/54/54 151/470/55 150/56/56
f 152/57/57 19/58/58 144/59/59 154/60/60
f 160/61/61 21/62/62 148/63/63 157/64/64
f 158/65/65 22/66/66 153/67/67 161/68/68
f 162/69/69 23/70/70 156/71/71 164/72/72
f 171/73/73 90/74/74 168/75/75 167/76/76
f 169/77/77 91/78/78 173/79/79 172/80/80
f 174/81/81 92/82/82 177/83/83 176/84/84
s 10
f 184/85/85 49/86/86 181/87/87 180/88/88
s 1
f 187/464/89 30/90/90 175/91/91 185/469/92
s 12
f 192/93/93 53/94/94 189/95/95 188/96/96
s off
f 108/97/97 4/98/98 194/99/99 193/100/100
s 3
f 121/101/101 8/102/102 197/103/103 196/104/104
s 13
f 378/105/105 377/106/106 379/107/107 380/108/108
s off
f 171/73/109 29/109/110 204/110/111 203/111/112
s 3
f 160/61/61 25/112/113 207/113/114 206/114/115
s 14
f 386/501/116 387/116/117 388/117/118 389/118/119
s 15
f 216/119/120 29/109/121 170/120/122 213/121/123
s 1
f 214/122/124 30/90/90 187/464/89 217/123/125
f 218/124/126 2/6/6 98/3/127 220/125/128
s 17
f 221/126/129 1/2/130 204/462/131 223/127/132
s 18
f 228/128/133 31/129/134 179/130/135 225/131/136
s 19
f 226/132/137 32/133/138 194/460/139 229/134/140
s 1
f 230/135/141 4/98/142 107/11/143 232/136/144
f 233/137/145 3/10/10 186/458/146 235/139/147
s 21
f 240/140/148 33/141/149 215/142/150 237/143/151
f 238/144/152 34/145/153 219/454/154 241/147/155
f 242/148/156 35/149/157 222/150/158 244/151/159
f 245/152/160 36/153/161 224/447/162 247/155/163
s 22
f 252/156/164 37/157/165 227/158/166 249/159/167
f 250/160/168 38/161/169 231/441/170 253/163/171
f 254/164/172 39/165/173 234/166/174 256/167/175
f 257/168/176 40/169/177 236/434/178 259/171/179
s 23
f 263/524/180 41/479/181 239/174/182 261/528/183
s off
f 262/176/184 42/177/185 243/178/186 264/527/187
s 24
f 270/511/188 58/181/189 267/182/190 266/525/191
s off
f 272/516/192 44/448/193 248/186/194 271/523/195
s 25
f 275/518/196 45/478/197 251/190/198 273/522/199
s off
f 274/192/200 46/193/201 255/194/202 276/521/203
s 26
f 282/505/204 62/197/205 279/198/206 278/519/207
s off
f 284/510/208 48/435/209 260/202/210 283/517/211
s 27
f 287/204/212 43/450/213 246/206/214 285/207/215
s off
f 286/208/216 44/448/217 272/516/218 288/209/219
s 10
f 289/210/220 52/211/221 183/212/222 290/213/223
s 28
f 291/214/224 51/215/225 265/513/226 292/217/227
s 29
f 295/218/228 47/437/229 258/220/230 293/221/231
s off
f 294/222/232 48/435/233 284/510/234 296/223/235
s 12
f 297/224/236 56/225/237 191/226/238 298/227/239
s 30
f 299/228/240 55/229/241 277/507/242 300/231/243
s 3
f 304/232/244 12/233/245 198/430/246 301/235/247
f 302/236/248 24/237/249 155/238/250 305/239/251
f 306/240/252 20/241/253 143/428/254 308/243/255
f 309/244/256 16/245/257 131/246/258 311/247/259
f 316/248/260 21/62/62 208/426/261 313/250/262
f 314/251/263 9/26/26 126/25/25 317/252/264
f 318/253/265 13/38/38 136/424/37 320/254/266
f 321/255/267 17/50/50 149/49/49 323/256/268
f 327/257/269 66/258/270 303/422/271 325/260/272
f 326/261/273 65/262/274 307/263/275 328/264/276
f 329/265/277 67/266/278 310/420/279 330/268/280
f 331/269/281 68/270/282 312/271/283 332/272/284
f 335/273/285 69/274/286 315/418/287 333/276/288
f 334/277/289 70/278/290 319/279/291 336/280/292
f 337/281/293 71/282/294 322/416/295 338/284/296
f 339/285/297 72/286/298 324/287/299 340/288/300
s off
f 344/289/301 14/480/302 129/291/303 341/292/304
s 3
f 342/293/305 15/46/306 145/414/45 345/294/307
f 346/295/308 19/471/58 151/55/309 348/296/310
f 349/297/311 18/475/54 134/410/312 351/299/313
f 355/300/314 81/301/315 343/302/316 353/303/317
f 354/304/318 82/305/319 347/406/320 356/307/321
f 357/308/322 83/309/323 350/310/324 358/311/325
f 359/312/326 84/313/327 352/403/328 360/315/329
f 363/316/330 90/74/74 205/400/331 361/318/332
f 363/316/330 25/112/113 159/319/333 364/320/334
f 365/321/335 26/322/336 163/323/337 366/324/338
f 367/325/339 27/326/340 166/327/341 368/328/342
f 371/329/343 94/330/344 195/397/345 370/332/346
f 373/333/347 95/334/348 109/335/349 372/336/350
f 375/337/351 96/338/352 105/339/353 374/340/354
f 362/341/355 89/342/356 100/343/357 376/344/358
s 1
f 98/3/3 2/6/6 99/5/5 97/4/4
s 3
f 99/5/359 96/338/352 100/343/357 97/4/360
f 100/343/357 89/342/356 101/1/361 97/4/360
s 1
f 103/7/7 3/10/10 104/9/9 102/8/362
s 3
f 104/9/363 95/334/348 105/339/353 102/8/364
f 105/339/353 96/338/352 99/5/359 102/8/364
s 1
f 107/11/11 4/98/365 108/97/366 106/12/12
s 3
f 108/97/367 94/330/344 109/335/349 106/12/368
f 109/335/349 95/334/348 104/9/363 106/12/368
f 111/15/15 6/18/18 112/17/17 110/16/16
f 112/17/17 10/30/30 113/27/27 110/16/16
f 113/27/27 9/26/26 114/13/13 110/16/16
f 116/19/19 7/22/22 117/21/21 115/20/20
f 117/21/21 11/34/34 118/31/31 115/20/20
f 118/31/31 10/30/30 112/17/17 115/20/20
f 120/23/23 8/102/102 121/101/101 119/24/24
f 121/101/101 12/233/245 122/35/35 119/24/24
f 122/35/35 11/34/34 117/21/21 119/24/24
f 113/27/27 10/30/30 124/29/29 123/28/28
f 124/29/29 14/290/369 125/39/39 123/28/28
f 125/39/39 13/38/38 126/25/25 123/28/28
f 118/31/31 11/34/34 128/33/33 127/32/32
f 128/33/33 15/477/46 129/476/370 127/32/32
f 129/476/370 14/290/369 124/29/29 127/32/32
f 122/35/35 12/233/245 131/246/258 130/36/36
f 131/246/258 16/245/257 132/47/47 130/36/36
f 132/47/47 15/477/46 128/33/33 130/36/36
f 125/39/39 14/290/369 134/408/312 133/474/40
f 134/409/312 18/54/54 135/51/51 133/40/40
f 135/51/51 17/50/50 136/37/37 133/40/40
f 138/43/43 86/345/371 139/346/372 137/473/44
f 139/404/372 87/347/373 140/348/374 137/44/44
f 140/348/374 88/349/375 141/41/41 137/44/44
f 132/47/47 16/245/257 143/242/254 142/472/48
f 143/428/254 20/241/253 144/59/59 142/48/48
f 144/59/59 19/58/58 145/412/45 142/48/48
f 135/51/51 18/54/54 147/53/53 146/52/52
f 147/53/53 22/66/66 148/63/63 146/52/52
f 148/63/63 21/62/62 149/49/49 146/52/52
f 151/470/55 19/58/58 152/57/57 150/56/56
f 152/57/57 23/70/70 153/67/67 150/56/56
f 153/67/67 22/66/66 147/53/53 150/56/56
f 144/59/59 20/241/253 155/238/250 154/60/60
f 155/238/250 24/237/249 156/71/71 154/60/60
f 156/71/71 23/70/70 152/57/57 154/60/60
f 148/63/63 22/66/66 158/65/65 157/64/64
f 158/65/65 26/322/336 159/319/333 157/64/64
f 159/319/333 25/112/113 160/61/61 157/64/64
f 153/67/67 23/70/70 162/69/69 161/68/68
f 162/69/69 27/326/340 163/323/337 161/68/68
f 163/323/337 26/322/336 158/65/65 161/68/68
f 156/71/71 24/237/249 165/350/376 164/72/72
f 165/350/376 28/351/377 166/327/341 164/72/72
f 166/327/341 27/326/340 162/69/69 164/72/72
f 168/75/75 91/78/78 169/77/77 167/76/76
s 1
f 169/77/378 30/90/90 170/120/379 167/76/380
f 170/120/379 29/109/381 171/73/382 167/76/380
s 3
f 173/79/79 92/82/82 174/81/81 172/80/80
s 1
f 174/81/383 31/129/384 175/91/91 172/80/385
f 175/91/91 30/90/90 169/77/378 172/80/386
s 3
f 177/83/83 93/352/387 178/353/388 176/84/84
s 1
f 178/353/389 32/133/390 179/130/391 176/84/392
f 179/130/391 31/129/384 174/81/383 176/84/392
s 10
f 181/87/87 50/354/393 182/355/394 180/88/88
f 182/355/394 51/215/395 183/212/222 180/88/88
f 183/212/222 52/211/221 184/85/85 180/88/88
s 1
f 175/91/91 31/129/384 186/138/146 185/469/92
f 186/458/146 3/10/10 103/7/7 185/92/92
f 103/7/7 2/6/6 187/89/89 185/92/92
s 12
f 189/95/95 54/356/396 190/357/397 188/96/96
f 190/357/397 55/229/398 191/226/238 188/96/96
f 191/226/238 56/225/237 192/93/93 188/96/96
s off
f 194/460/399 32/133/400 178/353/401 193/468/402
s 3
f 178/353/388 93/352/387 195/331/345 193/468/403
f 195/397/345 94/330/344 108/97/367 193/100/403
f 197/395/103 28/351/377 165/350/376 196/467/104
f 165/350/376 24/237/249 198/234/404 196/467/104
f 198/430/404 12/233/245 121/101/101 196/104/104
s 41
f 379/107/405 381/358/406 382/503/407 380/108/408
f 382/359/407 383/360/409 384/361/410 380/108/408
s 13
f 384/361/411 385/362/412 378/105/105 380/108/108
s off
f 204/462/413 1/2/414 101/1/415 203/466/416
s 3
f 101/1/361 89/342/356 205/317/331 203/466/417
f 205/400/331 90/74/74 171/73/73 203/111/417
f 207/398/114 5/14/14 114/13/13 206/465/115
f 114/13/13 9/26/26 208/249/418 206/465/115
f 208/426/418 21/62/62 160/61/61 206/114/115
s 42
f 388/117/419 390/363/420 391/364/421 389/118/422
f 391/364/421 392/365/423 393/366/424 389/118/422
s 14
f 393/366/425 394/367/426 386/115/116 389/118/119
s 15
f 170/120/122 30/90/427 214/122/428 213/121/123
f 214/122/428 34/145/429 215/142/430 213/121/123
f 215/142/430 33/141/431 216/119/120 213/121/123
s 1
f 187/89/89 2/6/6 218/124/126 217/463/432
f 218/124/126 35/149/433 219/146/434 217/463/432
f 219/454/435 34/145/436 214/122/124 217/123/125
f 98/3/127 1/2/437 221/126/438 220/125/128
f 221/126/438 36/153/439 222/150/440 220/125/128
f 222/150/440 35/149/441 218/124/126 220/125/128
s 43
f 204/110/442 29/109/443 216/119/444 223/461/445
f 216/119/444 33/141/446 224/154/447 223/461/445
s 17
f 224/447/448 36/153/449 221/126/129 223/127/132
s 18
f 179/130/135 32/133/450 226/132/451 225/131/136
f 226/132/451 38/161/452 227/158/453 225/131/136
f 227/158/453 37/157/454 228/128/133 225/131/136
s 44
f 194/99/455 4/98/456 230/135/457 229/459/458
f 230/135/457 39/165/459 231/162/460 229/459/458
s 19
f 231/441/461 38/161/462 226/132/137 229/134/140
s 1
f 107/11/143 3/10/10 233/137/145 232/136/144
f 233/137/145 40/169/463 234/166/464 232/136/144
f 234/166/464 39/165/465 230/135/141 232/136/144
f 186/138/146 31/129/384 228/128/466 235/457/467
f 228/128/466 37/157/468 236/170/469 235/457/467
f 236/434/470 40/169/471 233/137/145 235/139/147
s 21
f 215/142/150 34/145/153 238/144/152 237/143/151
f 238/144/152 42/456/472 239/455/473 237/143/151
f 239/455/473 41/173/474 240/140/148 237/143/151
f 219/146/154 35/149/157 242/148/156 241/453/155
f 242/148/156 43/205/475 243/451/476 241/453/155
f 243/452/476 42/456/472 238/144/152 241/147/155
f 222/150/158 36/153/161 245/152/160 244/151/159
f 245/152/160 44/185/477 246/449/478 244/151/159
f 246/449/478 43/205/475 242/148/156 244/151/159
f 224/154/162 33/141/149 240/140/148 247/446/163
f 240/140/148 41/173/474 248/444/479 247/446/163
f 248/445/479 44/185/477 245/152/160 247/155/163
s 22
f 227/158/166 38/161/169 250/160/168 249/159/167
f 250/160/168 46/443/480 251/442/481 249/159/167
f 251/442/481 45/189/482 252/156/164 249/159/167
f 231/162/170 39/165/173 254/164/172 253/440/171
f 254/164/172 47/219/483 255/438/484 253/440/171
f 255/439/484 46/443/480 250/160/168 253/163/171
f 234/166/174 40/169/177 257/168/176 256/167/175
f 257/168/176 48/201/485 258/436/486 256/167/175
f 258/436/486 47/219/483 254/164/172 256/167/175
f 236/170/178 37/157/165 252/156/164 259/433/179
f 252/156/164 45/189/482 260/431/487 259/433/179
f 260/432/487 48/201/485 257/168/176 259/171/179
s 23
f 239/174/182 42/177/488 262/176/489 261/528/183
s 45
f 262/526/490 50/354/491 181/87/492 261/175/493
f 181/87/492 49/86/494 263/172/495 261/175/493
s off
f 243/178/496 43/450/497 265/216/498 264/527/499
s 28
f 265/513/226 51/215/225 182/355/500 264/179/501
s off
f 182/355/502 50/354/503 262/526/504 264/179/505
s 24
f 267/182/190 57/368/506 268/369/507 266/525/191
s 46
f 268/514/508 59/370/509 269/371/510 266/183/511
f 269/371/510 60/372/512 270/180/513 266/183/511
s off
f 248/186/514 41/479/515 263/524/516 271/523/517
f 263/172/518 49/86/519 184/85/520 271/187/521
s 47
f 184/85/522 52/211/523 272/184/524 271/187/525
s 25
f 251/190/198 46/193/526 274/192/527 273/522/199
s 48
f 274/520/528 54/356/529 189/95/530 273/191/531
f 189/95/530 53/94/532 275/188/533 273/191/531
s off
f 255/194/534 47/437/535 277/230/536 276/521/537
s 30
f 277/507/242 55/229/241 190/357/538 276/195/539
s off
f 190/357/540 54/356/541 274/520/542 276/195/543
s 26
f 279/198/206 61/373/544 280/374/545 278/519/207
s 49
f 280/508/546 63/375/547 281/376/548 278/199/549
f 281/376/548 64/377/550 282/196/551 278/199/549
s off
f 260/202/552 45/478/553 275/518/554 283/517/555
f 275/188/556 53/94/557 192/93/558 283/203/559
s 50
f 192/93/560 56/225/561 284/200/562 283/203/563
s 27
f 246/206/214 44/448/564 286/208/565 285/207/215
s 51
f 286/208/566 57/368/567 267/182/568 285/207/569
f 267/182/568 58/181/570 287/204/571 285/207/569
s 47
f 272/184/524 52/211/523 289/210/572 288/515/573
s off
f 289/210/574 59/370/575 268/514/576 288/515/577
f 268/369/578 57/368/579 286/208/580 288/209/581
s 10
f 183/212/222 51/215/395 291/214/582 290/213/223
s 52
f 291/214/583 60/372/584 269/371/585 290/213/586
f 269/371/585 59/370/587 289/210/588 290/213/586
s off
f 265/216/589 43/450/590 287/204/591 292/512/592
f 287/204/593 58/181/594 270/511/595 292/512/596
f 270/180/597 60/372/598 291/214/599 292/217/600
s 29
f 258/220/230 48/435/601 294/222/602 293/221/231
s 53
f 294/222/603 61/373/604 279/198/605 293/221/606
f 279/198/605 62/197/607 295/218/608 293/221/606
s 50
f 284/200/562 56/225/561 297/224/609 296/509/610
s off
f 297/224/611 63/375/612 280/508/613 296/509/614
f 280/374/615 61/373/616 294/222/617 296/223/618
s 12
f 191/226/238 55/229/398 299/228/619 298/227/239
s 54
f 299/228/620 64/377/621 281/376/622 298/227/623
f 281/376/622 63/375/624 297/224/625 298/227/623
s off
f 277/230/626 47/437/627 295/218/628 300/506/629
f 295/218/630 62/197/631 282/505/632 300/506/633
f 282/196/634 64/377/635 299/228/636 300/231/637
s 3
f 198/234/246 24/237/249 302/236/248 301/429/247
f 302/236/248 65/262/274 303/259/271 301/429/247
f 303/422/271 66/258/270 304/232/244 301/235/247
f 155/238/250 20/241/253 306/240/252 305/239/251
f 306/240/252 67/266/278 307/263/275 305/239/251
f 307/263/275 65/262/274 302/236/248 305/239/251
f 143/242/254 16/245/257 309/244/256 308/427/255
f 309/244/256 68/270/282 310/267/279 308/427/255
f 310/420/279 67/266/278 306/240/252 308/243/255
f 131/246/258 12/233/245 304/232/244 311/247/259
f 304/232/244 66/258/270 312/271/283 311/247/259
f 312/271/283 68/270/282 309/244/256 311/247/259
f 208/249/261 9/26/26 314/251/263 313/425/262
f 314/251/263 70/278/290 315/275/287 313/425/262
f 315/418/287 69/274/286 316/248/260 313/250/262
f 126/25/25 13/38/38 318/253/265 317/252/264
f 318/253/265 71/282/294 319/279/291 317/252/264
f 319/279/291 70/278/290 314/251/263 317/252/264
f 136/37/37 17/50/50 321/255/267 320/423/266
f 321/255/267 72/286/298 322/283/295 320/423/266
f 322/416/295 71/282/294 318/253/265 320/254/266
f 149/49/49 21/62/62 316/248/260 323/256/268
f 316/248/260 69/274/286 324/287/299 323/256/268
f 324/287/299 72/286/298 321/255/267 323/256/268
f 303/259/271 65/262/274 326/261/273 325/421/272
f 326/261/273 73/497/638 199/498/639 325/421/272
f 199/499/639 74/500/640 327/257/269 325/260/272
f 307/263/275 67/266/278 329/265/277 328/264/276
f 329/265/277 75/495/641 200/496/642 328/264/276
f 200/496/642 73/497/638 326/261/273 328/264/276
f 310/267/279 68/270/282 331/269/281 330/419/280
f 331/269/281 76/492/643 201/493/644 330/419/280
f 201/494/644 75/495/641 329/265/277 330/268/280
f 312/271/283 66/258/270 327/257/269 332/272/284
f 327/257/269 74/500/640 202/491/645 332/272/284
f 202/491/645 76/492/643 331/269/281 332/272/284
f 315/275/287 70/278/290 334/277/289 333/417/288
f 334/277/289 78/490/646 209/488/647 333/417/288
f 209/489/647 77/482/648 335/273/285 333/276/288
f 319/279/291 71/282/294 337/281/293 336/280/292
f 337/281/293 79/487/649 210/486/650 336/280/292
f 210/486/650 78/490/646 334/277/289 336/280/292
f 322/283/295 72/286/298 339/285/297 338/415/296
f 339/285/297 80/485/651 211/483/652 338/415/296
f 211/484/652 79/487/649 337/281/293 338/284/296
f 324/287/299 69/274/286 335/273/285 340/288/300
f 335/273/285 77/482/648 212/481/653 340/288/300
f 212/481/653 80/485/651 339/285/297 340/288/300
s off
f 129/291/654 15/46/655 342/293/656 341/292/657
s 3
f 342/293/658 82/305/319 343/302/316 341/292/659
f 343/302/316 81/301/315 344/289/660 341/292/659
f 145/45/45 19/471/58 346/295/308 345/411/307
f 346/295/308 83/309/323 347/306/320 345/411/661
f 347/406/320 82/305/319 342/293/658 345/294/661
f 151/55/309 18/475/54 349/297/311 348/296/310
f 349/297/311 84/313/327 350/310/324 348/296/310
f 350/310/324 83/309/323 346/295/308 348/296/310
f 134/298/312 14/480/662 344/289/663 351/407/313
f 344/289/660 81/301/315 352/314/328 351/407/664
f 352/403/328 84/313/327 349/297/311 351/299/664
f 343/302/316 82/305/319 354/304/318 353/303/317
f 354/304/318 86/345/371 138/43/43 353/303/317
f 138/43/43 85/42/42 355/300/314 353/303/317
f 347/306/320 83/309/323 357/308/322 356/405/321
f 357/308/322 87/347/373 139/404/372 356/405/321
f 139/346/372 86/345/371 354/304/318 356/307/321
f 350/310/324 84/313/327 359/312/326 358/311/325
f 359/312/326 88/349/375 140/348/374 358/311/325
f 140/348/374 87/347/373 357/308/322 358/311/325
f 352/314/328 81/301/315 355/300/314 360/402/329
f 355/300/314 85/42/42 141/401/41 360/402/329
f 141/41/41 88/349/375 359/312/326 360/315/329
f 205/317/331 89/342/356 362/341/355 361/399/332
f 362/341/355 5/14/14 207/398/114 361/399/332
f 207/113/114 25/112/113 363/316/330 361/318/332
f 159/319/333 26/322/336 365/321/335 364/320/334
f 365/321/335 91/78/78 168/75/75 364/320/334
f 168/75/75 90/74/74 363/316/330 364/320/334
f 163/323/337 27/326/340 367/325/339 366/324/338
f 367/325/339 92/82/82 173/79/79 366/324/338
f 173/79/79 91/78/78 365/321/335 366/324/338
f 166/327/341 28/351/377 369/394/665 368/328/342
f 369/394/665 93/352/387 177/83/83 368/328/342
f 177/83/83 92/82/82 367/325/339 368/328/342
f 195/331/345 93/352/387 369/394/665 370/396/346
f 369/394/665 28/351/377 197/395/103 370/396/346
f 197/103/103 8/102/102 371/329/343 370/332/346
f 109/335/349 94/330/344 371/329/343 372/336/350
f 371/329/343 8/102/102 120/23/23 372/336/350
f 120/23/23 7/22/22 373/333/347 372/336/350
f 105/339/353 95/334/348 373/333/347 374/340/354
f 373/333/347 7/22/22 116/19/19 374/340/354
f 116/19/19 6/18/18 375/337/351 374/340/354
f 100/343/357 96/338/352 375/337/351 376/344/358
f 375/337/351 6/18/18 111/15/15 376/344/358
f 111/15/15 5/14/14 362/341/355 376/344/358
s 55
f 202/385/666 74/380/667 377/106/668 378/105/669
s off
f 74/380/670 199/379/671 379/107/672 377/106/673
f 199/379/674 73/378/675 381/358/676 379/107/677
s 56
f 73/378/678 200/504/679 382/503/680 381/358/681
f 200/382/679 75/381/682 383/360/683 382/359/680
s off
f 75/381/684 201/384/685 384/361/686 383/360/687
f 201/384/688 76/383/689 385/362/690 384/361/691
s 55
f 76/383/692 202/385/666 378/105/669 385/362/693
s 57
f 212/393/694 77/388/695 387/116/696 386/501/697
s off
f 77/388/698 209/387/699 388/117/700 387/116/701
f 209/387/702 78/386/703 390/363/704 388/117/705
s 58
f 78/386/706 210/390/707 391/364/708 390/363/709
f 210/390/707 79/389/710 392/365/711 391/364/708
s off
f 79/389/712 211/392/713 393/366/714 392/365/715
f 211/392/716 80/391/717 394/367/718 393/366/719
s 57
f 80/391/720 212/502/694 386/115/697 394/367/721
