# This file uses centimeters as units for non-parametric coordinates.

mtllib fall_frame.04.mtl
g default
v -12.569253 62.425678 -14.772402
v -9.574711 58.141579 -1.286116
v -1.612091 60.236443 11.324569
v 10.512985 64.037361 20.035110
v -16.659914 84.193520 -13.123202
v -18.132141 84.169609 2.040025
v -7.844574 86.276199 16.887379
v 6.759850 88.872299 20.655956
v -18.226099 111.037712 -13.567856
v -20.129869 106.716110 -1.678724
v -14.028630 110.234665 11.811467
v -5.090033 118.912422 16.054600
v -23.775688 118.351456 -18.493567
v -19.350700 126.588318 -4.808729
v -14.396014 129.228058 5.131700
v -8.075647 128.124023 19.588661
v -14.680931 117.405617 -24.279020
v -9.943766 129.699570 -12.265288
v -3.859463 133.275757 1.130582
v 2.575750 129.191254 17.305840
v -11.292309 111.795898 -17.569014
v -0.072147 113.341637 -12.482156
v 6.036902 116.857170 1.006362
v 2.175279 120.800529 13.064216
v -6.319160 85.806129 -20.603870
v 4.439591 87.806831 -12.128705
v 12.878080 89.571915 0.256830
v 17.360262 90.534546 13.020980
v -1.395697 58.392368 -18.135948
v -0.718431 51.461956 -6.589776
v 5.353933 52.044159 6.485382
v 17.699251 57.948273 12.100765
v -17.834311 33.591064 -30.334240
v -17.763649 30.131889 -23.529366
v -29.076376 33.914658 -21.719427
v -29.048573 37.215073 -28.561369
v 3.369262 33.742142 32.845436
v 10.337382 35.386810 35.984985
v 4.888809 42.914444 44.195072
v -2.072301 41.237377 41.062492
v -7.497439 9.023817 -47.797058
v -6.389132 7.577983 -40.831829
v -16.947296 6.040258 -39.774532
v -17.825884 6.634164 -46.965858
v 12.105472 5.309080 31.748911
v 19.062407 6.067320 34.403114
v 15.225225 5.575538 44.697479
v 8.192784 5.317833 42.074799
v -5.896901 3.046016 -49.251537
v -4.864069 2.270773 -40.602253
v -19.401680 0.501372 -37.430912
v -20.622528 0.853078 -49.124275
v 11.903561 -0.074157 30.674326
v 20.306992 0.334647 33.821251
v 16.284124 0.056444 48.225647
v 5.237707 -0.091042 44.137466
v -35.991772 4.531679 -46.232822
v -35.080875 4.529101 -36.987404
v -35.876232 0.980470 -46.244213
v -34.964573 0.978197 -36.999191
v 1.012732 4.528536 58.990944
v 9.729606 4.528537 62.203102
v 1.012731 0.975426 58.990948
v 9.729606 0.975428 62.203102
v 1.475745 101.654167 27.005125
v -9.254012 104.337387 28.827898
v 4.366928 108.306526 35.015915
v -6.243028 110.722504 36.826382
v -23.952772 89.043365 -20.200611
v -25.840536 94.987549 -12.872607
v -33.985725 99.169266 -18.572790
v -29.483913 93.228165 -26.431473
v -3.953067 81.029915 45.181702
v -13.136543 83.992882 46.725140
v -2.761329 83.270760 47.970730
v -11.944975 86.233803 49.514194
v -40.224628 71.645828 -5.793446
v -39.565796 77.598961 1.928436
v -42.672684 79.411530 0.796130
v -43.331520 73.458397 -6.925753
v -26.890011 132.684723 1.860945
v -14.240048 135.225967 10.103149
v -5.103227 143.779205 -0.651816
v -23.156424 140.461838 -11.811935
v -33.229004 149.381653 13.086894
v -19.912819 151.284653 19.406858
v -16.318901 163.929474 7.210599
v -29.012978 162.115372 1.185892
v -13.357976 66.676544 -11.621058
v -2.670819 65.739388 -17.973547
v 5.567778 65.243301 -8.889164
v 12.224518 66.110809 -0.063121
v 18.470869 67.303947 11.119925
v 8.710113 68.711678 18.963768
v -2.338993 67.246513 12.517431
v -11.148472 66.107285 0.605967
v -12.779471 63.568565 -6.785347
v -13.375415 60.761955 -8.824059
v -10.498129 62.216267 -0.102583
v -13.601264 66.443230 -5.841403
v -12.173832 64.619759 -12.813084
v -6.420644 62.653393 6.263035
v -7.124835 58.677280 6.177554
v -1.376595 64.012840 12.007360
v -6.799347 66.447586 6.671546
v 4.129512 65.697319 16.448490
v 4.799631 63.534458 17.869720
v 9.972083 66.190086 18.668993
v 3.078430 68.260292 16.913544
v -18.659861 95.041832 -8.476677
v -18.560699 83.942017 -6.541099
v -18.736118 95.015526 -0.831790
v -20.346788 106.845947 -9.430342
v -17.141623 95.411064 -14.337562
v -14.240809 95.617554 7.540151
v -13.678156 85.105736 9.956355
v -9.829488 98.574936 15.371350
v -16.026613 108.843597 4.519274
v -3.542259 100.907845 18.818985
v -0.015654 87.703796 20.156593
v 1.932624 102.878227 20.488787
v -8.429670 113.456390 16.397089
v -22.524017 116.875618 -9.671529
v -21.391195 119.403458 -3.355420
v -23.239166 124.602524 -12.765462
v -22.812437 114.359291 -15.325713
v -18.567101 120.245552 2.666402
v -16.051970 122.481712 8.464731
v -18.295179 128.969650 1.576215
v -12.008547 122.903076 13.852621
v -8.405513 123.220848 18.748209
v -12.289644 131.112823 12.799213
v -18.517559 127.638039 -16.352324
v -16.159700 130.470016 -8.377960
v -12.637472 126.538841 -20.464487
v -19.484058 118.555687 -21.797987
v -27.869810 156.140091 17.235146
v -26.686689 150.093994 16.562838
v -18.293316 157.818497 16.614891
v -22.346964 164.687866 3.024682
v -34.427742 155.503128 8.973392
v -7.133534 134.628021 10.634444
v -2.859753 129.392548 18.676601
v -0.049182 134.669250 9.774008
v -9.933504 133.498962 2.830651
v -7.955101 120.415840 -18.955753
v -4.971593 124.698181 -13.227508
v -4.602215 111.349289 -18.071539
v -11.656653 113.360275 -21.859756
v -1.923572 126.493713 -6.478741
v -8.392920 134.820343 -6.821054
v 1.154019 128.242737 0.364645
v 2.987887 115.075508 -5.756753
v 3.631650 127.918236 8.074406
v 4.184526 124.506577 15.199958
v 7.440289 118.632996 8.638330
v -1.493833 99.466324 -17.918968
v 3.346547 100.938278 -11.899172
v -0.596587 86.809052 -18.017130
v -7.121432 97.682503 -20.374790
v 6.903678 102.417099 -5.323803
v 10.337825 103.764458 1.129037
v 8.788067 88.721764 -5.861332
v 12.833777 105.191612 8.261692
v 12.223660 105.551163 14.748477
v 16.612957 90.310112 6.763207
v 2.379543 60.601295 -13.879649
v 2.098042 65.304955 -14.648470
v 5.007528 60.061436 -8.103936
v 1.658646 56.118099 -13.911312
v -1.409467 61.905849 -17.563822
v 7.296448 59.990452 -3.249989
v 8.678783 65.823746 -4.436727
v 11.013177 60.571129 0.890570
v 5.370862 54.445839 -1.987307
v 15.818572 61.092838 5.751441
v 16.631289 66.467476 5.381871
v 18.332422 62.317680 10.858012
v 14.421332 56.012363 7.523509
v -11.408759 1.662752 -44.274200
v -2.888388 3.036611 -45.208347
v -10.726330 1.324367 -38.519260
v -20.016777 0.652335 -43.269344
v -12.059599 2.180279 -50.118790
v -7.585097 56.033306 5.822467
v 0.900318 49.025703 18.515797
v -11.198812 45.290089 -10.169158
v 13.862704 0.033016 38.109489
v 16.961311 0.172570 30.043770
v 19.393400 0.248370 40.164543
v 10.756051 -0.016310 46.181286
v 8.388523 -0.171814 36.059219
v 15.404422 64.300270 15.486648
v 15.370899 61.032368 16.588779
v 14.873734 68.137527 15.965878
v 8.220798 103.969376 19.280350
v 13.490629 89.951782 18.269520
v -1.839150 118.771713 14.852368
v -8.916281 82.093369 45.403389
v -2.572367 81.651787 46.164974
v -7.458930 84.833649 48.814034
v -13.802737 85.275177 48.052429
v -6.765286 63.523197 -16.623182
v -6.761018 60.807133 -17.844311
v -8.392249 66.293404 -16.361496
v -12.776450 95.448433 -19.087879
v -12.455419 84.817375 -18.826889
v -14.913669 110.133522 -14.859848
v -39.249535 74.333496 -1.593541
v -40.746372 79.081749 2.435582
v -43.048882 76.550049 -2.978214
v -41.552044 71.801796 -7.007337
v -6.509718 43.530544 -19.702881
v -8.941391 41.800243 -15.803392
v -16.689093 31.492430 -26.941809
v -8.904011 45.778690 -24.242786
v -14.579947 43.630821 -12.980839
v -20.443901 46.841255 -13.689696
v -23.806475 31.400305 -21.275072
v -21.866573 50.329990 -16.911146
v -20.375891 50.953915 -22.229591
v -31.320610 36.375465 -24.604364
v -14.551195 49.037884 -24.357378
v -23.903158 35.891266 -30.385170
v 10.643754 44.336727 19.894730
v 13.999115 46.023212 23.888577
v 7.184601 33.870106 33.633560
v 5.633504 44.076786 20.016483
v 12.223718 50.588295 28.219072
v 8.262272 54.516705 31.793566
v 8.344977 39.562302 40.832581
v 3.127141 55.441021 30.248644
v -0.095734 52.606441 27.944164
v 0.256024 43.476768 44.049759
v 1.272548 48.088314 23.208981
v -0.733028 37.380646 36.695724
v -10.451941 23.300404 -35.584934
v -11.621717 20.972519 -31.835939
v -4.896771 8.707846 -44.513176
v -13.553517 24.694052 -38.865540
v -17.170557 17.989403 -30.459440
v -23.493488 16.562042 -31.349371
v -11.150529 6.453224 -39.225105
v -26.291691 17.270439 -34.876568
v -25.422066 20.151699 -38.303989
v -20.400080 6.062593 -43.085899
v -19.779785 22.856855 -39.772762
v -12.537622 8.015103 -48.616928
v 11.677040 22.196159 31.200109
v 14.704177 23.453711 34.612701
v 16.291821 5.748057 31.236919
v 7.141363 21.415508 31.598608
v 13.572795 23.176912 41.136497
v 10.182855 22.614702 46.770905
v 18.324373 5.925874 39.696598
v 5.779397 21.142250 47.094662
v 2.638054 20.692978 43.763023
v 10.691460 5.458352 46.174915
v 3.698837 20.599600 37.234173
v 9.208006 5.122053 36.240318
v -3.223487 5.940717 -44.983559
v -5.146675 5.039460 -40.438488
v -6.252930 6.044667 -49.009594
v -10.962680 4.006260 -38.397411
v -19.600168 3.287491 -37.331795
v -37.637455 4.187626 -41.403114
v -35.567677 5.504045 -41.607174
v -38.216160 4.187625 -47.272987
v -35.388866 0.008105 -41.624802
v -37.058750 4.187626 -35.533249
v -12.376008 5.099425 -49.909584
v -20.831364 3.657623 -49.013477
v 16.876934 3.013552 30.039890
v 20.215467 3.225559 33.820541
v 11.830425 2.692304 30.665754
v 19.317879 3.121829 40.163681
v 16.246859 2.863192 48.222588
v 4.637547 4.253666 62.587872
v 5.371170 5.501422 60.597023
v -0.896972 4.253665 60.548412
v 5.371170 0.002541 60.597027
v 10.172063 4.253667 64.627335
v 8.338542 2.562065 36.049889
v 5.203642 2.711920 44.134354
v -27.967918 5.717037 -42.340084
v -28.482515 5.755968 -47.524048
v -27.456644 5.683068 -37.153534
v -28.432959 3.076040 -48.232616
v -28.311924 0.267555 -48.259293
v -27.724777 0.231825 -42.399105
v -27.140244 0.195334 -36.531437
v -27.264978 2.996674 -36.502483
v 8.028012 5.498064 53.387074
v 3.138324 5.492445 51.584591
v 12.918288 5.501502 55.189442
v 2.497799 2.803287 51.347309
v 2.502590 -0.010777 51.347530
v 8.035191 -0.002336 53.387474
v 13.565750 0.003871 55.427113
v 13.563720 2.815966 55.426945
v -3.403944 111.090858 20.829006
v 1.312597 111.312531 20.949463
v -4.374092 101.958382 26.714294
v -7.556808 112.579453 22.719769
v 3.134353 113.772194 23.792435
v 3.091789 117.036362 27.506203
v 4.049171 104.459732 30.479954
v -1.266399 118.184097 28.779160
v -5.869681 118.311089 29.138931
v -0.762902 109.883369 36.503918
v -7.737280 115.380394 25.901171
v -9.029217 107.585205 32.706310
v -21.271694 101.602997 -14.702860
v -25.348539 103.802345 -13.778404
v -24.123388 91.213364 -15.987270
v -18.216591 100.263542 -17.994415
v -27.762012 105.516373 -16.959904
v -28.842516 106.808601 -21.581488
v -29.980597 97.700005 -14.342115
v -25.448154 105.418465 -24.323765
v -21.584692 103.308311 -25.810246
v -32.558441 96.311295 -23.309702
v -18.966145 101.213531 -22.069744
v -26.103008 90.477264 -23.515556
v -6.630846 94.553459 32.059849
v -1.186424 94.055740 32.524200
v -10.805195 97.095848 34.141792
v 1.178760 96.280525 35.485641
v 1.891446 99.892120 39.758053
v -2.857238 101.660019 40.905224
v -7.725680 102.903641 41.376186
v -10.597359 99.970879 37.466793
v -27.594366 84.763786 -11.225293
v -28.712845 88.642021 -7.808414
v -29.223560 82.465874 -15.844030
v -32.152012 91.373718 -8.215658
v -36.763050 93.229500 -11.016250
v -37.242016 90.290459 -15.387937
v -36.731815 86.940544 -19.433487
v -32.491192 83.789192 -18.177219
v -21.087061 127.385521 5.612878
v -13.308881 133.871094 4.628398
v -21.745253 132.332199 8.037663
v -20.766268 131.264389 -4.620140
v -9.341246 135.754044 4.105791
v -7.378236 137.271454 -0.873225
v -7.505629 139.966812 6.248245
v -10.042967 138.226593 -7.618177
v -14.772134 134.657394 -10.129937
v -13.569681 142.517426 -7.001274
v -19.820303 132.112045 -8.704938
v -27.038137 136.057785 -6.539332
v -24.835606 142.018906 14.845484
v -14.894391 146.306259 18.164877
v -34.179249 143.550278 9.012133
v -11.031267 152.501038 11.826701
v -9.800877 156.715530 4.063466
v -18.683575 156.479233 -2.222398
v -28.906635 153.985153 -5.004276
v -33.110218 149.345779 1.347860
v -11.424688 75.466515 -17.747076
v -15.809784 75.419601 -12.186162
v -5.384119 75.788986 -19.776150
v 0.242232 76.393211 -17.041716
v 4.965044 76.802254 -11.241665
v 9.036914 77.859413 -5.697460
v 13.058447 77.805534 -0.112392
v 17.092066 78.416870 6.170630
v 18.169109 78.574371 12.404800
v 14.170453 78.505074 17.535568
v 7.524606 78.166313 20.166222
v 1.292166 78.314980 18.822371
v -3.996521 77.239395 15.227823
v -9.675530 77.630135 7.870261
v -14.823217 75.923599 0.271739
v -16.652115 76.138725 -5.921917
v -15.471933 73.600929 55.769073
v -16.174387 75.028816 57.254913
v -10.779070 71.759659 54.607853
v -10.068750 73.095284 56.270229
v -5.513278 70.387833 54.095356
v -3.996169 71.099594 55.208160
v -4.172042 72.909782 57.234257
v -9.265194 74.606224 58.150784
v -14.130697 76.122879 58.907974
v -49.412102 62.715031 0.120470
v -47.920807 62.515644 1.455701
v -47.166538 65.606964 5.899567
v -48.975281 66.662193 5.240372
v -47.206375 68.971169 9.829234
v -48.538445 70.609360 10.360271
v -50.703018 71.011124 8.554877
v -51.113247 67.909500 4.461184
v -51.417442 64.555595 0.181351
vt 0.208431 0.494797
vt 0.208575 0.478116
vt 0.229443 0.475893
vt 0.229271 0.493426
vt 0.252729 0.492198
vt 0.256170 0.471571
vt 0.275357 0.475888
vt 0.275429 0.493819
vt 0.298111 0.492176
vt 0.294163 0.471736
vt 0.321331 0.475953
vt 0.321541 0.493432
vt 0.198757 0.641525
vt 0.200055 0.589825
vt 0.221664 0.590600
vt 0.219751 0.640956
vt 0.244967 0.639373
vt 0.247968 0.591507
vt 0.275466 0.591669
vt 0.275481 0.635804
vt 0.305994 0.639365
vt 0.302966 0.591494
vt 0.329276 0.590573
vt 0.331197 0.640955
vt 0.199789 0.728809
vt 0.197393 0.704590
vt 0.219517 0.692482
vt 0.227784 0.730211
vt 0.252859 0.733034
vt 0.249003 0.687406
vt 0.275511 0.688085
vt 0.275516 0.730408
vt 0.298175 0.733010
vt 0.302021 0.687396
vt 0.331536 0.692451
vt 0.323246 0.730162
vt 0.805511 0.686057
vt 0.204711 0.752714
vt 0.229559 0.760254
vt 0.782889 0.696424
vt 0.784986 0.875584
vt 0.254181 0.941082
vt 0.275435 0.940431
vt 0.742298 0.896742
vt 0.699334 0.736241
vt 0.297037 0.807427
vt 0.321459 0.760204
vt 0.696358 0.696343
vt 0.808954 0.641287
vt 0.805193 0.664541
vt 0.784300 0.671779
vt 0.785729 0.644267
vt 0.763331 0.647822
vt 0.762442 0.673765
vt 0.742276 0.741120
vt 0.739609 0.647377
vt 0.715889 0.647774
vt 0.716786 0.673709
vt 0.694936 0.671695
vt 0.693494 0.644181
vt 0.806875 0.557726
vt 0.810121 0.617205
vt 0.790367 0.607046
vt 0.787575 0.557696
vt 0.763367 0.556090
vt 0.764746 0.603486
vt 0.739627 0.603152
vt 0.739688 0.556093
vt 0.716014 0.556064
vt 0.714496 0.603455
vt 0.688836 0.606971
vt 0.691820 0.557642
vt 0.803405 0.420481
vt 0.802841 0.435733
vt 0.782960 0.432290
vt 0.783371 0.416064
vt 0.759505 0.410786
vt 0.759570 0.428509
vt 0.739756 0.426992
vt 0.739743 0.409699
vt 0.720007 0.410786
vt 0.719946 0.428500
vt 0.696571 0.432245
vt 0.696182 0.416016
vt 0.819305 0.093413
vt 0.797386 0.086157
vt 0.790779 0.072322
vt 0.822344 0.073237
vt 0.265809 0.416173
vt 0.762697 0.377789
vt 0.739788 0.389948
vt 0.275377 0.462947
vt 0.364323 0.097210
vt 0.342669 0.089884
vt 0.336664 0.075169
vt 0.367299 0.076188
vt 0.342559 0.494848
vt 0.342402 0.478170
vt 0.366070 0.480227
vt 0.366198 0.495669
vt 0.352247 0.641476
vt 0.350872 0.589816
vt 0.374237 0.588973
vt 0.374011 0.638442
vt 0.936729 0.462892
vt 0.940585 0.464321
vt 0.946953 0.476690
vt 0.936605 0.482861
vt 0.804780 0.405462
vt 0.824266 0.410023
vt 0.823186 0.423812
vt 0.805355 0.509178
vt 0.825584 0.509339
vt 0.825621 0.554997
vt 0.118742 0.522844
vt 0.058006 0.517789
vt 0.074507 0.510871
vt 0.084702 0.516921
vt 0.822269 0.350445
vt 0.784755 0.399833
vt 0.805305 0.347137
vt 0.793942 0.336256
vt 0.777469 0.322538
vt 0.236211 0.409364
vt 0.220899 0.415267
vt 0.203041 0.415110
vt 0.182178 0.419746
vt 0.685950 0.336155
vt 0.717407 0.377787
vt 0.694840 0.399772
vt 0.674409 0.347030
vt 0.657366 0.350391
vt 0.674734 0.405426
vt 0.637625 0.358046
vt 0.347747 0.415166
vt 0.329799 0.415381
vt 0.314324 0.409429
vt 0.706215 0.336018
vt 0.292514 0.404556
vt 0.870618 0.237836
vt 0.844433 0.293934
vt 0.832214 0.287148
vt 0.858351 0.228645
vt 0.844944 0.223065
vt 0.821107 0.280742
vt 0.243727 0.342391
vt 0.826584 0.212775
vt 0.214622 0.282882
vt 0.224361 0.346790
vt 0.210147 0.349538
vt 0.199596 0.284960
vt 0.184434 0.288656
vt 0.194986 0.352422
vt 0.864110 0.304875
vt 0.163133 0.290367
vt 0.634803 0.222910
vt 0.658751 0.280554
vt 0.647480 0.287052
vt 0.621343 0.228556
vt 0.609012 0.237734
vt 0.635143 0.293889
vt 0.375465 0.356065
vt 0.590820 0.249121
vt 0.366326 0.288752
vt 0.355651 0.352469
vt 0.340563 0.349608
vt 0.351134 0.285011
vt 0.336042 0.282967
vt 0.326383 0.346874
vt 0.678330 0.268182
vt 0.315081 0.275917
vt 0.789900 0.091626
vt 0.894734 0.181072
vt 0.223763 0.023658
vt 0.779683 0.072008
vt 0.205625 0.023651
vt 0.212375 0.030485
vt 0.208733 0.046428
vt 0.818124 0.043214
vt 0.919973 0.054113
vt 0.218394 0.124576
vt 0.231547 0.124829
vt 0.925982 0.076298
vt 0.853028 0.105343
vt 0.173602 0.224408
vt 0.245023 0.044913
vt 0.815784 0.102925
vt 0.335499 0.095534
vt 0.609223 0.166963
vt 0.147562 0.023794
vt 0.325939 0.074804
vt 0.129108 0.019171
vt 0.133886 0.026698
vt 0.125138 0.040618
vt 0.363323 0.044920
vt 0.461211 0.056389
vt 0.114656 0.083148
vt 0.128082 0.110700
vt 0.466974 0.079440
vt 0.396801 0.109583
vt 0.345740 0.218419
vt 0.158805 0.046562
vt 0.361009 0.107136
vt 0.212264 0.093809
vt 0.204982 0.218327
vt 0.226791 0.056935
vt 0.229179 0.093286
vt 0.246067 0.092223
vt 0.255137 0.092099
vt 0.884191 0.095549
vt 0.853655 0.095653
vt 0.854753 0.074189
vt 0.884265 0.075061
vt 0.885799 0.054616
vt 0.855335 0.052709
vt 0.203340 0.068369
vt 0.888472 0.044995
vt 0.116537 0.064410
vt 0.377147 0.224500
vt 0.136900 0.057215
vt 0.135301 0.068971
vt 0.159593 0.072808
vt 0.169578 0.075371
vt 0.426769 0.099419
vt 0.397393 0.099512
vt 0.398467 0.077209
vt 0.426850 0.078134
vt 0.428347 0.056895
vt 0.399054 0.054890
vt 0.111199 0.052142
vt 0.430928 0.046902
vt 0.398347 0.732496
vt 0.353774 0.704759
vt 0.655189 0.607952
vt 0.404645 0.715309
vt 0.625247 0.642548
vt 0.669008 0.617360
vt 0.670290 0.641156
vt 0.629866 0.657272
vt 0.633967 0.675274
vt 0.674058 0.664432
vt 0.345812 0.774768
vt 0.637449 0.692485
vt 0.387906 0.765553
vt 0.346295 0.752641
vt 0.351218 0.728717
vt 0.392980 0.747350
vt 0.854032 0.642643
vt 0.181252 0.694641
vt 0.859345 0.625630
vt 0.152631 0.732602
vt 0.157999 0.747449
vt 0.163074 0.765647
vt 0.167481 0.783084
vt 0.845329 0.675366
vt 0.849419 0.657366
vt 0.462802 0.754848
vt 0.433121 0.744888
vt 0.586158 0.633072
vt 0.469035 0.736153
vt 0.562716 0.661102
vt 0.591598 0.653084
vt 0.596668 0.669873
vt 0.567525 0.676181
vt 0.573571 0.695803
vt 0.602326 0.689166
vt 0.414557 0.801264
vt 0.575415 0.714705
vt 0.450039 0.789809
vt 0.420413 0.781867
vt 0.427222 0.762131
vt 0.457315 0.770152
vt 0.916571 0.661069
vt 0.887682 0.653104
vt 0.112049 0.724515
vt 0.922852 0.642462
vt 0.088177 0.754903
vt 0.117860 0.744959
vt 0.123753 0.762207
vt 0.093657 0.770210
vt 0.100926 0.789871
vt 0.130556 0.781946
vt 0.872833 0.708772
vt 0.104321 0.808576
vt 0.905760 0.695791
vt 0.876995 0.689207
vt 0.882631 0.669903
vt 0.911782 0.676158
vt 0.245118 0.820265
vt 0.256063 0.761423
vt 0.275458 0.816348
vt 0.275456 0.817082
vt 0.305796 0.819611
vt 0.322444 0.827635
vt 0.716707 0.746651
vt 0.742277 0.751635
vt 0.767846 0.746640
vt 0.232576 0.815700
vt 0.789238 0.746868
vt 0.242805 0.909093
vt 0.242913 0.847487
vt 0.275453 0.850080
vt 0.275444 0.899369
vt 0.308078 0.909112
vt 0.307992 0.847504
vt 0.685718 0.768892
vt 0.335635 0.923345
vt 0.710517 0.826756
vt 0.709025 0.772272
vt 0.742280 0.767854
vt 0.742288 0.823907
vt 0.774059 0.826743
vt 0.775535 0.772258
vt 0.216918 0.852154
vt 0.800161 0.835727
vt 0.803587 0.472219
vt 0.184266 0.511368
vt 0.823748 0.473030
vt 0.786007 0.508646
vt 0.783967 0.470951
vt 0.760849 0.468488
vt 0.762764 0.507838
vt 0.739729 0.507585
vt 0.739749 0.469813
vt 0.718652 0.468468
vt 0.716699 0.507812
vt 0.693463 0.508589
vt 0.695538 0.470900
vt 0.347089 0.550471
vt 0.343449 0.511536
vt 0.656251 0.437958
vt 0.370672 0.549455
vt 0.305626 0.550928
vt 0.300328 0.509969
vt 0.323635 0.511057
vt 0.326613 0.553291
vt 0.245263 0.550946
vt 0.250519 0.509979
vt 0.275426 0.509223
vt 0.275447 0.553833
vt 0.203857 0.550446
vt 0.207534 0.511493
vt 0.227207 0.511082
vt 0.224277 0.553331
vt 0.296688 0.941095
vt 0.317831 0.963343
vt 0.722395 0.859395
vt 0.742293 0.859091
vt 0.762190 0.859387
vt 0.672412 0.557619
vt 0.673996 0.509116
vt 0.676597 0.435714
vt 0.676064 0.420456
vt 0.798456 0.058765
vt 0.820876 0.052919
vt 0.343747 0.061021
vt 0.365907 0.055032
vt 0.963235 0.483911
vt 0.902883 0.489040
vt 0.909072 0.482168
vt 0.925033 0.475729
vt 0.931354 0.463643
vt 0.080884 0.498420
vt 0.084741 0.496992
vt 0.090126 0.497750
vt 0.096539 0.509638
vt 0.112499 0.516024
vt 0.245369 0.109349
vt 0.249130 0.116712
vt 0.914174 0.091435
vt 0.914507 0.075957
vt 0.915392 0.060496
vt 0.143488 0.116794
vt 0.145270 0.126440
vt 0.455609 0.095160
vt 0.455938 0.079081
vt 0.456800 0.063019
vt 0.982240 0.434188
vt 0.963585 0.427947
vt 0.946509 0.423110
vt 0.890921 0.433118
vt 0.882130 0.436526
vt 0.926679 0.423006
vt 0.909612 0.427375
vt 0.937930 0.422313
vt 0.075163 0.457134
vt 0.058225 0.461798
vt 0.039557 0.467684
vt 0.094859 0.456979
vt 0.083682 0.456346
vt 0.130564 0.466891
vt 0.111877 0.461251
vt 0.033116 0.470128
vt 0.675805 0.472192
vt 0.653419 0.509254
vt 0.655248 0.472962
vt 0.367019 0.511392
vt 0.176921 0.588998
vt 0.180547 0.549455
vt 0.822760 0.437993
vt 0.233028 0.963316
vt 0.215241 0.923308
vt 0.798841 0.768868
vt 0.699605 0.875602
vt 0.684417 0.835751
vt 0.333987 0.852188
vt 0.228471 0.827609
vt 0.254212 0.785439
vt 0.759269 0.697501
vt 0.785216 0.736222
vt 0.695315 0.746888
vt 0.719972 0.697428
vt 0.296799 0.785396
vt 0.318344 0.815723
vt 0.903939 0.714697
vt 0.136407 0.801345
vt 0.081951 0.736203
vt 0.893090 0.633076
vt 0.446638 0.808511
vt 0.606509 0.708725
vt 0.556410 0.642507
vt 0.438944 0.724452
vt 0.841861 0.692578
vt 0.205190 0.774839
vt 0.146366 0.715395
vt 0.823906 0.608060
vt 0.383498 0.782992
vt 0.673752 0.685953
vt 0.619881 0.625562
vt 0.369876 0.694574
vt 0.624476 0.158216
vt 0.327082 0.211968
vt 0.653476 0.212425
vt 0.306569 0.342322
vt 0.153133 0.050558
vt 0.361352 0.222428
vt 0.125968 0.045756
vt 0.396618 0.225899
vt 0.569871 0.190223
vt 0.388031 0.290471
vt 0.615162 0.304972
vt 0.596954 0.173816
vt 0.584932 0.180968
vt 0.909456 0.190131
vt 0.154402 0.225852
vt 0.888489 0.249012
vt 0.175675 0.355943
vt 0.241882 0.047343
vt 0.189385 0.222364
vt 0.213528 0.046751
vt 0.223402 0.212053
vt 0.855547 0.158550
vt 0.235225 0.276013
vt 0.801766 0.268578
vt 0.882733 0.173912
vt 0.870470 0.167071
vt 0.702590 0.322102
vt 0.284431 0.416033
vt 0.369025 0.419829
vt 0.654789 0.409992
vt 0.841623 0.358035
vt 0.185243 0.480200
vt 0.257695 0.404697
vt 0.773758 0.336466
vt 0.177136 0.638471
vt 0.185108 0.495641
vt 0.653403 0.554919
vt 0.655840 0.423782
vt 0.740026 0.329135
vt 0.739609 0.679991
vt 0.717946 0.727940
vt 0.321543 0.784229
vt 0.275425 0.981496
vt 0.229466 0.784279
vt 0.766602 0.727930
vt 0.275513 0.766895
vt 0.294962 0.761394
vt 0.158494 0.031032
vt 0.235614 0.029385
vt 0.253884 0.807420
vt 0.968218 0.693073
vt 0.970279 0.686813
vt 0.964692 0.720144
vt 0.041234 0.817480
vt 0.965692 0.701614
vt 0.035620 0.790589
vt 0.038855 0.799577
vt 0.026837 0.766821
vt 0.976742 0.669618
vt 0.033170 0.783659
vt 0.515345 0.790561
vt 0.512107 0.799546
vt 0.509721 0.817448
vt 0.514670 0.720260
vt 0.513647 0.701731
vt 0.511110 0.693195
vt 0.509040 0.686939
vt 0.502555 0.669755
vt 0.524137 0.766797
vt 0.517798 0.783632
vt 0.052820 0.522857
vt 0.139366 0.470253
vt 0.968347 0.489050
vt 0.988625 0.436785
vt 0.108883 0.091107
vt 0.106409 0.062482
vt 0.399209 0.044805
vt 0.459518 0.102060
vt 0.428604 0.109556
vt 0.167704 0.057128
vt 0.215342 0.132259
vt 0.203222 0.094543
vt 0.855471 0.043005
vt 0.918242 0.098075
vt 0.886101 0.105305
vt 0.255511 0.067846
vt 0.169019 0.047690
vt 0.166893 0.025823
vt 0.125973 0.120002
vt 0.337008 0.054912
vt 0.115292 0.038211
vt 0.149847 0.015689
vt 0.254586 0.043904
vt 0.241676 0.021944
vt 0.231922 0.132778
vt 0.791425 0.052872
vt 0.199112 0.046316
vt 0.223332 0.014444
vn -0.968946 0.239926 -0.059834
vn -0.968945 0.239926 -0.059834
vn -0.988226 0.011891 0.152537
vn -0.965305 -0.092258 0.244284
vn -0.910514 -0.143833 0.387656
vn -0.892811 -0.044639 0.448215
vn -0.850091 0.073934 0.521420
vn -0.897948 -0.092281 0.430318
vn -0.700621 0.031206 0.712851
vn -0.812511 0.259517 0.521993
vn -0.547298 0.236012 0.802972
vn -0.610125 0.155307 0.776935
vn -0.836493 -0.041170 -0.546429
vn -0.887873 -0.112616 -0.446094
vn -0.989263 -0.131780 -0.063187
vn -0.986439 -0.081948 -0.142207
vn -0.961970 -0.029584 0.271547
vn -0.923687 -0.165327 0.345644
vn -0.809552 -0.189031 0.555781
vn -0.868764 -0.014005 0.495029
vn -0.698605 -0.025303 0.715060
vn -0.627905 -0.158146 0.762054
vn -0.294457 -0.072843 0.952885
vn -0.361822 0.031843 0.931703
vn -0.917039 0.071849 0.392271
vn -0.975621 -0.164883 0.144837
vn -0.981250 -0.148926 -0.122350
vn -0.988586 -0.086768 0.123162
vn -0.950650 0.021912 0.309490
vn -0.946748 -0.087217 0.309937
vn -0.890887 -0.075338 0.447933
vn -0.911999 0.014624 0.409931
vn -0.870863 0.058954 0.487978
vn -0.809391 -0.059772 0.584220
vn -0.484787 0.033600 0.873987
vn -0.769002 0.023979 0.638796
vn -0.447233 0.409021 -0.795414
vn -0.847477 0.370364 -0.380281
vn -0.893281 0.444039 -0.069849
vn -0.435457 0.777423 -0.453863
vn -0.846213 0.511162 0.150456
vn -0.814662 -0.137722 0.563346
vn -0.405113 -0.152275 0.901496
vn -0.404054 0.639439 0.654109
vn -0.153125 0.962670 0.223203
vn -0.832688 0.448049 0.325397
vn -0.693617 0.581805 0.424733
vn -0.193532 0.952900 0.233511
vn 0.639387 -0.247339 -0.728016
vn 0.142151 0.186129 -0.972188
vn 0.156503 0.644287 -0.748600
vn 0.664824 0.242339 -0.706598
vn 0.728776 0.414136 -0.545322
vn 0.400626 0.703295 -0.587261
vn 0.663980 0.589022 -0.460635
vn 0.769422 0.441958 -0.461153
vn 0.805020 0.469183 -0.363056
vn 0.579248 0.769872 -0.267898
vn 0.476037 0.876571 0.070801
vn 0.896608 0.421459 -0.135890
vn -0.014972 0.083264 -0.996415
vn 0.335163 -0.200705 -0.920534
vn 0.548841 0.151512 -0.822081
vn 0.565321 0.114667 -0.816862
vn 0.803549 0.146203 -0.577003
vn 0.796648 0.246980 -0.551681
vn 0.836699 0.284751 -0.467816
vn 0.842140 0.189883 -0.504722
vn 0.866145 0.245332 -0.435437
vn 0.869520 0.320172 -0.376065
vn 0.921032 0.389483 0.001866
vn 0.932811 0.336700 -0.128439
vn 0.438174 -0.031019 -0.898355
vn 0.204856 -0.127572 -0.970443
vn 0.737810 -0.045130 -0.673498
vn 0.816120 -0.066403 -0.574055
vn 0.863060 -0.171504 -0.475093
vn 0.832983 -0.090163 -0.545903
vn 0.805099 -0.131478 -0.578385
vn 0.796022 -0.261024 -0.546091
vn 0.740997 -0.248998 -0.623637
vn 0.787969 -0.111059 -0.605617
vn 0.879133 -0.056040 -0.473270
vn 0.824605 -0.168865 -0.539917
vn 0.135002 -0.987013 -0.087062
vn 0.149429 -0.982891 -0.107682
vn 0.145112 -0.984583 -0.097669
vn 0.126204 -0.988942 -0.077884
vn -0.089042 -0.728570 0.679159
vn 0.355828 -0.860619 0.364308
vn 0.358162 -0.928770 -0.095427
vn -0.567676 -0.758230 0.320675
vn 0.029666 -0.999531 0.007562
vn 0.042401 -0.999095 0.003229
vn 0.043511 -0.999053 -0.000026
vn 0.032672 -0.999465 0.001695
vn 0.621247 0.372156 0.689602
vn 0.621247 0.372156 0.689602
vn 0.621247 0.372156 0.689602
vn 0.621247 0.372156 0.689602
vn 0.015381 0.148121 0.988850
vn 0.107053 -0.005406 0.994239
vn 0.573859 0.080729 0.814966
vn 0.431325 0.264702 0.862491
vn -0.130397 -0.744952 0.654250
vn -0.130398 -0.744955 0.654246
vn -0.130398 -0.744955 0.654247
vn -0.130397 -0.744952 0.654250
vn -0.006423 0.276606 -0.960962
vn -0.006423 0.276606 -0.960962
vn -0.006423 0.276606 -0.960962
vn -0.006423 0.276606 -0.960962
vn 0.087680 -0.032295 -0.995625
vn -0.556248 -0.092027 -0.825905
vn -0.518080 0.022778 -0.855029
vn -0.562720 -0.630770 0.534299
vn -0.562719 -0.630771 0.534300
vn -0.562719 -0.630771 0.534300
vn -0.562720 -0.630770 0.534299
vn 0.783530 -0.272457 -0.558434
vn 0.779838 -0.206023 -0.591107
vn 0.847861 -0.447849 -0.283835
vn 0.837832 -0.478283 -0.263217
vn 0.172898 -0.696198 0.696717
vn 0.171189 -0.685510 0.707651
vn -0.628429 -0.107598 0.770389
vn -0.853782 0.382387 0.353321
vn -0.861630 0.443493 0.246795
vn -0.166257 0.542708 -0.823303
vn -0.173131 0.590159 -0.788504
vn -0.173131 0.590159 -0.788504
vn -0.167139 0.548681 -0.819155
vn 0.191931 -0.791689 -0.579992
vn 0.271822 -0.784114 -0.557924
vn 0.525667 -0.711390 -0.466475
vn 0.468289 -0.737435 -0.486718
vn 0.935713 0.071207 0.345502
vn 0.930192 0.088273 0.356302
vn 0.930192 0.088273 0.356302
vn 0.936224 0.069558 0.344452
vn -0.072260 0.776339 0.626160
vn -0.161605 0.809491 0.564454
vn -0.530390 0.725304 0.438885
vn -0.457484 0.733985 0.501970
vn -0.948067 0.290693 0.129097
vn -0.780468 -0.606558 -0.151516
vn -0.979963 -0.167916 -0.107126
vn 0.347095 0.633989 -0.691074
vn 0.344465 0.710294 -0.613861
vn 0.884852 0.434452 0.168193
vn 0.902146 0.431169 -0.015031
vn 0.675806 -0.186152 0.713186
vn 0.496143 -0.329464 0.803303
vn -0.037686 -0.545806 0.837064
vn 0.137119 -0.528861 0.837559
vn -0.406027 -0.611694 0.678950
vn -0.601692 -0.529127 0.598324
vn -0.964757 -0.262570 0.017380
vn -0.928441 -0.371312 0.011164
vn -0.666226 0.199379 -0.718604
vn -0.771536 0.178514 -0.610627
vn -0.201491 0.519805 -0.830183
vn -0.169021 0.487140 -0.856812
vn -0.553052 -0.130991 -0.822785
vn -0.651037 -0.129232 -0.747963
vn 0.308634 0.258853 -0.915282
vn 0.341606 0.158376 -0.926403
vn 0.925736 0.299180 -0.231312
vn 0.927847 0.354403 -0.116185
vn 0.846035 0.285052 0.450523
vn 0.896599 0.252712 0.363657
vn 0.527319 0.168076 0.832878
vn 0.296617 0.197875 0.934272
vn -0.410435 0.023092 0.911597
vn -0.360313 -0.071804 0.930064
vn -0.931930 -0.252220 0.260561
vn -0.894109 -0.157303 0.419314
vn -0.942824 -0.242900 -0.228218
vn -0.904942 -0.268064 -0.330487
vn 0.698218 0.503559 -0.508841
vn 0.698218 0.503559 -0.508841
vn 0.840072 0.533563 -0.097927
vn 0.844814 0.531452 -0.062038
vn 0.256126 0.298647 0.919353
vn 0.256126 0.298647 0.919353
vn 0.256126 0.298647 0.919353
vn 0.256126 0.298647 0.919353
vn -0.333486 0.934987 0.120776
vn -0.333486 0.934987 0.120776
vn -0.343632 0.938490 0.033964
vn -0.343631 0.938490 0.033976
vn -0.261329 0.568394 -0.780151
vn -0.261329 0.568394 -0.780151
vn -0.261329 0.568394 -0.780151
vn -0.261329 0.568394 -0.780151
vn -0.143922 0.380848 -0.913368
vn -0.143922 0.380848 -0.913368
vn 0.312231 0.437512 -0.843264
vn 0.296355 0.437098 -0.849187
vn 0.926757 0.349543 0.137628
vn 0.926757 0.349543 0.137628
vn 0.926757 0.349543 0.137628
vn 0.926757 0.349543 0.137628
vn -0.026533 0.945566 0.324347
vn -0.026533 0.945566 0.324347
vn -0.108819 0.949186 0.295304
vn -0.108819 0.949186 0.295304
vn -0.816584 0.517196 -0.256318
vn -0.816584 0.517196 -0.256318
vn -0.816584 0.517196 -0.256318
vn -0.816584 0.517196 -0.256318
vn -0.034602 0.999142 0.022761
vn -0.034602 0.999142 0.022761
vn -0.050338 0.998037 0.037257
vn -0.050418 0.998030 0.037331
vn -0.047403 0.457448 -0.887972
vn -0.047403 0.457448 -0.887972
vn -0.047403 0.457448 -0.887972
vn -0.047403 0.457448 -0.887972
vn 0.062205 -0.997712 -0.026473
vn 0.096354 -0.993986 -0.052031
vn 0.084646 -0.995408 -0.044704
vn 0.053336 -0.998300 -0.023494
vn 0.112143 -0.016286 0.993559
vn 0.119489 -0.023555 0.992556
vn 0.119388 -0.023455 0.992571
vn 0.112143 -0.016286 0.993559
vn -0.012742 0.999918 -0.001639
vn -0.012742 0.999918 -0.001639
vn -0.009849 0.999912 -0.008851
vn -0.009849 0.999912 -0.008852
vn -0.817430 0.427447 -0.386132
vn -0.817430 0.427447 -0.386132
vn -0.817430 0.427447 -0.386132
vn -0.817430 0.427447 -0.386132
vn 0.004483 -0.999956 0.008233
vn 0.013447 -0.999866 0.009322
vn 0.015739 -0.999870 0.003550
vn 0.005802 -0.999975 0.004145
vn 0.936307 0.006750 0.351118
vn 0.934789 0.013104 0.354962
vn 0.934766 0.013200 0.355020
vn 0.936307 0.006750 0.351118
vn -0.817668 -0.270388 -0.508242
vn -0.637328 -0.102239 0.763780
vn -0.120885 -0.614551 -0.779560
vn -0.224301 -0.546463 -0.806887
vn 0.542573 -0.495853 -0.678045
vn 0.914982 0.172235 0.364887
vn 0.992060 0.092666 0.085035
vn 0.985872 -0.086021 -0.143728
vn 0.780565 0.437261 0.446678
vn 0.650865 0.610934 0.450704
vn 0.080024 0.752838 0.653323
vn 0.199869 0.670257 0.714708
vn -0.459765 0.606005 0.649134
vn -0.446733 0.574812 0.685581
vn -0.921805 -0.033568 0.386198
vn -0.991366 0.116798 0.059601
vn 0.865316 -0.486424 0.120911
vn 0.512699 -0.359528 0.779666
vn 0.544457 -0.284628 0.789021
vn -0.155890 0.102711 0.982420
vn -0.656094 0.362866 0.661717
vn -0.826036 0.476218 -0.301465
vn -0.451943 0.328041 -0.829540
vn 0.172807 -0.030369 -0.984487
vn 0.710140 -0.379375 -0.593107
vn -0.811518 -0.286403 -0.509325
vn -0.845922 -0.185455 -0.500023
vn -0.247741 -0.515606 -0.820229
vn -0.310117 -0.601517 -0.736210
vn 0.317896 -0.675226 -0.665591
vn 0.506482 -0.530736 -0.679555
vn 0.965896 -0.209109 -0.152704
vn 0.929986 -0.354839 -0.095998
vn 0.760545 0.107883 0.640260
vn 0.857360 0.251267 0.449221
vn 0.266290 0.554661 0.788315
vn 0.263496 0.378499 0.887304
vn -0.330683 0.493052 0.804704
vn -0.428555 0.586892 0.686948
vn -0.952685 0.270142 0.139338
vn -0.943358 0.288676 0.163528
vn 0.634699 -0.747416 -0.196281
vn 0.774338 -0.589740 -0.229364
vn 0.832153 -0.322118 0.451399
vn 0.827321 -0.457189 0.326371
vn 0.709365 0.029591 0.704220
vn 0.461040 0.174645 0.870023
vn -0.306962 0.600101 0.738683
vn 0.028430 0.648932 0.760315
vn -0.753252 0.605725 0.256335
vn -0.849047 0.527634 -0.026882
vn -0.721917 0.258120 -0.642036
vn -0.936942 0.246372 -0.247871
vn -0.735195 -0.175647 -0.654703
vn -0.136077 -0.202242 -0.969836
vn 0.412796 -0.549933 -0.726067
vn -0.018621 -0.674323 -0.738202
vn -0.619455 -0.783840 -0.043249
vn -0.619455 -0.783840 -0.043249
vn -0.619455 -0.783840 -0.043249
vn -0.619455 -0.783840 -0.043249
vn 0.442334 -0.205372 0.873020
vn 0.442334 -0.205372 0.873020
vn 0.542856 0.161597 0.824132
vn 0.971934 0.107934 -0.209034
vn 0.649422 0.472116 -0.596119
vn 0.574224 0.310176 -0.757666
vn 0.090090 0.072571 -0.993286
vn -0.576105 0.640916 -0.507277
vn -0.518151 -0.398456 -0.756804
vn -0.877969 -0.433661 0.202753
vn -0.796486 -0.601672 0.060003
vn -0.286004 -0.717527 0.635104
vn -0.307856 -0.555508 0.772422
vn 0.448417 -0.260019 0.855168
vn 0.393161 -0.520345 0.758067
vn 0.887707 -0.121028 0.444216
vn 0.831066 0.198704 0.519467
vn 0.816038 0.526772 -0.237895
vn 0.879249 0.317800 -0.354858
vn 0.395290 0.407931 -0.823005
vn 0.326623 0.516822 -0.791336
vn -0.412703 0.363280 -0.835287
vn -0.251420 0.177658 -0.951433
vn -0.803283 -0.325801 -0.498588
vn -0.928450 -0.047802 -0.368369
vn 0.083266 -0.129286 -0.988105
vn -0.497138 -0.246630 -0.831882
vn -0.557436 -0.208124 -0.803710
vn 0.621422 0.020305 -0.783213
vn 0.655803 -0.035016 -0.754120
vn 0.804139 -0.028532 -0.593756
vn 0.796872 0.047046 -0.602313
vn 0.830019 0.079898 -0.551983
vn 0.812814 -0.028953 -0.581804
vn 0.821884 -0.007131 -0.569610
vn 0.850857 0.123449 -0.510689
vn 0.939475 0.170520 -0.297169
vn 0.919681 0.024694 -0.391890
vn 0.109202 -0.103664 0.988599
vn 0.095304 -0.147986 0.984387
vn 0.646745 -0.047734 0.761211
vn 0.600184 -0.035909 0.799055
vn -0.616278 -0.320341 0.719433
vn -0.677334 -0.274909 0.682381
vn -0.429816 -0.254945 0.866176
vn -0.342437 -0.210410 0.915677
vn -0.845765 -0.341684 0.409797
vn -0.839722 -0.269198 0.471593
vn -0.767423 -0.253709 0.588807
vn -0.735520 -0.367444 0.569206
vn -0.885306 -0.235315 -0.401075
vn -0.872812 -0.302137 -0.383291
vn -0.942359 -0.302020 0.144028
vn -0.958428 -0.280091 0.054452
vn -0.867749 -0.230342 0.440403
vn -0.943584 -0.304791 0.129427
vn -0.795381 -0.227471 -0.561805
vn -0.720413 0.018616 0.693295
vn -0.659521 -0.266285 0.702940
vn -0.776211 -0.204665 0.596330
vn -0.351913 0.436165 0.828201
vn -0.351913 0.436165 0.828201
vn 0.245347 -0.075790 0.966468
vn -0.444936 -0.304006 0.842385
vn -0.905632 0.372853 0.202018
vn -0.898917 0.215158 0.381647
vn 0.111389 0.024184 0.993483
vn 0.264293 0.675525 0.688343
vn 0.377829 0.912509 0.156759
vn -0.068458 0.985886 -0.152781
vn -0.543415 0.793584 -0.273725
vn 0.790298 0.375838 0.483915
vn 0.944292 0.170794 0.281324
vn 0.803484 -0.476840 -0.356424
vn 0.876666 -0.371737 -0.305397
vn 0.872592 -0.321270 -0.367924
vn 0.752326 -0.016801 -0.658577
vn 0.752326 -0.016801 -0.658577
vn 0.621731 -0.596685 -0.507363
vn -0.140884 -0.920537 -0.364367
vn 0.767524 -0.563038 -0.306422
vn 0.722706 -0.487207 -0.490229
vn 0.992176 -0.022752 0.122759
vn 0.996817 -0.069350 -0.039331
vn 0.856350 -0.314633 -0.409477
vn 0.856350 -0.314633 -0.409477
vn 0.576793 -0.543585 -0.609775
vn 0.619075 -0.518894 -0.589487
vn 0.140730 -0.986171 -0.087535
vn 0.114845 -0.991180 -0.066122
vn 0.073037 -0.996623 -0.037526
vn 0.044605 -0.999000 -0.003237
vn 0.034308 -0.999404 -0.003882
vn 0.018051 -0.999835 -0.002283
vn 0.880111 0.067461 0.469951
vn 0.880111 0.067461 0.469951
vn 0.880111 0.067461 0.469951
vn 0.880111 0.067461 0.469951
vn 0.736663 -0.000117 0.676260
vn 0.303189 0.407236 0.861531
vn -0.130397 -0.744952 0.654250
vn -0.130397 -0.744952 0.654250
vn -0.130396 -0.744952 0.654250
vn -0.130396 -0.744952 0.654250
vn -0.130396 -0.744952 0.654250
vn -0.130396 -0.744952 0.654250
vn -0.130396 -0.744950 0.654252
vn -0.130397 -0.744950 0.654252
vn -0.346983 0.529188 -0.774315
vn -0.346983 0.529188 -0.774315
vn -0.346983 0.529188 -0.774315
vn -0.346983 0.529188 -0.774315
vn -0.354006 -0.136469 -0.925233
vn -0.531807 0.092586 -0.841789
vn -0.562721 -0.630769 0.534300
vn -0.562721 -0.630769 0.534300
vn -0.562720 -0.630769 0.534300
vn -0.562720 -0.630769 0.534300
vn -0.562720 -0.630769 0.534300
vn -0.562720 -0.630769 0.534300
vn -0.562721 -0.630770 0.534299
vn -0.562721 -0.630770 0.534299
vn 0.803361 -0.595468 0.005369
vn 0.782254 -0.621752 0.038784
vn 0.751199 -0.654782 0.083432
vn 0.819260 -0.509668 -0.262778
vn 0.783309 -0.326969 -0.528695
vn -0.339210 -0.444522 0.829058
vn -0.283082 -0.372519 0.883796
vn -0.283082 -0.372519 0.883796
vn 0.162272 -0.631051 0.758579
vn 0.162272 -0.631051 0.758579
vn -0.789201 0.613055 -0.036410
vn -0.778147 0.612931 -0.137120
vn -0.764140 0.608530 -0.213967
vn -0.870156 0.451873 0.196571
vn -0.771031 0.157948 0.616898
vn 0.173244 0.364792 -0.914830
vn 0.173244 0.364792 -0.914830
vn 0.170246 0.344671 -0.923157
vn 0.169971 0.342843 -0.923888
vn 0.167210 0.324667 -0.930931
vn 0.167210 0.324667 -0.930931
vn -0.159617 0.498671 -0.851968
vn -0.159617 0.498671 -0.851968
vn 0.745589 -0.577195 -0.333081
vn 0.706457 -0.618774 -0.343566
vn 0.666832 -0.656564 -0.352505
vn 0.409280 -0.763431 -0.499663
vn 0.080441 -0.793161 -0.603677
vn 0.743529 0.414089 0.525067
vn 0.743529 0.414089 0.525067
vn 0.772983 0.361220 0.521553
vn 0.768739 0.369247 0.522203
vn 0.794935 0.317049 0.517261
vn 0.794935 0.317049 0.517261
vn 0.940799 0.054196 0.334606
vn 0.940798 0.054196 0.334606
vn -0.786629 0.529601 0.317392
vn -0.416097 0.716319 0.560134
vn -0.002454 0.743806 0.668391
vn -0.731793 -0.538297 -0.417990
vn -0.742374 -0.514179 -0.429535
vn -0.774428 -0.426851 -0.466968
vn -0.774428 -0.426851 -0.466968
vn -0.973388 -0.082210 -0.213910
vn -0.973388 -0.082210 -0.213910
vn 0.754629 -0.136619 0.641771
vn 0.892790 0.424197 -0.151600
vn 0.322822 0.567087 -0.757758
vn -0.240863 -0.677139 0.695319
vn 0.246412 -0.501278 0.829459
vn -0.527549 0.231625 -0.817338
vn -0.893629 -0.433129 -0.117588
vn -0.155786 0.444813 -0.881971
vn 0.947570 0.246541 -0.203294
vn 0.394488 0.102500 -0.913167
vn -0.523006 -0.166239 -0.835960
vn 0.667188 0.120623 0.735058
vn 0.915557 0.220041 0.336658
vn -0.925940 -0.338640 0.167205
vn -0.253235 -0.174458 0.951544
vn -0.883873 -0.290804 -0.366334
vn 0.791903 0.428882 0.434684
vn 0.791903 0.428882 0.434684
vn 0.912816 0.071861 0.401998
vn 0.912816 0.071861 0.401998
vn 0.985887 0.122594 -0.114004
vn 0.982461 0.124255 -0.139039
vn 0.793749 0.139744 -0.591975
vn 0.793749 0.139744 -0.591975
vn -0.011878 0.536400 0.843881
vn -0.011878 0.536400 0.843881
vn -0.011878 0.536400 0.843881
vn -0.011878 0.536400 0.843881
vn 0.126041 -0.030047 0.991570
vn 0.126041 -0.030047 0.991570
vn 0.335559 -0.017405 0.941858
vn 0.335559 -0.017405 0.941858
vn 0.335559 -0.017405 0.941858
vn 0.335559 -0.017405 0.941858
vn -0.351145 0.934817 -0.053057
vn -0.351145 0.934817 -0.053057
vn -0.850690 -0.524303 0.037856
vn -0.850690 -0.524303 0.037856
vn -0.847125 -0.524796 0.083476
vn -0.847126 -0.524796 0.083469
vn -0.841790 -0.524191 0.128896
vn -0.841790 -0.524191 0.128896
vn 0.069753 0.404221 -0.911998
vn 0.069753 0.404221 -0.911998
vn 0.069753 0.404221 -0.911998
vn 0.069753 0.404221 -0.911998
vn 0.128804 0.089925 -0.987584
vn 0.128804 0.089925 -0.987585
vn 0.128804 0.089925 -0.987585
vn 0.128804 0.089925 -0.987585
vn -0.117483 0.044684 -0.992069
vn -0.113140 0.031947 -0.993065
vn -0.113370 0.032619 -0.993017
vn -0.117483 0.044684 -0.992069
vn 0.670273 0.406977 -0.620568
vn 0.670273 0.406977 -0.620568
vn 0.748346 0.022435 -0.662929
vn 0.748346 0.022435 -0.662929
vn 0.351617 0.009423 -0.936096
vn 0.365027 0.009856 -0.930945
vn -0.123080 -0.005661 -0.992381
vn -0.123080 -0.005661 -0.992381
vn 0.746950 0.546703 0.378393
vn 0.746950 0.546703 0.378393
vn 0.746950 0.546703 0.378393
vn 0.746950 0.546703 0.378393
vn 0.933387 0.018781 0.358379
vn 0.933387 0.018781 0.358379
vn 0.989494 0.028713 0.141695
vn 0.989494 0.028713 0.141695
vn 0.989494 0.028713 0.141695
vn 0.989494 0.028713 0.141695
vn -0.190275 0.945566 0.264009
vn -0.190275 0.945566 0.264009
vn -0.342740 -0.496238 0.797670
vn -0.342740 -0.496238 0.797670
vn -0.300089 -0.496759 0.814357
vn -0.300089 -0.496759 0.814357
vn -0.256808 -0.496238 0.829336
vn -0.256808 -0.496238 0.829336
vn -0.804416 0.303487 -0.510697
vn -0.804416 0.303487 -0.510697
vn -0.804416 0.303487 -0.510697
vn -0.804416 0.303487 -0.510697
vn -0.837817 -0.020529 -0.545564
vn -0.837817 -0.020529 -0.545564
vn -0.837817 -0.020529 -0.545564
vn -0.837817 -0.020529 -0.545564
vn -0.931968 -0.014961 -0.362231
vn -0.933715 -0.011070 -0.357846
vn -0.933752 -0.010989 -0.357753
vn -0.931968 -0.014961 -0.362231
vn -0.066374 0.996437 0.052033
vn -0.066374 0.996437 0.052033
vn -0.105535 0.990846 -0.084185
vn -0.105535 0.990846 -0.084185
vn -0.094442 0.995445 0.013034
vn -0.094410 0.995445 0.013300
vn -0.082421 0.990476 0.110293
vn -0.082421 0.990476 0.110293
vn -0.108355 0.017976 -0.993950
vn -0.108355 0.017976 -0.993950
vn -0.188287 -0.235842 -0.953376
vn -0.188287 -0.235842 -0.953376
vn -0.188287 -0.235842 -0.953376
vn -0.188287 -0.235842 -0.953376
vn -0.110843 0.556063 -0.823716
vn -0.110843 0.556063 -0.823716
vn -0.110843 0.556063 -0.823716
vn -0.110843 0.556063 -0.823716
vn 0.044623 -0.998792 -0.020567
vn -0.034110 -0.995191 0.091823
vn -0.034110 -0.995191 0.091823
vn -0.041499 -0.999138 0.000745
vn -0.041515 -0.999138 0.000533
vn -0.048568 -0.994693 -0.090706
vn -0.048568 -0.994693 -0.090706
vn 0.152897 0.435423 0.887147
vn 0.152897 0.435423 0.887147
vn 0.152897 0.435423 0.887147
vn 0.152897 0.435423 0.887147
vn 0.055582 0.547663 0.834851
vn 0.055582 0.547663 0.834851
vn 0.055582 0.547663 0.834851
vn 0.055582 0.547663 0.834851
vn 0.000608 -0.241139 0.970490
vn 0.000608 -0.241139 0.970490
vn 0.000608 -0.241139 0.970490
vn 0.000608 -0.241139 0.970490
vn -0.006969 0.999847 -0.016031
vn -0.006969 0.999847 -0.016031
vn -0.115217 0.992958 0.027556
vn -0.115217 0.992958 0.027556
vn -0.023358 0.997800 0.062046
vn -0.023364 0.997800 0.062044
vn 0.068731 0.993012 0.095939
vn 0.068731 0.993012 0.095939
vn -0.935643 -0.006682 -0.352884
vn -0.935643 -0.006682 -0.352884
vn -0.942120 -0.234913 -0.239219
vn -0.942120 -0.234913 -0.239219
vn -0.942120 -0.234913 -0.239219
vn -0.942120 -0.234913 -0.239219
vn -0.785905 0.552621 -0.277424
vn -0.785905 0.552621 -0.277424
vn -0.785905 0.552621 -0.277424
vn -0.785905 0.552621 -0.277424
vn 0.007135 -0.999975 0.000014
vn 0.062127 -0.993224 0.098220
vn 0.062127 -0.993224 0.098220
vn -0.024072 -0.997454 0.067135
vn -0.023987 -0.997454 0.067166
vn -0.109951 -0.993302 0.035530
vn -0.109951 -0.993302 0.035530
vn 0.864071 0.438793 0.246661
vn 0.864071 0.438793 0.246661
vn 0.864071 0.438793 0.246661
vn 0.864071 0.438793 0.246661
vn 0.776553 0.554441 0.299266
vn 0.776553 0.554441 0.299266
vn 0.776553 0.554441 0.299266
vn 0.776553 0.554441 0.299266
vn 0.872029 -0.234137 0.429819
vn 0.872029 -0.234137 0.429819
vn 0.872030 -0.234137 0.429819
vn 0.872030 -0.234137 0.429819
vn 0.257285 -0.707327 -0.658402
vn -0.326202 -0.644158 -0.691848
vn -0.797731 -0.340487 -0.497689
vn 0.759377 0.109813 0.641317
vn 0.924437 -0.358438 -0.130149
vn -0.338209 0.489275 0.803881
vn 0.263814 0.358715 0.895391
vn -0.947951 0.279324 0.152861
vn 0.697041 -0.060239 0.714496
vn 0.784082 -0.516576 0.344041
vn 0.617854 -0.773519 -0.141156
vn -0.729694 0.603097 0.322212
vn 0.061800 0.602795 0.795499
vn -0.806072 -0.140109 -0.574993
vn -0.948945 0.268885 -0.164936
vn -0.056535 -0.676399 -0.734363
vn 0.236216 -0.675354 0.698641
vn 0.236216 -0.675354 0.698641
vn 0.236216 -0.675354 0.698641
vn 0.236216 -0.675354 0.698641
vn 0.479807 -0.690797 0.540912
vn -0.363202 -0.886214 0.287593
vn -0.568517 -0.792245 -0.221665
vn 0.766134 -0.560945 0.313656
vn -0.598904 -0.494969 -0.629539
vn -0.598904 -0.494969 -0.629539
vn -0.390946 -0.585317 -0.710328
vn 0.972860 0.014360 0.230950
vn -0.933434 0.334593 0.129418
vn -0.929531 -0.101430 -0.354518
vn -0.929531 -0.101430 -0.354518
vn -0.933166 0.335095 0.130046
vn -0.429562 -0.546176 -0.719144
vn -0.429562 -0.546176 -0.719144
vn -0.429562 -0.546176 -0.719144
vn -0.429562 -0.546176 -0.719144
vn -0.202211 -0.621064 -0.757225
vn -0.202211 -0.621064 -0.757225
vn -0.202211 -0.621064 -0.757225
vn -0.202211 -0.621064 -0.757225
vn 0.641168 -0.546618 -0.538621
vn 0.943462 -0.278979 -0.179025
vn 0.943474 -0.278958 -0.178998
vn 0.641168 -0.546618 -0.538621
vn 0.992293 -0.029041 0.120466
vn 0.992293 -0.029041 0.120466
vn 0.331270 0.603496 0.725295
vn 0.331270 0.603496 0.725295
vn 0.331270 0.603496 0.725295
vn 0.331270 0.603496 0.725295
vn 0.304656 0.612186 0.729666
vn 0.304656 0.612186 0.729666
vn 0.304656 0.612186 0.729666
vn 0.304656 0.612186 0.729666
vn -0.673428 0.575088 0.464509
vn -0.673428 0.575088 0.464509
vn -0.049172 -0.588476 -0.807018
vn 0.387557 -0.751882 -0.533360
vn 0.387557 -0.751882 -0.533360
vn -0.049202 -0.588459 -0.807029
vn 0.813778 -0.545084 0.201616
vn 0.813778 -0.545084 0.201616
vn 0.813778 -0.545084 0.201616
vn 0.813778 -0.545084 0.201616
vn 0.830137 -0.396270 0.392229
vn 0.830137 -0.396270 0.392229
vn 0.830137 -0.396270 0.392229
vn 0.830137 -0.396270 0.392229
vn 0.580536 0.205276 0.787934
vn 0.091823 0.635444 0.766667
vn 0.091124 0.635851 0.766414
vn 0.580536 0.205276 0.787934
vn -0.309267 0.786672 0.534324
vn -0.309267 0.786672 0.534324
vn -0.812337 0.501001 -0.298509
vn -0.812336 0.501001 -0.298509
vn -0.812336 0.501001 -0.298509
vn -0.812337 0.501001 -0.298509
vn -0.814340 0.483655 -0.320825
vn -0.814340 0.483655 -0.320825
vn -0.814340 0.483655 -0.320825
vn -0.814340 0.483655 -0.320825
vn -0.363447 -0.358309 -0.859954
vn -0.363447 -0.358309 -0.859954
s 1
g pCube1
usemtl pCube1SG
f 101/1/1 1/2/2 98/3/3 97/4/4
f 99/5/5 2/6/6 103/7/7 102/8/8
f 104/9/9 3/10/10 107/11/11 106/12/12
s 3
f 114/13/13 5/14/14 111/15/15 110/16/16
f 112/17/17 6/18/18 116/19/19 115/20/20
f 117/21/21 7/22/22 120/23/23 119/24/24
f 126/25/25 9/26/26 113/27/27 123/28/28
f 124/29/29 10/30/30 118/31/31 127/32/32
f 128/33/33 11/34/34 122/35/35 130/36/36
f 136/424/37 13/38/38 125/39/39 133/474/40
f 141/401/41 85/42/42 138/43/43 137/473/44
f 145/413/45 15/477/46 132/47/47 142/472/48
f 149/49/49 17/50/50 135/51/51 146/52/52
f 147/53/53 18/54/54 151/470/55 150/56/56
f 152/57/57 19/58/58 144/59/59 154/60/60
f 160/61/61 21/62/62 148/63/63 157/64/64
f 158/65/65 22/66/66 153/67/67 161/68/68
f 162/69/69 23/70/70 156/71/71 164/72/72
f 171/73/73 90/74/74 168/75/75 167/76/76
f 169/77/77 91/78/78 173/79/79 172/80/80
f 174/81/81 92/82/82 177/83/83 176/84/84
s 10
f 184/85/85 49/86/86 181/87/87 180/88/88
s 1
f 187/464/89 30/90/90 175/91/91 185/469/92
s 12
f 192/93/93 53/94/94 189/95/95 188/96/96
s off
f 108/97/97 4/98/98 194/99/99 193/100/100
s 3
f 121/101/101 8/102/102 197/103/103 196/104/104
s 13
f 378/105/105 377/106/106 379/107/107 380/108/108
s off
f 171/73/109 29/109/110 204/110/111 203/111/112
s 3
f 160/61/61 25/112/113 207/113/114 206/114/115
s 14
f 386/501/116 387/116/117 388/117/118 389/118/119
s 15
f 216/119/120 29/109/121 170/120/122 213/121/123
s 1
f 214/122/124 30/90/90 187/464/89 217/123/125
f 218/124/126 2/6/6 98/3/127 220/125/128
s 17
f 221/126/129 1/2/130 204/462/131 223/127/132
s 18
f 228/128/133 31/129/134 179/130/135 225/131/136
s 19
f 226/132/137 32/133/138 194/460/139 229/134/140
s 1
f 230/135/141 4/98/142 107/11/143 232/136/144
f 233/137/145 3/10/10 186/458/146 235/139/147
s 21
f 240/140/148 33/141/149 215/142/150 237/143/151
f 238/144/152 34/145/153 219/454/154 241/147/155
f 242/148/156 35/149/157 222/150/158 244/151/159
f 245/152/160 36/153/161 224/447/162 247/155/163
s 22
f 252/156/164 37/157/165 227/158/166 249/159/167
f 250/160/168 38/161/169 231/441/170 253/163/171
f 254/164/172 39/165/173 234/166/174 256/167/175
f 257/168/176 40/169/177 236/434/178 259/171/179
s 23
f 263/524/180 41/479/181 239/174/182 261/528/183
s off
f 262/176/184 42/177/185 243/178/186 264/527/187
s 24
f 270/511/188 58/181/189 267/182/190 266/525/191
s off
f 272/516/192 44/448/193 248/186/194 271/523/195
s 25
f 275/518/196 45/478/197 251/190/198 273/522/199
s off
f 274/192/200 46/193/201 255/194/202 276/521/203
s 26
f 282/505/204 62/197/205 279/198/206 278/519/207
s off
f 284/510/208 48/435/209 260/202/210 283/517/211
s 27
f 287/204/212 43/450/213 246/206/214 285/207/215
s off
f 286/208/216 44/448/217 272/516/218 288/209/219
s 10
f 289/210/220 52/211/221 183/212/222 290/213/223
s 28
f 291/214/224 51/215/225 265/513/226 292/217/227
s 29
f 295/218/228 47/437/229 258/220/230 293/221/231
s off
f 294/222/232 48/435/233 284/510/234 296/223/235
s 12
f 297/224/236 56/225/237 191/226/238 298/227/239
s 30
f 299/228/240 55/229/241 277/507/242 300/231/243
s 3
f 304/232/244 12/233/245 198/430/246 301/235/247
f 302/236/248 24/237/249 155/238/250 305/239/251
f 306/240/252 20/241/253 143/428/254 308/243/255
f 309/244/256 16/245/257 131/246/258 311/247/259
f 316/248/260 21/62/62 208/426/261 313/250/262
f 314/251/263 9/26/26 126/25/25 317/252/264
f 318/253/265 13/38/38 136/424/37 320/254/266
f 321/255/267 17/50/50 149/49/49 323/256/268
f 327/257/269 66/258/270 303/422/271 325/260/272
f 326/261/273 65/262/274 307/263/275 328/264/276
f 329/265/277 67/266/278 310/420/279 330/268/280
f 331/269/281 68/270/282 312/271/283 332/272/284
f 335/273/285 69/274/286 315/418/287 333/276/288
f 334/277/289 70/278/290 319/279/291 336/280/292
f 337/281/293 71/282/294 322/416/295 338/284/296
f 339/285/297 72/286/298 324/287/299 340/288/300
s off
f 344/289/301 14/480/302 129/291/303 341/292/304
s 3
f 342/293/305 15/46/306 145/414/45 345/294/307
f 346/295/308 19/471/58 151/55/309 348/296/310
f 349/297/311 18/475/54 134/410/312 351/299/313
f 355/300/314 81/301/315 343/302/316 353/303/317
f 354/304/318 82/305/319 347/406/320 356/307/321
f 357/308/322 83/309/323 350/310/324 358/311/325
f 359/312/326 84/313/327 352/403/328 360/315/329
f 363/316/330 90/74/74 205/400/331 361/318/332
f 363/316/330 25/112/113 159/319/333 364/320/334
f 365/321/335 26/322/336 163/323/337 366/324/338
f 367/325/339 27/326/340 166/327/341 368/328/342
f 371/329/343 94/330/344 195/397/345 370/332/346
f 373/333/347 95/334/348 109/335/349 372/336/350
f 375/337/351 96/338/352 105/339/353 374/340/354
f 362/341/355 89/342/356 100/343/357 376/344/358
s 1
f 98/3/3 2/6/6 99/5/5 97/4/4
s 3
f 99/5/359 96/338/352 100/343/357 97/4/360
f 100/343/357 89/342/356 101/1/361 97/4/360
s 1
f 103/7/7 3/10/10 104/9/9 102/8/362
s 3
f 104/9/363 95/334/348 105/339/353 102/8/364
f 105/339/353 96/338/352 99/5/359 102/8/364
s 1
f 107/11/11 4/98/365 108/97/366 106/12/12
s 3
f 108/97/367 94/330/344 109/335/349 106/12/368
f 109/335/349 95/334/348 104/9/363 106/12/368
f 111/15/15 6/18/18 112/17/17 110/16/16
f 112/17/17 10/30/30 113/27/27 110/16/16
f 113/27/27 9/26/26 114/13/13 110/16/16
f 116/19/19 7/22/22 117/21/21 115/20/20
f 117/21/21 11/34/34 118/31/31 115/20/20
f 118/31/31 10/30/30 112/17/17 115/20/20
f 120/23/23 8/102/102 121/101/101 119/24/24
f 121/101/101 12/233/245 122/35/35 119/24/24
f 122/35/35 11/34/34 117/21/21 119/24/24
f 113/27/27 10/30/30 124/29/29 123/28/28
f 124/29/29 14/290/369 125/39/39 123/28/28
f 125/39/39 13/38/38 126/25/25 123/28/28
f 118/31/31 11/34/34 128/33/33 127/32/32
f 128/33/33 15/477/46 129/476/370 127/32/32
f 129/476/370 14/290/369 124/29/29 127/32/32
f 122/35/35 12/233/245 131/246/258 130/36/36
f 131/246/258 16/245/257 132/47/47 130/36/36
f 132/47/47 15/477/46 128/33/33 130/36/36
f 125/39/39 14/290/369 134/408/312 133/474/40
f 134/409/312 18/54/54 135/51/51 133/40/40
f 135/51/51 17/50/50 136/37/37 133/40/40
f 138/43/43 86/345/371 139/346/372 137/473/44
f 139/404/372 87/347/373 140/348/374 137/44/44
f 140/348/374 88/349/375 141/41/41 137/44/44
f 132/47/47 16/245/257 143/242/254 142/472/48
f 143/428/254 20/241/253 144/59/59 142/48/48
f 144/59/59 19/58/58 145/412/45 142/48/48
f 135/51/51 18/54/54 147/53/53 146/52/52
f 147/53/53 22/66/66 148/63/63 146/52/52
f 148/63/63 21/62/62 149/49/49 146/52/52
f 151/470/55 19/58/58 152/57/57 150/56/56
f 152/57/57 23/70/70 153/67/67 150/56/56
f 153/67/67 22/66/66 147/53/53 150/56/56
f 144/59/59 20/241/253 155/238/250 154/60/60
f 155/238/250 24/237/249 156/71/71 154/60/60
f 156/71/71 23/70/70 152/57/57 154/60/60
f 148/63/63 22/66/66 158/65/65 157/64/64
f 158/65/65 26/322/336 159/319/333 157/64/64
f 159/319/333 25/112/113 160/61/61 157/64/64
f 153/67/67 23/70/70 162/69/69 161/68/68
f 162/69/69 27/326/340 163/323/337 161/68/68
f 163/323/337 26/322/336 158/65/65 161/68/68
f 156/71/71 24/237/249 165/350/376 164/72/72
f 165/350/376 28/351/377 166/327/341 164/72/72
f 166/327/341 27/326/340 162/69/69 164/72/72
f 168/75/75 91/78/78 169/77/77 167/76/76
s 1
f 169/77/378 30/90/90 170/120/379 167/76/380
f 170/120/379 29/109/381 171/73/382 167/76/380
s 3
f 173/79/79 92/82/82 174/81/81 172/80/80
s 1
f 174/81/383 31/129/384 175/91/91 172/80/385
f 175/91/91 30/90/90 169/77/378 172/80/386
s 3
f 177/83/83 93/352/387 178/353/388 176/84/84
s 1
f 178/353/389 32/133/390 179/130/391 176/84/392
f 179/130/391 31/129/384 174/81/383 176/84/392
s 10
f 181/87/87 50/354/393 182/355/394 180/88/88
f 182/355/394 51/215/395 183/212/222 180/88/88
f 183/212/222 52/211/221 184/85/85 180/88/88
s 1
f 175/91/91 31/129/384 186/138/146 185/469/92
f 186/458/146 3/10/10 103/7/7 185/92/92
f 103/7/7 2/6/6 187/89/89 185/92/92
s 12
f 189/95/95 54/356/396 190/357/397 188/96/96
f 190/357/397 55/229/398 191/226/238 188/96/96
f 191/226/238 56/225/237 192/93/93 188/96/96
s off
f 194/460/399 32/133/400 178/353/401 193/468/402
s 3
f 178/353/388 93/352/387 195/331/345 193/468/403
f 195/397/345 94/330/344 108/97/367 193/100/403
f 197/395/103 28/351/377 165/350/376 196/467/104
f 165/350/376 24/237/249 198/234/404 196/467/104
f 198/430/404 12/233/245 121/101/101 196/104/104
s 41
f 379/107/405 381/358/406 382/503/407 380/108/408
f 382/359/407 383/360/409 384/361/410 380/108/408
s 13
f 384/361/411 385/362/412 378/105/105 380/108/108
s off
f 204/462/413 1/2/414 101/1/415 203/466/416
s 3
f 101/1/361 89/342/356 205/317/331 203/466/417
f 205/400/331 90/74/74 171/73/73 203/111/417
f 207/398/114 5/14/14 114/13/13 206/465/115
f 114/13/13 9/26/26 208/249/418 206/465/115
f 208/426/418 21/62/62 160/61/61 206/114/115
s 42
f 388/117/419 390/363/420 391/364/421 389/118/422
f 391/364/421 392/365/423 393/366/424 389/118/422
s 14
f 393/366/425 394/367/426 386/115/116 389/118/119
s 15
f 170/120/122 30/90/427 214/122/428 213/121/123
f 214/122/428 34/145/429 215/142/430 213/121/123
f 215/142/430 33/141/431 216/119/120 213/121/123
s 1
f 187/89/89 2/6/6 218/124/126 217/463/432
f 218/124/126 35/149/433 219/146/434 217/463/432
f 219/454/435 34/145/436 214/122/124 217/123/125
f 98/3/127 1/2/437 221/126/438 220/125/128
f 221/126/438 36/153/439 222/150/440 220/125/128
f 222/150/440 35/149/441 218/124/126 220/125/128
s 43
f 204/110/442 29/109/443 216/119/444 223/461/445
f 216/119/444 33/141/446 224/154/447 223/461/445
s 17
f 224/447/448 36/153/449 221/126/129 223/127/132
s 18
f 179/130/135 32/133/450 226/132/451 225/131/136
f 226/132/451 38/161/452 227/158/453 225/131/136
f 227/158/453 37/157/454 228/128/133 225/131/136
s 44
f 194/99/455 4/98/456 230/135/457 229/459/458
f 230/135/457 39/165/459 231/162/460 229/459/458
s 19
f 231/441/461 38/161/462 226/132/137 229/134/140
s 1
f 107/11/143 3/10/10 233/137/145 232/136/144
f 233/137/145 40/169/463 234/166/464 232/136/144
f 234/166/464 39/165/465 230/135/141 232/136/144
f 186/138/146 31/129/384 228/128/466 235/457/467
f 228/128/466 37/157/468 236/170/469 235/457/467
f 236/434/470 40/169/471 233/137/145 235/139/147
s 21
f 215/142/150 34/145/153 238/144/152 237/143/151
f 238/144/152 42/456/472 239/455/473 237/143/151
f 239/455/473 41/173/474 240/140/148 237/143/151
f 219/146/154 35/149/157 242/148/156 241/453/155
f 242/148/156 43/205/475 243/451/476 241/453/155
f 243/452/476 42/456/472 238/144/152 241/147/155
f 222/150/158 36/153/161 245/152/160 244/151/159
f 245/152/160 44/185/477 246/449/478 244/151/159
f 246/449/478 43/205/475 242/148/156 244/151/159
f 224/154/162 33/141/149 240/140/148 247/446/163
f 240/140/148 41/173/474 248/444/479 247/446/163
f 248/445/479 44/185/477 245/152/160 247/155/163
s 22
f 227/158/166 38/161/169 250/160/168 249/159/167
f 250/160/168 46/443/480 251/442/481 249/159/167
f 251/442/481 45/189/482 252/156/164 249/159/167
f 231/162/170 39/165/173 254/164/172 253/440/171
f 254/164/172 47/219/483 255/438/484 253/440/171
f 255/439/484 46/443/480 250/160/168 253/163/171
f 234/166/174 40/169/177 257/168/176 256/167/175
f 257/168/176 48/201/485 258/436/486 256/167/175
f 258/436/486 47/219/483 254/164/172 256/167/175
f 236/170/178 37/157/165 252/156/164 259/433/179
f 252/156/164 45/189/482 260/431/487 259/433/179
f 260/432/487 48/201/485 257/168/176 259/171/179
s 23
f 239/174/182 42/177/488 262/176/489 261/528/183
s 45
f 262/526/490 50/354/491 181/87/492 261/175/493
f 181/87/492 49/86/494 263/172/495 261/175/493
s off
f 243/178/496 43/450/497 265/216/498 264/527/499
s 28
f 265/513/226 51/215/225 182/355/500 264/179/501
s off
f 182/355/502 50/354/503 262/526/504 264/179/505
s 24
f 267/182/190 57/368/506 268/369/507 266/525/191
s 46
f 268/514/508 59/370/509 269/371/510 266/183/511
f 269/371/510 60/372/512 270/180/513 266/183/511
s off
f 248/186/514 41/479/515 263/524/516 271/523/517
f 263/172/518 49/86/519 184/85/520 271/187/521
s 47
f 184/85/522 52/211/523 272/184/524 271/187/525
s 25
f 251/190/198 46/193/526 274/192/527 273/522/199
s 48
f 274/520/528 54/356/529 189/95/530 273/191/531
f 189/95/530 53/94/532 275/188/533 273/191/531
s off
f 255/194/534 47/437/535 277/230/536 276/521/537
s 30
f 277/507/242 55/229/241 190/357/538 276/195/539
s off
f 190/357/540 54/356/541 274/520/542 276/195/543
s 26
f 279/198/206 61/373/544 280/374/545 278/519/207
s 49
f 280/508/546 63/375/547 281/376/548 278/199/549
f 281/376/548 64/377/550 282/196/551 278/199/549
s off
f 260/202/552 45/478/553 275/518/554 283/517/555
f 275/188/556 53/94/557 192/93/558 283/203/559
s 50
f 192/93/560 56/225/561 284/200/562 283/203/563
s 27
f 246/206/214 44/448/564 286/208/565 285/207/215
s 51
f 286/208/566 57/368/567 267/182/568 285/207/569
f 267/182/568 58/181/570 287/204/571 285/207/569
s 47
f 272/184/524 52/211/523 289/210/572 288/515/573
s off
f 289/210/574 59/370/575 268/514/576 288/515/577
f 268/369/578 57/368/579 286/208/580 288/209/581
s 10
f 183/212/222 51/215/395 291/214/582 290/213/223
s 52
f 291/214/583 60/372/584 269/371/585 290/213/586
f 269/371/585 59/370/587 289/210/588 290/213/586
s off
f 265/216/589 43/450/590 287/204/591 292/512/592
f 287/204/593 58/181/594 270/511/595 292/512/596
f 270/180/597 60/372/598 291/214/599 292/217/600
s 29
f 258/220/230 48/435/601 294/222/602 293/221/231
s 53
f 294/222/603 61/373/604 279/198/605 293/221/606
f 279/198/605 62/197/607 295/218/608 293/221/606
s 50
f 284/200/562 56/225/561 297/224/609 296/509/610
s off
f 297/224/611 63/375/612 280/508/613 296/509/614
f 280/374/615 61/373/616 294/222/617 296/223/618
s 12
f 191/226/238 55/229/398 299/228/619 298/227/239
s 54
f 299/228/620 64/377/621 281/376/622 298/227/623
f 281/376/622 63/375/624 297/224/625 298/227/623
s off
f 277/230/626 47/437/627 295/218/628 300/506/629
f 295/218/630 62/197/631 282/505/632 300/506/633
f 282/196/634 64/377/635 299/228/636 300/231/637
s 3
f 198/234/246 24/237/249 302/236/248 301/429/247
f 302/236/248 65/262/274 303/259/271 301/429/247
f 303/422/271 66/258/270 304/232/244 301/235/247
f 155/238/250 20/241/253 306/240/252 305/239/251
f 306/240/252 67/266/278 307/263/275 305/239/251
f 307/263/275 65/262/274 302/236/248 305/239/251
f 143/242/254 16/245/257 309/244/256 308/427/255
f 309/244/256 68/270/282 310/267/279 308/427/255
f 310/420/279 67/266/278 306/240/252 308/243/255
f 131/246/258 12/233/245 304/232/244 311/247/259
f 304/232/244 66/258/270 312/271/283 311/247/259
f 312/271/283 68/270/282 309/244/256 311/247/259
f 208/249/261 9/26/26 314/251/263 313/425/262
f 314/251/263 70/278/290 315/275/287 313/425/262
f 315/418/287 69/274/286 316/248/260 313/250/262
f 126/25/25 13/38/38 318/253/265 317/252/264
f 318/253/265 71/282/294 319/279/291 317/252/264
f 319/279/291 70/278/290 314/251/263 317/252/264
f 136/37/37 17/50/50 321/255/267 320/423/266
f 321/255/267 72/286/298 322/283/295 320/423/266
f 322/416/295 71/282/294 318/253/265 320/254/266
f 149/49/49 21/62/62 316/248/260 323/256/268
f 316/248/260 69/274/286 324/287/299 323/256/268
f 324/287/299 72/286/298 321/255/267 323/256/268
f 303/259/271 65/262/274 326/261/273 325/421/272
f 326/261/273 73/497/638 199/498/639 325/421/272
f 199/499/639 74/500/640 327/257/269 325/260/272
f 307/263/275 67/266/278 329/265/277 328/264/276
f 329/265/277 75/495/641 200/496/642 328/264/276
f 200/496/642 73/497/638 326/261/273 328/264/276
f 310/267/279 68/270/282 331/269/281 330/419/280
f 331/269/281 76/492/643 201/493/644 330/419/280
f 201/494/644 75/495/641 329/265/277 330/268/280
f 312/271/283 66/258/270 327/257/269 332/272/284
f 327/257/269 74/500/640 202/491/645 332/272/284
f 202/491/645 76/492/643 331/269/281 332/272/284
f 315/275/287 70/278/290 334/277/289 333/417/288
f 334/277/289 78/490/646 209/488/647 333/417/288
f 209/489/647 77/482/648 335/273/285 333/276/288
f 319/279/291 71/282/294 337/281/293 336/280/292
f 337/281/293 79/487/649 210/486/650 336/280/292
f 210/486/650 78/490/646 334/277/289 336/280/292
f 322/283/295 72/286/298 339/285/297 338/415/296
f 339/285/297 80/485/651 211/483/652 338/415/296
f 211/484/652 79/487/649 337/281/293 338/284/296
f 324/287/299 69/274/286 335/273/285 340/288/300
f 335/273/285 77/482/648 212/481/653 340/288/300
f 212/481/653 80/485/651 339/285/297 340/288/300
s off
f 129/291/654 15/46/655 342/293/656 341/292/657
s 3
f 342/293/658 82/305/319 343/302/316 341/292/659
f 343/302/316 81/301/315 344/289/660 341/292/659
f 145/45/45 19/471/58 346/295/308 345/411/307
f 346/295/308 83/309/323 347/306/320 345/411/661
f 347/406/320 82/305/319 342/293/658 345/294/661
f 151/55/309 18/475/54 349/297/311 348/296/310
f 349/297/311 84/313/327 350/310/324 348/296/310
f 350/310/324 83/309/323 346/295/308 348/296/310
f 134/298/312 14/480/662 344/289/663 351/407/313
f 344/289/660 81/301/315 352/314/328 351/407/664
f 352/403/328 84/313/327 349/297/311 351/299/664
f 343/302/316 82/305/319 354/304/318 353/303/317
f 354/304/318 86/345/371 138/43/43 353/303/317
f 138/43/43 85/42/42 355/300/314 353/303/317
f 347/306/320 83/309/323 357/308/322 356/405/321
f 357/308/322 87/347/373 139/404/372 356/405/321
f 139/346/372 86/345/371 354/304/318 356/307/321
f 350/310/324 84/313/327 359/312/326 358/311/325
f 359/312/326 88/349/375 140/348/374 358/311/325
f 140/348/374 87/347/373 357/308/322 358/311/325
f 352/314/328 81/301/315 355/300/314 360/402/329
f 355/300/314 85/42/42 141/401/41 360/402/329
f 141/41/41 88/349/375 359/312/326 360/315/329
f 205/317/331 89/342/356 362/341/355 361/399/332
f 362/341/355 5/14/14 207/398/114 361/399/332
f 207/113/114 25/112/113 363/316/330 361/318/332
f 159/319/333 26/322/336 365/321/335 364/320/334
f 365/321/335 91/78/78 168/75/75 364/320/334
f 168/75/75 90/74/74 363/316/330 364/320/334
f 163/323/337 27/326/340 367/325/339 366/324/338
f 367/325/339 92/82/82 173/79/79 366/324/338
f 173/79/79 91/78/78 365/321/335 366/324/338
f 166/327/341 28/351/377 369/394/665 368/328/342
f 369/394/665 93/352/387 177/83/83 368/328/342
f 177/83/83 92/82/82 367/325/339 368/328/342
f 195/331/345 93/352/387 369/394/665 370/396/346
f 369/394/665 28/351/377 197/395/103 370/396/346
f 197/103/103 8/102/102 371/329/343 370/332/346
f 109/335/349 94/330/344 371/329/343 372/336/350
f 371/329/343 8/102/102 120/23/23 372/336/350
f 120/23/23 7/22/22 373/333/347 372/336/350
f 105/339/353 95/334/348 373/333/347 374/340/354
f 373/333/347 7/22/22 116/19/19 374/340/354
f 116/19/19 6/18/18 375/337/351 374/340/354
f 100/343/357 96/338/352 375/337/351 376/344/358
f 375/337/351 6/18/18 111/15/15 376/344/358
f 111/15/15 5/14/14 362/341/355 376/344/358
s 55
f 202/385/666 74/380/667 377/106/668 378/105/669
s off
f 74/380/670 199/379/671 379/107/672 377/106/673
f 199/379/674 73/378/675 381/358/676 379/107/677
s 56
f 73/378/678 200/504/679 382/503/680 381/358/681
f 200/382/679 75/381/682 383/360/683 382/359/680
s off
f 75/381/684 201/384/685 384/361/686 383/360/687
f 201/384/688 76/383/689 385/362/690 384/361/691
s 55
f 76/383/692 202/385/666 378/105/669 385/362/693
s 57
f 212/393/694 77/388/695 387/116/696 386/501/697
s off
f 77/388/698 209/387/699 388/117/700 387/116/701
f 209/387/702 78/386/703 390/363/704 388/117/705
s 58
f 78/386/706 210/390/707 391/364/708 390/363/709
f 210/390/707 79/389/710 392/365/711 391/364/708
s off
f 79/389/712 211/392/713 393/366/714 392/365/715
f 211/392/716 80/391/717 394/367/718 393/366/719
s 57
f 80/391/720 212/502/694 386/115/697 394/367/721
