# This file uses centimeters as units for non-parametric coordinates.

mtllib fall_frame.14.mtl
g default
v -22.969479 39.288158 -3.703455
v -10.539494 33.160591 -5.367937
v -0.416176 30.387506 -12.904798
v 9.672482 25.153732 -22.064817
v -25.235910 56.209450 -17.403673
v -10.039242 57.874271 -17.936014
v 4.083062 52.267269 -27.977390
v 6.974588 43.465538 -40.129864
v -24.580341 76.687645 -34.216553
v -12.391069 74.322327 -32.909721
v -1.042077 70.591797 -42.315254
v 1.586299 71.310112 -60.806255
v -27.456594 86.980331 -34.741386
v -17.000463 88.242805 -47.494877
v -8.911236 85.240288 -54.904785
v -0.803219 81.895645 -65.022789
v -35.569809 82.372993 -40.626450
v -26.568148 84.269096 -53.984432
v -15.467212 80.366982 -63.291973
v -6.411964 76.628654 -72.587601
v -30.494440 73.756180 -39.029091
v -28.132912 65.981865 -48.606670
v -16.782038 62.255146 -58.006462
v -2.919470 68.234299 -66.512932
v -33.239540 49.385876 -24.835253
v -25.549128 43.310688 -34.364944
v -13.744600 38.661095 -42.692379
v -1.214746 36.505867 -47.741604
v -28.723154 28.605478 -7.331239
v -16.909920 22.433290 -5.402033
v -4.984987 19.973606 -10.723689
v 3.061362 14.819352 -22.050924
v -31.691067 27.603203 25.421513
v -24.991547 24.092356 26.321154
v -21.437510 32.874146 29.660648
v -28.327101 36.097588 28.895123
v 18.725657 18.407833 10.566487
v 23.823292 14.272575 6.379956
v 30.110615 25.002272 3.626621
v 25.011131 29.091248 7.843901
v -33.861488 9.627334 0.345354
v -27.410313 7.128274 2.747904
v -31.799576 5.965647 12.318269
v -38.362785 7.927886 9.675633
v 27.975067 10.733705 40.277222
v 32.254158 5.066824 37.773407
v 40.753460 11.970244 36.681728
v 36.425488 17.691277 38.981724
v -35.518551 3.820002 -1.931355
v -27.666313 1.417525 1.259175
v -32.138573 0.410981 15.497661
v -42.702732 3.263182 11.100612
v 28.358719 9.814878 45.733921
v 33.530842 2.975995 42.937378
v 45.773712 11.286283 40.954929
v 38.975975 20.266932 44.452019
v -46.527523 7.368735 26.352396
v -38.191406 5.206250 29.835978
v -47.285847 3.913242 26.022121
v -38.949749 1.750777 29.505672
v 50.310726 29.698076 38.035133
v 55.675373 22.613127 35.328495
v 51.264450 29.130747 41.410507
v 56.629101 22.045795 38.703869
v 20.913322 84.369278 -78.422699
v 15.453133 85.407852 -71.162560
v 13.474796 87.484344 -85.443481
v 9.008053 89.277275 -78.318031
v -40.939404 66.286736 -17.245602
v -32.322346 72.384193 -14.642984
v -38.679985 81.148994 -15.007140
v -47.090691 74.773293 -18.533377
v 18.140108 113.078369 -66.061241
v 10.652246 110.078957 -60.546585
v 15.753400 113.869926 -68.871468
v 8.264406 110.870903 -63.355843
v -43.220390 67.046585 11.362009
v -34.985867 72.228661 12.278545
v -36.971767 75.425781 12.044251
v -45.206295 70.243706 11.127715
v -18.838627 94.796509 -49.756981
v -10.262336 91.874809 -62.475353
v -21.615854 87.794907 -72.256287
v -33.577831 92.190567 -55.025085
v -16.513874 113.118340 -50.194286
v -7.819544 111.422485 -62.128136
v -21.912935 115.302055 -72.514740
v -30.201082 116.918686 -61.138420
v -22.041834 41.768482 -7.153548
v -29.216053 33.196224 -13.058425
v -20.396967 26.846682 -19.539461
v -11.193330 23.033833 -25.716244
v 0.430532 19.833012 -31.223042
v 8.008238 28.422766 -26.121157
v 1.360731 35.196861 -17.263710
v -10.033458 40.073109 -9.490544
v -16.101185 39.316284 -6.017663
v -16.890476 38.040218 -3.339381
v -9.848857 36.659336 -7.420013
v -16.218700 41.828590 -7.513890
v -22.246149 39.967350 -6.081932
v -4.370525 34.507816 -10.982240
v -4.360224 32.391602 -8.067386
v 0.657691 32.466156 -15.673904
v -4.241181 37.584366 -13.069135
v 5.313015 29.933960 -20.487528
v 6.367641 28.918453 -18.661430
v 8.265776 26.074707 -24.352253
v 5.735882 32.150841 -21.984276
v -19.834684 65.856834 -24.231506
v -18.551886 57.718136 -16.594145
v -12.197986 65.492249 -25.333559
v -19.988771 75.136169 -31.388445
v -26.030722 65.159721 -24.758177
v -4.758285 62.122150 -30.094635
v -2.441880 55.511318 -22.458481
v 2.085329 60.408783 -36.460228
v -7.546243 72.043839 -38.446690
v 4.996708 57.265636 -44.054657
v 6.864281 47.617420 -34.646801
v 6.153536 54.893478 -51.503925
v 2.848844 68.585091 -51.500244
v -19.825109 83.608887 -36.936939
v -14.511984 84.168762 -40.904751
v -22.829189 90.173378 -41.210167
v -24.852921 82.379410 -32.475365
v -9.421635 81.924911 -44.646465
v -4.560976 80.889847 -49.146420
v -12.930444 89.027657 -53.075424
v -0.105319 77.958496 -54.745960
v 1.900666 77.980118 -62.697468
v -3.166192 84.668617 -59.528294
v -27.657194 89.816307 -45.798279
v -22.070925 88.262054 -51.542439
v -32.999657 86.031685 -48.257042
v -31.813290 85.419731 -37.864311
v -13.385211 117.930489 -57.853268
v -11.834679 112.251381 -55.916611
v -11.953093 114.918381 -67.006805
v -27.557837 116.859138 -68.026398
v -22.469883 116.971695 -52.541187
v -8.240485 84.231522 -64.143036
v -4.329714 80.100494 -69.083817
v -12.030788 80.039055 -68.723160
v -13.191832 84.610458 -60.524273
v -32.738701 78.069092 -47.335793
v -28.420906 77.457672 -53.427326
v -32.720299 68.813950 -43.168213
v -34.361637 76.736717 -39.973412
v -22.710331 75.565186 -58.161072
v -23.626825 83.212212 -59.867725
v -17.058018 73.719719 -62.859161
v -22.452049 64.088158 -53.297050
v -11.512688 71.931091 -67.136734
v -3.789262 71.417274 -71.660538
v -9.567566 62.174187 -63.721962
v -32.294502 57.108242 -37.352974
v -27.179045 54.237854 -42.469418
v -30.998323 46.017036 -29.675625
v -33.869053 60.036266 -32.117916
v -21.442268 52.163013 -47.039291
v -15.630700 50.099972 -51.404743
v -19.685736 40.945496 -38.642582
v -8.594919 48.991966 -56.358814
v -1.871712 49.857990 -59.297215
v -7.422246 36.652645 -46.433880
v -25.242590 26.288534 -12.983415
v -26.134602 29.390570 -16.462219
v -19.383045 23.737585 -15.441995
v -24.887011 24.209639 -8.794129
v -28.652506 30.282310 -10.585311
v -14.553102 22.128559 -17.876961
v -15.795549 25.179913 -22.669779
v -10.008625 20.214336 -21.009193
v -13.207108 20.003588 -12.633462
v -4.419256 17.331903 -24.413935
v -5.453370 20.284632 -29.175861
v 1.225803 16.614523 -26.767250
v -2.324812 15.599278 -19.067055
v -34.053719 2.121695 5.236013
v -30.592999 2.853868 -2.627389
v -28.793058 0.610906 7.341858
v -37.419254 1.840137 13.311030
v -39.307926 3.705601 3.026755
v -4.867962 31.243443 -5.938124
v 5.037669 25.015669 -3.836131
v -16.668467 26.217659 6.772320
v 35.757641 10.334555 43.650776
v 29.140772 4.890790 44.586151
v 39.148968 5.849719 41.842281
v 42.373878 15.778139 42.704029
v 32.377926 14.800756 45.450287
v 5.653450 20.480728 -26.356415
v 7.162726 19.084984 -22.779642
v 5.211473 23.323404 -29.644680
v 3.706240 51.552429 -57.174667
v 4.243950 39.180996 -45.222004
v 1.860612 70.263771 -65.507370
v 14.780863 111.375130 -62.651245
v 17.900599 113.692841 -67.741997
v 11.862209 112.343109 -66.087814
v 8.743241 110.025192 -60.997684
v -26.959148 35.435192 -8.205104
v -27.321049 34.284649 -5.560458
v -27.199244 37.827831 -9.694957
v -31.521063 62.375885 -27.015757
v -31.144978 53.287727 -20.141363
v -27.120642 74.067741 -34.820179
v -38.582172 69.054375 11.880978
v -34.761524 74.177742 12.298126
v -41.010693 72.964066 11.594464
v -44.831345 67.840698 11.177315
v -27.046047 23.232748 7.765756
v -22.407007 23.147200 9.458885
v -28.444813 25.055368 25.530281
v -30.803520 27.305244 8.902886
v -18.124628 27.961660 10.833880
v -17.249336 34.466862 12.304547
v -21.919201 27.980932 28.435455
v -20.170094 38.397686 11.517221
v -25.694632 38.689793 11.624091
v -23.869347 36.396416 29.881741
v -29.400885 33.591045 10.036913
v -31.018276 32.431934 27.290928
v 8.851610 15.139524 -4.707374
v 13.715173 14.333009 -7.130944
v 20.621590 15.491405 8.802018
v 7.447690 19.064117 -1.875229
v 17.414036 19.268141 -9.299232
v 19.709021 25.460039 -9.906182
v 27.862494 19.362062 4.400319
v 16.704382 29.705399 -8.319680
v 13.449589 30.221405 -4.679030
v 28.588049 29.118378 5.311355
v 9.251659 25.522528 -2.431149
v 21.205210 24.792101 9.852849
v -25.708241 23.097145 11.822259
v -23.230906 20.466866 14.627418
v -29.758072 8.774413 -0.256107
v -30.238163 24.262632 12.668123
v -25.064169 16.812965 19.472925
v -29.239561 14.806565 23.834261
v -28.466827 5.920658 7.534754
v -33.765579 15.376826 24.157917
v -36.240822 18.494526 21.969534
v -36.271988 6.995389 13.866385
v -34.431221 21.818272 17.010109
v -37.151886 8.938646 4.193029
v 23.349863 11.196657 23.908236
v 27.137770 9.422648 21.690435
v 28.607410 6.644965 39.233231
v 22.488747 15.597914 24.977701
v 32.868843 12.596332 20.661884
v 37.152740 17.639608 20.333920
v 36.948639 7.461800 36.861210
v 36.438110 21.925001 22.124586
v 32.493248 23.807243 23.588806
v 40.884174 16.678148 37.491135
v 26.800900 20.660332 24.932322
v 31.339876 14.885550 40.058022
v -29.940870 5.768855 -2.138322
v -27.040255 4.216827 1.667920
v -34.864250 6.749200 -1.447932
v -28.201292 3.253744 7.663012
v -31.538229 3.113137 15.812399
v -43.237785 6.013068 30.025610
v -42.151825 7.233715 28.184610
v -48.530552 7.385990 27.813829
v -43.325424 1.885907 27.673470
v -37.945023 4.640146 32.237392
v -38.690418 6.462743 3.425861
v -42.101688 5.965060 11.424756
v 28.368620 5.366764 41.920261
v 32.752975 3.458302 40.247715
v 27.592930 10.283845 43.094990
v 38.373760 6.327847 39.151398
v 45.011131 11.747627 38.288841
v 54.702724 27.441582 36.704231
v 52.731907 26.310942 35.757595
v 51.296604 31.939959 38.422729
v 54.207916 25.432928 40.981403
v 58.108845 22.943207 34.985733
v 31.617327 15.262259 42.815872
v 38.214180 20.727150 41.786686
v -39.188927 7.226136 21.084728
v -43.860378 8.465312 19.141520
v -34.512676 6.009680 23.038673
v -45.050980 6.011518 18.629736
v -45.652512 3.275937 18.362560
v -40.364143 1.884495 20.558998
v -35.072224 0.507415 22.771744
v -34.471996 3.235677 23.037113
v 46.807621 21.494999 36.622482
v 43.798336 25.469389 38.143032
v 49.817310 17.520123 35.103306
v 44.123924 25.562664 40.895626
v 44.879898 25.111971 43.567352
v 48.285095 20.614681 41.845623
v 51.690163 16.117762 40.125618
v 50.934849 16.567480 37.454243
v 11.942644 78.078194 -71.151756
v 10.774158 75.701843 -74.999031
v 19.484905 84.778641 -73.606857
v 11.366735 81.820847 -68.692795
v 7.987525 77.270760 -77.733925
v 4.836970 80.654938 -79.371719
v 17.880384 85.276665 -82.594193
v 4.736784 84.136467 -76.474998
v 5.531863 86.860733 -72.960136
v 11.225579 89.261505 -82.281075
v 8.773500 84.718788 -70.026215
v 11.817059 87.104675 -73.738976
v -31.733980 71.988510 -24.934208
v -29.694927 75.680740 -22.663406
v -35.829662 68.026230 -15.618372
v -35.460266 70.440147 -27.454758
v -31.598419 79.536499 -22.502113
v -35.126266 82.829041 -23.506739
v -34.214676 77.135765 -14.544149
v -38.444237 80.805595 -26.004093
v -40.990871 77.569115 -28.323944
v -43.504513 78.567726 -16.604342
v -38.673973 73.109734 -28.376734
v -44.595619 69.521400 -18.309277
v 18.447376 93.978767 -68.337776
v 21.336775 95.538467 -72.822548
v 13.518859 92.940323 -66.728806
v 19.536055 96.493187 -76.793961
v 15.267659 97.522217 -80.231133
v 11.054791 96.509354 -77.347496
v 7.405134 95.055244 -74.023254
v 9.988171 93.507095 -69.224785
v -36.015369 67.249847 -6.265689
v -32.708893 71.398933 -5.870516
v -41.306767 65.910347 -6.993488
v -33.970112 75.607910 -6.007355
v -37.976711 79.616379 -6.467582
v -42.548378 77.197426 -7.087399
v -46.679222 73.957298 -7.816190
v -44.522961 68.806366 -7.523362
v -10.189340 91.253334 -52.904701
v -12.550989 87.868034 -60.676918
v -12.218039 93.927177 -54.866634
v -19.968975 91.239349 -51.396900
v -13.815319 85.607361 -64.096260
v -19.039591 84.136147 -64.469818
v -14.477399 89.212303 -69.577530
v -26.222567 85.036270 -61.748165
v -26.633759 87.462814 -55.404579
v -28.258713 89.756165 -63.941887
v -24.251112 90.242287 -51.182396
v -27.687969 93.902451 -50.074944
v -10.441954 104.247681 -53.842293
v -6.110708 104.730675 -64.080360
v -18.702072 107.186661 -46.797440
v -12.795344 105.581398 -71.013153
v -20.867399 105.397118 -74.801491
v -28.877781 106.547104 -67.522644
v -33.341827 107.830299 -57.679073
v -27.211012 108.393227 -51.226185
v -29.301359 45.857159 -14.472158
v -23.695894 49.300167 -11.852995
v -31.442936 41.590542 -18.706264
v -28.861429 38.071327 -23.228813
v -23.198841 35.242725 -27.233301
v -17.862494 33.313026 -31.216902
v -12.331158 30.658533 -34.395771
v -6.197333 28.494791 -38.110218
v -0.025605 28.157961 -39.456833
v 5.149487 31.283741 -37.053471
v 7.901712 36.010967 -32.437294
v 6.644675 40.559616 -28.146524
v 3.245709 43.448257 -23.441116
v -4.027143 47.461052 -19.245722
v -11.354072 49.601440 -13.869752
v -17.511412 50.747604 -12.282373
v 8.892329 122.849434 -55.153839
v 6.782782 122.804146 -55.690289
v 13.137736 124.331802 -57.711334
v 11.715164 124.803604 -59.386337
v 17.013321 126.101547 -61.134926
v 16.713762 126.781082 -63.004429
v 14.327211 126.992393 -64.297684
v 10.105878 125.337318 -61.281193
v 6.206220 123.740288 -58.316593
v -46.749756 67.625168 25.013088
v -44.969707 66.710686 25.217279
v -40.133820 69.199821 25.757185
v -41.289955 71.061096 25.620787
v -36.040268 72.330070 26.211163
v -35.830147 74.497009 26.228477
v -38.275299 75.928268 25.947470
v -42.656528 73.261154 25.459553
v -47.204735 70.308868 24.953596
vt 0.208431 0.494797
vt 0.208575 0.478116
vt 0.229443 0.475893
vt 0.229271 0.493426
vt 0.252729 0.492198
vt 0.256170 0.471571
vt 0.275357 0.475888
vt 0.275429 0.493819
vt 0.298111 0.492176
vt 0.294163 0.471736
vt 0.321331 0.475953
vt 0.321541 0.493432
vt 0.198757 0.641525
vt 0.200055 0.589825
vt 0.221664 0.590600
vt 0.219751 0.640956
vt 0.244967 0.639373
vt 0.247968 0.591507
vt 0.275466 0.591669
vt 0.275481 0.635804
vt 0.305994 0.639365
vt 0.302966 0.591494
vt 0.329276 0.590573
vt 0.331197 0.640955
vt 0.199789 0.728809
vt 0.197393 0.704590
vt 0.219517 0.692482
vt 0.227784 0.730211
vt 0.252859 0.733034
vt 0.249003 0.687406
vt 0.275511 0.688085
vt 0.275516 0.730408
vt 0.298175 0.733010
vt 0.302021 0.687396
vt 0.331536 0.692451
vt 0.323246 0.730162
vt 0.805511 0.686057
vt 0.204711 0.752714
vt 0.229559 0.760254
vt 0.782889 0.696424
vt 0.784986 0.875584
vt 0.254181 0.941082
vt 0.275435 0.940431
vt 0.742298 0.896742
vt 0.699334 0.736241
vt 0.297037 0.807427
vt 0.321459 0.760204
vt 0.696358 0.696343
vt 0.808954 0.641287
vt 0.805193 0.664541
vt 0.784300 0.671779
vt 0.785729 0.644267
vt 0.763331 0.647822
vt 0.762442 0.673765
vt 0.742276 0.741120
vt 0.739609 0.647377
vt 0.715889 0.647774
vt 0.716786 0.673709
vt 0.694936 0.671695
vt 0.693494 0.644181
vt 0.806875 0.557726
vt 0.810121 0.617205
vt 0.790367 0.607046
vt 0.787575 0.557696
vt 0.763367 0.556090
vt 0.764746 0.603486
vt 0.739627 0.603152
vt 0.739688 0.556093
vt 0.716014 0.556064
vt 0.714496 0.603455
vt 0.688836 0.606971
vt 0.691820 0.557642
vt 0.803405 0.420481
vt 0.802841 0.435733
vt 0.782960 0.432290
vt 0.783371 0.416064
vt 0.759505 0.410786
vt 0.759570 0.428509
vt 0.739756 0.426992
vt 0.739743 0.409699
vt 0.720007 0.410786
vt 0.719946 0.428500
vt 0.696571 0.432245
vt 0.696182 0.416016
vt 0.819305 0.093413
vt 0.797386 0.086157
vt 0.790779 0.072322
vt 0.822344 0.073237
vt 0.265809 0.416173
vt 0.762697 0.377789
vt 0.739788 0.389948
vt 0.275377 0.462947
vt 0.364323 0.097210
vt 0.342669 0.089884
vt 0.336664 0.075169
vt 0.367299 0.076188
vt 0.342559 0.494848
vt 0.342402 0.478170
vt 0.366070 0.480227
vt 0.366198 0.495669
vt 0.352247 0.641476
vt 0.350872 0.589816
vt 0.374237 0.588973
vt 0.374011 0.638442
vt 0.936729 0.462892
vt 0.940585 0.464321
vt 0.946953 0.476690
vt 0.936605 0.482861
vt 0.804780 0.405462
vt 0.824266 0.410023
vt 0.823186 0.423812
vt 0.805355 0.509178
vt 0.825584 0.509339
vt 0.825621 0.554997
vt 0.118742 0.522844
vt 0.058006 0.517789
vt 0.074507 0.510871
vt 0.084702 0.516921
vt 0.822269 0.350445
vt 0.784755 0.399833
vt 0.805305 0.347137
vt 0.793942 0.336256
vt 0.777469 0.322538
vt 0.236211 0.409364
vt 0.220899 0.415267
vt 0.203041 0.415110
vt 0.182178 0.419746
vt 0.685950 0.336155
vt 0.717407 0.377787
vt 0.694840 0.399772
vt 0.674409 0.347030
vt 0.657366 0.350391
vt 0.674734 0.405426
vt 0.637625 0.358046
vt 0.347747 0.415166
vt 0.329799 0.415381
vt 0.314324 0.409429
vt 0.706215 0.336018
vt 0.292514 0.404556
vt 0.870618 0.237836
vt 0.844433 0.293934
vt 0.832214 0.287148
vt 0.858351 0.228645
vt 0.844944 0.223065
vt 0.821107 0.280742
vt 0.243727 0.342391
vt 0.826584 0.212775
vt 0.214622 0.282882
vt 0.224361 0.346790
vt 0.210147 0.349538
vt 0.199596 0.284960
vt 0.184434 0.288656
vt 0.194986 0.352422
vt 0.864110 0.304875
vt 0.163133 0.290367
vt 0.634803 0.222910
vt 0.658751 0.280554
vt 0.647480 0.287052
vt 0.621343 0.228556
vt 0.609012 0.237734
vt 0.635143 0.293889
vt 0.375465 0.356065
vt 0.590820 0.249121
vt 0.366326 0.288752
vt 0.355651 0.352469
vt 0.340563 0.349608
vt 0.351134 0.285011
vt 0.336042 0.282967
vt 0.326383 0.346874
vt 0.678330 0.268182
vt 0.315081 0.275917
vt 0.789900 0.091626
vt 0.894734 0.181072
vt 0.223763 0.023658
vt 0.779683 0.072008
vt 0.205625 0.023651
vt 0.212375 0.030485
vt 0.208733 0.046428
vt 0.818124 0.043214
vt 0.919973 0.054113
vt 0.218394 0.124576
vt 0.231547 0.124829
vt 0.925982 0.076298
vt 0.853028 0.105343
vt 0.173602 0.224408
vt 0.245023 0.044913
vt 0.815784 0.102925
vt 0.335499 0.095534
vt 0.609223 0.166963
vt 0.147562 0.023794
vt 0.325939 0.074804
vt 0.129108 0.019171
vt 0.133886 0.026698
vt 0.125138 0.040618
vt 0.363323 0.044920
vt 0.461211 0.056389
vt 0.114656 0.083148
vt 0.128082 0.110700
vt 0.466974 0.079440
vt 0.396801 0.109583
vt 0.345740 0.218419
vt 0.158805 0.046562
vt 0.361009 0.107136
vt 0.212264 0.093809
vt 0.204982 0.218327
vt 0.226791 0.056935
vt 0.229179 0.093286
vt 0.246067 0.092223
vt 0.255137 0.092099
vt 0.884191 0.095549
vt 0.853655 0.095653
vt 0.854753 0.074189
vt 0.884265 0.075061
vt 0.885799 0.054616
vt 0.855335 0.052709
vt 0.203340 0.068369
vt 0.888472 0.044995
vt 0.116537 0.064410
vt 0.377147 0.224500
vt 0.136900 0.057215
vt 0.135301 0.068971
vt 0.159593 0.072808
vt 0.169578 0.075371
vt 0.426769 0.099419
vt 0.397393 0.099512
vt 0.398467 0.077209
vt 0.426850 0.078134
vt 0.428347 0.056895
vt 0.399054 0.054890
vt 0.111199 0.052142
vt 0.430928 0.046902
vt 0.398347 0.732496
vt 0.353774 0.704759
vt 0.655189 0.607952
vt 0.404645 0.715309
vt 0.625247 0.642548
vt 0.669008 0.617360
vt 0.670290 0.641156
vt 0.629866 0.657272
vt 0.633967 0.675274
vt 0.674058 0.664432
vt 0.345812 0.774768
vt 0.637449 0.692485
vt 0.387906 0.765553
vt 0.346295 0.752641
vt 0.351218 0.728717
vt 0.392980 0.747350
vt 0.854032 0.642643
vt 0.181252 0.694641
vt 0.859345 0.625630
vt 0.152631 0.732602
vt 0.157999 0.747449
vt 0.163074 0.765647
vt 0.167481 0.783084
vt 0.845329 0.675366
vt 0.849419 0.657366
vt 0.462802 0.754848
vt 0.433121 0.744888
vt 0.586158 0.633072
vt 0.469035 0.736153
vt 0.562716 0.661102
vt 0.591598 0.653084
vt 0.596668 0.669873
vt 0.567525 0.676181
vt 0.573571 0.695803
vt 0.602326 0.689166
vt 0.414557 0.801264
vt 0.575415 0.714705
vt 0.450039 0.789809
vt 0.420413 0.781867
vt 0.427222 0.762131
vt 0.457315 0.770152
vt 0.916571 0.661069
vt 0.887682 0.653104
vt 0.112049 0.724515
vt 0.922852 0.642462
vt 0.088177 0.754903
vt 0.117860 0.744959
vt 0.123753 0.762207
vt 0.093657 0.770210
vt 0.100926 0.789871
vt 0.130556 0.781946
vt 0.872833 0.708772
vt 0.104321 0.808576
vt 0.905760 0.695791
vt 0.876995 0.689207
vt 0.882631 0.669903
vt 0.911782 0.676158
vt 0.245118 0.820265
vt 0.256063 0.761423
vt 0.275458 0.816348
vt 0.275456 0.817082
vt 0.305796 0.819611
vt 0.322444 0.827635
vt 0.716707 0.746651
vt 0.742277 0.751635
vt 0.767846 0.746640
vt 0.232576 0.815700
vt 0.789238 0.746868
vt 0.242805 0.909093
vt 0.242913 0.847487
vt 0.275453 0.850080
vt 0.275444 0.899369
vt 0.308078 0.909112
vt 0.307992 0.847504
vt 0.685718 0.768892
vt 0.335635 0.923345
vt 0.710517 0.826756
vt 0.709025 0.772272
vt 0.742280 0.767854
vt 0.742288 0.823907
vt 0.774059 0.826743
vt 0.775535 0.772258
vt 0.216918 0.852154
vt 0.800161 0.835727
vt 0.803587 0.472219
vt 0.184266 0.511368
vt 0.823748 0.473030
vt 0.786007 0.508646
vt 0.783967 0.470951
vt 0.760849 0.468488
vt 0.762764 0.507838
vt 0.739729 0.507585
vt 0.739749 0.469813
vt 0.718652 0.468468
vt 0.716699 0.507812
vt 0.693463 0.508589
vt 0.695538 0.470900
vt 0.347089 0.550471
vt 0.343449 0.511536
vt 0.656251 0.437958
vt 0.370672 0.549455
vt 0.305626 0.550928
vt 0.300328 0.509969
vt 0.323635 0.511057
vt 0.326613 0.553291
vt 0.245263 0.550946
vt 0.250519 0.509979
vt 0.275426 0.509223
vt 0.275447 0.553833
vt 0.203857 0.550446
vt 0.207534 0.511493
vt 0.227207 0.511082
vt 0.224277 0.553331
vt 0.296688 0.941095
vt 0.317831 0.963343
vt 0.722395 0.859395
vt 0.742293 0.859091
vt 0.762190 0.859387
vt 0.672412 0.557619
vt 0.673996 0.509116
vt 0.676597 0.435714
vt 0.676064 0.420456
vt 0.798456 0.058765
vt 0.820876 0.052919
vt 0.343747 0.061021
vt 0.365907 0.055032
vt 0.963235 0.483911
vt 0.902883 0.489040
vt 0.909072 0.482168
vt 0.925033 0.475729
vt 0.931354 0.463643
vt 0.080884 0.498420
vt 0.084741 0.496992
vt 0.090126 0.497750
vt 0.096539 0.509638
vt 0.112499 0.516024
vt 0.245369 0.109349
vt 0.249130 0.116712
vt 0.914174 0.091435
vt 0.914507 0.075957
vt 0.915392 0.060496
vt 0.143488 0.116794
vt 0.145270 0.126440
vt 0.455609 0.095160
vt 0.455938 0.079081
vt 0.456800 0.063019
vt 0.982240 0.434188
vt 0.963585 0.427947
vt 0.946509 0.423110
vt 0.890921 0.433118
vt 0.882130 0.436526
vt 0.926679 0.423006
vt 0.909612 0.427375
vt 0.937930 0.422313
vt 0.075163 0.457134
vt 0.058225 0.461798
vt 0.039557 0.467684
vt 0.094859 0.456979
vt 0.083682 0.456346
vt 0.130564 0.466891
vt 0.111877 0.461251
vt 0.033116 0.470128
vt 0.675805 0.472192
vt 0.653419 0.509254
vt 0.655248 0.472962
vt 0.367019 0.511392
vt 0.176921 0.588998
vt 0.180547 0.549455
vt 0.822760 0.437993
vt 0.233028 0.963316
vt 0.215241 0.923308
vt 0.798841 0.768868
vt 0.699605 0.875602
vt 0.684417 0.835751
vt 0.333987 0.852188
vt 0.228471 0.827609
vt 0.254212 0.785439
vt 0.759269 0.697501
vt 0.785216 0.736222
vt 0.695315 0.746888
vt 0.719972 0.697428
vt 0.296799 0.785396
vt 0.318344 0.815723
vt 0.903939 0.714697
vt 0.136407 0.801345
vt 0.081951 0.736203
vt 0.893090 0.633076
vt 0.446638 0.808511
vt 0.606509 0.708725
vt 0.556410 0.642507
vt 0.438944 0.724452
vt 0.841861 0.692578
vt 0.205190 0.774839
vt 0.146366 0.715395
vt 0.823906 0.608060
vt 0.383498 0.782992
vt 0.673752 0.685953
vt 0.619881 0.625562
vt 0.369876 0.694574
vt 0.624476 0.158216
vt 0.327082 0.211968
vt 0.653476 0.212425
vt 0.306569 0.342322
vt 0.153133 0.050558
vt 0.361352 0.222428
vt 0.125968 0.045756
vt 0.396618 0.225899
vt 0.569871 0.190223
vt 0.388031 0.290471
vt 0.615162 0.304972
vt 0.596954 0.173816
vt 0.584932 0.180968
vt 0.909456 0.190131
vt 0.154402 0.225852
vt 0.888489 0.249012
vt 0.175675 0.355943
vt 0.241882 0.047343
vt 0.189385 0.222364
vt 0.213528 0.046751
vt 0.223402 0.212053
vt 0.855547 0.158550
vt 0.235225 0.276013
vt 0.801766 0.268578
vt 0.882733 0.173912
vt 0.870470 0.167071
vt 0.702590 0.322102
vt 0.284431 0.416033
vt 0.369025 0.419829
vt 0.654789 0.409992
vt 0.841623 0.358035
vt 0.185243 0.480200
vt 0.257695 0.404697
vt 0.773758 0.336466
vt 0.177136 0.638471
vt 0.185108 0.495641
vt 0.653403 0.554919
vt 0.655840 0.423782
vt 0.740026 0.329135
vt 0.739609 0.679991
vt 0.717946 0.727940
vt 0.321543 0.784229
vt 0.275425 0.981496
vt 0.229466 0.784279
vt 0.766602 0.727930
vt 0.275513 0.766895
vt 0.294962 0.761394
vt 0.158494 0.031032
vt 0.235614 0.029385
vt 0.253884 0.807420
vt 0.968218 0.693073
vt 0.970279 0.686813
vt 0.964692 0.720144
vt 0.041234 0.817480
vt 0.965692 0.701614
vt 0.035620 0.790589
vt 0.038855 0.799577
vt 0.026837 0.766821
vt 0.976742 0.669618
vt 0.033170 0.783659
vt 0.515345 0.790561
vt 0.512107 0.799546
vt 0.509721 0.817448
vt 0.514670 0.720260
vt 0.513647 0.701731
vt 0.511110 0.693195
vt 0.509040 0.686939
vt 0.502555 0.669755
vt 0.524137 0.766797
vt 0.517798 0.783632
vt 0.052820 0.522857
vt 0.139366 0.470253
vt 0.968347 0.489050
vt 0.988625 0.436785
vt 0.108883 0.091107
vt 0.106409 0.062482
vt 0.399209 0.044805
vt 0.459518 0.102060
vt 0.428604 0.109556
vt 0.167704 0.057128
vt 0.215342 0.132259
vt 0.203222 0.094543
vt 0.855471 0.043005
vt 0.918242 0.098075
vt 0.886101 0.105305
vt 0.255511 0.067846
vt 0.169019 0.047690
vt 0.166893 0.025823
vt 0.125973 0.120002
vt 0.337008 0.054912
vt 0.115292 0.038211
vt 0.149847 0.015689
vt 0.254586 0.043904
vt 0.241676 0.021944
vt 0.231922 0.132778
vt 0.791425 0.052872
vt 0.199112 0.046316
vt 0.223332 0.014444
vn 0.127922 0.911572 0.390735
vn 0.127922 0.911571 0.390735
vn 0.352879 0.731168 0.583841
vn 0.394507 0.682450 0.615327
vn 0.500377 0.532412 0.682759
vn 0.615101 0.616844 0.491075
vn 0.512716 0.738379 0.438086
vn 0.499334 0.539323 0.678083
vn 0.666239 0.590380 0.455607
vn 0.285212 0.931415 0.226097
vn 0.693517 0.689737 0.208081
vn 0.695048 0.690600 0.199949
vn -0.392918 0.593127 0.702721
vn -0.385183 0.538910 0.749139
vn 0.003879 0.613305 0.789837
vn -0.009149 0.655117 0.755472
vn 0.400921 0.659260 0.636112
vn 0.410819 0.560187 0.719318
vn 0.622540 0.490070 0.610143
vn 0.610387 0.616713 0.497084
vn 0.796796 0.491746 0.351143
vn 0.801171 0.409029 0.436829
vn 0.964508 0.221822 0.143244
vn 0.954228 0.277578 0.111356
vn 0.589192 0.455232 0.667546
vn 0.313882 0.294298 0.902700
vn 0.094621 0.599094 0.795068
vn 0.396387 0.607727 0.688147
vn 0.538992 0.653542 0.531386
vn 0.506802 0.580242 0.637551
vn 0.631044 0.545178 0.551873
vn 0.614070 0.626375 0.480179
vn 0.682689 0.604814 0.410044
vn 0.751803 0.492124 0.438870
vn 0.937463 0.316792 0.144242
vn 0.852289 0.459635 0.249677
vn -0.553581 0.828879 0.080672
vn 0.014385 0.902477 0.430499
vn 0.160999 0.941014 0.297612
vn -0.323553 0.935396 -0.142648
vn -0.241369 0.838810 0.487995
vn 0.346912 0.458602 0.818130
vn 0.765655 0.403906 0.500632
vn 0.296134 0.951532 0.083015
vn 0.181439 0.790103 -0.585506
vn 0.478925 0.851196 0.214702
vn 0.510868 0.857525 0.060541
vn -0.056528 0.909760 -0.411269
vn -0.853024 -0.406428 -0.327363
vn -0.920696 0.334774 -0.200614
vn -0.775372 0.486136 -0.403075
vn -0.870546 -0.162979 -0.464315
vn -0.746634 -0.172292 -0.642537
vn -0.773812 0.207175 -0.598576
vn -0.670476 -0.073865 -0.738245
vn -0.660231 -0.223360 -0.717081
vn -0.641169 -0.233142 -0.731127
vn -0.561206 0.062358 -0.825324
vn -0.523271 0.331579 -0.785011
vn -0.543651 -0.343012 -0.766020
vn -0.986282 0.128852 0.103177
vn -0.958066 -0.286103 0.015935
vn -0.929973 -0.165287 -0.328376
vn -0.892044 -0.262360 -0.368000
vn -0.699676 -0.430160 -0.570453
vn -0.725968 -0.322114 -0.607630
vn -0.659579 -0.353210 -0.663474
vn -0.639827 -0.465854 -0.611229
vn -0.588811 -0.489740 -0.643005
vn -0.616785 -0.381335 -0.688592
vn -0.380075 -0.432974 -0.817360
vn -0.383442 -0.529064 -0.757009
vn -0.947654 -0.309381 -0.078959
vn -0.968585 -0.245820 0.037617
vn -0.706670 -0.579688 -0.405684
vn -0.649485 -0.645890 -0.401242
vn -0.517509 -0.740716 -0.428398
vn -0.571085 -0.669775 -0.474619
vn -0.576179 -0.683361 -0.448370
vn -0.531463 -0.764013 -0.365829
vn -0.565772 -0.757199 -0.326423
vn -0.582387 -0.679914 -0.445581
vn -0.437149 -0.722733 -0.535310
vn -0.447716 -0.796279 -0.406805
vn -0.216875 -0.964048 -0.153547
vn -0.213052 -0.959591 -0.183832
vn -0.214569 -0.959902 -0.180412
vn -0.217864 -0.964460 -0.149505
vn 0.751591 -0.539078 0.380138
vn 0.445228 -0.848441 0.286216
vn 0.011212 -0.936414 0.350718
vn 0.377328 -0.132658 0.916529
vn 0.277031 -0.168766 0.945924
vn 0.278168 -0.173249 0.944779
vn 0.277028 -0.174183 0.944942
vn 0.275138 -0.170701 0.946129
vn 0.826238 -0.244563 -0.507465
vn 0.826238 -0.244563 -0.507465
vn 0.826238 -0.244563 -0.507465
vn 0.826238 -0.244563 -0.507465
vn 0.988904 0.039785 -0.143129
vn 0.987098 -0.059183 -0.148781
vn 0.770773 -0.409865 -0.487769
vn 0.756522 -0.304911 -0.578536
vn -0.110227 0.928311 0.355091
vn -0.110227 0.928311 0.355091
vn -0.110227 0.928310 0.355091
vn -0.110227 0.928311 0.355091
vn -0.965293 0.255961 0.051903
vn -0.965293 0.255961 0.051903
vn -0.965293 0.255961 0.051903
vn -0.965293 0.255961 0.051903
vn -0.993141 -0.101376 0.058261
vn -0.782255 0.309176 0.540822
vn -0.763114 0.424010 0.487721
vn -0.112462 0.002962 0.993652
vn -0.112462 0.002962 0.993652
vn -0.112462 0.002962 0.993652
vn -0.112462 0.002962 0.993652
vn -0.722561 -0.688173 -0.065757
vn -0.758249 -0.636267 -0.142202
vn -0.448847 -0.888731 -0.093235
vn -0.450453 -0.891426 -0.049510
vn 0.663998 -0.716752 0.213013
vn 0.675818 -0.708927 0.201725
vn 0.923916 0.278044 0.262813
vn 0.504320 0.853845 0.128880
vn 0.433202 0.889001 0.148367
vn -0.783214 0.618630 -0.062241
vn -0.762976 0.639873 -0.091816
vn -0.762976 0.639873 -0.091816
vn -0.780623 0.621492 -0.066146
vn -0.516321 -0.720833 0.462400
vn -0.456141 -0.785809 0.417660
vn -0.281114 -0.932422 0.227079
vn -0.335910 -0.897681 0.285190
vn 0.604355 -0.654857 -0.453781
vn 0.604975 -0.655303 -0.452309
vn 0.604975 -0.655303 -0.452309
vn 0.604299 -0.654817 -0.453914
vn 0.589868 0.627837 -0.507815
vn 0.507008 0.706741 -0.493417
vn 0.282191 0.908536 -0.308107
vn 0.341999 0.888241 -0.306700
vn -0.187068 0.952121 0.241806
vn -0.396443 0.263740 0.879360
vn -0.428008 0.687574 0.586559
vn -0.221995 0.812941 -0.538372
vn 0.116763 0.946539 -0.300718
vn 0.479496 0.871687 -0.101217
vn 0.497392 0.662466 -0.560125
vn 0.968105 0.162849 -0.190400
vn 0.782339 0.608638 -0.132306
vn 0.607991 -0.506441 0.611444
vn 0.810936 -0.497207 0.308494
vn 0.251060 -0.583336 0.772456
vn -0.023220 -0.280502 0.959573
vn -0.262642 -0.174127 0.949052
vn -0.372465 -0.394587 0.839983
vn -0.884496 0.050522 0.463805
vn -0.479199 -0.069879 0.874920
vn -0.926973 0.369572 0.064330
vn -0.833337 0.491706 -0.252537
vn -0.906759 0.232664 0.351647
vn -0.936808 0.178771 0.300719
vn -0.699535 -0.712348 -0.056668
vn -0.763964 -0.644292 0.035313
vn 0.076226 -0.944717 -0.318903
vn 0.252733 -0.887891 -0.384417
vn 0.656197 -0.598497 -0.459573
vn 0.596881 -0.688398 -0.412118
vn 0.896049 -0.230456 -0.379455
vn 0.913955 -0.062206 -0.401019
vn 0.717102 0.695433 -0.046239
vn 0.771715 0.635317 -0.028794
vn -0.065339 0.931239 0.358505
vn -0.069301 0.935626 0.346125
vn -0.611283 0.674349 0.414230
vn -0.580844 0.694900 0.423951
vn -0.013214 0.531679 -0.846843
vn -0.013214 0.531679 -0.846843
vn 0.422475 0.467595 -0.776447
vn 0.442057 0.461956 -0.768884
vn 0.973741 0.074229 0.215216
vn 0.973741 0.074229 0.215216
vn 0.973741 0.074229 0.215216
vn 0.973741 0.074229 0.215216
vn 0.159007 0.898225 0.409767
vn 0.159007 0.898225 0.409768
vn 0.081009 0.922049 0.378502
vn 0.081010 0.922049 0.378502
vn -0.652469 0.744700 -0.140377
vn -0.652469 0.744700 -0.140377
vn -0.652469 0.744700 -0.140377
vn -0.652469 0.744700 -0.140377
vn -0.982085 -0.117191 -0.147565
vn -0.982085 -0.117191 -0.147565
vn -0.811222 -0.496742 -0.308489
vn -0.815727 -0.490785 -0.306136
vn 0.286461 -0.775787 -0.562223
vn 0.286461 -0.775787 -0.562223
vn 0.286461 -0.775787 -0.562223
vn 0.286461 -0.775787 -0.562223
vn 0.038304 0.280946 -0.958959
vn 0.038304 0.280946 -0.958959
vn -0.012127 0.348819 -0.937112
vn -0.012127 0.348819 -0.937112
vn -0.588998 0.767764 -0.252230
vn -0.588998 0.767764 -0.252230
vn -0.588998 0.767764 -0.252230
vn -0.588998 0.767764 -0.252230
vn 0.235552 0.970065 0.059069
vn 0.235552 0.970065 0.059069
vn 0.238223 0.968830 0.067960
vn 0.238220 0.968831 0.067952
vn -0.670737 0.647066 -0.362516
vn -0.670737 0.647066 -0.362516
vn -0.670737 0.647066 -0.362516
vn -0.670737 0.647066 -0.362516
vn -0.222452 -0.971094 -0.086549
vn -0.220736 -0.968840 -0.112365
vn -0.221608 -0.969252 -0.106960
vn -0.223217 -0.971153 -0.083887
vn 0.899076 -0.238022 0.367435
vn 0.899129 -0.241088 0.365300
vn 0.899128 -0.241012 0.365353
vn 0.899076 -0.238022 0.367435
vn -0.269189 0.165201 -0.948813
vn -0.269189 0.165201 -0.948813
vn -0.271852 0.163244 -0.948392
vn -0.271854 0.163243 -0.948392
vn -0.691458 0.709426 -0.136384
vn -0.691458 0.709426 -0.136384
vn -0.691458 0.709426 -0.136384
vn -0.691458 0.709426 -0.136384
vn 0.271673 -0.160706 0.948877
vn 0.274111 -0.163439 0.947708
vn 0.272062 -0.165149 0.948002
vn 0.270182 -0.161841 0.949110
vn 0.578629 -0.760609 -0.294383
vn 0.579569 -0.758857 -0.297045
vn 0.579576 -0.758844 -0.297065
vn 0.578629 -0.760609 -0.294383
vn 0.584893 0.015724 0.810958
vn 0.995790 0.071575 0.057275
vn 0.672147 -0.703504 0.230870
vn 0.691508 -0.641946 0.331243
vn 0.435856 -0.851336 -0.291987
vn 0.138239 -0.562130 -0.815414
vn -0.168785 -0.624855 -0.762278
vn 0.053201 -0.690937 -0.720955
vn -0.433878 -0.141246 -0.889831
vn -0.497408 0.028433 -0.867051
vn -0.339459 0.803423 -0.489162
vn -0.676861 0.610655 -0.411047
vn -0.345340 0.909666 0.230755
vn 0.179397 0.975871 0.124472
vn 0.670805 0.499512 0.548186
vn 0.187785 0.657665 0.729530
vn -0.049660 -0.939069 -0.340124
vn 0.530599 -0.845608 0.058412
vn 0.588079 -0.808790 0.004594
vn 0.916382 -0.185916 0.354514
vn 0.714388 0.489080 0.500450
vn 0.008458 0.956436 0.291821
vn -0.584944 0.809095 -0.056628
vn -0.896906 0.204344 -0.392179
vn -0.660875 -0.551004 -0.509548
vn 0.039209 -0.399645 0.915831
vn 0.242873 -0.302124 0.921810
vn 0.762413 -0.435430 0.478672
vn 0.662348 -0.196926 0.722852
vn 0.985254 0.031110 0.168245
vn 0.873949 -0.414726 -0.253410
vn 0.543778 -0.294143 -0.785994
vn 0.760589 0.300956 -0.575265
vn 0.040045 0.511584 -0.858300
vn 0.049810 -0.026139 -0.998417
vn -0.687284 0.397201 -0.608172
vn -0.647807 0.439077 -0.622541
vn -0.973338 0.094874 -0.208833
vn -0.928225 0.320659 -0.188617
vn -0.633923 0.061079 0.770980
vn -0.768089 -0.379822 0.515534
vn -0.081937 -0.996476 0.017965
vn -0.157778 -0.957750 -0.240461
vn 0.552707 -0.830835 -0.065018
vn 0.531904 -0.843757 0.071780
vn 0.931281 -0.353465 0.088198
vn 0.962909 -0.244065 0.115060
vn 0.775787 0.580096 0.248279
vn 0.830591 0.548708 0.095072
vn 0.029119 0.979613 0.198775
vn -0.001596 0.982693 0.185236
vn -0.616908 0.787031 0.002618
vn -0.564872 0.801516 0.196191
vn -0.947491 0.298675 0.114255
vn -0.961426 0.107949 -0.252996
vn -0.751242 -0.575655 -0.322887
vn -0.830120 -0.557074 -0.023867
vn 0.353786 0.553908 0.753672
vn 0.353786 0.553908 0.753672
vn 0.353786 0.553908 0.753672
vn 0.353786 0.553908 0.753672
vn 0.862722 -0.191646 -0.467957
vn 0.862722 -0.191646 -0.467957
vn 0.661167 -0.268239 -0.700647
vn -0.142444 -0.814134 -0.562935
vn -0.593393 -0.695503 -0.405168
vn -0.615958 -0.735296 -0.282730
vn -0.709321 -0.641782 0.291514
vn -0.264963 0.959188 -0.098758
vn -0.554398 0.011524 0.832172
vn 0.136339 0.062445 0.988692
vn 0.186217 -0.130018 0.973868
vn 0.814506 -0.171460 0.554240
vn 0.802118 -0.072357 0.592766
vn 0.976920 -0.069868 -0.201855
vn 0.943550 -0.249208 -0.218195
vn 0.574442 -0.308187 -0.758312
vn 0.601648 0.009145 -0.798709
vn -0.204451 -0.016986 -0.978729
vn -0.315896 -0.323213 -0.892044
vn -0.809870 -0.272550 -0.519449
vn -0.813942 -0.038220 -0.579687
vn -0.986652 0.130958 0.096792
vn -0.984632 -0.161872 0.065554
vn -0.497029 -0.092236 0.862818
vn -0.539866 0.218882 0.812795
vn -0.976610 -0.186289 0.107374
vn -0.783060 0.196343 0.590141
vn -0.765047 0.231013 0.601112
vn -0.820011 -0.430707 -0.376927
vn -0.766249 -0.524018 -0.371843
vn -0.613284 -0.619502 -0.490000
vn -0.660912 -0.542225 -0.518833
vn -0.613672 -0.571636 -0.544646
vn -0.594454 -0.635680 -0.492479
vn -0.574752 -0.639573 -0.510496
vn -0.570435 -0.588529 -0.572921
vn -0.384904 -0.640701 -0.664343
vn -0.399088 -0.686696 -0.607600
vn 0.993170 -0.068294 -0.094603
vn 0.994858 -0.078593 -0.063877
vn 0.758005 -0.438169 -0.483153
vn 0.788404 -0.399893 -0.467445
vn 0.758083 0.277361 0.590238
vn 0.712205 0.321215 0.624168
vn 0.882335 0.207667 0.422326
vn 0.936023 0.176412 0.304533
vn 0.456742 0.400124 0.794536
vn 0.515433 0.437017 0.737120
vn 0.625140 0.391874 0.675007
vn 0.618859 0.317404 0.718518
vn -0.349967 0.461746 0.815054
vn -0.313771 0.435626 0.843669
vn 0.211415 0.486591 0.847663
vn 0.106258 0.502531 0.858004
vn 0.518306 0.460374 0.720704
vn 0.275515 0.503764 0.818727
vn -0.383007 0.474330 0.792664
vn 0.732303 0.475221 0.487748
vn 0.718091 0.274224 0.639646
vn 0.639661 0.383905 0.665921
vn 0.717313 0.688802 -0.104945
vn 0.717313 0.688802 -0.104945
vn 0.984347 -0.100293 -0.144923
vn 0.833013 0.218008 0.508489
vn 0.420894 0.869925 0.257059
vn 0.556161 0.765263 0.324125
vn 0.931237 0.363288 -0.028637
vn 0.491868 0.706261 -0.509177
vn -0.037341 0.639173 -0.768156
vn -0.460213 0.768568 -0.444417
vn -0.636569 0.769488 0.051658
vn 0.129193 -0.511482 -0.849527
vn 0.171335 -0.661194 -0.730388
vn -0.396319 -0.910472 -0.118203
vn -0.422212 -0.884979 -0.196342
vn -0.458700 -0.865008 -0.203361
vn -0.786738 -0.562696 -0.253806
vn -0.786738 -0.562696 -0.253806
vn -0.388223 -0.920390 0.046523
vn -0.385441 -0.525680 0.758351
vn -0.157964 -0.983773 -0.085076
vn -0.491960 -0.867656 -0.071749
vn 0.142196 -0.733008 -0.665191
vn 0.084388 -0.810766 -0.579256
vn -0.241746 -0.941308 -0.235579
vn -0.241746 -0.941308 -0.235579
vn -0.465601 -0.884252 0.036254
vn -0.442598 -0.896707 0.004841
vn -0.216070 -0.960196 -0.177022
vn -0.219226 -0.965314 -0.141803
vn -0.222466 -0.969623 -0.101686
vn 0.275890 -0.175114 0.945103
vn 0.273015 -0.172188 0.946474
vn 0.270001 -0.166866 0.948291
vn 0.593456 -0.641446 -0.486165
vn 0.593456 -0.641446 -0.486165
vn 0.593456 -0.641446 -0.486165
vn 0.593456 -0.641446 -0.486165
vn 0.713900 -0.482758 -0.507238
vn 0.767126 -0.154431 -0.622631
vn -0.110225 0.928312 0.355089
vn -0.110225 0.928312 0.355089
vn -0.110226 0.928311 0.355089
vn -0.110226 0.928311 0.355089
vn -0.110227 0.928311 0.355090
vn -0.110227 0.928311 0.355090
vn -0.110227 0.928311 0.355091
vn -0.110227 0.928311 0.355090
vn -0.739436 0.668018 0.083581
vn -0.739436 0.668018 0.083581
vn -0.739436 0.668018 0.083581
vn -0.739436 0.668018 0.083581
vn -0.851241 0.225991 0.473621
vn -0.705046 0.524417 0.477386
vn -0.112461 0.002963 0.993652
vn -0.112461 0.002963 0.993652
vn -0.112462 0.002964 0.993652
vn -0.112462 0.002964 0.993652
vn -0.112462 0.002964 0.993652
vn -0.112462 0.002964 0.993652
vn -0.112462 0.002963 0.993652
vn -0.112462 0.002963 0.993652
vn -0.130089 -0.990696 -0.039990
vn -0.137495 -0.990496 0.003726
vn -0.146949 -0.987199 0.062004
vn -0.451157 -0.891926 0.030438
vn -0.687003 -0.726654 -0.000869
vn 0.937162 -0.175566 0.301503
vn 0.963140 -0.164924 0.212514
vn 0.963140 -0.164924 0.212514
vn 0.723775 -0.672906 0.152798
vn 0.723775 -0.672906 0.152798
vn 0.130754 0.990834 0.033920
vn 0.050685 0.995009 0.085953
vn -0.011753 0.991988 0.125781
vn 0.405381 0.892831 0.196261
vn 0.781891 0.579074 0.230911
vn -0.961457 0.252051 -0.109869
vn -0.961457 0.252051 -0.109869
vn -0.969154 0.229112 -0.090826
vn -0.970289 0.225456 -0.087800
vn -0.977332 0.200705 -0.067372
vn -0.977332 0.200705 -0.067372
vn -0.801360 0.597229 -0.033752
vn -0.801360 0.597229 -0.033752
vn -0.122178 -0.990748 0.059080
vn -0.141373 -0.984946 0.099469
vn -0.160777 -0.976908 0.140717
vn -0.384843 -0.859288 0.336927
vn -0.585912 -0.627321 0.513007
vn 0.753186 -0.289966 -0.590450
vn 0.753186 -0.289966 -0.590450
vn 0.746873 -0.324217 -0.580572
vn 0.747984 -0.318586 -0.582257
vn 0.741116 -0.351321 -0.572119
vn 0.741116 -0.351321 -0.572119
vn 0.603720 -0.654399 -0.455285
vn 0.603720 -0.654399 -0.455285
vn 0.072124 0.997395 0.000831
vn 0.426740 0.851006 -0.306075
vn 0.653392 0.555132 -0.514692
vn -0.636272 0.215858 0.740651
vn -0.650316 0.236263 0.721990
vn -0.688033 0.295026 0.663001
vn -0.688033 0.295026 0.663001
vn -0.498080 0.690927 0.523963
vn -0.498080 0.690927 0.523963
vn 0.954677 -0.039975 -0.294946
vn 0.419705 0.512774 -0.748939
vn -0.374792 0.655373 -0.655757
vn 0.461395 -0.739102 0.490758
vn 0.856735 -0.479378 0.190266
vn -0.977947 0.208596 -0.010328
vn -0.542233 -0.596639 0.591613
vn -0.797188 0.496743 -0.343128
vn 0.038093 -0.959512 -0.279081
vn -0.760431 -0.645016 0.075497
vn -0.887268 0.242927 0.392100
vn 0.871074 -0.361817 -0.332142
vn 0.547944 -0.749693 -0.371104
vn -0.059723 0.926881 0.370575
vn 0.821597 0.570056 -0.003791
vn -0.544701 0.715926 0.436749
vn 0.819589 0.277017 -0.501532
vn 0.819589 0.277017 -0.501532
vn 0.780141 -0.076957 -0.620852
vn 0.780141 -0.076957 -0.620852
vn 0.386563 0.063341 -0.920085
vn 0.375026 0.066749 -0.924608
vn -0.100992 0.185233 -0.977491
vn -0.100992 0.185233 -0.977491
vn 0.827769 0.360939 0.429561
vn 0.827769 0.360939 0.429561
vn 0.827769 0.360939 0.429561
vn 0.827769 0.360939 0.429561
vn 0.899166 -0.243779 0.363419
vn 0.899166 -0.243779 0.363419
vn 0.960775 -0.234795 0.147588
vn 0.960775 -0.234795 0.147588
vn 0.960775 -0.234795 0.147588
vn 0.960775 -0.234795 0.147588
vn 0.002396 0.938838 0.344350
vn 0.002396 0.938838 0.344350
vn -0.481929 -0.474877 0.736367
vn -0.481929 -0.474877 0.736367
vn -0.441305 -0.486041 0.754330
vn -0.441305 -0.486041 0.754330
vn -0.399756 -0.496186 0.770710
vn -0.399756 -0.496186 0.770710
vn -0.674437 0.553698 -0.488420
vn -0.674437 0.553698 -0.488420
vn -0.674437 0.553698 -0.488420
vn -0.674437 0.553698 -0.488420
vn -0.768017 0.262441 -0.584187
vn -0.768017 0.262441 -0.584187
vn -0.768017 0.262441 -0.584187
vn -0.768017 0.262441 -0.584187
vn -0.897061 0.248640 -0.365321
vn -0.897915 0.244003 -0.366348
vn -0.897916 0.244000 -0.366348
vn -0.897061 0.248640 -0.365321
vn -0.492518 -0.769907 -0.405794
vn -0.492518 -0.769907 -0.405794
vn -0.412813 -0.909785 -0.043312
vn -0.412813 -0.909785 -0.043312
vn -0.770108 -0.628211 0.110838
vn -0.766315 -0.633178 0.108847
vn -0.948981 -0.206462 0.238346
vn -0.948981 -0.206462 0.238346
vn 0.403281 -0.504300 -0.763575
vn 0.403281 -0.504300 -0.763575
vn 0.403281 -0.504300 -0.763575
vn 0.403281 -0.504300 -0.763575
vn 0.580404 -0.757284 -0.299420
vn 0.580404 -0.757284 -0.299420
vn 0.395638 -0.877561 -0.270845
vn 0.395638 -0.877561 -0.270845
vn 0.395638 -0.877561 -0.270845
vn 0.395638 -0.877561 -0.270845
vn -0.062466 0.414032 -0.908117
vn -0.062466 0.414032 -0.908117
vn 0.775218 0.499100 0.387216
vn 0.775218 0.499100 0.387216
vn 0.802502 0.464665 0.374267
vn 0.802502 0.464665 0.374267
vn 0.828103 0.429256 0.360534
vn 0.828103 0.429256 0.360534
vn -0.777480 0.628876 -0.006347
vn -0.777480 0.628876 -0.006347
vn -0.777480 0.628876 -0.006347
vn -0.777480 0.628876 -0.006347
vn -0.728874 0.606336 0.317962
vn -0.728874 0.606336 0.317962
vn -0.728874 0.606336 0.317962
vn -0.728874 0.606336 0.317962
vn -0.581221 0.756976 0.298612
vn -0.580114 0.758602 0.296632
vn -0.580104 0.758616 0.296615
vn -0.581221 0.756976 0.298612
vn 0.240904 0.967493 0.076953
vn 0.240905 0.967493 0.076953
vn 0.101965 0.988083 0.115304
vn 0.101965 0.988083 0.115304
vn 0.190153 0.970004 0.151441
vn 0.190172 0.969999 0.151448
vn 0.276440 0.942839 0.186107
vn 0.276440 0.942839 0.186107
vn -0.898855 0.238761 -0.367496
vn -0.898855 0.238761 -0.367496
vn -0.956979 -0.002921 -0.290143
vn -0.956979 -0.002921 -0.290143
vn -0.956979 -0.002921 -0.290143
vn -0.956979 -0.002921 -0.290143
vn -0.633191 0.732574 -0.249810
vn -0.633191 0.732574 -0.249810
vn -0.633191 0.732574 -0.249810
vn -0.633191 0.732574 -0.249810
vn -0.223973 -0.971203 -0.081249
vn -0.158756 -0.987264 0.010342
vn -0.158756 -0.987264 0.010342
vn -0.242327 -0.969876 -0.024867
vn -0.242415 -0.969853 -0.024905
vn -0.324051 -0.944138 -0.059960
vn -0.324051 -0.944138 -0.059960
vn 0.928927 0.229986 0.290175
vn 0.928927 0.229986 0.290175
vn 0.928927 0.229986 0.290175
vn 0.928927 0.229986 0.290175
vn 0.862604 0.341978 0.372781
vn 0.862604 0.341978 0.372781
vn 0.862604 0.341978 0.372781
vn 0.862604 0.341978 0.372781
vn 0.777981 -0.453989 0.434328
vn 0.777981 -0.453989 0.434328
vn 0.777980 -0.453989 0.434328
vn 0.777980 -0.453989 0.434328
vn -0.274507 0.161289 -0.947962
vn -0.274507 0.161289 -0.947962
vn -0.272131 0.275012 -0.922124
vn -0.272131 0.275012 -0.922124
vn -0.216473 0.201233 -0.955324
vn -0.216475 0.201237 -0.955323
vn -0.158728 0.125515 -0.979312
vn -0.158728 0.125515 -0.979312
vn -0.578865 0.760422 0.294405
vn -0.578865 0.760422 0.294405
vn -0.417063 0.763480 0.493109
vn -0.417063 0.763480 0.493109
vn -0.417063 0.763480 0.493109
vn -0.417063 0.763480 0.493109
vn -0.620200 0.731003 -0.284581
vn -0.620200 0.731003 -0.284581
vn -0.620200 0.731003 -0.284581
vn -0.620200 0.731003 -0.284581
vn 0.268684 -0.162980 0.949340
vn 0.373891 -0.184560 0.908924
vn 0.373891 -0.184560 0.908924
vn 0.322442 -0.115097 0.939566
vn 0.322463 -0.115124 0.939555
vn 0.268310 -0.044701 0.962295
vn 0.268310 -0.044701 0.962295
vn 0.347823 -0.658105 -0.667770
vn 0.347823 -0.658105 -0.667770
vn 0.347823 -0.658105 -0.667770
vn 0.347823 -0.658105 -0.667770
vn 0.341279 -0.538499 -0.770421
vn 0.341279 -0.538499 -0.770420
vn 0.341279 -0.538499 -0.770420
vn 0.341279 -0.538499 -0.770421
vn 0.699584 -0.711055 -0.070598
vn 0.699584 -0.711055 -0.070598
vn 0.699584 -0.711055 -0.070598
vn 0.699584 -0.711055 -0.070598
vn 0.946240 0.061581 0.317551
vn 0.627946 -0.144960 0.764638
vn 0.079953 -0.324364 0.942547
vn -0.069834 0.566917 -0.820810
vn 0.773723 0.367910 -0.515747
vn -0.970239 0.161722 -0.180231
vn -0.637074 0.461021 -0.617735
vn -0.758064 -0.309313 0.574163
vn 0.909446 -0.393181 0.135339
vn 0.522263 -0.842340 0.133061
vn -0.031364 -0.997244 0.067244
vn 0.054560 0.976687 0.207620
vn 0.846389 0.521716 0.106946
vn -0.927641 0.347427 0.137032
vn -0.545691 0.809123 0.218042
vn -0.826358 -0.562738 -0.021426
vn 0.979192 0.202131 0.018044
vn 0.979192 0.202131 0.018044
vn 0.979192 0.202131 0.018044
vn 0.979192 0.202131 0.018044
vn 0.949360 -0.273439 -0.154745
vn 0.872354 0.024793 0.488245
vn 0.186389 -0.167512 0.968090
vn 0.613492 -0.669174 -0.419325
vn -0.389549 0.231443 0.891452
vn -0.389549 0.231443 0.891452
vn -0.230140 -0.529070 0.816775
vn 0.213991 -0.685349 -0.696064
vn -0.760476 -0.346575 0.549147
vn -0.208964 -0.403497 0.890800
vn -0.208964 -0.403497 0.890800
vn -0.761065 -0.346377 0.548455
vn 0.533399 -0.253544 0.806970
vn 0.533399 -0.253544 0.806970
vn 0.533399 -0.253544 0.806970
vn 0.533399 -0.253544 0.806970
vn 0.719527 -0.178189 0.671215
vn 0.719527 -0.178189 0.671215
vn 0.719527 -0.178189 0.671215
vn 0.719527 -0.178189 0.671215
vn 0.986587 0.125879 -0.103922
vn 0.769515 0.276712 -0.575568
vn 0.769492 0.276719 -0.575594
vn 0.986587 0.125879 -0.103922
vn 0.466023 0.337072 -0.818050
vn 0.466023 0.337072 -0.818050
vn -0.620182 0.197140 -0.759283
vn -0.620182 0.197140 -0.759283
vn -0.620182 0.197140 -0.759283
vn -0.620182 0.197140 -0.759283
vn -0.641870 0.188308 -0.743332
vn -0.641870 0.188308 -0.743332
vn -0.641870 0.188308 -0.743332
vn -0.641870 0.188308 -0.743332
vn -0.969781 -0.205192 0.131987
vn -0.969781 -0.205192 0.131987
vn -0.838535 -0.530112 -0.125857
vn -0.441666 -0.893929 -0.076301
vn -0.441666 -0.893929 -0.076301
vn -0.838554 -0.530082 -0.125859
vn 0.424336 -0.904420 0.044299
vn 0.424336 -0.904420 0.044299
vn 0.424336 -0.904420 0.044299
vn 0.424336 -0.904420 0.044299
vn 0.628274 -0.775208 0.065759
vn 0.628274 -0.775208 0.065759
vn 0.628274 -0.775208 0.065759
vn 0.628274 -0.775208 0.065759
vn 0.991440 -0.105343 0.077133
vn 0.846894 0.529297 0.051139
vn 0.846448 0.530015 0.051089
vn 0.991440 -0.105343 0.077133
vn 0.497295 0.867419 0.016773
vn 0.497295 0.867419 0.016773
vn -0.512147 0.855255 -0.079023
vn -0.512147 0.855255 -0.079023
vn -0.512147 0.855255 -0.079023
vn -0.512147 0.855255 -0.079023
vn -0.536046 0.840242 -0.081539
vn -0.536046 0.840242 -0.081539
vn -0.536046 0.840242 -0.081539
vn -0.536046 0.840242 -0.081539
vn -0.976862 -0.162367 -0.139205
vn -0.976862 -0.162367 -0.139205
s 1
g pCube1
usemtl pCube1SG
f 101/1/1 1/2/2 98/3/3 97/4/4
f 99/5/5 2/6/6 103/7/7 102/8/8
f 104/9/9 3/10/10 107/11/11 106/12/12
s 3
f 114/13/13 5/14/14 111/15/15 110/16/16
f 112/17/17 6/18/18 116/19/19 115/20/20
f 117/21/21 7/22/22 120/23/23 119/24/24
f 126/25/25 9/26/26 113/27/27 123/28/28
f 124/29/29 10/30/30 118/31/31 127/32/32
f 128/33/33 11/34/34 122/35/35 130/36/36
f 136/424/37 13/38/38 125/39/39 133/474/40
f 141/401/41 85/42/42 138/43/43 137/473/44
f 145/413/45 15/477/46 132/47/47 142/472/48
f 149/49/49 17/50/50 135/51/51 146/52/52
f 147/53/53 18/54/54 151/470/55 150/56/56
f 152/57/57 19/58/58 144/59/59 154/60/60
f 160/61/61 21/62/62 148/63/63 157/64/64
f 158/65/65 22/66/66 153/67/67 161/68/68
f 162/69/69 23/70/70 156/71/71 164/72/72
f 171/73/73 90/74/74 168/75/75 167/76/76
f 169/77/77 91/78/78 173/79/79 172/80/80
f 174/81/81 92/82/82 177/83/83 176/84/84
s 10
f 184/85/85 49/86/86 181/87/87 180/88/88
s 1
f 187/464/89 30/90/90 175/91/91 185/469/92
s 12
f 192/93/93 53/94/94 189/95/95 188/96/96
s off
f 108/97/97 4/98/98 194/99/99 193/100/100
s 3
f 121/101/101 8/102/102 197/103/103 196/104/104
s 13
f 378/105/105 377/106/106 379/107/107 380/108/108
s off
f 171/73/109 29/109/110 204/110/111 203/111/112
s 3
f 160/61/61 25/112/113 207/113/114 206/114/115
s 14
f 386/501/116 387/116/117 388/117/118 389/118/119
s 15
f 216/119/120 29/109/121 170/120/122 213/121/123
s 1
f 214/122/124 30/90/90 187/464/89 217/123/125
f 218/124/126 2/6/6 98/3/127 220/125/128
s 17
f 221/126/129 1/2/130 204/462/131 223/127/132
s 18
f 228/128/133 31/129/134 179/130/135 225/131/136
s 19
f 226/132/137 32/133/138 194/460/139 229/134/140
s 1
f 230/135/141 4/98/142 107/11/143 232/136/144
f 233/137/145 3/10/10 186/458/146 235/139/147
s 21
f 240/140/148 33/141/149 215/142/150 237/143/151
f 238/144/152 34/145/153 219/454/154 241/147/155
f 242/148/156 35/149/157 222/150/158 244/151/159
f 245/152/160 36/153/161 224/447/162 247/155/163
s 22
f 252/156/164 37/157/165 227/158/166 249/159/167
f 250/160/168 38/161/169 231/441/170 253/163/171
f 254/164/172 39/165/173 234/166/174 256/167/175
f 257/168/176 40/169/177 236/434/178 259/171/179
s 23
f 263/524/180 41/479/181 239/174/182 261/528/183
s off
f 262/176/184 42/177/185 243/178/186 264/527/187
s 24
f 270/511/188 58/181/189 267/182/190 266/525/191
s off
f 272/516/192 44/448/193 248/186/194 271/523/195
s 25
f 275/518/196 45/478/197 251/190/198 273/522/199
s off
f 274/192/200 46/193/201 255/194/202 276/521/203
s 26
f 282/505/204 62/197/205 279/198/206 278/519/207
s off
f 284/510/208 48/435/209 260/202/210 283/517/211
s 27
f 287/204/212 43/450/213 246/206/214 285/207/215
s off
f 286/208/216 44/448/217 272/516/218 288/209/219
s 10
f 289/210/220 52/211/221 183/212/222 290/213/223
s 28
f 291/214/224 51/215/225 265/513/226 292/217/227
s 29
f 295/218/228 47/437/229 258/220/230 293/221/231
s off
f 294/222/232 48/435/233 284/510/234 296/223/235
s 12
f 297/224/236 56/225/237 191/226/238 298/227/239
s 30
f 299/228/240 55/229/241 277/507/242 300/231/243
s 3
f 304/232/244 12/233/245 198/430/246 301/235/247
f 302/236/248 24/237/249 155/238/250 305/239/251
f 306/240/252 20/241/253 143/428/254 308/243/255
f 309/244/256 16/245/257 131/246/258 311/247/259
f 316/248/260 21/62/62 208/426/261 313/250/262
f 314/251/263 9/26/26 126/25/25 317/252/264
f 318/253/265 13/38/38 136/424/37 320/254/266
f 321/255/267 17/50/50 149/49/49 323/256/268
f 327/257/269 66/258/270 303/422/271 325/260/272
f 326/261/273 65/262/274 307/263/275 328/264/276
f 329/265/277 67/266/278 310/420/279 330/268/280
f 331/269/281 68/270/282 312/271/283 332/272/284
f 335/273/285 69/274/286 315/418/287 333/276/288
f 334/277/289 70/278/290 319/279/291 336/280/292
f 337/281/293 71/282/294 322/416/295 338/284/296
f 339/285/297 72/286/298 324/287/299 340/288/300
s off
f 344/289/301 14/480/302 129/291/303 341/292/304
s 3
f 342/293/305 15/46/306 145/414/45 345/294/307
f 346/295/308 19/471/58 151/55/309 348/296/310
f 349/297/311 18/475/54 134/410/312 351/299/313
f 355/300/314 81/301/315 343/302/316 353/303/317
f 354/304/318 82/305/319 347/406/320 356/307/321
f 357/308/322 83/309/323 350/310/324 358/311/325
f 359/312/326 84/313/327 352/403/328 360/315/329
f 363/316/330 90/74/74 205/400/331 361/318/332
f 363/316/330 25/112/113 159/319/333 364/320/334
f 365/321/335 26/322/336 163/323/337 366/324/338
f 367/325/339 27/326/340 166/327/341 368/328/342
f 371/329/343 94/330/344 195/397/345 370/332/346
f 373/333/347 95/334/348 109/335/349 372/336/350
f 375/337/351 96/338/352 105/339/353 374/340/354
f 362/341/355 89/342/356 100/343/357 376/344/358
s 1
f 98/3/3 2/6/6 99/5/5 97/4/4
s 3
f 99/5/359 96/338/352 100/343/357 97/4/360
f 100/343/357 89/342/356 101/1/361 97/4/360
s 1
f 103/7/7 3/10/10 104/9/9 102/8/362
s 3
f 104/9/363 95/334/348 105/339/353 102/8/364
f 105/339/353 96/338/352 99/5/359 102/8/364
s 1
f 107/11/11 4/98/365 108/97/366 106/12/12
s 3
f 108/97/367 94/330/344 109/335/349 106/12/368
f 109/335/349 95/334/348 104/9/363 106/12/368
f 111/15/15 6/18/18 112/17/17 110/16/16
f 112/17/17 10/30/30 113/27/27 110/16/16
f 113/27/27 9/26/26 114/13/13 110/16/16
f 116/19/19 7/22/22 117/21/21 115/20/20
f 117/21/21 11/34/34 118/31/31 115/20/20
f 118/31/31 10/30/30 112/17/17 115/20/20
f 120/23/23 8/102/102 121/101/101 119/24/24
f 121/101/101 12/233/245 122/35/35 119/24/24
f 122/35/35 11/34/34 117/21/21 119/24/24
f 113/27/27 10/30/30 124/29/29 123/28/28
f 124/29/29 14/290/369 125/39/39 123/28/28
f 125/39/39 13/38/38 126/25/25 123/28/28
f 118/31/31 11/34/34 128/33/33 127/32/32
f 128/33/33 15/477/46 129/476/370 127/32/32
f 129/476/370 14/290/369 124/29/29 127/32/32
f 122/35/35 12/233/245 131/246/258 130/36/36
f 131/246/258 16/245/257 132/47/47 130/36/36
f 132/47/47 15/477/46 128/33/33 130/36/36
f 125/39/39 14/290/369 134/408/312 133/474/40
f 134/409/312 18/54/54 135/51/51 133/40/40
f 135/51/51 17/50/50 136/37/37 133/40/40
f 138/43/43 86/345/371 139/346/372 137/473/44
f 139/404/372 87/347/373 140/348/374 137/44/44
f 140/348/374 88/349/375 141/41/41 137/44/44
f 132/47/47 16/245/257 143/242/254 142/472/48
f 143/428/254 20/241/253 144/59/59 142/48/48
f 144/59/59 19/58/58 145/412/45 142/48/48
f 135/51/51 18/54/54 147/53/53 146/52/52
f 147/53/53 22/66/66 148/63/63 146/52/52
f 148/63/63 21/62/62 149/49/49 146/52/52
f 151/470/55 19/58/58 152/57/57 150/56/56
f 152/57/57 23/70/70 153/67/67 150/56/56
f 153/67/67 22/66/66 147/53/53 150/56/56
f 144/59/59 20/241/253 155/238/250 154/60/60
f 155/238/250 24/237/249 156/71/71 154/60/60
f 156/71/71 23/70/70 152/57/57 154/60/60
f 148/63/63 22/66/66 158/65/65 157/64/64
f 158/65/65 26/322/336 159/319/333 157/64/64
f 159/319/333 25/112/113 160/61/61 157/64/64
f 153/67/67 23/70/70 162/69/69 161/68/68
f 162/69/69 27/326/340 163/323/337 161/68/68
f 163/323/337 26/322/336 158/65/65 161/68/68
f 156/71/71 24/237/249 165/350/376 164/72/72
f 165/350/376 28/351/377 166/327/341 164/72/72
f 166/327/341 27/326/340 162/69/69 164/72/72
f 168/75/75 91/78/78 169/77/77 167/76/76
s 1
f 169/77/378 30/90/90 170/120/379 167/76/380
f 170/120/379 29/109/381 171/73/382 167/76/380
s 3
f 173/79/79 92/82/82 174/81/81 172/80/80
s 1
f 174/81/383 31/129/384 175/91/91 172/80/385
f 175/91/91 30/90/90 169/77/378 172/80/386
s 3
f 177/83/83 93/352/387 178/353/388 176/84/84
s 1
f 178/353/389 32/133/390 179/130/391 176/84/392
f 179/130/391 31/129/384 174/81/383 176/84/392
s 10
f 181/87/87 50/354/393 182/355/394 180/88/88
f 182/355/394 51/215/395 183/212/222 180/88/88
f 183/212/222 52/211/221 184/85/85 180/88/88
s 1
f 175/91/91 31/129/384 186/138/146 185/469/92
f 186/458/146 3/10/10 103/7/7 185/92/92
f 103/7/7 2/6/6 187/89/89 185/92/92
s 12
f 189/95/95 54/356/396 190/357/397 188/96/96
f 190/357/397 55/229/398 191/226/238 188/96/96
f 191/226/238 56/225/237 192/93/93 188/96/96
s off
f 194/460/399 32/133/400 178/353/401 193/468/402
s 3
f 178/353/388 93/352/387 195/331/345 193/468/403
f 195/397/345 94/330/344 108/97/367 193/100/403
f 197/395/103 28/351/377 165/350/376 196/467/104
f 165/350/376 24/237/249 198/234/404 196/467/104
f 198/430/404 12/233/245 121/101/101 196/104/104
s 41
f 379/107/405 381/358/406 382/503/407 380/108/408
f 382/359/407 383/360/409 384/361/410 380/108/408
s 13
f 384/361/411 385/362/412 378/105/105 380/108/108
s off
f 204/462/413 1/2/414 101/1/415 203/466/416
s 3
f 101/1/361 89/342/356 205/317/331 203/466/417
f 205/400/331 90/74/74 171/73/73 203/111/417
f 207/398/114 5/14/14 114/13/13 206/465/115
f 114/13/13 9/26/26 208/249/418 206/465/115
f 208/426/418 21/62/62 160/61/61 206/114/115
s 42
f 388/117/419 390/363/420 391/364/421 389/118/422
f 391/364/421 392/365/423 393/366/424 389/118/422
s 14
f 393/366/425 394/367/426 386/115/116 389/118/119
s 15
f 170/120/122 30/90/427 214/122/428 213/121/123
f 214/122/428 34/145/429 215/142/430 213/121/123
f 215/142/430 33/141/431 216/119/120 213/121/123
s 1
f 187/89/89 2/6/6 218/124/126 217/463/432
f 218/124/126 35/149/433 219/146/434 217/463/432
f 219/454/435 34/145/436 214/122/124 217/123/125
f 98/3/127 1/2/437 221/126/438 220/125/128
f 221/126/438 36/153/439 222/150/440 220/125/128
f 222/150/440 35/149/441 218/124/126 220/125/128
s 43
f 204/110/442 29/109/443 216/119/444 223/461/445
f 216/119/444 33/141/446 224/154/447 223/461/445
s 17
f 224/447/448 36/153/449 221/126/129 223/127/132
s 18
f 179/130/135 32/133/450 226/132/451 225/131/136
f 226/132/451 38/161/452 227/158/453 225/131/136
f 227/158/453 37/157/454 228/128/133 225/131/136
s 44
f 194/99/455 4/98/456 230/135/457 229/459/458
f 230/135/457 39/165/459 231/162/460 229/459/458
s 19
f 231/441/461 38/161/462 226/132/137 229/134/140
s 1
f 107/11/143 3/10/10 233/137/145 232/136/144
f 233/137/145 40/169/463 234/166/464 232/136/144
f 234/166/464 39/165/465 230/135/141 232/136/144
f 186/138/146 31/129/384 228/128/466 235/457/467
f 228/128/466 37/157/468 236/170/469 235/457/467
f 236/434/470 40/169/471 233/137/145 235/139/147
s 21
f 215/142/150 34/145/153 238/144/152 237/143/151
f 238/144/152 42/456/472 239/455/473 237/143/151
f 239/455/473 41/173/474 240/140/148 237/143/151
f 219/146/154 35/149/157 242/148/156 241/453/155
f 242/148/156 43/205/475 243/451/476 241/453/155
f 243/452/476 42/456/472 238/144/152 241/147/155
f 222/150/158 36/153/161 245/152/160 244/151/159
f 245/152/160 44/185/477 246/449/478 244/151/159
f 246/449/478 43/205/475 242/148/156 244/151/159
f 224/154/162 33/141/149 240/140/148 247/446/163
f 240/140/148 41/173/474 248/444/479 247/446/163
f 248/445/479 44/185/477 245/152/160 247/155/163
s 22
f 227/158/166 38/161/169 250/160/168 249/159/167
f 250/160/168 46/443/480 251/442/481 249/159/167
f 251/442/481 45/189/482 252/156/164 249/159/167
f 231/162/170 39/165/173 254/164/172 253/440/171
f 254/164/172 47/219/483 255/438/484 253/440/171
f 255/439/484 46/443/480 250/160/168 253/163/171
f 234/166/174 40/169/177 257/168/176 256/167/175
f 257/168/176 48/201/485 258/436/486 256/167/175
f 258/436/486 47/219/483 254/164/172 256/167/175
f 236/170/178 37/157/165 252/156/164 259/433/179
f 252/156/164 45/189/482 260/431/487 259/433/179
f 260/432/487 48/201/485 257/168/176 259/171/179
s 23
f 239/174/182 42/177/488 262/176/489 261/528/183
s 45
f 262/526/490 50/354/491 181/87/492 261/175/493
f 181/87/492 49/86/494 263/172/495 261/175/493
s off
f 243/178/496 43/450/497 265/216/498 264/527/499
s 28
f 265/513/226 51/215/225 182/355/500 264/179/501
s off
f 182/355/502 50/354/503 262/526/504 264/179/505
s 24
f 267/182/190 57/368/506 268/369/507 266/525/191
s 46
f 268/514/508 59/370/509 269/371/510 266/183/511
f 269/371/510 60/372/512 270/180/513 266/183/511
s off
f 248/186/514 41/479/515 263/524/516 271/523/517
f 263/172/518 49/86/519 184/85/520 271/187/521
s 47
f 184/85/522 52/211/523 272/184/524 271/187/525
s 25
f 251/190/198 46/193/526 274/192/527 273/522/199
s 48
f 274/520/528 54/356/529 189/95/530 273/191/531
f 189/95/530 53/94/532 275/188/533 273/191/531
s off
f 255/194/534 47/437/535 277/230/536 276/521/537
s 30
f 277/507/242 55/229/241 190/357/538 276/195/539
s off
f 190/357/540 54/356/541 274/520/542 276/195/543
s 26
f 279/198/206 61/373/544 280/374/545 278/519/207
s 49
f 280/508/546 63/375/547 281/376/548 278/199/549
f 281/376/548 64/377/550 282/196/551 278/199/549
s off
f 260/202/552 45/478/553 275/518/554 283/517/555
f 275/188/556 53/94/557 192/93/558 283/203/559
s 50
f 192/93/560 56/225/561 284/200/562 283/203/563
s 27
f 246/206/214 44/448/564 286/208/565 285/207/215
s 51
f 286/208/566 57/368/567 267/182/568 285/207/569
f 267/182/568 58/181/570 287/204/571 285/207/569
s 47
f 272/184/524 52/211/523 289/210/572 288/515/573
s off
f 289/210/574 59/370/575 268/514/576 288/515/577
f 268/369/578 57/368/579 286/208/580 288/209/581
s 10
f 183/212/222 51/215/395 291/214/582 290/213/223
s 52
f 291/214/583 60/372/584 269/371/585 290/213/586
f 269/371/585 59/370/587 289/210/588 290/213/586
s off
f 265/216/589 43/450/590 287/204/591 292/512/592
f 287/204/593 58/181/594 270/511/595 292/512/596
f 270/180/597 60/372/598 291/214/599 292/217/600
s 29
f 258/220/230 48/435/601 294/222/602 293/221/231
s 53
f 294/222/603 61/373/604 279/198/605 293/221/606
f 279/198/605 62/197/607 295/218/608 293/221/606
s 50
f 284/200/562 56/225/561 297/224/609 296/509/610
s off
f 297/224/611 63/375/612 280/508/613 296/509/614
f 280/374/615 61/373/616 294/222/617 296/223/618
s 12
f 191/226/238 55/229/398 299/228/619 298/227/239
s 54
f 299/228/620 64/377/621 281/376/622 298/227/623
f 281/376/622 63/375/624 297/224/625 298/227/623
s off
f 277/230/626 47/437/627 295/218/628 300/506/629
f 295/218/630 62/197/631 282/505/632 300/506/633
f 282/196/634 64/377/635 299/228/636 300/231/637
s 3
f 198/234/246 24/237/249 302/236/248 301/429/247
f 302/236/248 65/262/274 303/259/271 301/429/247
f 303/422/271 66/258/270 304/232/244 301/235/247
f 155/238/250 20/241/253 306/240/252 305/239/251
f 306/240/252 67/266/278 307/263/275 305/239/251
f 307/263/275 65/262/274 302/236/248 305/239/251
f 143/242/254 16/245/257 309/244/256 308/427/255
f 309/244/256 68/270/282 310/267/279 308/427/255
f 310/420/279 67/266/278 306/240/252 308/243/255
f 131/246/258 12/233/245 304/232/244 311/247/259
f 304/232/244 66/258/270 312/271/283 311/247/259
f 312/271/283 68/270/282 309/244/256 311/247/259
f 208/249/261 9/26/26 314/251/263 313/425/262
f 314/251/263 70/278/290 315/275/287 313/425/262
f 315/418/287 69/274/286 316/248/260 313/250/262
f 126/25/25 13/38/38 318/253/265 317/252/264
f 318/253/265 71/282/294 319/279/291 317/252/264
f 319/279/291 70/278/290 314/251/263 317/252/264
f 136/37/37 17/50/50 321/255/267 320/423/266
f 321/255/267 72/286/298 322/283/295 320/423/266
f 322/416/295 71/282/294 318/253/265 320/254/266
f 149/49/49 21/62/62 316/248/260 323/256/268
f 316/248/260 69/274/286 324/287/299 323/256/268
f 324/287/299 72/286/298 321/255/267 323/256/268
f 303/259/271 65/262/274 326/261/273 325/421/272
f 326/261/273 73/497/638 199/498/639 325/421/272
f 199/499/639 74/500/640 327/257/269 325/260/272
f 307/263/275 67/266/278 329/265/277 328/264/276
f 329/265/277 75/495/641 200/496/642 328/264/276
f 200/496/642 73/497/638 326/261/273 328/264/276
f 310/267/279 68/270/282 331/269/281 330/419/280
f 331/269/281 76/492/643 201/493/644 330/419/280
f 201/494/644 75/495/641 329/265/277 330/268/280
f 312/271/283 66/258/270 327/257/269 332/272/284
f 327/257/269 74/500/640 202/491/645 332/272/284
f 202/491/645 76/492/643 331/269/281 332/272/284
f 315/275/287 70/278/290 334/277/289 333/417/288
f 334/277/289 78/490/646 209/488/647 333/417/288
f 209/489/647 77/482/648 335/273/285 333/276/288
f 319/279/291 71/282/294 337/281/293 336/280/292
f 337/281/293 79/487/649 210/486/650 336/280/292
f 210/486/650 78/490/646 334/277/289 336/280/292
f 322/283/295 72/286/298 339/285/297 338/415/296
f 339/285/297 80/485/651 211/483/652 338/415/296
f 211/484/652 79/487/649 337/281/293 338/284/296
f 324/287/299 69/274/286 335/273/285 340/288/300
f 335/273/285 77/482/648 212/481/653 340/288/300
f 212/481/653 80/485/651 339/285/297 340/288/300
s off
f 129/291/654 15/46/655 342/293/656 341/292/657
s 3
f 342/293/658 82/305/319 343/302/316 341/292/659
f 343/302/316 81/301/315 344/289/660 341/292/659
f 145/45/45 19/471/58 346/295/308 345/411/307
f 346/295/308 83/309/323 347/306/320 345/411/661
f 347/406/320 82/305/319 342/293/658 345/294/661
f 151/55/309 18/475/54 349/297/311 348/296/310
f 349/297/311 84/313/327 350/310/324 348/296/310
f 350/310/324 83/309/323 346/295/308 348/296/310
f 134/298/312 14/480/662 344/289/663 351/407/313
f 344/289/660 81/301/315 352/314/328 351/407/664
f 352/403/328 84/313/327 349/297/311 351/299/664
f 343/302/316 82/305/319 354/304/318 353/303/317
f 354/304/318 86/345/371 138/43/43 353/303/317
f 138/43/43 85/42/42 355/300/314 353/303/317
f 347/306/320 83/309/323 357/308/322 356/405/321
f 357/308/322 87/347/373 139/404/372 356/405/321
f 139/346/372 86/345/371 354/304/318 356/307/321
f 350/310/324 84/313/327 359/312/326 358/311/325
f 359/312/326 88/349/375 140/348/374 358/311/325
f 140/348/374 87/347/373 357/308/322 358/311/325
f 352/314/328 81/301/315 355/300/314 360/402/329
f 355/300/314 85/42/42 141/401/41 360/402/329
f 141/41/41 88/349/375 359/312/326 360/315/329
f 205/317/331 89/342/356 362/341/355 361/399/332
f 362/341/355 5/14/14 207/398/114 361/399/332
f 207/113/114 25/112/113 363/316/330 361/318/332
f 159/319/333 26/322/336 365/321/335 364/320/334
f 365/321/335 91/78/78 168/75/75 364/320/334
f 168/75/75 90/74/74 363/316/330 364/320/334
f 163/323/337 27/326/340 367/325/339 366/324/338
f 367/325/339 92/82/82 173/79/79 366/324/338
f 173/79/79 91/78/78 365/321/335 366/324/338
f 166/327/341 28/351/377 369/394/665 368/328/342
f 369/394/665 93/352/387 177/83/83 368/328/342
f 177/83/83 92/82/82 367/325/339 368/328/342
f 195/331/345 93/352/387 369/394/665 370/396/346
f 369/394/665 28/351/377 197/395/103 370/396/346
f 197/103/103 8/102/102 371/329/343 370/332/346
f 109/335/349 94/330/344 371/329/343 372/336/350
f 371/329/343 8/102/102 120/23/23 372/336/350
f 120/23/23 7/22/22 373/333/347 372/336/350
f 105/339/353 95/334/348 373/333/347 374/340/354
f 373/333/347 7/22/22 116/19/19 374/340/354
f 116/19/19 6/18/18 375/337/351 374/340/354
f 100/343/357 96/338/352 375/337/351 376/344/358
f 375/337/351 6/18/18 111/15/15 376/344/358
f 111/15/15 5/14/14 362/341/355 376/344/358
s 55
f 202/385/666 74/380/667 377/106/668 378/105/669
s off
f 74/380/670 199/379/671 379/107/672 377/106/673
f 199/379/674 73/378/675 381/358/676 379/107/677
s 56
f 73/378/678 200/504/679 382/503/680 381/358/681
f 200/382/679 75/381/682 383/360/683 382/359/680
s off
f 75/381/684 201/384/685 384/361/686 383/360/687
f 201/384/688 76/383/689 385/362/690 384/361/691
s 55
f 76/383/692 202/385/666 378/105/669 385/362/693
s 57
f 212/393/694 77/388/695 387/116/696 386/501/697
s off
f 77/388/698 209/387/699 388/117/700 387/116/701
f 209/387/702 78/386/703 390/363/704 388/117/705
s 58
f 78/386/706 210/390/707 391/364/708 390/363/709
f 210/390/707 79/389/710 392/365/711 391/364/708
s off
f 79/389/712 211/392/713 393/366/714 392/365/715
f 211/392/716 80/391/717 394/367/718 393/366/719
s 57
f 80/391/720 212/502/694 386/115/697 394/367/721
