# This file uses centimeters as units for non-parametric coordinates.

mtllib fall_frame.02.mtl
g default
v -11.456015 63.324337 -17.471176
v -8.965366 59.144661 -3.570587
v -1.347965 60.760250 10.086901
v 11.207916 63.675850 18.086370
v -17.628117 86.153069 -12.839494
v -19.187136 83.765862 2.180900
v -8.986639 83.914696 17.266251
v 5.517029 86.401085 21.513239
v -21.237488 113.972191 -8.050512
v -21.779196 107.902023 4.030382
v -14.027663 109.065865 17.064341
v -4.208215 116.148972 21.295536
v -26.024183 122.367256 -11.684315
v -20.064245 128.112045 3.629305
v -13.950788 128.998703 13.247965
v -6.429038 124.787415 26.470778
v -16.356775 122.952103 -17.349619
v -11.320854 131.675217 -4.308050
v -3.548679 132.866074 8.642298
v 3.931741 126.673409 23.339457
v -14.079722 115.300011 -11.895574
v -2.618490 115.070946 -8.005344
v 5.134618 116.232521 5.027383
v 2.951608 118.482040 17.871618
v -7.291744 89.265327 -19.884348
v 3.229616 90.246475 -11.152485
v 11.665450 90.406685 1.446141
v 16.093512 89.587646 14.315194
v -0.107908 59.599182 -20.238586
v 0.011569 52.863297 -8.171762
v 4.672332 52.760387 5.480407
v 17.163208 57.663742 9.963546
v -16.301577 33.605377 -31.111183
v -16.606380 30.486731 -24.136683
v -27.990065 34.527149 -23.032259
v -27.648476 37.491776 -30.055574
v 4.363509 34.357380 32.342083
v 11.779137 35.482079 34.519539
v 8.007981 43.444160 43.276436
v 0.584254 42.289783 41.123230
v -5.969023 6.965669 -45.526276
v -6.075076 5.686154 -38.443325
v -16.840961 5.307404 -38.944569
v -16.562914 5.746915 -46.200211
v 12.058904 5.288438 31.760784
v 19.060226 5.881245 34.401585
v 15.207316 5.582639 44.699715
v 8.159288 5.382419 42.081593
v -4.763627 0.850442 -46.592922
v -5.115085 0.303985 -37.872845
v -20.022509 0.084845 -36.916424
v -19.448835 0.258144 -48.665958
v 11.804727 -0.096354 30.703188
v 20.233080 0.224300 33.842701
v 16.249044 0.057786 48.233311
v 5.194211 -0.057377 44.147350
v -34.927486 4.714886 -48.117142
v -35.406525 4.736223 -38.839645
v -34.922314 1.161793 -48.108719
v -35.401371 1.183126 -38.831223
v 0.995195 4.531671 58.992329
v 9.711950 4.531188 62.204807
v 0.995039 0.978561 58.992218
v 9.711795 0.978078 62.204697
v 4.459890 97.851448 30.124426
v -3.156172 104.041298 32.389122
v 9.666874 102.791550 38.053162
v 2.211305 107.204857 40.253593
v -21.485865 93.236610 -21.521484
v -25.048500 98.539352 -14.303924
v -31.412434 103.625069 -21.602470
v -25.558220 99.369415 -28.705847
v -15.173426 86.407608 50.438663
v -19.526749 95.027481 51.930809
v -12.576482 87.270126 53.033321
v -16.930685 95.890739 54.525684
v -44.673630 79.067070 -10.631885
v -45.257484 85.519241 -3.315470
v -47.599968 87.640434 -5.373034
v -47.016117 81.188263 -12.689448
v -25.856485 136.320145 10.653063
v -12.606749 137.136185 18.261938
v -2.709673 142.941467 6.480119
v -21.579203 141.890366 -3.851263
v -28.851667 155.131607 19.739727
v -15.082457 155.672180 25.307552
v -10.197824 165.774429 11.320373
v -23.323763 165.259109 6.012666
v -12.414987 67.763618 -14.280217
v -1.373686 67.773956 -19.870192
v 6.288993 67.099655 -10.098409
v 11.885805 67.187981 -0.724146
v 17.580376 67.382706 10.407712
v 7.809271 67.841873 17.710333
v -3.006214 66.606201 10.821459
v -11.004730 66.294319 -1.795066
v -11.986525 64.433769 -9.574040
v -12.456727 61.736275 -11.520469
v -10.073117 62.761475 -2.733810
v -13.008351 67.127319 -8.472317
v -11.105811 65.627296 -15.626688
v -6.421246 62.724167 4.071245
v -6.788520 59.306137 4.272969
v -1.522511 63.788296 10.331496
v -7.122128 66.130829 4.597754
v 4.101564 65.295425 14.869232
v 5.417849 63.497276 16.403469
v 9.928096 65.577789 16.904335
v 2.272435 67.440262 15.497500
v -20.923658 96.761063 -5.422689
v -19.578438 84.838577 -6.357988
v -20.523512 95.608665 2.212626
v -23.048340 109.270500 -3.920100
v -19.782326 98.028763 -11.378914
v -15.481008 94.878738 10.232591
v -14.774803 83.628166 10.192389
v -10.530258 96.606529 18.148361
v -16.900206 108.866524 9.923589
v -4.031381 98.339966 21.489378
v -1.213662 85.088097 20.778154
v 1.611191 99.950760 23.035828
v -7.891473 111.244736 21.312317
v -24.531361 119.456032 -2.526229
v -22.377468 120.744148 4.335001
v -24.773899 127.620110 -4.326233
v -25.579863 117.577774 -9.473998
v -18.861647 120.540962 10.039793
v -15.584832 121.763084 15.759571
v -18.257841 130.155914 10.097868
v -11.013075 121.115341 20.597149
v -6.920614 119.760216 24.888908
v -10.875278 129.378387 20.808216
v -20.041477 130.913101 -7.727097
v -16.823111 132.246918 0.147715
v -14.365356 130.311844 -12.277604
v -21.432077 123.321053 -14.865903
v -22.278557 161.422913 22.709391
v -22.102011 155.230270 22.874029
v -12.604423 161.409882 21.559610
v -16.246447 166.931641 7.257167
v -29.288414 160.747681 14.830639
v -5.808094 132.938263 18.619354
v -1.357241 126.348366 25.240618
v 1.027817 132.875626 16.986563
v -9.331411 133.273483 10.980066
v -10.285405 123.715454 -12.045113
v -6.804395 126.619316 -6.521710
v -7.766358 114.153481 -13.092394
v -13.625811 118.541954 -15.628226
v -2.944136 127.253365 -0.022847
v -8.200151 135.291092 1.176488
v 0.974297 127.807549 6.591742
v 1.260585 115.642868 -1.494698
v 4.112340 126.297722 13.864212
v 5.431285 122.356033 20.399519
v 7.443994 116.757423 12.600886
v -4.342977 102.318787 -15.111042
v 0.815370 102.794563 -9.359821
v -1.661708 90.054108 -17.115810
v -10.073738 101.025291 -17.467417
v 4.853054 103.212891 -2.909368
v 8.822836 103.588394 3.489109
v 7.544351 90.291901 -4.830134
v 11.813534 103.947266 10.627178
v 11.624300 103.285553 17.057207
v 15.377398 90.292435 8.066162
v 3.545408 62.389374 -15.686115
v 3.185837 67.366554 -16.170593
v 5.856982 61.818001 -9.637846
v 2.828353 57.582012 -15.767895
v -0.080595 63.534309 -19.697802
v 7.447965 61.460281 -4.392438
v 8.918984 67.383026 -5.294806
v 10.581572 61.532696 -0.139912
v 5.442329 55.828678 -3.223000
v 15.072770 61.468754 4.489417
v 15.938760 67.057549 4.732644
v 17.629965 62.200260 9.284161
v 13.548605 56.148506 5.863270
v -11.050414 0.307317 -42.486359
v -2.409095 0.691039 -42.140919
v -11.276958 0.054751 -36.686344
v -19.739388 0.167938 -42.784916
v -10.775101 0.629323 -48.369198
v -7.151742 57.112568 4.490061
v 1.054722 49.777679 18.202042
v -10.253312 46.432892 -11.788899
v 13.795062 0.023553 38.127983
v 16.873468 0.082003 30.069614
v 19.330690 0.191270 40.181877
v 10.718165 0.000330 46.189602
v 8.301581 -0.137665 36.083630
v 14.996366 63.850208 13.758018
v 15.445993 60.618801 14.424333
v 13.931940 67.679253 15.003572
v 7.872672 101.093620 21.551826
v 12.211610 88.075432 19.393017
v -0.589179 115.981041 19.708735
v -17.942919 90.660622 50.673912
v -13.692717 85.917015 51.347900
v -14.767174 91.715378 53.846867
v -19.016832 96.458481 53.172745
v -5.510854 64.819023 -19.123520
v -5.527107 61.792377 -20.250183
v -7.179657 67.924889 -18.682693
v -15.706914 98.754921 -16.295080
v -13.394369 87.793991 -18.349539
v -17.781363 113.309624 -9.685941
v -44.493706 81.947937 -6.450760
v -46.282986 87.190033 -3.235295
v -47.358284 84.541901 -8.966909
v -45.569004 79.299812 -12.182375
v -5.346994 44.242691 -20.996674
v -7.876858 42.702038 -17.078436
v -15.345962 31.649092 -27.552063
v -7.649214 46.220184 -25.664747
v -13.586621 44.641563 -14.513834
v -19.442240 47.791153 -15.514201
v -22.775160 31.966352 -22.237175
v -20.788170 51.107929 -18.936241
v -19.178196 51.461945 -24.197601
v -30.102798 36.862225 -26.131113
v -13.299798 49.448116 -26.079794
v -22.370699 36.019341 -31.588572
v 10.366980 44.377007 18.351624
v 14.368917 45.798336 21.788784
v 8.245585 34.198402 32.622002
v 5.420043 44.493755 19.199472
v 13.589017 50.476025 26.250336
v 10.496167 54.688084 30.296804
v 10.721911 39.825951 39.554070
v 5.283478 55.996815 29.495399
v 1.561500 53.425625 27.739927
v 3.451886 44.358131 43.747719
v 1.881027 48.820110 22.930399
v 1.057565 38.319279 36.651226
v -9.085658 21.845768 -34.211369
v -11.045824 19.799456 -30.630054
v -3.932821 6.507923 -41.881046
v -11.496837 23.434580 -37.950665
v -17.033989 17.471056 -30.030184
v -23.277372 16.673323 -31.815205
v -11.135853 5.139597 -37.546661
v -25.438583 17.535891 -35.735268
v -23.765863 20.177244 -39.055328
v -19.780590 5.557740 -42.727711
v -17.697117 22.225954 -39.732758
v -10.926488 6.481244 -47.073673
v 12.729418 22.130764 30.849291
v 15.839225 23.257984 34.233120
v 16.270361 5.607630 31.241400
v 8.146108 21.661619 31.266041
v 14.690099 23.201387 40.764091
v 11.264957 22.981821 46.416618
v 18.318270 5.832854 39.695721
v 6.758382 21.797632 46.781124
v 3.589631 21.478746 43.466080
v 10.669003 5.488396 46.178322
v 4.644049 21.187553 36.933311
v 9.154403 5.202818 36.253746
v -2.490990 3.601517 -42.032047
v -5.155667 3.072986 -37.812164
v -4.860209 3.854308 -46.471691
v -11.294534 2.734675 -36.652023
v -20.049997 2.874840 -36.881138
v -37.285507 4.447317 -43.587147
v -35.168430 5.698414 -43.480698
v -36.981342 4.433798 -49.477612
v -35.160427 0.199558 -43.467667
v -37.589672 4.460836 -37.696686
v -10.853087 3.540491 -48.267082
v -19.482208 3.054431 -48.622189
v 16.813957 2.904191 30.057779
v 20.168432 3.090308 33.833412
v 11.751409 2.672024 30.688200
v 19.275967 3.053113 40.174362
v 16.221453 2.866577 48.227180
v 4.619865 4.256527 62.589382
v 5.353616 5.504315 60.598598
v -0.914578 4.256834 60.549717
v 5.353375 0.005434 60.598427
v 10.154305 4.256220 64.629051
v 8.263208 2.614575 36.070496
v 5.168796 2.749148 44.141499
v -27.490450 5.693360 -43.087601
v -27.224712 5.696323 -48.289688
v -27.757660 5.699197 -37.884155
v -27.184940 3.008614 -48.970753
v -27.179695 0.196612 -48.967068
v -27.477844 0.197803 -43.084484
v -27.781326 0.204098 -37.194355
v -27.786268 3.012000 -37.197868
v 8.010426 5.503135 53.388836
v 3.120444 5.499351 51.586281
v 12.900919 5.504501 55.191303
v 2.478777 2.811154 51.349224
v 2.482113 -0.002280 51.349789
v 8.015323 0.003843 53.389725
v 13.547118 0.007430 55.429150
v 13.545739 2.819590 55.428898
v 0.871304 107.814224 24.820103
v 5.457751 108.944885 24.617050
v -0.449779 100.095886 30.129826
v -3.214114 108.278885 27.188652
v 7.092379 111.368446 27.621145
v 6.861078 114.099792 31.735821
v 8.035720 99.605751 33.446804
v 2.556853 114.214081 33.478016
v -1.909664 113.439804 34.194897
v 5.948569 104.772827 39.797882
v -3.498969 110.613052 30.716715
v -1.328540 106.186211 36.213139
v -21.008644 104.583023 -13.593937
v -25.571466 105.628822 -12.741438
v -22.789059 94.728073 -17.061430
v -17.402721 105.022308 -16.568012
v -27.982792 107.950638 -15.563438
v -28.814295 110.595612 -19.637671
v -28.458185 101.549889 -16.705809
v -24.910316 110.756149 -22.099291
v -20.502731 109.928398 -23.533215
v -29.215694 101.531700 -25.966108
v -17.910759 107.170052 -20.225977
v -22.705530 95.748451 -25.401646
v -8.206353 97.259796 36.353935
v -4.335326 93.188385 36.678555
v -9.364108 102.046356 38.345367
v -0.717290 93.338104 39.381596
v 2.401085 95.596466 43.409126
v 0.018775 100.007744 44.584587
v -2.688265 104.283356 45.087471
v -7.001495 104.032860 41.449211
v -29.020128 89.727455 -12.837223
v -30.466221 94.001144 -10.017076
v -29.489325 87.337990 -17.772573
v -33.171356 97.113228 -11.517324
v -36.465763 99.342705 -15.608550
v -36.067699 96.206345 -19.909224
v -34.846584 92.715630 -23.677509
v -31.612257 89.015327 -21.139166
v -21.016254 129.525604 14.333351
v -12.421762 134.255600 13.040319
v -20.569946 135.505249 16.675976
v -20.769703 133.366959 4.170106
v -8.239429 135.532608 12.289186
v -6.411198 137.029861 7.175203
v -5.379952 140.191620 13.800090
v -9.110481 138.509109 0.397367
v -14.695960 136.139954 -1.721522
v -11.547630 142.736816 0.511234
v -19.962019 134.293701 0.008325
v -25.843594 138.933594 1.966823
v -21.642467 146.785294 22.294254
v -10.986327 149.816910 24.637253
v -30.927273 149.034042 16.573776
v -6.539751 154.372253 17.360682
v -5.077984 157.229553 9.039468
v -14.210903 157.595993 3.129665
v -24.833736 156.453949 1.050879
v -29.369844 153.475952 8.128928
v -10.699237 77.443138 -19.073879
v -15.385927 76.578285 -13.863918
v -4.577252 78.264717 -20.651758
v 0.822766 78.846664 -17.505856
v 5.165865 78.841629 -11.394250
v 8.801257 79.500961 -5.558401
v 12.503763 79.029747 0.257896
v 16.116951 79.145714 6.831694
v 16.795475 78.697563 13.127138
v 12.501299 77.898964 17.944517
v 5.741543 76.967964 20.072975
v -0.394345 76.967621 18.341486
v -5.417789 76.071632 14.323099
v -10.615696 76.934013 6.683527
v -15.207698 75.826256 -1.376066
v -16.678104 76.629318 -7.606216
v -27.879753 89.644180 61.754150
v -27.283094 91.210075 63.144112
v -25.907948 84.992142 60.644093
v -24.360073 85.506241 62.190613
v -23.158098 80.296066 60.135845
v -21.509087 79.778473 61.165123
v -20.235380 81.266785 63.055996
v -22.609024 86.087814 63.940113
v -24.957035 90.614899 64.674301
v -56.433666 72.046837 -7.231730
v -55.423634 71.759048 -5.516049
v -55.457066 75.089981 -1.182819
v -56.820793 76.324890 -2.380672
v -56.056759 78.755722 2.417798
v -57.207905 80.602928 2.470387
v -58.693100 81.143028 0.102111
v -58.432743 77.784569 -3.796565
v -58.059975 74.146339 -7.831726
vt 0.208431 0.494797
vt 0.208575 0.478116
vt 0.229443 0.475893
vt 0.229271 0.493426
vt 0.252729 0.492198
vt 0.256170 0.471571
vt 0.275357 0.475888
vt 0.275429 0.493819
vt 0.298111 0.492176
vt 0.294163 0.471736
vt 0.321331 0.475953
vt 0.321541 0.493432
vt 0.198757 0.641525
vt 0.200055 0.589825
vt 0.221664 0.590600
vt 0.219751 0.640956
vt 0.244967 0.639373
vt 0.247968 0.591507
vt 0.275466 0.591669
vt 0.275481 0.635804
vt 0.305994 0.639365
vt 0.302966 0.591494
vt 0.329276 0.590573
vt 0.331197 0.640955
vt 0.199789 0.728809
vt 0.197393 0.704590
vt 0.219517 0.692482
vt 0.227784 0.730211
vt 0.252859 0.733034
vt 0.249003 0.687406
vt 0.275511 0.688085
vt 0.275516 0.730408
vt 0.298175 0.733010
vt 0.302021 0.687396
vt 0.331536 0.692451
vt 0.323246 0.730162
vt 0.805511 0.686057
vt 0.204711 0.752714
vt 0.229559 0.760254
vt 0.782889 0.696424
vt 0.784986 0.875584
vt 0.254181 0.941082
vt 0.275435 0.940431
vt 0.742298 0.896742
vt 0.699334 0.736241
vt 0.297037 0.807427
vt 0.321459 0.760204
vt 0.696358 0.696343
vt 0.808954 0.641287
vt 0.805193 0.664541
vt 0.784300 0.671779
vt 0.785729 0.644267
vt 0.763331 0.647822
vt 0.762442 0.673765
vt 0.742276 0.741120
vt 0.739609 0.647377
vt 0.715889 0.647774
vt 0.716786 0.673709
vt 0.694936 0.671695
vt 0.693494 0.644181
vt 0.806875 0.557726
vt 0.810121 0.617205
vt 0.790367 0.607046
vt 0.787575 0.557696
vt 0.763367 0.556090
vt 0.764746 0.603486
vt 0.739627 0.603152
vt 0.739688 0.556093
vt 0.716014 0.556064
vt 0.714496 0.603455
vt 0.688836 0.606971
vt 0.691820 0.557642
vt 0.803405 0.420481
vt 0.802841 0.435733
vt 0.782960 0.432290
vt 0.783371 0.416064
vt 0.759505 0.410786
vt 0.759570 0.428509
vt 0.739756 0.426992
vt 0.739743 0.409699
vt 0.720007 0.410786
vt 0.719946 0.428500
vt 0.696571 0.432245
vt 0.696182 0.416016
vt 0.819305 0.093413
vt 0.797386 0.086157
vt 0.790779 0.072322
vt 0.822344 0.073237
vt 0.265809 0.416173
vt 0.762697 0.377789
vt 0.739788 0.389948
vt 0.275377 0.462947
vt 0.364323 0.097210
vt 0.342669 0.089884
vt 0.336664 0.075169
vt 0.367299 0.076188
vt 0.342559 0.494848
vt 0.342402 0.478170
vt 0.366070 0.480227
vt 0.366198 0.495669
vt 0.352247 0.641476
vt 0.350872 0.589816
vt 0.374237 0.588973
vt 0.374011 0.638442
vt 0.936729 0.462892
vt 0.940585 0.464321
vt 0.946953 0.476690
vt 0.936605 0.482861
vt 0.804780 0.405462
vt 0.824266 0.410023
vt 0.823186 0.423812
vt 0.805355 0.509178
vt 0.825584 0.509339
vt 0.825621 0.554997
vt 0.118742 0.522844
vt 0.058006 0.517789
vt 0.074507 0.510871
vt 0.084702 0.516921
vt 0.822269 0.350445
vt 0.784755 0.399833
vt 0.805305 0.347137
vt 0.793942 0.336256
vt 0.777469 0.322538
vt 0.236211 0.409364
vt 0.220899 0.415267
vt 0.203041 0.415110
vt 0.182178 0.419746
vt 0.685950 0.336155
vt 0.717407 0.377787
vt 0.694840 0.399772
vt 0.674409 0.347030
vt 0.657366 0.350391
vt 0.674734 0.405426
vt 0.637625 0.358046
vt 0.347747 0.415166
vt 0.329799 0.415381
vt 0.314324 0.409429
vt 0.706215 0.336018
vt 0.292514 0.404556
vt 0.870618 0.237836
vt 0.844433 0.293934
vt 0.832214 0.287148
vt 0.858351 0.228645
vt 0.844944 0.223065
vt 0.821107 0.280742
vt 0.243727 0.342391
vt 0.826584 0.212775
vt 0.214622 0.282882
vt 0.224361 0.346790
vt 0.210147 0.349538
vt 0.199596 0.284960
vt 0.184434 0.288656
vt 0.194986 0.352422
vt 0.864110 0.304875
vt 0.163133 0.290367
vt 0.634803 0.222910
vt 0.658751 0.280554
vt 0.647480 0.287052
vt 0.621343 0.228556
vt 0.609012 0.237734
vt 0.635143 0.293889
vt 0.375465 0.356065
vt 0.590820 0.249121
vt 0.366326 0.288752
vt 0.355651 0.352469
vt 0.340563 0.349608
vt 0.351134 0.285011
vt 0.336042 0.282967
vt 0.326383 0.346874
vt 0.678330 0.268182
vt 0.315081 0.275917
vt 0.789900 0.091626
vt 0.894734 0.181072
vt 0.223763 0.023658
vt 0.779683 0.072008
vt 0.205625 0.023651
vt 0.212375 0.030485
vt 0.208733 0.046428
vt 0.818124 0.043214
vt 0.919973 0.054113
vt 0.218394 0.124576
vt 0.231547 0.124829
vt 0.925982 0.076298
vt 0.853028 0.105343
vt 0.173602 0.224408
vt 0.245023 0.044913
vt 0.815784 0.102925
vt 0.335499 0.095534
vt 0.609223 0.166963
vt 0.147562 0.023794
vt 0.325939 0.074804
vt 0.129108 0.019171
vt 0.133886 0.026698
vt 0.125138 0.040618
vt 0.363323 0.044920
vt 0.461211 0.056389
vt 0.114656 0.083148
vt 0.128082 0.110700
vt 0.466974 0.079440
vt 0.396801 0.109583
vt 0.345740 0.218419
vt 0.158805 0.046562
vt 0.361009 0.107136
vt 0.212264 0.093809
vt 0.204982 0.218327
vt 0.226791 0.056935
vt 0.229179 0.093286
vt 0.246067 0.092223
vt 0.255137 0.092099
vt 0.884191 0.095549
vt 0.853655 0.095653
vt 0.854753 0.074189
vt 0.884265 0.075061
vt 0.885799 0.054616
vt 0.855335 0.052709
vt 0.203340 0.068369
vt 0.888472 0.044995
vt 0.116537 0.064410
vt 0.377147 0.224500
vt 0.136900 0.057215
vt 0.135301 0.068971
vt 0.159593 0.072808
vt 0.169578 0.075371
vt 0.426769 0.099419
vt 0.397393 0.099512
vt 0.398467 0.077209
vt 0.426850 0.078134
vt 0.428347 0.056895
vt 0.399054 0.054890
vt 0.111199 0.052142
vt 0.430928 0.046902
vt 0.398347 0.732496
vt 0.353774 0.704759
vt 0.655189 0.607952
vt 0.404645 0.715309
vt 0.625247 0.642548
vt 0.669008 0.617360
vt 0.670290 0.641156
vt 0.629866 0.657272
vt 0.633967 0.675274
vt 0.674058 0.664432
vt 0.345812 0.774768
vt 0.637449 0.692485
vt 0.387906 0.765553
vt 0.346295 0.752641
vt 0.351218 0.728717
vt 0.392980 0.747350
vt 0.854032 0.642643
vt 0.181252 0.694641
vt 0.859345 0.625630
vt 0.152631 0.732602
vt 0.157999 0.747449
vt 0.163074 0.765647
vt 0.167481 0.783084
vt 0.845329 0.675366
vt 0.849419 0.657366
vt 0.462802 0.754848
vt 0.433121 0.744888
vt 0.586158 0.633072
vt 0.469035 0.736153
vt 0.562716 0.661102
vt 0.591598 0.653084
vt 0.596668 0.669873
vt 0.567525 0.676181
vt 0.573571 0.695803
vt 0.602326 0.689166
vt 0.414557 0.801264
vt 0.575415 0.714705
vt 0.450039 0.789809
vt 0.420413 0.781867
vt 0.427222 0.762131
vt 0.457315 0.770152
vt 0.916571 0.661069
vt 0.887682 0.653104
vt 0.112049 0.724515
vt 0.922852 0.642462
vt 0.088177 0.754903
vt 0.117860 0.744959
vt 0.123753 0.762207
vt 0.093657 0.770210
vt 0.100926 0.789871
vt 0.130556 0.781946
vt 0.872833 0.708772
vt 0.104321 0.808576
vt 0.905760 0.695791
vt 0.876995 0.689207
vt 0.882631 0.669903
vt 0.911782 0.676158
vt 0.245118 0.820265
vt 0.256063 0.761423
vt 0.275458 0.816348
vt 0.275456 0.817082
vt 0.305796 0.819611
vt 0.322444 0.827635
vt 0.716707 0.746651
vt 0.742277 0.751635
vt 0.767846 0.746640
vt 0.232576 0.815700
vt 0.789238 0.746868
vt 0.242805 0.909093
vt 0.242913 0.847487
vt 0.275453 0.850080
vt 0.275444 0.899369
vt 0.308078 0.909112
vt 0.307992 0.847504
vt 0.685718 0.768892
vt 0.335635 0.923345
vt 0.710517 0.826756
vt 0.709025 0.772272
vt 0.742280 0.767854
vt 0.742288 0.823907
vt 0.774059 0.826743
vt 0.775535 0.772258
vt 0.216918 0.852154
vt 0.800161 0.835727
vt 0.803587 0.472219
vt 0.184266 0.511368
vt 0.823748 0.473030
vt 0.786007 0.508646
vt 0.783967 0.470951
vt 0.760849 0.468488
vt 0.762764 0.507838
vt 0.739729 0.507585
vt 0.739749 0.469813
vt 0.718652 0.468468
vt 0.716699 0.507812
vt 0.693463 0.508589
vt 0.695538 0.470900
vt 0.347089 0.550471
vt 0.343449 0.511536
vt 0.656251 0.437958
vt 0.370672 0.549455
vt 0.305626 0.550928
vt 0.300328 0.509969
vt 0.323635 0.511057
vt 0.326613 0.553291
vt 0.245263 0.550946
vt 0.250519 0.509979
vt 0.275426 0.509223
vt 0.275447 0.553833
vt 0.203857 0.550446
vt 0.207534 0.511493
vt 0.227207 0.511082
vt 0.224277 0.553331
vt 0.296688 0.941095
vt 0.317831 0.963343
vt 0.722395 0.859395
vt 0.742293 0.859091
vt 0.762190 0.859387
vt 0.672412 0.557619
vt 0.673996 0.509116
vt 0.676597 0.435714
vt 0.676064 0.420456
vt 0.798456 0.058765
vt 0.820876 0.052919
vt 0.343747 0.061021
vt 0.365907 0.055032
vt 0.963235 0.483911
vt 0.902883 0.489040
vt 0.909072 0.482168
vt 0.925033 0.475729
vt 0.931354 0.463643
vt 0.080884 0.498420
vt 0.084741 0.496992
vt 0.090126 0.497750
vt 0.096539 0.509638
vt 0.112499 0.516024
vt 0.245369 0.109349
vt 0.249130 0.116712
vt 0.914174 0.091435
vt 0.914507 0.075957
vt 0.915392 0.060496
vt 0.143488 0.116794
vt 0.145270 0.126440
vt 0.455609 0.095160
vt 0.455938 0.079081
vt 0.456800 0.063019
vt 0.982240 0.434188
vt 0.963585 0.427947
vt 0.946509 0.423110
vt 0.890921 0.433118
vt 0.882130 0.436526
vt 0.926679 0.423006
vt 0.909612 0.427375
vt 0.937930 0.422313
vt 0.075163 0.457134
vt 0.058225 0.461798
vt 0.039557 0.467684
vt 0.094859 0.456979
vt 0.083682 0.456346
vt 0.130564 0.466891
vt 0.111877 0.461251
vt 0.033116 0.470128
vt 0.675805 0.472192
vt 0.653419 0.509254
vt 0.655248 0.472962
vt 0.367019 0.511392
vt 0.176921 0.588998
vt 0.180547 0.549455
vt 0.822760 0.437993
vt 0.233028 0.963316
vt 0.215241 0.923308
vt 0.798841 0.768868
vt 0.699605 0.875602
vt 0.684417 0.835751
vt 0.333987 0.852188
vt 0.228471 0.827609
vt 0.254212 0.785439
vt 0.759269 0.697501
vt 0.785216 0.736222
vt 0.695315 0.746888
vt 0.719972 0.697428
vt 0.296799 0.785396
vt 0.318344 0.815723
vt 0.903939 0.714697
vt 0.136407 0.801345
vt 0.081951 0.736203
vt 0.893090 0.633076
vt 0.446638 0.808511
vt 0.606509 0.708725
vt 0.556410 0.642507
vt 0.438944 0.724452
vt 0.841861 0.692578
vt 0.205190 0.774839
vt 0.146366 0.715395
vt 0.823906 0.608060
vt 0.383498 0.782992
vt 0.673752 0.685953
vt 0.619881 0.625562
vt 0.369876 0.694574
vt 0.624476 0.158216
vt 0.327082 0.211968
vt 0.653476 0.212425
vt 0.306569 0.342322
vt 0.153133 0.050558
vt 0.361352 0.222428
vt 0.125968 0.045756
vt 0.396618 0.225899
vt 0.569871 0.190223
vt 0.388031 0.290471
vt 0.615162 0.304972
vt 0.596954 0.173816
vt 0.584932 0.180968
vt 0.909456 0.190131
vt 0.154402 0.225852
vt 0.888489 0.249012
vt 0.175675 0.355943
vt 0.241882 0.047343
vt 0.189385 0.222364
vt 0.213528 0.046751
vt 0.223402 0.212053
vt 0.855547 0.158550
vt 0.235225 0.276013
vt 0.801766 0.268578
vt 0.882733 0.173912
vt 0.870470 0.167071
vt 0.702590 0.322102
vt 0.284431 0.416033
vt 0.369025 0.419829
vt 0.654789 0.409992
vt 0.841623 0.358035
vt 0.185243 0.480200
vt 0.257695 0.404697
vt 0.773758 0.336466
vt 0.177136 0.638471
vt 0.185108 0.495641
vt 0.653403 0.554919
vt 0.655840 0.423782
vt 0.740026 0.329135
vt 0.739609 0.679991
vt 0.717946 0.727940
vt 0.321543 0.784229
vt 0.275425 0.981496
vt 0.229466 0.784279
vt 0.766602 0.727930
vt 0.275513 0.766895
vt 0.294962 0.761394
vt 0.158494 0.031032
vt 0.235614 0.029385
vt 0.253884 0.807420
vt 0.968218 0.693073
vt 0.970279 0.686813
vt 0.964692 0.720144
vt 0.041234 0.817480
vt 0.965692 0.701614
vt 0.035620 0.790589
vt 0.038855 0.799577
vt 0.026837 0.766821
vt 0.976742 0.669618
vt 0.033170 0.783659
vt 0.515345 0.790561
vt 0.512107 0.799546
vt 0.509721 0.817448
vt 0.514670 0.720260
vt 0.513647 0.701731
vt 0.511110 0.693195
vt 0.509040 0.686939
vt 0.502555 0.669755
vt 0.524137 0.766797
vt 0.517798 0.783632
vt 0.052820 0.522857
vt 0.139366 0.470253
vt 0.968347 0.489050
vt 0.988625 0.436785
vt 0.108883 0.091107
vt 0.106409 0.062482
vt 0.399209 0.044805
vt 0.459518 0.102060
vt 0.428604 0.109556
vt 0.167704 0.057128
vt 0.215342 0.132259
vt 0.203222 0.094543
vt 0.855471 0.043005
vt 0.918242 0.098075
vt 0.886101 0.105305
vt 0.255511 0.067846
vt 0.169019 0.047690
vt 0.166893 0.025823
vt 0.125973 0.120002
vt 0.337008 0.054912
vt 0.115292 0.038211
vt 0.149847 0.015689
vt 0.254586 0.043904
vt 0.241676 0.021944
vt 0.231922 0.132778
vt 0.791425 0.052872
vt 0.199112 0.046316
vt 0.223332 0.014444
vn -0.967598 0.232825 -0.097709
vn -0.967598 0.232825 -0.097709
vn -0.995464 0.008158 0.094790
vn -0.978791 -0.095973 0.180989
vn -0.930016 -0.174743 0.323317
vn -0.911046 -0.023127 0.411656
vn -0.886313 0.089055 0.454443
vn -0.920870 -0.130106 0.367519
vn -0.709723 0.007657 0.704439
vn -0.791525 0.301486 0.531596
vn -0.471925 0.247584 0.846161
vn -0.602498 0.083335 0.793758
vn -0.861993 -0.014637 -0.506709
vn -0.873014 -0.130446 -0.469926
vn -0.973699 -0.208233 -0.092467
vn -0.988281 -0.113888 -0.101639
vn -0.942171 -0.117163 0.313985
vn -0.908098 -0.286501 0.305409
vn -0.794150 -0.306787 0.524602
vn -0.836938 -0.106399 0.536856
vn -0.664263 -0.120128 0.737783
vn -0.624695 -0.275391 0.730696
vn -0.292259 -0.195107 0.936225
vn -0.316307 -0.087745 0.944590
vn -0.955100 -0.088836 0.282651
vn -0.959567 -0.274825 0.060846
vn -0.990996 -0.127804 -0.039908
vn -0.976189 -0.043731 0.212468
vn -0.911376 0.022780 0.410944
vn -0.913629 -0.120003 0.388434
vn -0.846074 -0.115297 0.520447
vn -0.859021 -0.003356 0.511930
vn -0.806114 0.026560 0.591163
vn -0.754806 -0.110187 0.646627
vn -0.408189 -0.067492 0.910399
vn -0.703514 -0.034184 0.709859
vn -0.440771 0.588052 -0.678170
vn -0.862045 0.417161 -0.287845
vn -0.861275 0.502215 0.077367
vn -0.410925 0.867045 -0.281732
vn -0.745657 0.658518 0.101730
vn -0.794778 0.076133 0.602106
vn -0.375175 0.041300 0.926033
vn -0.262427 0.780134 0.567911
vn -0.053658 0.913713 0.402802
vn -0.757168 0.423685 0.497181
vn -0.604272 0.536371 0.589204
vn -0.120902 0.909357 0.398061
vn 0.721963 -0.005926 -0.691907
vn 0.147118 0.454996 -0.878257
vn 0.154537 0.769759 -0.619347
vn 0.647749 0.320907 -0.690971
vn 0.703055 0.444505 -0.555093
vn 0.395738 0.757199 -0.519655
vn 0.654581 0.604727 -0.453685
vn 0.746473 0.458575 -0.482168
vn 0.795060 0.474239 -0.378124
vn 0.607763 0.766571 -0.207350
vn 0.521259 0.841234 0.143580
vn 0.900074 0.400959 -0.170582
vn -0.065938 0.255066 -0.964673
vn 0.387882 0.006252 -0.921688
vn 0.467164 0.274917 -0.840344
vn 0.507764 0.283008 -0.813685
vn 0.760212 0.266016 -0.592717
vn 0.747433 0.307378 -0.588951
vn 0.799659 0.320404 -0.507825
vn 0.808804 0.268680 -0.523113
vn 0.844948 0.289027 -0.450029
vn 0.846615 0.332345 -0.415681
vn 0.938205 0.343266 -0.044051
vn 0.934462 0.328981 -0.136208
vn 0.485950 0.047563 -0.872692
vn 0.280812 -0.003730 -0.959756
vn 0.780648 0.052701 -0.622745
vn 0.850744 -0.004138 -0.525565
vn 0.909618 -0.125598 -0.396005
vn 0.877095 -0.008632 -0.480240
vn 0.856603 -0.063719 -0.512026
vn 0.849734 -0.233005 -0.472928
vn 0.772819 -0.211359 -0.598396
vn 0.825895 -0.050534 -0.561555
vn 0.897318 0.005556 -0.441350
vn 0.831389 -0.112027 -0.544281
vn 0.037700 -0.998396 -0.042252
vn 0.049325 -0.997191 -0.056374
vn 0.044540 -0.997541 -0.054107
vn 0.029614 -0.998734 -0.040656
vn -0.096581 -0.710944 0.696585
vn 0.387691 -0.850076 0.356465
vn 0.391972 -0.917912 -0.061601
vn -0.603145 -0.742155 0.292272
vn 0.022016 -0.999717 0.009006
vn 0.031091 -0.999486 0.007807
vn 0.032057 -0.999472 0.005279
vn 0.024352 -0.999693 0.004551
vn 0.666483 0.440982 0.601112
vn 0.666483 0.440982 0.601112
vn 0.666483 0.440982 0.601112
vn 0.666483 0.440982 0.601112
vn 0.066820 0.022287 0.997516
vn 0.102032 -0.119506 0.987577
vn 0.566963 -0.010122 0.823681
vn 0.471738 0.147104 0.869381
vn -0.572031 -0.411737 0.709404
vn -0.572034 -0.411736 0.709401
vn -0.572034 -0.411736 0.709401
vn -0.572031 -0.411737 0.709404
vn 0.024177 0.232715 -0.972244
vn 0.024177 0.232715 -0.972244
vn 0.024177 0.232715 -0.972244
vn 0.024177 0.232715 -0.972244
vn 0.083279 0.144937 -0.985930
vn -0.540196 -0.011956 -0.841454
vn -0.548855 0.125526 -0.826439
vn -0.781381 -0.497667 0.376525
vn -0.781382 -0.497666 0.376525
vn -0.781382 -0.497666 0.376525
vn -0.781381 -0.497667 0.376525
vn 0.796521 -0.304760 -0.522185
vn 0.792115 -0.242592 -0.560092
vn 0.855473 -0.455692 -0.245991
vn 0.845279 -0.489854 -0.213418
vn 0.151325 -0.648952 0.745628
vn 0.148647 -0.635667 0.757517
vn -0.649098 -0.056447 0.758608
vn -0.856993 0.413785 0.307157
vn -0.863543 0.460485 0.205540
vn -0.147062 0.490798 -0.858772
vn -0.165976 0.535695 -0.827939
vn -0.165976 0.535695 -0.827939
vn -0.149504 0.496620 -0.854995
vn 0.066732 -0.799253 -0.597279
vn 0.167298 -0.790639 -0.588983
vn 0.424094 -0.732006 -0.533208
vn 0.353423 -0.761069 -0.543937
vn 0.976429 0.017170 0.215157
vn 0.971388 0.045258 0.233148
vn 0.971388 0.045258 0.233148
vn 0.976788 0.014893 0.213689
vn 0.069454 0.790062 0.609079
vn -0.036936 0.837805 0.544719
vn -0.454987 0.763755 0.457891
vn -0.338936 0.775280 0.532976
vn -0.901348 0.362727 0.236647
vn -0.850824 -0.519122 -0.081310
vn -0.996100 -0.085050 0.023490
vn 0.497318 0.560011 -0.662618
vn 0.445603 0.625326 -0.640629
vn 0.901781 0.376256 0.212655
vn 0.937116 0.335630 0.095740
vn 0.550715 -0.217328 0.805904
vn 0.406548 -0.289231 0.866640
vn -0.146362 -0.492617 0.857850
vn -0.015607 -0.496747 0.867755
vn -0.532710 -0.547227 0.645572
vn -0.675500 -0.466620 0.570934
vn -0.976910 -0.206036 -0.056531
vn -0.952458 -0.290128 -0.093006
vn -0.548537 0.229869 -0.803908
vn -0.694021 0.201163 -0.691280
vn -0.081825 0.482380 -0.872132
vn -0.012917 0.459552 -0.888057
vn -0.577553 -0.123247 -0.806996
vn -0.713047 -0.135129 -0.687972
vn 0.256613 0.187569 -0.948139
vn 0.333216 0.107868 -0.936660
vn 0.938860 0.235820 -0.250862
vn 0.932726 0.297756 -0.203381
vn 0.891777 0.237308 0.385253
vn 0.919277 0.204226 0.336484
vn 0.561312 0.147895 0.814282
vn 0.392473 0.197868 0.898228
vn -0.337485 0.078128 0.938083
vn -0.333972 -0.026511 0.942210
vn -0.940933 -0.180617 0.286396
vn -0.878395 -0.078946 0.471370
vn -0.968011 -0.183111 -0.171538
vn -0.927822 -0.217016 -0.303397
vn 0.812511 0.418350 -0.405967
vn 0.812511 0.418350 -0.405967
vn 0.892752 0.450057 0.021028
vn 0.891854 0.448892 0.055609
vn 0.148226 0.308197 0.939704
vn 0.148226 0.308197 0.939704
vn 0.148226 0.308197 0.939704
vn 0.148225 0.308197 0.939704
vn -0.318982 0.945266 0.068724
vn -0.318982 0.945266 0.068724
vn -0.315683 0.948685 -0.018479
vn -0.315683 0.948685 -0.018480
vn -0.078251 0.566168 -0.820567
vn -0.078251 0.566168 -0.820567
vn -0.078251 0.566168 -0.820567
vn -0.078251 0.566168 -0.820567
vn -0.136039 0.381694 -0.914223
vn -0.136039 0.381694 -0.914223
vn 0.312151 0.433518 -0.845354
vn 0.299269 0.433271 -0.850126
vn 0.929948 0.342734 0.133154
vn 0.929948 0.342734 0.133154
vn 0.929948 0.342734 0.133154
vn 0.929948 0.342734 0.133154
vn -0.026504 0.945557 0.324376
vn -0.026504 0.945557 0.324376
vn -0.108789 0.949181 0.295330
vn -0.108789 0.949181 0.295330
vn -0.817788 0.517262 -0.252314
vn -0.817788 0.517262 -0.252314
vn -0.817788 0.517262 -0.252314
vn -0.817788 0.517262 -0.252314
vn 0.028997 0.999407 0.018568
vn 0.028997 0.999407 0.018568
vn 0.015377 0.999668 0.020664
vn 0.015392 0.999668 0.020662
vn 0.115255 0.449276 -0.885927
vn 0.115255 0.449276 -0.885928
vn 0.115255 0.449276 -0.885928
vn 0.115255 0.449276 -0.885927
vn 0.002336 -0.999970 -0.007450
vn 0.017369 -0.999621 -0.021363
vn 0.008258 -0.999771 -0.019768
vn -0.003562 -0.999968 -0.007222
vn -0.038446 -0.005894 0.999243
vn -0.032031 -0.009631 0.999441
vn -0.032205 -0.009530 0.999436
vn -0.038446 -0.005894 0.999243
vn -0.010165 0.999948 0.000730
vn -0.010165 0.999948 0.000730
vn -0.008207 0.999954 -0.005023
vn -0.008207 0.999954 -0.005024
vn -0.818741 0.427562 -0.383215
vn -0.818741 0.427562 -0.383215
vn -0.818741 0.427562 -0.383215
vn -0.818741 0.427562 -0.383215
vn 0.003750 -0.999978 0.005479
vn 0.010310 -0.999917 0.007731
vn 0.012106 -0.999922 0.003188
vn 0.004821 -0.999986 0.002233
vn 0.936763 0.005225 0.349926
vn 0.935463 0.010078 0.353280
vn 0.935446 0.010142 0.353324
vn 0.936763 0.005225 0.349926
vn -0.826295 -0.407889 -0.388412
vn -0.533586 -0.287486 0.795385
vn -0.143572 -0.567901 -0.810479
vn -0.237352 -0.534683 -0.811035
vn 0.557313 -0.385592 -0.735337
vn 0.971393 0.103348 0.213809
vn 0.988097 0.147806 -0.042626
vn 0.961664 -0.012333 -0.273951
vn 0.810269 0.431988 0.396044
vn 0.661915 0.590182 0.462118
vn 0.110278 0.654574 0.747912
vn 0.236103 0.598344 0.765663
vn -0.444561 0.400709 0.801123
vn -0.406538 0.422174 0.810245
vn -0.850262 -0.167891 0.498866
vn -0.960383 -0.105721 0.257851
vn 0.917407 -0.372812 0.139193
vn 0.434302 -0.510459 0.742168
vn 0.486606 -0.450239 0.748665
vn -0.354517 -0.311511 0.881634
vn -0.857492 -0.030011 0.513621
vn -0.861278 0.408710 -0.301923
vn -0.387530 0.519875 -0.761282
vn 0.319594 0.297414 -0.899669
vn 0.859747 -0.103628 -0.500096
vn -0.784659 0.356477 -0.507183
vn -0.859674 0.106900 -0.499533
vn -0.396780 -0.428402 -0.811811
vn -0.662334 -0.263364 -0.701394
vn -0.208728 -0.762637 -0.612224
vn 0.341470 -0.681861 -0.646888
vn 0.848452 -0.483594 -0.215098
vn 0.482506 -0.872975 -0.071429
vn 0.696217 -0.432248 0.573101
vn 0.945432 -0.074991 0.317072
vn 0.467750 0.401948 0.787177
vn 0.498229 0.141197 0.855471
vn 0.179427 0.643113 0.744454
vn 0.044243 0.703202 0.709613
vn -0.752487 0.615418 0.234573
vn -0.427171 0.899001 0.096551
vn 0.523445 -0.851963 -0.012807
vn 0.772060 -0.616727 -0.153530
vn 0.696310 -0.449874 0.559254
vn 0.614349 -0.552328 0.563480
vn 0.481950 -0.010273 0.876139
vn 0.300631 -0.010986 0.953677
vn -0.467572 0.518611 0.715835
vn -0.056240 0.707750 0.704221
vn -0.673445 0.738996 0.018900
vn -0.801343 0.555304 -0.222458
vn -0.551347 0.398920 -0.732720
vn -0.788682 0.364133 -0.495366
vn -0.516532 -0.146398 -0.843660
vn 0.151533 -0.042372 -0.987544
vn 0.576015 -0.427155 -0.696955
vn 0.075056 -0.696594 -0.713529
vn -0.795769 -0.605531 0.009191
vn -0.795769 -0.605531 0.009191
vn -0.795769 -0.605531 0.009191
vn -0.795769 -0.605531 0.009191
vn 0.467136 -0.285536 0.836811
vn 0.467136 -0.285536 0.836811
vn 0.615682 0.020152 0.787737
vn 0.967862 -0.142405 -0.207277
vn 0.700793 0.396093 -0.593295
vn 0.604555 0.129310 -0.785998
vn 0.052137 -0.008459 -0.998604
vn -0.587275 0.748729 -0.307429
vn -0.631704 -0.271634 -0.726061
vn -0.923548 -0.253213 0.287997
vn -0.884880 -0.436312 0.163151
vn -0.380635 -0.554673 0.739902
vn -0.357406 -0.383045 0.851785
vn 0.439785 -0.205971 0.874165
vn 0.323258 -0.460363 0.826783
vn 0.874824 -0.209169 0.436957
vn 0.876339 0.130777 0.463603
vn 0.878653 0.342140 -0.333031
vn 0.914964 0.098603 -0.391302
vn 0.425828 0.219162 -0.877860
vn 0.368966 0.339864 -0.865076
vn -0.391495 0.310779 -0.866111
vn -0.257514 0.097965 -0.961296
vn -0.870882 -0.241583 -0.428021
vn -0.942168 0.055431 -0.330526
vn 0.146506 0.026864 -0.988845
vn -0.425579 -0.153389 -0.891826
vn -0.497876 -0.123495 -0.858410
vn 0.608813 0.212438 -0.764341
vn 0.689909 0.119719 -0.713928
vn 0.831770 0.100386 -0.545968
vn 0.785476 0.204556 -0.584110
vn 0.820033 0.196262 -0.537612
vn 0.841342 0.075984 -0.535136
vn 0.848378 0.070262 -0.524708
vn 0.847190 0.201467 -0.491610
vn 0.939125 0.205748 -0.275157
vn 0.934911 0.076763 -0.346482
vn 0.060177 -0.226130 0.972237
vn 0.062577 -0.286369 0.956074
vn 0.618375 -0.117478 0.777053
vn 0.560975 -0.118330 0.819332
vn -0.632871 -0.440439 0.636779
vn -0.688639 -0.389581 0.611558
vn -0.437301 -0.395414 0.807723
vn -0.372293 -0.343638 0.862155
vn -0.844154 -0.440261 0.305900
vn -0.852427 -0.362474 0.376803
vn -0.786122 -0.354930 0.506001
vn -0.737985 -0.476763 0.477572
vn -0.845940 -0.234516 -0.478945
vn -0.831838 -0.288311 -0.474259
vn -0.930295 -0.364063 0.044815
vn -0.937539 -0.345575 -0.039969
vn -0.880412 -0.325768 0.344602
vn -0.932021 -0.360736 0.034721
vn -0.749299 -0.169920 -0.640061
vn -0.761337 0.018453 0.648094
vn -0.630790 -0.424641 0.649449
vn -0.790872 -0.322389 0.520180
vn -0.291190 0.424912 0.857122
vn -0.291190 0.424912 0.857122
vn 0.279650 -0.197274 0.939616
vn -0.381491 -0.506078 0.773531
vn -0.859419 0.373382 0.349264
vn -0.840034 0.183584 0.510529
vn 0.167038 0.141453 0.975751
vn 0.404103 0.710609 0.575965
vn 0.524932 0.851050 0.012663
vn 0.079861 0.953608 -0.290265
vn -0.425283 0.827008 -0.367684
vn 0.826099 0.295783 0.479659
vn 0.943739 0.138963 0.300075
vn 0.840532 -0.468091 -0.272760
vn 0.898718 -0.356773 -0.254987
vn 0.896610 -0.311972 -0.314269
vn 0.786555 -0.023026 -0.617091
vn 0.786555 -0.023026 -0.617091
vn 0.619739 -0.589440 -0.518155
vn -0.198389 -0.905800 -0.374390
vn 0.783414 -0.558758 -0.272126
vn 0.771812 -0.488886 -0.406567
vn 0.988473 -0.008973 0.151131
vn 0.995718 -0.035480 -0.085364
vn 0.821627 -0.270479 -0.501767
vn 0.821627 -0.270479 -0.501767
vn 0.517537 -0.515127 -0.683228
vn 0.566515 -0.486298 -0.665263
vn 0.039722 -0.997866 -0.051824
vn 0.019482 -0.999114 -0.037309
vn -0.000753 -0.999834 -0.018194
vn 0.033013 -0.999451 0.002777
vn 0.025703 -0.999670 0.000054
vn 0.013915 -0.999902 -0.001394
vn 0.910420 0.068664 0.407948
vn 0.910420 0.068664 0.407948
vn 0.910420 0.068664 0.407948
vn 0.910420 0.068664 0.407948
vn 0.748720 -0.054235 0.660664
vn 0.382045 0.272325 0.883109
vn -0.572030 -0.411738 0.709404
vn -0.572030 -0.411738 0.709404
vn -0.572029 -0.411737 0.709405
vn -0.572029 -0.411737 0.709405
vn -0.572029 -0.411737 0.709405
vn -0.572029 -0.411737 0.709405
vn -0.572029 -0.411737 0.709405
vn -0.572029 -0.411737 0.709405
vn -0.344484 0.475083 -0.809708
vn -0.344484 0.475083 -0.809708
vn -0.344484 0.475083 -0.809708
vn -0.344484 0.475083 -0.809708
vn -0.279153 -0.037439 -0.959517
vn -0.551310 0.218538 -0.805170
vn -0.781383 -0.497665 0.376524
vn -0.781383 -0.497665 0.376524
vn -0.781383 -0.497664 0.376525
vn -0.781383 -0.497664 0.376525
vn -0.781383 -0.497663 0.376525
vn -0.781384 -0.497663 0.376525
vn -0.781381 -0.497667 0.376526
vn -0.781381 -0.497667 0.376526
vn 0.808090 -0.586345 0.056487
vn 0.784377 -0.612886 0.095518
vn 0.748365 -0.646446 0.148517
vn 0.825979 -0.527154 -0.199670
vn 0.796897 -0.357899 -0.486686
vn -0.355857 -0.404992 0.842227
vn -0.308572 -0.316144 0.897127
vn -0.308572 -0.316144 0.897127
vn 0.136688 -0.576714 0.805430
vn 0.136688 -0.576714 0.805430
vn -0.787760 0.611077 -0.077581
vn -0.772250 0.607488 -0.185981
vn -0.753650 0.599595 -0.269253
vn -0.872190 0.465310 0.150901
vn -0.785594 0.196268 0.586788
vn 0.183232 0.300491 -0.936019
vn 0.183232 0.300491 -0.936019
vn 0.190816 0.281364 -0.940438
vn 0.191461 0.279722 -0.940797
vn 0.198217 0.262366 -0.944391
vn 0.198217 0.262366 -0.944391
vn -0.129949 0.449780 -0.883635
vn -0.129949 0.449780 -0.883635
vn 0.662997 -0.611639 -0.431662
vn 0.611817 -0.660679 -0.434952
vn 0.561225 -0.703483 -0.436047
vn 0.280932 -0.791524 -0.542740
vn -0.063457 -0.798278 -0.598937
vn 0.822288 0.399181 0.405583
vn 0.822288 0.399181 0.405583
vn 0.857440 0.322014 0.401376
vn 0.852656 0.333513 0.402177
vn 0.880615 0.260081 0.396074
vn 0.880615 0.260081 0.396074
vn 0.980125 -0.009012 0.198178
vn 0.980125 -0.009012 0.198178
vn -0.691938 0.590084 0.415960
vn -0.275945 0.749524 0.601721
vn 0.147671 0.745542 0.649893
vn -0.816325 -0.482219 -0.317928
vn -0.827874 -0.456927 -0.325335
vn -0.860169 -0.373584 -0.347195
vn -0.860169 -0.373584 -0.347195
vn -0.997122 -0.010991 -0.075019
vn -0.997122 -0.010991 -0.075019
vn 0.632610 -0.192970 0.750045
vn 0.946303 0.322296 -0.025207
vn 0.490160 0.502505 -0.712202
vn -0.409934 -0.622567 0.666607
vn 0.066753 -0.495172 0.866227
vn -0.373648 0.258388 -0.890855
vn -0.909810 -0.336863 -0.242422
vn 0.024859 0.427522 -0.903663
vn 0.960954 0.182429 -0.208056
vn 0.388864 0.055696 -0.919610
vn -0.541983 -0.151295 -0.826658
vn 0.660675 0.089706 0.745293
vn 0.925890 0.168407 0.338183
vn -0.946542 -0.271031 0.174930
vn -0.274005 -0.138584 0.951691
vn -0.901862 -0.238869 -0.359980
vn 0.755931 0.370343 0.539827
vn 0.755931 0.370343 0.539827
vn 0.844934 0.002253 0.534866
vn 0.844934 0.002253 0.534866
vn 0.999018 0.027396 0.034812
vn 0.999540 0.028413 0.010600
vn 0.883085 0.044821 -0.467068
vn 0.883085 0.044821 -0.467067
vn -0.080815 0.560324 0.824321
vn -0.080815 0.560324 0.824321
vn -0.080815 0.560324 0.824322
vn -0.080815 0.560324 0.824321
vn -0.026353 -0.012937 0.999569
vn -0.026353 -0.012937 0.999569
vn 0.188068 -0.015114 0.982040
vn 0.188068 -0.015114 0.982040
vn 0.188068 -0.015114 0.982040
vn 0.188068 -0.015114 0.982040
vn -0.309976 0.944868 -0.105544
vn -0.309976 0.944868 -0.105544
vn -0.862740 -0.497708 -0.089259
vn -0.862740 -0.497708 -0.089259
vn -0.866009 -0.498127 -0.043574
vn -0.866009 -0.498127 -0.043574
vn -0.867461 -0.497501 0.002203
vn -0.867461 -0.497501 0.002203
vn 0.247301 0.365443 -0.897381
vn 0.247301 0.365443 -0.897381
vn 0.247301 0.365443 -0.897381
vn 0.247301 0.365443 -0.897381
vn 0.283069 0.044530 -0.958065
vn 0.283069 0.044530 -0.958065
vn 0.283069 0.044530 -0.958065
vn 0.283069 0.044530 -0.958065
vn 0.036336 0.026244 -0.998995
vn 0.039009 0.017377 -0.999088
vn 0.038949 0.017578 -0.999087
vn 0.036336 0.026244 -0.998995
vn 0.672501 0.400591 -0.622310
vn 0.672500 0.400590 -0.622310
vn 0.746837 0.013833 -0.664863
vn 0.746837 0.013833 -0.664863
vn 0.349690 0.003659 -0.936858
vn 0.360678 0.003925 -0.932682
vn -0.123508 -0.007254 -0.992317
vn -0.123508 -0.007254 -0.992317
vn 0.752596 0.542295 0.373518
vn 0.752596 0.542295 0.373518
vn 0.752596 0.542295 0.373518
vn 0.752596 0.542295 0.373518
vn 0.934272 0.014419 0.356269
vn 0.934272 0.014419 0.356269
vn 0.989895 0.021042 0.140235
vn 0.989895 0.021042 0.140235
vn 0.989895 0.021042 0.140235
vn 0.989895 0.021042 0.140235
vn -0.190244 0.945566 0.264032
vn -0.190244 0.945566 0.264032
vn -0.342791 -0.496249 0.797641
vn -0.342791 -0.496249 0.797641
vn -0.300141 -0.496772 0.814330
vn -0.300141 -0.496772 0.814330
vn -0.256861 -0.496253 0.829310
vn -0.256861 -0.496253 0.829310
vn -0.800586 0.308356 -0.513788
vn -0.800586 0.308356 -0.513788
vn -0.800586 0.308356 -0.513788
vn -0.800586 0.308356 -0.513788
vn -0.838415 -0.016700 -0.544777
vn -0.838415 -0.016700 -0.544777
vn -0.838415 -0.016700 -0.544777
vn -0.838415 -0.016700 -0.544777
vn -0.933408 -0.011936 -0.358619
vn -0.934813 -0.008761 -0.355031
vn -0.934835 -0.008713 -0.354976
vn -0.933408 -0.011936 -0.358619
vn 0.001590 0.999739 0.022782
vn 0.001590 0.999739 0.022782
vn -0.061563 0.992865 -0.102125
vn -0.061563 0.992865 -0.102125
vn -0.066223 0.997794 -0.004592
vn -0.066222 0.997794 -0.004620
vn -0.070247 0.993196 0.092879
vn -0.070247 0.993196 0.092879
vn 0.042004 0.007430 -0.999090
vn 0.042004 0.007430 -0.999090
vn -0.051667 -0.236428 -0.970274
vn -0.051667 -0.236428 -0.970274
vn -0.051667 -0.236428 -0.970274
vn -0.051667 -0.236428 -0.970274
vn 0.029925 0.552504 -0.832973
vn 0.029925 0.552504 -0.832973
vn 0.029925 0.552504 -0.832973
vn 0.029925 0.552504 -0.832973
vn -0.009361 -0.999932 -0.006998
vn -0.075465 -0.993125 0.089485
vn -0.075465 -0.993125 0.089485
vn -0.070625 -0.997501 -0.002143
vn -0.070615 -0.997501 -0.002315
vn -0.065171 -0.993433 -0.094044
vn -0.065171 -0.993433 -0.094044
vn 0.048303 0.448724 0.892364
vn 0.048303 0.448724 0.892364
vn 0.048303 0.448724 0.892364
vn 0.048303 0.448724 0.892364
vn -0.053855 0.553410 0.831166
vn -0.053855 0.553410 0.831166
vn -0.053855 0.553410 0.831166
vn -0.053855 0.553410 0.831166
vn -0.150207 -0.232715 0.960875
vn -0.150207 -0.232715 0.960875
vn -0.150207 -0.232715 0.960876
vn -0.150207 -0.232715 0.960875
vn -0.006256 0.999923 -0.010758
vn -0.006256 0.999923 -0.010758
vn -0.115149 0.992954 0.027986
vn -0.115149 0.992954 0.027986
vn -0.023244 0.997782 0.062384
vn -0.023251 0.997782 0.062382
vn 0.068884 0.992978 0.096179
vn 0.068884 0.992978 0.096179
vn -0.936367 -0.005191 -0.350985
vn -0.936367 -0.005191 -0.350985
vn -0.942173 -0.234734 -0.239188
vn -0.942173 -0.234734 -0.239188
vn -0.942173 -0.234734 -0.239188
vn -0.942173 -0.234734 -0.239188
vn -0.785698 0.553117 -0.277020
vn -0.785698 0.553117 -0.277020
vn -0.785698 0.553117 -0.277020
vn -0.785698 0.553117 -0.277020
vn 0.005901 -0.999982 -0.001038
vn 0.061973 -0.993270 0.097850
vn 0.061973 -0.993270 0.097850
vn -0.024157 -0.997482 0.066679
vn -0.024093 -0.997482 0.066702
vn -0.110001 -0.993316 0.034979
vn -0.110001 -0.993316 0.034979
vn 0.864741 0.437512 0.246589
vn 0.864741 0.437512 0.246589
vn 0.864741 0.437512 0.246589
vn 0.864741 0.437512 0.246589
vn 0.776550 0.554414 0.299325
vn 0.776550 0.554414 0.299325
vn 0.776550 0.554414 0.299325
vn 0.776550 0.554414 0.299325
vn 0.872033 -0.234221 0.429766
vn 0.872033 -0.234221 0.429766
vn 0.872033 -0.234221 0.429766
vn 0.872033 -0.234221 0.429766
vn -0.343955 -0.716023 -0.607459
vn -0.718207 -0.263639 -0.643951
vn -0.832574 0.301383 -0.464746
vn 0.649167 -0.427431 0.629194
vn 0.394576 -0.912628 -0.106859
vn 0.153884 0.622916 0.767004
vn 0.490253 0.109873 0.864627
vn -0.462327 0.875624 0.139773
vn 0.452446 -0.094799 0.886739
vn 0.563604 -0.590838 0.577287
vn 0.496707 -0.864531 0.076611
vn -0.682807 0.727445 0.067812
vn -0.065579 0.658578 0.749649
vn -0.627132 -0.077026 -0.775096
vn -0.809184 0.386568 -0.442477
vn 0.032169 -0.723643 -0.689424
vn 0.068900 -0.644581 0.761425
vn 0.068900 -0.644581 0.761425
vn 0.068900 -0.644581 0.761425
vn 0.068900 -0.644581 0.761425
vn 0.345097 -0.657384 0.669891
vn -0.539094 -0.721971 0.433746
vn -0.735493 -0.664553 -0.131981
vn 0.672044 -0.634165 0.382350
vn -0.716370 -0.343793 -0.607141
vn -0.716370 -0.343793 -0.607141
vn -0.511999 -0.592674 -0.621767
vn 0.961084 0.001126 0.276254
vn -0.421014 0.898849 0.121727
vn -0.754804 0.567541 -0.328890
vn -0.754804 0.567541 -0.328890
vn -0.420411 0.899049 0.122331
vn -0.734408 -0.113941 -0.669076
vn -0.734408 -0.113941 -0.669076
vn -0.734408 -0.113941 -0.669076
vn -0.734408 -0.113941 -0.669076
vn -0.627676 -0.328482 -0.705777
vn -0.627676 -0.328482 -0.705777
vn -0.627676 -0.328482 -0.705777
vn -0.627676 -0.328482 -0.705777
vn 0.038194 -0.859969 -0.508915
vn 0.463799 -0.868368 -0.175579
vn 0.463824 -0.868359 -0.175554
vn 0.038194 -0.859969 -0.508915
vn 0.692921 -0.713499 0.103826
vn 0.692921 -0.713499 0.103826
vn 0.705061 0.224027 0.672831
vn 0.705061 0.224027 0.672831
vn 0.705061 0.224027 0.672831
vn 0.705061 0.224027 0.672831
vn 0.692508 0.249079 0.677047
vn 0.692508 0.249079 0.677047
vn 0.692508 0.249079 0.677046
vn 0.692508 0.249079 0.677047
vn -0.046043 0.899989 0.433474
vn -0.046043 0.899989 0.433474
vn 0.084987 -0.643822 -0.760441
vn 0.396846 -0.841896 -0.365685
vn 0.396846 -0.841896 -0.365685
vn 0.084964 -0.643802 -0.760461
vn 0.628874 -0.633223 0.451161
vn 0.628874 -0.633223 0.451161
vn 0.628874 -0.633223 0.451161
vn 0.628874 -0.633223 0.451161
vn 0.614847 -0.472129 0.631711
vn 0.614846 -0.472129 0.631711
vn 0.614847 -0.472129 0.631711
vn 0.614846 -0.472129 0.631711
vn 0.363263 0.190338 0.912037
vn -0.025935 0.680724 0.732081
vn -0.026463 0.681199 0.731620
vn 0.363263 0.190338 0.912037
vn -0.317443 0.865426 0.387645
vn -0.317443 0.865426 0.387645
vn -0.607515 0.581117 -0.541506
vn -0.607515 0.581117 -0.541506
vn -0.607515 0.581117 -0.541506
vn -0.607515 0.581117 -0.541506
vn -0.605943 0.562344 -0.562674
vn -0.605943 0.562344 -0.562674
vn -0.605943 0.562344 -0.562674
vn -0.605943 0.562344 -0.562674
vn -0.161710 -0.377715 -0.911691
vn -0.161710 -0.377715 -0.911691
s 1
g pCube1
usemtl pCube1SG
f 101/1/1 1/2/2 98/3/3 97/4/4
f 99/5/5 2/6/6 103/7/7 102/8/8
f 104/9/9 3/10/10 107/11/11 106/12/12
s 3
f 114/13/13 5/14/14 111/15/15 110/16/16
f 112/17/17 6/18/18 116/19/19 115/20/20
f 117/21/21 7/22/22 120/23/23 119/24/24
f 126/25/25 9/26/26 113/27/27 123/28/28
f 124/29/29 10/30/30 118/31/31 127/32/32
f 128/33/33 11/34/34 122/35/35 130/36/36
f 136/424/37 13/38/38 125/39/39 133/474/40
f 141/401/41 85/42/42 138/43/43 137/473/44
f 145/413/45 15/477/46 132/47/47 142/472/48
f 149/49/49 17/50/50 135/51/51 146/52/52
f 147/53/53 18/54/54 151/470/55 150/56/56
f 152/57/57 19/58/58 144/59/59 154/60/60
f 160/61/61 21/62/62 148/63/63 157/64/64
f 158/65/65 22/66/66 153/67/67 161/68/68
f 162/69/69 23/70/70 156/71/71 164/72/72
f 171/73/73 90/74/74 168/75/75 167/76/76
f 169/77/77 91/78/78 173/79/79 172/80/80
f 174/81/81 92/82/82 177/83/83 176/84/84
s 10
f 184/85/85 49/86/86 181/87/87 180/88/88
s 1
f 187/464/89 30/90/90 175/91/91 185/469/92
s 12
f 192/93/93 53/94/94 189/95/95 188/96/96
s off
f 108/97/97 4/98/98 194/99/99 193/100/100
s 3
f 121/101/101 8/102/102 197/103/103 196/104/104
s 13
f 378/105/105 377/106/106 379/107/107 380/108/108
s off
f 171/73/109 29/109/110 204/110/111 203/111/112
s 3
f 160/61/61 25/112/113 207/113/114 206/114/115
s 14
f 386/501/116 387/116/117 388/117/118 389/118/119
s 15
f 216/119/120 29/109/121 170/120/122 213/121/123
s 1
f 214/122/124 30/90/90 187/464/89 217/123/125
f 218/124/126 2/6/6 98/3/127 220/125/128
s 17
f 221/126/129 1/2/130 204/462/131 223/127/132
s 18
f 228/128/133 31/129/134 179/130/135 225/131/136
s 19
f 226/132/137 32/133/138 194/460/139 229/134/140
s 1
f 230/135/141 4/98/142 107/11/143 232/136/144
f 233/137/145 3/10/10 186/458/146 235/139/147
s 21
f 240/140/148 33/141/149 215/142/150 237/143/151
f 238/144/152 34/145/153 219/454/154 241/147/155
f 242/148/156 35/149/157 222/150/158 244/151/159
f 245/152/160 36/153/161 224/447/162 247/155/163
s 22
f 252/156/164 37/157/165 227/158/166 249/159/167
f 250/160/168 38/161/169 231/441/170 253/163/171
f 254/164/172 39/165/173 234/166/174 256/167/175
f 257/168/176 40/169/177 236/434/178 259/171/179
s 23
f 263/524/180 41/479/181 239/174/182 261/528/183
s off
f 262/176/184 42/177/185 243/178/186 264/527/187
s 24
f 270/511/188 58/181/189 267/182/190 266/525/191
s off
f 272/516/192 44/448/193 248/186/194 271/523/195
s 25
f 275/518/196 45/478/197 251/190/198 273/522/199
s off
f 274/192/200 46/193/201 255/194/202 276/521/203
s 26
f 282/505/204 62/197/205 279/198/206 278/519/207
s off
f 284/510/208 48/435/209 260/202/210 283/517/211
s 27
f 287/204/212 43/450/213 246/206/214 285/207/215
s off
f 286/208/216 44/448/217 272/516/218 288/209/219
s 10
f 289/210/220 52/211/221 183/212/222 290/213/223
s 28
f 291/214/224 51/215/225 265/513/226 292/217/227
s 29
f 295/218/228 47/437/229 258/220/230 293/221/231
s off
f 294/222/232 48/435/233 284/510/234 296/223/235
s 12
f 297/224/236 56/225/237 191/226/238 298/227/239
s 30
f 299/228/240 55/229/241 277/507/242 300/231/243
s 3
f 304/232/244 12/233/245 198/430/246 301/235/247
f 302/236/248 24/237/249 155/238/250 305/239/251
f 306/240/252 20/241/253 143/428/254 308/243/255
f 309/244/256 16/245/257 131/246/258 311/247/259
f 316/248/260 21/62/62 208/426/261 313/250/262
f 314/251/263 9/26/26 126/25/25 317/252/264
f 318/253/265 13/38/38 136/424/37 320/254/266
f 321/255/267 17/50/50 149/49/49 323/256/268
f 327/257/269 66/258/270 303/422/271 325/260/272
f 326/261/273 65/262/274 307/263/275 328/264/276
f 329/265/277 67/266/278 310/420/279 330/268/280
f 331/269/281 68/270/282 312/271/283 332/272/284
f 335/273/285 69/274/286 315/418/287 333/276/288
f 334/277/289 70/278/290 319/279/291 336/280/292
f 337/281/293 71/282/294 322/416/295 338/284/296
f 339/285/297 72/286/298 324/287/299 340/288/300
s off
f 344/289/301 14/480/302 129/291/303 341/292/304
s 3
f 342/293/305 15/46/306 145/414/45 345/294/307
f 346/295/308 19/471/58 151/55/309 348/296/310
f 349/297/311 18/475/54 134/410/312 351/299/313
f 355/300/314 81/301/315 343/302/316 353/303/317
f 354/304/318 82/305/319 347/406/320 356/307/321
f 357/308/322 83/309/323 350/310/324 358/311/325
f 359/312/326 84/313/327 352/403/328 360/315/329
f 363/316/330 90/74/74 205/400/331 361/318/332
f 363/316/330 25/112/113 159/319/333 364/320/334
f 365/321/335 26/322/336 163/323/337 366/324/338
f 367/325/339 27/326/340 166/327/341 368/328/342
f 371/329/343 94/330/344 195/397/345 370/332/346
f 373/333/347 95/334/348 109/335/349 372/336/350
f 375/337/351 96/338/352 105/339/353 374/340/354
f 362/341/355 89/342/356 100/343/357 376/344/358
s 1
f 98/3/3 2/6/6 99/5/5 97/4/4
s 3
f 99/5/359 96/338/352 100/343/357 97/4/360
f 100/343/357 89/342/356 101/1/361 97/4/360
s 1
f 103/7/7 3/10/10 104/9/9 102/8/362
s 3
f 104/9/363 95/334/348 105/339/353 102/8/364
f 105/339/353 96/338/352 99/5/359 102/8/364
s 1
f 107/11/11 4/98/365 108/97/366 106/12/12
s 3
f 108/97/367 94/330/344 109/335/349 106/12/368
f 109/335/349 95/334/348 104/9/363 106/12/368
f 111/15/15 6/18/18 112/17/17 110/16/16
f 112/17/17 10/30/30 113/27/27 110/16/16
f 113/27/27 9/26/26 114/13/13 110/16/16
f 116/19/19 7/22/22 117/21/21 115/20/20
f 117/21/21 11/34/34 118/31/31 115/20/20
f 118/31/31 10/30/30 112/17/17 115/20/20
f 120/23/23 8/102/102 121/101/101 119/24/24
f 121/101/101 12/233/245 122/35/35 119/24/24
f 122/35/35 11/34/34 117/21/21 119/24/24
f 113/27/27 10/30/30 124/29/29 123/28/28
f 124/29/29 14/290/369 125/39/39 123/28/28
f 125/39/39 13/38/38 126/25/25 123/28/28
f 118/31/31 11/34/34 128/33/33 127/32/32
f 128/33/33 15/477/46 129/476/370 127/32/32
f 129/476/370 14/290/369 124/29/29 127/32/32
f 122/35/35 12/233/245 131/246/258 130/36/36
f 131/246/258 16/245/257 132/47/47 130/36/36
f 132/47/47 15/477/46 128/33/33 130/36/36
f 125/39/39 14/290/369 134/408/312 133/474/40
f 134/409/312 18/54/54 135/51/51 133/40/40
f 135/51/51 17/50/50 136/37/37 133/40/40
f 138/43/43 86/345/371 139/346/372 137/473/44
f 139/404/372 87/347/373 140/348/374 137/44/44
f 140/348/374 88/349/375 141/41/41 137/44/44
f 132/47/47 16/245/257 143/242/254 142/472/48
f 143/428/254 20/241/253 144/59/59 142/48/48
f 144/59/59 19/58/58 145/412/45 142/48/48
f 135/51/51 18/54/54 147/53/53 146/52/52
f 147/53/53 22/66/66 148/63/63 146/52/52
f 148/63/63 21/62/62 149/49/49 146/52/52
f 151/470/55 19/58/58 152/57/57 150/56/56
f 152/57/57 23/70/70 153/67/67 150/56/56
f 153/67/67 22/66/66 147/53/53 150/56/56
f 144/59/59 20/241/253 155/238/250 154/60/60
f 155/238/250 24/237/249 156/71/71 154/60/60
f 156/71/71 23/70/70 152/57/57 154/60/60
f 148/63/63 22/66/66 158/65/65 157/64/64
f 158/65/65 26/322/336 159/319/333 157/64/64
f 159/319/333 25/112/113 160/61/61 157/64/64
f 153/67/67 23/70/70 162/69/69 161/68/68
f 162/69/69 27/326/340 163/323/337 161/68/68
f 163/323/337 26/322/336 158/65/65 161/68/68
f 156/71/71 24/237/249 165/350/376 164/72/72
f 165/350/376 28/351/377 166/327/341 164/72/72
f 166/327/341 27/326/340 162/69/69 164/72/72
f 168/75/75 91/78/78 169/77/77 167/76/76
s 1
f 169/77/378 30/90/90 170/120/379 167/76/380
f 170/120/379 29/109/381 171/73/382 167/76/380
s 3
f 173/79/79 92/82/82 174/81/81 172/80/80
s 1
f 174/81/383 31/129/384 175/91/91 172/80/385
f 175/91/91 30/90/90 169/77/378 172/80/386
s 3
f 177/83/83 93/352/387 178/353/388 176/84/84
s 1
f 178/353/389 32/133/390 179/130/391 176/84/392
f 179/130/391 31/129/384 174/81/383 176/84/392
s 10
f 181/87/87 50/354/393 182/355/394 180/88/88
f 182/355/394 51/215/395 183/212/222 180/88/88
f 183/212/222 52/211/221 184/85/85 180/88/88
s 1
f 175/91/91 31/129/384 186/138/146 185/469/92
f 186/458/146 3/10/10 103/7/7 185/92/92
f 103/7/7 2/6/6 187/89/89 185/92/92
s 12
f 189/95/95 54/356/396 190/357/397 188/96/96
f 190/357/397 55/229/398 191/226/238 188/96/96
f 191/226/238 56/225/237 192/93/93 188/96/96
s off
f 194/460/399 32/133/400 178/353/401 193/468/402
s 3
f 178/353/388 93/352/387 195/331/345 193/468/403
f 195/397/345 94/330/344 108/97/367 193/100/403
f 197/395/103 28/351/377 165/350/376 196/467/104
f 165/350/376 24/237/249 198/234/404 196/467/104
f 198/430/404 12/233/245 121/101/101 196/104/104
s 41
f 379/107/405 381/358/406 382/503/407 380/108/408
f 382/359/407 383/360/409 384/361/410 380/108/408
s 13
f 384/361/411 385/362/412 378/105/105 380/108/108
s off
f 204/462/413 1/2/414 101/1/415 203/466/416
s 3
f 101/1/361 89/342/356 205/317/331 203/466/417
f 205/400/331 90/74/74 171/73/73 203/111/417
f 207/398/114 5/14/14 114/13/13 206/465/115
f 114/13/13 9/26/26 208/249/418 206/465/115
f 208/426/418 21/62/62 160/61/61 206/114/115
s 42
f 388/117/419 390/363/420 391/364/421 389/118/422
f 391/364/421 392/365/423 393/366/424 389/118/422
s 14
f 393/366/425 394/367/426 386/115/116 389/118/119
s 15
f 170/120/122 30/90/427 214/122/428 213/121/123
f 214/122/428 34/145/429 215/142/430 213/121/123
f 215/142/430 33/141/431 216/119/120 213/121/123
s 1
f 187/89/89 2/6/6 218/124/126 217/463/432
f 218/124/126 35/149/433 219/146/434 217/463/432
f 219/454/435 34/145/436 214/122/124 217/123/125
f 98/3/127 1/2/437 221/126/438 220/125/128
f 221/126/438 36/153/439 222/150/440 220/125/128
f 222/150/440 35/149/441 218/124/126 220/125/128
s 43
f 204/110/442 29/109/443 216/119/444 223/461/445
f 216/119/444 33/141/446 224/154/447 223/461/445
s 17
f 224/447/448 36/153/449 221/126/129 223/127/132
s 18
f 179/130/135 32/133/450 226/132/451 225/131/136
f 226/132/451 38/161/452 227/158/453 225/131/136
f 227/158/453 37/157/454 228/128/133 225/131/136
s 44
f 194/99/455 4/98/456 230/135/457 229/459/458
f 230/135/457 39/165/459 231/162/460 229/459/458
s 19
f 231/441/461 38/161/462 226/132/137 229/134/140
s 1
f 107/11/143 3/10/10 233/137/145 232/136/144
f 233/137/145 40/169/463 234/166/464 232/136/144
f 234/166/464 39/165/465 230/135/141 232/136/144
f 186/138/146 31/129/384 228/128/466 235/457/467
f 228/128/466 37/157/468 236/170/469 235/457/467
f 236/434/470 40/169/471 233/137/145 235/139/147
s 21
f 215/142/150 34/145/153 238/144/152 237/143/151
f 238/144/152 42/456/472 239/455/473 237/143/151
f 239/455/473 41/173/474 240/140/148 237/143/151
f 219/146/154 35/149/157 242/148/156 241/453/155
f 242/148/156 43/205/475 243/451/476 241/453/155
f 243/452/476 42/456/472 238/144/152 241/147/155
f 222/150/158 36/153/161 245/152/160 244/151/159
f 245/152/160 44/185/477 246/449/478 244/151/159
f 246/449/478 43/205/475 242/148/156 244/151/159
f 224/154/162 33/141/149 240/140/148 247/446/163
f 240/140/148 41/173/474 248/444/479 247/446/163
f 248/445/479 44/185/477 245/152/160 247/155/163
s 22
f 227/158/166 38/161/169 250/160/168 249/159/167
f 250/160/168 46/443/480 251/442/481 249/159/167
f 251/442/481 45/189/482 252/156/164 249/159/167
f 231/162/170 39/165/173 254/164/172 253/440/171
f 254/164/172 47/219/483 255/438/484 253/440/171
f 255/439/484 46/443/480 250/160/168 253/163/171
f 234/166/174 40/169/177 257/168/176 256/167/175
f 257/168/176 48/201/485 258/436/486 256/167/175
f 258/436/486 47/219/483 254/164/172 256/167/175
f 236/170/178 37/157/165 252/156/164 259/433/179
f 252/156/164 45/189/482 260/431/487 259/433/179
f 260/432/487 48/201/485 257/168/176 259/171/179
s 23
f 239/174/182 42/177/488 262/176/489 261/528/183
s 45
f 262/526/490 50/354/491 181/87/492 261/175/493
f 181/87/492 49/86/494 263/172/495 261/175/493
s off
f 243/178/496 43/450/497 265/216/498 264/527/499
s 28
f 265/513/226 51/215/225 182/355/500 264/179/501
s off
f 182/355/502 50/354/503 262/526/504 264/179/505
s 24
f 267/182/190 57/368/506 268/369/507 266/525/191
s 46
f 268/514/508 59/370/509 269/371/510 266/183/511
f 269/371/510 60/372/512 270/180/513 266/183/511
s off
f 248/186/514 41/479/515 263/524/516 271/523/517
f 263/172/518 49/86/519 184/85/520 271/187/521
s 47
f 184/85/522 52/211/523 272/184/524 271/187/525
s 25
f 251/190/198 46/193/526 274/192/527 273/522/199
s 48
f 274/520/528 54/356/529 189/95/530 273/191/531
f 189/95/530 53/94/532 275/188/533 273/191/531
s off
f 255/194/534 47/437/535 277/230/536 276/521/537
s 30
f 277/507/242 55/229/241 190/357/538 276/195/539
s off
f 190/357/540 54/356/541 274/520/542 276/195/543
s 26
f 279/198/206 61/373/544 280/374/545 278/519/207
s 49
f 280/508/546 63/375/547 281/376/548 278/199/549
f 281/376/548 64/377/550 282/196/551 278/199/549
s off
f 260/202/552 45/478/553 275/518/554 283/517/555
f 275/188/556 53/94/557 192/93/558 283/203/559
s 50
f 192/93/560 56/225/561 284/200/562 283/203/563
s 27
f 246/206/214 44/448/564 286/208/565 285/207/215
s 51
f 286/208/566 57/368/567 267/182/568 285/207/569
f 267/182/568 58/181/570 287/204/571 285/207/569
s 47
f 272/184/524 52/211/523 289/210/572 288/515/573
s off
f 289/210/574 59/370/575 268/514/576 288/515/577
f 268/369/578 57/368/579 286/208/580 288/209/581
s 10
f 183/212/222 51/215/395 291/214/582 290/213/223
s 52
f 291/214/583 60/372/584 269/371/585 290/213/586
f 269/371/585 59/370/587 289/210/588 290/213/586
s off
f 265/216/589 43/450/590 287/204/591 292/512/592
f 287/204/593 58/181/594 270/511/595 292/512/596
f 270/180/597 60/372/598 291/214/599 292/217/600
s 29
f 258/220/230 48/435/601 294/222/602 293/221/231
s 53
f 294/222/603 61/373/604 279/198/605 293/221/606
f 279/198/605 62/197/607 295/218/608 293/221/606
s 50
f 284/200/562 56/225/561 297/224/609 296/509/610
s off
f 297/224/611 63/375/612 280/508/613 296/509/614
f 280/374/615 61/373/616 294/222/617 296/223/618
s 12
f 191/226/238 55/229/398 299/228/619 298/227/239
s 54
f 299/228/620 64/377/621 281/376/622 298/227/623
f 281/376/622 63/375/624 297/224/625 298/227/623
s off
f 277/230/626 47/437/627 295/218/628 300/506/629
f 295/218/630 62/197/631 282/505/632 300/506/633
f 282/196/634 64/377/635 299/228/636 300/231/637
s 3
f 198/234/246 24/237/249 302/236/248 301/429/247
f 302/236/248 65/262/274 303/259/271 301/429/247
f 303/422/271 66/258/270 304/232/244 301/235/247
f 155/238/250 20/241/253 306/240/252 305/239/251
f 306/240/252 67/266/278 307/263/275 305/239/251
f 307/263/275 65/262/274 302/236/248 305/239/251
f 143/242/254 16/245/257 309/244/256 308/427/255
f 309/244/256 68/270/282 310/267/279 308/427/255
f 310/420/279 67/266/278 306/240/252 308/243/255
f 131/246/258 12/233/245 304/232/244 311/247/259
f 304/232/244 66/258/270 312/271/283 311/247/259
f 312/271/283 68/270/282 309/244/256 311/247/259
f 208/249/261 9/26/26 314/251/263 313/425/262
f 314/251/263 70/278/290 315/275/287 313/425/262
f 315/418/287 69/274/286 316/248/260 313/250/262
f 126/25/25 13/38/38 318/253/265 317/252/264
f 318/253/265 71/282/294 319/279/291 317/252/264
f 319/279/291 70/278/290 314/251/263 317/252/264
f 136/37/37 17/50/50 321/255/267 320/423/266
f 321/255/267 72/286/298 322/283/295 320/423/266
f 322/416/295 71/282/294 318/253/265 320/254/266
f 149/49/49 21/62/62 316/248/260 323/256/268
f 316/248/260 69/274/286 324/287/299 323/256/268
f 324/287/299 72/286/298 321/255/267 323/256/268
f 303/259/271 65/262/274 326/261/273 325/421/272
f 326/261/273 73/497/638 199/498/639 325/421/272
f 199/499/639 74/500/640 327/257/269 325/260/272
f 307/263/275 67/266/278 329/265/277 328/264/276
f 329/265/277 75/495/641 200/496/642 328/264/276
f 200/496/642 73/497/638 326/261/273 328/264/276
f 310/267/279 68/270/282 331/269/281 330/419/280
f 331/269/281 76/492/643 201/493/644 330/419/280
f 201/494/644 75/495/641 329/265/277 330/268/280
f 312/271/283 66/258/270 327/257/269 332/272/284
f 327/257/269 74/500/640 202/491/645 332/272/284
f 202/491/645 76/492/643 331/269/281 332/272/284
f 315/275/287 70/278/290 334/277/289 333/417/288
f 334/277/289 78/490/646 209/488/647 333/417/288
f 209/489/647 77/482/648 335/273/285 333/276/288
f 319/279/291 71/282/294 337/281/293 336/280/292
f 337/281/293 79/487/649 210/486/650 336/280/292
f 210/486/650 78/490/646 334/277/289 336/280/292
f 322/283/295 72/286/298 339/285/297 338/415/296
f 339/285/297 80/485/651 211/483/652 338/415/296
f 211/484/652 79/487/649 337/281/293 338/284/296
f 324/287/299 69/274/286 335/273/285 340/288/300
f 335/273/285 77/482/648 212/481/653 340/288/300
f 212/481/653 80/485/651 339/285/297 340/288/300
s off
f 129/291/654 15/46/655 342/293/656 341/292/657
s 3
f 342/293/658 82/305/319 343/302/316 341/292/659
f 343/302/316 81/301/315 344/289/660 341/292/659
f 145/45/45 19/471/58 346/295/308 345/411/307
f 346/295/308 83/309/323 347/306/320 345/411/661
f 347/406/320 82/305/319 342/293/658 345/294/661
f 151/55/309 18/475/54 349/297/311 348/296/310
f 349/297/311 84/313/327 350/310/324 348/296/310
f 350/310/324 83/309/323 346/295/308 348/296/310
f 134/298/312 14/480/662 344/289/663 351/407/313
f 344/289/660 81/301/315 352/314/328 351/407/664
f 352/403/328 84/313/327 349/297/311 351/299/664
f 343/302/316 82/305/319 354/304/318 353/303/317
f 354/304/318 86/345/371 138/43/43 353/303/317
f 138/43/43 85/42/42 355/300/314 353/303/317
f 347/306/320 83/309/323 357/308/322 356/405/321
f 357/308/322 87/347/373 139/404/372 356/405/321
f 139/346/372 86/345/371 354/304/318 356/307/321
f 350/310/324 84/313/327 359/312/326 358/311/325
f 359/312/326 88/349/375 140/348/374 358/311/325
f 140/348/374 87/347/373 357/308/322 358/311/325
f 352/314/328 81/301/315 355/300/314 360/402/329
f 355/300/314 85/42/42 141/401/41 360/402/329
f 141/41/41 88/349/375 359/312/326 360/315/329
f 205/317/331 89/342/356 362/341/355 361/399/332
f 362/341/355 5/14/14 207/398/114 361/399/332
f 207/113/114 25/112/113 363/316/330 361/318/332
f 159/319/333 26/322/336 365/321/335 364/320/334
f 365/321/335 91/78/78 168/75/75 364/320/334
f 168/75/75 90/74/74 363/316/330 364/320/334
f 163/323/337 27/326/340 367/325/339 366/324/338
f 367/325/339 92/82/82 173/79/79 366/324/338
f 173/79/79 91/78/78 365/321/335 366/324/338
f 166/327/341 28/351/377 369/394/665 368/328/342
f 369/394/665 93/352/387 177/83/83 368/328/342
f 177/83/83 92/82/82 367/325/339 368/328/342
f 195/331/345 93/352/387 369/394/665 370/396/346
f 369/394/665 28/351/377 197/395/103 370/396/346
f 197/103/103 8/102/102 371/329/343 370/332/346
f 109/335/349 94/330/344 371/329/343 372/336/350
f 371/329/343 8/102/102 120/23/23 372/336/350
f 120/23/23 7/22/22 373/333/347 372/336/350
f 105/339/353 95/334/348 373/333/347 374/340/354
f 373/333/347 7/22/22 116/19/19 374/340/354
f 116/19/19 6/18/18 375/337/351 374/340/354
f 100/343/357 96/338/352 375/337/351 376/344/358
f 375/337/351 6/18/18 111/15/15 376/344/358
f 111/15/15 5/14/14 362/341/355 376/344/358
s 55
f 202/385/666 74/380/667 377/106/668 378/105/669
s off
f 74/380/670 199/379/671 379/107/672 377/106/673
f 199/379/674 73/378/675 381/358/676 379/107/677
s 56
f 73/378/678 200/504/679 382/503/680 381/358/681
f 200/382/679 75/381/682 383/360/683 382/359/680
s off
f 75/381/684 201/384/685 384/361/686 383/360/687
f 201/384/688 76/383/689 385/362/690 384/361/691
s 55
f 76/383/692 202/385/666 378/105/669 385/362/693
s 57
f 212/393/694 77/388/695 387/116/696 386/501/697
s off
f 77/388/698 209/387/699 388/117/700 387/116/701
f 209/387/702 78/386/703 390/363/704 388/117/705
s 58
f 78/386/706 210/390/707 391/364/708 390/363/709
f 210/390/707 79/389/710 392/365/711 391/364/708
s off
f 79/389/712 211/392/713 393/366/714 392/365/715
f 211/392/716 80/391/717 394/367/718 393/366/719
s 57
f 80/391/720 212/502/694 386/115/697 394/367/721
