# This file uses centimeters as units for non-parametric coordinates.

mtllib fall_frame.09.mtl
g default
v -25.112976 58.862179 6.150456
v -12.405216 55.131142 10.037546
v -0.447140 57.009510 10.003225
v 13.590381 59.690025 9.989659
v -24.201609 81.201797 -4.213922
v -12.428812 86.806404 3.835190
v 5.737327 87.426010 2.951971
v 17.139194 82.582375 -6.042009
v -22.790836 102.838516 -18.807251
v -13.438700 106.314651 -11.893924
v 1.346628 108.893349 -14.332264
v 10.606835 110.947861 -28.784691
v -29.714437 109.815262 -21.479378
v -16.228476 117.539902 -29.226461
v -5.139223 119.314331 -31.357782
v 9.166759 120.817657 -34.322952
v -30.771044 103.565933 -30.357075
v -18.504633 110.195572 -38.414597
v -3.770374 112.517967 -40.792782
v 13.042428 114.773209 -40.196075
v -23.604851 98.505501 -25.676342
v -14.324820 92.914925 -31.469641
v 0.458212 95.482811 -33.900391
v 11.636879 106.485451 -34.776234
v -24.498363 74.469879 -15.214005
v -11.428302 72.823006 -18.979984
v 3.663897 73.377197 -19.766617
v 16.839499 75.682068 -17.274647
v -22.684189 53.469280 -5.032518
v -12.263213 46.213356 0.164447
v 0.980879 45.911640 3.950648
v 15.041481 49.903908 1.766865
v -40.288036 28.928881 3.545176
v -34.265926 25.297247 6.491657
v -38.042393 28.063650 16.345554
v -44.147354 31.443762 13.224735
v 6.952751 34.198261 32.241333
v 14.644660 35.275761 32.935528
v 12.451845 44.995113 40.153324
v 4.752957 43.868023 39.503944
v -31.459366 23.760872 -23.774574
v -25.991514 19.721405 -20.959610
v -33.243736 13.207983 -16.974627
v -38.648197 16.808037 -20.264435
v 10.658647 5.363626 32.024689
v 17.977982 5.616352 33.789688
v 15.397568 5.946548 44.460648
v 8.065269 5.867229 42.722908
v -31.266394 21.170803 -29.313940
v -24.737997 16.418888 -25.747360
v -33.622536 7.017567 -18.034628
v -42.192348 12.247807 -24.002707
v 10.135076 -0.052826 31.183802
v 18.911297 0.082183 33.269707
v 16.795420 0.500202 47.994404
v 5.315477 0.458713 45.288170
v -52.241398 7.902427 -12.472528
v -45.624596 4.731818 -6.770726
v -51.976479 4.940935 -14.417767
v -45.360912 1.774251 -8.718225
v 3.037677 5.403385 60.398682
v 12.081269 5.395645 62.523579
v 3.012805 1.851577 60.491592
v 12.056399 1.843837 62.616493
v 18.326181 117.797424 -9.829961
v 12.243452 117.215530 -15.841260
v 21.455664 126.063370 -14.909353
v 13.711359 126.923843 -19.776257
v -31.810841 78.886490 -17.779078
v -29.341248 84.570030 -9.313581
v -39.323124 88.983521 -9.587855
v -40.866413 82.991035 -19.057503
v -8.478323 122.001991 0.845724
v -12.262483 118.351013 -7.389977
v -8.618623 125.470459 -0.627475
v -12.403902 121.818985 -8.863958
v -41.154224 60.435234 1.371263
v -37.354172 65.800186 8.601632
v -40.611362 67.672913 8.923940
v -44.411415 62.307961 1.693570
v -20.434849 124.975998 -38.647884
v -6.168610 124.864059 -45.057323
v -5.679457 109.299751 -50.954762
v -25.504532 109.588623 -41.988941
v -27.716457 133.271454 -55.457161
v -14.425344 132.704208 -62.083519
v -19.692493 117.826401 -70.596107
v -32.362671 118.367134 -64.279320
v -22.928688 65.056198 4.807678
v -22.324608 58.932781 -6.412109
v -9.907198 56.020905 -7.857471
v 2.082561 55.024693 -8.053388
v 15.172968 56.442421 -5.593458
v 14.901763 63.929756 4.937496
v 3.079856 65.848564 8.512933
v -11.488599 65.967567 8.949145
v -18.480042 61.650505 9.098264
v -20.264034 57.619541 9.705328
v -11.702502 60.967201 10.521109
v -18.178104 65.815506 7.799495
v -23.406826 62.034336 5.703074
v -4.740984 61.557083 10.102796
v -6.254897 56.554756 11.668101
v 1.828003 62.085121 9.273962
v -4.096061 65.964859 8.770372
v 8.353245 62.464046 8.581575
v 7.649757 60.171162 10.783603
v 14.165452 61.517479 7.037894
v 9.707840 65.371552 7.259329
v -19.777523 93.778549 -6.734920
v -19.808331 84.155098 0.250415
v -13.154715 96.517220 -3.806446
v -20.159325 103.407402 -14.110883
v -24.006395 90.894905 -10.296936
v -3.716535 96.733345 -3.944631
v -3.319905 87.570267 4.126744
v 5.383562 98.609390 -5.911425
v -6.092024 106.900620 -14.134894
v 12.292036 97.703812 -10.550826
v 12.881378 85.239548 -1.314242
v 17.449560 96.811180 -15.811852
v 9.147393 109.203918 -19.643658
v -21.174034 111.372681 -20.217339
v -15.515901 114.658516 -21.456152
v -24.418688 116.086502 -26.278080
v -26.491961 106.759384 -17.802757
v -8.866756 115.281586 -22.045738
v -2.555965 116.926453 -23.599855
v -11.185577 121.178856 -32.856274
v 4.620259 116.633736 -25.668861
v 9.435707 117.249931 -31.255285
v 2.314639 121.699982 -32.344616
v -25.827797 113.945450 -32.390030
v -17.988733 115.330315 -35.079395
v -27.113407 108.497620 -36.348969
v -30.808323 107.066917 -26.163357
v -23.752575 133.214478 -64.168633
v -20.983126 133.364731 -58.626549
v -16.117144 128.203308 -67.559708
v -26.704065 116.583954 -68.665092
v -32.212410 128.906662 -59.527214
v 1.660310 119.609093 -38.670044
v 10.722928 118.434616 -38.004124
v 3.778083 114.808105 -43.333675
v -5.165951 117.065407 -37.936001
v -23.709946 101.704674 -34.365437
v -17.223026 103.271561 -37.664993
v -21.510965 93.010513 -29.311680
v -27.144176 99.712517 -29.140903
v -9.778763 104.564323 -38.897701
v -12.118620 110.067955 -41.068333
v -2.363528 105.874634 -40.132969
v -6.926807 94.200668 -32.684376
v 5.728586 107.301300 -40.538681
v 14.126224 109.772934 -37.641815
v 8.652853 98.878014 -35.097122
v -19.633121 82.901413 -23.566084
v -11.963454 82.909058 -24.970427
v -19.116421 72.940041 -18.130484
v -24.511660 84.293480 -20.175749
v -4.436717 83.842384 -25.874302
v 2.934730 84.713127 -26.778553
v -3.777856 73.127586 -19.361851
v 11.031548 86.819977 -27.370390
v 17.169765 90.227837 -26.142267
v 11.214248 73.946182 -19.581240
v -16.562500 53.683289 -6.551948
v -16.809084 56.951118 -8.255656
v -9.982446 52.182358 -5.480760
v -17.303986 50.428356 -5.399458
v -21.905619 56.219818 -5.436284
v -4.196065 51.177559 -4.967860
v -4.114883 55.472916 -7.911851
v 1.913564 50.868885 -4.819546
v -4.778987 47.040283 -1.912683
v 9.376703 51.008934 -4.365104
v 9.470312 54.949249 -7.713117
v 15.057387 52.808342 -2.286175
v 9.449302 47.626846 -0.117129
v -32.073559 14.769895 -25.107527
v -26.329302 20.406467 -28.554190
v -27.733072 11.866556 -22.533541
v -37.900658 9.586932 -21.014332
v -36.418121 17.963085 -27.588854
v -7.619062 52.719101 11.571076
v 1.346898 46.199635 16.342497
v -19.883654 40.667995 6.995297
v 13.067327 0.230611 38.288342
v 15.098847 -0.069600 29.940468
v 18.811764 0.299384 39.655704
v 11.054536 0.478064 46.640221
v 7.338929 0.163710 36.934727
v 16.109306 56.990326 2.204416
v 15.721693 54.653687 5.736437
v 16.603697 60.011467 -0.586618
v 19.629856 93.463196 -21.470331
v 18.988350 78.995674 -12.027015
v 11.619982 108.899757 -32.010448
v -10.394655 119.415031 -3.084785
v -8.165973 123.768448 1.050551
v -10.566225 123.656555 -4.886327
v -12.794166 119.303490 -9.021124
v -23.948416 59.454933 -0.613847
v -25.062447 56.621517 -0.337505
v -24.180346 62.059254 -1.301425
v -26.041580 86.591522 -14.806941
v -26.527672 77.594040 -9.939573
v -22.663883 99.675827 -20.836281
v -38.534206 62.808338 5.020576
v -38.202282 67.233734 9.638577
v -42.517357 65.098457 5.414719
v -42.849281 60.673058 0.796718
v -26.226830 38.950794 -1.967903
v -23.763584 37.137928 1.911901
v -36.738350 26.868752 4.208444
v -31.382168 41.158592 -1.935337
v -23.748569 38.849979 8.301078
v -26.994017 41.883556 13.220529
v -35.220722 25.916504 12.283967
v -30.555429 45.312412 13.129852
v -34.652893 45.898563 9.359496
v -41.652534 30.411797 16.952074
v -33.998070 44.212898 3.144493
v -43.318092 30.589750 8.206346
v 10.359337 40.365475 15.649734
v 14.984177 42.314793 17.902088
v 10.828280 33.861847 31.944847
v 5.667929 40.953205 17.298098
v 15.141223 47.952675 21.262865
v 12.915730 53.159405 24.736187
v 14.484117 40.533558 36.998081
v 7.659579 54.553120 24.600729
v 3.593422 51.820164 24.126627
v 8.043458 46.246830 41.114162
v 2.950831 46.214603 20.497400
v 4.438664 39.094006 36.014160
v -30.863335 29.179585 -5.928857
v -29.282888 25.444830 -3.778037
v -27.348454 23.140881 -23.050905
v -35.476311 29.947521 -6.768349
v -32.213631 19.885000 -2.351620
v -37.382343 16.082424 -1.621729
v -28.465263 15.832150 -18.765404
v -41.706421 16.592928 -3.100490
v -43.619473 20.514334 -4.596245
v -38.094334 13.428181 -17.304329
v -40.560234 25.818773 -6.291975
v -35.740051 21.022259 -22.772308
v 13.369439 21.916786 29.941652
v 16.975903 22.791767 32.883148
v 14.803855 5.400727 30.997974
v 8.836940 22.094290 30.897669
v 16.578234 23.246689 39.493332
v 13.803264 23.792629 45.494286
v 17.881926 5.853980 39.123760
v 9.226974 23.220140 46.437939
v 5.676774 23.143503 43.529396
v 11.071122 5.983128 46.480007
v 5.947654 22.385069 36.957176
v 8.314849 5.583708 36.828011
v -26.379145 22.176516 -26.141012
v -24.777508 18.177584 -23.413527
v -31.312130 22.956833 -26.919147
v -27.776218 13.631412 -20.389910
v -33.727306 8.976931 -16.157608
v -50.395283 5.170234 -8.563604
v -49.006859 7.134455 -9.085797
v -54.594742 7.175140 -12.187854
v -48.596863 2.551176 -12.096296
v -46.195827 3.165329 -4.939356
v -36.473713 19.785969 -25.334042
v -42.307518 14.273721 -22.021215
v 15.103616 2.718445 29.849401
v 18.912302 2.898585 33.181732
v 10.139215 2.720400 31.088964
v 18.811501 3.132863 39.570423
v 16.804729 3.309998 47.911888
v 7.072470 5.182152 63.533043
v 7.566284 6.372044 61.435688
v 1.330511 5.187066 62.183903
v 7.527793 0.875178 61.579483
v 12.814425 5.177237 64.882179
v 7.343536 2.948717 36.842861
v 5.325193 3.268975 45.206093
v -43.552433 10.158925 -13.406426
v -47.296997 12.137237 -16.405575
v -39.803333 8.150336 -10.420713
v -47.627106 10.260561 -18.397091
v -47.454422 8.021250 -20.056622
v -43.223202 5.823769 -16.648434
v -38.992661 3.590753 -13.280484
v -39.155891 5.789971 -11.627797
v 9.322206 6.166137 53.958252
v 4.248381 6.169363 52.765812
v 14.396550 6.160489 55.150589
v 3.562081 3.484464 52.679653
v 3.543488 0.673347 52.754158
v 9.285159 0.670880 54.103600
v 15.026697 0.665684 55.452328
v 15.045844 3.476860 55.378292
v 12.167579 114.318077 -21.558569
v 16.368113 112.805206 -22.254730
v 14.905617 116.409439 -11.885038
v 9.384294 117.815445 -22.093870
v 19.067238 115.330727 -24.153650
v 20.406023 119.517921 -26.423983
v 20.410629 121.455536 -11.728658
v 17.033310 122.533501 -26.721386
v 13.168727 124.562866 -26.180958
v 17.601585 127.647621 -17.161043
v 10.483908 121.460983 -23.982801
v 12.150569 121.577171 -18.387112
v -26.499216 91.308113 -16.716789
v -28.278503 93.939514 -13.086054
v -29.405111 80.968117 -13.488906
v -27.226778 89.538925 -21.062185
v -32.206142 95.822693 -13.324304
v -36.460861 97.020737 -15.586013
v -33.589550 87.366402 -8.308432
v -36.604893 95.052612 -19.772413
v -35.462204 92.406372 -23.570303
v -41.080849 86.172119 -14.427233
v -30.910805 90.315269 -23.089626
v -36.007793 80.269157 -19.221449
v 6.891252 115.867317 -8.678900
v 9.173272 119.268570 -5.070212
v 4.817212 115.644485 -13.545821
v 9.892667 123.434052 -5.861675
v 9.459669 128.135712 -8.876578
v 6.868211 126.870560 -13.249998
v 4.609916 124.654823 -17.313589
v 4.257247 119.136650 -16.154728
v -31.328043 74.016693 -7.658419
v -30.915041 77.621307 -3.804451
v -34.724228 72.053391 -11.377812
v -34.144009 80.360443 -2.578021
v -39.436939 82.390015 -3.079184
v -41.716232 79.766594 -6.927723
v -43.101135 76.679497 -10.970373
v -38.693142 73.501556 -11.980776
v -11.060586 126.101120 -33.636715
v -6.253546 120.296898 -38.949348
v -12.854391 127.625443 -40.837543
v -18.082329 119.324646 -35.245514
v -4.112268 117.348450 -41.398438
v -6.784201 112.992851 -43.147575
v -3.401174 117.082054 -49.098705
v -13.416795 108.984909 -43.417076
v -18.607910 111.900803 -39.614346
v -15.700296 108.577194 -46.824459
v -20.642107 116.021309 -36.263458
v -25.435810 117.245766 -39.244633
v -17.238094 132.760452 -51.058079
v -8.840086 130.483459 -58.161179
v -28.088636 131.304947 -48.564705
v -9.704288 121.971268 -62.663120
v -12.735872 113.748596 -64.318604
v -22.668497 112.094261 -60.186245
v -31.805660 114.562447 -54.811253
v -31.741671 122.911774 -51.676262
v -25.776768 69.943787 -5.731473
v -23.774851 73.365685 0.121851
v -23.932304 66.813332 -10.976771
v -18.422018 65.279251 -13.580897
v -10.956100 64.790817 -13.891810
v -4.016570 65.044418 -14.159618
v 2.842490 64.460854 -13.907239
v 10.323050 64.594833 -13.619501
v 16.025711 65.747620 -11.153566
v 17.900913 68.867393 -5.760773
v 16.198767 72.425819 0.215845
v 11.542021 75.218750 3.564804
v 5.480994 75.911339 5.766458
v -3.724941 77.264755 5.433052
v -13.019485 76.384232 5.769213
v -19.087559 75.948029 3.609714
v -25.300638 119.642815 -2.532222
v -25.879122 120.733727 -4.325346
v -23.287659 121.135559 1.993406
v -23.371290 123.202904 1.115324
v -21.195917 123.602440 6.399339
v -20.859550 125.575867 6.596862
v -21.353817 127.506020 4.741334
v -23.465881 125.541595 0.121988
v -25.458536 123.546394 -4.190227
v -47.465309 51.031971 9.791001
v -45.572838 50.742817 10.408653
v -43.049500 53.498898 14.397377
v -44.945740 54.589149 14.585017
v -41.452099 56.560520 18.249195
v -42.426159 58.146320 19.379025
v -45.117901 58.668186 18.611931
v -47.187138 55.877850 14.806804
v -49.238628 52.850471 10.771393
vt 0.208431 0.494797
vt 0.208575 0.478116
vt 0.229443 0.475893
vt 0.229271 0.493426
vt 0.252729 0.492198
vt 0.256170 0.471571
vt 0.275357 0.475888
vt 0.275429 0.493819
vt 0.298111 0.492176
vt 0.294163 0.471736
vt 0.321331 0.475953
vt 0.321541 0.493432
vt 0.198757 0.641525
vt 0.200055 0.589825
vt 0.221664 0.590600
vt 0.219751 0.640956
vt 0.244967 0.639373
vt 0.247968 0.591507
vt 0.275466 0.591669
vt 0.275481 0.635804
vt 0.305994 0.639365
vt 0.302966 0.591494
vt 0.329276 0.590573
vt 0.331197 0.640955
vt 0.199789 0.728809
vt 0.197393 0.704590
vt 0.219517 0.692482
vt 0.227784 0.730211
vt 0.252859 0.733034
vt 0.249003 0.687406
vt 0.275511 0.688085
vt 0.275516 0.730408
vt 0.298175 0.733010
vt 0.302021 0.687396
vt 0.331536 0.692451
vt 0.323246 0.730162
vt 0.805511 0.686057
vt 0.204711 0.752714
vt 0.229559 0.760254
vt 0.782889 0.696424
vt 0.784986 0.875584
vt 0.254181 0.941082
vt 0.275435 0.940431
vt 0.742298 0.896742
vt 0.699334 0.736241
vt 0.297037 0.807427
vt 0.321459 0.760204
vt 0.696358 0.696343
vt 0.808954 0.641287
vt 0.805193 0.664541
vt 0.784300 0.671779
vt 0.785729 0.644267
vt 0.763331 0.647822
vt 0.762442 0.673765
vt 0.742276 0.741120
vt 0.739609 0.647377
vt 0.715889 0.647774
vt 0.716786 0.673709
vt 0.694936 0.671695
vt 0.693494 0.644181
vt 0.806875 0.557726
vt 0.810121 0.617205
vt 0.790367 0.607046
vt 0.787575 0.557696
vt 0.763367 0.556090
vt 0.764746 0.603486
vt 0.739627 0.603152
vt 0.739688 0.556093
vt 0.716014 0.556064
vt 0.714496 0.603455
vt 0.688836 0.606971
vt 0.691820 0.557642
vt 0.803405 0.420481
vt 0.802841 0.435733
vt 0.782960 0.432290
vt 0.783371 0.416064
vt 0.759505 0.410786
vt 0.759570 0.428509
vt 0.739756 0.426992
vt 0.739743 0.409699
vt 0.720007 0.410786
vt 0.719946 0.428500
vt 0.696571 0.432245
vt 0.696182 0.416016
vt 0.819305 0.093413
vt 0.797386 0.086157
vt 0.790779 0.072322
vt 0.822344 0.073237
vt 0.265809 0.416173
vt 0.762697 0.377789
vt 0.739788 0.389948
vt 0.275377 0.462947
vt 0.364323 0.097210
vt 0.342669 0.089884
vt 0.336664 0.075169
vt 0.367299 0.076188
vt 0.342559 0.494848
vt 0.342402 0.478170
vt 0.366070 0.480227
vt 0.366198 0.495669
vt 0.352247 0.641476
vt 0.350872 0.589816
vt 0.374237 0.588973
vt 0.374011 0.638442
vt 0.936729 0.462892
vt 0.940585 0.464321
vt 0.946953 0.476690
vt 0.936605 0.482861
vt 0.804780 0.405462
vt 0.824266 0.410023
vt 0.823186 0.423812
vt 0.805355 0.509178
vt 0.825584 0.509339
vt 0.825621 0.554997
vt 0.118742 0.522844
vt 0.058006 0.517789
vt 0.074507 0.510871
vt 0.084702 0.516921
vt 0.822269 0.350445
vt 0.784755 0.399833
vt 0.805305 0.347137
vt 0.793942 0.336256
vt 0.777469 0.322538
vt 0.236211 0.409364
vt 0.220899 0.415267
vt 0.203041 0.415110
vt 0.182178 0.419746
vt 0.685950 0.336155
vt 0.717407 0.377787
vt 0.694840 0.399772
vt 0.674409 0.347030
vt 0.657366 0.350391
vt 0.674734 0.405426
vt 0.637625 0.358046
vt 0.347747 0.415166
vt 0.329799 0.415381
vt 0.314324 0.409429
vt 0.706215 0.336018
vt 0.292514 0.404556
vt 0.870618 0.237836
vt 0.844433 0.293934
vt 0.832214 0.287148
vt 0.858351 0.228645
vt 0.844944 0.223065
vt 0.821107 0.280742
vt 0.243727 0.342391
vt 0.826584 0.212775
vt 0.214622 0.282882
vt 0.224361 0.346790
vt 0.210147 0.349538
vt 0.199596 0.284960
vt 0.184434 0.288656
vt 0.194986 0.352422
vt 0.864110 0.304875
vt 0.163133 0.290367
vt 0.634803 0.222910
vt 0.658751 0.280554
vt 0.647480 0.287052
vt 0.621343 0.228556
vt 0.609012 0.237734
vt 0.635143 0.293889
vt 0.375465 0.356065
vt 0.590820 0.249121
vt 0.366326 0.288752
vt 0.355651 0.352469
vt 0.340563 0.349608
vt 0.351134 0.285011
vt 0.336042 0.282967
vt 0.326383 0.346874
vt 0.678330 0.268182
vt 0.315081 0.275917
vt 0.789900 0.091626
vt 0.894734 0.181072
vt 0.223763 0.023658
vt 0.779683 0.072008
vt 0.205625 0.023651
vt 0.212375 0.030485
vt 0.208733 0.046428
vt 0.818124 0.043214
vt 0.919973 0.054113
vt 0.218394 0.124576
vt 0.231547 0.124829
vt 0.925982 0.076298
vt 0.853028 0.105343
vt 0.173602 0.224408
vt 0.245023 0.044913
vt 0.815784 0.102925
vt 0.335499 0.095534
vt 0.609223 0.166963
vt 0.147562 0.023794
vt 0.325939 0.074804
vt 0.129108 0.019171
vt 0.133886 0.026698
vt 0.125138 0.040618
vt 0.363323 0.044920
vt 0.461211 0.056389
vt 0.114656 0.083148
vt 0.128082 0.110700
vt 0.466974 0.079440
vt 0.396801 0.109583
vt 0.345740 0.218419
vt 0.158805 0.046562
vt 0.361009 0.107136
vt 0.212264 0.093809
vt 0.204982 0.218327
vt 0.226791 0.056935
vt 0.229179 0.093286
vt 0.246067 0.092223
vt 0.255137 0.092099
vt 0.884191 0.095549
vt 0.853655 0.095653
vt 0.854753 0.074189
vt 0.884265 0.075061
vt 0.885799 0.054616
vt 0.855335 0.052709
vt 0.203340 0.068369
vt 0.888472 0.044995
vt 0.116537 0.064410
vt 0.377147 0.224500
vt 0.136900 0.057215
vt 0.135301 0.068971
vt 0.159593 0.072808
vt 0.169578 0.075371
vt 0.426769 0.099419
vt 0.397393 0.099512
vt 0.398467 0.077209
vt 0.426850 0.078134
vt 0.428347 0.056895
vt 0.399054 0.054890
vt 0.111199 0.052142
vt 0.430928 0.046902
vt 0.398347 0.732496
vt 0.353774 0.704759
vt 0.655189 0.607952
vt 0.404645 0.715309
vt 0.625247 0.642548
vt 0.669008 0.617360
vt 0.670290 0.641156
vt 0.629866 0.657272
vt 0.633967 0.675274
vt 0.674058 0.664432
vt 0.345812 0.774768
vt 0.637449 0.692485
vt 0.387906 0.765553
vt 0.346295 0.752641
vt 0.351218 0.728717
vt 0.392980 0.747350
vt 0.854032 0.642643
vt 0.181252 0.694641
vt 0.859345 0.625630
vt 0.152631 0.732602
vt 0.157999 0.747449
vt 0.163074 0.765647
vt 0.167481 0.783084
vt 0.845329 0.675366
vt 0.849419 0.657366
vt 0.462802 0.754848
vt 0.433121 0.744888
vt 0.586158 0.633072
vt 0.469035 0.736153
vt 0.562716 0.661102
vt 0.591598 0.653084
vt 0.596668 0.669873
vt 0.567525 0.676181
vt 0.573571 0.695803
vt 0.602326 0.689166
vt 0.414557 0.801264
vt 0.575415 0.714705
vt 0.450039 0.789809
vt 0.420413 0.781867
vt 0.427222 0.762131
vt 0.457315 0.770152
vt 0.916571 0.661069
vt 0.887682 0.653104
vt 0.112049 0.724515
vt 0.922852 0.642462
vt 0.088177 0.754903
vt 0.117860 0.744959
vt 0.123753 0.762207
vt 0.093657 0.770210
vt 0.100926 0.789871
vt 0.130556 0.781946
vt 0.872833 0.708772
vt 0.104321 0.808576
vt 0.905760 0.695791
vt 0.876995 0.689207
vt 0.882631 0.669903
vt 0.911782 0.676158
vt 0.245118 0.820265
vt 0.256063 0.761423
vt 0.275458 0.816348
vt 0.275456 0.817082
vt 0.305796 0.819611
vt 0.322444 0.827635
vt 0.716707 0.746651
vt 0.742277 0.751635
vt 0.767846 0.746640
vt 0.232576 0.815700
vt 0.789238 0.746868
vt 0.242805 0.909093
vt 0.242913 0.847487
vt 0.275453 0.850080
vt 0.275444 0.899369
vt 0.308078 0.909112
vt 0.307992 0.847504
vt 0.685718 0.768892
vt 0.335635 0.923345
vt 0.710517 0.826756
vt 0.709025 0.772272
vt 0.742280 0.767854
vt 0.742288 0.823907
vt 0.774059 0.826743
vt 0.775535 0.772258
vt 0.216918 0.852154
vt 0.800161 0.835727
vt 0.803587 0.472219
vt 0.184266 0.511368
vt 0.823748 0.473030
vt 0.786007 0.508646
vt 0.783967 0.470951
vt 0.760849 0.468488
vt 0.762764 0.507838
vt 0.739729 0.507585
vt 0.739749 0.469813
vt 0.718652 0.468468
vt 0.716699 0.507812
vt 0.693463 0.508589
vt 0.695538 0.470900
vt 0.347089 0.550471
vt 0.343449 0.511536
vt 0.656251 0.437958
vt 0.370672 0.549455
vt 0.305626 0.550928
vt 0.300328 0.509969
vt 0.323635 0.511057
vt 0.326613 0.553291
vt 0.245263 0.550946
vt 0.250519 0.509979
vt 0.275426 0.509223
vt 0.275447 0.553833
vt 0.203857 0.550446
vt 0.207534 0.511493
vt 0.227207 0.511082
vt 0.224277 0.553331
vt 0.296688 0.941095
vt 0.317831 0.963343
vt 0.722395 0.859395
vt 0.742293 0.859091
vt 0.762190 0.859387
vt 0.672412 0.557619
vt 0.673996 0.509116
vt 0.676597 0.435714
vt 0.676064 0.420456
vt 0.798456 0.058765
vt 0.820876 0.052919
vt 0.343747 0.061021
vt 0.365907 0.055032
vt 0.963235 0.483911
vt 0.902883 0.489040
vt 0.909072 0.482168
vt 0.925033 0.475729
vt 0.931354 0.463643
vt 0.080884 0.498420
vt 0.084741 0.496992
vt 0.090126 0.497750
vt 0.096539 0.509638
vt 0.112499 0.516024
vt 0.245369 0.109349
vt 0.249130 0.116712
vt 0.914174 0.091435
vt 0.914507 0.075957
vt 0.915392 0.060496
vt 0.143488 0.116794
vt 0.145270 0.126440
vt 0.455609 0.095160
vt 0.455938 0.079081
vt 0.456800 0.063019
vt 0.982240 0.434188
vt 0.963585 0.427947
vt 0.946509 0.423110
vt 0.890921 0.433118
vt 0.882130 0.436526
vt 0.926679 0.423006
vt 0.909612 0.427375
vt 0.937930 0.422313
vt 0.075163 0.457134
vt 0.058225 0.461798
vt 0.039557 0.467684
vt 0.094859 0.456979
vt 0.083682 0.456346
vt 0.130564 0.466891
vt 0.111877 0.461251
vt 0.033116 0.470128
vt 0.675805 0.472192
vt 0.653419 0.509254
vt 0.655248 0.472962
vt 0.367019 0.511392
vt 0.176921 0.588998
vt 0.180547 0.549455
vt 0.822760 0.437993
vt 0.233028 0.963316
vt 0.215241 0.923308
vt 0.798841 0.768868
vt 0.699605 0.875602
vt 0.684417 0.835751
vt 0.333987 0.852188
vt 0.228471 0.827609
vt 0.254212 0.785439
vt 0.759269 0.697501
vt 0.785216 0.736222
vt 0.695315 0.746888
vt 0.719972 0.697428
vt 0.296799 0.785396
vt 0.318344 0.815723
vt 0.903939 0.714697
vt 0.136407 0.801345
vt 0.081951 0.736203
vt 0.893090 0.633076
vt 0.446638 0.808511
vt 0.606509 0.708725
vt 0.556410 0.642507
vt 0.438944 0.724452
vt 0.841861 0.692578
vt 0.205190 0.774839
vt 0.146366 0.715395
vt 0.823906 0.608060
vt 0.383498 0.782992
vt 0.673752 0.685953
vt 0.619881 0.625562
vt 0.369876 0.694574
vt 0.624476 0.158216
vt 0.327082 0.211968
vt 0.653476 0.212425
vt 0.306569 0.342322
vt 0.153133 0.050558
vt 0.361352 0.222428
vt 0.125968 0.045756
vt 0.396618 0.225899
vt 0.569871 0.190223
vt 0.388031 0.290471
vt 0.615162 0.304972
vt 0.596954 0.173816
vt 0.584932 0.180968
vt 0.909456 0.190131
vt 0.154402 0.225852
vt 0.888489 0.249012
vt 0.175675 0.355943
vt 0.241882 0.047343
vt 0.189385 0.222364
vt 0.213528 0.046751
vt 0.223402 0.212053
vt 0.855547 0.158550
vt 0.235225 0.276013
vt 0.801766 0.268578
vt 0.882733 0.173912
vt 0.870470 0.167071
vt 0.702590 0.322102
vt 0.284431 0.416033
vt 0.369025 0.419829
vt 0.654789 0.409992
vt 0.841623 0.358035
vt 0.185243 0.480200
vt 0.257695 0.404697
vt 0.773758 0.336466
vt 0.177136 0.638471
vt 0.185108 0.495641
vt 0.653403 0.554919
vt 0.655840 0.423782
vt 0.740026 0.329135
vt 0.739609 0.679991
vt 0.717946 0.727940
vt 0.321543 0.784229
vt 0.275425 0.981496
vt 0.229466 0.784279
vt 0.766602 0.727930
vt 0.275513 0.766895
vt 0.294962 0.761394
vt 0.158494 0.031032
vt 0.235614 0.029385
vt 0.253884 0.807420
vt 0.968218 0.693073
vt 0.970279 0.686813
vt 0.964692 0.720144
vt 0.041234 0.817480
vt 0.965692 0.701614
vt 0.035620 0.790589
vt 0.038855 0.799577
vt 0.026837 0.766821
vt 0.976742 0.669618
vt 0.033170 0.783659
vt 0.515345 0.790561
vt 0.512107 0.799546
vt 0.509721 0.817448
vt 0.514670 0.720260
vt 0.513647 0.701731
vt 0.511110 0.693195
vt 0.509040 0.686939
vt 0.502555 0.669755
vt 0.524137 0.766797
vt 0.517798 0.783632
vt 0.052820 0.522857
vt 0.139366 0.470253
vt 0.968347 0.489050
vt 0.988625 0.436785
vt 0.108883 0.091107
vt 0.106409 0.062482
vt 0.399209 0.044805
vt 0.459518 0.102060
vt 0.428604 0.109556
vt 0.167704 0.057128
vt 0.215342 0.132259
vt 0.203222 0.094543
vt 0.855471 0.043005
vt 0.918242 0.098075
vt 0.886101 0.105305
vt 0.255511 0.067846
vt 0.169019 0.047690
vt 0.166893 0.025823
vt 0.125973 0.120002
vt 0.337008 0.054912
vt 0.115292 0.038211
vt 0.149847 0.015689
vt 0.254586 0.043904
vt 0.241676 0.021944
vt 0.231922 0.132778
vt 0.791425 0.052872
vt 0.199112 0.046316
vt 0.223332 0.014444
vn -0.500739 0.357992 0.788100
vn -0.500739 0.357992 0.788100
vn -0.280955 0.177225 0.943215
vn -0.242833 0.146397 0.958958
vn -0.110154 0.081600 0.990559
vn -0.052586 0.021260 0.998390
vn -0.084598 0.213565 0.973259
vn -0.109781 0.120919 0.986573
vn 0.004458 0.314705 0.949179
vn -0.340368 0.549283 0.763176
vn 0.002158 0.529423 0.848355
vn 0.066183 0.598163 0.798637
vn -0.888306 0.301391 0.346521
vn -0.864594 0.238612 0.442200
vn -0.604101 0.371563 0.704984
vn -0.627423 0.466093 0.623776
vn -0.233537 0.617284 0.751280
vn -0.227046 0.430113 0.873758
vn 0.022107 0.441692 0.896894
vn 0.013976 0.654578 0.755866
vn 0.281203 0.636223 0.718433
vn 0.288140 0.452496 0.843933
vn 0.625678 0.394234 0.673132
vn 0.617657 0.548725 0.563384
vn -0.183068 0.488377 0.853214
vn -0.377632 0.334155 0.863559
vn -0.561932 0.496196 0.661832
vn -0.281005 0.671362 0.685791
vn -0.130487 0.787432 0.602431
vn -0.151303 0.665440 0.730956
vn -0.003294 0.692190 0.721708
vn -0.036551 0.800004 0.598880
vn 0.058115 0.817438 0.573077
vn 0.170367 0.703161 0.690319
vn 0.565868 0.655669 0.499892
vn 0.359384 0.762572 0.537891
vn -0.895853 0.405463 -0.181788
vn -0.675669 0.640596 0.364839
vn -0.446699 0.873816 0.192106
vn -0.605230 0.690935 -0.395355
vn -0.855692 0.390519 -0.339538
vn -0.470755 0.874153 0.119361
vn 0.010908 0.997887 -0.064046
vn -0.331917 0.616414 -0.714048
vn 0.040021 0.827119 -0.560601
vn -0.095301 0.960365 0.261950
vn 0.000731 0.990001 0.141060
vn -0.146856 0.800329 -0.581297
vn -0.291013 -0.606387 -0.740004
vn -0.815232 -0.041999 -0.577609
vn -0.633192 0.121707 -0.764366
vn -0.389663 -0.500689 -0.772964
vn -0.189537 -0.437440 -0.879046
vn -0.380501 -0.064957 -0.922497
vn -0.127896 -0.261218 -0.956769
vn -0.068814 -0.435054 -0.897771
vn -0.019817 -0.420393 -0.907126
vn -0.055319 -0.060073 -0.996660
vn 0.045360 0.161706 -0.985796
vn 0.188036 -0.412402 -0.891385
vn -0.886760 -0.174249 -0.428128
vn -0.548657 -0.579078 -0.603029
vn -0.499433 -0.493584 -0.711998
vn -0.412197 -0.462271 -0.785111
vn -0.094804 -0.527982 -0.843948
vn -0.130807 -0.541871 -0.830220
vn -0.043161 -0.539169 -0.841091
vn -0.035175 -0.537798 -0.842340
vn 0.026797 -0.532293 -0.846136
vn 0.022348 -0.531772 -0.846593
vn 0.303506 -0.446324 -0.841831
vn 0.282727 -0.474614 -0.833551
vn -0.646767 -0.363406 -0.670544
vn -0.741097 -0.426462 -0.518561
vn -0.197751 -0.536588 -0.820346
vn -0.119082 -0.480379 -0.868939
vn -0.021165 -0.526217 -0.850087
vn -0.034014 -0.547315 -0.836235
vn -0.035560 -0.552752 -0.832587
vn -0.037680 -0.570882 -0.820167
vn 0.008058 -0.612784 -0.790209
vn 0.004484 -0.557303 -0.830297
vn 0.210857 -0.559235 -0.801746
vn 0.218208 -0.631349 -0.744166
vn 0.064224 -0.596605 -0.799961
vn 0.054426 -0.553158 -0.831297
vn 0.057171 -0.567227 -0.821575
vn 0.056987 -0.616962 -0.784927
vn 0.561274 -0.684375 0.465405
vn 0.467731 -0.881107 0.069847
vn 0.042920 -0.985338 -0.165124
vn -0.185601 -0.617389 0.764449
vn 0.001595 -0.999399 0.034637
vn 0.004292 -0.999265 0.038094
vn 0.004861 -0.999304 0.036987
vn 0.002460 -0.999456 0.032878
vn 0.953433 0.168779 0.249957
vn 0.953433 0.168779 0.249957
vn 0.953433 0.168779 0.249957
vn 0.953433 0.168779 0.249957
vn 0.858013 0.413624 0.304513
vn 0.876900 0.228617 0.422825
vn 0.998717 -0.049462 0.010886
vn 0.986371 0.141115 -0.084615
vn -0.921186 0.119964 0.370169
vn -0.921187 0.119960 0.370168
vn -0.921187 0.119960 0.370168
vn -0.921186 0.119964 0.370169
vn -0.822733 0.214751 -0.526301
vn -0.822733 0.214751 -0.526301
vn -0.822733 0.214751 -0.526301
vn -0.822733 0.214751 -0.526301
vn -0.792813 -0.312731 -0.523112
vn -0.999546 0.000534 0.030120
vn -0.994972 0.100089 -0.003595
vn -0.320510 -0.672300 0.667298
vn -0.320510 -0.672300 0.667297
vn -0.320510 -0.672300 0.667297
vn -0.320510 -0.672300 0.667298
vn -0.116319 -0.275771 -0.954159
vn -0.124577 -0.175730 -0.976524
vn 0.168967 -0.419774 -0.891762
vn 0.155048 -0.456285 -0.876222
vn 0.709040 -0.688241 0.153583
vn 0.715047 -0.681439 0.156040
vn 0.381113 -0.126686 0.915808
vn -0.137198 0.341182 0.929931
vn -0.212636 0.382875 0.898996
vn -0.828746 0.515765 -0.217177
vn -0.815791 0.538225 -0.211657
vn -0.815791 0.538225 -0.211657
vn -0.827568 0.517866 -0.216671
vn -0.124865 -0.918992 -0.373981
vn -0.082453 -0.924493 -0.372175
vn 0.224283 -0.891588 -0.393406
vn 0.184788 -0.901873 -0.390485
vn 0.998946 -0.045601 0.005192
vn 0.997349 -0.071721 -0.012281
vn 0.997349 -0.071721 -0.012281
vn 0.999094 -0.041866 0.007687
vn 0.227113 0.879593 0.418015
vn 0.174349 0.904663 0.388828
vn -0.146243 0.903289 0.403338
vn -0.161106 0.889156 0.428307
vn -0.828178 0.462066 0.317202
vn -0.830259 -0.479930 0.283437
vn -0.980390 0.002316 0.197051
vn -0.190618 0.953642 -0.232876
vn -0.204112 0.976030 -0.075524
vn 0.409940 0.846674 0.339252
vn 0.576676 0.816869 0.013035
vn 0.953468 0.096346 0.285686
vn 0.910146 0.090859 0.404203
vn 0.473475 -0.744183 0.471182
vn 0.707035 -0.605422 0.365467
vn 0.113179 -0.899196 0.422655
vn -0.210849 -0.814995 0.539746
vn -0.604321 -0.665598 0.437922
vn -0.612266 -0.749031 0.253146
vn -0.992033 -0.070186 -0.104617
vn -0.899576 -0.371683 0.229379
vn -0.867952 0.414378 -0.273770
vn -0.743827 0.570531 -0.348161
vn -0.667154 -0.071940 -0.741438
vn -0.774148 -0.051160 -0.630934
vn 0.146564 0.141133 -0.979082
vn 0.213205 0.026124 -0.976658
vn 0.922993 0.100851 -0.371366
vn 0.942316 0.167402 -0.289856
vn 0.938333 0.159502 0.306741
vn 0.965984 0.106996 0.235429
vn 0.651699 0.138815 0.745667
vn 0.493027 0.235563 0.837517
vn -0.149182 0.216015 0.964926
vn -0.201583 0.088825 0.975436
vn -0.910974 -0.036006 0.410890
vn -0.776476 0.089282 0.623791
vn -0.996087 -0.068735 -0.055554
vn -0.973780 -0.109690 -0.199300
vn 0.186959 0.953368 -0.236932
vn 0.186959 0.953368 -0.236932
vn 0.600198 0.797949 -0.055132
vn 0.605455 0.794162 -0.052255
vn 0.813318 -0.186801 0.551016
vn 0.813318 -0.186801 0.551016
vn 0.813318 -0.186801 0.551016
vn 0.813318 -0.186801 0.551016
vn -0.224138 0.623622 0.748905
vn -0.224138 0.623622 0.748905
vn -0.289011 0.654981 0.698192
vn -0.288980 0.654967 0.698219
vn -0.706445 0.699498 0.107878
vn -0.706445 0.699498 0.107878
vn -0.706445 0.699498 0.107878
vn -0.706445 0.699498 0.107878
vn -0.226264 0.363088 -0.903865
vn -0.226264 0.363088 -0.903865
vn 0.213511 0.403921 -0.889528
vn 0.204646 0.403875 -0.891631
vn 0.946014 0.324113 0.002839
vn 0.946014 0.324113 0.002839
vn 0.946014 0.324113 0.002839
vn 0.946014 0.324113 0.002839
vn 0.019880 0.953629 0.300326
vn 0.019880 0.953630 0.300326
vn -0.065309 0.957353 0.281442
vn -0.065309 0.957353 0.281442
vn -0.839285 0.520962 -0.155559
vn -0.839285 0.520962 -0.155559
vn -0.839285 0.520962 -0.155559
vn -0.839285 0.520962 -0.155559
vn -0.026476 0.796469 0.604100
vn -0.026476 0.796469 0.604100
vn -0.031018 0.765440 0.642759
vn -0.031318 0.763305 0.645279
vn -0.603921 0.757331 -0.248454
vn -0.603921 0.757331 -0.248454
vn -0.603921 0.757331 -0.248454
vn -0.603921 0.757331 -0.248454
vn 0.058509 -0.755891 -0.652078
vn 0.065174 -0.687758 -0.723009
vn 0.046130 -0.711917 -0.700747
vn 0.034036 -0.774096 -0.632152
vn 0.725773 -0.417382 0.546851
vn 0.732616 -0.453536 0.507523
vn 0.732240 -0.451251 0.510095
vn 0.725773 -0.417382 0.546851
vn 0.002604 0.999767 -0.021449
vn 0.002604 0.999767 -0.021449
vn 0.002564 0.999705 -0.024168
vn 0.002564 0.999705 -0.024166
vn -0.857994 0.426720 -0.285930
vn -0.857994 0.426720 -0.285930
vn -0.857994 0.426720 -0.285930
vn -0.857994 0.426720 -0.285930
vn -0.004688 -0.999647 0.026170
vn -0.002288 -0.999563 0.029465
vn -0.001687 -0.999624 0.027366
vn -0.004322 -0.999688 0.024622
vn 0.973190 0.001479 0.229997
vn 0.972640 0.003550 0.232291
vn 0.972635 0.003569 0.232311
vn 0.973190 0.001479 0.229997
vn -0.970983 -0.105218 0.214758
vn 0.736098 0.545311 0.400993
vn -0.366224 -0.793068 0.486747
vn -0.423381 -0.810981 0.403804
vn 0.513257 -0.828612 0.223539
vn 0.804558 -0.332973 -0.491748
vn 0.769607 -0.422860 -0.478430
vn 0.909335 -0.411708 -0.060054
vn 0.927835 0.151924 -0.340650
vn 0.646438 0.114001 -0.754402
vn 0.342530 0.736170 -0.583718
vn 0.482637 0.730272 -0.483492
vn -0.305618 0.900976 -0.307960
vn 0.073753 0.979528 -0.187309
vn -0.263860 0.811860 0.520828
vn -0.954089 0.284295 0.094296
vn 0.718230 -0.498361 -0.485574
vn 0.920184 -0.307204 0.242668
vn 0.951228 -0.274366 0.141026
vn 0.636423 0.150366 0.756542
vn -0.013136 0.478200 0.878153
vn -0.726407 0.557113 0.402441
vn -0.920431 0.336447 -0.199022
vn -0.655502 -0.080358 -0.750906
vn 0.079485 -0.463650 -0.882446
vn -0.142441 -0.957020 -0.252634
vn -0.457107 -0.868279 -0.192731
vn 0.026958 -0.949914 0.311347
vn 0.026440 -0.932865 0.359256
vn 0.267481 -0.488513 0.830547
vn 0.600594 -0.515452 0.611224
vn 0.856402 -0.025671 0.515671
vn 0.400865 0.365970 0.839865
vn 0.140030 0.921973 0.361052
vn 0.857880 0.480532 0.182020
vn 0.239735 0.939302 -0.245438
vn -0.215656 0.954407 -0.206398
vn -0.379393 0.558209 -0.737877
vn -0.245599 0.852301 -0.461805
vn -0.712764 -0.036458 -0.700455
vn -0.305179 -0.365997 -0.879154
vn 0.475685 -0.735752 -0.482071
vn 0.535045 -0.587000 -0.607584
vn 0.942056 -0.330646 -0.056600
vn 0.870457 -0.488177 -0.063151
vn 0.925998 -0.041004 0.375296
vn 0.853228 0.128464 0.505469
vn 0.188408 0.552378 0.812023
vn 0.353266 0.563028 0.747130
vn -0.549261 0.572935 0.608324
vn -0.630550 0.576815 0.519318
vn -0.951643 0.301079 -0.061046
vn -0.939364 0.272922 0.207629
vn -0.955707 -0.128707 -0.264684
vn -0.730223 -0.162747 -0.663542
vn -0.122687 -0.522162 -0.843976
vn -0.349916 -0.623651 -0.699013
vn -0.401127 0.599101 0.692946
vn -0.401127 0.599101 0.692946
vn -0.401127 0.599101 0.692946
vn -0.401127 0.599101 0.692946
vn 0.944153 0.327914 0.032365
vn 0.944153 0.327914 0.032365
vn 0.971719 0.152327 -0.180442
vn 0.698901 -0.701921 0.137277
vn 0.187918 -0.962585 -0.195235
vn 0.183074 -0.942730 0.278826
vn -0.251148 -0.783846 0.567900
vn -0.565030 0.739274 -0.366354
vn -0.836442 -0.213473 0.504772
vn -0.545315 0.657571 0.519839
vn -0.453592 0.607933 0.651669
vn 0.229653 0.874517 0.427176
vn 0.187604 0.930350 0.315046
vn 0.774587 0.613275 -0.154624
vn 0.801800 0.593886 0.066464
vn 0.970976 -0.016337 -0.238620
vn 0.841336 0.051322 -0.538070
vn 0.452570 -0.667404 -0.591398
vn 0.540504 -0.774772 -0.328000
vn -0.069389 -0.991929 -0.106127
vn -0.172557 -0.941571 -0.289254
vn -0.776075 -0.630331 0.019770
vn -0.606328 -0.768531 0.204273
vn -0.791062 0.010313 0.611649
vn -0.928328 0.097824 0.358662
vn -0.775232 -0.397784 -0.490697
vn -0.992441 -0.114681 0.043686
vn -0.993815 -0.095182 0.057203
vn -0.304667 -0.485070 -0.819686
vn -0.261215 -0.533396 -0.804522
vn -0.046410 -0.545743 -0.836666
vn -0.067196 -0.518202 -0.852614
vn -0.027200 -0.529434 -0.847915
vn -0.026630 -0.543755 -0.838822
vn 0.010123 -0.538100 -0.842820
vn 0.019748 -0.532026 -0.846498
vn 0.248985 -0.517429 -0.818703
vn 0.227763 -0.530623 -0.816434
vn 0.858229 0.151051 0.490537
vn 0.824813 0.150523 0.545002
vn 0.993388 -0.100780 0.054980
vn 0.995105 -0.087771 0.045418
vn 0.204729 0.244211 0.947864
vn 0.113108 0.257172 0.959723
vn 0.379223 0.272361 0.884313
vn 0.529375 0.265049 0.805923
vn -0.157952 0.251210 0.954958
vn -0.081826 0.296353 0.951567
vn 0.024971 0.275824 0.960884
vn 0.021602 0.219196 0.975442
vn -0.851657 0.163866 0.497823
vn -0.819504 0.179531 0.544226
vn -0.382404 0.305562 0.872009
vn -0.504957 0.278373 0.817023
vn -0.067673 0.299205 0.951786
vn -0.304235 0.307431 0.901625
vn -0.831003 0.211946 0.514308
vn 0.183597 0.152089 0.971165
vn 0.093563 0.236058 0.967224
vn 0.043479 0.270240 0.961811
vn 0.217007 0.735490 0.641843
vn 0.217007 0.735490 0.641843
vn 0.758342 0.232001 0.609174
vn 0.223414 0.294744 0.929092
vn -0.194800 0.942401 0.271907
vn -0.071847 0.902328 0.425020
vn 0.440307 0.819095 -0.367713
vn 0.254701 0.351564 -0.900850
vn 0.089607 -0.213410 -0.972845
vn -0.434975 -0.308636 -0.845896
vn -0.831667 -0.170870 -0.528330
vn 0.765805 -0.227423 -0.601516
vn 0.751509 -0.374980 -0.542792
vn 0.011784 -0.629853 -0.776625
vn 0.057302 -0.536647 -0.841859
vn 0.010666 -0.487329 -0.873153
vn -0.230319 -0.189071 -0.954571
vn -0.230319 -0.189071 -0.954571
vn 0.070472 -0.824501 -0.561455
vn -0.440683 -0.896908 -0.036808
vn 0.198877 -0.789004 -0.581309
vn -0.098989 -0.632964 -0.767826
vn 0.744044 -0.422833 -0.517311
vn 0.763334 -0.457018 -0.456570
vn 0.447702 -0.711360 -0.541784
vn 0.447702 -0.711360 -0.541784
vn 0.119491 -0.823267 -0.554935
vn 0.134988 -0.820282 -0.555803
vn 0.060018 -0.581735 -0.811161
vn 0.049188 -0.642450 -0.764748
vn 0.027101 -0.734243 -0.678346
vn 0.005430 -0.999341 0.035880
vn 0.003017 -0.999527 0.030596
vn -0.001084 -0.999680 0.025257
vn 0.988119 -0.145916 -0.048257
vn 0.988119 -0.145916 -0.048257
vn 0.988119 -0.145916 -0.048257
vn 0.988119 -0.145916 -0.048257
vn 0.993246 -0.075538 0.088070
vn 0.926313 0.339547 -0.163256
vn -0.921184 0.119962 0.370174
vn -0.921184 0.119962 0.370174
vn -0.921185 0.119965 0.370170
vn -0.921185 0.119965 0.370170
vn -0.921186 0.119967 0.370167
vn -0.921186 0.119967 0.370167
vn -0.921185 0.119966 0.370170
vn -0.921185 0.119966 0.370170
vn -0.904128 0.410147 -0.119716
vn -0.904128 0.410147 -0.119716
vn -0.904128 0.410147 -0.119716
vn -0.904128 0.410147 -0.119716
vn -0.994378 -0.068556 -0.080707
vn -0.986372 0.163105 -0.021608
vn -0.320510 -0.672299 0.667299
vn -0.320510 -0.672299 0.667299
vn -0.320510 -0.672298 0.667299
vn -0.320510 -0.672298 0.667299
vn -0.320510 -0.672298 0.667299
vn -0.320510 -0.672298 0.667299
vn -0.320510 -0.672299 0.667298
vn -0.320510 -0.672299 0.667298
vn 0.410875 -0.584572 -0.699612
vn 0.401666 -0.608793 -0.684132
vn 0.389019 -0.639750 -0.662860
vn 0.133437 -0.517438 -0.845253
vn -0.108377 -0.358094 -0.927375
vn 0.593224 -0.419433 0.687140
vn 0.653232 -0.375142 0.657690
vn 0.653232 -0.375142 0.657690
vn 0.765885 -0.618031 0.177366
vn 0.765885 -0.618031 0.177366
vn -0.461299 0.545655 0.699617
vn -0.518383 0.551935 0.653182
vn -0.561793 0.554782 0.613682
vn -0.251336 0.391806 0.885053
vn 0.161347 0.112750 0.980436
vn -0.720979 0.356093 -0.594464
vn -0.720979 0.356093 -0.594464
vn -0.738802 0.327562 -0.588961
vn -0.740256 0.325155 -0.588469
vn -0.757093 0.296309 -0.582247
vn -0.757093 0.296309 -0.582247
vn -0.841152 0.492879 -0.222559
vn -0.841153 0.492879 -0.222559
vn 0.480830 -0.789921 -0.380562
vn 0.470467 -0.802477 -0.367003
vn 0.460337 -0.814174 -0.353852
vn 0.171785 -0.906952 -0.384615
vn -0.183224 -0.908593 -0.375350
vn 0.946151 0.280400 0.161784
vn 0.946151 0.280400 0.161784
vn 0.942754 0.286120 0.171318
vn 0.943378 0.285088 0.169595
vn 0.939790 0.290913 0.179342
vn 0.939790 0.290913 0.179342
vn 0.999561 -0.016466 0.024639
vn 0.999561 -0.016466 0.024639
vn -0.597591 0.702254 0.386942
vn -0.150405 0.873147 0.463673
vn 0.271761 0.855006 0.441714
vn -0.874520 -0.484157 -0.028403
vn -0.883026 -0.467327 -0.043250
vn -0.910781 -0.400691 -0.099623
vn -0.910781 -0.400691 -0.099623
vn -0.994932 0.024911 0.097411
vn -0.994932 0.024911 0.097411
vn 0.982896 0.018100 0.183270
vn 0.621148 0.769874 -0.146525
vn -0.222203 0.900539 -0.373705
vn 0.362008 -0.889609 0.278472
vn 0.781419 -0.542333 0.308642
vn -0.930936 0.163804 -0.326383
vn -0.609543 -0.792736 -0.005277
vn -0.704171 0.596170 -0.385647
vn 0.943384 0.044417 -0.328716
vn 0.258914 -0.044375 -0.964881
vn -0.666043 -0.119119 -0.736340
vn 0.730568 0.039789 0.681680
vn 0.971263 0.063811 0.229297
vn -0.944696 -0.132921 0.299801
vn -0.197462 -0.054335 0.978804
vn -0.961932 -0.133604 -0.238403
vn 0.882789 0.446640 0.145589
vn 0.882789 0.446640 0.145589
vn 0.950015 0.258857 -0.174542
vn 0.950015 0.258857 -0.174542
vn 0.671154 0.601792 -0.432895
vn 0.667141 0.604666 -0.435089
vn 0.213336 0.787502 -0.578212
vn 0.213336 0.787502 -0.578212
vn 0.532628 -0.088656 0.841693
vn 0.532628 -0.088656 0.841693
vn 0.532628 -0.088656 0.841693
vn 0.532628 -0.088656 0.841693
vn 0.736665 -0.482400 0.473936
vn 0.736665 -0.482400 0.473936
vn 0.877815 -0.368411 0.306127
vn 0.877815 -0.368411 0.306127
vn 0.877815 -0.368411 0.306127
vn 0.877815 -0.368411 0.306127
vn -0.351531 0.681213 0.642165
vn -0.351531 0.681213 0.642165
vn -0.600957 -0.775704 0.192701
vn -0.600957 -0.775704 0.192701
vn -0.569180 -0.791903 0.221187
vn -0.569208 -0.791890 0.221163
vn -0.536320 -0.806410 0.249127
vn -0.536320 -0.806410 0.249127
vn -0.560615 0.796322 -0.227117
vn -0.560615 0.796322 -0.227117
vn -0.560615 0.796322 -0.227117
vn -0.560615 0.796322 -0.227117
vn -0.564481 0.646070 -0.513766
vn -0.564481 0.646070 -0.513766
vn -0.564481 0.646070 -0.513766
vn -0.564481 0.646070 -0.513766
vn -0.742352 0.480743 -0.466691
vn -0.733031 0.452034 -0.508262
vn -0.734131 0.455192 -0.503838
vn -0.742352 0.480743 -0.466691
vn 0.601186 0.368104 -0.709278
vn 0.601186 0.368104 -0.709278
vn 0.658526 -0.024707 -0.752153
vn 0.658526 -0.024707 -0.752153
vn 0.231400 -0.032038 -0.972331
vn 0.237972 -0.031985 -0.970745
vn -0.242546 -0.032024 -0.969611
vn -0.242546 -0.032024 -0.969611
vn 0.805241 0.535872 0.253826
vn 0.805241 0.535872 0.253826
vn 0.805241 0.535872 0.253826
vn 0.805241 0.535872 0.253826
vn 0.972138 0.005410 0.234349
vn 0.972138 0.005410 0.234349
vn 0.999877 0.000349 0.015668
vn 0.999877 0.000349 0.015668
vn 0.999877 0.000349 0.015668
vn 0.999877 0.000349 0.015668
vn -0.149999 0.953775 0.260411
vn -0.149999 0.953775 0.260411
vn -0.246265 -0.472560 0.846192
vn -0.246265 -0.472560 0.846192
vn -0.201899 -0.473095 0.857565
vn -0.201899 -0.473095 0.857565
vn -0.157110 -0.472636 0.867140
vn -0.157110 -0.472636 0.867140
vn -0.848333 0.313977 -0.426322
vn -0.848333 0.313976 -0.426322
vn -0.848333 0.313977 -0.426322
vn -0.848333 0.313977 -0.426322
vn -0.899515 -0.013253 -0.436690
vn -0.899515 -0.013253 -0.436690
vn -0.899515 -0.013253 -0.436690
vn -0.899515 -0.013253 -0.436690
vn -0.972022 -0.004812 -0.234840
vn -0.972552 -0.003254 -0.232663
vn -0.972554 -0.003249 -0.232655
vn -0.972022 -0.004812 -0.234840
vn -0.035789 0.730166 0.682332
vn -0.035789 0.730166 0.682332
vn -0.158941 0.832004 0.531514
vn -0.158941 0.832004 0.531514
vn -0.077409 0.807027 0.585420
vn -0.074041 0.805824 0.587508
vn 0.006678 0.773037 0.634325
vn 0.006678 0.773037 0.634325
vn -0.721282 0.420903 -0.550084
vn -0.721282 0.420903 -0.550084
vn -0.741858 0.111988 -0.661139
vn -0.741858 0.111988 -0.661139
vn -0.741858 0.111988 -0.661139
vn -0.741858 0.111988 -0.661139
vn -0.622670 0.761011 -0.182057
vn -0.622670 0.761011 -0.182057
vn -0.622670 0.761011 -0.182057
vn -0.622670 0.761011 -0.182057
vn 0.010012 -0.790939 -0.611814
vn 0.041888 -0.894350 -0.445403
vn 0.041888 -0.894350 -0.445403
vn -0.010197 -0.860151 -0.509938
vn -0.010495 -0.859935 -0.510296
vn -0.063071 -0.818281 -0.571348
vn -0.063071 -0.818281 -0.571348
vn 0.688149 -0.025802 0.725111
vn 0.688149 -0.025802 0.725111
vn 0.688149 -0.025802 0.725111
vn 0.688149 -0.025802 0.725111
vn 0.579994 0.138870 0.802697
vn 0.579994 0.138870 0.802697
vn 0.579994 0.138870 0.802697
vn 0.579994 0.138870 0.802697
vn 0.623103 -0.594921 0.507752
vn 0.623103 -0.594921 0.507752
vn 0.623103 -0.594920 0.507752
vn 0.623103 -0.594921 0.507752
vn 0.002525 0.999636 -0.026877
vn 0.002525 0.999636 -0.026877
vn -0.103810 0.994461 0.016479
vn -0.103810 0.994461 0.016479
vn -0.008317 0.999201 0.039100
vn -0.008332 0.999201 0.039097
vn 0.087241 0.994297 0.061340
vn 0.087241 0.994297 0.061340
vn -0.973136 -0.001512 -0.230227
vn -0.973136 -0.001512 -0.230227
vn -0.966018 -0.230891 -0.116185
vn -0.966018 -0.230892 -0.116185
vn -0.966018 -0.230892 -0.116185
vn -0.966018 -0.230892 -0.116185
vn -0.809354 0.554742 -0.192891
vn -0.809354 0.554742 -0.192891
vn -0.809354 0.554742 -0.192891
vn -0.809354 0.554742 -0.192891
vn -0.003955 -0.999726 0.023068
vn 0.066269 -0.991153 0.114994
vn 0.066269 -0.991153 0.114994
vn -0.022959 -0.995260 0.094501
vn -0.022945 -0.995260 0.094504
vn -0.111978 -0.991010 0.073218
vn -0.111978 -0.991010 0.073218
vn 0.892651 0.432600 0.126617
vn 0.892651 0.432600 0.126617
vn 0.892651 0.432600 0.126617
vn 0.892651 0.432600 0.126617
vn 0.811174 0.553819 0.187834
vn 0.811174 0.553819 0.187834
vn 0.811174 0.553819 0.187834
vn 0.811174 0.553819 0.187834
vn 0.916378 -0.232212 0.326083
vn 0.916378 -0.232212 0.326083
vn 0.916378 -0.232212 0.326083
vn 0.916378 -0.232212 0.326083
vn 0.178938 -0.552788 0.813884
vn -0.029910 -0.912881 0.407128
vn -0.213292 -0.964075 -0.158321
vn -0.011741 0.958139 0.286062
vn 0.320860 0.356217 0.877587
vn -0.435926 0.530411 -0.727071
vn -0.279297 0.926292 -0.252936
vn -0.387080 -0.384298 -0.838144
vn 0.920284 -0.113900 0.374304
vn 0.842489 -0.537798 -0.031380
vn 0.487631 -0.758010 -0.433172
vn -0.519922 0.572504 0.633972
vn 0.391749 0.534673 0.748771
vn -0.971250 -0.099678 -0.216188
vn -0.925973 0.279018 0.254409
vn -0.367815 -0.611110 -0.700897
vn 0.618361 0.674785 0.402858
vn 0.618361 0.674785 0.402858
vn 0.618361 0.674785 0.402858
vn 0.618361 0.674785 0.402858
vn 0.810176 0.550794 0.200603
vn 0.165772 0.836974 0.521530
vn -0.476139 0.472193 0.741839
vn 0.980177 0.056459 0.189907
vn -0.847373 0.002227 0.530994
vn -0.847373 0.002227 0.530994
vn -0.457847 -0.113875 0.881708
vn 0.763245 -0.392211 -0.513446
vn -0.347432 -0.379051 -0.857678
vn -0.249353 -0.865037 -0.435355
vn -0.249353 -0.865037 -0.435355
vn -0.347468 -0.378215 -0.858032
vn -0.004297 -0.960036 0.279844
vn -0.004297 -0.960036 0.279844
vn -0.004297 -0.960036 0.279844
vn -0.004297 -0.960036 0.279844
vn 0.088484 -0.870069 0.484924
vn 0.088484 -0.870069 0.484924
vn 0.088484 -0.870069 0.484924
vn 0.088484 -0.870069 0.484924
vn 0.376426 -0.163402 0.911923
vn 0.416916 0.369552 0.830429
vn 0.416915 0.369586 0.830415
vn 0.376426 -0.163402 0.911923
vn 0.369559 0.695651 0.616032
vn 0.369559 0.695651 0.616032
vn -0.015050 0.922498 -0.385708
vn -0.015050 0.922498 -0.385708
vn -0.015050 0.922498 -0.385708
vn -0.015050 0.922498 -0.385708
vn -0.025893 0.911880 -0.409640
vn -0.025893 0.911880 -0.409640
vn -0.025893 0.911880 -0.409640
vn -0.025893 0.911880 -0.409640
vn -0.324858 0.101022 -0.940352
vn -0.324858 0.101022 -0.940352
vn -0.378267 -0.526980 -0.761056
vn 0.127038 -0.707632 -0.695068
vn 0.127038 -0.707631 -0.695068
vn -0.378299 -0.526962 -0.761053
vn 0.813921 -0.553565 -0.176347
vn 0.813921 -0.553565 -0.176347
vn 0.813921 -0.553565 -0.176347
vn 0.813921 -0.553565 -0.176347
vn 0.907856 -0.419275 0.002228
vn 0.907856 -0.419275 0.002228
vn 0.907856 -0.419275 0.002228
vn 0.907856 -0.419275 0.002228
vn 0.849479 0.149549 0.505984
vn 0.402599 0.577085 0.710554
vn 0.401866 0.577505 0.710628
vn 0.849479 0.149549 0.505984
vn -0.053937 0.742734 0.667411
vn -0.053937 0.742734 0.667411
vn -0.851958 0.516837 0.083945
vn -0.851958 0.516837 0.083945
vn -0.851958 0.516837 0.083945
vn -0.851958 0.516837 0.083945
vn -0.863035 0.501191 0.063079
vn -0.863035 0.501191 0.063079
vn -0.863035 0.501191 0.063079
vn -0.863035 0.501191 0.063079
vn -0.682274 -0.295448 -0.668739
vn -0.682274 -0.295448 -0.668739
s 1
g pCube1
usemtl pCube1SG
f 101/1/1 1/2/2 98/3/3 97/4/4
f 99/5/5 2/6/6 103/7/7 102/8/8
f 104/9/9 3/10/10 107/11/11 106/12/12
s 3
f 114/13/13 5/14/14 111/15/15 110/16/16
f 112/17/17 6/18/18 116/19/19 115/20/20
f 117/21/21 7/22/22 120/23/23 119/24/24
f 126/25/25 9/26/26 113/27/27 123/28/28
f 124/29/29 10/30/30 118/31/31 127/32/32
f 128/33/33 11/34/34 122/35/35 130/36/36
f 136/424/37 13/38/38 125/39/39 133/474/40
f 141/401/41 85/42/42 138/43/43 137/473/44
f 145/413/45 15/477/46 132/47/47 142/472/48
f 149/49/49 17/50/50 135/51/51 146/52/52
f 147/53/53 18/54/54 151/470/55 150/56/56
f 152/57/57 19/58/58 144/59/59 154/60/60
f 160/61/61 21/62/62 148/63/63 157/64/64
f 158/65/65 22/66/66 153/67/67 161/68/68
f 162/69/69 23/70/70 156/71/71 164/72/72
f 171/73/73 90/74/74 168/75/75 167/76/76
f 169/77/77 91/78/78 173/79/79 172/80/80
f 174/81/81 92/82/82 177/83/83 176/84/84
s 10
f 184/85/85 49/86/86 181/87/87 180/88/88
s 1
f 187/464/89 30/90/90 175/91/91 185/469/92
s 12
f 192/93/93 53/94/94 189/95/95 188/96/96
s off
f 108/97/97 4/98/98 194/99/99 193/100/100
s 3
f 121/101/101 8/102/102 197/103/103 196/104/104
s 13
f 378/105/105 377/106/106 379/107/107 380/108/108
s off
f 171/73/109 29/109/110 204/110/111 203/111/112
s 3
f 160/61/61 25/112/113 207/113/114 206/114/115
s 14
f 386/501/116 387/116/117 388/117/118 389/118/119
s 15
f 216/119/120 29/109/121 170/120/122 213/121/123
s 1
f 214/122/124 30/90/90 187/464/89 217/123/125
f 218/124/126 2/6/6 98/3/127 220/125/128
s 17
f 221/126/129 1/2/130 204/462/131 223/127/132
s 18
f 228/128/133 31/129/134 179/130/135 225/131/136
s 19
f 226/132/137 32/133/138 194/460/139 229/134/140
s 1
f 230/135/141 4/98/142 107/11/143 232/136/144
f 233/137/145 3/10/10 186/458/146 235/139/147
s 21
f 240/140/148 33/141/149 215/142/150 237/143/151
f 238/144/152 34/145/153 219/454/154 241/147/155
f 242/148/156 35/149/157 222/150/158 244/151/159
f 245/152/160 36/153/161 224/447/162 247/155/163
s 22
f 252/156/164 37/157/165 227/158/166 249/159/167
f 250/160/168 38/161/169 231/441/170 253/163/171
f 254/164/172 39/165/173 234/166/174 256/167/175
f 257/168/176 40/169/177 236/434/178 259/171/179
s 23
f 263/524/180 41/479/181 239/174/182 261/528/183
s off
f 262/176/184 42/177/185 243/178/186 264/527/187
s 24
f 270/511/188 58/181/189 267/182/190 266/525/191
s off
f 272/516/192 44/448/193 248/186/194 271/523/195
s 25
f 275/518/196 45/478/197 251/190/198 273/522/199
s off
f 274/192/200 46/193/201 255/194/202 276/521/203
s 26
f 282/505/204 62/197/205 279/198/206 278/519/207
s off
f 284/510/208 48/435/209 260/202/210 283/517/211
s 27
f 287/204/212 43/450/213 246/206/214 285/207/215
s off
f 286/208/216 44/448/217 272/516/218 288/209/219
s 10
f 289/210/220 52/211/221 183/212/222 290/213/223
s 28
f 291/214/224 51/215/225 265/513/226 292/217/227
s 29
f 295/218/228 47/437/229 258/220/230 293/221/231
s off
f 294/222/232 48/435/233 284/510/234 296/223/235
s 12
f 297/224/236 56/225/237 191/226/238 298/227/239
s 30
f 299/228/240 55/229/241 277/507/242 300/231/243
s 3
f 304/232/244 12/233/245 198/430/246 301/235/247
f 302/236/248 24/237/249 155/238/250 305/239/251
f 306/240/252 20/241/253 143/428/254 308/243/255
f 309/244/256 16/245/257 131/246/258 311/247/259
f 316/248/260 21/62/62 208/426/261 313/250/262
f 314/251/263 9/26/26 126/25/25 317/252/264
f 318/253/265 13/38/38 136/424/37 320/254/266
f 321/255/267 17/50/50 149/49/49 323/256/268
f 327/257/269 66/258/270 303/422/271 325/260/272
f 326/261/273 65/262/274 307/263/275 328/264/276
f 329/265/277 67/266/278 310/420/279 330/268/280
f 331/269/281 68/270/282 312/271/283 332/272/284
f 335/273/285 69/274/286 315/418/287 333/276/288
f 334/277/289 70/278/290 319/279/291 336/280/292
f 337/281/293 71/282/294 322/416/295 338/284/296
f 339/285/297 72/286/298 324/287/299 340/288/300
s off
f 344/289/301 14/480/302 129/291/303 341/292/304
s 3
f 342/293/305 15/46/306 145/414/45 345/294/307
f 346/295/308 19/471/58 151/55/309 348/296/310
f 349/297/311 18/475/54 134/410/312 351/299/313
f 355/300/314 81/301/315 343/302/316 353/303/317
f 354/304/318 82/305/319 347/406/320 356/307/321
f 357/308/322 83/309/323 350/310/324 358/311/325
f 359/312/326 84/313/327 352/403/328 360/315/329
f 363/316/330 90/74/74 205/400/331 361/318/332
f 363/316/330 25/112/113 159/319/333 364/320/334
f 365/321/335 26/322/336 163/323/337 366/324/338
f 367/325/339 27/326/340 166/327/341 368/328/342
f 371/329/343 94/330/344 195/397/345 370/332/346
f 373/333/347 95/334/348 109/335/349 372/336/350
f 375/337/351 96/338/352 105/339/353 374/340/354
f 362/341/355 89/342/356 100/343/357 376/344/358
s 1
f 98/3/3 2/6/6 99/5/5 97/4/4
s 3
f 99/5/359 96/338/352 100/343/357 97/4/360
f 100/343/357 89/342/356 101/1/361 97/4/360
s 1
f 103/7/7 3/10/10 104/9/9 102/8/362
s 3
f 104/9/363 95/334/348 105/339/353 102/8/364
f 105/339/353 96/338/352 99/5/359 102/8/364
s 1
f 107/11/11 4/98/365 108/97/366 106/12/12
s 3
f 108/97/367 94/330/344 109/335/349 106/12/368
f 109/335/349 95/334/348 104/9/363 106/12/368
f 111/15/15 6/18/18 112/17/17 110/16/16
f 112/17/17 10/30/30 113/27/27 110/16/16
f 113/27/27 9/26/26 114/13/13 110/16/16
f 116/19/19 7/22/22 117/21/21 115/20/20
f 117/21/21 11/34/34 118/31/31 115/20/20
f 118/31/31 10/30/30 112/17/17 115/20/20
f 120/23/23 8/102/102 121/101/101 119/24/24
f 121/101/101 12/233/245 122/35/35 119/24/24
f 122/35/35 11/34/34 117/21/21 119/24/24
f 113/27/27 10/30/30 124/29/29 123/28/28
f 124/29/29 14/290/369 125/39/39 123/28/28
f 125/39/39 13/38/38 126/25/25 123/28/28
f 118/31/31 11/34/34 128/33/33 127/32/32
f 128/33/33 15/477/46 129/476/370 127/32/32
f 129/476/370 14/290/369 124/29/29 127/32/32
f 122/35/35 12/233/245 131/246/258 130/36/36
f 131/246/258 16/245/257 132/47/47 130/36/36
f 132/47/47 15/477/46 128/33/33 130/36/36
f 125/39/39 14/290/369 134/408/312 133/474/40
f 134/409/312 18/54/54 135/51/51 133/40/40
f 135/51/51 17/50/50 136/37/37 133/40/40
f 138/43/43 86/345/371 139/346/372 137/473/44
f 139/404/372 87/347/373 140/348/374 137/44/44
f 140/348/374 88/349/375 141/41/41 137/44/44
f 132/47/47 16/245/257 143/242/254 142/472/48
f 143/428/254 20/241/253 144/59/59 142/48/48
f 144/59/59 19/58/58 145/412/45 142/48/48
f 135/51/51 18/54/54 147/53/53 146/52/52
f 147/53/53 22/66/66 148/63/63 146/52/52
f 148/63/63 21/62/62 149/49/49 146/52/52
f 151/470/55 19/58/58 152/57/57 150/56/56
f 152/57/57 23/70/70 153/67/67 150/56/56
f 153/67/67 22/66/66 147/53/53 150/56/56
f 144/59/59 20/241/253 155/238/250 154/60/60
f 155/238/250 24/237/249 156/71/71 154/60/60
f 156/71/71 23/70/70 152/57/57 154/60/60
f 148/63/63 22/66/66 158/65/65 157/64/64
f 158/65/65 26/322/336 159/319/333 157/64/64
f 159/319/333 25/112/113 160/61/61 157/64/64
f 153/67/67 23/70/70 162/69/69 161/68/68
f 162/69/69 27/326/340 163/323/337 161/68/68
f 163/323/337 26/322/336 158/65/65 161/68/68
f 156/71/71 24/237/249 165/350/376 164/72/72
f 165/350/376 28/351/377 166/327/341 164/72/72
f 166/327/341 27/326/340 162/69/69 164/72/72
f 168/75/75 91/78/78 169/77/77 167/76/76
s 1
f 169/77/378 30/90/90 170/120/379 167/76/380
f 170/120/379 29/109/381 171/73/382 167/76/380
s 3
f 173/79/79 92/82/82 174/81/81 172/80/80
s 1
f 174/81/383 31/129/384 175/91/91 172/80/385
f 175/91/91 30/90/90 169/77/378 172/80/386
s 3
f 177/83/83 93/352/387 178/353/388 176/84/84
s 1
f 178/353/389 32/133/390 179/130/391 176/84/392
f 179/130/391 31/129/384 174/81/383 176/84/392
s 10
f 181/87/87 50/354/393 182/355/394 180/88/88
f 182/355/394 51/215/395 183/212/222 180/88/88
f 183/212/222 52/211/221 184/85/85 180/88/88
s 1
f 175/91/91 31/129/384 186/138/146 185/469/92
f 186/458/146 3/10/10 103/7/7 185/92/92
f 103/7/7 2/6/6 187/89/89 185/92/92
s 12
f 189/95/95 54/356/396 190/357/397 188/96/96
f 190/357/397 55/229/398 191/226/238 188/96/96
f 191/226/238 56/225/237 192/93/93 188/96/96
s off
f 194/460/399 32/133/400 178/353/401 193/468/402
s 3
f 178/353/388 93/352/387 195/331/345 193/468/403
f 195/397/345 94/330/344 108/97/367 193/100/403
f 197/395/103 28/351/377 165/350/376 196/467/104
f 165/350/376 24/237/249 198/234/404 196/467/104
f 198/430/404 12/233/245 121/101/101 196/104/104
s 41
f 379/107/405 381/358/406 382/503/407 380/108/408
f 382/359/407 383/360/409 384/361/410 380/108/408
s 13
f 384/361/411 385/362/412 378/105/105 380/108/108
s off
f 204/462/413 1/2/414 101/1/415 203/466/416
s 3
f 101/1/361 89/342/356 205/317/331 203/466/417
f 205/400/331 90/74/74 171/73/73 203/111/417
f 207/398/114 5/14/14 114/13/13 206/465/115
f 114/13/13 9/26/26 208/249/418 206/465/115
f 208/426/418 21/62/62 160/61/61 206/114/115
s 42
f 388/117/419 390/363/420 391/364/421 389/118/422
f 391/364/421 392/365/423 393/366/424 389/118/422
s 14
f 393/366/425 394/367/426 386/115/116 389/118/119
s 15
f 170/120/122 30/90/427 214/122/428 213/121/123
f 214/122/428 34/145/429 215/142/430 213/121/123
f 215/142/430 33/141/431 216/119/120 213/121/123
s 1
f 187/89/89 2/6/6 218/124/126 217/463/432
f 218/124/126 35/149/433 219/146/434 217/463/432
f 219/454/435 34/145/436 214/122/124 217/123/125
f 98/3/127 1/2/437 221/126/438 220/125/128
f 221/126/438 36/153/439 222/150/440 220/125/128
f 222/150/440 35/149/441 218/124/126 220/125/128
s 43
f 204/110/442 29/109/443 216/119/444 223/461/445
f 216/119/444 33/141/446 224/154/447 223/461/445
s 17
f 224/447/448 36/153/449 221/126/129 223/127/132
s 18
f 179/130/135 32/133/450 226/132/451 225/131/136
f 226/132/451 38/161/452 227/158/453 225/131/136
f 227/158/453 37/157/454 228/128/133 225/131/136
s 44
f 194/99/455 4/98/456 230/135/457 229/459/458
f 230/135/457 39/165/459 231/162/460 229/459/458
s 19
f 231/441/461 38/161/462 226/132/137 229/134/140
s 1
f 107/11/143 3/10/10 233/137/145 232/136/144
f 233/137/145 40/169/463 234/166/464 232/136/144
f 234/166/464 39/165/465 230/135/141 232/136/144
f 186/138/146 31/129/384 228/128/466 235/457/467
f 228/128/466 37/157/468 236/170/469 235/457/467
f 236/434/470 40/169/471 233/137/145 235/139/147
s 21
f 215/142/150 34/145/153 238/144/152 237/143/151
f 238/144/152 42/456/472 239/455/473 237/143/151
f 239/455/473 41/173/474 240/140/148 237/143/151
f 219/146/154 35/149/157 242/148/156 241/453/155
f 242/148/156 43/205/475 243/451/476 241/453/155
f 243/452/476 42/456/472 238/144/152 241/147/155
f 222/150/158 36/153/161 245/152/160 244/151/159
f 245/152/160 44/185/477 246/449/478 244/151/159
f 246/449/478 43/205/475 242/148/156 244/151/159
f 224/154/162 33/141/149 240/140/148 247/446/163
f 240/140/148 41/173/474 248/444/479 247/446/163
f 248/445/479 44/185/477 245/152/160 247/155/163
s 22
f 227/158/166 38/161/169 250/160/168 249/159/167
f 250/160/168 46/443/480 251/442/481 249/159/167
f 251/442/481 45/189/482 252/156/164 249/159/167
f 231/162/170 39/165/173 254/164/172 253/440/171
f 254/164/172 47/219/483 255/438/484 253/440/171
f 255/439/484 46/443/480 250/160/168 253/163/171
f 234/166/174 40/169/177 257/168/176 256/167/175
f 257/168/176 48/201/485 258/436/486 256/167/175
f 258/436/486 47/219/483 254/164/172 256/167/175
f 236/170/178 37/157/165 252/156/164 259/433/179
f 252/156/164 45/189/482 260/431/487 259/433/179
f 260/432/487 48/201/485 257/168/176 259/171/179
s 23
f 239/174/182 42/177/488 262/176/489 261/528/183
s 45
f 262/526/490 50/354/491 181/87/492 261/175/493
f 181/87/492 49/86/494 263/172/495 261/175/493
s off
f 243/178/496 43/450/497 265/216/498 264/527/499
s 28
f 265/513/226 51/215/225 182/355/500 264/179/501
s off
f 182/355/502 50/354/503 262/526/504 264/179/505
s 24
f 267/182/190 57/368/506 268/369/507 266/525/191
s 46
f 268/514/508 59/370/509 269/371/510 266/183/511
f 269/371/510 60/372/512 270/180/513 266/183/511
s off
f 248/186/514 41/479/515 263/524/516 271/523/517
f 263/172/518 49/86/519 184/85/520 271/187/521
s 47
f 184/85/522 52/211/523 272/184/524 271/187/525
s 25
f 251/190/198 46/193/526 274/192/527 273/522/199
s 48
f 274/520/528 54/356/529 189/95/530 273/191/531
f 189/95/530 53/94/532 275/188/533 273/191/531
s off
f 255/194/534 47/437/535 277/230/536 276/521/537
s 30
f 277/507/242 55/229/241 190/357/538 276/195/539
s off
f 190/357/540 54/356/541 274/520/542 276/195/543
s 26
f 279/198/206 61/373/544 280/374/545 278/519/207
s 49
f 280/508/546 63/375/547 281/376/548 278/199/549
f 281/376/548 64/377/550 282/196/551 278/199/549
s off
f 260/202/552 45/478/553 275/518/554 283/517/555
f 275/188/556 53/94/557 192/93/558 283/203/559
s 50
f 192/93/560 56/225/561 284/200/562 283/203/563
s 27
f 246/206/214 44/448/564 286/208/565 285/207/215
s 51
f 286/208/566 57/368/567 267/182/568 285/207/569
f 267/182/568 58/181/570 287/204/571 285/207/569
s 47
f 272/184/524 52/211/523 289/210/572 288/515/573
s off
f 289/210/574 59/370/575 268/514/576 288/515/577
f 268/369/578 57/368/579 286/208/580 288/209/581
s 10
f 183/212/222 51/215/395 291/214/582 290/213/223
s 52
f 291/214/583 60/372/584 269/371/585 290/213/586
f 269/371/585 59/370/587 289/210/588 290/213/586
s off
f 265/216/589 43/450/590 287/204/591 292/512/592
f 287/204/593 58/181/594 270/511/595 292/512/596
f 270/180/597 60/372/598 291/214/599 292/217/600
s 29
f 258/220/230 48/435/601 294/222/602 293/221/231
s 53
f 294/222/603 61/373/604 279/198/605 293/221/606
f 279/198/605 62/197/607 295/218/608 293/221/606
s 50
f 284/200/562 56/225/561 297/224/609 296/509/610
s off
f 297/224/611 63/375/612 280/508/613 296/509/614
f 280/374/615 61/373/616 294/222/617 296/223/618
s 12
f 191/226/238 55/229/398 299/228/619 298/227/239
s 54
f 299/228/620 64/377/621 281/376/622 298/227/623
f 281/376/622 63/375/624 297/224/625 298/227/623
s off
f 277/230/626 47/437/627 295/218/628 300/506/629
f 295/218/630 62/197/631 282/505/632 300/506/633
f 282/196/634 64/377/635 299/228/636 300/231/637
s 3
f 198/234/246 24/237/249 302/236/248 301/429/247
f 302/236/248 65/262/274 303/259/271 301/429/247
f 303/422/271 66/258/270 304/232/244 301/235/247
f 155/238/250 20/241/253 306/240/252 305/239/251
f 306/240/252 67/266/278 307/263/275 305/239/251
f 307/263/275 65/262/274 302/236/248 305/239/251
f 143/242/254 16/245/257 309/244/256 308/427/255
f 309/244/256 68/270/282 310/267/279 308/427/255
f 310/420/279 67/266/278 306/240/252 308/243/255
f 131/246/258 12/233/245 304/232/244 311/247/259
f 304/232/244 66/258/270 312/271/283 311/247/259
f 312/271/283 68/270/282 309/244/256 311/247/259
f 208/249/261 9/26/26 314/251/263 313/425/262
f 314/251/263 70/278/290 315/275/287 313/425/262
f 315/418/287 69/274/286 316/248/260 313/250/262
f 126/25/25 13/38/38 318/253/265 317/252/264
f 318/253/265 71/282/294 319/279/291 317/252/264
f 319/279/291 70/278/290 314/251/263 317/252/264
f 136/37/37 17/50/50 321/255/267 320/423/266
f 321/255/267 72/286/298 322/283/295 320/423/266
f 322/416/295 71/282/294 318/253/265 320/254/266
f 149/49/49 21/62/62 316/248/260 323/256/268
f 316/248/260 69/274/286 324/287/299 323/256/268
f 324/287/299 72/286/298 321/255/267 323/256/268
f 303/259/271 65/262/274 326/261/273 325/421/272
f 326/261/273 73/497/638 199/498/639 325/421/272
f 199/499/639 74/500/640 327/257/269 325/260/272
f 307/263/275 67/266/278 329/265/277 328/264/276
f 329/265/277 75/495/641 200/496/642 328/264/276
f 200/496/642 73/497/638 326/261/273 328/264/276
f 310/267/279 68/270/282 331/269/281 330/419/280
f 331/269/281 76/492/643 201/493/644 330/419/280
f 201/494/644 75/495/641 329/265/277 330/268/280
f 312/271/283 66/258/270 327/257/269 332/272/284
f 327/257/269 74/500/640 202/491/645 332/272/284
f 202/491/645 76/492/643 331/269/281 332/272/284
f 315/275/287 70/278/290 334/277/289 333/417/288
f 334/277/289 78/490/646 209/488/647 333/417/288
f 209/489/647 77/482/648 335/273/285 333/276/288
f 319/279/291 71/282/294 337/281/293 336/280/292
f 337/281/293 79/487/649 210/486/650 336/280/292
f 210/486/650 78/490/646 334/277/289 336/280/292
f 322/283/295 72/286/298 339/285/297 338/415/296
f 339/285/297 80/485/651 211/483/652 338/415/296
f 211/484/652 79/487/649 337/281/293 338/284/296
f 324/287/299 69/274/286 335/273/285 340/288/300
f 335/273/285 77/482/648 212/481/653 340/288/300
f 212/481/653 80/485/651 339/285/297 340/288/300
s off
f 129/291/654 15/46/655 342/293/656 341/292/657
s 3
f 342/293/658 82/305/319 343/302/316 341/292/659
f 343/302/316 81/301/315 344/289/660 341/292/659
f 145/45/45 19/471/58 346/295/308 345/411/307
f 346/295/308 83/309/323 347/306/320 345/411/661
f 347/406/320 82/305/319 342/293/658 345/294/661
f 151/55/309 18/475/54 349/297/311 348/296/310
f 349/297/311 84/313/327 350/310/324 348/296/310
f 350/310/324 83/309/323 346/295/308 348/296/310
f 134/298/312 14/480/662 344/289/663 351/407/313
f 344/289/660 81/301/315 352/314/328 351/407/664
f 352/403/328 84/313/327 349/297/311 351/299/664
f 343/302/316 82/305/319 354/304/318 353/303/317
f 354/304/318 86/345/371 138/43/43 353/303/317
f 138/43/43 85/42/42 355/300/314 353/303/317
f 347/306/320 83/309/323 357/308/322 356/405/321
f 357/308/322 87/347/373 139/404/372 356/405/321
f 139/346/372 86/345/371 354/304/318 356/307/321
f 350/310/324 84/313/327 359/312/326 358/311/325
f 359/312/326 88/349/375 140/348/374 358/311/325
f 140/348/374 87/347/373 357/308/322 358/311/325
f 352/314/328 81/301/315 355/300/314 360/402/329
f 355/300/314 85/42/42 141/401/41 360/402/329
f 141/41/41 88/349/375 359/312/326 360/315/329
f 205/317/331 89/342/356 362/341/355 361/399/332
f 362/341/355 5/14/14 207/398/114 361/399/332
f 207/113/114 25/112/113 363/316/330 361/318/332
f 159/319/333 26/322/336 365/321/335 364/320/334
f 365/321/335 91/78/78 168/75/75 364/320/334
f 168/75/75 90/74/74 363/316/330 364/320/334
f 163/323/337 27/326/340 367/325/339 366/324/338
f 367/325/339 92/82/82 173/79/79 366/324/338
f 173/79/79 91/78/78 365/321/335 366/324/338
f 166/327/341 28/351/377 369/394/665 368/328/342
f 369/394/665 93/352/387 177/83/83 368/328/342
f 177/83/83 92/82/82 367/325/339 368/328/342
f 195/331/345 93/352/387 369/394/665 370/396/346
f 369/394/665 28/351/377 197/395/103 370/396/346
f 197/103/103 8/102/102 371/329/343 370/332/346
f 109/335/349 94/330/344 371/329/343 372/336/350
f 371/329/343 8/102/102 120/23/23 372/336/350
f 120/23/23 7/22/22 373/333/347 372/336/350
f 105/339/353 95/334/348 373/333/347 374/340/354
f 373/333/347 7/22/22 116/19/19 374/340/354
f 116/19/19 6/18/18 375/337/351 374/340/354
f 100/343/357 96/338/352 375/337/351 376/344/358
f 375/337/351 6/18/18 111/15/15 376/344/358
f 111/15/15 5/14/14 362/341/355 376/344/358
s 55
f 202/385/666 74/380/667 377/106/668 378/105/669
s off
f 74/380/670 199/379/671 379/107/672 377/106/673
f 199/379/674 73/378/675 381/358/676 379/107/677
s 56
f 73/378/678 200/504/679 382/503/680 381/358/681
f 200/382/679 75/381/682 383/360/683 382/359/680
s off
f 75/381/684 201/384/685 384/361/686 383/360/687
f 201/384/688 76/383/689 385/362/690 384/361/691
s 55
f 76/383/692 202/385/666 378/105/669 385/362/693
s 57
f 212/393/694 77/388/695 387/116/696 386/501/697
s off
f 77/388/698 209/387/699 388/117/700 387/116/701
f 209/387/702 78/386/703 390/363/704 388/117/705
s 58
f 78/386/706 210/390/707 391/364/708 390/363/709
f 210/390/707 79/389/710 392/365/711 391/364/708
s off
f 79/389/712 211/392/713 393/366/714 392/365/715
f 211/392/716 80/391/717 394/367/718 393/366/719
s 57
f 80/391/720 212/502/694 386/115/697 394/367/721
