# This file uses centimeters as units for non-parametric coordinates.

mtllib fall_frame.32.mtl
g default
v -20.853340 36.961716 -50.252747
v -7.954904 34.063766 -46.744526
v 3.595730 29.201468 -48.221268
v 12.790170 19.200115 -53.072887
v -33.823139 30.044596 -64.731499
v -21.237806 34.960972 -71.641693
v -5.305419 28.509802 -77.582809
v 2.438519 15.352067 -78.162064
v -47.713627 21.168310 -89.910896
v -31.854849 28.708803 -88.543747
v -18.485918 25.892776 -95.251060
v -14.300216 16.520596 -100.726448
v -54.627831 22.709728 -97.377853
v -40.026260 22.915960 -106.490997
v -29.980459 20.986433 -111.612572
v -13.592488 17.570080 -110.953499
v -55.266869 11.363302 -97.156151
v -44.142323 11.719960 -105.992775
v -30.687115 8.930103 -112.646873
v -14.723765 6.529191 -109.777000
v -48.069561 12.960838 -90.317581
v -37.101845 5.584986 -89.290833
v -23.732582 2.764252 -96.003769
v -15.793771 8.692415 -100.171883
v -37.043655 18.400431 -60.449287
v -26.574457 9.887349 -63.529499
v -13.280632 4.684672 -68.470184
v -0.848728 3.405650 -73.822151
v -25.302187 32.183510 -39.776875
v -11.961873 31.493484 -35.994366
v -0.077285 21.884338 -38.343697
v 6.285205 10.536127 -46.083492
v -21.247110 66.272499 -36.966255
v -14.307502 64.948311 -34.040573
v -9.930376 68.514381 -43.297794
v -16.935221 69.913536 -45.963131
v 24.459024 21.443830 -19.679483
v 27.831167 14.927478 -22.188038
v 35.732697 21.800852 -29.349937
v 32.318069 28.273127 -26.816511
v -35.139393 56.759663 -17.062395
v -28.552143 54.835438 -14.337057
v -28.981386 62.864166 -7.708201
v -35.533085 64.739639 -10.516333
v 39.118824 18.631392 8.838869
v 39.759869 11.287187 7.261254
v 50.018410 12.877675 3.918162
v 49.404034 20.224421 5.495183
v -37.778431 53.133507 -15.011475
v -29.907497 50.873421 -11.697405
v -29.895500 60.674927 -1.244453
v -40.399677 63.634193 -5.718641
v 39.798317 18.323978 14.142177
v 40.531715 9.529690 12.238276
v 54.595959 10.170275 7.960011
v 53.651608 21.662937 10.447144
v -39.131901 76.787331 3.153037
v -30.838413 74.502083 6.659835
v -40.682568 74.369987 5.245038
v -32.389080 72.084740 8.751836
v 67.235725 23.268204 2.169609
v 67.973610 14.217048 0.211565
v 68.201271 22.620584 5.527123
v 68.939148 13.569427 3.569079
v 8.409168 6.719125 -95.514503
v 7.759117 17.338823 -97.938644
v 10.413317 4.241389 -105.471443
v 10.493177 15.269091 -108.113029
v -51.758839 15.485384 -68.632179
v -52.834740 18.011992 -77.148964
v -61.796288 23.344942 -76.426628
v -61.212765 17.051876 -70.180183
v 34.073185 12.675923 -87.542747
v 32.714470 22.230427 -89.079643
v 35.280251 12.276622 -91.092941
v 33.921375 21.831379 -92.629616
v -33.009304 36.557652 -72.468330
v -34.005829 35.994801 -82.173561
v -36.771870 38.554279 -82.037979
v -35.775345 39.117126 -72.332748
v -49.112503 22.471457 -116.339111
v -35.190975 22.209097 -123.589348
v -30.561029 6.576075 -120.502724
v -49.675323 6.881963 -110.377899
v -57.912479 15.631104 -134.427673
v -44.648975 15.739566 -141.132294
v -43.772289 -2.033319 -138.915924
v -56.416145 -2.136715 -132.524536
v -23.487896 34.813736 -50.483768
v -27.433054 25.686855 -43.559002
v -16.910690 18.685377 -44.059639
v -6.568831 13.324777 -48.730274
v 4.674027 9.219008 -53.557987
v 9.214300 19.833456 -59.590538
v 0.510135 28.999109 -57.905006
v -12.147801 34.605656 -54.046494
v -15.929414 34.901375 -50.779312
v -14.895576 36.508572 -49.909111
v -9.854122 33.949696 -50.608704
v -18.180387 35.407787 -52.508717
v -21.782473 34.850376 -49.987991
v -4.052103 32.282818 -51.886234
v -1.481504 33.231968 -47.732738
v 2.232053 29.495110 -53.631550
v -5.997101 32.120346 -55.931244
v 7.571590 24.959669 -55.527790
v 10.050550 24.576105 -52.040466
v 10.659162 19.628912 -56.241413
v 5.979237 24.786570 -59.354664
v -34.729626 28.614580 -75.982681
v -28.750065 33.386951 -67.814590
v -27.549168 30.718248 -78.756149
v -40.870403 26.352322 -86.194519
v -40.703228 25.219822 -73.963173
v -18.691257 28.652216 -81.651749
v -13.058628 32.512619 -74.872818
v -11.025846 25.841646 -86.409622
v -25.441782 26.085194 -91.985695
v -6.914578 20.235043 -88.372932
v -0.083638 21.742844 -78.473763
v -4.786366 14.900012 -88.954933
v -13.950289 21.006193 -98.316597
v -43.992626 26.356625 -96.100418
v -36.987545 26.941998 -100.201569
v -47.960194 24.630198 -103.261009
v -52.095379 23.638813 -93.462250
v -30.801498 25.735247 -102.487076
v -25.268900 24.484385 -106.060959
v -36.720421 23.245155 -111.744194
v -19.146509 21.876055 -106.887070
v -12.882994 18.987268 -105.602013
v -21.386961 20.123247 -114.223335
v -49.862125 18.489429 -105.200264
v -43.116680 17.261093 -108.304749
v -51.204605 11.531936 -103.554901
v -55.523781 17.007566 -97.800064
v -53.363678 11.870426 -141.962341
v -51.338982 16.079277 -137.888855
v -44.204140 8.660757 -142.806076
v -50.103188 -4.146574 -135.771332
v -60.272270 8.546400 -134.689713
v -22.654470 13.956694 -116.251328
v -14.156756 11.952293 -111.163475
v -22.047379 6.951998 -114.745369
v -31.440653 15.222669 -114.328293
v -47.584255 8.948284 -97.089523
v -42.154842 7.743960 -100.462387
v -44.254044 8.040015 -86.994789
v -51.851635 10.141858 -93.501289
v -35.517025 6.350908 -103.787621
v -38.096672 8.924252 -110.826035
v -28.791693 4.946498 -107.137283
v -30.420706 4.166016 -92.591614
v -21.660658 4.626062 -107.316582
v -14.636093 5.974348 -103.915253
v -17.710527 3.018823 -98.810501
v -38.766846 8.910334 -73.911964
v -31.759300 5.676713 -76.661110
v -33.073971 13.471392 -61.159145
v -43.400784 13.517464 -72.497803
v -25.091772 3.708866 -79.739830
v -18.431778 1.992422 -82.648735
v -19.935369 7.114126 -66.084465
v -12.194581 1.189788 -85.671875
v -7.452408 3.163218 -87.557053
v -6.476116 2.656955 -71.067314
v -21.721220 24.777737 -39.301296
v -23.286585 21.687555 -42.845249
v -15.150767 21.754740 -39.905476
v -20.784019 29.277958 -36.801003
v -26.020803 28.210918 -41.055210
v -9.699316 19.143658 -41.729042
v -11.561786 15.959632 -46.383728
v -4.884409 15.705087 -44.415459
v -7.818062 22.724310 -37.600525
v 0.222200 11.710468 -46.817387
v -0.781148 10.047933 -50.775787
v 5.158935 10.090609 -49.699951
v 1.695904 13.028848 -43.005947
v -34.294823 56.284588 -9.412273
v -33.708645 50.186714 -14.987037
v -29.048820 54.825317 -7.155643
v -35.154404 62.139908 -3.476387
v -39.545563 57.848831 -11.613929
v -0.341965 33.644615 -44.718517
v 10.638709 25.621069 -35.465038
v -10.291945 44.460228 -38.447136
v 45.993698 14.773442 11.414524
v 37.956688 13.570272 13.875653
v 46.496166 9.031878 10.163387
v 54.121983 15.914511 9.210667
v 45.537308 20.523441 12.649800
v 8.766910 13.754385 -53.229591
v 10.182859 13.712636 -49.822308
v 8.060837 13.455437 -56.860256
v -4.436970 8.397491 -88.015503
v 2.475614 8.346149 -76.513512
v -13.562987 13.245159 -98.362534
v 33.127617 17.667477 -87.604996
v 34.696533 11.581177 -88.836143
v 34.603710 17.179180 -91.946449
v 33.034897 23.265301 -90.715454
v -25.469866 31.868139 -45.411659
v -24.612043 34.905537 -45.135292
v -27.045490 30.561518 -46.643959
v -44.206917 19.503344 -71.836868
v -37.417725 24.701189 -61.793278
v -48.250881 16.899639 -89.847237
v -32.954655 35.744034 -77.483170
v -35.255234 36.964851 -83.334427
v -36.337185 38.873962 -77.317375
v -34.036606 37.653145 -71.466118
v -20.004416 47.510334 -34.435089
v -15.093287 48.140789 -34.697056
v -18.023321 65.161774 -34.661102
v -23.763163 49.976231 -38.063179
v -11.023875 49.025814 -39.754642
v -10.382810 50.925808 -46.147209
v -10.644652 66.732079 -38.314659
v -13.706656 51.178471 -49.813515
v -19.027451 52.568489 -49.657413
v -12.366857 69.764946 -46.622501
v -22.617771 51.385143 -44.363953
v -19.954460 68.613754 -42.011261
v 12.388748 15.106080 -31.980379
v 16.625748 12.350309 -34.105881
v 25.387503 17.720018 -20.257366
v 12.079460 19.955507 -30.947121
v 20.877705 15.174872 -38.296249
v 24.152548 19.918947 -41.497761
v 32.432354 17.661282 -26.294464
v 22.229078 25.002464 -41.651299
v 19.629728 27.509466 -38.347534
v 35.381462 26.460783 -29.354544
v 14.955857 25.092293 -34.178432
v 28.081161 26.182653 -23.027842
v -24.920080 57.016800 -29.077517
v -20.834320 57.912575 -27.099855
v -31.871145 54.143230 -16.888136
v -27.941763 60.430397 -30.409988
v -18.442810 63.596294 -24.383303
v -18.477028 70.000519 -23.158266
v -27.525089 58.434910 -10.943175
v -21.756626 73.056656 -23.874979
v -25.517080 72.422096 -26.654034
v -32.658749 65.868729 -6.883980
v -27.900591 66.882942 -28.936447
v -36.234161 61.047920 -14.722623
v 30.425264 17.298355 -5.132601
v 32.401340 13.562390 -7.256599
v 37.621029 14.640444 8.708110
v 31.642046 21.758242 -5.494940
v 38.313271 13.544743 -10.333379
v 43.898685 15.965631 -13.101816
v 44.668861 10.934240 5.275578
v 45.467724 20.425339 -12.742133
v 43.158642 24.168333 -11.318129
v 52.558723 16.917774 3.988344
v 37.352596 24.274307 -8.030789
v 43.847546 20.528391 7.350749
v -32.614330 51.878178 -16.513479
v -28.779394 52.604317 -13.264257
v -36.645451 54.879902 -16.579781
v -27.824249 56.651478 -8.845598
v -28.661274 62.544281 -2.931705
v -35.342720 76.922478 6.584734
v -34.560566 76.306602 4.333621
v -40.608414 78.373428 4.358199
v -36.960415 72.565468 7.571253
v -30.077023 75.471527 8.811268
v -38.304977 59.692867 -13.323390
v -39.162384 65.499710 -7.412873
v 37.166153 14.044521 11.350003
v 39.733299 10.012618 9.678272
v 38.993042 18.806164 11.582654
v 45.684250 9.534429 7.527100
v 53.802296 10.676774 5.315222
v 69.714272 18.973295 0.919292
v 67.340286 18.919952 0.271257
v 69.245773 24.720055 2.162493
v 68.834587 17.917679 5.467431
v 70.182770 13.226537 -0.323909
v 44.721451 21.025946 10.012392
v 52.857983 22.171200 7.795904
v -33.680916 71.018990 -1.183493
v -38.347172 72.289513 -3.133204
v -29.030937 69.733665 0.787546
v -40.130440 70.634666 -1.812105
v -41.356323 68.725975 -0.156733
v -36.081528 67.288437 2.060167
v -30.819014 65.832405 4.289893
v -29.589180 67.743553 2.628833
v 59.967434 17.905453 2.184780
v 59.552284 22.984037 3.280780
v 60.384289 12.825636 1.093832
v 60.229088 23.164366 5.959961
v 60.995865 22.653131 8.613316
v 61.464798 16.905949 7.371814
v 61.933723 11.156876 6.137222
v 61.167973 11.669071 3.480678
v -1.691803 13.491261 -97.945930
v -2.138262 8.761434 -97.677650
v 7.757214 12.302529 -95.259689
v -1.019439 17.317793 -100.699554
v -1.894496 6.430874 -101.175636
v -1.345903 5.802254 -106.045677
v 9.403625 4.486063 -99.779671
v -0.742784 9.943867 -108.183777
v -0.241191 14.481111 -109.035248
v 10.737260 9.521148 -107.618011
v -0.536610 16.957382 -104.865425
v 8.983418 17.639093 -102.878098
v -50.090981 18.332556 -80.494812
v -51.966045 22.620131 -81.384964
v -50.986797 16.454641 -72.489021
v -50.834152 13.743107 -80.411972
v -56.076401 23.219414 -82.696373
v -60.436905 21.803623 -84.153770
v -56.964828 21.110409 -77.668335
v -60.585663 17.197084 -83.972847
v -59.396645 12.704135 -83.078133
v -62.279613 20.747358 -72.872253
v -54.672405 12.252102 -81.474327
v -55.908894 15.799311 -68.647697
v 15.525000 14.097714 -91.399139
v 16.778032 8.846978 -92.233978
v 15.387586 18.804470 -93.828995
v 18.215494 7.265309 -96.067345
v 19.773350 7.617987 -101.461563
v 19.290686 12.694896 -102.691803
v 18.489038 17.707212 -103.050552
v 16.577669 19.502745 -98.023117
v -44.085194 21.174952 -74.816818
v -45.824108 22.115740 -79.775360
v -45.074215 22.336922 -69.478638
v -49.131516 24.906637 -80.693153
v -53.237766 28.573774 -79.139038
v -53.445671 28.625750 -73.881271
v -52.950359 27.787529 -68.851868
v -48.452473 24.663336 -68.102562
v -38.211323 27.727438 -114.229561
v -32.951496 19.128855 -116.873817
v -42.364441 25.226933 -120.532539
v -43.925812 20.382692 -111.061028
v -30.856850 15.255977 -117.446793
v -33.292713 10.262798 -115.595261
v -30.457106 14.329666 -123.335648
v -38.971577 7.359293 -112.603783
v -44.245975 11.535818 -109.810478
v -40.084236 5.925123 -115.283348
v -46.240566 16.981413 -109.347710
v -51.873661 14.758191 -112.118706
v -48.319683 21.278173 -131.834259
v -39.035576 18.160301 -137.371780
v -58.244141 18.003223 -127.661980
v -36.554924 8.906948 -136.070465
v -36.468971 0.800075 -132.353653
v -45.603836 -1.310234 -126.824532
v -55.499146 0.644455 -122.734024
v -58.546528 8.727111 -124.953865
v -32.239899 28.920847 -54.295452
v -28.638556 33.996593 -57.751350
v -32.288132 22.882397 -52.214600
v -28.354727 17.978117 -52.549091
v -21.936766 14.543363 -54.279007
v -16.139408 11.402056 -56.610229
v -9.949075 8.766101 -58.014793
v -3.398842 5.972938 -60.297035
v 2.348053 6.023347 -62.879173
v 5.670155 10.645413 -66.027718
v 6.069832 17.358511 -68.505516
v 2.912157 22.799770 -69.573143
v -1.475475 27.354580 -68.348091
v -9.914275 31.167273 -66.902191
v -17.554806 35.118874 -63.361397
v -23.695887 35.592251 -61.298038
v 45.661980 25.246639 -84.778076
v 46.029655 26.362099 -86.611267
v 46.227928 20.259388 -83.525589
v 46.947392 20.021393 -85.641640
v 47.135532 14.885554 -83.111725
v 47.831631 13.691758 -84.573524
v 48.494019 14.436163 -87.107277
v 47.761276 19.752153 -88.035431
v 47.020470 24.797247 -88.773628
v -24.585901 47.879036 -72.593384
v -23.425737 46.648373 -73.682434
v -23.636335 46.015800 -79.107254
v -25.246647 47.505856 -79.028320
v -24.506357 46.038025 -84.206688
v -25.907385 47.132660 -85.463264
v -27.619402 48.918583 -84.054100
v -27.150068 49.267124 -78.935028
v -26.538765 49.528923 -73.529846
vt 0.208431 0.494797
vt 0.208575 0.478116
vt 0.229443 0.475893
vt 0.229271 0.493426
vt 0.252729 0.492198
vt 0.256170 0.471571
vt 0.275357 0.475888
vt 0.275429 0.493819
vt 0.298111 0.492176
vt 0.294163 0.471736
vt 0.321331 0.475953
vt 0.321541 0.493432
vt 0.198757 0.641525
vt 0.200055 0.589825
vt 0.221664 0.590600
vt 0.219751 0.640956
vt 0.244967 0.639373
vt 0.247968 0.591507
vt 0.275466 0.591669
vt 0.275481 0.635804
vt 0.305994 0.639365
vt 0.302966 0.591494
vt 0.329276 0.590573
vt 0.331197 0.640955
vt 0.199789 0.728809
vt 0.197393 0.704590
vt 0.219517 0.692482
vt 0.227784 0.730211
vt 0.252859 0.733034
vt 0.249003 0.687406
vt 0.275511 0.688085
vt 0.275516 0.730408
vt 0.298175 0.733010
vt 0.302021 0.687396
vt 0.331536 0.692451
vt 0.323246 0.730162
vt 0.805511 0.686057
vt 0.204711 0.752714
vt 0.229559 0.760254
vt 0.782889 0.696424
vt 0.784986 0.875584
vt 0.254181 0.941082
vt 0.275435 0.940431
vt 0.742298 0.896742
vt 0.699334 0.736241
vt 0.297037 0.807427
vt 0.321459 0.760204
vt 0.696358 0.696343
vt 0.808954 0.641287
vt 0.805193 0.664541
vt 0.784300 0.671779
vt 0.785729 0.644267
vt 0.763331 0.647822
vt 0.762442 0.673765
vt 0.742276 0.741120
vt 0.739609 0.647377
vt 0.715889 0.647774
vt 0.716786 0.673709
vt 0.694936 0.671695
vt 0.693494 0.644181
vt 0.806875 0.557726
vt 0.810121 0.617205
vt 0.790367 0.607046
vt 0.787575 0.557696
vt 0.763367 0.556090
vt 0.764746 0.603486
vt 0.739627 0.603152
vt 0.739688 0.556093
vt 0.716014 0.556064
vt 0.714496 0.603455
vt 0.688836 0.606971
vt 0.691820 0.557642
vt 0.803405 0.420481
vt 0.802841 0.435733
vt 0.782960 0.432290
vt 0.783371 0.416064
vt 0.759505 0.410786
vt 0.759570 0.428509
vt 0.739756 0.426992
vt 0.739743 0.409699
vt 0.720007 0.410786
vt 0.719946 0.428500
vt 0.696571 0.432245
vt 0.696182 0.416016
vt 0.819305 0.093413
vt 0.797386 0.086157
vt 0.790779 0.072322
vt 0.822344 0.073237
vt 0.265809 0.416173
vt 0.762697 0.377789
vt 0.739788 0.389948
vt 0.275377 0.462947
vt 0.364323 0.097210
vt 0.342669 0.089884
vt 0.336664 0.075169
vt 0.367299 0.076188
vt 0.342559 0.494848
vt 0.342402 0.478170
vt 0.366070 0.480227
vt 0.366198 0.495669
vt 0.352247 0.641476
vt 0.350872 0.589816
vt 0.374237 0.588973
vt 0.374011 0.638442
vt 0.936729 0.462892
vt 0.940585 0.464321
vt 0.946953 0.476690
vt 0.936605 0.482861
vt 0.804780 0.405462
vt 0.824266 0.410023
vt 0.823186 0.423812
vt 0.805355 0.509178
vt 0.825584 0.509339
vt 0.825621 0.554997
vt 0.118742 0.522844
vt 0.058006 0.517789
vt 0.074507 0.510871
vt 0.084702 0.516921
vt 0.822269 0.350445
vt 0.784755 0.399833
vt 0.805305 0.347137
vt 0.793942 0.336256
vt 0.777469 0.322538
vt 0.236211 0.409364
vt 0.220899 0.415267
vt 0.203041 0.415110
vt 0.182178 0.419746
vt 0.685950 0.336155
vt 0.717407 0.377787
vt 0.694840 0.399772
vt 0.674409 0.347030
vt 0.657366 0.350391
vt 0.674734 0.405426
vt 0.637625 0.358046
vt 0.347747 0.415166
vt 0.329799 0.415381
vt 0.314324 0.409429
vt 0.706215 0.336018
vt 0.292514 0.404556
vt 0.870618 0.237836
vt 0.844433 0.293934
vt 0.832214 0.287148
vt 0.858351 0.228645
vt 0.844944 0.223065
vt 0.821107 0.280742
vt 0.243727 0.342391
vt 0.826584 0.212775
vt 0.214622 0.282882
vt 0.224361 0.346790
vt 0.210147 0.349538
vt 0.199596 0.284960
vt 0.184434 0.288656
vt 0.194986 0.352422
vt 0.864110 0.304875
vt 0.163133 0.290367
vt 0.634803 0.222910
vt 0.658751 0.280554
vt 0.647480 0.287052
vt 0.621343 0.228556
vt 0.609012 0.237734
vt 0.635143 0.293889
vt 0.375465 0.356065
vt 0.590820 0.249121
vt 0.366326 0.288752
vt 0.355651 0.352469
vt 0.340563 0.349608
vt 0.351134 0.285011
vt 0.336042 0.282967
vt 0.326383 0.346874
vt 0.678330 0.268182
vt 0.315081 0.275917
vt 0.789900 0.091626
vt 0.894734 0.181072
vt 0.223763 0.023658
vt 0.779683 0.072008
vt 0.205625 0.023651
vt 0.212375 0.030485
vt 0.208733 0.046428
vt 0.818124 0.043214
vt 0.919973 0.054113
vt 0.218394 0.124576
vt 0.231547 0.124829
vt 0.925982 0.076298
vt 0.853028 0.105343
vt 0.173602 0.224408
vt 0.245023 0.044913
vt 0.815784 0.102925
vt 0.335499 0.095534
vt 0.609223 0.166963
vt 0.147562 0.023794
vt 0.325939 0.074804
vt 0.129108 0.019171
vt 0.133886 0.026698
vt 0.125138 0.040618
vt 0.363323 0.044920
vt 0.461211 0.056389
vt 0.114656 0.083148
vt 0.128082 0.110700
vt 0.466974 0.079440
vt 0.396801 0.109583
vt 0.345740 0.218419
vt 0.158805 0.046562
vt 0.361009 0.107136
vt 0.212264 0.093809
vt 0.204982 0.218327
vt 0.226791 0.056935
vt 0.229179 0.093286
vt 0.246067 0.092223
vt 0.255137 0.092099
vt 0.884191 0.095549
vt 0.853655 0.095653
vt 0.854753 0.074189
vt 0.884265 0.075061
vt 0.885799 0.054616
vt 0.855335 0.052709
vt 0.203340 0.068369
vt 0.888472 0.044995
vt 0.116537 0.064410
vt 0.377147 0.224500
vt 0.136900 0.057215
vt 0.135301 0.068971
vt 0.159593 0.072808
vt 0.169578 0.075371
vt 0.426769 0.099419
vt 0.397393 0.099512
vt 0.398467 0.077209
vt 0.426850 0.078134
vt 0.428347 0.056895
vt 0.399054 0.054890
vt 0.111199 0.052142
vt 0.430928 0.046902
vt 0.398347 0.732496
vt 0.353774 0.704759
vt 0.655189 0.607952
vt 0.404645 0.715309
vt 0.625247 0.642548
vt 0.669008 0.617360
vt 0.670290 0.641156
vt 0.629866 0.657272
vt 0.633967 0.675274
vt 0.674058 0.664432
vt 0.345812 0.774768
vt 0.637449 0.692485
vt 0.387906 0.765553
vt 0.346295 0.752641
vt 0.351218 0.728717
vt 0.392980 0.747350
vt 0.854032 0.642643
vt 0.181252 0.694641
vt 0.859345 0.625630
vt 0.152631 0.732602
vt 0.157999 0.747449
vt 0.163074 0.765647
vt 0.167481 0.783084
vt 0.845329 0.675366
vt 0.849419 0.657366
vt 0.462802 0.754848
vt 0.433121 0.744888
vt 0.586158 0.633072
vt 0.469035 0.736153
vt 0.562716 0.661102
vt 0.591598 0.653084
vt 0.596668 0.669873
vt 0.567525 0.676181
vt 0.573571 0.695803
vt 0.602326 0.689166
vt 0.414557 0.801264
vt 0.575415 0.714705
vt 0.450039 0.789809
vt 0.420413 0.781867
vt 0.427222 0.762131
vt 0.457315 0.770152
vt 0.916571 0.661069
vt 0.887682 0.653104
vt 0.112049 0.724515
vt 0.922852 0.642462
vt 0.088177 0.754903
vt 0.117860 0.744959
vt 0.123753 0.762207
vt 0.093657 0.770210
vt 0.100926 0.789871
vt 0.130556 0.781946
vt 0.872833 0.708772
vt 0.104321 0.808576
vt 0.905760 0.695791
vt 0.876995 0.689207
vt 0.882631 0.669903
vt 0.911782 0.676158
vt 0.245118 0.820265
vt 0.256063 0.761423
vt 0.275458 0.816348
vt 0.275456 0.817082
vt 0.305796 0.819611
vt 0.322444 0.827635
vt 0.716707 0.746651
vt 0.742277 0.751635
vt 0.767846 0.746640
vt 0.232576 0.815700
vt 0.789238 0.746868
vt 0.242805 0.909093
vt 0.242913 0.847487
vt 0.275453 0.850080
vt 0.275444 0.899369
vt 0.308078 0.909112
vt 0.307992 0.847504
vt 0.685718 0.768892
vt 0.335635 0.923345
vt 0.710517 0.826756
vt 0.709025 0.772272
vt 0.742280 0.767854
vt 0.742288 0.823907
vt 0.774059 0.826743
vt 0.775535 0.772258
vt 0.216918 0.852154
vt 0.800161 0.835727
vt 0.803587 0.472219
vt 0.184266 0.511368
vt 0.823748 0.473030
vt 0.786007 0.508646
vt 0.783967 0.470951
vt 0.760849 0.468488
vt 0.762764 0.507838
vt 0.739729 0.507585
vt 0.739749 0.469813
vt 0.718652 0.468468
vt 0.716699 0.507812
vt 0.693463 0.508589
vt 0.695538 0.470900
vt 0.347089 0.550471
vt 0.343449 0.511536
vt 0.656251 0.437958
vt 0.370672 0.549455
vt 0.305626 0.550928
vt 0.300328 0.509969
vt 0.323635 0.511057
vt 0.326613 0.553291
vt 0.245263 0.550946
vt 0.250519 0.509979
vt 0.275426 0.509223
vt 0.275447 0.553833
vt 0.203857 0.550446
vt 0.207534 0.511493
vt 0.227207 0.511082
vt 0.224277 0.553331
vt 0.296688 0.941095
vt 0.317831 0.963343
vt 0.722395 0.859395
vt 0.742293 0.859091
vt 0.762190 0.859387
vt 0.672412 0.557619
vt 0.673996 0.509116
vt 0.676597 0.435714
vt 0.676064 0.420456
vt 0.798456 0.058765
vt 0.820876 0.052919
vt 0.343747 0.061021
vt 0.365907 0.055032
vt 0.963235 0.483911
vt 0.902883 0.489040
vt 0.909072 0.482168
vt 0.925033 0.475729
vt 0.931354 0.463643
vt 0.080884 0.498420
vt 0.084741 0.496992
vt 0.090126 0.497750
vt 0.096539 0.509638
vt 0.112499 0.516024
vt 0.245369 0.109349
vt 0.249130 0.116712
vt 0.914174 0.091435
vt 0.914507 0.075957
vt 0.915392 0.060496
vt 0.143488 0.116794
vt 0.145270 0.126440
vt 0.455609 0.095160
vt 0.455938 0.079081
vt 0.456800 0.063019
vt 0.982240 0.434188
vt 0.963585 0.427947
vt 0.946509 0.423110
vt 0.890921 0.433118
vt 0.882130 0.436526
vt 0.926679 0.423006
vt 0.909612 0.427375
vt 0.937930 0.422313
vt 0.075163 0.457134
vt 0.058225 0.461798
vt 0.039557 0.467684
vt 0.094859 0.456979
vt 0.083682 0.456346
vt 0.130564 0.466891
vt 0.111877 0.461251
vt 0.033116 0.470128
vt 0.675805 0.472192
vt 0.653419 0.509254
vt 0.655248 0.472962
vt 0.367019 0.511392
vt 0.176921 0.588998
vt 0.180547 0.549455
vt 0.822760 0.437993
vt 0.233028 0.963316
vt 0.215241 0.923308
vt 0.798841 0.768868
vt 0.699605 0.875602
vt 0.684417 0.835751
vt 0.333987 0.852188
vt 0.228471 0.827609
vt 0.254212 0.785439
vt 0.759269 0.697501
vt 0.785216 0.736222
vt 0.695315 0.746888
vt 0.719972 0.697428
vt 0.296799 0.785396
vt 0.318344 0.815723
vt 0.903939 0.714697
vt 0.136407 0.801345
vt 0.081951 0.736203
vt 0.893090 0.633076
vt 0.446638 0.808511
vt 0.606509 0.708725
vt 0.556410 0.642507
vt 0.438944 0.724452
vt 0.841861 0.692578
vt 0.205190 0.774839
vt 0.146366 0.715395
vt 0.823906 0.608060
vt 0.383498 0.782992
vt 0.673752 0.685953
vt 0.619881 0.625562
vt 0.369876 0.694574
vt 0.624476 0.158216
vt 0.327082 0.211968
vt 0.653476 0.212425
vt 0.306569 0.342322
vt 0.153133 0.050558
vt 0.361352 0.222428
vt 0.125968 0.045756
vt 0.396618 0.225899
vt 0.569871 0.190223
vt 0.388031 0.290471
vt 0.615162 0.304972
vt 0.596954 0.173816
vt 0.584932 0.180968
vt 0.909456 0.190131
vt 0.154402 0.225852
vt 0.888489 0.249012
vt 0.175675 0.355943
vt 0.241882 0.047343
vt 0.189385 0.222364
vt 0.213528 0.046751
vt 0.223402 0.212053
vt 0.855547 0.158550
vt 0.235225 0.276013
vt 0.801766 0.268578
vt 0.882733 0.173912
vt 0.870470 0.167071
vt 0.702590 0.322102
vt 0.284431 0.416033
vt 0.369025 0.419829
vt 0.654789 0.409992
vt 0.841623 0.358035
vt 0.185243 0.480200
vt 0.257695 0.404697
vt 0.773758 0.336466
vt 0.177136 0.638471
vt 0.185108 0.495641
vt 0.653403 0.554919
vt 0.655840 0.423782
vt 0.740026 0.329135
vt 0.739609 0.679991
vt 0.717946 0.727940
vt 0.321543 0.784229
vt 0.275425 0.981496
vt 0.229466 0.784279
vt 0.766602 0.727930
vt 0.275513 0.766895
vt 0.294962 0.761394
vt 0.158494 0.031032
vt 0.235614 0.029385
vt 0.253884 0.807420
vt 0.968218 0.693073
vt 0.970279 0.686813
vt 0.964692 0.720144
vt 0.041234 0.817480
vt 0.965692 0.701614
vt 0.035620 0.790589
vt 0.038855 0.799577
vt 0.026837 0.766821
vt 0.976742 0.669618
vt 0.033170 0.783659
vt 0.515345 0.790561
vt 0.512107 0.799546
vt 0.509721 0.817448
vt 0.514670 0.720260
vt 0.513647 0.701731
vt 0.511110 0.693195
vt 0.509040 0.686939
vt 0.502555 0.669755
vt 0.524137 0.766797
vt 0.517798 0.783632
vt 0.052820 0.522857
vt 0.139366 0.470253
vt 0.968347 0.489050
vt 0.988625 0.436785
vt 0.108883 0.091107
vt 0.106409 0.062482
vt 0.399209 0.044805
vt 0.459518 0.102060
vt 0.428604 0.109556
vt 0.167704 0.057128
vt 0.215342 0.132259
vt 0.203222 0.094543
vt 0.855471 0.043005
vt 0.918242 0.098075
vt 0.886101 0.105305
vt 0.255511 0.067846
vt 0.169019 0.047690
vt 0.166893 0.025823
vt 0.125973 0.120002
vt 0.337008 0.054912
vt 0.115292 0.038211
vt 0.149847 0.015689
vt 0.254586 0.043904
vt 0.241676 0.021944
vt 0.231922 0.132778
vt 0.791425 0.052872
vt 0.199112 0.046316
vt 0.223332 0.014444
vn -0.031273 0.176685 -0.983771
vn -0.031273 0.176685 -0.983771
vn 0.252036 0.676316 -0.692152
vn 0.150652 0.509818 -0.846989
vn 0.244678 0.902808 -0.353653
vn 0.529760 0.555704 -0.640740
vn 0.414324 0.817621 -0.399790
vn 0.156517 0.963971 -0.215089
vn 0.509894 0.834332 -0.209520
vn 0.457361 0.861763 -0.219513
vn 0.653957 0.691535 -0.306790
vn 0.625572 0.732473 -0.268594
vn -0.725969 0.672852 0.142268
vn -0.659286 0.747364 0.082396
vn -0.378515 0.915860 -0.133894
vn -0.433707 0.898631 -0.066034
vn -0.118521 0.951107 -0.285217
vn 0.001418 0.959828 -0.280585
vn 0.243746 0.921682 -0.301813
vn 0.109023 0.917232 -0.383143
vn 0.385355 0.815831 -0.431187
vn 0.483246 0.800713 -0.354022
vn 0.746162 0.490643 -0.450013
vn 0.695854 0.486111 -0.528662
vn -0.231587 0.970744 0.063433
vn -0.425506 0.848951 0.313411
vn -0.395207 0.916671 0.059374
vn -0.252906 0.967451 -0.008763
vn -0.051286 0.979437 -0.195120
vn -0.034770 0.988531 -0.146963
vn 0.129950 0.970264 -0.204210
vn 0.081921 0.967163 -0.240593
vn 0.178353 0.931711 -0.316392
vn 0.285865 0.921224 -0.263872
vn 0.658099 0.625453 -0.419182
vn 0.403264 0.854234 -0.328120
vn -0.889530 0.028622 -0.455980
vn -0.720953 0.595655 -0.354148
vn -0.389127 0.758084 -0.523344
vn -0.579709 0.143046 -0.802169
vn -0.901436 -0.182719 -0.392462
vn -0.746833 0.569348 -0.343633
vn -0.320497 0.713608 -0.622933
vn -0.451786 -0.057671 -0.890261
vn 0.138028 0.077872 -0.987362
vn 0.024638 0.780002 -0.625292
vn 0.203104 0.602978 -0.771470
vn 0.093095 0.014274 -0.995555
vn -0.206294 -0.971983 0.112659
vn -0.758491 -0.573807 -0.308930
vn -0.574709 -0.526275 -0.626693
vn -0.325087 -0.942372 -0.079076
vn -0.304307 -0.938807 -0.161363
vn -0.474521 -0.739964 -0.476742
vn -0.345027 -0.877426 -0.333286
vn -0.285894 -0.942258 -0.174398
vn -0.189730 -0.950881 -0.244597
vn -0.164325 -0.746253 -0.645061
vn 0.092870 -0.609066 -0.787664
vn 0.031626 -0.969932 -0.241313
vn -0.819754 -0.407908 0.402012
vn -0.478155 -0.770584 0.421389
vn -0.517104 -0.835655 0.185163
vn -0.476997 -0.806252 0.349903
vn -0.250631 -0.934008 0.254586
vn -0.266087 -0.962758 0.047900
vn -0.226135 -0.974069 -0.007212
vn -0.199526 -0.962407 0.184291
vn -0.153163 -0.981148 0.117852
vn -0.150261 -0.986745 -0.061291
vn 0.213832 -0.945741 -0.244644
vn 0.121753 -0.989122 -0.082548
vn -0.780086 -0.135344 0.610858
vn -0.787386 -0.229339 0.572212
vn -0.422192 -0.705754 0.568916
vn -0.381421 -0.612976 0.691938
vn -0.196035 -0.740042 0.643357
vn -0.249076 -0.808872 0.532622
vn -0.221418 -0.827805 0.515474
vn -0.168250 -0.784346 0.597071
vn -0.250380 -0.799811 0.545539
vn -0.250951 -0.831558 0.495515
vn -0.141379 -0.895158 0.422735
vn -0.245567 -0.859842 0.447627
vn -0.449564 -0.653134 0.609351
vn -0.454213 -0.625353 0.634526
vn -0.449321 -0.627448 0.635941
vn -0.446460 -0.651866 0.612980
vn 0.823217 0.180725 0.538194
vn 0.485479 -0.001689 0.874247
vn 0.135106 -0.076260 0.987892
vn 0.538673 0.645393 0.541572
vn 0.292853 -0.177910 0.939460
vn 0.311218 -0.174608 0.934160
vn 0.311300 -0.176144 0.933845
vn 0.294138 -0.178747 0.938900
vn 0.731213 -0.527778 -0.432178
vn 0.731213 -0.527778 -0.432178
vn 0.731213 -0.527778 -0.432179
vn 0.731213 -0.527778 -0.432178
vn 0.801858 0.093235 -0.590196
vn 0.883394 0.097720 -0.458330
vn 0.862181 -0.363965 -0.352381
vn 0.776737 -0.297413 -0.555180
vn 0.937126 0.181244 0.298239
vn 0.937125 0.181245 0.298240
vn 0.937125 0.181245 0.298241
vn 0.937126 0.181244 0.298239
vn -0.976292 0.215789 0.016975
vn -0.976293 0.215789 0.016975
vn -0.976293 0.215789 0.016975
vn -0.976292 0.215789 0.016975
vn -0.752699 -0.326051 0.571957
vn -0.857268 0.350118 0.377504
vn -0.921140 0.194717 0.337025
vn 0.671988 0.732126 -0.111459
vn 0.671988 0.732126 -0.111458
vn 0.671988 0.732127 -0.111458
vn 0.671988 0.732126 -0.111459
vn -0.634455 0.013467 0.772843
vn -0.640921 -0.045523 0.766256
vn -0.306490 -0.084143 0.948147
vn -0.339334 -0.045539 0.939563
vn 0.741100 0.005776 0.671370
vn 0.747794 -0.006296 0.663901
vn 0.929015 0.048875 -0.366801
vn 0.337065 0.033035 -0.940902
vn 0.345627 0.081761 -0.934803
vn -0.825283 0.168097 -0.539120
vn -0.828346 0.121912 -0.546792
vn -0.828346 0.121912 -0.546792
vn -0.826012 0.159259 -0.540685
vn -0.602802 -0.321506 0.730249
vn -0.577324 -0.386606 0.719189
vn -0.455697 -0.661086 0.596075
vn -0.485018 -0.605351 0.631117
vn 0.401525 -0.890722 -0.213054
vn 0.409689 -0.878949 -0.244139
vn 0.409689 -0.878949 -0.244139
vn 0.401265 -0.891069 -0.212091
vn 0.664875 0.235192 -0.708961
vn 0.632537 0.340456 -0.695691
vn 0.470217 0.692147 -0.547566
vn 0.518574 0.614936 -0.594083
vn 0.077836 0.992754 -0.091550
vn -0.157256 0.760277 0.630277
vn -0.173396 0.940820 0.291190
vn -0.684799 -0.343906 -0.642479
vn -0.540843 -0.367286 -0.756697
vn 0.138933 -0.708243 -0.692163
vn -0.065657 -0.876924 -0.476123
vn 0.614167 -0.789131 0.008456
vn 0.710387 -0.703801 0.003768
vn 0.897482 0.094336 0.430844
vn 0.867874 -0.233781 0.438339
vn 0.763619 0.446280 0.466605
vn 0.622670 0.759505 0.188241
vn 0.275870 0.961179 -0.005452
vn 0.172986 0.956593 0.234531
vn -0.508098 0.845883 -0.162230
vn -0.125861 0.973893 -0.188923
vn -0.778086 0.459309 -0.428507
vn -0.852077 0.307756 -0.423381
vn -0.617677 0.674732 0.403995
vn -0.694998 0.615423 0.371796
vn -0.881709 -0.361988 0.302580
vn -0.894754 -0.228498 0.383673
vn -0.366238 -0.930417 0.013958
vn -0.177571 -0.979746 -0.092552
vn 0.270235 -0.898153 -0.346835
vn 0.168582 -0.951673 -0.256709
vn 0.607826 -0.663250 -0.436632
vn 0.715805 -0.462074 -0.523556
vn 0.830487 0.416170 -0.370262
vn 0.898831 0.236452 -0.369043
vn 0.371744 0.927735 0.033373
vn 0.294923 0.954669 0.040338
vn -0.222141 0.939451 0.260931
vn -0.147970 0.953756 0.261638
vn -0.087608 -0.155952 -0.983872
vn -0.087608 -0.155952 -0.983872
vn 0.295049 -0.280162 -0.913485
vn 0.308371 -0.283892 -0.907917
vn 0.980600 -0.183345 -0.069346
vn 0.980600 -0.183345 -0.069346
vn 0.980600 -0.183345 -0.069346
vn 0.980600 -0.183345 -0.069346
vn 0.455454 0.838292 -0.299714
vn 0.455454 0.838292 -0.299714
vn 0.379006 0.863047 -0.333923
vn 0.379006 0.863047 -0.333923
vn -0.527122 0.615444 -0.585978
vn -0.527122 0.615444 -0.585978
vn -0.527122 0.615444 -0.585978
vn -0.527122 0.615444 -0.585978
vn -0.931366 0.356790 -0.072515
vn -0.931366 0.356790 -0.072515
vn -0.983532 -0.046651 -0.174607
vn -0.983782 -0.043698 -0.173964
vn -0.235639 -0.863966 -0.445014
vn -0.235639 -0.863966 -0.445014
vn -0.235639 -0.863966 -0.445014
vn -0.235639 -0.863966 -0.445014
vn 0.050665 0.128825 -0.990372
vn 0.050665 0.128825 -0.990372
vn 0.043903 0.214654 -0.975703
vn 0.043903 0.214653 -0.975703
vn -0.154040 0.933004 -0.325230
vn -0.154040 0.933004 -0.325230
vn -0.154040 0.933004 -0.325230
vn -0.154040 0.933004 -0.325230
vn 0.438833 0.701841 -0.561110
vn 0.438833 0.701841 -0.561110
vn 0.433845 0.704836 -0.561235
vn 0.433828 0.704846 -0.561235
vn -0.602405 0.476125 -0.640635
vn -0.602405 0.476125 -0.640635
vn -0.602405 0.476125 -0.640635
vn -0.602405 0.476125 -0.640635
vn -0.435628 -0.697191 0.569344
vn -0.441382 -0.682743 0.582275
vn -0.440135 -0.681921 0.584178
vn -0.435679 -0.695583 0.571269
vn 0.892204 -0.246151 0.378659
vn 0.892252 -0.248323 0.377123
vn 0.892254 -0.248376 0.377085
vn 0.892204 -0.246151 0.378659
vn -0.256715 0.180655 -0.949453
vn -0.256715 0.180655 -0.949453
vn -0.256668 0.182933 -0.949030
vn -0.256668 0.182933 -0.949030
vn -0.248938 0.947975 -0.198426
vn -0.248938 0.947975 -0.198426
vn -0.248938 0.947975 -0.198426
vn -0.248938 0.947975 -0.198426
vn 0.261655 -0.182899 0.947673
vn 0.271864 -0.181378 0.945088
vn 0.271834 -0.181873 0.945002
vn 0.261379 -0.183203 0.947691
vn 0.078805 -0.974429 -0.210425
vn 0.079293 -0.974390 -0.210419
vn 0.079301 -0.974390 -0.210418
vn 0.078805 -0.974429 -0.210425
vn -0.059450 0.868340 0.492394
vn 0.657725 0.752354 -0.036910
vn -0.084668 0.199205 0.976293
vn -0.153997 0.266265 0.951519
vn -0.185398 -0.488480 0.852652
vn 0.563569 -0.823878 -0.060130
vn 0.119138 -0.984944 0.125262
vn -0.121162 -0.954104 0.273871
vn 0.012113 -0.859988 -0.510171
vn 0.254429 -0.758651 -0.599761
vn 0.332620 -0.149524 -0.931132
vn 0.116070 -0.256389 -0.959579
vn 0.148437 0.434439 -0.888386
vn 0.384115 0.506042 -0.772255
vn 0.321852 0.936354 -0.140191
vn 0.075417 0.978843 -0.190209
vn 0.620217 -0.745689 0.243473
vn 0.963641 0.036762 0.264658
vn 0.945949 0.142305 0.291428
vn 0.539621 0.781578 0.312962
vn 0.044680 0.993588 0.103860
vn -0.811688 0.532297 -0.240462
vn -0.964992 -0.101414 -0.241878
vn -0.705945 -0.708035 -0.018108
vn -0.031447 -0.979252 0.200192
vn -0.360393 0.673121 0.645775
vn -0.284389 0.819990 0.496728
vn -0.342253 0.168827 0.924316
vn -0.321425 0.118080 0.939544
vn -0.156131 -0.489206 0.858079
vn -0.212781 -0.587628 0.780652
vn 0.009249 -0.975290 0.220737
vn 0.202031 -0.958688 0.200250
vn 0.542465 -0.625294 -0.561016
vn 0.186863 -0.836094 -0.515780
vn 0.278889 -0.230146 -0.932338
vn 0.555209 -0.083190 -0.827540
vn 0.368558 0.503845 -0.781221
vn 0.207293 0.440417 -0.873535
vn -0.053462 0.964689 -0.257910
vn -0.120915 0.977599 -0.172280
vn 0.645167 -0.496959 0.580337
vn 0.350870 -0.701146 0.620712
vn 0.797621 -0.603159 -0.000526
vn 0.713323 -0.697333 -0.069983
vn 0.446813 -0.636307 -0.628865
vn 0.568176 -0.442664 -0.693703
vn -0.194117 0.490038 -0.849812
vn -0.165807 -0.107930 -0.980234
vn -0.558835 0.651138 -0.513539
vn -0.798845 0.574823 -0.177274
vn -0.937615 0.284571 0.199744
vn -0.558580 0.815824 0.149732
vn -0.424667 0.576082 0.698418
vn -0.705846 -0.397839 0.586093
vn -0.140112 -0.607220 0.782083
vn 0.039193 0.082049 0.995857
vn -0.291189 0.841563 0.454951
vn -0.291189 0.841563 0.454951
vn -0.291189 0.841563 0.454952
vn -0.291189 0.841563 0.454951
vn 0.938439 0.165301 -0.303329
vn 0.938439 0.165301 -0.303329
vn 0.942832 -0.011845 -0.333059
vn 0.780378 -0.558251 0.281718
vn -0.086704 -0.986071 0.141940
vn 0.233529 -0.786349 0.571943
vn -0.241387 -0.410006 0.879561
vn -0.673807 0.265070 -0.689726
vn -0.767466 0.206400 0.606955
vn -0.776733 0.621580 0.101606
vn -0.628768 0.737134 0.247556
vn -0.069533 0.987120 -0.144082
vn -0.160159 0.937816 -0.307979
vn 0.537437 0.618964 -0.572752
vn 0.580923 0.721712 -0.376379
vn 0.942059 0.136303 -0.306506
vn 0.824863 -0.006756 -0.565292
vn 0.701738 -0.695484 -0.154488
vn 0.770065 -0.632032 0.086804
vn 0.227559 -0.858305 0.459922
vn 0.173209 -0.926111 0.335138
vn -0.525924 -0.702935 0.478840
vn -0.402465 -0.610960 0.681726
vn -0.800293 0.148065 0.581040
vn -0.939056 -0.014118 0.343475
vn -0.799373 -0.194899 0.568346
vn -0.775003 0.498166 0.388846
vn -0.804378 0.471928 0.360915
vn -0.417841 -0.744859 0.520186
vn -0.437459 -0.708028 0.554370
vn -0.256173 -0.827656 0.499361
vn -0.236954 -0.867071 0.438224
vn -0.196749 -0.906104 0.374520
vn -0.223481 -0.850690 0.475797
vn -0.222612 -0.868281 0.443319
vn -0.177312 -0.934554 0.308497
vn 0.011633 -0.982860 0.183988
vn -0.058811 -0.931871 0.357992
vn 0.937815 0.111923 -0.328598
vn 0.936819 0.134961 -0.322731
vn 0.888507 -0.438908 -0.133845
vn 0.903216 -0.394853 -0.168204
vn 0.532985 0.820338 -0.207298
vn 0.458103 0.854507 -0.244865
vn 0.687416 0.651588 -0.320769
vn 0.755140 0.570297 -0.323302
vn 0.197502 0.975456 -0.097353
vn 0.261949 0.959477 -0.103856
vn 0.354978 0.915147 -0.191041
vn 0.378118 0.917123 -0.126149
vn -0.528434 0.838014 0.135975
vn -0.412322 0.886078 0.211791
vn 0.004454 0.999299 0.037183
vn -0.161585 0.986476 -0.027493
vn 0.267254 0.961616 -0.062213
vn 0.130353 0.985832 0.105558
vn -0.188791 0.950301 0.247560
vn 0.462062 0.851341 -0.248431
vn 0.451375 0.853818 -0.259336
vn 0.333211 0.925350 -0.180824
vn 0.746978 0.481339 -0.458624
vn 0.746978 0.481339 -0.458624
vn 0.944115 0.015883 -0.329234
vn 0.663863 0.679326 -0.312735
vn -0.182957 0.848986 -0.495731
vn -0.011537 0.923662 -0.383036
vn 0.170414 0.545736 -0.820446
vn 0.204531 -0.171781 -0.963669
vn 0.247000 -0.690630 -0.679722
vn -0.224251 -0.860525 -0.457394
vn -0.672061 -0.704248 -0.228842
vn 0.585253 -0.698671 -0.411507
vn 0.525338 -0.845308 -0.097336
vn -0.128735 -0.425777 0.895623
vn -0.186167 -0.370127 0.910136
vn -0.176652 -0.372426 0.911094
vn -0.584254 -0.232577 0.777532
vn -0.584254 -0.232577 0.777532
vn -0.237519 -0.657118 0.715388
vn -0.209290 0.255304 0.943937
vn -0.047543 -0.705959 0.706655
vn -0.214893 -0.443433 0.870165
vn 0.451234 -0.872590 0.187013
vn 0.265890 -0.939106 0.217677
vn -0.216075 -0.930256 0.296540
vn -0.216075 -0.930256 0.296540
vn -0.363926 -0.685616 0.630467
vn -0.334637 -0.757260 0.560870
vn -0.444459 -0.629504 0.637323
vn -0.442860 -0.654498 0.612787
vn -0.438882 -0.681130 0.586041
vn 0.311383 -0.177693 0.933523
vn 0.293058 -0.179939 0.939009
vn 0.271786 -0.182371 0.944920
vn 0.574511 -0.802341 -0.161819
vn 0.574511 -0.802341 -0.161819
vn 0.574511 -0.802341 -0.161819
vn 0.574511 -0.802341 -0.161819
vn 0.824023 -0.553633 -0.120318
vn 0.719355 -0.210590 -0.661952
vn 0.937126 0.181242 0.298240
vn 0.937126 0.181242 0.298240
vn 0.937126 0.181242 0.298238
vn 0.937126 0.181242 0.298238
vn 0.937127 0.181242 0.298237
vn 0.937127 0.181242 0.298237
vn 0.937126 0.181243 0.298238
vn 0.937126 0.181243 0.298238
vn -0.825909 0.287738 -0.484851
vn -0.825909 0.287738 -0.484851
vn -0.825909 0.287738 -0.484851
vn -0.825909 0.287738 -0.484851
vn -0.730896 0.604157 0.317467
vn -0.963465 0.124009 0.237395
vn 0.671986 0.732128 -0.111458
vn 0.671986 0.732128 -0.111458
vn 0.671988 0.732127 -0.111459
vn 0.671988 0.732127 -0.111459
vn 0.671988 0.732126 -0.111459
vn 0.671988 0.732126 -0.111459
vn 0.671989 0.732126 -0.111459
vn 0.671989 0.732126 -0.111459
vn -0.017548 -0.105604 0.994253
vn -0.026830 -0.067787 0.997339
vn -0.041083 -0.009182 0.999114
vn -0.379245 0.031802 0.924750
vn -0.627244 0.063178 0.776256
vn 0.991727 0.065015 0.110686
vn 0.993635 -0.036370 0.106612
vn 0.993635 -0.036370 0.106612
vn 0.777369 -0.064250 0.625755
vn 0.777369 -0.064250 0.625755
vn 0.020021 0.020817 -0.999583
vn -0.019654 0.117324 -0.992899
vn -0.050837 0.192637 -0.979952
vn 0.371516 0.150571 -0.916135
vn 0.777004 0.066036 -0.626022
vn -0.987076 0.110199 -0.116353
vn -0.987076 0.110199 -0.116353
vn -0.981828 0.135138 -0.133235
vn -0.980526 0.140711 -0.137001
vn -0.973921 0.166341 -0.154300
vn -0.973921 0.166341 -0.154300
vn -0.821379 0.206006 -0.531881
vn -0.821379 0.206006 -0.531881
vn -0.280115 -0.871055 0.403484
vn -0.311423 -0.828511 0.465387
vn -0.337773 -0.785645 0.518335
vn -0.510322 -0.546788 0.663773
vn -0.632629 -0.230294 0.739422
vn 0.581590 -0.646073 -0.494310
vn 0.581590 -0.646073 -0.494310
vn 0.574929 -0.680746 -0.453919
vn 0.575517 -0.678068 -0.457170
vn 0.567111 -0.711717 -0.414541
vn 0.567111 -0.711717 -0.414541
vn 0.393440 -0.900816 -0.183672
vn 0.393440 -0.900816 -0.183672
vn 0.277237 0.881236 -0.382834
vn 0.551160 0.554163 -0.623800
vn 0.684972 0.148336 -0.713310
vn -0.460744 0.641854 0.612975
vn -0.469092 0.648035 0.600003
vn -0.519677 0.683496 0.512609
vn -0.519678 0.683496 0.512609
vn -0.268591 0.935588 0.229204
vn -0.268591 0.935588 0.229204
vn 0.648492 -0.732081 0.208602
vn -0.182816 -0.927843 -0.325093
vn -0.834215 -0.199307 -0.514162
vn 0.719264 0.312385 0.620544
vn 0.842433 -0.263820 0.469792
vn -0.635782 0.770521 -0.045604
vn 0.047473 0.897376 0.438705
vn -0.868566 0.335442 -0.364790
vn -0.395760 -0.917106 0.047866
vn -0.884536 -0.177678 0.431309
vn -0.534904 0.724698 0.434385
vn 0.571842 -0.739369 -0.355429
vn 0.105773 -0.973737 -0.201615
vn 0.443243 0.895812 0.032507
vn 0.933049 0.143565 -0.329863
vn -0.055659 0.964494 0.258173
vn 0.629864 -0.357870 -0.689347
vn 0.629864 -0.357870 -0.689347
vn 0.514795 -0.734274 -0.442525
vn 0.514795 -0.734274 -0.442525
vn 0.098945 -0.701138 -0.706127
vn 0.091813 -0.699142 -0.709063
vn -0.351199 -0.490442 -0.797575
vn -0.351199 -0.490442 -0.797575
vn 0.983467 0.173978 0.050236
vn 0.983467 0.173978 0.050236
vn 0.983468 0.173978 0.050236
vn 0.983467 0.173978 0.050236
vn 0.892293 -0.250372 0.375670
vn 0.892293 -0.250372 0.375670
vn 0.889928 -0.414639 0.190007
vn 0.889928 -0.414639 0.190007
vn 0.889928 -0.414639 0.190007
vn 0.889928 -0.414639 0.190007
vn 0.299667 0.881219 -0.365585
vn 0.299667 0.881219 -0.365585
vn -0.354539 0.272191 0.894547
vn -0.354539 0.272191 0.894547
vn -0.313989 0.261200 0.912790
vn -0.313989 0.261200 0.912790
vn -0.272780 0.249661 0.929118
vn -0.272780 0.249661 0.929118
vn -0.624695 0.263031 -0.735235
vn -0.624695 0.263031 -0.735235
vn -0.624695 0.263031 -0.735235
vn -0.624695 0.263031 -0.735235
vn -0.842703 0.069740 -0.533843
vn -0.842703 0.069740 -0.533843
vn -0.842703 0.069740 -0.533843
vn -0.842703 0.069740 -0.533843
vn -0.892046 0.251034 -0.375815
vn -0.892090 0.248495 -0.377393
vn -0.892088 0.248598 -0.377329
vn -0.892045 0.251034 -0.375815
vn -0.861132 -0.444693 -0.246374
vn -0.861132 -0.444693 -0.246374
vn -0.806754 -0.573018 0.144212
vn -0.806754 -0.573018 0.144212
vn -0.952294 -0.137918 0.272242
vn -0.952180 -0.139275 0.271949
vn -0.883913 0.323042 0.338145
vn -0.883913 0.323042 0.338145
vn -0.017383 -0.722990 -0.690639
vn -0.017383 -0.722990 -0.690639
vn -0.017383 -0.722990 -0.690639
vn -0.017383 -0.722990 -0.690639
vn 0.079741 -0.974355 -0.210412
vn 0.079741 -0.974355 -0.210412
vn -0.131794 -0.980596 -0.145127
vn -0.131794 -0.980596 -0.145127
vn -0.131794 -0.980596 -0.145127
vn -0.131794 -0.980596 -0.145127
vn 0.036805 0.298845 -0.953592
vn 0.036805 0.298845 -0.953592
vn 0.962720 0.068894 0.261580
vn 0.962720 0.068894 0.261580
vn 0.967372 0.024305 0.252194
vn 0.967372 0.024305 0.252194
vn 0.969994 -0.020334 0.242278
vn 0.969994 -0.020334 0.242278
vn -0.381251 0.922393 -0.061961
vn -0.381251 0.922393 -0.061961
vn -0.381251 0.922393 -0.061961
vn -0.381251 0.922393 -0.061961
vn -0.284817 0.921661 0.263478
vn -0.284817 0.921661 0.263478
vn -0.284817 0.921661 0.263478
vn -0.284817 0.921661 0.263478
vn -0.079747 0.974339 0.210485
vn -0.079317 0.974376 0.210476
vn -0.079323 0.974375 0.210477
vn -0.079747 0.974339 0.210485
vn 0.428819 0.707821 -0.561341
vn 0.428819 0.707821 -0.561341
vn 0.335829 0.747859 -0.572649
vn 0.335829 0.747859 -0.572649
vn 0.426638 0.727451 -0.537396
vn 0.426718 0.727430 -0.537362
vn 0.513272 0.699820 -0.496794
vn 0.513272 0.699820 -0.496794
vn -0.892128 0.245832 -0.379043
vn -0.892128 0.245832 -0.379043
vn -0.976759 0.148195 -0.154857
vn -0.976759 0.148195 -0.154857
vn -0.976759 0.148195 -0.154857
vn -0.976759 0.148195 -0.154857
vn -0.501861 0.591059 -0.631495
vn -0.501861 0.591059 -0.631495
vn -0.501861 0.591059 -0.631495
vn -0.501861 0.591059 -0.631495
vn -0.435727 -0.693972 0.573189
vn -0.359740 -0.652954 0.666512
vn -0.359740 -0.652954 0.666512
vn -0.442414 -0.633084 0.635196
vn -0.442384 -0.633092 0.635209
vn -0.521417 -0.608030 0.598685
vn -0.521417 -0.608030 0.598685
vn 0.998574 0.027745 0.045617
vn 0.998574 0.027745 0.045617
vn 0.998574 0.027745 0.045617
vn 0.998574 0.027745 0.045617
vn 0.983007 0.183543 -0.003095
vn 0.983007 0.183543 -0.003095
vn 0.983007 0.183543 -0.003095
vn 0.983007 0.183543 -0.003095
vn 0.749777 -0.327428 0.575001
vn 0.749777 -0.327428 0.575001
vn 0.749777 -0.327428 0.575001
vn 0.749777 -0.327428 0.575001
vn -0.256620 0.185203 -0.948602
vn -0.256620 0.185203 -0.948602
vn -0.212362 0.285177 -0.934653
vn -0.212362 0.285177 -0.934653
vn -0.205874 0.190299 -0.959897
vn -0.205875 0.190313 -0.959894
vn -0.197393 0.093589 -0.975847
vn -0.197393 0.093589 -0.975847
vn -0.078846 0.974416 0.210467
vn -0.078846 0.974416 0.210467
vn 0.083966 0.912733 0.399835
vn 0.083966 0.912733 0.399835
vn 0.083966 0.912733 0.399835
vn 0.083966 0.912733 0.399835
vn -0.204222 0.913258 -0.352495
vn -0.204222 0.913258 -0.352495
vn -0.204222 0.913258 -0.352495
vn -0.204222 0.913258 -0.352495
vn 0.261103 -0.183506 0.947708
vn 0.342867 -0.260557 0.902525
vn 0.342867 -0.260557 0.902525
vn 0.336740 -0.172317 0.925696
vn 0.336740 -0.172311 0.925697
vn 0.327795 -0.082610 0.941130
vn 0.327795 -0.082610 0.941130
vn -0.110175 -0.805736 -0.581938
vn -0.110175 -0.805736 -0.581938
vn -0.110175 -0.805736 -0.581938
vn -0.110175 -0.805736 -0.581938
vn -0.072758 -0.707533 -0.702925
vn -0.072758 -0.707533 -0.702925
vn -0.072758 -0.707533 -0.702925
vn -0.072758 -0.707533 -0.702925
vn 0.237616 -0.971328 -0.007771
vn 0.237616 -0.971328 -0.007771
vn 0.237616 -0.971328 -0.007771
vn 0.237616 -0.971328 -0.007771
vn -0.131653 -0.446179 0.885207
vn -0.257362 0.121488 0.958648
vn -0.314645 0.650052 0.691687
vn 0.556330 -0.607312 -0.567159
vn 0.186561 -0.961203 0.203184
vn 0.362710 0.531872 -0.765215
vn 0.575696 -0.051510 -0.816040
vn -0.130264 0.981962 -0.137049
vn 0.555026 -0.573802 -0.602243
vn 0.774456 -0.630876 -0.047037
vn 0.711354 -0.484997 0.508678
vn -0.508983 0.652489 -0.561422
vn -0.099491 -0.057897 -0.993353
vn -0.353261 0.726013 0.590010
vn -0.517652 0.854570 0.041806
vn 0.163695 0.100818 0.981346
vn 0.651787 0.748559 -0.121794
vn 0.651787 0.748559 -0.121794
vn 0.651787 0.748559 -0.121794
vn 0.651787 0.748559 -0.121794
vn 0.745329 0.648820 -0.153356
vn 0.105665 0.993559 0.040945
vn -0.484532 0.726206 0.487702
vn 0.961671 0.238540 0.135229
vn -0.665124 0.389916 0.636849
vn -0.665124 0.389916 0.636848
vn -0.433402 0.355856 0.827967
vn 0.507497 -0.853505 0.118217
vn -0.179244 0.969099 -0.169467
vn -0.339634 0.828114 0.445955
vn -0.339634 0.828114 0.445955
vn -0.178974 0.969011 -0.170253
vn -0.342052 0.225430 0.912240
vn -0.342052 0.225430 0.912240
vn -0.342052 0.225430 0.912240
vn -0.342052 0.225430 0.912240
vn -0.307445 -0.011261 0.951499
vn -0.307445 -0.011261 0.951499
vn -0.307445 -0.011261 0.951499
vn -0.307445 -0.011261 0.951499
vn -0.074953 -0.784428 0.615674
vn 0.108678 -0.983066 0.147546
vn 0.108690 -0.983070 0.147512
vn -0.074953 -0.784428 0.615674
vn 0.224496 -0.947793 -0.226474
vn 0.224496 -0.947793 -0.226474
vn 0.304824 -0.122636 -0.944480
vn 0.304824 -0.122636 -0.944480
vn 0.304824 -0.122636 -0.944480
vn 0.304824 -0.122636 -0.944480
vn 0.300746 -0.094956 -0.948965
vn 0.300746 -0.094956 -0.948965
vn 0.300746 -0.094956 -0.948965
vn 0.300746 -0.094956 -0.948965
vn -0.005595 0.804282 -0.594222
vn -0.005595 0.804281 -0.594222
vn 0.080214 0.033882 0.996202
vn 0.449498 -0.325251 0.831964
vn 0.449498 -0.325251 0.831964
vn 0.080188 0.033907 0.996203
vn 0.736110 -0.671867 0.082077
vn 0.736110 -0.671867 0.082077
vn 0.736110 -0.671867 0.082077
vn 0.736110 -0.671867 0.082077
vn 0.709970 -0.686173 -0.158462
vn 0.709970 -0.686173 -0.158462
vn 0.709970 -0.686173 -0.158462
vn 0.709970 -0.686173 -0.158462
vn 0.348144 -0.489311 -0.799606
vn -0.130369 -0.089210 -0.987444
vn -0.130990 -0.088633 -0.987414
vn 0.348145 -0.489311 -0.799606
vn -0.461024 0.243112 -0.853436
vn -0.461024 0.243112 -0.853436
vn -0.747149 0.664240 0.023535
vn -0.747149 0.664240 0.023535
vn -0.747149 0.664240 0.023535
vn -0.747149 0.664240 0.023535
vn -0.744173 0.665986 0.051658
vn -0.744173 0.665986 0.051658
vn -0.744173 0.665986 0.051658
vn -0.744173 0.665986 0.051658
vn -0.208119 0.293534 0.933019
vn -0.208119 0.293534 0.933019
s 1
g pCube1
usemtl pCube1SG
f 101/1/1 1/2/2 98/3/3 97/4/4
f 99/5/5 2/6/6 103/7/7 102/8/8
f 104/9/9 3/10/10 107/11/11 106/12/12
s 3
f 114/13/13 5/14/14 111/15/15 110/16/16
f 112/17/17 6/18/18 116/19/19 115/20/20
f 117/21/21 7/22/22 120/23/23 119/24/24
f 126/25/25 9/26/26 113/27/27 123/28/28
f 124/29/29 10/30/30 118/31/31 127/32/32
f 128/33/33 11/34/34 122/35/35 130/36/36
f 136/424/37 13/38/38 125/39/39 133/474/40
f 141/401/41 85/42/42 138/43/43 137/473/44
f 145/413/45 15/477/46 132/47/47 142/472/48
f 149/49/49 17/50/50 135/51/51 146/52/52
f 147/53/53 18/54/54 151/470/55 150/56/56
f 152/57/57 19/58/58 144/59/59 154/60/60
f 160/61/61 21/62/62 148/63/63 157/64/64
f 158/65/65 22/66/66 153/67/67 161/68/68
f 162/69/69 23/70/70 156/71/71 164/72/72
f 171/73/73 90/74/74 168/75/75 167/76/76
f 169/77/77 91/78/78 173/79/79 172/80/80
f 174/81/81 92/82/82 177/83/83 176/84/84
s 10
f 184/85/85 49/86/86 181/87/87 180/88/88
s 1
f 187/464/89 30/90/90 175/91/91 185/469/92
s 12
f 192/93/93 53/94/94 189/95/95 188/96/96
s off
f 108/97/97 4/98/98 194/99/99 193/100/100
s 3
f 121/101/101 8/102/102 197/103/103 196/104/104
s 13
f 378/105/105 377/106/106 379/107/107 380/108/108
s off
f 171/73/109 29/109/110 204/110/111 203/111/112
s 3
f 160/61/61 25/112/113 207/113/114 206/114/115
s 14
f 386/501/116 387/116/117 388/117/118 389/118/119
s 15
f 216/119/120 29/109/121 170/120/122 213/121/123
s 1
f 214/122/124 30/90/90 187/464/89 217/123/125
f 218/124/126 2/6/6 98/3/127 220/125/128
s 17
f 221/126/129 1/2/130 204/462/131 223/127/132
s 18
f 228/128/133 31/129/134 179/130/135 225/131/136
s 19
f 226/132/137 32/133/138 194/460/139 229/134/140
s 1
f 230/135/141 4/98/142 107/11/143 232/136/144
f 233/137/145 3/10/10 186/458/146 235/139/147
s 21
f 240/140/148 33/141/149 215/142/150 237/143/151
f 238/144/152 34/145/153 219/454/154 241/147/155
f 242/148/156 35/149/157 222/150/158 244/151/159
f 245/152/160 36/153/161 224/447/162 247/155/163
s 22
f 252/156/164 37/157/165 227/158/166 249/159/167
f 250/160/168 38/161/169 231/441/170 253/163/171
f 254/164/172 39/165/173 234/166/174 256/167/175
f 257/168/176 40/169/177 236/434/178 259/171/179
s 23
f 263/524/180 41/479/181 239/174/182 261/528/183
s off
f 262/176/184 42/177/185 243/178/186 264/527/187
s 24
f 270/511/188 58/181/189 267/182/190 266/525/191
s off
f 272/516/192 44/448/193 248/186/194 271/523/195
s 25
f 275/518/196 45/478/197 251/190/198 273/522/199
s off
f 274/192/200 46/193/201 255/194/202 276/521/203
s 26
f 282/505/204 62/197/205 279/198/206 278/519/207
s off
f 284/510/208 48/435/209 260/202/210 283/517/211
s 27
f 287/204/212 43/450/213 246/206/214 285/207/215
s off
f 286/208/216 44/448/217 272/516/218 288/209/219
s 10
f 289/210/220 52/211/221 183/212/222 290/213/223
s 28
f 291/214/224 51/215/225 265/513/226 292/217/227
s 29
f 295/218/228 47/437/229 258/220/230 293/221/231
s off
f 294/222/232 48/435/233 284/510/234 296/223/235
s 12
f 297/224/236 56/225/237 191/226/238 298/227/239
s 30
f 299/228/240 55/229/241 277/507/242 300/231/243
s 3
f 304/232/244 12/233/245 198/430/246 301/235/247
f 302/236/248 24/237/249 155/238/250 305/239/251
f 306/240/252 20/241/253 143/428/254 308/243/255
f 309/244/256 16/245/257 131/246/258 311/247/259
f 316/248/260 21/62/62 208/426/261 313/250/262
f 314/251/263 9/26/26 126/25/25 317/252/264
f 318/253/265 13/38/38 136/424/37 320/254/266
f 321/255/267 17/50/50 149/49/49 323/256/268
f 327/257/269 66/258/270 303/422/271 325/260/272
f 326/261/273 65/262/274 307/263/275 328/264/276
f 329/265/277 67/266/278 310/420/279 330/268/280
f 331/269/281 68/270/282 312/271/283 332/272/284
f 335/273/285 69/274/286 315/418/287 333/276/288
f 334/277/289 70/278/290 319/279/291 336/280/292
f 337/281/293 71/282/294 322/416/295 338/284/296
f 339/285/297 72/286/298 324/287/299 340/288/300
s off
f 344/289/301 14/480/302 129/291/303 341/292/304
s 3
f 342/293/305 15/46/306 145/414/45 345/294/307
f 346/295/308 19/471/58 151/55/309 348/296/310
f 349/297/311 18/475/54 134/410/312 351/299/313
f 355/300/314 81/301/315 343/302/316 353/303/317
f 354/304/318 82/305/319 347/406/320 356/307/321
f 357/308/322 83/309/323 350/310/324 358/311/325
f 359/312/326 84/313/327 352/403/328 360/315/329
f 363/316/330 90/74/74 205/400/331 361/318/332
f 363/316/330 25/112/113 159/319/333 364/320/334
f 365/321/335 26/322/336 163/323/337 366/324/338
f 367/325/339 27/326/340 166/327/341 368/328/342
f 371/329/343 94/330/344 195/397/345 370/332/346
f 373/333/347 95/334/348 109/335/349 372/336/350
f 375/337/351 96/338/352 105/339/353 374/340/354
f 362/341/355 89/342/356 100/343/357 376/344/358
s 1
f 98/3/3 2/6/6 99/5/5 97/4/4
s 3
f 99/5/359 96/338/352 100/343/357 97/4/360
f 100/343/357 89/342/356 101/1/361 97/4/360
s 1
f 103/7/7 3/10/10 104/9/9 102/8/362
s 3
f 104/9/363 95/334/348 105/339/353 102/8/364
f 105/339/353 96/338/352 99/5/359 102/8/364
s 1
f 107/11/11 4/98/365 108/97/366 106/12/12
s 3
f 108/97/367 94/330/344 109/335/349 106/12/368
f 109/335/349 95/334/348 104/9/363 106/12/368
f 111/15/15 6/18/18 112/17/17 110/16/16
f 112/17/17 10/30/30 113/27/27 110/16/16
f 113/27/27 9/26/26 114/13/13 110/16/16
f 116/19/19 7/22/22 117/21/21 115/20/20
f 117/21/21 11/34/34 118/31/31 115/20/20
f 118/31/31 10/30/30 112/17/17 115/20/20
f 120/23/23 8/102/102 121/101/101 119/24/24
f 121/101/101 12/233/245 122/35/35 119/24/24
f 122/35/35 11/34/34 117/21/21 119/24/24
f 113/27/27 10/30/30 124/29/29 123/28/28
f 124/29/29 14/290/369 125/39/39 123/28/28
f 125/39/39 13/38/38 126/25/25 123/28/28
f 118/31/31 11/34/34 128/33/33 127/32/32
f 128/33/33 15/477/46 129/476/370 127/32/32
f 129/476/370 14/290/369 124/29/29 127/32/32
f 122/35/35 12/233/245 131/246/258 130/36/36
f 131/246/258 16/245/257 132/47/47 130/36/36
f 132/47/47 15/477/46 128/33/33 130/36/36
f 125/39/39 14/290/369 134/408/312 133/474/40
f 134/409/312 18/54/54 135/51/51 133/40/40
f 135/51/51 17/50/50 136/37/37 133/40/40
f 138/43/43 86/345/371 139/346/372 137/473/44
f 139/404/372 87/347/373 140/348/374 137/44/44
f 140/348/374 88/349/375 141/41/41 137/44/44
f 132/47/47 16/245/257 143/242/254 142/472/48
f 143/428/254 20/241/253 144/59/59 142/48/48
f 144/59/59 19/58/58 145/412/45 142/48/48
f 135/51/51 18/54/54 147/53/53 146/52/52
f 147/53/53 22/66/66 148/63/63 146/52/52
f 148/63/63 21/62/62 149/49/49 146/52/52
f 151/470/55 19/58/58 152/57/57 150/56/56
f 152/57/57 23/70/70 153/67/67 150/56/56
f 153/67/67 22/66/66 147/53/53 150/56/56
f 144/59/59 20/241/253 155/238/250 154/60/60
f 155/238/250 24/237/249 156/71/71 154/60/60
f 156/71/71 23/70/70 152/57/57 154/60/60
f 148/63/63 22/66/66 158/65/65 157/64/64
f 158/65/65 26/322/336 159/319/333 157/64/64
f 159/319/333 25/112/113 160/61/61 157/64/64
f 153/67/67 23/70/70 162/69/69 161/68/68
f 162/69/69 27/326/340 163/323/337 161/68/68
f 163/323/337 26/322/336 158/65/65 161/68/68
f 156/71/71 24/237/249 165/350/376 164/72/72
f 165/350/376 28/351/377 166/327/341 164/72/72
f 166/327/341 27/326/340 162/69/69 164/72/72
f 168/75/75 91/78/78 169/77/77 167/76/76
s 1
f 169/77/378 30/90/90 170/120/379 167/76/380
f 170/120/379 29/109/381 171/73/382 167/76/380
s 3
f 173/79/79 92/82/82 174/81/81 172/80/80
s 1
f 174/81/383 31/129/384 175/91/91 172/80/385
f 175/91/91 30/90/90 169/77/378 172/80/386
s 3
f 177/83/83 93/352/387 178/353/388 176/84/84
s 1
f 178/353/389 32/133/390 179/130/391 176/84/392
f 179/130/391 31/129/384 174/81/383 176/84/392
s 10
f 181/87/87 50/354/393 182/355/394 180/88/88
f 182/355/394 51/215/395 183/212/222 180/88/88
f 183/212/222 52/211/221 184/85/85 180/88/88
s 1
f 175/91/91 31/129/384 186/138/146 185/469/92
f 186/458/146 3/10/10 103/7/7 185/92/92
f 103/7/7 2/6/6 187/89/89 185/92/92
s 12
f 189/95/95 54/356/396 190/357/397 188/96/96
f 190/357/397 55/229/398 191/226/238 188/96/96
f 191/226/238 56/225/237 192/93/93 188/96/96
s off
f 194/460/399 32/133/400 178/353/401 193/468/402
s 3
f 178/353/388 93/352/387 195/331/345 193/468/403
f 195/397/345 94/330/344 108/97/367 193/100/403
f 197/395/103 28/351/377 165/350/376 196/467/104
f 165/350/376 24/237/249 198/234/404 196/467/104
f 198/430/404 12/233/245 121/101/101 196/104/104
s 41
f 379/107/405 381/358/406 382/503/407 380/108/408
f 382/359/407 383/360/409 384/361/410 380/108/408
s 13
f 384/361/411 385/362/412 378/105/105 380/108/108
s off
f 204/462/413 1/2/414 101/1/415 203/466/416
s 3
f 101/1/361 89/342/356 205/317/331 203/466/417
f 205/400/331 90/74/74 171/73/73 203/111/417
f 207/398/114 5/14/14 114/13/13 206/465/115
f 114/13/13 9/26/26 208/249/418 206/465/115
f 208/426/418 21/62/62 160/61/61 206/114/115
s 42
f 388/117/419 390/363/420 391/364/421 389/118/422
f 391/364/421 392/365/423 393/366/424 389/118/422
s 14
f 393/366/425 394/367/426 386/115/116 389/118/119
s 15
f 170/120/122 30/90/427 214/122/428 213/121/123
f 214/122/428 34/145/429 215/142/430 213/121/123
f 215/142/430 33/141/431 216/119/120 213/121/123
s 1
f 187/89/89 2/6/6 218/124/126 217/463/432
f 218/124/126 35/149/433 219/146/434 217/463/432
f 219/454/435 34/145/436 214/122/124 217/123/125
f 98/3/127 1/2/437 221/126/438 220/125/128
f 221/126/438 36/153/439 222/150/440 220/125/128
f 222/150/440 35/149/441 218/124/126 220/125/128
s 43
f 204/110/442 29/109/443 216/119/444 223/461/445
f 216/119/444 33/141/446 224/154/447 223/461/445
s 17
f 224/447/448 36/153/449 221/126/129 223/127/132
s 18
f 179/130/135 32/133/450 226/132/451 225/131/136
f 226/132/451 38/161/452 227/158/453 225/131/136
f 227/158/453 37/157/454 228/128/133 225/131/136
s 44
f 194/99/455 4/98/456 230/135/457 229/459/458
f 230/135/457 39/165/459 231/162/460 229/459/458
s 19
f 231/441/461 38/161/462 226/132/137 229/134/140
s 1
f 107/11/143 3/10/10 233/137/145 232/136/144
f 233/137/145 40/169/463 234/166/464 232/136/144
f 234/166/464 39/165/465 230/135/141 232/136/144
f 186/138/146 31/129/384 228/128/466 235/457/467
f 228/128/466 37/157/468 236/170/469 235/457/467
f 236/434/470 40/169/471 233/137/145 235/139/147
s 21
f 215/142/150 34/145/153 238/144/152 237/143/151
f 238/144/152 42/456/472 239/455/473 237/143/151
f 239/455/473 41/173/474 240/140/148 237/143/151
f 219/146/154 35/149/157 242/148/156 241/453/155
f 242/148/156 43/205/475 243/451/476 241/453/155
f 243/452/476 42/456/472 238/144/152 241/147/155
f 222/150/158 36/153/161 245/152/160 244/151/159
f 245/152/160 44/185/477 246/449/478 244/151/159
f 246/449/478 43/205/475 242/148/156 244/151/159
f 224/154/162 33/141/149 240/140/148 247/446/163
f 240/140/148 41/173/474 248/444/479 247/446/163
f 248/445/479 44/185/477 245/152/160 247/155/163
s 22
f 227/158/166 38/161/169 250/160/168 249/159/167
f 250/160/168 46/443/480 251/442/481 249/159/167
f 251/442/481 45/189/482 252/156/164 249/159/167
f 231/162/170 39/165/173 254/164/172 253/440/171
f 254/164/172 47/219/483 255/438/484 253/440/171
f 255/439/484 46/443/480 250/160/168 253/163/171
f 234/166/174 40/169/177 257/168/176 256/167/175
f 257/168/176 48/201/485 258/436/486 256/167/175
f 258/436/486 47/219/483 254/164/172 256/167/175
f 236/170/178 37/157/165 252/156/164 259/433/179
f 252/156/164 45/189/482 260/431/487 259/433/179
f 260/432/487 48/201/485 257/168/176 259/171/179
s 23
f 239/174/182 42/177/488 262/176/489 261/528/183
s 45
f 262/526/490 50/354/491 181/87/492 261/175/493
f 181/87/492 49/86/494 263/172/495 261/175/493
s off
f 243/178/496 43/450/497 265/216/498 264/527/499
s 28
f 265/513/226 51/215/225 182/355/500 264/179/501
s off
f 182/355/502 50/354/503 262/526/504 264/179/505
s 24
f 267/182/190 57/368/506 268/369/507 266/525/191
s 46
f 268/514/508 59/370/509 269/371/510 266/183/511
f 269/371/510 60/372/512 270/180/513 266/183/511
s off
f 248/186/514 41/479/515 263/524/516 271/523/517
f 263/172/518 49/86/519 184/85/520 271/187/521
s 47
f 184/85/522 52/211/523 272/184/524 271/187/525
s 25
f 251/190/198 46/193/526 274/192/527 273/522/199
s 48
f 274/520/528 54/356/529 189/95/530 273/191/531
f 189/95/530 53/94/532 275/188/533 273/191/531
s off
f 255/194/534 47/437/535 277/230/536 276/521/537
s 30
f 277/507/242 55/229/241 190/357/538 276/195/539
s off
f 190/357/540 54/356/541 274/520/542 276/195/543
s 26
f 279/198/206 61/373/544 280/374/545 278/519/207
s 49
f 280/508/546 63/375/547 281/376/548 278/199/549
f 281/376/548 64/377/550 282/196/551 278/199/549
s off
f 260/202/552 45/478/553 275/518/554 283/517/555
f 275/188/556 53/94/557 192/93/558 283/203/559
s 50
f 192/93/560 56/225/561 284/200/562 283/203/563
s 27
f 246/206/214 44/448/564 286/208/565 285/207/215
s 51
f 286/208/566 57/368/567 267/182/568 285/207/569
f 267/182/568 58/181/570 287/204/571 285/207/569
s 47
f 272/184/524 52/211/523 289/210/572 288/515/573
s off
f 289/210/574 59/370/575 268/514/576 288/515/577
f 268/369/578 57/368/579 286/208/580 288/209/581
s 10
f 183/212/222 51/215/395 291/214/582 290/213/223
s 52
f 291/214/583 60/372/584 269/371/585 290/213/586
f 269/371/585 59/370/587 289/210/588 290/213/586
s off
f 265/216/589 43/450/590 287/204/591 292/512/592
f 287/204/593 58/181/594 270/511/595 292/512/596
f 270/180/597 60/372/598 291/214/599 292/217/600
s 29
f 258/220/230 48/435/601 294/222/602 293/221/231
s 53
f 294/222/603 61/373/604 279/198/605 293/221/606
f 279/198/605 62/197/607 295/218/608 293/221/606
s 50
f 284/200/562 56/225/561 297/224/609 296/509/610
s off
f 297/224/611 63/375/612 280/508/613 296/509/614
f 280/374/615 61/373/616 294/222/617 296/223/618
s 12
f 191/226/238 55/229/398 299/228/619 298/227/239
s 54
f 299/228/620 64/377/621 281/376/622 298/227/623
f 281/376/622 63/375/624 297/224/625 298/227/623
s off
f 277/230/626 47/437/627 295/218/628 300/506/629
f 295/218/630 62/197/631 282/505/632 300/506/633
f 282/196/634 64/377/635 299/228/636 300/231/637
s 3
f 198/234/246 24/237/249 302/236/248 301/429/247
f 302/236/248 65/262/274 303/259/271 301/429/247
f 303/422/271 66/258/270 304/232/244 301/235/247
f 155/238/250 20/241/253 306/240/252 305/239/251
f 306/240/252 67/266/278 307/263/275 305/239/251
f 307/263/275 65/262/274 302/236/248 305/239/251
f 143/242/254 16/245/257 309/244/256 308/427/255
f 309/244/256 68/270/282 310/267/279 308/427/255
f 310/420/279 67/266/278 306/240/252 308/243/255
f 131/246/258 12/233/245 304/232/244 311/247/259
f 304/232/244 66/258/270 312/271/283 311/247/259
f 312/271/283 68/270/282 309/244/256 311/247/259
f 208/249/261 9/26/26 314/251/263 313/425/262
f 314/251/263 70/278/290 315/275/287 313/425/262
f 315/418/287 69/274/286 316/248/260 313/250/262
f 126/25/25 13/38/38 318/253/265 317/252/264
f 318/253/265 71/282/294 319/279/291 317/252/264
f 319/279/291 70/278/290 314/251/263 317/252/264
f 136/37/37 17/50/50 321/255/267 320/423/266
f 321/255/267 72/286/298 322/283/295 320/423/266
f 322/416/295 71/282/294 318/253/265 320/254/266
f 149/49/49 21/62/62 316/248/260 323/256/268
f 316/248/260 69/274/286 324/287/299 323/256/268
f 324/287/299 72/286/298 321/255/267 323/256/268
f 303/259/271 65/262/274 326/261/273 325/421/272
f 326/261/273 73/497/638 199/498/639 325/421/272
f 199/499/639 74/500/640 327/257/269 325/260/272
f 307/263/275 67/266/278 329/265/277 328/264/276
f 329/265/277 75/495/641 200/496/642 328/264/276
f 200/496/642 73/497/638 326/261/273 328/264/276
f 310/267/279 68/270/282 331/269/281 330/419/280
f 331/269/281 76/492/643 201/493/644 330/419/280
f 201/494/644 75/495/641 329/265/277 330/268/280
f 312/271/283 66/258/270 327/257/269 332/272/284
f 327/257/269 74/500/640 202/491/645 332/272/284
f 202/491/645 76/492/643 331/269/281 332/272/284
f 315/275/287 70/278/290 334/277/289 333/417/288
f 334/277/289 78/490/646 209/488/647 333/417/288
f 209/489/647 77/482/648 335/273/285 333/276/288
f 319/279/291 71/282/294 337/281/293 336/280/292
f 337/281/293 79/487/649 210/486/650 336/280/292
f 210/486/650 78/490/646 334/277/289 336/280/292
f 322/283/295 72/286/298 339/285/297 338/415/296
f 339/285/297 80/485/651 211/483/652 338/415/296
f 211/484/652 79/487/649 337/281/293 338/284/296
f 324/287/299 69/274/286 335/273/285 340/288/300
f 335/273/285 77/482/648 212/481/653 340/288/300
f 212/481/653 80/485/651 339/285/297 340/288/300
s off
f 129/291/654 15/46/655 342/293/656 341/292/657
s 3
f 342/293/658 82/305/319 343/302/316 341/292/659
f 343/302/316 81/301/315 344/289/660 341/292/659
f 145/45/45 19/471/58 346/295/308 345/411/307
f 346/295/308 83/309/323 347/306/320 345/411/661
f 347/406/320 82/305/319 342/293/658 345/294/661
f 151/55/309 18/475/54 349/297/311 348/296/310
f 349/297/311 84/313/327 350/310/324 348/296/310
f 350/310/324 83/309/323 346/295/308 348/296/310
f 134/298/312 14/480/662 344/289/663 351/407/313
f 344/289/660 81/301/315 352/314/328 351/407/664
f 352/403/328 84/313/327 349/297/311 351/299/664
f 343/302/316 82/305/319 354/304/318 353/303/317
f 354/304/318 86/345/371 138/43/43 353/303/317
f 138/43/43 85/42/42 355/300/314 353/303/317
f 347/306/320 83/309/323 357/308/322 356/405/321
f 357/308/322 87/347/373 139/404/372 356/405/321
f 139/346/372 86/345/371 354/304/318 356/307/321
f 350/310/324 84/313/327 359/312/326 358/311/325
f 359/312/326 88/349/375 140/348/374 358/311/325
f 140/348/374 87/347/373 357/308/322 358/311/325
f 352/314/328 81/301/315 355/300/314 360/402/329
f 355/300/314 85/42/42 141/401/41 360/402/329
f 141/41/41 88/349/375 359/312/326 360/315/329
f 205/317/331 89/342/356 362/341/355 361/399/332
f 362/341/355 5/14/14 207/398/114 361/399/332
f 207/113/114 25/112/113 363/316/330 361/318/332
f 159/319/333 26/322/336 365/321/335 364/320/334
f 365/321/335 91/78/78 168/75/75 364/320/334
f 168/75/75 90/74/74 363/316/330 364/320/334
f 163/323/337 27/326/340 367/325/339 366/324/338
f 367/325/339 92/82/82 173/79/79 366/324/338
f 173/79/79 91/78/78 365/321/335 366/324/338
f 166/327/341 28/351/377 369/394/665 368/328/342
f 369/394/665 93/352/387 177/83/83 368/328/342
f 177/83/83 92/82/82 367/325/339 368/328/342
f 195/331/345 93/352/387 369/394/665 370/396/346
f 369/394/665 28/351/377 197/395/103 370/396/346
f 197/103/103 8/102/102 371/329/343 370/332/346
f 109/335/349 94/330/344 371/329/343 372/336/350
f 371/329/343 8/102/102 120/23/23 372/336/350
f 120/23/23 7/22/22 373/333/347 372/336/350
f 105/339/353 95/334/348 373/333/347 374/340/354
f 373/333/347 7/22/22 116/19/19 374/340/354
f 116/19/19 6/18/18 375/337/351 374/340/354
f 100/343/357 96/338/352 375/337/351 376/344/358
f 375/337/351 6/18/18 111/15/15 376/344/358
f 111/15/15 5/14/14 362/341/355 376/344/358
s 55
f 202/385/666 74/380/667 377/106/668 378/105/669
s off
f 74/380/670 199/379/671 379/107/672 377/106/673
f 199/379/674 73/378/675 381/358/676 379/107/677
s 56
f 73/378/678 200/504/679 382/503/680 381/358/681
f 200/382/679 75/381/682 383/360/683 382/359/680
s off
f 75/381/684 201/384/685 384/361/686 383/360/687
f 201/384/688 76/383/689 385/362/690 384/361/691
s 55
f 76/383/692 202/385/666 378/105/669 385/362/693
s 57
f 212/393/694 77/388/695 387/116/696 386/501/697
s off
f 77/388/698 209/387/699 388/117/700 387/116/701
f 209/387/702 78/386/703 390/363/704 388/117/705
s 58
f 78/386/706 210/390/707 391/364/708 390/363/709
f 210/390/707 79/389/710 392/365/711 391/364/708
s off
f 79/389/712 211/392/713 393/366/714 392/365/715
f 211/392/716 80/391/717 394/367/718 393/366/719
s 57
f 80/391/720 212/502/694 386/115/697 394/367/721
