# This file uses centimeters as units for non-parametric coordinates.

mtllib fall_frame.45.mtl
g default
v -22.912054 24.321369 -37.216347
v -10.291415 20.142069 -36.864719
v 2.340193 18.137648 -43.618454
v 10.259662 8.784434 -49.105755
v -37.498863 21.201387 -57.476269
v -25.787325 29.711655 -62.220676
v -9.163939 27.516706 -69.333786
v 0.304595 16.267300 -73.663803
v -46.383003 19.549486 -86.140045
v -34.528320 27.886337 -84.171364
v -20.374899 26.975391 -89.666161
v -13.392176 18.202047 -97.500542
v -53.921745 22.038363 -92.350082
v -40.277111 23.570986 -103.553406
v -29.565479 22.928762 -107.542351
v -13.188698 20.068129 -108.042625
v -54.555298 10.804890 -92.676697
v -43.418072 12.023533 -104.503967
v -29.189796 11.086896 -109.867752
v -14.473931 8.922734 -108.180725
v -46.749760 11.380937 -87.357597
v -37.469837 4.630375 -87.891685
v -23.316681 3.720500 -93.394188
v -14.694051 10.197710 -98.007332
v -39.040138 8.426735 -57.091747
v -27.657610 2.892817 -62.206356
v -13.757887 1.136342 -68.102745
v -1.274175 3.194646 -73.300751
v -27.899279 13.486788 -32.668892
v -14.683355 11.094490 -29.341892
v -0.801363 11.898673 -35.113800
v 3.896227 2.155990 -42.257080
v -26.567364 34.477665 -6.226436
v -19.908712 31.117897 -4.716060
v -14.435868 39.236889 -7.667655
v -21.157644 42.429169 -9.047979
v 25.491575 13.556558 -18.335510
v 27.554466 6.148815 -19.725857
v 35.820290 10.108481 -28.648792
v 33.764339 17.521353 -27.260033
v -38.947586 8.952516 -11.893537
v -31.851477 7.627691 -12.757591
v -30.547472 7.303635 -2.059411
v -37.777519 8.019575 -1.254313
v 44.187733 11.355906 7.913769
v 46.592678 4.314891 6.889422
v 55.832035 8.209910 2.630764
v 53.281410 15.256042 3.312043
v -40.299278 3.344799 -12.965915
v -31.611032 2.492590 -13.935732
v -28.386938 1.629609 0.464511
v -40.073982 2.354393 1.717644
v 45.119373 12.018399 12.962486
v 48.131397 3.582778 12.058003
v 61.187710 7.546850 6.659217
v 57.130142 18.575882 7.576281
v -36.970600 5.726348 17.071457
v -27.741922 5.293013 16.099022
v -37.158253 2.183974 16.869112
v -27.929577 1.750639 15.896677
v 69.313553 22.518414 -1.992042
v 72.543320 13.831743 -2.634067
v 70.552719 22.733540 1.331027
v 73.782486 14.046867 0.689002
v 9.409795 5.710505 -96.185326
v 10.353190 16.537739 -96.905998
v 9.747351 4.572733 -106.549843
v 10.972910 15.813283 -107.629326
v -45.820843 12.943399 -65.899132
v -48.756931 19.542595 -73.283455
v -56.692207 23.629253 -68.340988
v -55.112217 14.686270 -63.663338
v 37.099415 5.302926 -94.366257
v 37.517227 15.063446 -94.127007
v 37.384823 5.382893 -98.125580
v 37.802605 15.143499 -97.886230
v -26.406895 33.368931 -64.903969
v -29.785225 37.779396 -72.943626
v -32.140247 39.829674 -70.829262
v -28.761917 35.419209 -62.789612
v -43.672577 24.543083 -119.064751
v -29.016747 20.342587 -120.332542
v -29.556664 6.140517 -113.019035
v -50.053116 12.489440 -111.065414
v -46.859818 13.406189 -137.731995
v -33.114479 7.753777 -137.737778
v -39.644508 -7.220457 -130.342682
v -52.747688 -1.832115 -130.337173
v -26.446016 21.729605 -40.870419
v -29.228926 9.631303 -38.960434
v -18.151508 4.149972 -42.245136
v -7.114064 3.830579 -47.586689
v 3.593019 2.560603 -52.631023
v 6.703826 13.941225 -55.156967
v -2.616792 21.520000 -50.614464
v -15.704865 23.681021 -44.391338
v -18.514046 22.960691 -39.936165
v -17.167702 23.644066 -37.020397
v -12.835588 22.053450 -40.731197
v -21.450695 23.472427 -42.421486
v -24.102909 22.513041 -39.333035
v -6.966738 21.642138 -43.766571
v -3.483068 20.939001 -40.069340
v -0.155132 20.097967 -47.606277
v -9.504691 22.904705 -47.270092
v 5.230118 15.958262 -50.695927
v 8.275721 14.113425 -48.334309
v 8.028913 10.974746 -51.899731
v 3.197361 18.308475 -53.580437
v -38.100319 24.549032 -70.630585
v -32.977631 26.037415 -59.272690
v -31.389063 28.001011 -72.461273
v -42.195534 24.553596 -82.635811
v -42.815037 20.165709 -69.536461
v -22.203676 27.439001 -74.935394
v -17.373846 29.463036 -65.789383
v -13.996340 26.460817 -79.592339
v -27.606871 26.215631 -87.136452
v -8.714417 21.823740 -82.540642
v -3.071665 22.072123 -72.077095
v -5.364660 16.833727 -84.485687
v -14.375151 22.816465 -93.264778
v -44.662865 25.554583 -92.539238
v -38.321064 27.032167 -96.429276
v -48.612648 24.420105 -99.826691
v -50.512756 22.530781 -88.646111
v -31.857094 26.609747 -98.157173
v -25.911922 26.235424 -101.233170
v -35.550636 24.642824 -108.910118
v -19.091570 24.108620 -102.199417
v -12.051688 20.913525 -102.604218
v -21.077967 22.907825 -110.102966
v -50.219387 18.437134 -102.407043
v -42.616245 18.093563 -106.436218
v -51.300610 11.350959 -101.117676
v -54.828266 16.469128 -92.961670
v -41.889900 5.956388 -141.109222
v -39.857292 10.895997 -137.966644
v -34.819195 0.714149 -136.933685
v -46.952148 -6.365369 -129.793243
v -51.462830 7.574370 -136.936707
v -22.175205 16.904167 -112.894821
v -13.877994 14.459921 -108.975365
v -21.463139 9.800673 -112.257324
v -30.097055 17.236799 -110.814812
v -47.346474 8.159391 -95.262177
v -41.632828 7.625639 -99.235695
v -44.122902 6.255669 -85.726646
v -50.613651 9.104660 -89.665390
v -34.579441 7.173620 -101.965836
v -37.091816 10.624351 -108.621010
v -27.506153 6.719180 -104.705681
v -30.393862 4.167146 -90.618416
v -20.665304 6.811630 -104.911888
v -13.969481 7.748786 -102.407318
v -16.722982 4.665028 -96.038765
v -39.777355 4.547181 -72.676567
v -32.828079 2.800310 -75.322495
v -34.472706 4.571323 -59.159431
v -44.100281 8.227155 -70.528137
v -25.817482 2.144873 -78.157043
v -18.759365 1.619360 -80.929382
v -20.750895 1.939477 -65.204651
v -11.915979 2.045986 -83.904800
v -6.871976 4.739118 -85.493950
v -6.728225 0.889548 -71.049438
v -23.681902 6.993935 -35.899891
v -24.746239 5.860509 -40.065479
v -16.838245 4.950369 -37.446411
v -23.443615 9.057596 -31.650585
v -28.129442 11.087825 -35.847565
v -10.732887 5.594090 -39.859982
v -12.338411 3.821094 -45.023388
v -5.565214 5.598620 -42.601082
v -9.101402 7.750186 -34.779869
v -0.929357 3.337970 -44.774990
v -1.502517 2.156670 -50.030197
v 3.324496 2.207941 -47.155193
v 0.193574 4.972912 -39.743797
v -35.240681 2.539459 -7.432833
v -36.274906 3.059520 -15.955531
v -29.458651 2.047000 -8.064919
v -34.226982 1.983275 1.089072
v -41.088974 3.082928 -6.779137
v -1.664622 20.129835 -37.392574
v 11.153270 16.862528 -33.469391
v -14.097804 20.232906 -21.882929
v 51.837219 10.007967 10.138521
v 44.656204 6.943632 13.429489
v 53.855244 4.485651 9.571291
v 59.157280 13.062689 7.126774
v 49.876896 15.511797 10.673852
v 6.428804 5.661548 -49.808456
v 7.534482 4.367148 -45.819492
v 6.274953 7.431905 -54.404129
v -4.179673 10.225051 -84.989166
v 1.317262 9.147582 -74.265816
v -12.219116 14.325033 -96.270676
v 37.255619 10.302060 -93.473053
v 37.174679 4.382940 -95.917984
v 37.604637 10.399851 -98.070236
v 37.685596 16.318903 -95.625366
v -27.693441 17.045963 -37.449825
v -26.949276 19.274118 -35.006691
v -29.405333 15.708281 -39.471619
v -45.143059 13.856911 -68.633331
v -40.283424 14.733723 -56.425602
v -45.974415 15.331732 -86.174797
v -27.660355 35.215195 -69.468369
v -31.165951 39.165543 -73.091324
v -30.540260 37.722435 -66.882767
v -27.034664 33.772083 -63.259811
v -24.496181 19.563910 -18.074236
v -19.631208 19.905842 -17.202732
v -23.581104 32.020172 -5.294896
v -27.924091 23.988272 -19.293533
v -14.998972 23.966570 -19.558323
v -13.657133 29.776731 -22.490261
v -15.731348 34.797287 -5.832536
v -16.488684 32.762196 -25.204748
v -21.855953 33.813236 -24.711164
v -16.486185 42.510590 -9.173996
v -26.047045 29.407692 -22.425356
v -24.692190 39.133511 -7.613152
v 11.375899 7.874164 -28.500477
v 14.729789 3.940283 -30.161209
v 25.762098 9.663157 -18.225353
v 12.155692 12.789433 -28.509979
v 19.017103 4.867085 -35.007999
v 22.849079 8.039283 -39.275661
v 32.237965 7.286660 -24.655918
v 21.988485 13.252580 -40.416149
v 20.310946 16.868425 -37.660751
v 36.263802 14.694798 -29.579735
v 15.683968 16.424082 -32.883251
v 29.533335 16.956894 -22.818487
v -28.688278 23.480751 -14.427275
v -24.598566 22.143064 -12.842963
v -35.674385 8.361300 -14.422050
v -31.977982 25.551365 -11.683017
v -22.512697 21.490862 -6.665277
v -22.858812 22.264410 -0.257028
v -30.063667 7.252273 -7.853772
v -26.316338 23.534513 2.326212
v -30.142672 25.663851 0.792612
v -33.861053 7.461967 1.385466
v -32.284622 26.051193 -5.169324
v -39.577206 8.818100 -6.721520
v 34.445580 7.892211 -4.344915
v 36.887501 4.647705 -6.759415
v 43.787647 7.118235 8.266306
v 34.598545 12.494142 -4.817916
v 42.214500 5.837097 -10.591967
v 46.752510 9.309192 -14.045556
v 51.253937 5.071930 4.523791
v 47.360943 13.979923 -13.872591
v 44.499256 17.143335 -12.147056
v 57.147598 12.752864 1.970091
v 39.267967 16.086613 -8.107223
v 48.068359 14.272916 5.752516
v -36.063210 5.829220 -15.813887
v -31.431028 5.182522 -13.798768
v -40.068905 6.217148 -12.813492
v -29.279179 4.748252 -7.926209
v -28.203920 4.422305 0.615641
v -32.154991 5.103876 18.676184
v -32.304878 6.479626 16.640644
v -38.014458 5.379008 19.293602
v -32.595295 0.997361 16.327490
v -26.295525 4.828743 18.058767
v -40.851013 5.973094 -6.625778
v -39.883545 5.154432 1.868237
v 43.651142 6.795544 10.959673
v 47.091145 3.436235 9.508450
v 44.115082 11.870700 10.498697
v 52.789295 4.337107 6.931638
v 60.170116 7.388633 4.052127
v 72.870926 18.932745 -2.792551
v 70.589142 18.116175 -3.222952
v 70.820282 24.448088 -2.384917
v 72.506897 18.449106 1.919912
v 74.921570 13.417407 -3.200185
v 48.856224 15.360394 8.127878
v 56.112862 18.416979 4.963057
v -33.084812 6.959438 9.011815
v -38.262901 7.202962 9.557549
v -27.909111 6.709295 8.465641
v -39.087742 4.558466 9.476906
v -39.238270 1.756107 9.317394
v -33.383156 1.479075 8.700639
v -27.524675 1.195868 8.082270
v -27.373188 3.998342 8.241592
v 63.896282 15.433031 -0.565896
v 62.084251 20.306595 -0.205205
v 65.712364 10.559184 -0.918410
v 62.784603 21.110157 2.350996
v 63.768829 21.279066 4.976556
v 65.817291 15.763968 4.565444
v 67.867760 10.249393 4.165178
v 66.885132 10.079761 1.536578
v -0.466487 13.637574 -96.751122
v -1.238083 8.933117 -97.035042
v 9.834176 11.192158 -95.027802
v 0.298616 17.756968 -99.046959
v -1.396403 7.050525 -100.800484
v -1.218942 7.013471 -105.739334
v 9.446012 4.074740 -100.810905
v -0.472812 11.363915 -107.396996
v 0.283451 15.943360 -107.721970
v 10.455249 10.058717 -107.986320
v 0.459020 17.907003 -103.250336
v 10.750140 17.484531 -101.904213
v -46.121372 16.915638 -76.577271
v -47.853443 21.357042 -77.052818
v -45.975945 15.856606 -69.984207
v -47.121490 12.353945 -76.386246
v -52.085800 22.204313 -77.562576
v -56.717289 21.061600 -78.215607
v -52.563286 22.446600 -71.527328
v -57.111397 16.465603 -78.099724
v -56.063412 11.908911 -77.513374
v -56.509438 19.453142 -65.477699
v -51.169823 11.128023 -76.765404
v -49.753101 13.017387 -64.092690
v 18.877148 10.671387 -93.124496
v 18.765644 5.572118 -94.940636
v 19.228739 15.695612 -94.753876
v 19.005743 4.542681 -99.149902
v 19.452930 5.619784 -104.655464
v 19.758566 10.815905 -105.045990
v 19.960100 15.848915 -104.508102
v 19.602110 16.963848 -98.960823
v -39.343826 21.084639 -71.534454
v -42.117897 24.323801 -74.747002
v -38.890072 19.480379 -66.134064
v -45.233326 27.133144 -73.270615
v -48.428009 29.448154 -69.099373
v -47.371677 27.001360 -64.572411
v -45.773849 23.878635 -60.677471
v -41.580029 20.850126 -62.792984
v -35.171082 28.771778 -112.484039
v -30.683695 20.499599 -113.200104
v -35.769924 24.990210 -120.717041
v -42.508396 21.968733 -110.052231
v -28.700901 16.670061 -113.220383
v -31.650688 12.003970 -112.024254
v -26.692228 12.585445 -117.001938
v -38.175880 9.491264 -110.098114
v -43.440548 13.474094 -108.834259
v -39.921021 8.365814 -111.730751
v -45.226753 18.815922 -108.929573
v -49.359421 19.066639 -114.887436
v -37.297962 17.383068 -132.945419
v -28.513920 10.178326 -132.791260
v -48.420292 18.364302 -132.782898
v -30.194248 1.987418 -127.937691
v -34.306919 -3.656719 -122.390327
v -44.818222 -1.185126 -121.021378
v -54.028419 4.453234 -122.382042
v -52.984756 11.359422 -127.928116
v -34.949432 15.511206 -47.004356
v -32.274441 21.965761 -48.238850
v -34.049644 9.202371 -47.381683
v -29.507917 5.436516 -49.556511
v -22.780497 3.893864 -52.462925
v -16.779558 2.793242 -55.754154
v -10.347933 1.801139 -58.083977
v -3.608621 1.075613 -61.265926
v 1.924325 2.956139 -63.659374
v 4.394671 8.863910 -64.810425
v 3.725929 15.992693 -64.541458
v -0.206146 20.900454 -63.458591
v -5.109519 23.958660 -60.585987
v -13.890602 25.643883 -57.827847
v -21.794233 26.783199 -53.028797
v -27.821085 25.547262 -50.974945
v 51.430588 14.909244 -92.848808
v 51.617939 16.271963 -94.536392
v 51.174778 9.753753 -92.506531
v 51.344898 9.801417 -94.747231
v 50.977547 4.324938 -93.108353
v 51.063923 3.328650 -94.853775
v 51.298756 4.414937 -97.339256
v 51.537331 9.855336 -97.282028
v 51.751797 14.999243 -97.079720
v -17.086002 43.439495 -61.610359
v -16.365948 42.968098 -63.428562
v -17.954947 45.170197 -68.171867
v -19.325975 46.363811 -66.940956
v -20.029375 47.750763 -72.146683
v -21.565943 49.288113 -72.271553
v -22.679840 50.058243 -69.767082
v -20.946562 47.774677 -65.485977
v -19.016397 45.275574 -61.048965
vt 0.208431 0.494797
vt 0.208575 0.478116
vt 0.229443 0.475893
vt 0.229271 0.493426
vt 0.252729 0.492198
vt 0.256170 0.471571
vt 0.275357 0.475888
vt 0.275429 0.493819
vt 0.298111 0.492176
vt 0.294163 0.471736
vt 0.321331 0.475953
vt 0.321541 0.493432
vt 0.198757 0.641525
vt 0.200055 0.589825
vt 0.221664 0.590600
vt 0.219751 0.640956
vt 0.244967 0.639373
vt 0.247968 0.591507
vt 0.275466 0.591669
vt 0.275481 0.635804
vt 0.305994 0.639365
vt 0.302966 0.591494
vt 0.329276 0.590573
vt 0.331197 0.640955
vt 0.199789 0.728809
vt 0.197393 0.704590
vt 0.219517 0.692482
vt 0.227784 0.730211
vt 0.252859 0.733034
vt 0.249003 0.687406
vt 0.275511 0.688085
vt 0.275516 0.730408
vt 0.298175 0.733010
vt 0.302021 0.687396
vt 0.331536 0.692451
vt 0.323246 0.730162
vt 0.805511 0.686057
vt 0.204711 0.752714
vt 0.229559 0.760254
vt 0.782889 0.696424
vt 0.784986 0.875584
vt 0.254181 0.941082
vt 0.275435 0.940431
vt 0.742298 0.896742
vt 0.699334 0.736241
vt 0.297037 0.807427
vt 0.321459 0.760204
vt 0.696358 0.696343
vt 0.808954 0.641287
vt 0.805193 0.664541
vt 0.784300 0.671779
vt 0.785729 0.644267
vt 0.763331 0.647822
vt 0.762442 0.673765
vt 0.742276 0.741120
vt 0.739609 0.647377
vt 0.715889 0.647774
vt 0.716786 0.673709
vt 0.694936 0.671695
vt 0.693494 0.644181
vt 0.806875 0.557726
vt 0.810121 0.617205
vt 0.790367 0.607046
vt 0.787575 0.557696
vt 0.763367 0.556090
vt 0.764746 0.603486
vt 0.739627 0.603152
vt 0.739688 0.556093
vt 0.716014 0.556064
vt 0.714496 0.603455
vt 0.688836 0.606971
vt 0.691820 0.557642
vt 0.803405 0.420481
vt 0.802841 0.435733
vt 0.782960 0.432290
vt 0.783371 0.416064
vt 0.759505 0.410786
vt 0.759570 0.428509
vt 0.739756 0.426992
vt 0.739743 0.409699
vt 0.720007 0.410786
vt 0.719946 0.428500
vt 0.696571 0.432245
vt 0.696182 0.416016
vt 0.819305 0.093413
vt 0.797386 0.086157
vt 0.790779 0.072322
vt 0.822344 0.073237
vt 0.265809 0.416173
vt 0.762697 0.377789
vt 0.739788 0.389948
vt 0.275377 0.462947
vt 0.364323 0.097210
vt 0.342669 0.089884
vt 0.336664 0.075169
vt 0.367299 0.076188
vt 0.342559 0.494848
vt 0.342402 0.478170
vt 0.366070 0.480227
vt 0.366198 0.495669
vt 0.352247 0.641476
vt 0.350872 0.589816
vt 0.374237 0.588973
vt 0.374011 0.638442
vt 0.936729 0.462892
vt 0.940585 0.464321
vt 0.946953 0.476690
vt 0.936605 0.482861
vt 0.804780 0.405462
vt 0.824266 0.410023
vt 0.823186 0.423812
vt 0.805355 0.509178
vt 0.825584 0.509339
vt 0.825621 0.554997
vt 0.118742 0.522844
vt 0.058006 0.517789
vt 0.074507 0.510871
vt 0.084702 0.516921
vt 0.822269 0.350445
vt 0.784755 0.399833
vt 0.805305 0.347137
vt 0.793942 0.336256
vt 0.777469 0.322538
vt 0.236211 0.409364
vt 0.220899 0.415267
vt 0.203041 0.415110
vt 0.182178 0.419746
vt 0.685950 0.336155
vt 0.717407 0.377787
vt 0.694840 0.399772
vt 0.674409 0.347030
vt 0.657366 0.350391
vt 0.674734 0.405426
vt 0.637625 0.358046
vt 0.347747 0.415166
vt 0.329799 0.415381
vt 0.314324 0.409429
vt 0.706215 0.336018
vt 0.292514 0.404556
vt 0.870618 0.237836
vt 0.844433 0.293934
vt 0.832214 0.287148
vt 0.858351 0.228645
vt 0.844944 0.223065
vt 0.821107 0.280742
vt 0.243727 0.342391
vt 0.826584 0.212775
vt 0.214622 0.282882
vt 0.224361 0.346790
vt 0.210147 0.349538
vt 0.199596 0.284960
vt 0.184434 0.288656
vt 0.194986 0.352422
vt 0.864110 0.304875
vt 0.163133 0.290367
vt 0.634803 0.222910
vt 0.658751 0.280554
vt 0.647480 0.287052
vt 0.621343 0.228556
vt 0.609012 0.237734
vt 0.635143 0.293889
vt 0.375465 0.356065
vt 0.590820 0.249121
vt 0.366326 0.288752
vt 0.355651 0.352469
vt 0.340563 0.349608
vt 0.351134 0.285011
vt 0.336042 0.282967
vt 0.326383 0.346874
vt 0.678330 0.268182
vt 0.315081 0.275917
vt 0.789900 0.091626
vt 0.894734 0.181072
vt 0.223763 0.023658
vt 0.779683 0.072008
vt 0.205625 0.023651
vt 0.212375 0.030485
vt 0.208733 0.046428
vt 0.818124 0.043214
vt 0.919973 0.054113
vt 0.218394 0.124576
vt 0.231547 0.124829
vt 0.925982 0.076298
vt 0.853028 0.105343
vt 0.173602 0.224408
vt 0.245023 0.044913
vt 0.815784 0.102925
vt 0.335499 0.095534
vt 0.609223 0.166963
vt 0.147562 0.023794
vt 0.325939 0.074804
vt 0.129108 0.019171
vt 0.133886 0.026698
vt 0.125138 0.040618
vt 0.363323 0.044920
vt 0.461211 0.056389
vt 0.114656 0.083148
vt 0.128082 0.110700
vt 0.466974 0.079440
vt 0.396801 0.109583
vt 0.345740 0.218419
vt 0.158805 0.046562
vt 0.361009 0.107136
vt 0.212264 0.093809
vt 0.204982 0.218327
vt 0.226791 0.056935
vt 0.229179 0.093286
vt 0.246067 0.092223
vt 0.255137 0.092099
vt 0.884191 0.095549
vt 0.853655 0.095653
vt 0.854753 0.074189
vt 0.884265 0.075061
vt 0.885799 0.054616
vt 0.855335 0.052709
vt 0.203340 0.068369
vt 0.888472 0.044995
vt 0.116537 0.064410
vt 0.377147 0.224500
vt 0.136900 0.057215
vt 0.135301 0.068971
vt 0.159593 0.072808
vt 0.169578 0.075371
vt 0.426769 0.099419
vt 0.397393 0.099512
vt 0.398467 0.077209
vt 0.426850 0.078134
vt 0.428347 0.056895
vt 0.399054 0.054890
vt 0.111199 0.052142
vt 0.430928 0.046902
vt 0.398347 0.732496
vt 0.353774 0.704759
vt 0.655189 0.607952
vt 0.404645 0.715309
vt 0.625247 0.642548
vt 0.669008 0.617360
vt 0.670290 0.641156
vt 0.629866 0.657272
vt 0.633967 0.675274
vt 0.674058 0.664432
vt 0.345812 0.774768
vt 0.637449 0.692485
vt 0.387906 0.765553
vt 0.346295 0.752641
vt 0.351218 0.728717
vt 0.392980 0.747350
vt 0.854032 0.642643
vt 0.181252 0.694641
vt 0.859345 0.625630
vt 0.152631 0.732602
vt 0.157999 0.747449
vt 0.163074 0.765647
vt 0.167481 0.783084
vt 0.845329 0.675366
vt 0.849419 0.657366
vt 0.462802 0.754848
vt 0.433121 0.744888
vt 0.586158 0.633072
vt 0.469035 0.736153
vt 0.562716 0.661102
vt 0.591598 0.653084
vt 0.596668 0.669873
vt 0.567525 0.676181
vt 0.573571 0.695803
vt 0.602326 0.689166
vt 0.414557 0.801264
vt 0.575415 0.714705
vt 0.450039 0.789809
vt 0.420413 0.781867
vt 0.427222 0.762131
vt 0.457315 0.770152
vt 0.916571 0.661069
vt 0.887682 0.653104
vt 0.112049 0.724515
vt 0.922852 0.642462
vt 0.088177 0.754903
vt 0.117860 0.744959
vt 0.123753 0.762207
vt 0.093657 0.770210
vt 0.100926 0.789871
vt 0.130556 0.781946
vt 0.872833 0.708772
vt 0.104321 0.808576
vt 0.905760 0.695791
vt 0.876995 0.689207
vt 0.882631 0.669903
vt 0.911782 0.676158
vt 0.245118 0.820265
vt 0.256063 0.761423
vt 0.275458 0.816348
vt 0.275456 0.817082
vt 0.305796 0.819611
vt 0.322444 0.827635
vt 0.716707 0.746651
vt 0.742277 0.751635
vt 0.767846 0.746640
vt 0.232576 0.815700
vt 0.789238 0.746868
vt 0.242805 0.909093
vt 0.242913 0.847487
vt 0.275453 0.850080
vt 0.275444 0.899369
vt 0.308078 0.909112
vt 0.307992 0.847504
vt 0.685718 0.768892
vt 0.335635 0.923345
vt 0.710517 0.826756
vt 0.709025 0.772272
vt 0.742280 0.767854
vt 0.742288 0.823907
vt 0.774059 0.826743
vt 0.775535 0.772258
vt 0.216918 0.852154
vt 0.800161 0.835727
vt 0.803587 0.472219
vt 0.184266 0.511368
vt 0.823748 0.473030
vt 0.786007 0.508646
vt 0.783967 0.470951
vt 0.760849 0.468488
vt 0.762764 0.507838
vt 0.739729 0.507585
vt 0.739749 0.469813
vt 0.718652 0.468468
vt 0.716699 0.507812
vt 0.693463 0.508589
vt 0.695538 0.470900
vt 0.347089 0.550471
vt 0.343449 0.511536
vt 0.656251 0.437958
vt 0.370672 0.549455
vt 0.305626 0.550928
vt 0.300328 0.509969
vt 0.323635 0.511057
vt 0.326613 0.553291
vt 0.245263 0.550946
vt 0.250519 0.509979
vt 0.275426 0.509223
vt 0.275447 0.553833
vt 0.203857 0.550446
vt 0.207534 0.511493
vt 0.227207 0.511082
vt 0.224277 0.553331
vt 0.296688 0.941095
vt 0.317831 0.963343
vt 0.722395 0.859395
vt 0.742293 0.859091
vt 0.762190 0.859387
vt 0.672412 0.557619
vt 0.673996 0.509116
vt 0.676597 0.435714
vt 0.676064 0.420456
vt 0.798456 0.058765
vt 0.820876 0.052919
vt 0.343747 0.061021
vt 0.365907 0.055032
vt 0.963235 0.483911
vt 0.902883 0.489040
vt 0.909072 0.482168
vt 0.925033 0.475729
vt 0.931354 0.463643
vt 0.080884 0.498420
vt 0.084741 0.496992
vt 0.090126 0.497750
vt 0.096539 0.509638
vt 0.112499 0.516024
vt 0.245369 0.109349
vt 0.249130 0.116712
vt 0.914174 0.091435
vt 0.914507 0.075957
vt 0.915392 0.060496
vt 0.143488 0.116794
vt 0.145270 0.126440
vt 0.455609 0.095160
vt 0.455938 0.079081
vt 0.456800 0.063019
vt 0.982240 0.434188
vt 0.963585 0.427947
vt 0.946509 0.423110
vt 0.890921 0.433118
vt 0.882130 0.436526
vt 0.926679 0.423006
vt 0.909612 0.427375
vt 0.937930 0.422313
vt 0.075163 0.457134
vt 0.058225 0.461798
vt 0.039557 0.467684
vt 0.094859 0.456979
vt 0.083682 0.456346
vt 0.130564 0.466891
vt 0.111877 0.461251
vt 0.033116 0.470128
vt 0.675805 0.472192
vt 0.653419 0.509254
vt 0.655248 0.472962
vt 0.367019 0.511392
vt 0.176921 0.588998
vt 0.180547 0.549455
vt 0.822760 0.437993
vt 0.233028 0.963316
vt 0.215241 0.923308
vt 0.798841 0.768868
vt 0.699605 0.875602
vt 0.684417 0.835751
vt 0.333987 0.852188
vt 0.228471 0.827609
vt 0.254212 0.785439
vt 0.759269 0.697501
vt 0.785216 0.736222
vt 0.695315 0.746888
vt 0.719972 0.697428
vt 0.296799 0.785396
vt 0.318344 0.815723
vt 0.903939 0.714697
vt 0.136407 0.801345
vt 0.081951 0.736203
vt 0.893090 0.633076
vt 0.446638 0.808511
vt 0.606509 0.708725
vt 0.556410 0.642507
vt 0.438944 0.724452
vt 0.841861 0.692578
vt 0.205190 0.774839
vt 0.146366 0.715395
vt 0.823906 0.608060
vt 0.383498 0.782992
vt 0.673752 0.685953
vt 0.619881 0.625562
vt 0.369876 0.694574
vt 0.624476 0.158216
vt 0.327082 0.211968
vt 0.653476 0.212425
vt 0.306569 0.342322
vt 0.153133 0.050558
vt 0.361352 0.222428
vt 0.125968 0.045756
vt 0.396618 0.225899
vt 0.569871 0.190223
vt 0.388031 0.290471
vt 0.615162 0.304972
vt 0.596954 0.173816
vt 0.584932 0.180968
vt 0.909456 0.190131
vt 0.154402 0.225852
vt 0.888489 0.249012
vt 0.175675 0.355943
vt 0.241882 0.047343
vt 0.189385 0.222364
vt 0.213528 0.046751
vt 0.223402 0.212053
vt 0.855547 0.158550
vt 0.235225 0.276013
vt 0.801766 0.268578
vt 0.882733 0.173912
vt 0.870470 0.167071
vt 0.702590 0.322102
vt 0.284431 0.416033
vt 0.369025 0.419829
vt 0.654789 0.409992
vt 0.841623 0.358035
vt 0.185243 0.480200
vt 0.257695 0.404697
vt 0.773758 0.336466
vt 0.177136 0.638471
vt 0.185108 0.495641
vt 0.653403 0.554919
vt 0.655840 0.423782
vt 0.740026 0.329135
vt 0.739609 0.679991
vt 0.717946 0.727940
vt 0.321543 0.784229
vt 0.275425 0.981496
vt 0.229466 0.784279
vt 0.766602 0.727930
vt 0.275513 0.766895
vt 0.294962 0.761394
vt 0.158494 0.031032
vt 0.235614 0.029385
vt 0.253884 0.807420
vt 0.968218 0.693073
vt 0.970279 0.686813
vt 0.964692 0.720144
vt 0.041234 0.817480
vt 0.965692 0.701614
vt 0.035620 0.790589
vt 0.038855 0.799577
vt 0.026837 0.766821
vt 0.976742 0.669618
vt 0.033170 0.783659
vt 0.515345 0.790561
vt 0.512107 0.799546
vt 0.509721 0.817448
vt 0.514670 0.720260
vt 0.513647 0.701731
vt 0.511110 0.693195
vt 0.509040 0.686939
vt 0.502555 0.669755
vt 0.524137 0.766797
vt 0.517798 0.783632
vt 0.052820 0.522857
vt 0.139366 0.470253
vt 0.968347 0.489050
vt 0.988625 0.436785
vt 0.108883 0.091107
vt 0.106409 0.062482
vt 0.399209 0.044805
vt 0.459518 0.102060
vt 0.428604 0.109556
vt 0.167704 0.057128
vt 0.215342 0.132259
vt 0.203222 0.094543
vt 0.855471 0.043005
vt 0.918242 0.098075
vt 0.886101 0.105305
vt 0.255511 0.067846
vt 0.169019 0.047690
vt 0.166893 0.025823
vt 0.125973 0.120002
vt 0.337008 0.054912
vt 0.115292 0.038211
vt 0.149847 0.015689
vt 0.254586 0.043904
vt 0.241676 0.021944
vt 0.231922 0.132778
vt 0.791425 0.052872
vt 0.199112 0.046316
vt 0.223332 0.014444
vn 0.002177 0.895728 -0.444597
vn 0.002177 0.895728 -0.444597
vn 0.239348 0.959079 -0.151260
vn 0.172187 0.955058 -0.241281
vn 0.213415 0.968973 0.124684
vn 0.365657 0.929988 -0.037638
vn 0.174111 0.984157 0.033486
vn 0.096540 0.961956 0.255579
vn 0.451010 0.892222 0.023003
vn 0.335320 0.925209 -0.177621
vn 0.712144 0.657361 -0.246428
vn 0.635398 0.765281 -0.103030
vn -0.842181 0.491119 0.222563
vn -0.748720 0.576923 0.326463
vn -0.481095 0.849252 0.217527
vn -0.562001 0.812949 0.152542
vn -0.201351 0.979445 -0.012024
vn -0.106096 0.989507 0.098083
vn 0.141953 0.989451 0.028921
vn 0.039623 0.990945 -0.128286
vn 0.291258 0.935126 -0.201761
vn 0.368870 0.926608 -0.073021
vn 0.662080 0.706154 -0.250993
vn 0.629285 0.705210 -0.326618
vn -0.218388 0.966170 0.137198
vn -0.487419 0.827833 0.277696
vn -0.528175 0.831040 0.174366
vn -0.316267 0.946233 0.067954
vn -0.121943 0.987068 -0.104050
vn -0.114561 0.993375 0.009013
vn 0.052974 0.997351 -0.049846
vn 0.011980 0.991791 -0.127310
vn 0.126617 0.972576 -0.195099
vn 0.206810 0.972439 -0.107667
vn 0.589551 0.770847 -0.241296
vn 0.358700 0.912208 -0.198016
vn -0.960503 0.061612 -0.271362
vn -0.788150 0.590269 -0.174361
vn -0.494703 0.757853 -0.425357
vn -0.676587 0.183241 -0.713199
vn -0.729600 -0.120304 -0.673209
vn -0.331576 0.528700 -0.781367
vn 0.183808 0.445604 -0.876157
vn -0.132621 -0.316296 -0.939345
vn 0.060743 0.212805 -0.975205
vn -0.002815 0.856551 -0.516055
vn 0.152606 0.719859 -0.677136
vn 0.050225 0.139154 -0.988996
vn -0.262109 -0.960912 0.089145
vn -0.829566 -0.526100 -0.187189
vn -0.657545 -0.465306 -0.592558
vn -0.311182 -0.931086 -0.190379
vn -0.228756 -0.927597 -0.295354
vn -0.442074 -0.668708 -0.597830
vn -0.238483 -0.847709 -0.473830
vn -0.178686 -0.934145 -0.308941
vn -0.109025 -0.931909 -0.345917
vn -0.143323 -0.693807 -0.705756
vn 0.069600 -0.527171 -0.846904
vn 0.065937 -0.945486 -0.318918
vn -0.862029 -0.467247 0.196435
vn -0.515166 -0.830747 0.210864
vn -0.485223 -0.874389 0.001607
vn -0.449882 -0.889013 0.085221
vn -0.171177 -0.985228 -0.004997
vn -0.187396 -0.974811 -0.120942
vn -0.129402 -0.978994 -0.157565
vn -0.106841 -0.993248 -0.045212
vn -0.051577 -0.994729 -0.088621
vn -0.058890 -0.980063 -0.189762
vn 0.259888 -0.910234 -0.322384
vn 0.205862 -0.947228 -0.245725
vn -0.803895 -0.357244 0.475531
vn -0.738210 -0.489022 0.464654
vn -0.336283 -0.910145 0.241970
vn -0.360786 -0.870744 0.334122
vn -0.041557 -0.970118 0.239047
vn -0.097429 -0.983905 0.149794
vn 0.008152 -0.986856 0.161397
vn 0.131713 -0.960116 0.246634
vn -0.005613 -0.953657 0.300843
vn -0.059967 -0.977459 0.202430
vn -0.026563 -0.991637 0.126291
vn -0.158731 -0.958190 0.238070
vn -0.091555 -0.994013 -0.059631
vn -0.102255 -0.993444 -0.051110
vn -0.098558 -0.993951 -0.048451
vn -0.088537 -0.994664 -0.052951
vn 0.801009 -0.241540 0.547761
vn 0.558232 -0.518321 0.647858
vn 0.465940 -0.583026 0.665568
vn 0.356810 0.655227 0.665856
vn 0.380401 0.050417 0.923446
vn 0.399874 0.050682 0.915168
vn 0.398229 0.047889 0.916035
vn 0.378349 0.047494 0.924444
vn 0.576157 -0.576375 -0.579513
vn 0.576157 -0.576375 -0.579513
vn 0.576157 -0.576375 -0.579513
vn 0.576157 -0.576375 -0.579513
vn 0.816478 0.375539 -0.438558
vn 0.857379 0.364926 -0.362946
vn 0.908792 -0.125199 -0.398023
vn 0.851005 -0.102372 -0.515084
vn 0.996215 -0.044471 0.074686
vn 0.996215 -0.044471 0.074688
vn 0.996215 -0.044471 0.074688
vn 0.996215 -0.044471 0.074686
vn -0.988880 0.136496 0.059040
vn -0.988880 0.136496 0.059040
vn -0.988880 0.136496 0.059040
vn -0.988880 0.136496 0.059040
vn -0.757449 -0.542577 0.363154
vn -0.904296 0.110303 0.412411
vn -0.966242 0.062428 0.249960
vn 0.700340 0.707607 0.093896
vn 0.700341 0.707606 0.093896
vn 0.700341 0.707606 0.093896
vn 0.700340 0.707607 0.093896
vn -0.718357 -0.523329 0.458356
vn -0.732329 -0.550958 0.400176
vn -0.354098 -0.750939 0.557409
vn -0.412545 -0.706461 0.575082
vn 0.647066 -0.529867 0.548221
vn 0.650224 -0.532107 0.542283
vn 0.961099 0.265743 -0.075299
vn 0.387250 0.756025 -0.527696
vn 0.414719 0.762478 -0.496624
vn -0.762072 0.559760 -0.325447
vn -0.783103 0.518011 -0.344114
vn -0.783103 0.518011 -0.344114
vn -0.765581 0.553148 -0.328502
vn -0.574162 -0.132982 0.807870
vn -0.531345 -0.316315 0.785886
vn -0.474334 -0.578613 0.663487
vn -0.514361 -0.441984 0.734903
vn 0.215075 -0.973605 -0.076390
vn 0.237331 -0.961963 -0.135283
vn 0.237331 -0.961963 -0.135283
vn 0.215014 -0.973631 -0.076230
vn 0.602876 -0.029240 -0.797299
vn 0.560265 0.122495 -0.819206
vn 0.408511 0.613048 -0.676232
vn 0.508337 0.428912 -0.746745
vn 0.177108 0.938982 -0.294866
vn -0.085523 0.894107 0.439613
vn -0.010610 0.997344 0.072062
vn -0.683708 0.483802 -0.546332
vn -0.364602 0.655676 -0.661177
vn 0.286470 0.554399 -0.781394
vn 0.009285 0.243594 -0.969833
vn 0.665351 -0.084844 -0.741694
vn 0.532473 0.261431 -0.805063
vn 0.914520 -0.371619 0.159849
vn 0.901224 -0.411086 -0.137124
vn 0.755459 -0.227827 0.614309
vn 0.422143 0.241886 0.873663
vn 0.150591 0.429613 0.890368
vn 0.114027 0.162217 0.980145
vn -0.524536 0.425615 0.737370
vn -0.084576 0.538130 0.838608
vn -0.680504 0.571717 0.458317
vn -0.879171 0.437114 0.189707
vn -0.634539 0.598823 0.488643
vn -0.606391 0.659199 0.444686
vn -0.809805 -0.315437 0.494688
vn -0.780536 -0.347940 0.519328
vn -0.211575 -0.974627 0.073064
vn -0.223692 -0.973926 0.037814
vn 0.247663 -0.931512 -0.266363
vn 0.263947 -0.934758 -0.237824
vn 0.648867 -0.603433 -0.463508
vn 0.645786 -0.566289 -0.512130
vn 0.766411 0.347925 -0.539965
vn 0.800731 0.336943 -0.495278
vn 0.217970 0.973449 -0.069903
vn 0.239780 0.961657 -0.133120
vn -0.220759 0.954998 0.198100
vn -0.241454 0.939585 0.242652
vn -0.495288 0.464256 -0.734272
vn -0.495288 0.464256 -0.734272
vn -0.077106 0.489313 -0.868693
vn -0.046142 0.487455 -0.871928
vn 0.905643 0.290083 -0.309292
vn 0.905644 0.290083 -0.309292
vn 0.905644 0.290083 -0.309292
vn 0.905644 0.290083 -0.309292
vn 0.168503 0.919169 0.355998
vn 0.168503 0.919170 0.355998
vn 0.082138 0.926774 0.366529
vn 0.082138 0.926774 0.366529
vn -0.778950 0.586358 0.222310
vn -0.778950 0.586358 0.222310
vn -0.778950 0.586358 0.222310
vn -0.778950 0.586358 0.222310
vn -0.995153 0.088602 -0.042658
vn -0.995153 0.088602 -0.042658
vn -0.937813 -0.337299 -0.082067
vn -0.942767 -0.323477 -0.080948
vn 0.005507 -0.951490 -0.307629
vn 0.005507 -0.951491 -0.307629
vn 0.005507 -0.951491 -0.307629
vn 0.005507 -0.951491 -0.307629
vn -0.026569 -0.029339 -0.999216
vn -0.026569 -0.029339 -0.999216
vn -0.057121 0.052449 -0.996989
vn -0.057121 0.052449 -0.996989
vn -0.446786 0.785852 -0.427572
vn -0.446786 0.785852 -0.427572
vn -0.446786 0.785852 -0.427572
vn -0.446786 0.785852 -0.427572
vn 0.070057 0.996434 0.047034
vn 0.070057 0.996434 0.047034
vn 0.070790 0.995772 0.058532
vn 0.070791 0.995772 0.058539
vn -0.869382 0.491362 0.052331
vn -0.869382 0.491362 0.052331
vn -0.869382 0.491362 0.052331
vn -0.869382 0.491362 0.052331
vn -0.062114 -0.995929 -0.065325
vn -0.074238 -0.995112 -0.065124
vn -0.071727 -0.995739 -0.057949
vn -0.061086 -0.996330 -0.059962
vn 0.992159 -0.053035 -0.113175
vn 0.991133 -0.055982 -0.120504
vn 0.991148 -0.055940 -0.120400
vn 0.992159 -0.053035 -0.113175
vn -0.330304 -0.048404 -0.942633
vn -0.330304 -0.048404 -0.942633
vn -0.336204 -0.047553 -0.940588
vn -0.336198 -0.047554 -0.940590
vn -0.521034 0.794684 -0.311449
vn -0.521034 0.794684 -0.311449
vn -0.521034 0.794684 -0.311449
vn -0.521034 0.794684 -0.311449
vn 0.342374 0.053325 0.938049
vn 0.355845 0.051719 0.933113
vn 0.351950 0.049387 0.934715
vn 0.339213 0.051829 0.939281
vn 0.348354 -0.934392 -0.074574
vn 0.350908 -0.932950 -0.080420
vn 0.350987 -0.932905 -0.080601
vn 0.348354 -0.934392 -0.074574
vn 0.064273 0.796178 0.601640
vn 0.681025 0.730214 0.054702
vn 0.025544 0.085607 0.996002
vn -0.048239 0.141224 0.988802
vn -0.154371 -0.568346 0.808178
vn 0.560793 -0.825876 -0.058652
vn 0.080992 -0.996400 0.025064
vn -0.177324 -0.968870 0.172765
vn -0.099374 -0.785725 -0.610542
vn 0.173572 -0.690583 -0.702117
vn 0.248241 -0.027652 -0.968304
vn 0.020110 -0.127327 -0.991657
vn 0.114019 0.551077 -0.826628
vn 0.332822 0.624660 -0.706420
vn 0.352399 0.934721 -0.045944
vn 0.143829 0.986480 -0.078551
vn 0.663588 -0.744806 0.070106
vn 0.998397 -0.030597 0.047621
vn 0.994554 0.090044 0.052478
vn 0.694645 0.715028 0.078759
vn 0.104360 0.994499 -0.008996
vn -0.843295 0.529383 -0.092777
vn -0.996897 -0.060275 -0.050624
vn -0.753940 -0.653544 0.066740
vn -0.051627 -0.989417 0.135601
vn -0.048392 0.593263 0.803553
vn -0.067507 0.749447 0.658613
vn -0.159546 0.077141 0.984172
vn -0.068672 -0.005198 0.997626
vn -0.063362 -0.603648 0.794729
vn -0.182591 -0.640988 0.745516
vn -0.113694 -0.989370 0.090669
vn 0.028552 -0.999488 0.014459
vn 0.263451 -0.595990 -0.758544
vn -0.013439 -0.769443 -0.638575
vn 0.102890 -0.113820 -0.988159
vn 0.331687 -0.019805 -0.943182
vn 0.287533 0.577493 -0.764086
vn 0.138604 0.581396 -0.801728
vn 0.062671 0.993799 -0.091850
vn 0.061596 0.998091 0.004458
vn 0.710375 -0.701500 0.057138
vn 0.498883 -0.830816 0.246700
vn 0.764489 -0.490087 -0.418773
vn 0.595429 -0.560686 -0.575409
vn 0.232707 -0.225453 -0.946054
vn 0.429575 0.246940 -0.868612
vn -0.261895 0.762095 -0.592133
vn -0.375029 0.420440 -0.826186
vn -0.569518 0.820340 0.051876
vn -0.809024 0.568728 0.148418
vn -0.862817 0.184292 0.470727
vn -0.430708 0.639702 0.636610
vn -0.193584 0.221931 0.955653
vn -0.598994 -0.481968 0.639463
vn 0.041161 -0.787360 0.615118
vn 0.319642 -0.389752 0.863668
vn -0.384455 0.876251 0.290479
vn -0.384455 0.876251 0.290479
vn -0.384455 0.876251 0.290479
vn -0.384455 0.876251 0.290479
vn 0.986943 0.159104 -0.025095
vn 0.986943 0.159104 -0.025095
vn 0.991834 -0.018535 -0.126179
vn 0.634125 -0.397033 0.663513
vn -0.122192 -0.991481 -0.045116
vn -0.046266 -0.695137 0.717387
vn -0.604548 -0.366226 0.707390
vn -0.738120 0.286644 -0.610749
vn -0.888025 0.238045 0.393378
vn -0.495020 0.766345 -0.409476
vn -0.457932 0.867277 -0.195267
vn 0.239898 0.889683 -0.388476
vn 0.276273 0.759317 -0.589161
vn 0.867415 0.228317 -0.442112
vn 0.817342 0.489974 -0.303114
vn 0.988847 -0.129140 0.074186
vn 0.905548 -0.401412 -0.137301
vn 0.428481 -0.811332 0.397673
vn 0.534619 -0.631256 0.561871
vn -0.179542 -0.642476 0.744976
vn -0.255876 -0.717653 0.647689
vn -0.861673 -0.319138 0.394551
vn -0.753805 -0.244102 0.610075
vn -0.855505 0.494984 0.151995
vn -0.939918 0.329247 -0.090282
vn -0.742189 -0.494438 0.452422
vn -0.810777 0.216182 0.543973
vn -0.840971 0.170665 0.513460
vn -0.358542 -0.912787 0.195619
vn -0.336310 -0.912065 0.234592
vn -0.128140 -0.982961 0.131788
vn -0.142971 -0.984499 0.101590
vn -0.093229 -0.993542 0.064674
vn -0.069540 -0.989976 0.122930
vn -0.069800 -0.989944 0.123041
vn -0.057962 -0.998097 0.021059
vn 0.139053 -0.986133 -0.090590
vn 0.084023 -0.995953 0.031890
vn 0.904100 0.358541 -0.232489
vn 0.937239 0.306946 -0.165430
vn 0.929445 -0.294437 -0.222347
vn 0.946255 -0.173636 -0.272861
vn 0.417195 0.900631 0.121703
vn 0.372846 0.919537 0.124245
vn 0.652777 0.757538 0.004302
vn 0.670468 0.738671 -0.069553
vn 0.063280 0.962743 0.262911
vn 0.146003 0.964572 0.219736
vn 0.237917 0.955662 0.173513
vn 0.248703 0.942843 0.221796
vn -0.641541 0.632214 0.434431
vn -0.542391 0.699037 0.466003
vn -0.115600 0.945956 0.302990
vn -0.294952 0.897750 0.327183
vn 0.179055 0.956866 0.228794
vn 0.062715 0.974224 0.216690
vn -0.379009 0.879582 0.287556
vn 0.351230 0.934912 0.050761
vn 0.453196 0.883176 0.120888
vn 0.253269 0.947784 0.193804
vn 0.776363 0.445468 -0.445892
vn 0.776363 0.445468 -0.445892
vn 0.972341 -0.002783 -0.233548
vn 0.737170 0.673947 0.048756
vn -0.245881 0.874881 -0.417283
vn -0.049073 0.957534 -0.284114
vn 0.611292 0.107588 -0.784058
vn 0.421108 -0.594962 -0.684608
vn 0.175508 -0.945518 -0.274212
vn -0.369383 -0.897827 -0.239713
vn -0.774849 -0.564885 -0.283750
vn 0.640316 -0.606071 -0.471883
vn 0.627397 -0.718545 -0.300110
vn 0.057112 -0.846447 0.529401
vn -0.213453 -0.811757 0.543589
vn -0.186314 -0.816291 0.546770
vn -0.650729 -0.632062 0.420772
vn -0.650729 -0.632062 0.420772
vn 0.040116 -0.846985 0.530101
vn -0.146738 0.080323 0.985909
vn 0.351708 -0.849725 0.392771
vn 0.137596 -0.855556 0.499090
vn 0.529297 -0.844921 -0.077150
vn 0.233091 -0.972238 0.020547
vn -0.331799 -0.921143 0.203483
vn -0.331799 -0.921143 0.203483
vn -0.377456 -0.753169 0.538761
vn -0.368003 -0.822905 0.432898
vn -0.094778 -0.994447 -0.045734
vn -0.084096 -0.995360 -0.046752
vn -0.069238 -0.996303 -0.050851
vn 0.396615 0.045156 0.916874
vn 0.373572 0.044523 0.926532
vn 0.347984 0.047035 0.936320
vn 0.499702 -0.837480 -0.221192
vn 0.499702 -0.837480 -0.221192
vn 0.499702 -0.837480 -0.221191
vn 0.499702 -0.837480 -0.221192
vn 0.834871 -0.522760 -0.172370
vn 0.816423 -0.047933 -0.575461
vn 0.996215 -0.044473 0.074687
vn 0.996215 -0.044473 0.074687
vn 0.996215 -0.044474 0.074686
vn 0.996215 -0.044474 0.074686
vn 0.996215 -0.044474 0.074685
vn 0.996215 -0.044474 0.074685
vn 0.996215 -0.044471 0.074685
vn 0.996215 -0.044471 0.074685
vn -0.826187 0.547265 -0.133851
vn -0.826187 0.547265 -0.133851
vn -0.826187 0.547265 -0.133851
vn -0.826187 0.547265 -0.133851
vn -0.799835 0.367778 0.474345
vn -0.991546 0.065027 0.112288
vn 0.700339 0.707607 0.093896
vn 0.700339 0.707607 0.093896
vn 0.700340 0.707607 0.093896
vn 0.700340 0.707607 0.093896
vn 0.700340 0.707607 0.093897
vn 0.700340 0.707607 0.093897
vn 0.700339 0.707608 0.093896
vn 0.700339 0.707608 0.093896
vn -0.000565 -0.799600 0.600533
vn -0.064952 -0.770835 0.633715
vn -0.162106 -0.718108 0.676789
vn -0.485138 -0.626226 0.610313
vn -0.704502 -0.498858 0.504794
vn 0.969775 -0.090064 0.226772
vn 0.970375 -0.169698 0.171977
vn 0.970375 -0.169698 0.171977
vn 0.676504 -0.550592 0.489071
vn 0.676504 -0.550592 0.489071
vn 0.105951 0.786041 -0.609028
vn 0.076325 0.831342 -0.550496
vn 0.052454 0.863551 -0.501525
vn 0.456731 0.769591 -0.446236
vn 0.839125 0.470983 -0.272111
vn -0.975007 0.188792 -0.117128
vn -0.975007 0.188792 -0.117128
vn -0.964137 0.236688 -0.120082
vn -0.961666 0.246261 -0.120641
vn -0.946789 0.297241 -0.123443
vn -0.946789 0.297241 -0.123443
vn -0.741954 0.595348 -0.308327
vn -0.741954 0.595348 -0.308327
vn -0.401919 -0.747298 0.529157
vn -0.421083 -0.666907 0.614755
vn -0.432963 -0.588829 0.682513
vn -0.541330 -0.303797 0.784009
vn -0.595721 0.045335 0.801911
vn 0.388793 -0.796612 -0.462871
vn 0.388793 -0.796612 -0.462871
vn 0.387757 -0.843155 -0.372470
vn 0.387981 -0.839851 -0.379632
vn 0.383649 -0.876268 -0.291492
vn 0.383649 -0.876268 -0.291492
vn 0.195920 -0.980242 -0.027237
vn 0.195920 -0.980242 -0.027237
vn 0.391891 0.712548 -0.581977
vn 0.575620 0.296130 -0.762213
vn 0.623813 -0.136133 -0.769627
vn -0.318769 0.812149 0.488673
vn -0.323591 0.825603 0.462242
vn -0.334393 0.856043 0.394172
vn -0.334393 0.856043 0.394172
vn -0.072679 0.996584 0.039220
vn -0.072679 0.996584 0.039220
vn 0.658840 -0.327286 -0.677357
vn -0.204715 0.085735 -0.975060
vn -0.845215 0.365630 -0.389778
vn 0.794899 -0.443370 0.414197
vn 0.880989 -0.454499 -0.131491
vn -0.768252 0.278156 0.576557
vn -0.032996 -0.084772 0.995854
vn -0.918126 0.374285 0.130213
vn -0.148783 -0.986002 0.075255
vn -0.749042 -0.387203 0.537597
vn -0.624356 0.586879 0.515512
vn 0.668545 -0.612153 -0.422275
vn 0.301986 -0.927162 -0.221755
vn 0.243180 0.969430 -0.032693
vn 0.841597 0.282693 -0.460216
vn -0.235512 0.933477 0.270470
vn 0.419817 0.400742 -0.814346
vn 0.419817 0.400742 -0.814346
vn 0.400075 0.018056 -0.916304
vn 0.400075 0.018056 -0.916304
vn -0.106460 0.061024 -0.992443
vn -0.130166 0.062689 -0.989509
vn -0.590839 0.088094 -0.801966
vn -0.590839 0.088094 -0.801966
vn 0.869912 0.492496 -0.026456
vn 0.869912 0.492496 -0.026456
vn 0.869912 0.492496 -0.026456
vn 0.869912 0.492496 -0.026456
vn 0.990158 -0.058627 -0.127080
vn 0.990158 -0.058627 -0.127080
vn 0.936892 -0.044740 -0.346746
vn 0.936892 -0.044740 -0.346746
vn 0.936892 -0.044740 -0.346746
vn 0.936892 -0.044740 -0.346746
vn -0.004852 0.927309 0.374264
vn -0.004852 0.927309 0.374264
vn 0.016478 -0.546444 0.837333
vn 0.016478 -0.546444 0.837333
vn 0.062032 -0.549157 0.833414
vn 0.062032 -0.549157 0.833414
vn 0.107456 -0.550717 0.827746
vn 0.107456 -0.550717 0.827747
vn -0.908967 0.404826 -0.099474
vn -0.908967 0.404826 -0.099474
vn -0.908967 0.404826 -0.099474
vn -0.908967 0.404826 -0.099474
vn -0.988720 0.086831 -0.122037
vn -0.988720 0.086831 -0.122037
vn -0.988720 0.086831 -0.122037
vn -0.988720 0.086831 -0.122037
vn -0.990227 0.068050 0.121735
vn -0.991282 0.061516 0.116515
vn -0.991251 0.061717 0.116676
vn -0.990227 0.068050 0.121735
vn -0.722254 -0.683554 -0.105368
vn -0.722254 -0.683555 -0.105368
vn -0.603648 -0.742801 0.289579
vn -0.603648 -0.742801 0.289579
vn -0.861570 -0.346268 0.371209
vn -0.856655 -0.359512 0.369990
vn -0.922122 0.117918 0.368491
vn -0.922122 0.117918 0.368491
vn 0.174121 -0.789857 -0.588055
vn 0.174121 -0.789856 -0.588055
vn 0.174121 -0.789857 -0.588055
vn 0.174121 -0.789857 -0.588055
vn 0.353253 -0.931584 -0.085814
vn 0.353253 -0.931584 -0.085814
vn 0.153363 -0.988151 -0.006055
vn 0.153363 -0.988151 -0.006055
vn 0.153363 -0.988151 -0.006055
vn 0.153363 -0.988151 -0.006055
vn -0.087238 0.133836 -0.987156
vn -0.087238 0.133836 -0.987156
vn 0.911715 0.375662 0.166295
vn 0.911715 0.375662 0.166295
vn 0.928609 0.333194 0.163302
vn 0.928609 0.333193 0.163302
vn 0.943555 0.290026 0.159966
vn 0.943555 0.290026 0.159966
vn -0.639570 0.753708 -0.151244
vn -0.639570 0.753708 -0.151244
vn -0.639570 0.753708 -0.151244
vn -0.639570 0.753708 -0.151244
vn -0.530481 0.831528 0.164777
vn -0.530481 0.831528 0.164777
vn -0.530481 0.831528 0.164777
vn -0.530481 0.831528 0.164777
vn -0.356027 0.930633 0.084662
vn -0.352816 0.932263 0.080046
vn -0.352826 0.932257 0.080061
vn -0.356027 0.930633 0.084662
vn 0.071516 0.994976 0.070056
vn 0.071516 0.994976 0.070056
vn -0.038075 0.990362 0.133164
vn -0.038075 0.990362 0.133164
vn 0.059875 0.990568 0.123249
vn 0.059900 0.990567 0.123246
vn 0.157278 0.981167 0.112135
vn 0.157278 0.981167 0.112135
vn -0.992369 0.054267 0.110720
vn -0.992369 0.054267 0.110720
vn -0.962557 -0.194579 0.188742
vn -0.962557 -0.194579 0.188742
vn -0.962557 -0.194579 0.188742
vn -0.962557 -0.194579 0.188742
vn -0.795991 0.590958 0.131022
vn -0.795991 0.590958 0.131022
vn -0.795991 0.590958 0.131022
vn -0.795991 0.590958 0.131022
vn -0.060068 -0.996697 -0.054655
vn 0.044980 -0.998981 0.003611
vn 0.044980 -0.998981 0.003611
vn -0.045967 -0.998858 0.013007
vn -0.046067 -0.998854 0.013017
vn -0.136657 -0.990367 0.022307
vn -0.136657 -0.990367 0.022307
vn 0.904235 0.399673 -0.150399
vn 0.904235 0.399673 -0.150399
vn 0.904235 0.399673 -0.150399
vn 0.904235 0.399673 -0.150399
vn 0.858075 0.511633 -0.044034
vn 0.858075 0.511633 -0.044034
vn 0.858075 0.511633 -0.044034
vn 0.858075 0.511633 -0.044034
vn 0.958307 -0.285390 -0.014145
vn 0.958307 -0.285390 -0.014145
vn 0.958307 -0.285390 -0.014145
vn 0.958307 -0.285390 -0.014145
vn -0.342087 -0.046701 -0.938507
vn -0.342087 -0.046701 -0.938507
vn -0.321207 0.055296 -0.945393
vn -0.321207 0.055296 -0.945393
vn -0.288601 -0.037040 -0.956733
vn -0.288612 -0.037010 -0.956731
vn -0.253203 -0.128983 -0.958776
vn -0.253203 -0.128983 -0.958776
vn -0.349298 0.934005 0.075007
vn -0.349298 0.934005 0.075007
vn -0.166288 0.953544 0.251203
vn -0.166288 0.953544 0.251203
vn -0.166288 0.953544 0.251203
vn -0.166288 0.953544 0.251203
vn -0.471284 0.749075 -0.465594
vn -0.471284 0.749075 -0.465594
vn -0.471284 0.749075 -0.465594
vn -0.471284 0.749075 -0.465594
vn 0.336030 0.050325 0.940506
vn 0.437388 -0.001220 0.899272
vn 0.437388 -0.001220 0.899272
vn 0.407291 0.084365 0.909393
vn 0.407308 0.084320 0.909390
vn 0.373809 0.169226 0.911937
vn 0.373809 0.169226 0.911937
vn 0.105788 -0.887633 -0.448238
vn 0.105788 -0.887633 -0.448238
vn 0.105788 -0.887633 -0.448238
vn 0.105788 -0.887633 -0.448238
vn 0.106275 -0.806607 -0.581455
vn 0.106275 -0.806607 -0.581455
vn 0.106275 -0.806607 -0.581455
vn 0.106275 -0.806607 -0.581455
vn 0.505917 -0.854621 0.116923
vn 0.505917 -0.854621 0.116923
vn 0.505917 -0.854621 0.116923
vn 0.505917 -0.854621 0.116923
vn -0.025722 -0.575247 0.817576
vn -0.006020 -0.017704 0.999825
vn -0.005945 0.551288 0.834294
vn 0.268106 -0.580541 -0.768825
vn 0.011707 -0.999895 0.008563
vn 0.290658 0.596110 -0.748446
vn 0.354944 0.002514 -0.934884
vn 0.058139 0.997423 0.042042
vn 0.329062 -0.175006 -0.927950
vn 0.666364 -0.503848 -0.549632
vn 0.751021 -0.660275 0.002166
vn -0.547223 0.836767 -0.019203
vn -0.335357 0.450191 -0.827565
vn -0.112249 0.338590 0.934215
vn -0.390903 0.717094 0.577036
vn 0.412175 -0.406234 0.815528
vn 0.685416 0.723913 0.078449
vn 0.685416 0.723913 0.078449
vn 0.685416 0.723913 0.078449
vn 0.685416 0.723913 0.078449
vn 0.815885 0.577537 -0.028002
vn 0.063664 0.995314 -0.072783
vn -0.509587 0.843449 0.170046
vn 0.896360 0.254221 0.363194
vn -0.822807 0.399802 0.403915
vn -0.822807 0.399802 0.403915
vn -0.619626 0.530028 0.578907
vn 0.633762 -0.755496 -0.166048
vn -0.000024 0.999765 0.021698
vn -0.048046 0.774322 0.630965
vn -0.048046 0.774322 0.630965
vn 0.000042 0.999783 0.020858
vn -0.077358 0.103651 0.991601
vn -0.077358 0.103651 0.991601
vn -0.077358 0.103651 0.991601
vn -0.077358 0.103651 0.991601
vn -0.086554 -0.138509 0.986572
vn -0.086554 -0.138509 0.986572
vn -0.086554 -0.138509 0.986572
vn -0.086554 -0.138509 0.986572
vn -0.104564 -0.862063 0.495897
vn -0.074933 -0.996827 -0.026868
vn -0.074930 -0.996826 -0.026904
vn -0.104564 -0.862063 0.495897
vn -0.039090 -0.911701 -0.408990
vn -0.039090 -0.911701 -0.408990
vn 0.056898 0.008253 -0.998346
vn 0.056898 0.008253 -0.998346
vn 0.056898 0.008253 -0.998346
vn 0.056898 0.008253 -0.998346
vn 0.057964 0.036561 -0.997649
vn 0.057964 0.036561 -0.997649
vn 0.057964 0.036561 -0.997649
vn 0.057964 0.036561 -0.997649
vn 0.036853 0.891159 -0.452193
vn 0.036853 0.891159 -0.452193
vn 0.322895 -0.473966 0.819204
vn 0.599927 -0.688527 0.407453
vn 0.599927 -0.688527 0.407453
vn 0.322872 -0.473946 0.819225
vn 0.656425 -0.597614 -0.460395
vn 0.656425 -0.597614 -0.460395
vn 0.656425 -0.597614 -0.460395
vn 0.656425 -0.597614 -0.460395
vn 0.571268 -0.488653 -0.659447
vn 0.571268 -0.488653 -0.659447
vn 0.571268 -0.488653 -0.659447
vn 0.571268 -0.488653 -0.659447
vn 0.088219 -0.004836 -0.996089
vn -0.375133 0.420341 -0.826190
vn -0.375661 0.420803 -0.825714
vn 0.088219 -0.004836 -0.996089
vn -0.625183 0.628344 -0.462959
vn -0.625183 0.628344 -0.462959
vn -0.642254 0.537106 0.546833
vn -0.642254 0.537106 0.546834
vn -0.642254 0.537106 0.546833
vn -0.642254 0.537106 0.546834
vn -0.632366 0.524427 0.570166
vn -0.632366 0.524427 0.570166
vn -0.632366 0.524427 0.570166
vn -0.632366 0.524427 0.570166
vn 0.057854 -0.227160 0.972138
vn 0.057854 -0.227160 0.972138
s 1
g pCube1
usemtl pCube1SG
f 101/1/1 1/2/2 98/3/3 97/4/4
f 99/5/5 2/6/6 103/7/7 102/8/8
f 104/9/9 3/10/10 107/11/11 106/12/12
s 3
f 114/13/13 5/14/14 111/15/15 110/16/16
f 112/17/17 6/18/18 116/19/19 115/20/20
f 117/21/21 7/22/22 120/23/23 119/24/24
f 126/25/25 9/26/26 113/27/27 123/28/28
f 124/29/29 10/30/30 118/31/31 127/32/32
f 128/33/33 11/34/34 122/35/35 130/36/36
f 136/424/37 13/38/38 125/39/39 133/474/40
f 141/401/41 85/42/42 138/43/43 137/473/44
f 145/413/45 15/477/46 132/47/47 142/472/48
f 149/49/49 17/50/50 135/51/51 146/52/52
f 147/53/53 18/54/54 151/470/55 150/56/56
f 152/57/57 19/58/58 144/59/59 154/60/60
f 160/61/61 21/62/62 148/63/63 157/64/64
f 158/65/65 22/66/66 153/67/67 161/68/68
f 162/69/69 23/70/70 156/71/71 164/72/72
f 171/73/73 90/74/74 168/75/75 167/76/76
f 169/77/77 91/78/78 173/79/79 172/80/80
f 174/81/81 92/82/82 177/83/83 176/84/84
s 10
f 184/85/85 49/86/86 181/87/87 180/88/88
s 1
f 187/464/89 30/90/90 175/91/91 185/469/92
s 12
f 192/93/93 53/94/94 189/95/95 188/96/96
s off
f 108/97/97 4/98/98 194/99/99 193/100/100
s 3
f 121/101/101 8/102/102 197/103/103 196/104/104
s 13
f 378/105/105 377/106/106 379/107/107 380/108/108
s off
f 171/73/109 29/109/110 204/110/111 203/111/112
s 3
f 160/61/61 25/112/113 207/113/114 206/114/115
s 14
f 386/501/116 387/116/117 388/117/118 389/118/119
s 15
f 216/119/120 29/109/121 170/120/122 213/121/123
s 1
f 214/122/124 30/90/90 187/464/89 217/123/125
f 218/124/126 2/6/6 98/3/127 220/125/128
s 17
f 221/126/129 1/2/130 204/462/131 223/127/132
s 18
f 228/128/133 31/129/134 179/130/135 225/131/136
s 19
f 226/132/137 32/133/138 194/460/139 229/134/140
s 1
f 230/135/141 4/98/142 107/11/143 232/136/144
f 233/137/145 3/10/10 186/458/146 235/139/147
s 21
f 240/140/148 33/141/149 215/142/150 237/143/151
f 238/144/152 34/145/153 219/454/154 241/147/155
f 242/148/156 35/149/157 222/150/158 244/151/159
f 245/152/160 36/153/161 224/447/162 247/155/163
s 22
f 252/156/164 37/157/165 227/158/166 249/159/167
f 250/160/168 38/161/169 231/441/170 253/163/171
f 254/164/172 39/165/173 234/166/174 256/167/175
f 257/168/176 40/169/177 236/434/178 259/171/179
s 23
f 263/524/180 41/479/181 239/174/182 261/528/183
s off
f 262/176/184 42/177/185 243/178/186 264/527/187
s 24
f 270/511/188 58/181/189 267/182/190 266/525/191
s off
f 272/516/192 44/448/193 248/186/194 271/523/195
s 25
f 275/518/196 45/478/197 251/190/198 273/522/199
s off
f 274/192/200 46/193/201 255/194/202 276/521/203
s 26
f 282/505/204 62/197/205 279/198/206 278/519/207
s off
f 284/510/208 48/435/209 260/202/210 283/517/211
s 27
f 287/204/212 43/450/213 246/206/214 285/207/215
s off
f 286/208/216 44/448/217 272/516/218 288/209/219
s 10
f 289/210/220 52/211/221 183/212/222 290/213/223
s 28
f 291/214/224 51/215/225 265/513/226 292/217/227
s 29
f 295/218/228 47/437/229 258/220/230 293/221/231
s off
f 294/222/232 48/435/233 284/510/234 296/223/235
s 12
f 297/224/236 56/225/237 191/226/238 298/227/239
s 30
f 299/228/240 55/229/241 277/507/242 300/231/243
s 3
f 304/232/244 12/233/245 198/430/246 301/235/247
f 302/236/248 24/237/249 155/238/250 305/239/251
f 306/240/252 20/241/253 143/428/254 308/243/255
f 309/244/256 16/245/257 131/246/258 311/247/259
f 316/248/260 21/62/62 208/426/261 313/250/262
f 314/251/263 9/26/26 126/25/25 317/252/264
f 318/253/265 13/38/38 136/424/37 320/254/266
f 321/255/267 17/50/50 149/49/49 323/256/268
f 327/257/269 66/258/270 303/422/271 325/260/272
f 326/261/273 65/262/274 307/263/275 328/264/276
f 329/265/277 67/266/278 310/420/279 330/268/280
f 331/269/281 68/270/282 312/271/283 332/272/284
f 335/273/285 69/274/286 315/418/287 333/276/288
f 334/277/289 70/278/290 319/279/291 336/280/292
f 337/281/293 71/282/294 322/416/295 338/284/296
f 339/285/297 72/286/298 324/287/299 340/288/300
s off
f 344/289/301 14/480/302 129/291/303 341/292/304
s 3
f 342/293/305 15/46/306 145/414/45 345/294/307
f 346/295/308 19/471/58 151/55/309 348/296/310
f 349/297/311 18/475/54 134/410/312 351/299/313
f 355/300/314 81/301/315 343/302/316 353/303/317
f 354/304/318 82/305/319 347/406/320 356/307/321
f 357/308/322 83/309/323 350/310/324 358/311/325
f 359/312/326 84/313/327 352/403/328 360/315/329
f 363/316/330 90/74/74 205/400/331 361/318/332
f 363/316/330 25/112/113 159/319/333 364/320/334
f 365/321/335 26/322/336 163/323/337 366/324/338
f 367/325/339 27/326/340 166/327/341 368/328/342
f 371/329/343 94/330/344 195/397/345 370/332/346
f 373/333/347 95/334/348 109/335/349 372/336/350
f 375/337/351 96/338/352 105/339/353 374/340/354
f 362/341/355 89/342/356 100/343/357 376/344/358
s 1
f 98/3/3 2/6/6 99/5/5 97/4/4
s 3
f 99/5/359 96/338/352 100/343/357 97/4/360
f 100/343/357 89/342/356 101/1/361 97/4/360
s 1
f 103/7/7 3/10/10 104/9/9 102/8/362
s 3
f 104/9/363 95/334/348 105/339/353 102/8/364
f 105/339/353 96/338/352 99/5/359 102/8/364
s 1
f 107/11/11 4/98/365 108/97/366 106/12/12
s 3
f 108/97/367 94/330/344 109/335/349 106/12/368
f 109/335/349 95/334/348 104/9/363 106/12/368
f 111/15/15 6/18/18 112/17/17 110/16/16
f 112/17/17 10/30/30 113/27/27 110/16/16
f 113/27/27 9/26/26 114/13/13 110/16/16
f 116/19/19 7/22/22 117/21/21 115/20/20
f 117/21/21 11/34/34 118/31/31 115/20/20
f 118/31/31 10/30/30 112/17/17 115/20/20
f 120/23/23 8/102/102 121/101/101 119/24/24
f 121/101/101 12/233/245 122/35/35 119/24/24
f 122/35/35 11/34/34 117/21/21 119/24/24
f 113/27/27 10/30/30 124/29/29 123/28/28
f 124/29/29 14/290/369 125/39/39 123/28/28
f 125/39/39 13/38/38 126/25/25 123/28/28
f 118/31/31 11/34/34 128/33/33 127/32/32
f 128/33/33 15/477/46 129/476/370 127/32/32
f 129/476/370 14/290/369 124/29/29 127/32/32
f 122/35/35 12/233/245 131/246/258 130/36/36
f 131/246/258 16/245/257 132/47/47 130/36/36
f 132/47/47 15/477/46 128/33/33 130/36/36
f 125/39/39 14/290/369 134/408/312 133/474/40
f 134/409/312 18/54/54 135/51/51 133/40/40
f 135/51/51 17/50/50 136/37/37 133/40/40
f 138/43/43 86/345/371 139/346/372 137/473/44
f 139/404/372 87/347/373 140/348/374 137/44/44
f 140/348/374 88/349/375 141/41/41 137/44/44
f 132/47/47 16/245/257 143/242/254 142/472/48
f 143/428/254 20/241/253 144/59/59 142/48/48
f 144/59/59 19/58/58 145/412/45 142/48/48
f 135/51/51 18/54/54 147/53/53 146/52/52
f 147/53/53 22/66/66 148/63/63 146/52/52
f 148/63/63 21/62/62 149/49/49 146/52/52
f 151/470/55 19/58/58 152/57/57 150/56/56
f 152/57/57 23/70/70 153/67/67 150/56/56
f 153/67/67 22/66/66 147/53/53 150/56/56
f 144/59/59 20/241/253 155/238/250 154/60/60
f 155/238/250 24/237/249 156/71/71 154/60/60
f 156/71/71 23/70/70 152/57/57 154/60/60
f 148/63/63 22/66/66 158/65/65 157/64/64
f 158/65/65 26/322/336 159/319/333 157/64/64
f 159/319/333 25/112/113 160/61/61 157/64/64
f 153/67/67 23/70/70 162/69/69 161/68/68
f 162/69/69 27/326/340 163/323/337 161/68/68
f 163/323/337 26/322/336 158/65/65 161/68/68
f 156/71/71 24/237/249 165/350/376 164/72/72
f 165/350/376 28/351/377 166/327/341 164/72/72
f 166/327/341 27/326/340 162/69/69 164/72/72
f 168/75/75 91/78/78 169/77/77 167/76/76
s 1
f 169/77/378 30/90/90 170/120/379 167/76/380
f 170/120/379 29/109/381 171/73/382 167/76/380
s 3
f 173/79/79 92/82/82 174/81/81 172/80/80
s 1
f 174/81/383 31/129/384 175/91/91 172/80/385
f 175/91/91 30/90/90 169/77/378 172/80/386
s 3
f 177/83/83 93/352/387 178/353/388 176/84/84
s 1
f 178/353/389 32/133/390 179/130/391 176/84/392
f 179/130/391 31/129/384 174/81/383 176/84/392
s 10
f 181/87/87 50/354/393 182/355/394 180/88/88
f 182/355/394 51/215/395 183/212/222 180/88/88
f 183/212/222 52/211/221 184/85/85 180/88/88
s 1
f 175/91/91 31/129/384 186/138/146 185/469/92
f 186/458/146 3/10/10 103/7/7 185/92/92
f 103/7/7 2/6/6 187/89/89 185/92/92
s 12
f 189/95/95 54/356/396 190/357/397 188/96/96
f 190/357/397 55/229/398 191/226/238 188/96/96
f 191/226/238 56/225/237 192/93/93 188/96/96
s off
f 194/460/399 32/133/400 178/353/401 193/468/402
s 3
f 178/353/388 93/352/387 195/331/345 193/468/403
f 195/397/345 94/330/344 108/97/367 193/100/403
f 197/395/103 28/351/377 165/350/376 196/467/104
f 165/350/376 24/237/249 198/234/404 196/467/104
f 198/430/404 12/233/245 121/101/101 196/104/104
s 41
f 379/107/405 381/358/406 382/503/407 380/108/408
f 382/359/407 383/360/409 384/361/410 380/108/408
s 13
f 384/361/411 385/362/412 378/105/105 380/108/108
s off
f 204/462/413 1/2/414 101/1/415 203/466/416
s 3
f 101/1/361 89/342/356 205/317/331 203/466/417
f 205/400/331 90/74/74 171/73/73 203/111/417
f 207/398/114 5/14/14 114/13/13 206/465/115
f 114/13/13 9/26/26 208/249/418 206/465/115
f 208/426/418 21/62/62 160/61/61 206/114/115
s 42
f 388/117/419 390/363/420 391/364/421 389/118/422
f 391/364/421 392/365/423 393/366/424 389/118/422
s 14
f 393/366/425 394/367/426 386/115/116 389/118/119
s 15
f 170/120/122 30/90/427 214/122/428 213/121/123
f 214/122/428 34/145/429 215/142/430 213/121/123
f 215/142/430 33/141/431 216/119/120 213/121/123
s 1
f 187/89/89 2/6/6 218/124/126 217/463/432
f 218/124/126 35/149/433 219/146/434 217/463/432
f 219/454/435 34/145/436 214/122/124 217/123/125
f 98/3/127 1/2/437 221/126/438 220/125/128
f 221/126/438 36/153/439 222/150/440 220/125/128
f 222/150/440 35/149/441 218/124/126 220/125/128
s 43
f 204/110/442 29/109/443 216/119/444 223/461/445
f 216/119/444 33/141/446 224/154/447 223/461/445
s 17
f 224/447/448 36/153/449 221/126/129 223/127/132
s 18
f 179/130/135 32/133/450 226/132/451 225/131/136
f 226/132/451 38/161/452 227/158/453 225/131/136
f 227/158/453 37/157/454 228/128/133 225/131/136
s 44
f 194/99/455 4/98/456 230/135/457 229/459/458
f 230/135/457 39/165/459 231/162/460 229/459/458
s 19
f 231/441/461 38/161/462 226/132/137 229/134/140
s 1
f 107/11/143 3/10/10 233/137/145 232/136/144
f 233/137/145 40/169/463 234/166/464 232/136/144
f 234/166/464 39/165/465 230/135/141 232/136/144
f 186/138/146 31/129/384 228/128/466 235/457/467
f 228/128/466 37/157/468 236/170/469 235/457/467
f 236/434/470 40/169/471 233/137/145 235/139/147
s 21
f 215/142/150 34/145/153 238/144/152 237/143/151
f 238/144/152 42/456/472 239/455/473 237/143/151
f 239/455/473 41/173/474 240/140/148 237/143/151
f 219/146/154 35/149/157 242/148/156 241/453/155
f 242/148/156 43/205/475 243/451/476 241/453/155
f 243/452/476 42/456/472 238/144/152 241/147/155
f 222/150/158 36/153/161 245/152/160 244/151/159
f 245/152/160 44/185/477 246/449/478 244/151/159
f 246/449/478 43/205/475 242/148/156 244/151/159
f 224/154/162 33/141/149 240/140/148 247/446/163
f 240/140/148 41/173/474 248/444/479 247/446/163
f 248/445/479 44/185/477 245/152/160 247/155/163
s 22
f 227/158/166 38/161/169 250/160/168 249/159/167
f 250/160/168 46/443/480 251/442/481 249/159/167
f 251/442/481 45/189/482 252/156/164 249/159/167
f 231/162/170 39/165/173 254/164/172 253/440/171
f 254/164/172 47/219/483 255/438/484 253/440/171
f 255/439/484 46/443/480 250/160/168 253/163/171
f 234/166/174 40/169/177 257/168/176 256/167/175
f 257/168/176 48/201/485 258/436/486 256/167/175
f 258/436/486 47/219/483 254/164/172 256/167/175
f 236/170/178 37/157/165 252/156/164 259/433/179
f 252/156/164 45/189/482 260/431/487 259/433/179
f 260/432/487 48/201/485 257/168/176 259/171/179
s 23
f 239/174/182 42/177/488 262/176/489 261/528/183
s 45
f 262/526/490 50/354/491 181/87/492 261/175/493
f 181/87/492 49/86/494 263/172/495 261/175/493
s off
f 243/178/496 43/450/497 265/216/498 264/527/499
s 28
f 265/513/226 51/215/225 182/355/500 264/179/501
s off
f 182/355/502 50/354/503 262/526/504 264/179/505
s 24
f 267/182/190 57/368/506 268/369/507 266/525/191
s 46
f 268/514/508 59/370/509 269/371/510 266/183/511
f 269/371/510 60/372/512 270/180/513 266/183/511
s off
f 248/186/514 41/479/515 263/524/516 271/523/517
f 263/172/518 49/86/519 184/85/520 271/187/521
s 47
f 184/85/522 52/211/523 272/184/524 271/187/525
s 25
f 251/190/198 46/193/526 274/192/527 273/522/199
s 48
f 274/520/528 54/356/529 189/95/530 273/191/531
f 189/95/530 53/94/532 275/188/533 273/191/531
s off
f 255/194/534 47/437/535 277/230/536 276/521/537
s 30
f 277/507/242 55/229/241 190/357/538 276/195/539
s off
f 190/357/540 54/356/541 274/520/542 276/195/543
s 26
f 279/198/206 61/373/544 280/374/545 278/519/207
s 49
f 280/508/546 63/375/547 281/376/548 278/199/549
f 281/376/548 64/377/550 282/196/551 278/199/549
s off
f 260/202/552 45/478/553 275/518/554 283/517/555
f 275/188/556 53/94/557 192/93/558 283/203/559
s 50
f 192/93/560 56/225/561 284/200/562 283/203/563
s 27
f 246/206/214 44/448/564 286/208/565 285/207/215
s 51
f 286/208/566 57/368/567 267/182/568 285/207/569
f 267/182/568 58/181/570 287/204/571 285/207/569
s 47
f 272/184/524 52/211/523 289/210/572 288/515/573
s off
f 289/210/574 59/370/575 268/514/576 288/515/577
f 268/369/578 57/368/579 286/208/580 288/209/581
s 10
f 183/212/222 51/215/395 291/214/582 290/213/223
s 52
f 291/214/583 60/372/584 269/371/585 290/213/586
f 269/371/585 59/370/587 289/210/588 290/213/586
s off
f 265/216/589 43/450/590 287/204/591 292/512/592
f 287/204/593 58/181/594 270/511/595 292/512/596
f 270/180/597 60/372/598 291/214/599 292/217/600
s 29
f 258/220/230 48/435/601 294/222/602 293/221/231
s 53
f 294/222/603 61/373/604 279/198/605 293/221/606
f 279/198/605 62/197/607 295/218/608 293/221/606
s 50
f 284/200/562 56/225/561 297/224/609 296/509/610
s off
f 297/224/611 63/375/612 280/508/613 296/509/614
f 280/374/615 61/373/616 294/222/617 296/223/618
s 12
f 191/226/238 55/229/398 299/228/619 298/227/239
s 54
f 299/228/620 64/377/621 281/376/622 298/227/623
f 281/376/622 63/375/624 297/224/625 298/227/623
s off
f 277/230/626 47/437/627 295/218/628 300/506/629
f 295/218/630 62/197/631 282/505/632 300/506/633
f 282/196/634 64/377/635 299/228/636 300/231/637
s 3
f 198/234/246 24/237/249 302/236/248 301/429/247
f 302/236/248 65/262/274 303/259/271 301/429/247
f 303/422/271 66/258/270 304/232/244 301/235/247
f 155/238/250 20/241/253 306/240/252 305/239/251
f 306/240/252 67/266/278 307/263/275 305/239/251
f 307/263/275 65/262/274 302/236/248 305/239/251
f 143/242/254 16/245/257 309/244/256 308/427/255
f 309/244/256 68/270/282 310/267/279 308/427/255
f 310/420/279 67/266/278 306/240/252 308/243/255
f 131/246/258 12/233/245 304/232/244 311/247/259
f 304/232/244 66/258/270 312/271/283 311/247/259
f 312/271/283 68/270/282 309/244/256 311/247/259
f 208/249/261 9/26/26 314/251/263 313/425/262
f 314/251/263 70/278/290 315/275/287 313/425/262
f 315/418/287 69/274/286 316/248/260 313/250/262
f 126/25/25 13/38/38 318/253/265 317/252/264
f 318/253/265 71/282/294 319/279/291 317/252/264
f 319/279/291 70/278/290 314/251/263 317/252/264
f 136/37/37 17/50/50 321/255/267 320/423/266
f 321/255/267 72/286/298 322/283/295 320/423/266
f 322/416/295 71/282/294 318/253/265 320/254/266
f 149/49/49 21/62/62 316/248/260 323/256/268
f 316/248/260 69/274/286 324/287/299 323/256/268
f 324/287/299 72/286/298 321/255/267 323/256/268
f 303/259/271 65/262/274 326/261/273 325/421/272
f 326/261/273 73/497/638 199/498/639 325/421/272
f 199/499/639 74/500/640 327/257/269 325/260/272
f 307/263/275 67/266/278 329/265/277 328/264/276
f 329/265/277 75/495/641 200/496/642 328/264/276
f 200/496/642 73/497/638 326/261/273 328/264/276
f 310/267/279 68/270/282 331/269/281 330/419/280
f 331/269/281 76/492/643 201/493/644 330/419/280
f 201/494/644 75/495/641 329/265/277 330/268/280
f 312/271/283 66/258/270 327/257/269 332/272/284
f 327/257/269 74/500/640 202/491/645 332/272/284
f 202/491/645 76/492/643 331/269/281 332/272/284
f 315/275/287 70/278/290 334/277/289 333/417/288
f 334/277/289 78/490/646 209/488/647 333/417/288
f 209/489/647 77/482/648 335/273/285 333/276/288
f 319/279/291 71/282/294 337/281/293 336/280/292
f 337/281/293 79/487/649 210/486/650 336/280/292
f 210/486/650 78/490/646 334/277/289 336/280/292
f 322/283/295 72/286/298 339/285/297 338/415/296
f 339/285/297 80/485/651 211/483/652 338/415/296
f 211/484/652 79/487/649 337/281/293 338/284/296
f 324/287/299 69/274/286 335/273/285 340/288/300
f 335/273/285 77/482/648 212/481/653 340/288/300
f 212/481/653 80/485/651 339/285/297 340/288/300
s off
f 129/291/654 15/46/655 342/293/656 341/292/657
s 3
f 342/293/658 82/305/319 343/302/316 341/292/659
f 343/302/316 81/301/315 344/289/660 341/292/659
f 145/45/45 19/471/58 346/295/308 345/411/307
f 346/295/308 83/309/323 347/306/320 345/411/661
f 347/406/320 82/305/319 342/293/658 345/294/661
f 151/55/309 18/475/54 349/297/311 348/296/310
f 349/297/311 84/313/327 350/310/324 348/296/310
f 350/310/324 83/309/323 346/295/308 348/296/310
f 134/298/312 14/480/662 344/289/663 351/407/313
f 344/289/660 81/301/315 352/314/328 351/407/664
f 352/403/328 84/313/327 349/297/311 351/299/664
f 343/302/316 82/305/319 354/304/318 353/303/317
f 354/304/318 86/345/371 138/43/43 353/303/317
f 138/43/43 85/42/42 355/300/314 353/303/317
f 347/306/320 83/309/323 357/308/322 356/405/321
f 357/308/322 87/347/373 139/404/372 356/405/321
f 139/346/372 86/345/371 354/304/318 356/307/321
f 350/310/324 84/313/327 359/312/326 358/311/325
f 359/312/326 88/349/375 140/348/374 358/311/325
f 140/348/374 87/347/373 357/308/322 358/311/325
f 352/314/328 81/301/315 355/300/314 360/402/329
f 355/300/314 85/42/42 141/401/41 360/402/329
f 141/41/41 88/349/375 359/312/326 360/315/329
f 205/317/331 89/342/356 362/341/355 361/399/332
f 362/341/355 5/14/14 207/398/114 361/399/332
f 207/113/114 25/112/113 363/316/330 361/318/332
f 159/319/333 26/322/336 365/321/335 364/320/334
f 365/321/335 91/78/78 168/75/75 364/320/334
f 168/75/75 90/74/74 363/316/330 364/320/334
f 163/323/337 27/326/340 367/325/339 366/324/338
f 367/325/339 92/82/82 173/79/79 366/324/338
f 173/79/79 91/78/78 365/321/335 366/324/338
f 166/327/341 28/351/377 369/394/665 368/328/342
f 369/394/665 93/352/387 177/83/83 368/328/342
f 177/83/83 92/82/82 367/325/339 368/328/342
f 195/331/345 93/352/387 369/394/665 370/396/346
f 369/394/665 28/351/377 197/395/103 370/396/346
f 197/103/103 8/102/102 371/329/343 370/332/346
f 109/335/349 94/330/344 371/329/343 372/336/350
f 371/329/343 8/102/102 120/23/23 372/336/350
f 120/23/23 7/22/22 373/333/347 372/336/350
f 105/339/353 95/334/348 373/333/347 374/340/354
f 373/333/347 7/22/22 116/19/19 374/340/354
f 116/19/19 6/18/18 375/337/351 374/340/354
f 100/343/357 96/338/352 375/337/351 376/344/358
f 375/337/351 6/18/18 111/15/15 376/344/358
f 111/15/15 5/14/14 362/341/355 376/344/358
s 55
f 202/385/666 74/380/667 377/106/668 378/105/669
s off
f 74/380/670 199/379/671 379/107/672 377/106/673
f 199/379/674 73/378/675 381/358/676 379/107/677
s 56
f 73/378/678 200/504/679 382/503/680 381/358/681
f 200/382/679 75/381/682 383/360/683 382/359/680
s off
f 75/381/684 201/384/685 384/361/686 383/360/687
f 201/384/688 76/383/689 385/362/690 384/361/691
s 55
f 76/383/692 202/385/666 378/105/669 385/362/693
s 57
f 212/393/694 77/388/695 387/116/696 386/501/697
s off
f 77/388/698 209/387/699 388/117/700 387/116/701
f 209/387/702 78/386/703 390/363/704 388/117/705
s 58
f 78/386/706 210/390/707 391/364/708 390/363/709
f 210/390/707 79/389/710 392/365/711 391/364/708
s off
f 79/389/712 211/392/713 393/366/714 392/365/715
f 211/392/716 80/391/717 394/367/718 393/366/719
s 57
f 80/391/720 212/502/694 386/115/697 394/367/721
