# This file uses centimeters as units for non-parametric coordinates.

mtllib fall_frame.37.mtl
g default
v -21.227751 24.811071 -35.367550
v -9.861678 19.585121 -35.262547
v 1.717440 19.048239 -41.860683
v 11.199623 11.820173 -48.942589
v -36.755138 21.577314 -56.362629
v -25.138222 30.348637 -60.910950
v -8.473079 28.536125 -68.034958
v 1.163110 17.514359 -72.538315
v -47.174152 20.514654 -84.574326
v -33.923412 28.829737 -82.342056
v -20.091892 28.228844 -88.640739
v -13.418817 20.207615 -97.145798
v -54.591557 22.712339 -90.419899
v -40.701214 24.894197 -101.464104
v -30.209578 24.495195 -106.016144
v -14.005326 22.683687 -107.611252
v -54.649311 11.459308 -91.378021
v -43.761505 13.326585 -102.514702
v -29.839651 12.707067 -108.692841
v -14.914400 11.591075 -108.314987
v -47.221260 12.412182 -86.186394
v -36.800629 5.629699 -86.448250
v -22.969618 5.030076 -92.750725
v -14.457227 12.252648 -98.013863
v -38.114521 8.776458 -56.218819
v -26.590960 3.509457 -61.390854
v -12.682386 2.072338 -67.309608
v -0.226971 4.415587 -72.417465
v -27.401901 14.412288 -31.646189
v -14.859990 10.282732 -28.315695
v -0.101394 11.000373 -33.663300
v 6.633988 2.757089 -42.304741
v -23.422205 32.548519 -3.445564
v -17.410532 28.041054 -2.222456
v -10.678816 35.404926 -4.385691
v -16.782503 39.747795 -5.490957
v 28.137522 16.248844 -19.542219
v 31.919947 10.078579 -22.405767
v 37.754726 17.554117 -30.775709
v 34.004044 23.758774 -27.900246
v -39.453224 8.975555 -11.831150
v -32.545475 7.395067 -12.750852
v -31.251505 7.235329 -2.015326
v -38.417484 7.920274 -1.193774
v 43.470821 10.701756 6.874194
v 48.326611 5.841588 3.771311
v 55.685844 13.778725 2.882014
v 50.818954 18.664610 5.927085
v -40.855122 3.035938 -12.793858
v -32.233803 2.210714 -13.773913
v -28.913773 1.852350 0.731097
v -40.587231 2.360733 1.976758
v 44.030605 9.286970 11.889412
v 49.845657 3.444349 8.210569
v 60.865322 13.007454 7.079336
v 53.251034 20.656904 11.840005
v -37.545544 6.433658 17.206800
v -28.308306 6.210563 16.244970
v -37.637611 2.882254 17.146648
v -28.400349 2.659149 16.184830
v 63.539204 31.906174 7.095828
v 69.538544 25.876286 3.360840
v 64.585258 30.932041 10.348738
v 70.584602 24.902153 6.613749
v 9.375262 8.022593 -97.245033
v 9.608781 18.988146 -97.972000
v 9.664053 7.065147 -107.763954
v 10.452608 18.305777 -108.682693
v -41.872398 12.870348 -66.478958
v -47.280861 19.262489 -72.428078
v -54.651737 21.507561 -65.710815
v -50.923584 12.870362 -62.433739
v 36.791183 10.514515 -93.871597
v 36.326817 20.275028 -93.989037
v 37.257198 10.491735 -97.613609
v 36.792759 20.252462 -97.730865
v -27.316887 37.472511 -67.185738
v -33.217503 41.463909 -73.875496
v -35.442715 42.777523 -71.129013
v -29.542099 38.786125 -64.439262
v -45.293224 26.851994 -115.674934
v -30.354353 23.960865 -118.606880
v -29.352690 8.497802 -113.495743
v -50.168705 12.841331 -109.211937
v -49.302635 18.972450 -135.451599
v -35.141556 14.982115 -137.555191
v -39.532639 -1.766738 -132.891434
v -53.032139 2.037176 -130.886124
v -25.860720 22.148949 -39.635349
v -28.873747 10.168480 -38.201412
v -17.915613 4.486450 -41.546211
v -6.323292 3.946713 -46.405716
v 4.884181 3.265368 -51.680321
v 7.374974 15.321821 -53.880127
v -2.301562 22.319199 -49.047382
v -15.313794 23.993040 -43.029827
v -17.598049 23.088419 -38.405556
v -15.793199 23.441540 -35.256062
v -12.286609 22.004456 -39.296246
v -20.928461 23.759827 -41.095623
v -22.991875 23.105526 -37.801033
v -6.828724 21.969765 -42.206230
v -3.733323 20.970642 -38.270531
v -0.361386 21.194813 -45.923481
v -9.106577 23.439684 -45.834793
v 5.269726 17.802341 -49.395454
v 8.165523 16.725689 -47.342915
v 8.796168 13.133858 -51.155663
v 3.561795 19.496756 -52.082405
v -37.219936 25.170164 -68.949837
v -32.286385 26.513058 -58.047497
v -30.474871 28.741959 -70.919739
v -41.955917 25.380272 -80.541756
v -42.220516 20.713528 -67.849693
v -21.381456 28.354681 -73.694130
v -16.714066 30.292515 -64.470032
v -13.308217 27.582798 -78.622673
v -27.161118 27.317507 -85.730118
v -8.049917 23.105757 -81.833954
v -2.299775 23.236437 -70.860031
v -4.642843 18.309265 -84.079887
v -14.287648 24.332747 -92.643097
v -44.868969 26.563704 -90.374298
v -38.391624 28.209604 -94.384544
v -48.919128 25.509516 -97.599609
v -51.526573 23.349409 -86.980537
v -32.030987 27.910789 -96.482147
v -26.264914 27.684446 -99.895081
v -36.286377 26.264963 -106.804146
v -19.616165 25.809566 -101.260605
v -12.499812 23.320406 -102.202728
v -22.141567 24.906057 -109.049255
v -50.474392 19.547667 -100.270714
v -43.124142 19.448792 -104.376312
v -51.406528 12.401776 -99.249916
v -55.231789 17.092300 -91.265137
v -43.976254 12.911089 -140.598907
v -42.144146 17.344488 -136.675217
v -36.093746 7.775289 -138.068954
v -46.808777 -1.846905 -131.672424
v -53.243195 12.624507 -135.528366
v -23.188173 19.024923 -112.007133
v -14.537848 17.166538 -108.816612
v -22.131138 12.028623 -111.750389
v -30.817785 18.920912 -109.410721
v -47.375175 9.226309 -93.572243
v -41.628159 8.831682 -97.461342
v -43.778938 7.152140 -84.012009
v -50.763912 10.021859 -88.899139
v -34.738010 8.534120 -100.592728
v -37.520630 12.014663 -107.226532
v -27.787207 8.237047 -103.754662
v -29.881641 5.320819 -89.573853
v -20.771160 8.723224 -104.564270
v -14.045157 10.134988 -102.662529
v -16.317841 6.249341 -95.888924
v -38.768810 5.196758 -71.339310
v -31.656778 3.586211 -74.274170
v -33.471794 5.029468 -58.331161
v -43.450653 8.783656 -69.050797
v -24.729448 3.083347 -77.374878
v -17.791012 2.713439 -80.377541
v -19.658152 2.716520 -64.421890
v -10.952145 3.324568 -83.592651
v -5.884767 6.237741 -85.389557
v -5.652212 1.986737 -70.230820
v -23.621883 7.488172 -35.223461
v -24.499123 6.317486 -39.399048
v -16.851290 5.074833 -36.758415
v -23.445885 9.438473 -30.907421
v -27.781662 11.924220 -34.989746
v -10.581096 5.246475 -38.752403
v -11.892783 4.040641 -44.069752
v -4.780567 5.222723 -41.307732
v -9.114265 6.898702 -33.555447
v 0.639918 3.233210 -43.847176
v -0.353650 2.465357 -48.986794
v 5.299407 2.755002 -46.647118
v 2.359129 4.573783 -39.065502
v -35.814312 2.357313 -7.227481
v -36.862072 2.721056 -15.798338
v -30.078865 1.924068 -7.875700
v -34.744747 2.097785 1.353868
v -41.643364 2.869820 -6.583724
v -2.122746 19.785582 -35.465122
v 11.495689 18.129749 -32.336075
v -13.118767 18.254776 -20.295101
v 51.141026 10.784743 9.671737
v 45.363701 4.656861 10.204076
v 54.968769 6.988558 7.270924
v 57.057373 16.826601 9.467951
v 47.360371 14.624640 12.061798
v 7.981838 7.065606 -49.301716
v 9.616257 6.252439 -45.936626
v 7.345026 8.535927 -53.346294
v -3.290202 11.800906 -84.851494
v 2.280846 10.424193 -73.257561
v -12.029352 16.482756 -96.268806
v 36.457050 15.534763 -93.165176
v 37.025967 9.552746 -95.381485
v 37.026932 15.506907 -97.741196
v 36.458061 21.488775 -95.525002
v -26.927717 17.923571 -36.249649
v -25.797070 20.194506 -33.550220
v -28.916973 16.237856 -38.486584
v -44.697399 14.362796 -67.050888
v -39.455303 15.050220 -55.445694
v -46.879036 16.520113 -85.462471
v -29.893026 39.254364 -71.185997
v -34.861473 42.498055 -73.597069
v -32.614189 40.860756 -67.827393
v -27.645742 37.617065 -65.416321
v -23.524651 18.724737 -16.603439
v -18.688950 18.226877 -15.690037
v -20.878777 29.570446 -2.731653
v -26.207418 23.691530 -17.428215
v -13.459635 21.711325 -17.655010
v -11.182936 27.436621 -20.041306
v -12.691024 31.085863 -2.973225
v -13.455054 31.043959 -22.476389
v -18.569826 32.855495 -21.895161
v -12.155791 39.088360 -5.589655
v -23.445398 28.992550 -20.040501
v -20.817780 36.946384 -4.385799
v 14.634827 8.778727 -29.031137
v 18.631287 6.141565 -31.651451
v 29.442720 12.643538 -20.183210
v 14.197330 13.691683 -28.251703
v 21.923042 8.874676 -36.613178
v 24.307079 13.566086 -40.583313
v 35.589542 13.303563 -27.224300
v 22.057583 18.502762 -40.709492
v 19.901215 21.109039 -37.220509
v 36.868408 22.151194 -30.848545
v 16.159336 18.750147 -32.210087
v 30.600964 21.323029 -23.448702
v -26.932579 22.788126 -12.822530
v -23.160706 20.700272 -11.315944
v -36.252178 8.279498 -14.388297
v -29.949888 25.076580 -9.944057
v -21.449360 19.206518 -5.242250
v -21.887571 19.459721 1.190296
v -30.823088 6.972071 -7.848278
v -25.173056 20.975925 3.842721
v -28.551579 23.761818 2.484196
v -34.515305 7.529130 1.449964
v -30.397234 25.010872 -3.429066
v -40.137135 8.736547 -6.655699
v 36.825218 8.518569 -7.750155
v 40.531796 7.354139 -10.445782
v 44.625587 6.812576 5.560506
v 35.189781 12.774092 -6.849682
v 45.218613 11.572963 -12.634242
v 48.249550 17.388378 -13.976802
v 52.486393 8.899484 2.665110
v 46.946316 21.644663 -12.333471
v 42.964264 22.836784 -10.376602
v 55.359806 18.298641 4.388861
v 38.300499 18.710562 -7.951716
v 46.146816 15.256043 6.716738
v -36.675804 5.555912 -15.737724
v -32.108337 4.911819 -13.730428
v -40.640266 5.996513 -12.720351
v -29.972437 4.585891 -7.837214
v -28.794571 4.641608 0.781364
v -32.715336 6.005919 18.831245
v -32.901703 7.294487 16.742361
v -38.580254 6.147621 19.441925
v -33.044189 1.798244 16.649267
v -26.850418 5.864217 18.220566
v -41.437237 5.793237 -6.513884
v -40.457100 5.157705 2.028868
v 44.527924 5.329570 7.783703
v 48.991062 4.132432 5.739484
v 43.178577 9.968290 9.433064
v 54.087143 7.712282 4.704273
v 60.007668 13.749026 4.514593
v 68.114479 30.321432 5.450191
v 66.252449 29.157959 4.337647
v 64.305374 34.149929 7.821610
v 67.871353 27.650366 9.371929
v 71.923584 26.492937 3.078773
v 46.485462 15.344548 9.510448
v 52.392582 21.402336 9.267735
v -33.696712 7.438327 9.099723
v -38.877045 7.570117 9.640214
v -28.517212 7.306784 8.559123
v -39.630096 4.902814 9.666118
v -39.705223 2.093226 9.618660
v -33.848782 1.945519 9.006449
v -27.985256 1.796176 8.394916
v -27.909641 4.603785 8.442218
v 60.834187 23.708738 4.433254
v 57.467064 27.092291 6.526011
v 64.204262 20.323380 2.347424
v 57.815617 26.804657 9.257029
v 58.645763 26.037983 11.827332
v 62.454964 22.208883 9.457059
v 66.265579 18.375605 7.095649
v 65.436150 19.144932 4.521860
v -0.491414 15.669094 -97.290497
v -1.301150 10.988374 -97.849632
v 9.438607 13.584110 -96.052078
v 0.184824 19.940586 -99.355293
v -1.631009 9.363659 -101.722923
v -1.664647 9.663213 -106.658142
v 9.472693 6.418694 -101.963547
v -0.970987 14.122295 -108.057724
v -0.213087 18.711304 -108.115402
v 10.195495 12.579901 -109.075264
v 0.159653 20.370644 -103.551079
v 10.046607 19.940990 -102.970497
v -44.739090 17.206963 -76.402107
v -46.965092 21.454432 -76.144096
v -43.258492 15.996538 -70.130226
v -45.251865 12.566480 -76.527969
v -51.286541 21.885992 -75.933022
v -55.779354 20.317858 -76.024910
v -51.098343 21.240362 -69.688812
v -55.701538 15.716677 -76.323502
v -54.136353 11.241556 -76.306442
v -53.273483 17.389706 -63.430695
v -49.165115 10.937696 -76.389275
v -45.468792 12.109705 -63.986137
v 18.142794 14.206346 -93.716766
v 18.571037 9.020278 -95.382629
v 18.125967 19.196911 -95.508537
v 19.082237 7.860257 -99.579994
v 19.670412 8.821937 -105.100502
v 19.568672 14.035069 -105.609917
v 19.312653 19.094448 -105.224586
v 18.592604 20.351503 -99.741051
v -38.444462 22.931252 -72.432495
v -42.468475 25.640696 -74.667679
v -36.532257 21.119738 -67.427513
v -45.715046 27.558525 -72.311836
v -48.355652 28.824064 -67.371178
v -45.880985 26.423178 -63.436039
v -42.921906 23.513052 -60.292789
v -38.711002 21.620108 -63.494358
v -36.295315 30.817175 -109.777145
v -31.508221 22.508684 -111.571327
v -37.479557 28.171272 -117.837601
v -43.268837 23.449514 -107.670509
v -29.406055 18.677671 -111.981529
v -32.190842 13.738223 -110.927612
v -27.226204 15.787891 -116.633118
v -38.446384 10.823281 -108.968002
v -43.897121 14.677425 -106.983536
v -39.819466 9.722075 -111.167427
v -45.853405 20.063622 -106.597008
v -50.296665 20.233980 -111.991356
v -39.741989 22.963171 -130.667847
v -30.362942 16.898916 -132.554962
v -50.871403 22.677828 -129.508469
v -30.816494 7.790207 -129.346008
v -33.859562 0.761562 -124.776390
v -44.390652 1.744986 -122.207489
v -54.177559 6.486804 -121.758202
v -54.296329 14.406399 -125.858131
v -34.441956 15.709417 -46.180656
v -31.838367 22.225590 -47.220272
v -33.448009 9.424154 -46.689064
v -28.818033 5.772708 -48.872696
v -22.023642 4.389572 -51.702187
v -15.943994 3.448691 -54.915985
v -9.470345 2.599280 -57.159054
v -2.671047 2.039376 -60.244675
v 2.873413 4.049577 -62.500107
v 5.280101 10.015638 -63.471306
v 4.507757 17.126616 -63.048500
v 0.490314 21.953949 -61.918373
v -4.500754 24.875820 -59.052368
v -13.350529 26.379032 -56.413185
v -21.346779 27.297066 -51.718418
v -27.388172 25.932941 -49.796124
v 50.116692 21.427246 -92.052391
v 50.266819 22.742970 -93.780495
v 50.303459 16.284494 -91.524277
v 50.581230 16.270920 -93.754654
v 50.620327 10.842809 -91.925232
v 50.882702 9.799496 -93.625000
v 51.144802 10.817171 -96.136658
v 50.895447 16.255558 -96.277786
v 50.641171 21.401609 -96.263817
v -19.882040 49.209656 -64.714775
v -19.488293 49.030979 -66.679359
v -22.498928 51.091362 -70.749252
v -23.794386 51.856113 -69.150330
v -25.886860 53.359211 -73.933662
v -27.706722 54.502556 -73.585892
v -28.391228 54.837612 -70.842644
v -25.325642 52.760052 -67.260376
v -21.992647 50.509380 -63.588345
vt 0.208431 0.494797
vt 0.208575 0.478116
vt 0.229443 0.475893
vt 0.229271 0.493426
vt 0.252729 0.492198
vt 0.256170 0.471571
vt 0.275357 0.475888
vt 0.275429 0.493819
vt 0.298111 0.492176
vt 0.294163 0.471736
vt 0.321331 0.475953
vt 0.321541 0.493432
vt 0.198757 0.641525
vt 0.200055 0.589825
vt 0.221664 0.590600
vt 0.219751 0.640956
vt 0.244967 0.639373
vt 0.247968 0.591507
vt 0.275466 0.591669
vt 0.275481 0.635804
vt 0.305994 0.639365
vt 0.302966 0.591494
vt 0.329276 0.590573
vt 0.331197 0.640955
vt 0.199789 0.728809
vt 0.197393 0.704590
vt 0.219517 0.692482
vt 0.227784 0.730211
vt 0.252859 0.733034
vt 0.249003 0.687406
vt 0.275511 0.688085
vt 0.275516 0.730408
vt 0.298175 0.733010
vt 0.302021 0.687396
vt 0.331536 0.692451
vt 0.323246 0.730162
vt 0.805511 0.686057
vt 0.204711 0.752714
vt 0.229559 0.760254
vt 0.782889 0.696424
vt 0.784986 0.875584
vt 0.254181 0.941082
vt 0.275435 0.940431
vt 0.742298 0.896742
vt 0.699334 0.736241
vt 0.297037 0.807427
vt 0.321459 0.760204
vt 0.696358 0.696343
vt 0.808954 0.641287
vt 0.805193 0.664541
vt 0.784300 0.671779
vt 0.785729 0.644267
vt 0.763331 0.647822
vt 0.762442 0.673765
vt 0.742276 0.741120
vt 0.739609 0.647377
vt 0.715889 0.647774
vt 0.716786 0.673709
vt 0.694936 0.671695
vt 0.693494 0.644181
vt 0.806875 0.557726
vt 0.810121 0.617205
vt 0.790367 0.607046
vt 0.787575 0.557696
vt 0.763367 0.556090
vt 0.764746 0.603486
vt 0.739627 0.603152
vt 0.739688 0.556093
vt 0.716014 0.556064
vt 0.714496 0.603455
vt 0.688836 0.606971
vt 0.691820 0.557642
vt 0.803405 0.420481
vt 0.802841 0.435733
vt 0.782960 0.432290
vt 0.783371 0.416064
vt 0.759505 0.410786
vt 0.759570 0.428509
vt 0.739756 0.426992
vt 0.739743 0.409699
vt 0.720007 0.410786
vt 0.719946 0.428500
vt 0.696571 0.432245
vt 0.696182 0.416016
vt 0.819305 0.093413
vt 0.797386 0.086157
vt 0.790779 0.072322
vt 0.822344 0.073237
vt 0.265809 0.416173
vt 0.762697 0.377789
vt 0.739788 0.389948
vt 0.275377 0.462947
vt 0.364323 0.097210
vt 0.342669 0.089884
vt 0.336664 0.075169
vt 0.367299 0.076188
vt 0.342559 0.494848
vt 0.342402 0.478170
vt 0.366070 0.480227
vt 0.366198 0.495669
vt 0.352247 0.641476
vt 0.350872 0.589816
vt 0.374237 0.588973
vt 0.374011 0.638442
vt 0.936729 0.462892
vt 0.940585 0.464321
vt 0.946953 0.476690
vt 0.936605 0.482861
vt 0.804780 0.405462
vt 0.824266 0.410023
vt 0.823186 0.423812
vt 0.805355 0.509178
vt 0.825584 0.509339
vt 0.825621 0.554997
vt 0.118742 0.522844
vt 0.058006 0.517789
vt 0.074507 0.510871
vt 0.084702 0.516921
vt 0.822269 0.350445
vt 0.784755 0.399833
vt 0.805305 0.347137
vt 0.793942 0.336256
vt 0.777469 0.322538
vt 0.236211 0.409364
vt 0.220899 0.415267
vt 0.203041 0.415110
vt 0.182178 0.419746
vt 0.685950 0.336155
vt 0.717407 0.377787
vt 0.694840 0.399772
vt 0.674409 0.347030
vt 0.657366 0.350391
vt 0.674734 0.405426
vt 0.637625 0.358046
vt 0.347747 0.415166
vt 0.329799 0.415381
vt 0.314324 0.409429
vt 0.706215 0.336018
vt 0.292514 0.404556
vt 0.870618 0.237836
vt 0.844433 0.293934
vt 0.832214 0.287148
vt 0.858351 0.228645
vt 0.844944 0.223065
vt 0.821107 0.280742
vt 0.243727 0.342391
vt 0.826584 0.212775
vt 0.214622 0.282882
vt 0.224361 0.346790
vt 0.210147 0.349538
vt 0.199596 0.284960
vt 0.184434 0.288656
vt 0.194986 0.352422
vt 0.864110 0.304875
vt 0.163133 0.290367
vt 0.634803 0.222910
vt 0.658751 0.280554
vt 0.647480 0.287052
vt 0.621343 0.228556
vt 0.609012 0.237734
vt 0.635143 0.293889
vt 0.375465 0.356065
vt 0.590820 0.249121
vt 0.366326 0.288752
vt 0.355651 0.352469
vt 0.340563 0.349608
vt 0.351134 0.285011
vt 0.336042 0.282967
vt 0.326383 0.346874
vt 0.678330 0.268182
vt 0.315081 0.275917
vt 0.789900 0.091626
vt 0.894734 0.181072
vt 0.223763 0.023658
vt 0.779683 0.072008
vt 0.205625 0.023651
vt 0.212375 0.030485
vt 0.208733 0.046428
vt 0.818124 0.043214
vt 0.919973 0.054113
vt 0.218394 0.124576
vt 0.231547 0.124829
vt 0.925982 0.076298
vt 0.853028 0.105343
vt 0.173602 0.224408
vt 0.245023 0.044913
vt 0.815784 0.102925
vt 0.335499 0.095534
vt 0.609223 0.166963
vt 0.147562 0.023794
vt 0.325939 0.074804
vt 0.129108 0.019171
vt 0.133886 0.026698
vt 0.125138 0.040618
vt 0.363323 0.044920
vt 0.461211 0.056389
vt 0.114656 0.083148
vt 0.128082 0.110700
vt 0.466974 0.079440
vt 0.396801 0.109583
vt 0.345740 0.218419
vt 0.158805 0.046562
vt 0.361009 0.107136
vt 0.212264 0.093809
vt 0.204982 0.218327
vt 0.226791 0.056935
vt 0.229179 0.093286
vt 0.246067 0.092223
vt 0.255137 0.092099
vt 0.884191 0.095549
vt 0.853655 0.095653
vt 0.854753 0.074189
vt 0.884265 0.075061
vt 0.885799 0.054616
vt 0.855335 0.052709
vt 0.203340 0.068369
vt 0.888472 0.044995
vt 0.116537 0.064410
vt 0.377147 0.224500
vt 0.136900 0.057215
vt 0.135301 0.068971
vt 0.159593 0.072808
vt 0.169578 0.075371
vt 0.426769 0.099419
vt 0.397393 0.099512
vt 0.398467 0.077209
vt 0.426850 0.078134
vt 0.428347 0.056895
vt 0.399054 0.054890
vt 0.111199 0.052142
vt 0.430928 0.046902
vt 0.398347 0.732496
vt 0.353774 0.704759
vt 0.655189 0.607952
vt 0.404645 0.715309
vt 0.625247 0.642548
vt 0.669008 0.617360
vt 0.670290 0.641156
vt 0.629866 0.657272
vt 0.633967 0.675274
vt 0.674058 0.664432
vt 0.345812 0.774768
vt 0.637449 0.692485
vt 0.387906 0.765553
vt 0.346295 0.752641
vt 0.351218 0.728717
vt 0.392980 0.747350
vt 0.854032 0.642643
vt 0.181252 0.694641
vt 0.859345 0.625630
vt 0.152631 0.732602
vt 0.157999 0.747449
vt 0.163074 0.765647
vt 0.167481 0.783084
vt 0.845329 0.675366
vt 0.849419 0.657366
vt 0.462802 0.754848
vt 0.433121 0.744888
vt 0.586158 0.633072
vt 0.469035 0.736153
vt 0.562716 0.661102
vt 0.591598 0.653084
vt 0.596668 0.669873
vt 0.567525 0.676181
vt 0.573571 0.695803
vt 0.602326 0.689166
vt 0.414557 0.801264
vt 0.575415 0.714705
vt 0.450039 0.789809
vt 0.420413 0.781867
vt 0.427222 0.762131
vt 0.457315 0.770152
vt 0.916571 0.661069
vt 0.887682 0.653104
vt 0.112049 0.724515
vt 0.922852 0.642462
vt 0.088177 0.754903
vt 0.117860 0.744959
vt 0.123753 0.762207
vt 0.093657 0.770210
vt 0.100926 0.789871
vt 0.130556 0.781946
vt 0.872833 0.708772
vt 0.104321 0.808576
vt 0.905760 0.695791
vt 0.876995 0.689207
vt 0.882631 0.669903
vt 0.911782 0.676158
vt 0.245118 0.820265
vt 0.256063 0.761423
vt 0.275458 0.816348
vt 0.275456 0.817082
vt 0.305796 0.819611
vt 0.322444 0.827635
vt 0.716707 0.746651
vt 0.742277 0.751635
vt 0.767846 0.746640
vt 0.232576 0.815700
vt 0.789238 0.746868
vt 0.242805 0.909093
vt 0.242913 0.847487
vt 0.275453 0.850080
vt 0.275444 0.899369
vt 0.308078 0.909112
vt 0.307992 0.847504
vt 0.685718 0.768892
vt 0.335635 0.923345
vt 0.710517 0.826756
vt 0.709025 0.772272
vt 0.742280 0.767854
vt 0.742288 0.823907
vt 0.774059 0.826743
vt 0.775535 0.772258
vt 0.216918 0.852154
vt 0.800161 0.835727
vt 0.803587 0.472219
vt 0.184266 0.511368
vt 0.823748 0.473030
vt 0.786007 0.508646
vt 0.783967 0.470951
vt 0.760849 0.468488
vt 0.762764 0.507838
vt 0.739729 0.507585
vt 0.739749 0.469813
vt 0.718652 0.468468
vt 0.716699 0.507812
vt 0.693463 0.508589
vt 0.695538 0.470900
vt 0.347089 0.550471
vt 0.343449 0.511536
vt 0.656251 0.437958
vt 0.370672 0.549455
vt 0.305626 0.550928
vt 0.300328 0.509969
vt 0.323635 0.511057
vt 0.326613 0.553291
vt 0.245263 0.550946
vt 0.250519 0.509979
vt 0.275426 0.509223
vt 0.275447 0.553833
vt 0.203857 0.550446
vt 0.207534 0.511493
vt 0.227207 0.511082
vt 0.224277 0.553331
vt 0.296688 0.941095
vt 0.317831 0.963343
vt 0.722395 0.859395
vt 0.742293 0.859091
vt 0.762190 0.859387
vt 0.672412 0.557619
vt 0.673996 0.509116
vt 0.676597 0.435714
vt 0.676064 0.420456
vt 0.798456 0.058765
vt 0.820876 0.052919
vt 0.343747 0.061021
vt 0.365907 0.055032
vt 0.963235 0.483911
vt 0.902883 0.489040
vt 0.909072 0.482168
vt 0.925033 0.475729
vt 0.931354 0.463643
vt 0.080884 0.498420
vt 0.084741 0.496992
vt 0.090126 0.497750
vt 0.096539 0.509638
vt 0.112499 0.516024
vt 0.245369 0.109349
vt 0.249130 0.116712
vt 0.914174 0.091435
vt 0.914507 0.075957
vt 0.915392 0.060496
vt 0.143488 0.116794
vt 0.145270 0.126440
vt 0.455609 0.095160
vt 0.455938 0.079081
vt 0.456800 0.063019
vt 0.982240 0.434188
vt 0.963585 0.427947
vt 0.946509 0.423110
vt 0.890921 0.433118
vt 0.882130 0.436526
vt 0.926679 0.423006
vt 0.909612 0.427375
vt 0.937930 0.422313
vt 0.075163 0.457134
vt 0.058225 0.461798
vt 0.039557 0.467684
vt 0.094859 0.456979
vt 0.083682 0.456346
vt 0.130564 0.466891
vt 0.111877 0.461251
vt 0.033116 0.470128
vt 0.675805 0.472192
vt 0.653419 0.509254
vt 0.655248 0.472962
vt 0.367019 0.511392
vt 0.176921 0.588998
vt 0.180547 0.549455
vt 0.822760 0.437993
vt 0.233028 0.963316
vt 0.215241 0.923308
vt 0.798841 0.768868
vt 0.699605 0.875602
vt 0.684417 0.835751
vt 0.333987 0.852188
vt 0.228471 0.827609
vt 0.254212 0.785439
vt 0.759269 0.697501
vt 0.785216 0.736222
vt 0.695315 0.746888
vt 0.719972 0.697428
vt 0.296799 0.785396
vt 0.318344 0.815723
vt 0.903939 0.714697
vt 0.136407 0.801345
vt 0.081951 0.736203
vt 0.893090 0.633076
vt 0.446638 0.808511
vt 0.606509 0.708725
vt 0.556410 0.642507
vt 0.438944 0.724452
vt 0.841861 0.692578
vt 0.205190 0.774839
vt 0.146366 0.715395
vt 0.823906 0.608060
vt 0.383498 0.782992
vt 0.673752 0.685953
vt 0.619881 0.625562
vt 0.369876 0.694574
vt 0.624476 0.158216
vt 0.327082 0.211968
vt 0.653476 0.212425
vt 0.306569 0.342322
vt 0.153133 0.050558
vt 0.361352 0.222428
vt 0.125968 0.045756
vt 0.396618 0.225899
vt 0.569871 0.190223
vt 0.388031 0.290471
vt 0.615162 0.304972
vt 0.596954 0.173816
vt 0.584932 0.180968
vt 0.909456 0.190131
vt 0.154402 0.225852
vt 0.888489 0.249012
vt 0.175675 0.355943
vt 0.241882 0.047343
vt 0.189385 0.222364
vt 0.213528 0.046751
vt 0.223402 0.212053
vt 0.855547 0.158550
vt 0.235225 0.276013
vt 0.801766 0.268578
vt 0.882733 0.173912
vt 0.870470 0.167071
vt 0.702590 0.322102
vt 0.284431 0.416033
vt 0.369025 0.419829
vt 0.654789 0.409992
vt 0.841623 0.358035
vt 0.185243 0.480200
vt 0.257695 0.404697
vt 0.773758 0.336466
vt 0.177136 0.638471
vt 0.185108 0.495641
vt 0.653403 0.554919
vt 0.655840 0.423782
vt 0.740026 0.329135
vt 0.739609 0.679991
vt 0.717946 0.727940
vt 0.321543 0.784229
vt 0.275425 0.981496
vt 0.229466 0.784279
vt 0.766602 0.727930
vt 0.275513 0.766895
vt 0.294962 0.761394
vt 0.158494 0.031032
vt 0.235614 0.029385
vt 0.253884 0.807420
vt 0.968218 0.693073
vt 0.970279 0.686813
vt 0.964692 0.720144
vt 0.041234 0.817480
vt 0.965692 0.701614
vt 0.035620 0.790589
vt 0.038855 0.799577
vt 0.026837 0.766821
vt 0.976742 0.669618
vt 0.033170 0.783659
vt 0.515345 0.790561
vt 0.512107 0.799546
vt 0.509721 0.817448
vt 0.514670 0.720260
vt 0.513647 0.701731
vt 0.511110 0.693195
vt 0.509040 0.686939
vt 0.502555 0.669755
vt 0.524137 0.766797
vt 0.517798 0.783632
vt 0.052820 0.522857
vt 0.139366 0.470253
vt 0.968347 0.489050
vt 0.988625 0.436785
vt 0.108883 0.091107
vt 0.106409 0.062482
vt 0.399209 0.044805
vt 0.459518 0.102060
vt 0.428604 0.109556
vt 0.167704 0.057128
vt 0.215342 0.132259
vt 0.203222 0.094543
vt 0.855471 0.043005
vt 0.918242 0.098075
vt 0.886101 0.105305
vt 0.255511 0.067846
vt 0.169019 0.047690
vt 0.166893 0.025823
vt 0.125973 0.120002
vt 0.337008 0.054912
vt 0.115292 0.038211
vt 0.149847 0.015689
vt 0.254586 0.043904
vt 0.241676 0.021944
vt 0.231922 0.132778
vt 0.791425 0.052872
vt 0.199112 0.046316
vt 0.223332 0.014444
vn 0.098559 0.911578 -0.399140
vn 0.098559 0.911578 -0.399140
vn 0.324358 0.940522 -0.101044
vn 0.247708 0.945579 -0.210999
vn 0.235336 0.950657 0.202158
vn 0.423210 0.905579 0.028651
vn 0.121935 0.983249 0.135472
vn 0.070684 0.933526 0.351471
vn 0.389155 0.912621 0.125224
vn 0.169124 0.983310 -0.067072
vn 0.586092 0.787196 -0.191882
vn 0.529413 0.847296 -0.042559
vn -0.820728 0.503332 0.270299
vn -0.748809 0.569454 0.339128
vn -0.488869 0.841843 0.228708
vn -0.547679 0.816906 0.180868
vn -0.208527 0.977991 0.007026
vn -0.119074 0.986143 0.115517
vn 0.125735 0.990842 0.049216
vn 0.024549 0.993739 -0.108998
vn 0.280360 0.941892 -0.185034
vn 0.356578 0.932711 -0.053876
vn 0.653928 0.721309 -0.228234
vn 0.612135 0.726582 -0.312040
vn -0.298289 0.935021 0.191730
vn -0.516280 0.803810 0.295540
vn -0.504622 0.836245 0.214597
vn -0.321485 0.941274 0.103200
vn -0.137206 0.987989 -0.071079
vn -0.121012 0.992019 0.035420
vn 0.037954 0.998856 -0.029104
vn -0.005757 0.994714 -0.102524
vn 0.097100 0.980321 -0.171876
vn 0.190113 0.977342 -0.093061
vn 0.559088 0.794275 -0.237797
vn 0.307534 0.934677 -0.178333
vn -0.975131 0.019096 -0.220804
vn -0.831381 0.540718 -0.128179
vn -0.499577 0.764511 -0.407365
vn -0.675538 0.188507 -0.712821
vn -0.772761 -0.067895 -0.631056
vn -0.449352 0.629642 -0.633746
vn 0.060663 0.623669 -0.779331
vn -0.186411 -0.141585 -0.972216
vn -0.003601 0.235136 -0.971956
vn -0.055047 0.871551 -0.487205
vn 0.070917 0.751928 -0.655420
vn -0.029093 0.179263 -0.983371
vn -0.225768 -0.973567 0.034573
vn -0.826519 -0.533953 -0.178215
vn -0.637616 -0.460502 -0.617563
vn -0.290550 -0.934873 -0.203947
vn -0.225134 -0.926453 -0.301663
vn -0.446254 -0.671583 -0.591467
vn -0.250025 -0.844632 -0.473376
vn -0.184337 -0.930096 -0.317712
vn -0.101602 -0.925025 -0.366069
vn -0.154447 -0.693635 -0.703575
vn 0.033388 -0.494272 -0.868666
vn 0.096251 -0.925784 -0.365594
vn -0.833072 -0.510834 0.212225
vn -0.518126 -0.845764 0.127395
vn -0.464596 -0.885512 -0.004315
vn -0.420334 -0.904371 0.073702
vn -0.157096 -0.987313 -0.023123
vn -0.178407 -0.974580 -0.135517
vn -0.125730 -0.976768 -0.173538
vn -0.096039 -0.993382 -0.062999
vn -0.037765 -0.993340 -0.108859
vn -0.049245 -0.975764 -0.213213
vn 0.276183 -0.888747 -0.365858
vn 0.222760 -0.936018 -0.272486
vn -0.830261 -0.289860 0.476076
vn -0.746667 -0.478378 0.462216
vn -0.349967 -0.906567 0.235921
vn -0.406406 -0.851327 0.331777
vn -0.103359 -0.973483 0.204078
vn -0.121095 -0.984829 0.124286
vn -0.023403 -0.992884 0.116764
vn 0.058024 -0.980776 0.186309
vn -0.038276 -0.973892 0.223760
vn -0.070182 -0.987248 0.142883
vn -0.006328 -0.997695 0.067563
vn -0.107499 -0.980667 0.163513
vn -0.080224 -0.996154 -0.035224
vn -0.096413 -0.994762 -0.033967
vn -0.091902 -0.995324 -0.029750
vn -0.076282 -0.996739 -0.026319
vn 0.771592 -0.387479 0.504486
vn 0.528071 -0.597539 0.603398
vn 0.415300 -0.639161 0.647302
vn 0.266540 0.572655 0.775257
vn 0.316512 -0.254786 0.913731
vn 0.334409 -0.236985 0.912145
vn 0.335423 -0.238793 0.911301
vn 0.318118 -0.255191 0.913060
vn 0.662764 -0.400764 -0.632560
vn 0.662764 -0.400764 -0.632560
vn 0.662764 -0.400764 -0.632560
vn 0.662764 -0.400764 -0.632560
vn 0.804976 0.412557 -0.426392
vn 0.857336 0.387599 -0.338736
vn 0.918333 -0.103866 -0.381938
vn 0.853548 -0.071705 -0.516056
vn 0.991196 0.048643 0.123144
vn 0.991196 0.048643 0.123146
vn 0.991196 0.048643 0.123146
vn 0.991196 0.048643 0.123145
vn -0.972744 0.221464 0.068723
vn -0.972744 0.221464 0.068723
vn -0.972744 0.221464 0.068723
vn -0.972744 0.221464 0.068723
vn -0.738885 -0.571269 0.357353
vn -0.900162 0.090700 0.426008
vn -0.955284 0.035257 0.293580
vn 0.535931 0.843704 0.030679
vn 0.535932 0.843704 0.030680
vn 0.535932 0.843704 0.030680
vn 0.535931 0.843704 0.030679
vn -0.793733 -0.452776 0.406179
vn -0.804509 -0.482897 0.345798
vn -0.469416 -0.739869 0.481915
vn -0.524382 -0.686368 0.503906
vn 0.552078 -0.673958 0.490909
vn 0.554139 -0.675963 0.485803
vn 0.992962 0.104424 -0.055869
vn 0.482949 0.743663 -0.462305
vn 0.529755 0.734862 -0.423483
vn -0.664282 0.698598 -0.265875
vn -0.699323 0.657450 -0.280548
vn -0.699323 0.657450 -0.280548
vn -0.670207 0.691960 -0.268353
vn -0.398224 -0.388697 0.830862
vn -0.326729 -0.515379 0.792233
vn -0.234747 -0.721990 0.650865
vn -0.281930 -0.643713 0.711441
vn 0.437272 -0.861992 -0.256443
vn 0.446284 -0.847209 -0.288215
vn 0.446284 -0.847209 -0.288215
vn 0.436859 -0.862621 -0.255028
vn 0.488669 0.241733 -0.838313
vn 0.419309 0.350476 -0.837464
vn 0.191906 0.756576 -0.625112
vn 0.302908 0.634820 -0.710810
vn -0.084764 0.985706 -0.145599
vn -0.217324 0.760117 0.612366
vn -0.238041 0.936078 0.259025
vn -0.597376 0.620604 -0.507930
vn -0.230057 0.763653 -0.603248
vn 0.391389 0.577562 -0.716406
vn 0.060734 0.332617 -0.941104
vn 0.671134 -0.113210 -0.732641
vn 0.585159 0.263159 -0.767031
vn 0.838074 -0.525007 0.148320
vn 0.829419 -0.539275 -0.145764
vn 0.685849 -0.397365 0.609682
vn 0.429304 0.086896 0.898970
vn 0.192480 0.311481 0.930554
vn 0.119818 0.054443 0.991302
vn -0.479576 0.438136 0.760291
vn -0.020176 0.460004 0.887688
vn -0.598042 0.623903 0.503082
vn -0.815573 0.541557 0.203857
vn -0.847033 0.159501 0.507044
vn -0.804339 0.328804 0.494901
vn -0.714802 -0.656552 0.240828
vn -0.636974 -0.733000 0.238694
vn 0.151137 -0.956870 -0.248108
vn 0.110039 -0.953812 -0.279525
vn 0.579090 -0.678266 -0.452340
vn 0.605103 -0.668220 -0.432820
vn 0.861305 -0.153703 -0.484283
vn 0.840988 -0.129175 -0.525408
vn 0.657732 0.665978 -0.351940
vn 0.646144 0.724049 -0.241354
vn -0.140524 0.966487 0.214841
vn -0.018562 0.997239 0.071905
vn -0.521414 0.768832 0.370170
vn -0.583817 0.683979 0.437414
vn -0.508784 0.435276 -0.742747
vn -0.508784 0.435276 -0.742747
vn -0.100444 0.459784 -0.882332
vn -0.059927 0.457615 -0.887129
vn 0.904842 0.299486 -0.302604
vn 0.904842 0.299486 -0.302604
vn 0.904842 0.299486 -0.302604
vn 0.904842 0.299486 -0.302604
vn 0.143571 0.936892 0.318779
vn 0.143571 0.936892 0.318779
vn 0.057034 0.942586 0.329058
vn 0.057033 0.942586 0.329058
vn -0.783949 0.583641 0.211631
vn -0.783949 0.583641 0.211631
vn -0.783949 0.583641 0.211631
vn -0.783949 0.583641 0.211631
vn -0.958991 -0.219138 -0.179761
vn -0.958991 -0.219138 -0.179761
vn -0.762555 -0.526557 -0.375828
vn -0.765189 -0.523909 -0.374173
vn 0.325531 -0.669372 -0.667810
vn 0.325531 -0.669372 -0.667810
vn 0.325531 -0.669372 -0.667810
vn 0.325531 -0.669372 -0.667810
vn -0.001172 0.425075 -0.905157
vn -0.001172 0.425075 -0.905157
vn -0.057739 0.483554 -0.873408
vn -0.057739 0.483554 -0.873408
vn -0.668204 0.732664 -0.129254
vn -0.668204 0.732665 -0.129254
vn -0.668204 0.732664 -0.129254
vn -0.668204 0.732664 -0.129254
vn 0.046521 0.998885 -0.008009
vn 0.046521 0.998885 -0.008009
vn 0.049356 0.998754 0.007338
vn 0.049354 0.998754 0.007329
vn -0.880625 0.472663 0.033001
vn -0.880625 0.472663 0.033001
vn -0.880625 0.472663 0.033001
vn -0.880625 0.472663 0.033001
vn -0.037502 -0.999031 -0.023060
vn -0.054919 -0.998041 -0.029967
vn -0.051340 -0.998478 -0.020170
vn -0.036107 -0.999217 -0.016202
vn 0.992523 -0.032497 -0.117650
vn 0.991299 -0.035823 -0.126665
vn 0.991329 -0.035743 -0.126451
vn 0.992523 -0.032497 -0.117650
vn -0.277342 0.287026 -0.916896
vn -0.277342 0.287026 -0.916896
vn -0.279879 0.288473 -0.915670
vn -0.279879 0.288473 -0.915670
vn -0.752533 0.657989 -0.027279
vn -0.752533 0.657989 -0.027279
vn -0.752533 0.657989 -0.027279
vn -0.752533 0.657989 -0.027279
vn 0.284892 -0.283653 0.915630
vn 0.295480 -0.274428 0.915085
vn 0.295253 -0.275589 0.914809
vn 0.284377 -0.284613 0.915492
vn 0.645722 -0.648719 -0.402749
vn 0.646312 -0.647740 -0.403377
vn 0.646325 -0.647718 -0.403391
vn 0.645721 -0.648719 -0.402749
vn 0.088585 0.768316 0.633911
vn 0.659045 0.749450 0.063123
vn 0.074462 0.039189 0.996454
vn -0.008966 0.089577 0.995940
vn -0.123095 -0.615973 0.778091
vn 0.588456 -0.796872 -0.136800
vn 0.117364 -0.991665 -0.053161
vn -0.169663 -0.978031 0.121122
vn -0.123295 -0.747405 -0.652827
vn 0.158760 -0.632970 -0.757723
vn 0.186308 0.038623 -0.981732
vn -0.022365 -0.075633 -0.996885
vn 0.076149 0.592831 -0.801718
vn 0.259036 0.680482 -0.685452
vn 0.313666 0.949473 -0.010709
vn 0.139251 0.989582 -0.036566
vn 0.745652 -0.650300 -0.145307
vn 0.978341 0.076799 -0.192227
vn 0.967530 0.202557 -0.151183
vn 0.633279 0.773283 0.031481
vn 0.001212 0.996196 0.087136
vn -0.905942 0.418347 0.065224
vn -0.983679 -0.164057 0.073897
vn -0.678253 -0.726082 0.113036
vn 0.075339 -0.996112 0.045658
vn -0.145984 0.608406 0.780084
vn -0.113156 0.743373 0.659236
vn -0.172761 0.047414 0.983822
vn -0.120263 0.015521 0.992621
vn -0.047736 -0.587783 0.807609
vn -0.150082 -0.678037 0.719543
vn -0.063181 -0.995651 0.068469
vn 0.121191 -0.991863 0.038993
vn 0.352904 -0.590068 -0.726139
vn 0.021086 -0.755732 -0.654541
vn 0.110502 -0.093983 -0.989422
vn 0.378928 -0.014563 -0.925311
vn 0.273755 0.574486 -0.771378
vn 0.114780 0.568174 -0.814864
vn 0.014099 0.995328 -0.095516
vn -0.031998 0.999170 -0.025208
vn 0.841012 -0.520811 -0.146475
vn 0.676031 -0.731468 0.089090
vn 0.748739 -0.308170 -0.586875
vn 0.565234 -0.370240 -0.737179
vn 0.064393 -0.106763 -0.992197
vn 0.226655 0.362414 -0.904037
vn -0.497482 0.743460 -0.446967
vn -0.625738 0.365695 -0.688999
vn -0.709305 0.662392 0.241087
vn -0.863228 0.385315 0.326145
vn -0.787611 -0.000596 0.616173
vn -0.411386 0.488578 0.769450
vn -0.025197 0.107596 0.993875
vn -0.391236 -0.623773 0.676639
vn 0.274773 -0.806972 0.522778
vn 0.562190 -0.356912 0.746027
vn -0.385502 0.835710 0.391122
vn -0.385502 0.835710 0.391122
vn -0.385502 0.835710 0.391122
vn -0.385502 0.835710 0.391122
vn 0.984939 0.169747 -0.032871
vn 0.984939 0.169747 -0.032871
vn 0.992787 0.006213 -0.119735
vn 0.670563 -0.478628 0.566798
vn -0.116736 -0.992251 -0.042556
vn 0.015365 -0.803998 0.594433
vn -0.547822 -0.475173 0.688551
vn -0.759255 0.288398 -0.583402
vn -0.877397 0.185603 0.442409
vn -0.598583 0.770382 -0.219566
vn -0.533694 0.845533 -0.015649
vn 0.149907 0.958087 -0.244126
vn 0.156829 0.878221 -0.451811
vn 0.803092 0.391006 -0.449621
vn 0.765301 0.590422 -0.256352
vn 0.998398 -0.054576 -0.014925
vn 0.921134 -0.271867 -0.278570
vn 0.529387 -0.828450 0.182811
vn 0.612076 -0.688955 0.388206
vn -0.074630 -0.791363 0.606775
vn -0.140857 -0.855574 0.498150
vn -0.792226 -0.480073 0.376705
vn -0.686302 -0.424980 0.590239
vn -0.881002 0.374293 0.289379
vn -0.970715 0.237219 0.037945
vn -0.741048 -0.511796 0.434640
vn -0.818259 0.218035 0.531896
vn -0.852040 0.150828 0.501278
vn -0.339009 -0.924141 0.176171
vn -0.329429 -0.918640 0.218120
vn -0.123924 -0.986001 0.111556
vn -0.127973 -0.988413 0.081625
vn -0.079132 -0.995841 0.045151
vn -0.068726 -0.993157 0.094419
vn -0.066301 -0.994135 0.085442
vn -0.042606 -0.999091 0.001486
vn 0.158042 -0.981476 -0.108298
vn 0.095539 -0.995418 -0.003851
vn 0.897981 0.382289 -0.217911
vn 0.919361 0.355805 -0.167863
vn 0.936745 -0.244042 -0.250903
vn 0.950950 -0.145048 -0.273230
vn 0.399013 0.905408 0.144999
vn 0.342512 0.927219 0.151496
vn 0.617315 0.786404 0.022126
vn 0.656355 0.752915 -0.048132
vn 0.047459 0.957631 0.284062
vn 0.135903 0.958131 0.252024
vn 0.217239 0.953427 0.209245
vn 0.230845 0.941609 0.245117
vn -0.656840 0.618006 0.432007
vn -0.548731 0.699785 0.457379
vn -0.116187 0.944289 0.307928
vn -0.309135 0.889489 0.336519
vn 0.177835 0.941414 0.286556
vn 0.091386 0.968426 0.231946
vn -0.341953 0.905514 0.251223
vn 0.313031 0.935244 0.165318
vn 0.380720 0.911732 0.154262
vn 0.220952 0.941880 0.253065
vn 0.646524 0.605771 -0.463733
vn 0.646524 0.605771 -0.463733
vn 0.958196 0.117044 -0.261076
vn 0.659805 0.749812 0.049395
vn -0.268751 0.883338 -0.384040
vn -0.075767 0.963832 -0.255513
vn 0.525370 0.322955 -0.787202
vn 0.411904 -0.401266 -0.818120
vn 0.238599 -0.849445 -0.470653
vn -0.303008 -0.869839 -0.389315
vn -0.740437 -0.581554 -0.336968
vn 0.647860 -0.581783 -0.491738
vn 0.643058 -0.703548 -0.302485
vn -0.044688 -0.879921 0.473014
vn -0.311785 -0.813400 0.491091
vn -0.272190 -0.825248 0.494852
vn -0.706849 -0.588584 0.392343
vn -0.706849 -0.588584 0.392343
vn 0.061815 -0.875545 0.479166
vn -0.128814 -0.027750 0.991280
vn 0.307351 -0.880023 0.362070
vn 0.027544 -0.895816 0.443571
vn 0.547396 -0.825841 -0.135441
vn 0.319020 -0.945891 -0.059305
vn -0.125105 -0.974685 0.185303
vn -0.125105 -0.974685 0.185303
vn -0.227625 -0.836667 0.498172
vn -0.205429 -0.880069 0.428110
vn -0.087292 -0.995858 -0.025442
vn -0.070178 -0.997394 -0.016726
vn -0.047784 -0.998803 -0.010501
vn 0.336438 -0.240605 0.910450
vn 0.317272 -0.257901 0.912593
vn 0.295006 -0.276770 0.914533
vn 0.628026 -0.710823 -0.316724
vn 0.628026 -0.710823 -0.316724
vn 0.628026 -0.710823 -0.316724
vn 0.628026 -0.710823 -0.316724
vn 0.865704 -0.430909 -0.254704
vn 0.802595 -0.001396 -0.596523
vn 0.991196 0.048642 0.123146
vn 0.991196 0.048642 0.123146
vn 0.991196 0.048642 0.123144
vn 0.991196 0.048642 0.123144
vn 0.991196 0.048642 0.123143
vn 0.991196 0.048642 0.123143
vn 0.991196 0.048643 0.123143
vn 0.991196 0.048643 0.123143
vn -0.764605 0.641162 -0.065501
vn -0.764605 0.641162 -0.065500
vn -0.764605 0.641162 -0.065500
vn -0.764605 0.641162 -0.065500
vn -0.784229 0.407076 0.468267
vn -0.984018 0.028949 0.175702
vn 0.535931 0.843704 0.030681
vn 0.535931 0.843704 0.030681
vn 0.535930 0.843705 0.030680
vn 0.535930 0.843705 0.030680
vn 0.535930 0.843705 0.030680
vn 0.535930 0.843705 0.030680
vn 0.535931 0.843704 0.030679
vn 0.535931 0.843704 0.030679
vn -0.114925 -0.844242 0.523495
vn -0.184699 -0.808403 0.558901
vn -0.285173 -0.744557 0.603582
vn -0.587749 -0.596527 0.546540
vn -0.782149 -0.426536 0.454213
vn 0.944732 -0.266465 0.190992
vn 0.928388 -0.338059 0.154309
vn 0.928388 -0.338059 0.154309
vn 0.574278 -0.695280 0.432193
vn 0.574278 -0.695280 0.432193
vn 0.223087 0.818091 -0.530057
vn 0.208584 0.858725 -0.468065
vn 0.196110 0.887739 -0.416486
vn 0.580961 0.725069 -0.369810
vn 0.907626 0.354543 -0.224753
vn -0.938801 0.330907 -0.095672
vn -0.938801 0.330907 -0.095672
vn -0.917513 0.385916 -0.096115
vn -0.912801 0.396922 -0.096164
vn -0.885442 0.454686 -0.096193
vn -0.885442 0.454686 -0.096193
vn -0.631893 0.732826 -0.252344
vn -0.631893 0.732826 -0.252344
vn -0.132385 -0.870205 0.474570
vn -0.154313 -0.824393 0.544576
vn -0.173083 -0.777834 0.604166
vn -0.328593 -0.557424 0.762433
vn -0.467087 -0.237579 0.851696
vn 0.521039 -0.608496 -0.598540
vn 0.521040 -0.608496 -0.598540
vn 0.538638 -0.650383 -0.535603
vn 0.536929 -0.646134 -0.542420
vn 0.551173 -0.683257 -0.478925
vn 0.551173 -0.683257 -0.478924
vn 0.428663 -0.874343 -0.227534
vn 0.428663 -0.874343 -0.227534
vn 0.124355 0.871849 -0.473724
vn 0.383026 0.550939 -0.741457
vn 0.534813 0.158584 -0.829955
vn -0.422630 0.615831 0.664933
vn -0.437919 0.628422 0.642894
vn -0.476927 0.659389 0.581159
vn -0.476927 0.659389 0.581160
vn -0.314035 0.921214 0.229669
vn -0.314035 0.921214 0.229669
vn 0.607129 -0.347782 -0.714453
vn -0.201424 0.221036 -0.954239
vn -0.776210 0.509560 -0.371279
vn 0.701011 -0.609866 0.369657
vn 0.801129 -0.577628 -0.156647
vn -0.765796 0.361482 0.531871
vn -0.101016 -0.157563 0.982329
vn -0.862696 0.490426 0.123446
vn 0.234282 -0.942870 -0.236871
vn -0.589216 -0.767791 0.251637
vn -0.840944 0.137517 0.523357
vn 0.889884 -0.130089 -0.437246
vn 0.657091 -0.628332 -0.416450
vn -0.153938 0.940794 0.302010
vn 0.666777 0.728954 -0.155034
vn -0.600470 0.644975 0.472698
vn 0.430912 0.369390 -0.823326
vn 0.430912 0.369390 -0.823326
vn 0.400967 -0.005352 -0.916077
vn 0.400967 -0.005352 -0.916077
vn -0.115292 0.031650 -0.992827
vn -0.145430 0.033606 -0.988798
vn -0.598732 0.059925 -0.798705
vn -0.598732 0.059925 -0.798705
vn 0.845871 0.530484 -0.055575
vn 0.845871 0.530484 -0.055575
vn 0.845871 0.530484 -0.055575
vn 0.845871 0.530484 -0.055575
vn 0.990125 -0.038791 -0.134711
vn 0.990125 -0.038791 -0.134711
vn 0.938537 -0.035334 -0.343365
vn 0.938537 -0.035334 -0.343365
vn 0.938537 -0.035334 -0.343365
vn 0.938537 -0.035334 -0.343365
vn -0.029940 0.941090 0.336827
vn -0.029940 0.941090 0.336827
vn 0.030976 -0.511821 0.858533
vn 0.030976 -0.511821 0.858533
vn 0.076589 -0.513462 0.854688
vn 0.076590 -0.513462 0.854688
vn 0.122043 -0.514025 0.849049
vn 0.122043 -0.514025 0.849049
vn -0.912341 0.396183 -0.103308
vn -0.912341 0.396183 -0.103308
vn -0.912341 0.396183 -0.103308
vn -0.912341 0.396183 -0.103308
vn -0.989516 0.073822 -0.124134
vn -0.989516 0.073822 -0.124134
vn -0.989516 0.073822 -0.124134
vn -0.989516 0.073822 -0.124134
vn -0.991004 0.055660 0.121711
vn -0.992057 0.045581 0.117242
vn -0.992022 0.045935 0.117399
vn -0.991004 0.055660 0.121711
vn -0.435668 -0.743504 -0.507342
vn -0.435668 -0.743504 -0.507342
vn -0.319664 -0.935612 -0.149817
vn -0.319664 -0.935612 -0.149817
vn -0.695468 -0.717378 0.041138
vn -0.693308 -0.719543 0.039787
vn -0.912872 -0.343539 0.220555
vn -0.912872 -0.343539 0.220555
vn 0.436186 -0.362366 -0.823670
vn 0.436186 -0.362366 -0.823670
vn 0.436186 -0.362366 -0.823670
vn 0.436186 -0.362366 -0.823670
vn 0.646858 -0.646833 -0.403958
vn 0.646858 -0.646833 -0.403958
vn 0.476341 -0.790190 -0.385616
vn 0.476341 -0.790190 -0.385616
vn 0.476341 -0.790190 -0.385616
vn 0.476341 -0.790190 -0.385616
vn -0.113866 0.538344 -0.834997
vn -0.113866 0.538344 -0.834997
vn 0.727283 0.508876 0.460548
vn 0.727283 0.508876 0.460548
vn 0.757649 0.479658 0.442603
vn 0.757649 0.479658 0.442603
vn 0.786425 0.449433 0.423728
vn 0.786425 0.449433 0.423728
vn -0.854239 0.515216 0.069486
vn -0.854239 0.515216 0.069486
vn -0.854239 0.515216 0.069486
vn -0.854239 0.515216 0.069486
vn -0.782294 0.475196 0.402746
vn -0.782294 0.475196 0.402746
vn -0.782294 0.475196 0.402746
vn -0.782294 0.475196 0.402746
vn -0.646940 0.646817 0.403852
vn -0.646369 0.647711 0.403334
vn -0.646378 0.647695 0.403343
vn -0.646940 0.646817 0.403852
vn 0.052202 0.998376 0.022804
vn 0.052202 0.998376 0.022804
vn -0.064261 0.993625 0.092627
vn -0.064261 0.993625 0.092627
vn 0.033344 0.996039 0.082431
vn 0.033314 0.996040 0.082434
vn 0.130574 0.988861 0.071446
vn 0.130574 0.988861 0.071446
vn -0.993085 0.034363 0.112254
vn -0.993085 0.034363 0.112254
vn -0.956949 -0.212785 0.197414
vn -0.956949 -0.212785 0.197414
vn -0.956949 -0.212785 0.197414
vn -0.956949 -0.212785 0.197414
vn -0.811743 0.573965 0.107877
vn -0.811743 0.573965 0.107877
vn -0.811743 0.573965 0.107877
vn -0.811743 0.573965 0.107877
vn -0.034734 -0.999352 -0.009463
vn 0.072023 -0.996415 0.044391
vn 0.072023 -0.996415 0.044391
vn -0.019066 -0.998368 0.053825
vn -0.019234 -0.998364 0.053842
vn -0.110245 -0.991916 0.062832
vn -0.110245 -0.991917 0.062832
vn 0.888075 0.424239 -0.177042
vn 0.888075 0.424239 -0.177042
vn 0.888075 0.424239 -0.177042
vn 0.888075 0.424239 -0.177042
vn 0.844428 0.531549 -0.066314
vn 0.844428 0.531549 -0.066314
vn 0.844428 0.531549 -0.066314
vn 0.844428 0.531549 -0.066314
vn 0.965686 -0.259683 -0.004019
vn 0.965686 -0.259683 -0.004019
vn 0.965686 -0.259683 -0.004019
vn 0.965686 -0.259683 -0.004019
vn -0.282407 0.289913 -0.914438
vn -0.282407 0.289913 -0.914438
vn -0.307201 0.384165 -0.870658
vn -0.307201 0.384165 -0.870658
vn -0.245143 0.321558 -0.914607
vn -0.245155 0.321570 -0.914600
vn -0.180713 0.255836 -0.949679
vn -0.180713 0.255836 -0.949679
vn -0.645748 0.648679 0.402772
vn -0.645748 0.648679 0.402772
vn -0.484240 0.635047 0.601853
vn -0.484240 0.635047 0.601853
vn -0.484240 0.635047 0.601853
vn -0.484240 0.635047 0.601853
vn -0.691038 0.701529 -0.174138
vn -0.691038 0.701529 -0.174138
vn -0.691038 0.701529 -0.174138
vn -0.691038 0.701529 -0.174138
vn 0.283861 -0.285574 0.915353
vn 0.398849 -0.283120 0.872217
vn 0.398849 -0.283120 0.872217
vn 0.341111 -0.225082 0.912678
vn 0.341119 -0.225090 0.912673
vn 0.280520 -0.165159 0.945532
vn 0.280520 -0.165159 0.945532
vn 0.408070 -0.510075 -0.757167
vn 0.408070 -0.510075 -0.757167
vn 0.408070 -0.510075 -0.757167
vn 0.408070 -0.510075 -0.757167
vn 0.382291 -0.378389 -0.843015
vn 0.382291 -0.378389 -0.843015
vn 0.382291 -0.378389 -0.843015
vn 0.382291 -0.378389 -0.843015
vn 0.764688 -0.619974 -0.175741
vn 0.764687 -0.619974 -0.175741
vn 0.764687 -0.619974 -0.175741
vn 0.764688 -0.619974 -0.175741
vn -0.015332 -0.548462 0.836035
vn -0.056028 0.013406 0.998339
vn -0.098515 0.575871 0.811583
vn 0.362271 -0.574530 -0.733945
vn 0.104725 -0.993403 0.046725
vn 0.273856 0.595155 -0.755509
vn 0.401779 0.006288 -0.915715
vn -0.034509 0.999380 0.007060
vn 0.150484 -0.036682 -0.987932
vn 0.624386 -0.301051 -0.720771
vn 0.857754 -0.467472 -0.213840
vn -0.705069 0.686605 0.177346
vn -0.594500 0.409374 -0.692086
vn 0.023955 0.243597 0.969581
vn -0.401690 0.571328 0.715702
vn 0.652518 -0.347697 0.673295
vn 0.681347 0.723170 0.113098
vn 0.681347 0.723170 0.113098
vn 0.681347 0.723170 0.113098
vn 0.681347 0.723170 0.113098
vn 0.797191 0.602364 0.040559
vn 0.041973 0.996838 0.067468
vn -0.543086 0.780379 0.309945
vn 0.890609 0.231036 0.391711
vn -0.805783 0.358799 0.471145
vn -0.805783 0.358799 0.471145
vn -0.625791 0.405397 0.666363
vn 0.645500 -0.739899 -0.189417
vn -0.090030 0.995797 -0.016826
vn -0.148421 0.787836 0.597734
vn -0.148421 0.787836 0.597734
vn -0.089924 0.995792 -0.017658
vn -0.136084 0.129989 0.982132
vn -0.136084 0.129989 0.982132
vn -0.136084 0.129989 0.982132
vn -0.136084 0.129989 0.982132
vn -0.123440 -0.112048 0.986006
vn -0.123440 -0.112048 0.986006
vn -0.123440 -0.112048 0.986006
vn -0.123440 -0.112048 0.986006
vn -0.052316 -0.850571 0.523251
vn 0.015457 -0.999848 0.008037
vn 0.015462 -0.999848 0.008001
vn -0.052316 -0.850571 0.523251
vn 0.062775 -0.924910 -0.374969
vn 0.062775 -0.924910 -0.374969
vn 0.106115 -0.020686 -0.994139
vn 0.106115 -0.020686 -0.994139
vn 0.106115 -0.020686 -0.994139
vn 0.106115 -0.020686 -0.994139
vn 0.104624 0.007609 -0.994483
vn 0.104624 0.007609 -0.994483
vn 0.104624 0.007609 -0.994483
vn 0.104624 0.007609 -0.994483
vn -0.019832 0.874884 -0.483927
vn -0.019832 0.874884 -0.483927
vn 0.586174 -0.435501 0.683183
vn 0.806989 -0.554162 0.204139
vn 0.806989 -0.554162 0.204139
vn 0.586152 -0.435488 0.683210
vn 0.653716 -0.399443 -0.642729
vn 0.653716 -0.399443 -0.642729
vn 0.653716 -0.399443 -0.642729
vn 0.653716 -0.399443 -0.642729
vn 0.506232 -0.301202 -0.808088
vn 0.506232 -0.301202 -0.808088
vn 0.506232 -0.301202 -0.808088
vn 0.506232 -0.301202 -0.808088
vn -0.130285 0.077019 -0.988481
vn -0.625964 0.371748 -0.685546
vn -0.626463 0.372045 -0.684928
vn -0.130285 0.077019 -0.988481
vn -0.830162 0.493289 -0.259803
vn -0.830162 0.493289 -0.259803
vn -0.608573 0.338681 0.717589
vn -0.608573 0.338681 0.717589
vn -0.608573 0.338681 0.717589
vn -0.608573 0.338681 0.717589
vn -0.591397 0.327235 0.736999
vn -0.591397 0.327235 0.736999
vn -0.591397 0.327235 0.736999
vn -0.591397 0.327235 0.736999
vn 0.313922 -0.266845 0.911179
vn 0.313922 -0.266845 0.911179
s 1
g pCube1
usemtl pCube1SG
f 101/1/1 1/2/2 98/3/3 97/4/4
f 99/5/5 2/6/6 103/7/7 102/8/8
f 104/9/9 3/10/10 107/11/11 106/12/12
s 3
f 114/13/13 5/14/14 111/15/15 110/16/16
f 112/17/17 6/18/18 116/19/19 115/20/20
f 117/21/21 7/22/22 120/23/23 119/24/24
f 126/25/25 9/26/26 113/27/27 123/28/28
f 124/29/29 10/30/30 118/31/31 127/32/32
f 128/33/33 11/34/34 122/35/35 130/36/36
f 136/424/37 13/38/38 125/39/39 133/474/40
f 141/401/41 85/42/42 138/43/43 137/473/44
f 145/413/45 15/477/46 132/47/47 142/472/48
f 149/49/49 17/50/50 135/51/51 146/52/52
f 147/53/53 18/54/54 151/470/55 150/56/56
f 152/57/57 19/58/58 144/59/59 154/60/60
f 160/61/61 21/62/62 148/63/63 157/64/64
f 158/65/65 22/66/66 153/67/67 161/68/68
f 162/69/69 23/70/70 156/71/71 164/72/72
f 171/73/73 90/74/74 168/75/75 167/76/76
f 169/77/77 91/78/78 173/79/79 172/80/80
f 174/81/81 92/82/82 177/83/83 176/84/84
s 10
f 184/85/85 49/86/86 181/87/87 180/88/88
s 1
f 187/464/89 30/90/90 175/91/91 185/469/92
s 12
f 192/93/93 53/94/94 189/95/95 188/96/96
s off
f 108/97/97 4/98/98 194/99/99 193/100/100
s 3
f 121/101/101 8/102/102 197/103/103 196/104/104
s 13
f 378/105/105 377/106/106 379/107/107 380/108/108
s off
f 171/73/109 29/109/110 204/110/111 203/111/112
s 3
f 160/61/61 25/112/113 207/113/114 206/114/115
s 14
f 386/501/116 387/116/117 388/117/118 389/118/119
s 15
f 216/119/120 29/109/121 170/120/122 213/121/123
s 1
f 214/122/124 30/90/90 187/464/89 217/123/125
f 218/124/126 2/6/6 98/3/127 220/125/128
s 17
f 221/126/129 1/2/130 204/462/131 223/127/132
s 18
f 228/128/133 31/129/134 179/130/135 225/131/136
s 19
f 226/132/137 32/133/138 194/460/139 229/134/140
s 1
f 230/135/141 4/98/142 107/11/143 232/136/144
f 233/137/145 3/10/10 186/458/146 235/139/147
s 21
f 240/140/148 33/141/149 215/142/150 237/143/151
f 238/144/152 34/145/153 219/454/154 241/147/155
f 242/148/156 35/149/157 222/150/158 244/151/159
f 245/152/160 36/153/161 224/447/162 247/155/163
s 22
f 252/156/164 37/157/165 227/158/166 249/159/167
f 250/160/168 38/161/169 231/441/170 253/163/171
f 254/164/172 39/165/173 234/166/174 256/167/175
f 257/168/176 40/169/177 236/434/178 259/171/179
s 23
f 263/524/180 41/479/181 239/174/182 261/528/183
s off
f 262/176/184 42/177/185 243/178/186 264/527/187
s 24
f 270/511/188 58/181/189 267/182/190 266/525/191
s off
f 272/516/192 44/448/193 248/186/194 271/523/195
s 25
f 275/518/196 45/478/197 251/190/198 273/522/199
s off
f 274/192/200 46/193/201 255/194/202 276/521/203
s 26
f 282/505/204 62/197/205 279/198/206 278/519/207
s off
f 284/510/208 48/435/209 260/202/210 283/517/211
s 27
f 287/204/212 43/450/213 246/206/214 285/207/215
s off
f 286/208/216 44/448/217 272/516/218 288/209/219
s 10
f 289/210/220 52/211/221 183/212/222 290/213/223
s 28
f 291/214/224 51/215/225 265/513/226 292/217/227
s 29
f 295/218/228 47/437/229 258/220/230 293/221/231
s off
f 294/222/232 48/435/233 284/510/234 296/223/235
s 12
f 297/224/236 56/225/237 191/226/238 298/227/239
s 30
f 299/228/240 55/229/241 277/507/242 300/231/243
s 3
f 304/232/244 12/233/245 198/430/246 301/235/247
f 302/236/248 24/237/249 155/238/250 305/239/251
f 306/240/252 20/241/253 143/428/254 308/243/255
f 309/244/256 16/245/257 131/246/258 311/247/259
f 316/248/260 21/62/62 208/426/261 313/250/262
f 314/251/263 9/26/26 126/25/25 317/252/264
f 318/253/265 13/38/38 136/424/37 320/254/266
f 321/255/267 17/50/50 149/49/49 323/256/268
f 327/257/269 66/258/270 303/422/271 325/260/272
f 326/261/273 65/262/274 307/263/275 328/264/276
f 329/265/277 67/266/278 310/420/279 330/268/280
f 331/269/281 68/270/282 312/271/283 332/272/284
f 335/273/285 69/274/286 315/418/287 333/276/288
f 334/277/289 70/278/290 319/279/291 336/280/292
f 337/281/293 71/282/294 322/416/295 338/284/296
f 339/285/297 72/286/298 324/287/299 340/288/300
s off
f 344/289/301 14/480/302 129/291/303 341/292/304
s 3
f 342/293/305 15/46/306 145/414/45 345/294/307
f 346/295/308 19/471/58 151/55/309 348/296/310
f 349/297/311 18/475/54 134/410/312 351/299/313
f 355/300/314 81/301/315 343/302/316 353/303/317
f 354/304/318 82/305/319 347/406/320 356/307/321
f 357/308/322 83/309/323 350/310/324 358/311/325
f 359/312/326 84/313/327 352/403/328 360/315/329
f 363/316/330 90/74/74 205/400/331 361/318/332
f 363/316/330 25/112/113 159/319/333 364/320/334
f 365/321/335 26/322/336 163/323/337 366/324/338
f 367/325/339 27/326/340 166/327/341 368/328/342
f 371/329/343 94/330/344 195/397/345 370/332/346
f 373/333/347 95/334/348 109/335/349 372/336/350
f 375/337/351 96/338/352 105/339/353 374/340/354
f 362/341/355 89/342/356 100/343/357 376/344/358
s 1
f 98/3/3 2/6/6 99/5/5 97/4/4
s 3
f 99/5/359 96/338/352 100/343/357 97/4/360
f 100/343/357 89/342/356 101/1/361 97/4/360
s 1
f 103/7/7 3/10/10 104/9/9 102/8/362
s 3
f 104/9/363 95/334/348 105/339/353 102/8/364
f 105/339/353 96/338/352 99/5/359 102/8/364
s 1
f 107/11/11 4/98/365 108/97/366 106/12/12
s 3
f 108/97/367 94/330/344 109/335/349 106/12/368
f 109/335/349 95/334/348 104/9/363 106/12/368
f 111/15/15 6/18/18 112/17/17 110/16/16
f 112/17/17 10/30/30 113/27/27 110/16/16
f 113/27/27 9/26/26 114/13/13 110/16/16
f 116/19/19 7/22/22 117/21/21 115/20/20
f 117/21/21 11/34/34 118/31/31 115/20/20
f 118/31/31 10/30/30 112/17/17 115/20/20
f 120/23/23 8/102/102 121/101/101 119/24/24
f 121/101/101 12/233/245 122/35/35 119/24/24
f 122/35/35 11/34/34 117/21/21 119/24/24
f 113/27/27 10/30/30 124/29/29 123/28/28
f 124/29/29 14/290/369 125/39/39 123/28/28
f 125/39/39 13/38/38 126/25/25 123/28/28
f 118/31/31 11/34/34 128/33/33 127/32/32
f 128/33/33 15/477/46 129/476/370 127/32/32
f 129/476/370 14/290/369 124/29/29 127/32/32
f 122/35/35 12/233/245 131/246/258 130/36/36
f 131/246/258 16/245/257 132/47/47 130/36/36
f 132/47/47 15/477/46 128/33/33 130/36/36
f 125/39/39 14/290/369 134/408/312 133/474/40
f 134/409/312 18/54/54 135/51/51 133/40/40
f 135/51/51 17/50/50 136/37/37 133/40/40
f 138/43/43 86/345/371 139/346/372 137/473/44
f 139/404/372 87/347/373 140/348/374 137/44/44
f 140/348/374 88/349/375 141/41/41 137/44/44
f 132/47/47 16/245/257 143/242/254 142/472/48
f 143/428/254 20/241/253 144/59/59 142/48/48
f 144/59/59 19/58/58 145/412/45 142/48/48
f 135/51/51 18/54/54 147/53/53 146/52/52
f 147/53/53 22/66/66 148/63/63 146/52/52
f 148/63/63 21/62/62 149/49/49 146/52/52
f 151/470/55 19/58/58 152/57/57 150/56/56
f 152/57/57 23/70/70 153/67/67 150/56/56
f 153/67/67 22/66/66 147/53/53 150/56/56
f 144/59/59 20/241/253 155/238/250 154/60/60
f 155/238/250 24/237/249 156/71/71 154/60/60
f 156/71/71 23/70/70 152/57/57 154/60/60
f 148/63/63 22/66/66 158/65/65 157/64/64
f 158/65/65 26/322/336 159/319/333 157/64/64
f 159/319/333 25/112/113 160/61/61 157/64/64
f 153/67/67 23/70/70 162/69/69 161/68/68
f 162/69/69 27/326/340 163/323/337 161/68/68
f 163/323/337 26/322/336 158/65/65 161/68/68
f 156/71/71 24/237/249 165/350/376 164/72/72
f 165/350/376 28/351/377 166/327/341 164/72/72
f 166/327/341 27/326/340 162/69/69 164/72/72
f 168/75/75 91/78/78 169/77/77 167/76/76
s 1
f 169/77/378 30/90/90 170/120/379 167/76/380
f 170/120/379 29/109/381 171/73/382 167/76/380
s 3
f 173/79/79 92/82/82 174/81/81 172/80/80
s 1
f 174/81/383 31/129/384 175/91/91 172/80/385
f 175/91/91 30/90/90 169/77/378 172/80/386
s 3
f 177/83/83 93/352/387 178/353/388 176/84/84
s 1
f 178/353/389 32/133/390 179/130/391 176/84/392
f 179/130/391 31/129/384 174/81/383 176/84/392
s 10
f 181/87/87 50/354/393 182/355/394 180/88/88
f 182/355/394 51/215/395 183/212/222 180/88/88
f 183/212/222 52/211/221 184/85/85 180/88/88
s 1
f 175/91/91 31/129/384 186/138/146 185/469/92
f 186/458/146 3/10/10 103/7/7 185/92/92
f 103/7/7 2/6/6 187/89/89 185/92/92
s 12
f 189/95/95 54/356/396 190/357/397 188/96/96
f 190/357/397 55/229/398 191/226/238 188/96/96
f 191/226/238 56/225/237 192/93/93 188/96/96
s off
f 194/460/399 32/133/400 178/353/401 193/468/402
s 3
f 178/353/388 93/352/387 195/331/345 193/468/403
f 195/397/345 94/330/344 108/97/367 193/100/403
f 197/395/103 28/351/377 165/350/376 196/467/104
f 165/350/376 24/237/249 198/234/404 196/467/104
f 198/430/404 12/233/245 121/101/101 196/104/104
s 41
f 379/107/405 381/358/406 382/503/407 380/108/408
f 382/359/407 383/360/409 384/361/410 380/108/408
s 13
f 384/361/411 385/362/412 378/105/105 380/108/108
s off
f 204/462/413 1/2/414 101/1/415 203/466/416
s 3
f 101/1/361 89/342/356 205/317/331 203/466/417
f 205/400/331 90/74/74 171/73/73 203/111/417
f 207/398/114 5/14/14 114/13/13 206/465/115
f 114/13/13 9/26/26 208/249/418 206/465/115
f 208/426/418 21/62/62 160/61/61 206/114/115
s 42
f 388/117/419 390/363/420 391/364/421 389/118/422
f 391/364/421 392/365/423 393/366/424 389/118/422
s 14
f 393/366/425 394/367/426 386/115/116 389/118/119
s 15
f 170/120/122 30/90/427 214/122/428 213/121/123
f 214/122/428 34/145/429 215/142/430 213/121/123
f 215/142/430 33/141/431 216/119/120 213/121/123
s 1
f 187/89/89 2/6/6 218/124/126 217/463/432
f 218/124/126 35/149/433 219/146/434 217/463/432
f 219/454/435 34/145/436 214/122/124 217/123/125
f 98/3/127 1/2/437 221/126/438 220/125/128
f 221/126/438 36/153/439 222/150/440 220/125/128
f 222/150/440 35/149/441 218/124/126 220/125/128
s 43
f 204/110/442 29/109/443 216/119/444 223/461/445
f 216/119/444 33/141/446 224/154/447 223/461/445
s 17
f 224/447/448 36/153/449 221/126/129 223/127/132
s 18
f 179/130/135 32/133/450 226/132/451 225/131/136
f 226/132/451 38/161/452 227/158/453 225/131/136
f 227/158/453 37/157/454 228/128/133 225/131/136
s 44
f 194/99/455 4/98/456 230/135/457 229/459/458
f 230/135/457 39/165/459 231/162/460 229/459/458
s 19
f 231/441/461 38/161/462 226/132/137 229/134/140
s 1
f 107/11/143 3/10/10 233/137/145 232/136/144
f 233/137/145 40/169/463 234/166/464 232/136/144
f 234/166/464 39/165/465 230/135/141 232/136/144
f 186/138/146 31/129/384 228/128/466 235/457/467
f 228/128/466 37/157/468 236/170/469 235/457/467
f 236/434/470 40/169/471 233/137/145 235/139/147
s 21
f 215/142/150 34/145/153 238/144/152 237/143/151
f 238/144/152 42/456/472 239/455/473 237/143/151
f 239/455/473 41/173/474 240/140/148 237/143/151
f 219/146/154 35/149/157 242/148/156 241/453/155
f 242/148/156 43/205/475 243/451/476 241/453/155
f 243/452/476 42/456/472 238/144/152 241/147/155
f 222/150/158 36/153/161 245/152/160 244/151/159
f 245/152/160 44/185/477 246/449/478 244/151/159
f 246/449/478 43/205/475 242/148/156 244/151/159
f 224/154/162 33/141/149 240/140/148 247/446/163
f 240/140/148 41/173/474 248/444/479 247/446/163
f 248/445/479 44/185/477 245/152/160 247/155/163
s 22
f 227/158/166 38/161/169 250/160/168 249/159/167
f 250/160/168 46/443/480 251/442/481 249/159/167
f 251/442/481 45/189/482 252/156/164 249/159/167
f 231/162/170 39/165/173 254/164/172 253/440/171
f 254/164/172 47/219/483 255/438/484 253/440/171
f 255/439/484 46/443/480 250/160/168 253/163/171
f 234/166/174 40/169/177 257/168/176 256/167/175
f 257/168/176 48/201/485 258/436/486 256/167/175
f 258/436/486 47/219/483 254/164/172 256/167/175
f 236/170/178 37/157/165 252/156/164 259/433/179
f 252/156/164 45/189/482 260/431/487 259/433/179
f 260/432/487 48/201/485 257/168/176 259/171/179
s 23
f 239/174/182 42/177/488 262/176/489 261/528/183
s 45
f 262/526/490 50/354/491 181/87/492 261/175/493
f 181/87/492 49/86/494 263/172/495 261/175/493
s off
f 243/178/496 43/450/497 265/216/498 264/527/499
s 28
f 265/513/226 51/215/225 182/355/500 264/179/501
s off
f 182/355/502 50/354/503 262/526/504 264/179/505
s 24
f 267/182/190 57/368/506 268/369/507 266/525/191
s 46
f 268/514/508 59/370/509 269/371/510 266/183/511
f 269/371/510 60/372/512 270/180/513 266/183/511
s off
f 248/186/514 41/479/515 263/524/516 271/523/517
f 263/172/518 49/86/519 184/85/520 271/187/521
s 47
f 184/85/522 52/211/523 272/184/524 271/187/525
s 25
f 251/190/198 46/193/526 274/192/527 273/522/199
s 48
f 274/520/528 54/356/529 189/95/530 273/191/531
f 189/95/530 53/94/532 275/188/533 273/191/531
s off
f 255/194/534 47/437/535 277/230/536 276/521/537
s 30
f 277/507/242 55/229/241 190/357/538 276/195/539
s off
f 190/357/540 54/356/541 274/520/542 276/195/543
s 26
f 279/198/206 61/373/544 280/374/545 278/519/207
s 49
f 280/508/546 63/375/547 281/376/548 278/199/549
f 281/376/548 64/377/550 282/196/551 278/199/549
s off
f 260/202/552 45/478/553 275/518/554 283/517/555
f 275/188/556 53/94/557 192/93/558 283/203/559
s 50
f 192/93/560 56/225/561 284/200/562 283/203/563
s 27
f 246/206/214 44/448/564 286/208/565 285/207/215
s 51
f 286/208/566 57/368/567 267/182/568 285/207/569
f 267/182/568 58/181/570 287/204/571 285/207/569
s 47
f 272/184/524 52/211/523 289/210/572 288/515/573
s off
f 289/210/574 59/370/575 268/514/576 288/515/577
f 268/369/578 57/368/579 286/208/580 288/209/581
s 10
f 183/212/222 51/215/395 291/214/582 290/213/223
s 52
f 291/214/583 60/372/584 269/371/585 290/213/586
f 269/371/585 59/370/587 289/210/588 290/213/586
s off
f 265/216/589 43/450/590 287/204/591 292/512/592
f 287/204/593 58/181/594 270/511/595 292/512/596
f 270/180/597 60/372/598 291/214/599 292/217/600
s 29
f 258/220/230 48/435/601 294/222/602 293/221/231
s 53
f 294/222/603 61/373/604 279/198/605 293/221/606
f 279/198/605 62/197/607 295/218/608 293/221/606
s 50
f 284/200/562 56/225/561 297/224/609 296/509/610
s off
f 297/224/611 63/375/612 280/508/613 296/509/614
f 280/374/615 61/373/616 294/222/617 296/223/618
s 12
f 191/226/238 55/229/398 299/228/619 298/227/239
s 54
f 299/228/620 64/377/621 281/376/622 298/227/623
f 281/376/622 63/375/624 297/224/625 298/227/623
s off
f 277/230/626 47/437/627 295/218/628 300/506/629
f 295/218/630 62/197/631 282/505/632 300/506/633
f 282/196/634 64/377/635 299/228/636 300/231/637
s 3
f 198/234/246 24/237/249 302/236/248 301/429/247
f 302/236/248 65/262/274 303/259/271 301/429/247
f 303/422/271 66/258/270 304/232/244 301/235/247
f 155/238/250 20/241/253 306/240/252 305/239/251
f 306/240/252 67/266/278 307/263/275 305/239/251
f 307/263/275 65/262/274 302/236/248 305/239/251
f 143/242/254 16/245/257 309/244/256 308/427/255
f 309/244/256 68/270/282 310/267/279 308/427/255
f 310/420/279 67/266/278 306/240/252 308/243/255
f 131/246/258 12/233/245 304/232/244 311/247/259
f 304/232/244 66/258/270 312/271/283 311/247/259
f 312/271/283 68/270/282 309/244/256 311/247/259
f 208/249/261 9/26/26 314/251/263 313/425/262
f 314/251/263 70/278/290 315/275/287 313/425/262
f 315/418/287 69/274/286 316/248/260 313/250/262
f 126/25/25 13/38/38 318/253/265 317/252/264
f 318/253/265 71/282/294 319/279/291 317/252/264
f 319/279/291 70/278/290 314/251/263 317/252/264
f 136/37/37 17/50/50 321/255/267 320/423/266
f 321/255/267 72/286/298 322/283/295 320/423/266
f 322/416/295 71/282/294 318/253/265 320/254/266
f 149/49/49 21/62/62 316/248/260 323/256/268
f 316/248/260 69/274/286 324/287/299 323/256/268
f 324/287/299 72/286/298 321/255/267 323/256/268
f 303/259/271 65/262/274 326/261/273 325/421/272
f 326/261/273 73/497/638 199/498/639 325/421/272
f 199/499/639 74/500/640 327/257/269 325/260/272
f 307/263/275 67/266/278 329/265/277 328/264/276
f 329/265/277 75/495/641 200/496/642 328/264/276
f 200/496/642 73/497/638 326/261/273 328/264/276
f 310/267/279 68/270/282 331/269/281 330/419/280
f 331/269/281 76/492/643 201/493/644 330/419/280
f 201/494/644 75/495/641 329/265/277 330/268/280
f 312/271/283 66/258/270 327/257/269 332/272/284
f 327/257/269 74/500/640 202/491/645 332/272/284
f 202/491/645 76/492/643 331/269/281 332/272/284
f 315/275/287 70/278/290 334/277/289 333/417/288
f 334/277/289 78/490/646 209/488/647 333/417/288
f 209/489/647 77/482/648 335/273/285 333/276/288
f 319/279/291 71/282/294 337/281/293 336/280/292
f 337/281/293 79/487/649 210/486/650 336/280/292
f 210/486/650 78/490/646 334/277/289 336/280/292
f 322/283/295 72/286/298 339/285/297 338/415/296
f 339/285/297 80/485/651 211/483/652 338/415/296
f 211/484/652 79/487/649 337/281/293 338/284/296
f 324/287/299 69/274/286 335/273/285 340/288/300
f 335/273/285 77/482/648 212/481/653 340/288/300
f 212/481/653 80/485/651 339/285/297 340/288/300
s off
f 129/291/654 15/46/655 342/293/656 341/292/657
s 3
f 342/293/658 82/305/319 343/302/316 341/292/659
f 343/302/316 81/301/315 344/289/660 341/292/659
f 145/45/45 19/471/58 346/295/308 345/411/307
f 346/295/308 83/309/323 347/306/320 345/411/661
f 347/406/320 82/305/319 342/293/658 345/294/661
f 151/55/309 18/475/54 349/297/311 348/296/310
f 349/297/311 84/313/327 350/310/324 348/296/310
f 350/310/324 83/309/323 346/295/308 348/296/310
f 134/298/312 14/480/662 344/289/663 351/407/313
f 344/289/660 81/301/315 352/314/328 351/407/664
f 352/403/328 84/313/327 349/297/311 351/299/664
f 343/302/316 82/305/319 354/304/318 353/303/317
f 354/304/318 86/345/371 138/43/43 353/303/317
f 138/43/43 85/42/42 355/300/314 353/303/317
f 347/306/320 83/309/323 357/308/322 356/405/321
f 357/308/322 87/347/373 139/404/372 356/405/321
f 139/346/372 86/345/371 354/304/318 356/307/321
f 350/310/324 84/313/327 359/312/326 358/311/325
f 359/312/326 88/349/375 140/348/374 358/311/325
f 140/348/374 87/347/373 357/308/322 358/311/325
f 352/314/328 81/301/315 355/300/314 360/402/329
f 355/300/314 85/42/42 141/401/41 360/402/329
f 141/41/41 88/349/375 359/312/326 360/315/329
f 205/317/331 89/342/356 362/341/355 361/399/332
f 362/341/355 5/14/14 207/398/114 361/399/332
f 207/113/114 25/112/113 363/316/330 361/318/332
f 159/319/333 26/322/336 365/321/335 364/320/334
f 365/321/335 91/78/78 168/75/75 364/320/334
f 168/75/75 90/74/74 363/316/330 364/320/334
f 163/323/337 27/326/340 367/325/339 366/324/338
f 367/325/339 92/82/82 173/79/79 366/324/338
f 173/79/79 91/78/78 365/321/335 366/324/338
f 166/327/341 28/351/377 369/394/665 368/328/342
f 369/394/665 93/352/387 177/83/83 368/328/342
f 177/83/83 92/82/82 367/325/339 368/328/342
f 195/331/345 93/352/387 369/394/665 370/396/346
f 369/394/665 28/351/377 197/395/103 370/396/346
f 197/103/103 8/102/102 371/329/343 370/332/346
f 109/335/349 94/330/344 371/329/343 372/336/350
f 371/329/343 8/102/102 120/23/23 372/336/350
f 120/23/23 7/22/22 373/333/347 372/336/350
f 105/339/353 95/334/348 373/333/347 374/340/354
f 373/333/347 7/22/22 116/19/19 374/340/354
f 116/19/19 6/18/18 375/337/351 374/340/354
f 100/343/357 96/338/352 375/337/351 376/344/358
f 375/337/351 6/18/18 111/15/15 376/344/358
f 111/15/15 5/14/14 362/341/355 376/344/358
s 55
f 202/385/666 74/380/667 377/106/668 378/105/669
s off
f 74/380/670 199/379/671 379/107/672 377/106/673
f 199/379/674 73/378/675 381/358/676 379/107/677
s 56
f 73/378/678 200/504/679 382/503/680 381/358/681
f 200/382/679 75/381/682 383/360/683 382/359/680
s off
f 75/381/684 201/384/685 384/361/686 383/360/687
f 201/384/688 76/383/689 385/362/690 384/361/691
s 55
f 76/383/692 202/385/666 378/105/669 385/362/693
s 57
f 212/393/694 77/388/695 387/116/696 386/501/697
s off
f 77/388/698 209/387/699 388/117/700 387/116/701
f 209/387/702 78/386/703 390/363/704 388/117/705
s 58
f 78/386/706 210/390/707 391/364/708 390/363/709
f 210/390/707 79/389/710 392/365/711 391/364/708
s off
f 79/389/712 211/392/713 393/366/714 392/365/715
f 211/392/716 80/391/717 394/367/718 393/366/719
s 57
f 80/391/720 212/502/694 386/115/697 394/367/721
