# This file uses centimeters as units for non-parametric coordinates.

mtllib fall_frame.08.mtl
g default
v -25.026928 58.922054 2.280657
v -13.389235 55.392567 8.988104
v -1.189757 58.152679 12.104635
v 12.957026 61.544987 14.173887
v -23.466780 81.407272 -5.834579
v -13.945145 87.067650 4.751980
v 3.928163 89.048309 7.487221
v 17.182030 85.841858 0.571226
v -21.493046 103.517120 -17.296057
v -13.871693 106.843666 -8.312913
v 0.689707 111.188423 -7.759002
v 11.354811 116.214943 -19.164833
v -28.775150 110.070518 -20.252848
v -15.260943 120.423782 -23.950319
v -4.274616 123.587883 -23.838089
v 10.453643 126.619255 -22.640196
v -27.335083 105.209152 -29.964376
v -15.179689 114.528511 -34.452991
v -0.645502 118.642395 -33.908230
v 15.832978 121.433441 -29.233250
v -20.497961 100.259300 -24.721275
v -10.066957 96.813217 -29.491623
v 4.491117 101.146805 -28.930782
v 13.753259 112.767311 -25.854507
v -21.106358 75.655685 -17.135277
v -7.437133 75.265991 -18.447237
v 7.400166 76.964493 -16.196920
v 19.599146 79.949936 -10.975885
v -19.382200 55.089203 -8.194605
v -10.207282 47.648262 -1.306955
v 1.910019 47.638432 5.640332
v 15.902803 52.410950 5.498608
v -36.513866 29.062468 -9.187169
v -31.241022 25.297005 -5.147594
v -37.942917 26.382553 3.823728
v -43.212181 29.940796 -0.409142
v 6.206171 34.035732 33.581982
v 13.758280 35.364323 34.971436
v 10.572099 44.393909 42.696625
v 3.008453 43.014484 41.351532
v -24.995602 23.601240 -35.193142
v -20.016218 19.962519 -31.239693
v -27.435467 12.632310 -29.570677
v -31.878994 15.560774 -34.268620
v 11.895164 5.365148 31.789503
v 18.955648 5.728188 34.373764
v 15.197211 5.549826 44.703842
v 8.110904 5.427051 42.152969
v -22.965780 21.514656 -40.416489
v -17.153244 17.294357 -35.329792
v -26.832495 6.702561 -30.352335
v -33.190876 10.461211 -39.002697
v 11.566908 -0.066787 30.724146
v 20.045677 0.129864 33.785412
v 16.257647 0.033747 48.222832
v 5.155170 -0.037125 44.247864
v -46.224293 5.438708 -32.361366
v -42.428802 4.103119 -23.985653
v -44.878822 2.337382 -33.455006
v -41.085323 1.007936 -25.084301
v 1.137290 4.528577 59.141674
v 9.886655 4.528583 62.264248
v 1.137292 0.975468 59.141674
v 9.886657 0.975472 62.264248
v 18.304014 113.562370 0.735737
v 12.906017 115.296684 -5.425129
v 21.112812 122.584702 -0.545547
v 13.586053 125.474342 -5.221584
v -28.070740 78.626793 -20.591463
v -27.934711 84.414696 -11.826264
v -38.186211 87.559669 -13.970470
v -37.144218 82.081398 -23.670328
v -7.494243 109.049416 11.207079
v -10.905223 108.309097 2.080529
v -8.265257 112.740715 11.195747
v -11.677205 112.000031 2.068246
v -37.928883 59.407669 -2.171811
v -36.230194 65.427139 5.336972
v -39.720707 66.816864 5.012536
v -41.419395 60.797398 -2.496247
v -18.827684 129.942169 -32.286293
v -3.712853 131.910583 -35.732647
v -0.655838 117.788269 -44.022644
v -21.696358 115.161491 -39.092155
v -23.482697 140.394058 -49.289398
v -9.178244 141.672806 -53.114506
v -11.343445 127.948463 -64.450752
v -24.979622 126.729454 -60.804344
v -22.990311 65.380730 2.427639
v -19.556561 60.154804 -8.632553
v -7.043714 57.888641 -7.628515
v 4.516762 57.494514 -5.566863
v 16.801359 59.454216 -0.724992
v 14.156285 66.319992 9.982344
v 1.702006 67.426659 11.341820
v -12.727080 66.647491 8.802323
v -19.494051 61.735104 7.197477
v -21.186270 57.452984 6.801139
v -13.108705 61.352249 10.014815
v -19.066160 66.150436 6.343194
v -23.467270 62.247456 2.844590
v -6.083009 62.516064 11.200231
v -7.556509 57.173637 12.304454
v 0.720431 63.551800 11.879480
v -5.394470 67.135330 10.094207
v 7.394904 64.267067 12.361217
v 6.880615 61.728466 14.318397
v 13.490144 63.677486 11.619214
v 8.513252 67.365982 11.400894
v -19.658934 93.729424 -6.203475
v -20.259876 84.239296 -0.393054
v -13.957679 96.576393 -1.812347
v -19.774937 103.726471 -12.101128
v -22.856863 90.995499 -10.800087
v -4.736474 97.659515 -0.187852
v -5.158867 88.441475 6.875152
v 4.306732 100.537865 -0.211345
v -6.392752 108.497704 -9.147691
v 11.798335 100.750984 -3.481666
v 11.901809 87.764076 4.553325
v 17.655275 100.852470 -7.552188
v 8.851760 112.917122 -11.337922
v -20.831236 112.380989 -17.057585
v -15.430608 116.408783 -16.765682
v -23.644548 117.665909 -22.864939
v -25.855616 106.763901 -16.496534
v -8.895869 117.750893 -16.100182
v -2.666506 120.222427 -16.283213
v -10.214328 125.224152 -25.725134
v 4.574579 120.842819 -16.882761
v 10.290972 122.753929 -20.171539
v 2.981163 126.742706 -22.938602
v -23.741894 116.426971 -29.390955
v -15.837418 119.184555 -30.307951
v -23.592110 111.568962 -34.297707
v -28.619274 108.003441 -25.418320
v -17.944845 141.902893 -56.948437
v -16.306570 141.389084 -50.993679
v -9.377227 137.952591 -59.377838
v -18.450556 125.989166 -64.159615
v -26.702677 136.419052 -54.735619
v 3.829362 125.742020 -29.469641
v 12.948583 124.780731 -26.468645
v 7.344271 121.948265 -34.281506
v -3.035857 122.615860 -30.579744
v -19.695850 104.930260 -32.706985
v -13.190179 107.730133 -34.514568
v -17.313677 95.838638 -28.639185
v -23.482721 101.532310 -28.569000
v -5.867674 109.910500 -34.239597
v -8.606010 115.872780 -36.034237
v 1.461611 112.114098 -33.964523
v -2.778935 98.970772 -29.204876
v 9.315089 114.256058 -32.515945
v 16.447506 116.130974 -27.871099
v 12.190214 105.318039 -27.993334
v -15.405889 85.205338 -23.886854
v -7.665894 86.050835 -23.921814
v -15.154964 74.764603 -19.056133
v -20.868998 85.704903 -21.301378
v -0.240518 87.746582 -23.334570
v 7.004931 89.358864 -22.703321
v 0.103621 76.143005 -17.333525
v 14.679996 92.130585 -21.389515
v 19.956381 95.745461 -18.428528
v 14.686382 78.038361 -14.469178
v -13.404651 55.412121 -7.917700
v -13.685006 58.561573 -9.375013
v -7.278749 54.009094 -5.554771
v -13.961909 52.254921 -7.451277
v -18.940361 57.670628 -7.870178
v -1.912724 53.196133 -3.828739
v -1.467856 57.590321 -6.574188
v 3.921785 53.180824 -2.592462
v -2.779907 48.899597 -1.204961
v 11.125629 53.671455 -0.989073
v 11.669176 57.791325 -3.910524
v 16.295115 55.608414 1.992440
v 10.708247 50.027744 2.838058
v -23.976437 14.617287 -36.782856
v -18.391693 21.282524 -38.336475
v -20.352316 12.208543 -33.147041
v -29.983030 8.511956 -34.651405
v -27.800982 17.431202 -40.375908
v -8.551148 53.160767 11.726626
v 1.181849 47.013294 18.143433
v -18.898426 40.926941 1.994128
v 13.664129 0.009856 38.135841
v 16.636423 0.041694 30.042747
v 19.221180 0.112182 40.135406
v 10.704550 -0.001552 46.234970
v 8.132904 -0.089523 36.142292
v 16.404280 59.552769 6.844203
v 15.846271 56.906342 9.850621
v 17.078714 62.807098 4.643106
v 21.099024 98.449883 -12.931952
v 20.423922 82.929802 -5.175468
v 12.832194 114.618958 -22.566328
v -9.089516 107.912521 6.519206
v -7.474745 110.622414 12.093186
v -10.032371 112.426537 6.505348
v -11.646487 109.716904 0.932022
v -22.265326 60.339714 -3.505509
v -23.099636 57.550022 -4.081542
v -22.669893 62.805504 -3.904385
v -23.550322 87.131355 -16.076981
v -24.355024 78.163780 -12.148638
v -20.603521 100.589180 -19.628899
v -36.340855 62.216061 1.753073
v -37.436447 66.746330 6.145862
v -40.609329 63.915527 1.356327
v -39.513737 59.385258 -3.036462
v -22.342072 40.312187 -8.625060
v -20.937323 38.025959 -4.486633
v -33.098381 27.084377 -7.869277
v -27.449200 42.303562 -9.837667
v -22.850794 38.761276 1.792671
v -27.583998 40.889645 5.893979
v -33.864685 25.010349 0.358843
v -31.237345 44.154991 5.228653
v -34.147423 45.142315 0.518614
v -41.784931 28.459644 3.722488
v -31.627340 44.451180 -5.394560
v -40.914158 29.882771 -5.174084
v 10.516835 41.626442 17.841892
v 14.866384 43.570927 20.591568
v 10.101385 33.879807 33.574020
v 5.692995 41.901237 19.151434
v 14.508607 48.933018 24.374372
v 11.797175 53.761795 28.039284
v 13.036890 40.281109 39.394917
v 6.505850 54.958393 27.594885
v 2.623395 52.113400 26.596733
v 6.053232 45.389835 43.394249
v 2.509154 46.787716 22.515312
v 3.183917 38.517315 37.496231
v -27.014530 28.763725 -17.764603
v -25.599569 25.078869 -15.430637
v -21.138136 23.354252 -33.505756
v -31.498686 29.366470 -19.190765
v -28.559668 19.377243 -14.407454
v -33.669796 15.333817 -14.387862
v -22.605387 15.750790 -29.846104
v -37.759525 15.687969 -16.417803
v -39.558407 19.574062 -18.134033
v -31.879097 12.259546 -31.537369
v -36.459812 25.036777 -19.398932
v -29.050079 20.332958 -35.423855
v 13.806451 22.259274 31.127081
v 17.018162 23.105871 34.501858
v 16.120718 5.559600 31.235714
v 9.201313 22.124184 31.581751
v 15.902662 23.049582 41.035072
v 12.493334 23.013996 46.703735
v 18.262985 5.701437 39.673359
v 7.897092 22.147642 47.086903
v 4.691342 22.099678 43.804306
v 10.672256 5.492099 46.227196
v 5.693559 21.824451 37.274895
v 9.029469 5.315427 36.309181
v -19.334106 22.814770 -36.047390
v -18.068258 18.820122 -33.134041
v -23.935913 23.093409 -38.103794
v -21.250105 13.795740 -31.158556
v -27.763144 8.581237 -28.837051
v -45.992085 3.550578 -27.614391
v -44.701160 5.630567 -27.870792
v -48.394035 4.385273 -32.936440
v -42.618877 0.830877 -29.563341
v -43.590134 2.715884 -22.292347
v -28.808376 19.134504 -38.186230
v -34.224445 12.460222 -37.323032
v 16.604925 2.861062 30.037123
v 20.009817 2.976178 33.783215
v 11.537307 2.719783 30.713615
v 19.188122 2.956000 40.133408
v 16.240774 2.844600 48.218964
v 4.798810 4.253707 62.701229
v 5.511972 5.501466 60.702961
v -0.756337 4.253704 60.718647
v 5.511975 0.002585 60.702961
v 10.353954 4.253710 64.683815
v 8.109079 2.687138 36.131393
v 5.139357 2.772317 44.243996
v -38.096268 8.713971 -30.012106
v -40.464127 9.792822 -34.426109
v -35.686855 7.572949 -25.635809
v -39.783386 7.747307 -36.071060
v -38.746208 5.452852 -37.166122
v -36.099426 4.293362 -32.161369
v -33.399746 3.066983 -27.237610
v -34.405457 5.299230 -26.140465
v 8.094066 5.500723 53.466137
v 3.185489 5.498250 51.713894
v 13.003169 5.501691 55.218250
v 2.540404 2.810655 51.483292
v 2.542382 -0.002447 51.483601
v 8.096886 0.001496 53.466686
v 13.650788 0.003905 55.449390
v 13.649887 2.816194 55.449181
v 12.297668 115.374260 -11.764254
v 16.426907 113.668053 -12.647548
v 15.381336 113.155640 -1.929698
v 9.850312 119.211311 -11.194847
v 19.526089 116.346809 -13.275619
v 21.448282 120.867798 -13.751204
v 20.067680 117.386330 0.549444
v 18.340734 124.213997 -13.205606
v 14.563148 126.418175 -12.277338
v 17.379763 125.080406 -2.291400
v 11.402888 123.145706 -11.549957
v 12.446445 120.159691 -6.093608
v -24.486547 91.367538 -17.472586
v -27.234825 93.299141 -14.019692
v -26.775211 80.836792 -15.880746
v -24.117912 90.205185 -22.048285
v -31.205969 94.876511 -14.851599
v -35.020023 96.048492 -17.779144
v -32.630531 86.599953 -11.657369
v -34.099194 94.711861 -22.106377
v -31.930664 92.766937 -25.879528
v -38.630478 84.847008 -19.073135
v -27.371277 90.989410 -24.704161
v -32.059612 79.748375 -22.894884
v 8.280693 109.791786 0.556505
v 10.019364 111.800705 5.289925
v 6.132679 111.146950 -4.082902
v 10.004332 115.925896 6.218121
v 8.791207 121.248741 5.256693
v 6.331959 121.480507 0.632315
v 4.334418 120.720306 -4.052518
v 4.923394 115.232307 -5.145828
v -28.659994 74.031723 -10.069335
v -29.425776 77.747574 -6.359445
v -31.061287 71.518997 -14.280293
v -33.169498 80.011642 -5.838933
v -38.525692 81.247658 -7.347644
v -39.723690 78.256966 -11.475084
v -39.948139 74.976845 -15.637407
v -35.035801 72.397522 -15.697351
v -10.542888 130.308411 -25.285038
v -4.351692 126.070412 -30.906786
v -11.280461 133.401077 -32.445221
v -16.429544 123.409584 -29.601528
v -1.542039 123.841545 -33.473080
v -3.403205 119.677704 -36.513641
v 0.475312 125.227631 -40.455490
v -9.463506 115.428154 -38.618641
v -15.440514 116.946480 -35.362686
v -11.130443 115.685112 -42.084244
v -18.421091 120.176300 -31.679512
v -22.860462 122.165924 -35.150311
v -14.042468 139.895142 -42.951248
v -4.262209 139.241989 -48.484676
v -24.978310 137.390076 -42.945045
v -3.470298 131.469635 -54.179855
v -5.365191 123.416527 -57.511578
v -15.708731 120.534401 -55.729790
v -25.888897 121.581810 -52.023396
v -27.187853 129.349411 -47.837616
v -23.955959 70.655197 -8.312641
v -23.387209 73.868324 -2.036279
v -20.905052 67.926224 -13.208324
v -14.898011 66.849136 -14.713572
v -7.505060 66.797249 -13.532534
v -0.670400 67.465004 -12.408750
v 6.016288 67.251427 -10.789540
v 13.263001 67.784630 -8.990892
v 18.271423 69.107895 -5.372667
v 18.829557 72.025139 0.416346
v 15.745418 75.148178 6.073607
v 10.343609 77.486298 8.532319
v 3.932753 77.723251 9.494773
v -5.089205 78.556602 7.374290
v -14.187412 77.152473 5.789330
v -19.662081 76.481712 2.437738
v -23.794224 105.401497 6.627800
v -24.610571 106.989838 5.382503
v -21.899460 105.331985 11.440983
v -22.359022 107.532143 11.434230
v -20.094341 106.204689 16.525572
v -20.086067 107.972038 17.486269
v -20.962074 110.359047 16.512819
v -22.878885 110.021080 11.426587
v -24.661957 109.555855 6.615047
v -44.253166 49.384735 5.488957
v -42.476303 49.385841 6.431992
v -41.094807 52.566818 10.656445
v -43.126884 53.375881 10.467568
v -40.634262 55.913296 14.574441
v -42.000584 57.367023 15.446174
v -44.562656 57.477367 14.209301
v -45.528835 54.332211 10.244306
v -46.404686 50.949905 6.066856
vt 0.208431 0.494797
vt 0.208575 0.478116
vt 0.229443 0.475893
vt 0.229271 0.493426
vt 0.252729 0.492198
vt 0.256170 0.471571
vt 0.275357 0.475888
vt 0.275429 0.493819
vt 0.298111 0.492176
vt 0.294163 0.471736
vt 0.321331 0.475953
vt 0.321541 0.493432
vt 0.198757 0.641525
vt 0.200055 0.589825
vt 0.221664 0.590600
vt 0.219751 0.640956
vt 0.244967 0.639373
vt 0.247968 0.591507
vt 0.275466 0.591669
vt 0.275481 0.635804
vt 0.305994 0.639365
vt 0.302966 0.591494
vt 0.329276 0.590573
vt 0.331197 0.640955
vt 0.199789 0.728809
vt 0.197393 0.704590
vt 0.219517 0.692482
vt 0.227784 0.730211
vt 0.252859 0.733034
vt 0.249003 0.687406
vt 0.275511 0.688085
vt 0.275516 0.730408
vt 0.298175 0.733010
vt 0.302021 0.687396
vt 0.331536 0.692451
vt 0.323246 0.730162
vt 0.805511 0.686057
vt 0.204711 0.752714
vt 0.229559 0.760254
vt 0.782889 0.696424
vt 0.784986 0.875584
vt 0.254181 0.941082
vt 0.275435 0.940431
vt 0.742298 0.896742
vt 0.699334 0.736241
vt 0.297037 0.807427
vt 0.321459 0.760204
vt 0.696358 0.696343
vt 0.808954 0.641287
vt 0.805193 0.664541
vt 0.784300 0.671779
vt 0.785729 0.644267
vt 0.763331 0.647822
vt 0.762442 0.673765
vt 0.742276 0.741120
vt 0.739609 0.647377
vt 0.715889 0.647774
vt 0.716786 0.673709
vt 0.694936 0.671695
vt 0.693494 0.644181
vt 0.806875 0.557726
vt 0.810121 0.617205
vt 0.790367 0.607046
vt 0.787575 0.557696
vt 0.763367 0.556090
vt 0.764746 0.603486
vt 0.739627 0.603152
vt 0.739688 0.556093
vt 0.716014 0.556064
vt 0.714496 0.603455
vt 0.688836 0.606971
vt 0.691820 0.557642
vt 0.803405 0.420481
vt 0.802841 0.435733
vt 0.782960 0.432290
vt 0.783371 0.416064
vt 0.759505 0.410786
vt 0.759570 0.428509
vt 0.739756 0.426992
vt 0.739743 0.409699
vt 0.720007 0.410786
vt 0.719946 0.428500
vt 0.696571 0.432245
vt 0.696182 0.416016
vt 0.819305 0.093413
vt 0.797386 0.086157
vt 0.790779 0.072322
vt 0.822344 0.073237
vt 0.265809 0.416173
vt 0.762697 0.377789
vt 0.739788 0.389948
vt 0.275377 0.462947
vt 0.364323 0.097210
vt 0.342669 0.089884
vt 0.336664 0.075169
vt 0.367299 0.076188
vt 0.342559 0.494848
vt 0.342402 0.478170
vt 0.366070 0.480227
vt 0.366198 0.495669
vt 0.352247 0.641476
vt 0.350872 0.589816
vt 0.374237 0.588973
vt 0.374011 0.638442
vt 0.936729 0.462892
vt 0.940585 0.464321
vt 0.946953 0.476690
vt 0.936605 0.482861
vt 0.804780 0.405462
vt 0.824266 0.410023
vt 0.823186 0.423812
vt 0.805355 0.509178
vt 0.825584 0.509339
vt 0.825621 0.554997
vt 0.118742 0.522844
vt 0.058006 0.517789
vt 0.074507 0.510871
vt 0.084702 0.516921
vt 0.822269 0.350445
vt 0.784755 0.399833
vt 0.805305 0.347137
vt 0.793942 0.336256
vt 0.777469 0.322538
vt 0.236211 0.409364
vt 0.220899 0.415267
vt 0.203041 0.415110
vt 0.182178 0.419746
vt 0.685950 0.336155
vt 0.717407 0.377787
vt 0.694840 0.399772
vt 0.674409 0.347030
vt 0.657366 0.350391
vt 0.674734 0.405426
vt 0.637625 0.358046
vt 0.347747 0.415166
vt 0.329799 0.415381
vt 0.314324 0.409429
vt 0.706215 0.336018
vt 0.292514 0.404556
vt 0.870618 0.237836
vt 0.844433 0.293934
vt 0.832214 0.287148
vt 0.858351 0.228645
vt 0.844944 0.223065
vt 0.821107 0.280742
vt 0.243727 0.342391
vt 0.826584 0.212775
vt 0.214622 0.282882
vt 0.224361 0.346790
vt 0.210147 0.349538
vt 0.199596 0.284960
vt 0.184434 0.288656
vt 0.194986 0.352422
vt 0.864110 0.304875
vt 0.163133 0.290367
vt 0.634803 0.222910
vt 0.658751 0.280554
vt 0.647480 0.287052
vt 0.621343 0.228556
vt 0.609012 0.237734
vt 0.635143 0.293889
vt 0.375465 0.356065
vt 0.590820 0.249121
vt 0.366326 0.288752
vt 0.355651 0.352469
vt 0.340563 0.349608
vt 0.351134 0.285011
vt 0.336042 0.282967
vt 0.326383 0.346874
vt 0.678330 0.268182
vt 0.315081 0.275917
vt 0.789900 0.091626
vt 0.894734 0.181072
vt 0.223763 0.023658
vt 0.779683 0.072008
vt 0.205625 0.023651
vt 0.212375 0.030485
vt 0.208733 0.046428
vt 0.818124 0.043214
vt 0.919973 0.054113
vt 0.218394 0.124576
vt 0.231547 0.124829
vt 0.925982 0.076298
vt 0.853028 0.105343
vt 0.173602 0.224408
vt 0.245023 0.044913
vt 0.815784 0.102925
vt 0.335499 0.095534
vt 0.609223 0.166963
vt 0.147562 0.023794
vt 0.325939 0.074804
vt 0.129108 0.019171
vt 0.133886 0.026698
vt 0.125138 0.040618
vt 0.363323 0.044920
vt 0.461211 0.056389
vt 0.114656 0.083148
vt 0.128082 0.110700
vt 0.466974 0.079440
vt 0.396801 0.109583
vt 0.345740 0.218419
vt 0.158805 0.046562
vt 0.361009 0.107136
vt 0.212264 0.093809
vt 0.204982 0.218327
vt 0.226791 0.056935
vt 0.229179 0.093286
vt 0.246067 0.092223
vt 0.255137 0.092099
vt 0.884191 0.095549
vt 0.853655 0.095653
vt 0.854753 0.074189
vt 0.884265 0.075061
vt 0.885799 0.054616
vt 0.855335 0.052709
vt 0.203340 0.068369
vt 0.888472 0.044995
vt 0.116537 0.064410
vt 0.377147 0.224500
vt 0.136900 0.057215
vt 0.135301 0.068971
vt 0.159593 0.072808
vt 0.169578 0.075371
vt 0.426769 0.099419
vt 0.397393 0.099512
vt 0.398467 0.077209
vt 0.426850 0.078134
vt 0.428347 0.056895
vt 0.399054 0.054890
vt 0.111199 0.052142
vt 0.430928 0.046902
vt 0.398347 0.732496
vt 0.353774 0.704759
vt 0.655189 0.607952
vt 0.404645 0.715309
vt 0.625247 0.642548
vt 0.669008 0.617360
vt 0.670290 0.641156
vt 0.629866 0.657272
vt 0.633967 0.675274
vt 0.674058 0.664432
vt 0.345812 0.774768
vt 0.637449 0.692485
vt 0.387906 0.765553
vt 0.346295 0.752641
vt 0.351218 0.728717
vt 0.392980 0.747350
vt 0.854032 0.642643
vt 0.181252 0.694641
vt 0.859345 0.625630
vt 0.152631 0.732602
vt 0.157999 0.747449
vt 0.163074 0.765647
vt 0.167481 0.783084
vt 0.845329 0.675366
vt 0.849419 0.657366
vt 0.462802 0.754848
vt 0.433121 0.744888
vt 0.586158 0.633072
vt 0.469035 0.736153
vt 0.562716 0.661102
vt 0.591598 0.653084
vt 0.596668 0.669873
vt 0.567525 0.676181
vt 0.573571 0.695803
vt 0.602326 0.689166
vt 0.414557 0.801264
vt 0.575415 0.714705
vt 0.450039 0.789809
vt 0.420413 0.781867
vt 0.427222 0.762131
vt 0.457315 0.770152
vt 0.916571 0.661069
vt 0.887682 0.653104
vt 0.112049 0.724515
vt 0.922852 0.642462
vt 0.088177 0.754903
vt 0.117860 0.744959
vt 0.123753 0.762207
vt 0.093657 0.770210
vt 0.100926 0.789871
vt 0.130556 0.781946
vt 0.872833 0.708772
vt 0.104321 0.808576
vt 0.905760 0.695791
vt 0.876995 0.689207
vt 0.882631 0.669903
vt 0.911782 0.676158
vt 0.245118 0.820265
vt 0.256063 0.761423
vt 0.275458 0.816348
vt 0.275456 0.817082
vt 0.305796 0.819611
vt 0.322444 0.827635
vt 0.716707 0.746651
vt 0.742277 0.751635
vt 0.767846 0.746640
vt 0.232576 0.815700
vt 0.789238 0.746868
vt 0.242805 0.909093
vt 0.242913 0.847487
vt 0.275453 0.850080
vt 0.275444 0.899369
vt 0.308078 0.909112
vt 0.307992 0.847504
vt 0.685718 0.768892
vt 0.335635 0.923345
vt 0.710517 0.826756
vt 0.709025 0.772272
vt 0.742280 0.767854
vt 0.742288 0.823907
vt 0.774059 0.826743
vt 0.775535 0.772258
vt 0.216918 0.852154
vt 0.800161 0.835727
vt 0.803587 0.472219
vt 0.184266 0.511368
vt 0.823748 0.473030
vt 0.786007 0.508646
vt 0.783967 0.470951
vt 0.760849 0.468488
vt 0.762764 0.507838
vt 0.739729 0.507585
vt 0.739749 0.469813
vt 0.718652 0.468468
vt 0.716699 0.507812
vt 0.693463 0.508589
vt 0.695538 0.470900
vt 0.347089 0.550471
vt 0.343449 0.511536
vt 0.656251 0.437958
vt 0.370672 0.549455
vt 0.305626 0.550928
vt 0.300328 0.509969
vt 0.323635 0.511057
vt 0.326613 0.553291
vt 0.245263 0.550946
vt 0.250519 0.509979
vt 0.275426 0.509223
vt 0.275447 0.553833
vt 0.203857 0.550446
vt 0.207534 0.511493
vt 0.227207 0.511082
vt 0.224277 0.553331
vt 0.296688 0.941095
vt 0.317831 0.963343
vt 0.722395 0.859395
vt 0.742293 0.859091
vt 0.762190 0.859387
vt 0.672412 0.557619
vt 0.673996 0.509116
vt 0.676597 0.435714
vt 0.676064 0.420456
vt 0.798456 0.058765
vt 0.820876 0.052919
vt 0.343747 0.061021
vt 0.365907 0.055032
vt 0.963235 0.483911
vt 0.902883 0.489040
vt 0.909072 0.482168
vt 0.925033 0.475729
vt 0.931354 0.463643
vt 0.080884 0.498420
vt 0.084741 0.496992
vt 0.090126 0.497750
vt 0.096539 0.509638
vt 0.112499 0.516024
vt 0.245369 0.109349
vt 0.249130 0.116712
vt 0.914174 0.091435
vt 0.914507 0.075957
vt 0.915392 0.060496
vt 0.143488 0.116794
vt 0.145270 0.126440
vt 0.455609 0.095160
vt 0.455938 0.079081
vt 0.456800 0.063019
vt 0.982240 0.434188
vt 0.963585 0.427947
vt 0.946509 0.423110
vt 0.890921 0.433118
vt 0.882130 0.436526
vt 0.926679 0.423006
vt 0.909612 0.427375
vt 0.937930 0.422313
vt 0.075163 0.457134
vt 0.058225 0.461798
vt 0.039557 0.467684
vt 0.094859 0.456979
vt 0.083682 0.456346
vt 0.130564 0.466891
vt 0.111877 0.461251
vt 0.033116 0.470128
vt 0.675805 0.472192
vt 0.653419 0.509254
vt 0.655248 0.472962
vt 0.367019 0.511392
vt 0.176921 0.588998
vt 0.180547 0.549455
vt 0.822760 0.437993
vt 0.233028 0.963316
vt 0.215241 0.923308
vt 0.798841 0.768868
vt 0.699605 0.875602
vt 0.684417 0.835751
vt 0.333987 0.852188
vt 0.228471 0.827609
vt 0.254212 0.785439
vt 0.759269 0.697501
vt 0.785216 0.736222
vt 0.695315 0.746888
vt 0.719972 0.697428
vt 0.296799 0.785396
vt 0.318344 0.815723
vt 0.903939 0.714697
vt 0.136407 0.801345
vt 0.081951 0.736203
vt 0.893090 0.633076
vt 0.446638 0.808511
vt 0.606509 0.708725
vt 0.556410 0.642507
vt 0.438944 0.724452
vt 0.841861 0.692578
vt 0.205190 0.774839
vt 0.146366 0.715395
vt 0.823906 0.608060
vt 0.383498 0.782992
vt 0.673752 0.685953
vt 0.619881 0.625562
vt 0.369876 0.694574
vt 0.624476 0.158216
vt 0.327082 0.211968
vt 0.653476 0.212425
vt 0.306569 0.342322
vt 0.153133 0.050558
vt 0.361352 0.222428
vt 0.125968 0.045756
vt 0.396618 0.225899
vt 0.569871 0.190223
vt 0.388031 0.290471
vt 0.615162 0.304972
vt 0.596954 0.173816
vt 0.584932 0.180968
vt 0.909456 0.190131
vt 0.154402 0.225852
vt 0.888489 0.249012
vt 0.175675 0.355943
vt 0.241882 0.047343
vt 0.189385 0.222364
vt 0.213528 0.046751
vt 0.223402 0.212053
vt 0.855547 0.158550
vt 0.235225 0.276013
vt 0.801766 0.268578
vt 0.882733 0.173912
vt 0.870470 0.167071
vt 0.702590 0.322102
vt 0.284431 0.416033
vt 0.369025 0.419829
vt 0.654789 0.409992
vt 0.841623 0.358035
vt 0.185243 0.480200
vt 0.257695 0.404697
vt 0.773758 0.336466
vt 0.177136 0.638471
vt 0.185108 0.495641
vt 0.653403 0.554919
vt 0.655840 0.423782
vt 0.740026 0.329135
vt 0.739609 0.679991
vt 0.717946 0.727940
vt 0.321543 0.784229
vt 0.275425 0.981496
vt 0.229466 0.784279
vt 0.766602 0.727930
vt 0.275513 0.766895
vt 0.294962 0.761394
vt 0.158494 0.031032
vt 0.235614 0.029385
vt 0.253884 0.807420
vt 0.968218 0.693073
vt 0.970279 0.686813
vt 0.964692 0.720144
vt 0.041234 0.817480
vt 0.965692 0.701614
vt 0.035620 0.790589
vt 0.038855 0.799577
vt 0.026837 0.766821
vt 0.976742 0.669618
vt 0.033170 0.783659
vt 0.515345 0.790561
vt 0.512107 0.799546
vt 0.509721 0.817448
vt 0.514670 0.720260
vt 0.513647 0.701731
vt 0.511110 0.693195
vt 0.509040 0.686939
vt 0.502555 0.669755
vt 0.524137 0.766797
vt 0.517798 0.783632
vt 0.052820 0.522857
vt 0.139366 0.470253
vt 0.968347 0.489050
vt 0.988625 0.436785
vt 0.108883 0.091107
vt 0.106409 0.062482
vt 0.399209 0.044805
vt 0.459518 0.102060
vt 0.428604 0.109556
vt 0.167704 0.057128
vt 0.215342 0.132259
vt 0.203222 0.094543
vt 0.855471 0.043005
vt 0.918242 0.098075
vt 0.886101 0.105305
vt 0.255511 0.067846
vt 0.169019 0.047690
vt 0.166893 0.025823
vt 0.125973 0.120002
vt 0.337008 0.054912
vt 0.115292 0.038211
vt 0.149847 0.015689
vt 0.254586 0.043904
vt 0.241676 0.021944
vt 0.231922 0.132778
vt 0.791425 0.052872
vt 0.199112 0.046316
vt 0.223332 0.014444
vn -0.707852 0.217756 0.671958
vn -0.707852 0.217756 0.671958
vn -0.510586 0.053748 0.858145
vn -0.466711 0.021533 0.884148
vn -0.342592 0.000858 0.939484
vn -0.320245 -0.109531 0.940981
vn -0.319815 0.132177 0.938215
vn -0.341963 0.059503 0.937828
vn -0.184926 0.259219 0.947949
vn -0.470368 0.441912 0.763850
vn -0.145327 0.463035 0.874345
vn -0.101023 0.508743 0.854971
vn -0.962752 0.197607 0.184554
vn -0.951075 0.154552 0.267525
vn -0.756702 0.281905 0.589857
vn -0.772705 0.350696 0.529093
vn -0.424006 0.516866 0.743686
vn -0.423943 0.347186 0.836501
vn -0.189700 0.371605 0.908804
vn -0.189704 0.571466 0.798398
vn 0.083181 0.571979 0.816040
vn 0.081660 0.403367 0.911387
vn 0.452045 0.380391 0.806820
vn 0.447820 0.526954 0.722341
vn -0.391911 0.319568 0.862718
vn -0.556915 0.156021 0.815784
vn -0.716538 0.343112 0.607328
vn -0.477535 0.512006 0.714010
vn -0.324660 0.655825 0.681535
vn -0.345064 0.535894 0.770551
vn -0.202931 0.575524 0.792207
vn -0.225260 0.677921 0.699772
vn -0.132608 0.709878 0.691728
vn -0.030989 0.605487 0.795252
vn 0.389567 0.616798 0.683957
vn 0.137995 0.682530 0.717712
vn -0.892046 0.337139 -0.300984
vn -0.807161 0.500272 0.313400
vn -0.587209 0.774196 0.236231
vn -0.622938 0.675236 -0.394974
vn -0.807523 0.382565 -0.448944
vn -0.563115 0.814618 0.138921
vn -0.068582 0.994837 0.074807
vn -0.244972 0.694978 -0.676014
vn 0.067958 0.906426 -0.416862
vn -0.239019 0.893383 0.380444
vn -0.144801 0.955090 0.258527
vn -0.083274 0.882193 -0.463466
vn -0.056627 -0.510094 -0.858252
vn -0.677432 -0.036732 -0.734668
vn -0.512367 0.179797 -0.839734
vn -0.183266 -0.401126 -0.897503
vn 0.009137 -0.301478 -0.953429
vn -0.218215 0.053137 -0.974453
vn 0.056678 -0.113820 -0.991883
vn 0.124550 -0.284984 -0.950406
vn 0.184409 -0.256868 -0.948690
vn 0.129820 0.119493 -0.984311
vn 0.223469 0.372982 -0.900525
vn 0.384354 -0.229739 -0.894143
vn -0.769305 -0.196204 -0.608008
vn -0.339929 -0.542848 -0.767961
vn -0.308276 -0.424870 -0.851147
vn -0.215623 -0.405282 -0.888399
vn 0.108828 -0.436458 -0.893119
vn 0.071118 -0.417749 -0.905775
vn 0.157099 -0.403847 -0.901237
vn 0.172644 -0.437991 -0.882246
vn 0.241988 -0.423582 -0.872938
vn 0.231139 -0.387749 -0.892315
vn 0.511713 -0.270658 -0.815410
vn 0.493859 -0.334349 -0.802692
vn -0.449547 -0.379232 -0.808759
vn -0.592214 -0.464716 -0.658272
vn 0.003235 -0.516691 -0.856166
vn 0.101385 -0.430790 -0.896739
vn 0.182528 -0.479349 -0.858434
vn 0.164742 -0.512096 -0.842981
vn 0.161344 -0.517443 -0.840369
vn 0.155883 -0.534860 -0.830437
vn 0.183019 -0.568526 -0.802049
vn 0.194181 -0.513843 -0.835619
vn 0.385828 -0.498684 -0.776177
vn 0.369972 -0.566423 -0.736400
vn 0.402012 -0.526729 -0.748961
vn 0.367718 -0.475042 -0.799449
vn 0.368085 -0.496553 -0.786097
vn 0.383353 -0.565334 -0.730368
vn 0.452147 -0.720081 0.526352
vn 0.485202 -0.868386 0.102397
vn 0.141301 -0.973105 -0.181936
vn -0.327340 -0.675707 0.660506
vn 0.013483 -0.999893 0.005705
vn 0.018990 -0.999807 0.004966
vn 0.019526 -0.999804 0.003403
vn 0.014832 -0.999886 0.002962
vn 0.904505 0.219184 0.365826
vn 0.904505 0.219184 0.365826
vn 0.904505 0.219184 0.365826
vn 0.904505 0.219184 0.365826
vn 0.749436 0.442182 0.492769
vn 0.762793 0.253393 0.594928
vn 0.981016 0.024741 0.192341
vn 0.964973 0.238971 0.108257
vn -0.914494 -0.189916 0.357257
vn -0.914494 -0.189919 0.357256
vn -0.914494 -0.189919 0.357256
vn -0.914494 -0.189917 0.357257
vn -0.652051 0.273473 -0.707137
vn -0.652051 0.273473 -0.707137
vn -0.652051 0.273473 -0.707137
vn -0.652051 0.273473 -0.707137
vn -0.646587 -0.324491 -0.690384
vn -0.982312 -0.061418 -0.176894
vn -0.979866 0.028590 -0.197600
vn -0.336161 -0.696257 0.634210
vn -0.336160 -0.696257 0.634210
vn -0.336160 -0.696257 0.634210
vn -0.336161 -0.696257 0.634210
vn 0.188212 -0.110953 -0.975841
vn 0.179435 -0.007285 -0.983743
vn 0.458673 -0.258388 -0.850209
vn 0.442002 -0.296043 -0.846754
vn 0.688696 -0.677325 0.258705
vn 0.691861 -0.672795 0.262060
vn 0.118015 -0.253013 0.960238
vn -0.411093 0.176587 0.894326
vn -0.483758 0.229455 0.844588
vn -0.769982 0.515284 -0.376310
vn -0.758359 0.539743 -0.365470
vn -0.758359 0.539743 -0.365470
vn -0.769014 0.517393 -0.375396
vn -0.044518 -0.891712 -0.450408
vn 0.004799 -0.895666 -0.444701
vn 0.301755 -0.846699 -0.438228
vn 0.261418 -0.858925 -0.440352
vn 0.996365 0.002829 0.085146
vn 0.997367 -0.016383 0.070649
vn 0.997367 -0.016383 0.070649
vn 0.996187 0.005394 0.087078
vn 0.150717 0.851011 0.503056
vn 0.093733 0.875208 0.474579
vn -0.249865 0.850521 0.462798
vn -0.242837 0.840466 0.484404
vn -0.868810 0.398356 0.294077
vn -0.822838 -0.537833 0.183502
vn -0.989239 -0.066714 0.130212
vn -0.215334 0.932426 -0.290197
vn -0.250860 0.953438 -0.167406
vn 0.425670 0.846869 0.318776
vn 0.548351 0.833278 0.070421
vn 0.913775 0.073245 0.399563
vn 0.874483 -0.078187 0.478714
vn 0.457027 -0.731318 0.506261
vn 0.664353 -0.601112 0.444183
vn 0.112102 -0.903673 0.413289
vn -0.200676 -0.856849 0.474909
vn -0.652417 -0.697692 0.295936
vn -0.623452 -0.770273 0.134114
vn -0.959701 -0.044987 -0.277398
vn -0.949360 -0.314187 0.001396
vn -0.799762 0.451536 -0.395595
vn -0.705545 0.550640 -0.446096
vn -0.582097 -0.054843 -0.811268
vn -0.715633 -0.055609 -0.696259
vn 0.223559 0.216662 -0.950305
vn 0.313088 0.107229 -0.943651
vn 0.947969 0.176740 -0.264796
vn 0.949358 0.243810 -0.198182
vn 0.897357 0.185884 0.400247
vn 0.930627 0.140553 0.337903
vn 0.567555 0.116805 0.815008
vn 0.403624 0.196134 0.893655
vn -0.249758 0.133645 0.959041
vn -0.303101 0.006505 0.952936
vn -0.943417 -0.113336 0.311640
vn -0.833677 0.001415 0.552251
vn -0.981551 -0.117782 -0.150619
vn -0.941184 -0.147200 -0.304145
vn 0.117586 0.984855 -0.127417
vn 0.117586 0.984855 -0.127417
vn 0.472289 0.867501 0.156158
vn 0.481605 0.860834 0.164382
vn 0.633323 -0.116654 0.765045
vn 0.633323 -0.116654 0.765045
vn 0.633323 -0.116654 0.765045
vn 0.633323 -0.116654 0.765045
vn -0.577890 0.670419 0.465383
vn -0.577890 0.670419 0.465383
vn -0.618501 0.683539 0.387598
vn -0.618474 0.683531 0.387654
vn -0.815412 0.565634 -0.123134
vn -0.815412 0.565634 -0.123134
vn -0.815412 0.565634 -0.123134
vn -0.815411 0.565634 -0.123134
vn -0.134773 0.385352 -0.912874
vn -0.134773 0.385352 -0.912874
vn 0.306810 0.432017 -0.848074
vn 0.296695 0.431914 -0.851717
vn 0.934675 0.333605 0.122843
vn 0.934675 0.333605 0.122843
vn 0.934675 0.333605 0.122843
vn 0.934675 0.333605 0.122843
vn -0.023206 0.945566 0.324603
vn -0.023206 0.945566 0.324603
vn -0.105785 0.949186 0.296405
vn -0.105785 0.949186 0.296405
vn -0.821217 0.519471 -0.236119
vn -0.821217 0.519471 -0.236119
vn -0.821217 0.519471 -0.236119
vn -0.821217 0.519471 -0.236119
vn -0.324288 0.831487 0.451073
vn -0.324288 0.831487 0.451073
vn -0.360097 0.781822 0.509003
vn -0.365126 0.774083 0.517183
vn -0.529651 0.659006 -0.534024
vn -0.529651 0.659006 -0.534024
vn -0.529651 0.659006 -0.534024
vn -0.529651 0.659006 -0.534024
vn 0.410196 -0.757222 -0.508286
vn 0.421983 -0.656882 -0.624849
vn 0.379281 -0.705698 -0.598445
vn 0.358089 -0.795707 -0.488491
vn 0.505719 -0.280283 0.815898
vn 0.559785 -0.343785 0.753958
vn 0.554200 -0.337062 0.761085
vn 0.505719 -0.280283 0.815898
vn -0.006235 0.999981 0.000549
vn -0.006235 0.999980 0.000549
vn -0.005093 0.999983 -0.002991
vn -0.005093 0.999983 -0.002989
vn -0.823706 0.428185 -0.371707
vn -0.823706 0.428185 -0.371707
vn -0.823706 0.428185 -0.371707
vn -0.823706 0.428185 -0.371707
vn 0.002326 -0.999991 0.003447
vn 0.006346 -0.999968 0.004885
vn 0.007384 -0.999971 0.002082
vn 0.002959 -0.999995 0.001450
vn 0.941017 0.003220 0.338343
vn 0.940048 0.006087 0.340988
vn 0.940040 0.006110 0.341009
vn 0.941017 0.003220 0.338344
vn -0.984240 -0.121233 0.128738
vn 0.519016 0.594291 0.614362
vn -0.550509 -0.829165 0.097081
vn -0.574983 -0.817480 0.033482
vn 0.388308 -0.920076 -0.051741
vn 0.890396 -0.213687 -0.401911
vn 0.825549 -0.313601 -0.469173
vn 0.893070 -0.434426 -0.117045
vn 0.961853 0.217898 -0.165407
vn 0.753948 0.315195 -0.576380
vn 0.441973 0.839727 -0.315467
vn 0.579079 0.805320 -0.126993
vn -0.103086 0.993979 0.037136
vn 0.124855 0.989135 0.077612
vn -0.393058 0.668797 0.631044
vn -0.940947 0.302429 0.152169
vn 0.842337 -0.374727 -0.387360
vn 0.877609 -0.276370 0.391691
vn 0.925038 -0.220836 0.309088
vn 0.441165 0.087725 0.893128
vn -0.245027 0.337465 0.908889
vn -0.850360 0.431055 0.301794
vn -0.890509 0.283597 -0.355762
vn -0.467059 -0.035245 -0.883523
vn 0.304606 -0.333225 -0.892287
vn 0.020940 -0.791628 -0.610644
vn -0.381263 -0.703634 -0.599614
vn 0.098252 -0.986399 -0.131771
vn 0.199449 -0.978753 -0.047568
vn 0.371876 -0.739842 0.560662
vn 0.623217 -0.695001 0.358574
vn 0.828567 -0.222253 0.513888
vn 0.365454 0.059596 0.928920
vn 0.004535 0.724838 0.688904
vn 0.824227 0.385157 0.415095
vn 0.211667 0.955799 0.204074
vn -0.355696 0.914186 0.194277
vn -0.489588 0.744139 -0.454490
vn -0.301844 0.952562 -0.038940
vn -0.687074 0.238149 -0.686451
vn -0.273179 -0.037783 -0.961221
vn 0.643455 -0.673101 -0.364557
vn 0.687320 -0.504683 -0.522385
vn 0.967267 -0.231749 0.103377
vn 0.926592 -0.360845 0.105922
vn 0.845014 0.102959 0.524739
vn 0.730059 0.194479 0.655127
vn -0.045340 0.534290 0.844084
vn 0.139516 0.629791 0.764133
vn -0.722619 0.502173 0.475019
vn -0.803993 0.465397 0.370137
vn -0.948581 0.204927 -0.241246
vn -0.989629 0.139924 0.032486
vn -0.862312 -0.273031 -0.426463
vn -0.550981 -0.198041 -0.810679
vn 0.100682 -0.484784 -0.868820
vn -0.139516 -0.678400 -0.721325
vn -0.567018 0.370016 0.735920
vn -0.567018 0.370016 0.735920
vn -0.567018 0.370016 0.735920
vn -0.567018 0.370016 0.735920
vn 0.893090 0.365066 0.262901
vn 0.893090 0.365066 0.262901
vn 0.964127 0.264378 0.023725
vn 0.745574 -0.657718 0.107358
vn 0.296312 -0.835475 -0.462796
vn 0.218834 -0.972813 0.075801
vn -0.300593 -0.901528 0.311274
vn -0.617211 0.711878 -0.335084
vn -0.884606 -0.358949 0.297703
vn -0.694064 0.536223 0.480354
vn -0.624362 0.459945 0.631366
vn 0.054006 0.801315 0.595801
vn 0.035162 0.883453 0.467198
vn 0.728073 0.679419 0.091101
vn 0.705463 0.631685 0.321398
vn 0.995211 0.091258 -0.035024
vn 0.919991 0.187507 -0.344177
vn 0.618689 -0.539899 -0.570730
vn 0.671231 -0.667593 -0.322131
vn 0.045538 -0.962339 -0.268012
vn -0.024376 -0.897094 -0.441168
vn -0.705368 -0.673257 -0.221768
vn -0.568785 -0.821888 -0.031361
vn -0.890484 -0.134417 0.434707
vn -0.984828 -0.017346 0.172664
vn -0.630978 -0.427058 -0.647679
vn -0.968958 -0.187624 -0.160988
vn -0.974754 -0.163924 -0.151604
vn -0.102353 -0.447502 -0.888406
vn -0.062919 -0.514509 -0.855174
vn 0.153089 -0.510755 -0.845986
vn 0.136759 -0.463340 -0.875564
vn 0.182542 -0.469058 -0.864097
vn 0.175886 -0.503802 -0.845723
vn 0.212229 -0.490958 -0.844937
vn 0.233340 -0.463093 -0.855042
vn 0.452785 -0.426467 -0.783014
vn 0.418843 -0.468313 -0.777980
vn 0.735854 0.168557 0.655825
vn 0.694006 0.161958 0.701516
vn 0.969645 -0.055122 0.238225
vn 0.970988 -0.036484 0.236331
vn -0.002743 0.199587 0.979876
vn -0.097106 0.220706 0.970494
vn 0.185640 0.244987 0.951588
vn 0.343789 0.247216 0.905921
vn -0.357569 0.184956 0.915389
vn -0.289761 0.239776 0.926578
vn -0.188041 0.230998 0.954610
vn -0.186214 0.159031 0.969553
vn -0.943682 0.087014 0.319207
vn -0.920994 0.102011 0.375984
vn -0.566565 0.234435 0.789965
vn -0.671860 0.204508 0.711885
vn -0.284973 0.233989 0.929537
vn -0.505846 0.218343 0.834534
vn -0.934556 0.115099 0.336686
vn -0.057464 0.140429 0.988422
vn -0.119677 0.219548 0.968234
vn -0.178232 0.233523 0.955877
vn 0.096129 0.680287 0.726614
vn 0.096129 0.680287 0.726614
vn 0.645197 0.227579 0.729335
vn 0.042705 0.268984 0.962198
vn -0.361779 0.852820 0.376583
vn -0.243836 0.799947 0.548296
vn 0.425103 0.891432 -0.156963
vn 0.388225 0.498882 -0.774854
vn 0.292310 -0.058019 -0.954562
vn -0.235877 -0.204202 -0.950086
vn -0.696683 -0.141245 -0.703336
vn 0.890715 -0.059524 -0.450648
vn 0.872509 -0.264350 -0.410910
vn 0.239203 -0.549023 -0.800847
vn 0.301000 -0.427948 -0.852209
vn 0.257539 -0.359302 -0.896982
vn 0.048031 -0.033064 -0.998298
vn 0.048031 -0.033064 -0.998298
vn 0.209692 -0.780657 -0.588730
vn -0.359863 -0.922991 -0.136332
vn 0.352353 -0.738053 -0.575435
vn 0.135299 -0.570503 -0.810075
vn 0.850649 -0.352330 -0.390205
vn 0.846359 -0.387682 -0.365211
vn 0.556056 -0.637483 -0.533308
vn 0.556056 -0.637483 -0.533308
vn 0.237038 -0.773138 -0.588277
vn 0.258819 -0.767177 -0.586900
vn 0.368216 -0.520245 -0.770559
vn 0.362927 -0.610665 -0.703827
vn 0.335972 -0.748600 -0.571595
vn 0.020060 -0.999797 0.001845
vn 0.015588 -0.999878 0.000176
vn 0.008429 -0.999964 -0.000739
vn 0.994046 -0.083082 0.070500
vn 0.994046 -0.083082 0.070500
vn 0.994046 -0.083082 0.070500
vn 0.994046 -0.083082 0.070500
vn 0.970314 -0.029424 0.240054
vn 0.896132 0.442149 0.038114
vn -0.914493 -0.189919 0.357258
vn -0.914493 -0.189919 0.357258
vn -0.914494 -0.189916 0.357259
vn -0.914494 -0.189916 0.357258
vn -0.914494 -0.189914 0.357259
vn -0.914494 -0.189914 0.357259
vn -0.914494 -0.189915 0.357259
vn -0.914494 -0.189915 0.357259
vn -0.862543 0.396314 -0.314571
vn -0.862543 0.396314 -0.314571
vn -0.862543 0.396314 -0.314571
vn -0.862543 0.396314 -0.314571
vn -0.942896 -0.153381 -0.295672
vn -0.976992 0.081585 -0.197056
vn -0.336161 -0.696258 0.634208
vn -0.336161 -0.696258 0.634208
vn -0.336161 -0.696258 0.634209
vn -0.336161 -0.696258 0.634209
vn -0.336161 -0.696257 0.634210
vn -0.336161 -0.696257 0.634210
vn -0.336161 -0.696257 0.634209
vn -0.336161 -0.696257 0.634209
vn 0.644227 -0.445368 -0.621787
vn 0.635041 -0.472176 -0.611369
vn 0.622042 -0.506873 -0.596778
vn 0.416054 -0.360530 -0.834816
vn 0.193955 -0.196307 -0.961169
vn 0.404541 -0.497264 0.767512
vn 0.471689 -0.450736 0.757857
vn 0.471689 -0.450736 0.757857
vn 0.730089 -0.611834 0.304352
vn 0.730089 -0.611834 0.304352
vn -0.681812 0.407961 0.607208
vn -0.722853 0.426182 0.543923
vn -0.752248 0.438783 0.491521
vn -0.518533 0.247729 0.818385
vn -0.123973 -0.031626 0.991782
vn -0.537722 0.427714 -0.726578
vn -0.537722 0.427714 -0.726578
vn -0.562361 0.396824 -0.725452
vn -0.563948 0.394773 -0.725339
vn -0.586704 0.364518 -0.723122
vn -0.586704 0.364518 -0.723122
vn -0.780878 0.490558 -0.386759
vn -0.780878 0.490558 -0.386759
vn 0.555888 -0.730867 -0.396008
vn 0.539222 -0.747974 -0.387008
vn 0.523023 -0.763813 -0.378203
vn 0.242640 -0.865569 -0.438083
vn -0.112574 -0.882592 -0.456463
vn 0.911151 0.321037 0.258340
vn 0.911151 0.321037 0.258340
vn 0.910242 0.317075 0.266313
vn 0.910402 0.317751 0.264958
vn 0.909410 0.313676 0.273095
vn 0.909410 0.313676 0.273095
vn 0.994607 0.023835 0.100942
vn 0.994607 0.023835 0.100942
vn -0.657208 0.643815 0.391894
vn -0.224273 0.826651 0.516092
vn 0.198481 0.827401 0.525369
vn -0.844649 -0.518687 -0.132408
vn -0.853354 -0.500244 -0.146777
vn -0.881140 -0.428669 -0.199590
vn -0.881140 -0.428669 -0.199589
vn -0.999481 -0.023786 0.021729
vn -0.999481 -0.023786 0.021729
vn 0.944954 0.026400 0.326138
vn 0.582877 0.809873 -0.066034
vn -0.254060 0.875154 -0.411775
vn 0.315880 -0.897003 0.309200
vn 0.733155 -0.545433 0.406186
vn -0.885515 0.132183 -0.445412
vn -0.618355 -0.779530 -0.099851
vn -0.685621 0.546883 -0.480461
vn 0.967839 0.116151 -0.223152
vn 0.369585 0.039936 -0.928338
vn -0.566016 -0.098203 -0.818524
vn 0.662353 0.030439 0.748573
vn 0.937985 0.097296 0.332743
vn -0.963055 -0.203009 0.176953
vn -0.291454 -0.134057 0.947145
vn -0.920037 -0.165176 -0.355314
vn 0.735122 0.532155 0.420009
vn 0.735122 0.532155 0.420009
vn 0.917580 0.378357 0.122037
vn 0.917580 0.378357 0.122037
vn 0.679208 0.706841 -0.197614
vn 0.670965 0.712616 -0.204900
vn 0.257049 0.846815 -0.465651
vn 0.257049 0.846815 -0.465651
vn 0.256999 -0.049045 0.965166
vn 0.256999 -0.049045 0.965166
vn 0.256999 -0.049045 0.965166
vn 0.256999 -0.049045 0.965166
vn 0.598225 -0.391327 0.699278
vn 0.598226 -0.391327 0.699278
vn 0.791029 -0.274346 0.546816
vn 0.791029 -0.274346 0.546816
vn 0.791029 -0.274346 0.546816
vn 0.791029 -0.274346 0.546816
vn -0.654165 0.691266 0.306954
vn -0.654165 0.691266 0.306954
vn -0.551304 -0.831558 0.067647
vn -0.551304 -0.831558 0.067647
vn -0.533547 -0.838708 0.109076
vn -0.533574 -0.838698 0.109015
vn -0.514778 -0.844087 0.150066
vn -0.514778 -0.844087 0.150066
vn -0.581018 0.732994 -0.353749
vn -0.581018 0.732994 -0.353749
vn -0.581018 0.732994 -0.353749
vn -0.581018 0.732994 -0.353749
vn -0.486386 0.590452 -0.644046
vn -0.486386 0.590452 -0.644046
vn -0.486386 0.590452 -0.644046
vn -0.486386 0.590452 -0.644046
vn -0.619423 0.377770 -0.688190
vn -0.555374 0.338126 -0.759757
vn -0.568651 0.346338 -0.746114
vn -0.619423 0.377770 -0.688190
vn 0.672448 0.395211 -0.625797
vn 0.672448 0.395211 -0.625797
vn 0.739507 0.007863 -0.673104
vn 0.739507 0.007863 -0.673104
vn 0.339734 0.001970 -0.940520
vn 0.347472 0.002078 -0.937688
vn -0.132660 -0.004302 -0.991152
vn -0.132660 -0.004302 -0.991152
vn 0.762139 0.537963 0.360194
vn 0.762139 0.537963 0.360194
vn 0.762139 0.537963 0.360194
vn 0.762139 0.537963 0.360194
vn 0.939169 0.008650 0.343347
vn 0.939169 0.008650 0.343347
vn 0.991627 0.012106 0.128570
vn 0.991627 0.012106 0.128570
vn 0.991627 0.012106 0.128570
vn 0.991627 0.012106 0.128570
vn -0.187557 0.945566 0.265947
vn -0.187557 0.945566 0.265947
vn -0.334540 -0.496238 0.801143
vn -0.334540 -0.496238 0.801143
vn -0.291719 -0.496760 0.817392
vn -0.291719 -0.496760 0.817392
vn -0.248286 -0.496239 0.831926
vn -0.248286 -0.496239 0.831926
vn -0.803004 0.314918 -0.505975
vn -0.803004 0.314918 -0.505975
vn -0.803004 0.314918 -0.505975
vn -0.803004 0.314918 -0.505975
vn -0.844770 -0.010174 -0.535033
vn -0.844770 -0.010174 -0.535033
vn -0.844770 -0.010174 -0.535033
vn -0.844770 -0.010174 -0.535033
vn -0.938855 -0.007572 -0.344228
vn -0.939811 -0.005527 -0.341649
vn -0.939820 -0.005508 -0.341625
vn -0.938855 -0.007572 -0.344228
vn -0.398446 0.717221 0.571695
vn -0.398446 0.717221 0.571695
vn -0.426292 0.862658 0.272205
vn -0.426292 0.862658 0.272205
vn -0.362141 0.861049 0.357000
vn -0.357076 0.860526 0.363306
vn -0.292048 0.849273 0.439822
vn -0.292048 0.849273 0.439822
vn -0.487207 0.295990 -0.821595
vn -0.487207 0.295990 -0.821595
vn -0.393748 -0.072268 -0.916373
vn -0.393748 -0.072268 -0.916373
vn -0.393748 -0.072268 -0.916373
vn -0.393748 -0.072268 -0.916373
vn -0.541493 0.645790 -0.538275
vn -0.541493 0.645790 -0.538275
vn -0.541493 0.645790 -0.538275
vn -0.541493 0.645790 -0.538275
vn 0.306796 -0.829050 -0.467496
vn 0.284121 -0.930361 -0.231739
vn 0.284121 -0.930361 -0.231739
vn 0.271085 -0.908673 -0.317530
vn 0.270967 -0.908461 -0.318239
vn 0.255237 -0.878424 -0.404011
vn 0.255237 -0.878424 -0.404011
vn 0.363438 0.088377 0.927417
vn 0.363438 0.088377 0.927417
vn 0.363438 0.088377 0.927417
vn 0.363438 0.088377 0.927417
vn 0.203586 0.308379 0.929223
vn 0.203586 0.308379 0.929223
vn 0.203586 0.308379 0.929223
vn 0.203586 0.308379 0.929223
vn 0.405543 -0.433166 0.804924
vn 0.405543 -0.433166 0.804924
vn 0.405543 -0.433166 0.804924
vn 0.405543 -0.433166 0.804924
vn -0.003955 0.999971 -0.006518
vn -0.003955 0.999971 -0.006518
vn -0.114805 0.992954 0.029358
vn -0.114805 0.992954 0.029358
vn -0.022569 0.997776 0.062723
vn -0.022581 0.997776 0.062719
vn 0.069877 0.992976 0.095481
vn 0.069877 0.992976 0.095481
vn -0.940872 -0.003229 -0.338746
vn -0.940873 -0.003229 -0.338746
vn -0.944656 -0.234623 -0.229296
vn -0.944656 -0.234624 -0.229296
vn -0.944656 -0.234624 -0.229296
vn -0.944656 -0.234624 -0.229296
vn -0.788343 0.553507 -0.268597
vn -0.788343 0.553507 -0.268597
vn -0.788343 0.553507 -0.268597
vn -0.788343 0.553507 -0.268597
vn 0.003594 -0.999993 -0.000557
vn 0.062886 -0.993279 0.097172
vn 0.062886 -0.993279 0.097172
vn -0.023548 -0.997488 0.066806
vn -0.023523 -0.997488 0.066815
vn -0.109744 -0.993312 0.035891
vn -0.109744 -0.993312 0.035891
vn 0.868306 0.436276 0.236025
vn 0.868306 0.436276 0.236025
vn 0.868306 0.436276 0.236025
vn 0.868306 0.436276 0.236025
vn 0.779727 0.554229 0.291301
vn 0.779727 0.554229 0.291301
vn 0.779727 0.554229 0.291301
vn 0.779727 0.554229 0.291301
vn 0.876440 -0.234232 0.420700
vn 0.876440 -0.234232 0.420700
vn 0.876440 -0.234232 0.420700
vn 0.876440 -0.234232 0.420700
vn 0.297069 -0.791059 0.534767
vn 0.137690 -0.990351 0.015715
vn -0.053835 -0.847046 -0.528786
vn -0.159371 0.756669 0.634077
vn 0.289168 0.033513 0.956692
vn -0.543538 0.692756 -0.473979
vn -0.435114 0.891939 0.122966
vn -0.347248 -0.086362 -0.933788
vn 0.847839 0.029466 0.529435
vn 0.901048 -0.411629 0.136656
vn 0.655919 -0.690226 -0.305547
vn -0.697586 0.506100 0.507185
vn 0.175950 0.604638 0.776823
vn -0.896999 -0.245284 -0.367735
vn -0.985630 0.148109 0.081220
vn -0.151317 -0.678615 -0.718738
vn 0.484690 0.590920 0.644895
vn 0.484690 0.590920 0.644895
vn 0.484690 0.590920 0.644895
vn 0.484690 0.590920 0.644895
vn 0.706764 0.538618 0.458667
vn -0.021108 0.702608 0.711264
vn -0.634731 0.260369 0.727547
vn 0.918210 0.075774 0.388778
vn -0.906605 -0.190052 0.376760
vn -0.906605 -0.190052 0.376760
vn -0.587323 -0.322548 0.742303
vn 0.873632 -0.317631 -0.368616
vn -0.309446 -0.068200 -0.948468
vn -0.116456 -0.656202 -0.745544
vn -0.116456 -0.656202 -0.745544
vn -0.309632 -0.067318 -0.948470
vn 0.166357 -0.979213 -0.116049
vn 0.166357 -0.979213 -0.116049
vn 0.166357 -0.979213 -0.116049
vn 0.166357 -0.979213 -0.116049
vn 0.250023 -0.961879 0.110802
vn 0.250023 -0.961879 0.110802
vn 0.250023 -0.961879 0.110802
vn 0.250023 -0.961879 0.110802
vn 0.430697 -0.439411 0.788301
vn 0.378521 0.081868 0.921965
vn 0.378514 0.081903 0.921965
vn 0.430697 -0.439411 0.788301
vn 0.269667 0.452689 0.849913
vn 0.269667 0.452689 0.849913
vn -0.182909 0.983124 0.003343
vn -0.182909 0.983124 0.003343
vn -0.182909 0.983124 0.003343
vn -0.182909 0.983124 0.003343
vn -0.192668 0.980990 -0.023175
vn -0.192668 0.980990 -0.023175
vn -0.192668 0.980990 -0.023175
vn -0.192668 0.980990 -0.023175
vn -0.370468 0.402620 -0.837049
vn -0.370468 0.402620 -0.837048
vn -0.162843 -0.593142 -0.788457
vn 0.343189 -0.697419 -0.629148
vn 0.343189 -0.697419 -0.629148
vn -0.162877 -0.593129 -0.788460
vn 0.900808 -0.434120 -0.009187
vn 0.900808 -0.434120 -0.009187
vn 0.900808 -0.434120 -0.009187
vn 0.900808 -0.434120 -0.009187
vn 0.942596 -0.283672 0.176193
vn 0.942596 -0.283672 0.176193
vn 0.942596 -0.283672 0.176193
vn 0.942596 -0.283672 0.176193
vn 0.718977 0.282015 0.635248
vn 0.188465 0.645080 0.740508
vn 0.187680 0.645392 0.740436
vn 0.718977 0.282015 0.635248
vn -0.271946 0.742072 0.612678
vn -0.271946 0.742072 0.612678
vn -0.916657 0.390205 -0.086490
vn -0.916657 0.390205 -0.086490
vn -0.916657 0.390205 -0.086490
vn -0.916657 0.390205 -0.086490
vn -0.921644 0.372656 -0.108170
vn -0.921644 0.372656 -0.108170
vn -0.921644 0.372656 -0.108170
vn -0.921644 0.372656 -0.108170
vn -0.507352 -0.405893 -0.760161
vn -0.507352 -0.405893 -0.760161
s 1
g pCube1
usemtl pCube1SG
f 101/1/1 1/2/2 98/3/3 97/4/4
f 99/5/5 2/6/6 103/7/7 102/8/8
f 104/9/9 3/10/10 107/11/11 106/12/12
s 3
f 114/13/13 5/14/14 111/15/15 110/16/16
f 112/17/17 6/18/18 116/19/19 115/20/20
f 117/21/21 7/22/22 120/23/23 119/24/24
f 126/25/25 9/26/26 113/27/27 123/28/28
f 124/29/29 10/30/30 118/31/31 127/32/32
f 128/33/33 11/34/34 122/35/35 130/36/36
f 136/424/37 13/38/38 125/39/39 133/474/40
f 141/401/41 85/42/42 138/43/43 137/473/44
f 145/413/45 15/477/46 132/47/47 142/472/48
f 149/49/49 17/50/50 135/51/51 146/52/52
f 147/53/53 18/54/54 151/470/55 150/56/56
f 152/57/57 19/58/58 144/59/59 154/60/60
f 160/61/61 21/62/62 148/63/63 157/64/64
f 158/65/65 22/66/66 153/67/67 161/68/68
f 162/69/69 23/70/70 156/71/71 164/72/72
f 171/73/73 90/74/74 168/75/75 167/76/76
f 169/77/77 91/78/78 173/79/79 172/80/80
f 174/81/81 92/82/82 177/83/83 176/84/84
s 10
f 184/85/85 49/86/86 181/87/87 180/88/88
s 1
f 187/464/89 30/90/90 175/91/91 185/469/92
s 12
f 192/93/93 53/94/94 189/95/95 188/96/96
s off
f 108/97/97 4/98/98 194/99/99 193/100/100
s 3
f 121/101/101 8/102/102 197/103/103 196/104/104
s 13
f 378/105/105 377/106/106 379/107/107 380/108/108
s off
f 171/73/109 29/109/110 204/110/111 203/111/112
s 3
f 160/61/61 25/112/113 207/113/114 206/114/115
s 14
f 386/501/116 387/116/117 388/117/118 389/118/119
s 15
f 216/119/120 29/109/121 170/120/122 213/121/123
s 1
f 214/122/124 30/90/90 187/464/89 217/123/125
f 218/124/126 2/6/6 98/3/127 220/125/128
s 17
f 221/126/129 1/2/130 204/462/131 223/127/132
s 18
f 228/128/133 31/129/134 179/130/135 225/131/136
s 19
f 226/132/137 32/133/138 194/460/139 229/134/140
s 1
f 230/135/141 4/98/142 107/11/143 232/136/144
f 233/137/145 3/10/10 186/458/146 235/139/147
s 21
f 240/140/148 33/141/149 215/142/150 237/143/151
f 238/144/152 34/145/153 219/454/154 241/147/155
f 242/148/156 35/149/157 222/150/158 244/151/159
f 245/152/160 36/153/161 224/447/162 247/155/163
s 22
f 252/156/164 37/157/165 227/158/166 249/159/167
f 250/160/168 38/161/169 231/441/170 253/163/171
f 254/164/172 39/165/173 234/166/174 256/167/175
f 257/168/176 40/169/177 236/434/178 259/171/179
s 23
f 263/524/180 41/479/181 239/174/182 261/528/183
s off
f 262/176/184 42/177/185 243/178/186 264/527/187
s 24
f 270/511/188 58/181/189 267/182/190 266/525/191
s off
f 272/516/192 44/448/193 248/186/194 271/523/195
s 25
f 275/518/196 45/478/197 251/190/198 273/522/199
s off
f 274/192/200 46/193/201 255/194/202 276/521/203
s 26
f 282/505/204 62/197/205 279/198/206 278/519/207
s off
f 284/510/208 48/435/209 260/202/210 283/517/211
s 27
f 287/204/212 43/450/213 246/206/214 285/207/215
s off
f 286/208/216 44/448/217 272/516/218 288/209/219
s 10
f 289/210/220 52/211/221 183/212/222 290/213/223
s 28
f 291/214/224 51/215/225 265/513/226 292/217/227
s 29
f 295/218/228 47/437/229 258/220/230 293/221/231
s off
f 294/222/232 48/435/233 284/510/234 296/223/235
s 12
f 297/224/236 56/225/237 191/226/238 298/227/239
s 30
f 299/228/240 55/229/241 277/507/242 300/231/243
s 3
f 304/232/244 12/233/245 198/430/246 301/235/247
f 302/236/248 24/237/249 155/238/250 305/239/251
f 306/240/252 20/241/253 143/428/254 308/243/255
f 309/244/256 16/245/257 131/246/258 311/247/259
f 316/248/260 21/62/62 208/426/261 313/250/262
f 314/251/263 9/26/26 126/25/25 317/252/264
f 318/253/265 13/38/38 136/424/37 320/254/266
f 321/255/267 17/50/50 149/49/49 323/256/268
f 327/257/269 66/258/270 303/422/271 325/260/272
f 326/261/273 65/262/274 307/263/275 328/264/276
f 329/265/277 67/266/278 310/420/279 330/268/280
f 331/269/281 68/270/282 312/271/283 332/272/284
f 335/273/285 69/274/286 315/418/287 333/276/288
f 334/277/289 70/278/290 319/279/291 336/280/292
f 337/281/293 71/282/294 322/416/295 338/284/296
f 339/285/297 72/286/298 324/287/299 340/288/300
s off
f 344/289/301 14/480/302 129/291/303 341/292/304
s 3
f 342/293/305 15/46/306 145/414/45 345/294/307
f 346/295/308 19/471/58 151/55/309 348/296/310
f 349/297/311 18/475/54 134/410/312 351/299/313
f 355/300/314 81/301/315 343/302/316 353/303/317
f 354/304/318 82/305/319 347/406/320 356/307/321
f 357/308/322 83/309/323 350/310/324 358/311/325
f 359/312/326 84/313/327 352/403/328 360/315/329
f 363/316/330 90/74/74 205/400/331 361/318/332
f 363/316/330 25/112/113 159/319/333 364/320/334
f 365/321/335 26/322/336 163/323/337 366/324/338
f 367/325/339 27/326/340 166/327/341 368/328/342
f 371/329/343 94/330/344 195/397/345 370/332/346
f 373/333/347 95/334/348 109/335/349 372/336/350
f 375/337/351 96/338/352 105/339/353 374/340/354
f 362/341/355 89/342/356 100/343/357 376/344/358
s 1
f 98/3/3 2/6/6 99/5/5 97/4/4
s 3
f 99/5/359 96/338/352 100/343/357 97/4/360
f 100/343/357 89/342/356 101/1/361 97/4/360
s 1
f 103/7/7 3/10/10 104/9/9 102/8/362
s 3
f 104/9/363 95/334/348 105/339/353 102/8/364
f 105/339/353 96/338/352 99/5/359 102/8/364
s 1
f 107/11/11 4/98/365 108/97/366 106/12/12
s 3
f 108/97/367 94/330/344 109/335/349 106/12/368
f 109/335/349 95/334/348 104/9/363 106/12/368
f 111/15/15 6/18/18 112/17/17 110/16/16
f 112/17/17 10/30/30 113/27/27 110/16/16
f 113/27/27 9/26/26 114/13/13 110/16/16
f 116/19/19 7/22/22 117/21/21 115/20/20
f 117/21/21 11/34/34 118/31/31 115/20/20
f 118/31/31 10/30/30 112/17/17 115/20/20
f 120/23/23 8/102/102 121/101/101 119/24/24
f 121/101/101 12/233/245 122/35/35 119/24/24
f 122/35/35 11/34/34 117/21/21 119/24/24
f 113/27/27 10/30/30 124/29/29 123/28/28
f 124/29/29 14/290/369 125/39/39 123/28/28
f 125/39/39 13/38/38 126/25/25 123/28/28
f 118/31/31 11/34/34 128/33/33 127/32/32
f 128/33/33 15/477/46 129/476/370 127/32/32
f 129/476/370 14/290/369 124/29/29 127/32/32
f 122/35/35 12/233/245 131/246/258 130/36/36
f 131/246/258 16/245/257 132/47/47 130/36/36
f 132/47/47 15/477/46 128/33/33 130/36/36
f 125/39/39 14/290/369 134/408/312 133/474/40
f 134/409/312 18/54/54 135/51/51 133/40/40
f 135/51/51 17/50/50 136/37/37 133/40/40
f 138/43/43 86/345/371 139/346/372 137/473/44
f 139/404/372 87/347/373 140/348/374 137/44/44
f 140/348/374 88/349/375 141/41/41 137/44/44
f 132/47/47 16/245/257 143/242/254 142/472/48
f 143/428/254 20/241/253 144/59/59 142/48/48
f 144/59/59 19/58/58 145/412/45 142/48/48
f 135/51/51 18/54/54 147/53/53 146/52/52
f 147/53/53 22/66/66 148/63/63 146/52/52
f 148/63/63 21/62/62 149/49/49 146/52/52
f 151/470/55 19/58/58 152/57/57 150/56/56
f 152/57/57 23/70/70 153/67/67 150/56/56
f 153/67/67 22/66/66 147/53/53 150/56/56
f 144/59/59 20/241/253 155/238/250 154/60/60
f 155/238/250 24/237/249 156/71/71 154/60/60
f 156/71/71 23/70/70 152/57/57 154/60/60
f 148/63/63 22/66/66 158/65/65 157/64/64
f 158/65/65 26/322/336 159/319/333 157/64/64
f 159/319/333 25/112/113 160/61/61 157/64/64
f 153/67/67 23/70/70 162/69/69 161/68/68
f 162/69/69 27/326/340 163/323/337 161/68/68
f 163/323/337 26/322/336 158/65/65 161/68/68
f 156/71/71 24/237/249 165/350/376 164/72/72
f 165/350/376 28/351/377 166/327/341 164/72/72
f 166/327/341 27/326/340 162/69/69 164/72/72
f 168/75/75 91/78/78 169/77/77 167/76/76
s 1
f 169/77/378 30/90/90 170/120/379 167/76/380
f 170/120/379 29/109/381 171/73/382 167/76/380
s 3
f 173/79/79 92/82/82 174/81/81 172/80/80
s 1
f 174/81/383 31/129/384 175/91/91 172/80/385
f 175/91/91 30/90/90 169/77/378 172/80/386
s 3
f 177/83/83 93/352/387 178/353/388 176/84/84
s 1
f 178/353/389 32/133/390 179/130/391 176/84/392
f 179/130/391 31/129/384 174/81/383 176/84/392
s 10
f 181/87/87 50/354/393 182/355/394 180/88/88
f 182/355/394 51/215/395 183/212/222 180/88/88
f 183/212/222 52/211/221 184/85/85 180/88/88
s 1
f 175/91/91 31/129/384 186/138/146 185/469/92
f 186/458/146 3/10/10 103/7/7 185/92/92
f 103/7/7 2/6/6 187/89/89 185/92/92
s 12
f 189/95/95 54/356/396 190/357/397 188/96/96
f 190/357/397 55/229/398 191/226/238 188/96/96
f 191/226/238 56/225/237 192/93/93 188/96/96
s off
f 194/460/399 32/133/400 178/353/401 193/468/402
s 3
f 178/353/388 93/352/387 195/331/345 193/468/403
f 195/397/345 94/330/344 108/97/367 193/100/403
f 197/395/103 28/351/377 165/350/376 196/467/104
f 165/350/376 24/237/249 198/234/404 196/467/104
f 198/430/404 12/233/245 121/101/101 196/104/104
s 41
f 379/107/405 381/358/406 382/503/407 380/108/408
f 382/359/407 383/360/409 384/361/410 380/108/408
s 13
f 384/361/411 385/362/412 378/105/105 380/108/108
s off
f 204/462/413 1/2/414 101/1/415 203/466/416
s 3
f 101/1/361 89/342/356 205/317/331 203/466/417
f 205/400/331 90/74/74 171/73/73 203/111/417
f 207/398/114 5/14/14 114/13/13 206/465/115
f 114/13/13 9/26/26 208/249/418 206/465/115
f 208/426/418 21/62/62 160/61/61 206/114/115
s 42
f 388/117/419 390/363/420 391/364/421 389/118/422
f 391/364/421 392/365/423 393/366/424 389/118/422
s 14
f 393/366/425 394/367/426 386/115/116 389/118/119
s 15
f 170/120/122 30/90/427 214/122/428 213/121/123
f 214/122/428 34/145/429 215/142/430 213/121/123
f 215/142/430 33/141/431 216/119/120 213/121/123
s 1
f 187/89/89 2/6/6 218/124/126 217/463/432
f 218/124/126 35/149/433 219/146/434 217/463/432
f 219/454/435 34/145/436 214/122/124 217/123/125
f 98/3/127 1/2/437 221/126/438 220/125/128
f 221/126/438 36/153/439 222/150/440 220/125/128
f 222/150/440 35/149/441 218/124/126 220/125/128
s 43
f 204/110/442 29/109/443 216/119/444 223/461/445
f 216/119/444 33/141/446 224/154/447 223/461/445
s 17
f 224/447/448 36/153/449 221/126/129 223/127/132
s 18
f 179/130/135 32/133/450 226/132/451 225/131/136
f 226/132/451 38/161/452 227/158/453 225/131/136
f 227/158/453 37/157/454 228/128/133 225/131/136
s 44
f 194/99/455 4/98/456 230/135/457 229/459/458
f 230/135/457 39/165/459 231/162/460 229/459/458
s 19
f 231/441/461 38/161/462 226/132/137 229/134/140
s 1
f 107/11/143 3/10/10 233/137/145 232/136/144
f 233/137/145 40/169/463 234/166/464 232/136/144
f 234/166/464 39/165/465 230/135/141 232/136/144
f 186/138/146 31/129/384 228/128/466 235/457/467
f 228/128/466 37/157/468 236/170/469 235/457/467
f 236/434/470 40/169/471 233/137/145 235/139/147
s 21
f 215/142/150 34/145/153 238/144/152 237/143/151
f 238/144/152 42/456/472 239/455/473 237/143/151
f 239/455/473 41/173/474 240/140/148 237/143/151
f 219/146/154 35/149/157 242/148/156 241/453/155
f 242/148/156 43/205/475 243/451/476 241/453/155
f 243/452/476 42/456/472 238/144/152 241/147/155
f 222/150/158 36/153/161 245/152/160 244/151/159
f 245/152/160 44/185/477 246/449/478 244/151/159
f 246/449/478 43/205/475 242/148/156 244/151/159
f 224/154/162 33/141/149 240/140/148 247/446/163
f 240/140/148 41/173/474 248/444/479 247/446/163
f 248/445/479 44/185/477 245/152/160 247/155/163
s 22
f 227/158/166 38/161/169 250/160/168 249/159/167
f 250/160/168 46/443/480 251/442/481 249/159/167
f 251/442/481 45/189/482 252/156/164 249/159/167
f 231/162/170 39/165/173 254/164/172 253/440/171
f 254/164/172 47/219/483 255/438/484 253/440/171
f 255/439/484 46/443/480 250/160/168 253/163/171
f 234/166/174 40/169/177 257/168/176 256/167/175
f 257/168/176 48/201/485 258/436/486 256/167/175
f 258/436/486 47/219/483 254/164/172 256/167/175
f 236/170/178 37/157/165 252/156/164 259/433/179
f 252/156/164 45/189/482 260/431/487 259/433/179
f 260/432/487 48/201/485 257/168/176 259/171/179
s 23
f 239/174/182 42/177/488 262/176/489 261/528/183
s 45
f 262/526/490 50/354/491 181/87/492 261/175/493
f 181/87/492 49/86/494 263/172/495 261/175/493
s off
f 243/178/496 43/450/497 265/216/498 264/527/499
s 28
f 265/513/226 51/215/225 182/355/500 264/179/501
s off
f 182/355/502 50/354/503 262/526/504 264/179/505
s 24
f 267/182/190 57/368/506 268/369/507 266/525/191
s 46
f 268/514/508 59/370/509 269/371/510 266/183/511
f 269/371/510 60/372/512 270/180/513 266/183/511
s off
f 248/186/514 41/479/515 263/524/516 271/523/517
f 263/172/518 49/86/519 184/85/520 271/187/521
s 47
f 184/85/522 52/211/523 272/184/524 271/187/525
s 25
f 251/190/198 46/193/526 274/192/527 273/522/199
s 48
f 274/520/528 54/356/529 189/95/530 273/191/531
f 189/95/530 53/94/532 275/188/533 273/191/531
s off
f 255/194/534 47/437/535 277/230/536 276/521/537
s 30
f 277/507/242 55/229/241 190/357/538 276/195/539
s off
f 190/357/540 54/356/541 274/520/542 276/195/543
s 26
f 279/198/206 61/373/544 280/374/545 278/519/207
s 49
f 280/508/546 63/375/547 281/376/548 278/199/549
f 281/376/548 64/377/550 282/196/551 278/199/549
s off
f 260/202/552 45/478/553 275/518/554 283/517/555
f 275/188/556 53/94/557 192/93/558 283/203/559
s 50
f 192/93/560 56/225/561 284/200/562 283/203/563
s 27
f 246/206/214 44/448/564 286/208/565 285/207/215
s 51
f 286/208/566 57/368/567 267/182/568 285/207/569
f 267/182/568 58/181/570 287/204/571 285/207/569
s 47
f 272/184/524 52/211/523 289/210/572 288/515/573
s off
f 289/210/574 59/370/575 268/514/576 288/515/577
f 268/369/578 57/368/579 286/208/580 288/209/581
s 10
f 183/212/222 51/215/395 291/214/582 290/213/223
s 52
f 291/214/583 60/372/584 269/371/585 290/213/586
f 269/371/585 59/370/587 289/210/588 290/213/586
s off
f 265/216/589 43/450/590 287/204/591 292/512/592
f 287/204/593 58/181/594 270/511/595 292/512/596
f 270/180/597 60/372/598 291/214/599 292/217/600
s 29
f 258/220/230 48/435/601 294/222/602 293/221/231
s 53
f 294/222/603 61/373/604 279/198/605 293/221/606
f 279/198/605 62/197/607 295/218/608 293/221/606
s 50
f 284/200/562 56/225/561 297/224/609 296/509/610
s off
f 297/224/611 63/375/612 280/508/613 296/509/614
f 280/374/615 61/373/616 294/222/617 296/223/618
s 12
f 191/226/238 55/229/398 299/228/619 298/227/239
s 54
f 299/228/620 64/377/621 281/376/622 298/227/623
f 281/376/622 63/375/624 297/224/625 298/227/623
s off
f 277/230/626 47/437/627 295/218/628 300/506/629
f 295/218/630 62/197/631 282/505/632 300/506/633
f 282/196/634 64/377/635 299/228/636 300/231/637
s 3
f 198/234/246 24/237/249 302/236/248 301/429/247
f 302/236/248 65/262/274 303/259/271 301/429/247
f 303/422/271 66/258/270 304/232/244 301/235/247
f 155/238/250 20/241/253 306/240/252 305/239/251
f 306/240/252 67/266/278 307/263/275 305/239/251
f 307/263/275 65/262/274 302/236/248 305/239/251
f 143/242/254 16/245/257 309/244/256 308/427/255
f 309/244/256 68/270/282 310/267/279 308/427/255
f 310/420/279 67/266/278 306/240/252 308/243/255
f 131/246/258 12/233/245 304/232/244 311/247/259
f 304/232/244 66/258/270 312/271/283 311/247/259
f 312/271/283 68/270/282 309/244/256 311/247/259
f 208/249/261 9/26/26 314/251/263 313/425/262
f 314/251/263 70/278/290 315/275/287 313/425/262
f 315/418/287 69/274/286 316/248/260 313/250/262
f 126/25/25 13/38/38 318/253/265 317/252/264
f 318/253/265 71/282/294 319/279/291 317/252/264
f 319/279/291 70/278/290 314/251/263 317/252/264
f 136/37/37 17/50/50 321/255/267 320/423/266
f 321/255/267 72/286/298 322/283/295 320/423/266
f 322/416/295 71/282/294 318/253/265 320/254/266
f 149/49/49 21/62/62 316/248/260 323/256/268
f 316/248/260 69/274/286 324/287/299 323/256/268
f 324/287/299 72/286/298 321/255/267 323/256/268
f 303/259/271 65/262/274 326/261/273 325/421/272
f 326/261/273 73/497/638 199/498/639 325/421/272
f 199/499/639 74/500/640 327/257/269 325/260/272
f 307/263/275 67/266/278 329/265/277 328/264/276
f 329/265/277 75/495/641 200/496/642 328/264/276
f 200/496/642 73/497/638 326/261/273 328/264/276
f 310/267/279 68/270/282 331/269/281 330/419/280
f 331/269/281 76/492/643 201/493/644 330/419/280
f 201/494/644 75/495/641 329/265/277 330/268/280
f 312/271/283 66/258/270 327/257/269 332/272/284
f 327/257/269 74/500/640 202/491/645 332/272/284
f 202/491/645 76/492/643 331/269/281 332/272/284
f 315/275/287 70/278/290 334/277/289 333/417/288
f 334/277/289 78/490/646 209/488/647 333/417/288
f 209/489/647 77/482/648 335/273/285 333/276/288
f 319/279/291 71/282/294 337/281/293 336/280/292
f 337/281/293 79/487/649 210/486/650 336/280/292
f 210/486/650 78/490/646 334/277/289 336/280/292
f 322/283/295 72/286/298 339/285/297 338/415/296
f 339/285/297 80/485/651 211/483/652 338/415/296
f 211/484/652 79/487/649 337/281/293 338/284/296
f 324/287/299 69/274/286 335/273/285 340/288/300
f 335/273/285 77/482/648 212/481/653 340/288/300
f 212/481/653 80/485/651 339/285/297 340/288/300
s off
f 129/291/654 15/46/655 342/293/656 341/292/657
s 3
f 342/293/658 82/305/319 343/302/316 341/292/659
f 343/302/316 81/301/315 344/289/660 341/292/659
f 145/45/45 19/471/58 346/295/308 345/411/307
f 346/295/308 83/309/323 347/306/320 345/411/661
f 347/406/320 82/305/319 342/293/658 345/294/661
f 151/55/309 18/475/54 349/297/311 348/296/310
f 349/297/311 84/313/327 350/310/324 348/296/310
f 350/310/324 83/309/323 346/295/308 348/296/310
f 134/298/312 14/480/662 344/289/663 351/407/313
f 344/289/660 81/301/315 352/314/328 351/407/664
f 352/403/328 84/313/327 349/297/311 351/299/664
f 343/302/316 82/305/319 354/304/318 353/303/317
f 354/304/318 86/345/371 138/43/43 353/303/317
f 138/43/43 85/42/42 355/300/314 353/303/317
f 347/306/320 83/309/323 357/308/322 356/405/321
f 357/308/322 87/347/373 139/404/372 356/405/321
f 139/346/372 86/345/371 354/304/318 356/307/321
f 350/310/324 84/313/327 359/312/326 358/311/325
f 359/312/326 88/349/375 140/348/374 358/311/325
f 140/348/374 87/347/373 357/308/322 358/311/325
f 352/314/328 81/301/315 355/300/314 360/402/329
f 355/300/314 85/42/42 141/401/41 360/402/329
f 141/41/41 88/349/375 359/312/326 360/315/329
f 205/317/331 89/342/356 362/341/355 361/399/332
f 362/341/355 5/14/14 207/398/114 361/399/332
f 207/113/114 25/112/113 363/316/330 361/318/332
f 159/319/333 26/322/336 365/321/335 364/320/334
f 365/321/335 91/78/78 168/75/75 364/320/334
f 168/75/75 90/74/74 363/316/330 364/320/334
f 163/323/337 27/326/340 367/325/339 366/324/338
f 367/325/339 92/82/82 173/79/79 366/324/338
f 173/79/79 91/78/78 365/321/335 366/324/338
f 166/327/341 28/351/377 369/394/665 368/328/342
f 369/394/665 93/352/387 177/83/83 368/328/342
f 177/83/83 92/82/82 367/325/339 368/328/342
f 195/331/345 93/352/387 369/394/665 370/396/346
f 369/394/665 28/351/377 197/395/103 370/396/346
f 197/103/103 8/102/102 371/329/343 370/332/346
f 109/335/349 94/330/344 371/329/343 372/336/350
f 371/329/343 8/102/102 120/23/23 372/336/350
f 120/23/23 7/22/22 373/333/347 372/336/350
f 105/339/353 95/334/348 373/333/347 374/340/354
f 373/333/347 7/22/22 116/19/19 374/340/354
f 116/19/19 6/18/18 375/337/351 374/340/354
f 100/343/357 96/338/352 375/337/351 376/344/358
f 375/337/351 6/18/18 111/15/15 376/344/358
f 111/15/15 5/14/14 362/341/355 376/344/358
s 55
f 202/385/666 74/380/667 377/106/668 378/105/669
s off
f 74/380/670 199/379/671 379/107/672 377/106/673
f 199/379/674 73/378/675 381/358/676 379/107/677
s 56
f 73/378/678 200/504/679 382/503/680 381/358/681
f 200/382/679 75/381/682 383/360/683 382/359/680
s off
f 75/381/684 201/384/685 384/361/686 383/360/687
f 201/384/688 76/383/689 385/362/690 384/361/691
s 55
f 76/383/692 202/385/666 378/105/669 385/362/693
s 57
f 212/393/694 77/388/695 387/116/696 386/501/697
s off
f 77/388/698 209/387/699 388/117/700 387/116/701
f 209/387/702 78/386/703 390/363/704 388/117/705
s 58
f 78/386/706 210/390/707 391/364/708 390/363/709
f 210/390/707 79/389/710 392/365/711 391/364/708
s off
f 79/389/712 211/392/713 393/366/714 392/365/715
f 211/392/716 80/391/717 394/367/718 393/366/719
s 57
f 80/391/720 212/502/694 386/115/697 394/367/721
