# This file uses centimeters as units for non-parametric coordinates.

mtllib fall_frame.31.mtl
g default
v -21.682114 41.582451 -51.741825
v -8.509225 38.872993 -48.591171
v 2.929887 33.781502 -49.151073
v 12.428822 23.703077 -53.071152
v -34.492767 32.842972 -65.603951
v -21.924520 37.129482 -72.883179
v -5.979778 30.217165 -78.216133
v 1.786247 17.082731 -77.644943
v -48.278889 21.672119 -89.915596
v -32.675957 29.531752 -88.635582
v -19.112385 26.706699 -94.941032
v -14.777216 17.137726 -99.681099
v -55.055981 22.822176 -97.758499
v -40.341000 22.934155 -106.521721
v -30.153149 21.006271 -111.351654
v -13.741206 17.791117 -109.853363
v -55.546684 11.475354 -97.205444
v -44.273579 11.695117 -105.706635
v -30.623846 8.905327 -111.958176
v -14.825313 6.794236 -108.244087
v -48.512917 13.453601 -90.002831
v -37.510937 6.310175 -88.629318
v -23.946840 3.478702 -94.942574
v -16.179260 9.336180 -98.810081
v -37.697502 21.638760 -60.319649
v -27.230450 12.854045 -62.651653
v -13.919003 7.293194 -67.091026
v -1.484374 5.575789 -72.283546
v -25.403357 37.730587 -40.598789
v -11.920128 37.208149 -37.459599
v -0.798101 26.820850 -38.839127
v 5.929935 15.166318 -45.784786
v -21.083929 71.683640 -40.579952
v -13.928775 70.739372 -38.075615
v -10.423429 73.600677 -48.214794
v -17.632299 74.685471 -50.470798
v 22.626257 27.571688 -19.080379
v 26.306370 21.129360 -21.244289
v 34.194275 28.050821 -28.328215
v 30.462893 34.442539 -26.136625
v -33.830662 67.638939 -17.719553
v -27.028511 66.717918 -14.996580
v -27.173767 76.611824 -11.355934
v -33.964024 77.433739 -14.098949
v 36.950569 26.802345 9.744458
v 37.425003 19.375216 8.546226
v 47.842617 20.455534 5.682208
v 47.412712 27.878439 6.927050
v -36.266853 64.917343 -14.180199
v -28.113937 63.910309 -10.930099
v -27.506781 76.844040 -4.532567
v -38.400043 78.103760 -8.873660
v 37.278687 26.701326 15.025415
v 37.793613 17.814283 13.524376
v 52.037682 17.736099 10.133148
v 51.390793 29.344114 12.130035
v -36.718033 93.556023 -5.385632
v -28.119991 92.603699 -1.999092
v -38.040001 92.044563 -2.454341
v -29.441957 91.092239 0.932199
v 65.560310 30.100069 4.808074
v 66.059875 20.959663 3.225278
v 66.266777 29.543446 8.245466
v 66.766342 20.403040 6.662671
v 8.432579 7.483814 -94.076065
v 7.199435 17.902140 -96.705795
v 10.293485 4.845686 -103.941460
v 9.880898 15.783653 -106.872726
v -55.015736 16.860327 -68.285660
v -54.744480 17.806524 -76.521332
v -63.662109 23.163691 -78.128716
v -64.062943 18.040564 -71.683899
v 33.855419 15.557620 -86.764702
v 31.682163 24.948956 -88.369316
v 35.019070 15.216916 -90.335434
v 32.845627 24.608578 -91.939842
v -35.586739 37.225910 -72.551552
v -34.902222 34.673767 -81.960022
v -37.588104 37.172523 -82.833244
v -38.272621 39.724667 -73.424774
v -49.162373 22.141079 -116.127319
v -35.075569 22.129875 -123.046394
v -30.375095 6.439007 -120.151047
v -49.737923 6.369624 -110.554657
v -57.438892 16.105574 -134.533188
v -44.012489 16.545990 -140.891006
v -43.122643 -1.304777 -139.436829
v -55.921787 -1.724617 -133.376038
v -23.996651 39.351456 -52.053757
v -27.760870 30.985470 -44.082867
v -17.220083 23.855804 -44.086620
v -7.115592 17.836340 -48.278278
v 4.187666 13.248642 -52.818211
v 8.758410 23.294926 -59.824841
v 0.031500 32.521519 -59.028324
v -12.584658 38.618683 -55.787785
v -16.602085 39.405220 -52.498024
v -15.668835 41.128757 -51.755524
v -10.375528 38.372105 -52.415562
v -18.686590 39.674305 -54.268124
v -22.485840 39.485020 -51.412750
v -4.522821 36.481812 -53.420990
v -2.077955 37.866249 -49.338852
v 1.724311 33.552696 -54.667461
v -6.426671 35.860367 -57.398090
v 7.117701 28.991409 -56.095863
v 9.511474 29.053253 -52.365360
v 10.313534 23.678093 -56.415272
v 5.499616 28.226122 -60.040764
v -35.591736 30.169935 -76.420906
v -29.431538 35.891403 -68.951439
v -28.425535 32.170097 -79.204887
v -41.663860 27.109226 -86.397812
v -41.514450 26.852488 -74.283699
v -19.499502 30.050579 -81.888168
v -13.741679 34.423862 -75.873276
v -11.749970 27.059151 -86.365295
v -26.141800 26.894808 -91.843376
v -7.614460 21.381165 -87.912872
v -0.745610 23.412481 -78.513084
v -5.517813 16.035912 -88.063286
v -14.511343 21.749233 -97.661461
v -44.569759 26.688307 -96.343369
v -37.511978 27.245371 -100.329872
v -48.354191 24.634832 -103.531265
v -52.630806 23.926828 -93.677032
v -31.256029 26.065758 -102.431908
v -25.623276 24.782946 -105.833885
v -36.928650 23.117199 -111.610016
v -19.450937 22.236988 -106.346535
v -13.213119 19.424526 -104.536285
v -21.394995 20.164610 -113.622215
v -50.102737 18.397228 -105.298805
v -43.291519 17.146181 -108.189018
v -51.344570 11.486223 -103.444504
v -55.854580 17.093533 -98.051445
v -52.688675 12.693048 -142.109161
v -50.782730 16.723974 -137.804962
v -43.498550 9.549038 -142.862671
v -49.521919 -3.572019 -136.548325
v -59.763943 9.032782 -135.165695
v -22.502155 13.904657 -115.434715
v -14.261742 12.158623 -109.837959
v -21.879133 6.967500 -113.607697
v -31.454485 15.121469 -113.884117
v -47.818069 9.199924 -96.764427
v -42.344658 7.961608 -99.989838
v -44.722466 8.722410 -86.556854
v -52.242783 10.428908 -93.245674
v -35.610489 6.565645 -103.113464
v -38.082924 8.764552 -110.365669
v -28.795294 5.159001 -106.259399
v -30.735683 4.887964 -91.722450
v -21.733168 4.940598 -106.114227
v -14.872290 6.483345 -102.350288
v -17.991011 3.719104 -97.534012
v -39.427040 10.577034 -73.261314
v -32.378235 7.240983 -75.746040
v -33.726002 16.658335 -60.594559
v -44.093781 15.226472 -72.164009
v -25.650969 5.189450 -78.607986
v -18.925674 3.420758 -81.305382
v -20.590242 9.878762 -64.944092
v -12.724195 2.513269 -84.159195
v -8.088100 4.394388 -86.024750
v -7.109664 5.066284 -69.485001
v -21.829008 30.412113 -39.776783
v -23.572601 27.028131 -43.049557
v -15.290594 27.290537 -40.309669
v -20.695333 35.080204 -37.652382
v -26.238544 33.703640 -41.668003
v -10.054103 24.310099 -41.954514
v -12.009602 20.818865 -46.163280
v -5.416751 20.483282 -44.315891
v -8.118171 28.127697 -38.249268
v -0.254596 16.248613 -46.459095
v -1.297346 14.333787 -50.087532
v 4.792473 14.468680 -49.252460
v 1.163483 17.710909 -42.880131
v -32.440914 69.844604 -10.267005
v -32.134987 62.128120 -13.491061
v -27.004461 69.226540 -8.079646
v -32.958500 77.463371 -6.694780
v -37.884933 70.560432 -12.441467
v -1.040269 38.504810 -46.314457
v 9.360599 30.745821 -35.609100
v -10.297705 49.994091 -41.277870
v 43.450397 22.806692 12.823530
v 35.290848 22.011639 14.844999
v 43.815887 17.007933 11.829742
v 51.711506 23.537577 11.140617
v 43.144836 28.618576 13.799913
v 8.436535 17.952198 -53.022663
v 9.866666 18.277409 -49.612015
v 7.597441 17.178999 -56.516182
v -5.156143 9.606859 -86.709854
v 1.832197 10.254815 -75.391495
v -14.021687 13.970140 -97.044022
v 32.500175 20.453360 -86.857544
v 34.540604 14.502613 -88.059837
v 33.923180 20.036720 -91.224121
v 31.882875 25.987240 -90.021973
v -25.926266 36.947838 -46.372986
v -25.076691 39.978020 -46.206982
v -27.463280 35.532726 -47.679810
v -44.959984 21.232372 -71.864792
v -38.077469 27.791365 -62.213573
v -48.834919 17.365028 -89.497650
v -34.684700 35.402531 -77.207214
v -35.908417 35.369884 -83.493843
v -37.969212 38.458202 -78.275063
v -36.745495 38.490845 -71.988434
v -19.628656 53.357918 -36.805843
v -14.758742 53.962715 -37.507442
v -17.667850 70.828072 -38.385525
v -23.660568 55.516296 -40.309032
v -11.114946 54.434929 -42.930889
v -10.992909 55.810261 -49.498470
v -10.685882 72.233162 -42.925385
v -14.600843 55.767464 -52.898693
v -19.891264 57.163780 -52.423244
v -13.141000 74.546417 -51.481606
v -23.033039 56.411163 -46.775990
v -20.274433 73.628174 -46.096764
v 11.325191 20.366911 -31.673220
v 15.752301 17.731192 -33.558617
v 23.703453 23.878704 -19.499939
v 10.770545 25.221556 -30.790085
v 20.049850 20.618097 -37.671963
v 23.247099 25.406752 -40.881451
v 30.926714 23.888210 -25.258919
v 21.122526 30.400036 -41.254189
v 18.286800 32.883625 -38.115379
v 33.673710 32.680897 -28.495600
v 13.554538 30.383821 -34.056049
v 26.185522 32.316383 -22.447113
v -24.061193 65.186958 -30.254740
v -19.928734 66.669617 -28.805552
v -30.489920 65.205330 -16.964287
v -27.275785 68.055450 -32.239834
v -17.645943 72.906128 -27.794455
v -17.879166 79.425690 -28.271427
v -25.864729 71.286446 -13.006734
v -21.312168 82.123405 -29.554689
v -25.170240 80.698059 -31.825609
v -30.834000 79.750130 -11.361003
v -27.427870 74.675903 -32.460136
v -34.886532 72.500870 -16.753286
v 28.430819 24.727943 -4.070118
v 30.353439 20.827116 -5.928276
v 35.340611 22.861088 9.733475
v 29.743032 29.132763 -4.702074
v 36.304821 20.507401 -8.928915
v 41.982616 22.649345 -11.767999
v 42.377583 18.768028 6.800601
v 43.649925 27.094810 -11.659966
v 41.400379 30.964357 -10.502688
v 50.531509 24.394894 5.782737
v 35.547527 31.383152 -7.316843
v 41.781490 28.468121 8.401689
v -31.186888 63.184486 -15.650026
v -27.142870 64.981407 -13.126830
v -35.286739 66.012215 -16.391720
v -25.959251 70.340523 -10.398303
v -26.452961 77.997986 -6.865222
v -32.670864 94.870750 -2.549328
v -32.057041 93.493721 -4.494985
v -38.129929 95.475403 -4.699509
v -34.102951 91.154549 0.041553
v -27.211800 94.266106 -0.399148
v -36.821514 71.695915 -14.790017
v -37.343292 79.253494 -11.211164
v 34.690285 22.406261 12.293371
v 37.186283 18.217115 10.933445
v 36.659969 27.105064 12.423310
v 43.195915 17.432104 9.139808
v 51.440094 18.167467 7.426937
v 67.940971 25.669058 3.885396
v 65.616653 25.682276 3.075475
v 67.623787 31.472486 4.890345
v 66.709999 24.820831 8.395269
v 68.258156 19.865633 2.880447
v 42.516975 29.044960 11.095480
v 50.793591 29.777546 9.415283
v -31.500467 86.591530 -7.837625
v -36.334522 87.121414 -9.720702
v -26.679142 86.055206 -5.933624
v -37.967884 86.051811 -7.756957
v -39.013214 84.859032 -5.438462
v -33.547474 84.262123 -3.299237
v -28.091003 83.653831 -1.144801
v -27.042576 84.847069 -3.468399
v 58.093750 25.024605 4.501293
v 57.812027 30.153343 5.385519
v 58.377274 19.894657 3.623346
v 58.311115 30.409380 8.096068
v 58.873753 29.970587 10.811450
v 59.191559 24.166563 9.809457
v 59.508869 18.360449 8.816031
v 58.947701 18.800447 6.096457
v -1.951426 14.228149 -96.660225
v -2.399657 9.518918 -96.193878
v 7.533612 12.969702 -93.937668
v -1.287078 17.924463 -99.564423
v -2.162517 7.039575 -99.588120
v -1.617408 6.201432 -104.422623
v 9.398772 5.217255 -98.273300
v -1.008525 10.247780 -106.727394
v -0.508589 14.741837 -107.769897
v 10.414554 10.062588 -106.244705
v -0.808814 17.386965 -103.704369
v 8.323915 18.172531 -101.667175
v -51.905926 18.919931 -80.294319
v -53.730900 23.143835 -81.451515
v -53.685532 17.161650 -71.655640
v -52.593925 14.324483 -80.196121
v -57.702648 23.650015 -83.168442
v -61.907547 22.140364 -85.003311
v -58.697468 20.727888 -78.175842
v -62.020947 17.538765 -84.723572
v -60.860752 13.085775 -83.636574
v -64.720840 21.249207 -74.605904
v -56.293308 12.745955 -81.590340
v -59.059174 17.088926 -69.231392
v 15.180272 15.390119 -90.239006
v 16.825974 10.238440 -91.036484
v 14.611982 20.040983 -92.715591
v 18.292196 8.712318 -94.870377
v 19.706976 9.110934 -100.295975
v 18.814568 14.138233 -101.585129
v 17.605955 19.080650 -101.986191
v 15.658033 20.778330 -96.940376
v -46.436699 21.512203 -73.598801
v -47.277592 21.413214 -78.861473
v -48.273327 23.664499 -68.893433
v -50.307243 23.906313 -80.873894
v -54.527500 27.744873 -80.815628
v -55.610783 28.799286 -75.791611
v -55.967472 28.932875 -70.755058
v -51.747475 26.106987 -68.647079
v -38.424351 27.518328 -114.043625
v -32.979614 18.938345 -116.516388
v -42.348930 25.032604 -120.121094
v -44.096405 20.119316 -110.987190
v -30.811323 15.077321 -116.966995
v -33.206757 10.063844 -115.079414
v -30.276289 14.260071 -122.826317
v -38.918385 7.083510 -112.229965
v -44.304886 11.260345 -109.582825
v -40.012394 5.604913 -115.184601
v -46.394344 16.694469 -109.264465
v -51.952568 14.300265 -112.135315
v -47.939251 21.643559 -131.463150
v -38.504246 18.814266 -136.887787
v -57.948727 18.176445 -127.680214
v -36.021072 9.519479 -135.932602
v -35.996639 1.257022 -132.574814
v -45.258591 -1.120077 -127.375206
v -55.260536 0.625124 -123.452759
v -58.282768 8.789246 -125.390999
v -32.695126 33.088036 -55.221489
v -29.075342 37.735687 -59.232338
v -32.776646 27.308180 -52.502876
v -28.886915 22.358517 -52.336243
v -22.510395 18.703922 -53.729992
v -16.758078 15.264664 -55.758972
v -10.598915 12.449678 -56.909832
v -4.090017 9.371892 -58.921612
v 1.634401 9.091979 -61.531124
v 4.968861 13.317950 -65.181679
v 5.403881 19.722498 -68.369553
v 2.282213 25.045477 -69.993790
v -2.056936 29.737387 -69.242981
v -10.456852 33.767666 -68.142540
v -18.033434 38.141720 -65.002472
v -24.158875 38.885349 -62.953289
v 44.421223 29.071102 -84.373878
v 44.658363 30.191216 -86.225670
v 45.421997 24.162531 -83.083122
v 46.115585 23.959461 -85.211418
v 46.778084 18.886877 -82.634079
v 47.540516 17.737152 -84.098106
v 48.087711 18.503433 -86.652748
v 46.900196 23.729731 -87.619064
v 45.730850 28.687658 -88.392548
v -27.000917 48.383968 -73.513145
v -25.699539 46.970577 -74.109207
v -24.983421 45.237103 -79.242958
v -26.547068 46.691807 -79.751328
v -24.957256 44.203056 -84.311661
v -26.093212 44.999630 -85.989502
v -27.980091 47.015274 -85.294434
v -28.395332 48.411289 -80.352226
v -28.722357 49.782791 -75.091980
vt 0.208431 0.494797
vt 0.208575 0.478116
vt 0.229443 0.475893
vt 0.229271 0.493426
vt 0.252729 0.492198
vt 0.256170 0.471571
vt 0.275357 0.475888
vt 0.275429 0.493819
vt 0.298111 0.492176
vt 0.294163 0.471736
vt 0.321331 0.475953
vt 0.321541 0.493432
vt 0.198757 0.641525
vt 0.200055 0.589825
vt 0.221664 0.590600
vt 0.219751 0.640956
vt 0.244967 0.639373
vt 0.247968 0.591507
vt 0.275466 0.591669
vt 0.275481 0.635804
vt 0.305994 0.639365
vt 0.302966 0.591494
vt 0.329276 0.590573
vt 0.331197 0.640955
vt 0.199789 0.728809
vt 0.197393 0.704590
vt 0.219517 0.692482
vt 0.227784 0.730211
vt 0.252859 0.733034
vt 0.249003 0.687406
vt 0.275511 0.688085
vt 0.275516 0.730408
vt 0.298175 0.733010
vt 0.302021 0.687396
vt 0.331536 0.692451
vt 0.323246 0.730162
vt 0.805511 0.686057
vt 0.204711 0.752714
vt 0.229559 0.760254
vt 0.782889 0.696424
vt 0.784986 0.875584
vt 0.254181 0.941082
vt 0.275435 0.940431
vt 0.742298 0.896742
vt 0.699334 0.736241
vt 0.297037 0.807427
vt 0.321459 0.760204
vt 0.696358 0.696343
vt 0.808954 0.641287
vt 0.805193 0.664541
vt 0.784300 0.671779
vt 0.785729 0.644267
vt 0.763331 0.647822
vt 0.762442 0.673765
vt 0.742276 0.741120
vt 0.739609 0.647377
vt 0.715889 0.647774
vt 0.716786 0.673709
vt 0.694936 0.671695
vt 0.693494 0.644181
vt 0.806875 0.557726
vt 0.810121 0.617205
vt 0.790367 0.607046
vt 0.787575 0.557696
vt 0.763367 0.556090
vt 0.764746 0.603486
vt 0.739627 0.603152
vt 0.739688 0.556093
vt 0.716014 0.556064
vt 0.714496 0.603455
vt 0.688836 0.606971
vt 0.691820 0.557642
vt 0.803405 0.420481
vt 0.802841 0.435733
vt 0.782960 0.432290
vt 0.783371 0.416064
vt 0.759505 0.410786
vt 0.759570 0.428509
vt 0.739756 0.426992
vt 0.739743 0.409699
vt 0.720007 0.410786
vt 0.719946 0.428500
vt 0.696571 0.432245
vt 0.696182 0.416016
vt 0.819305 0.093413
vt 0.797386 0.086157
vt 0.790779 0.072322
vt 0.822344 0.073237
vt 0.265809 0.416173
vt 0.762697 0.377789
vt 0.739788 0.389948
vt 0.275377 0.462947
vt 0.364323 0.097210
vt 0.342669 0.089884
vt 0.336664 0.075169
vt 0.367299 0.076188
vt 0.342559 0.494848
vt 0.342402 0.478170
vt 0.366070 0.480227
vt 0.366198 0.495669
vt 0.352247 0.641476
vt 0.350872 0.589816
vt 0.374237 0.588973
vt 0.374011 0.638442
vt 0.936729 0.462892
vt 0.940585 0.464321
vt 0.946953 0.476690
vt 0.936605 0.482861
vt 0.804780 0.405462
vt 0.824266 0.410023
vt 0.823186 0.423812
vt 0.805355 0.509178
vt 0.825584 0.509339
vt 0.825621 0.554997
vt 0.118742 0.522844
vt 0.058006 0.517789
vt 0.074507 0.510871
vt 0.084702 0.516921
vt 0.822269 0.350445
vt 0.784755 0.399833
vt 0.805305 0.347137
vt 0.793942 0.336256
vt 0.777469 0.322538
vt 0.236211 0.409364
vt 0.220899 0.415267
vt 0.203041 0.415110
vt 0.182178 0.419746
vt 0.685950 0.336155
vt 0.717407 0.377787
vt 0.694840 0.399772
vt 0.674409 0.347030
vt 0.657366 0.350391
vt 0.674734 0.405426
vt 0.637625 0.358046
vt 0.347747 0.415166
vt 0.329799 0.415381
vt 0.314324 0.409429
vt 0.706215 0.336018
vt 0.292514 0.404556
vt 0.870618 0.237836
vt 0.844433 0.293934
vt 0.832214 0.287148
vt 0.858351 0.228645
vt 0.844944 0.223065
vt 0.821107 0.280742
vt 0.243727 0.342391
vt 0.826584 0.212775
vt 0.214622 0.282882
vt 0.224361 0.346790
vt 0.210147 0.349538
vt 0.199596 0.284960
vt 0.184434 0.288656
vt 0.194986 0.352422
vt 0.864110 0.304875
vt 0.163133 0.290367
vt 0.634803 0.222910
vt 0.658751 0.280554
vt 0.647480 0.287052
vt 0.621343 0.228556
vt 0.609012 0.237734
vt 0.635143 0.293889
vt 0.375465 0.356065
vt 0.590820 0.249121
vt 0.366326 0.288752
vt 0.355651 0.352469
vt 0.340563 0.349608
vt 0.351134 0.285011
vt 0.336042 0.282967
vt 0.326383 0.346874
vt 0.678330 0.268182
vt 0.315081 0.275917
vt 0.789900 0.091626
vt 0.894734 0.181072
vt 0.223763 0.023658
vt 0.779683 0.072008
vt 0.205625 0.023651
vt 0.212375 0.030485
vt 0.208733 0.046428
vt 0.818124 0.043214
vt 0.919973 0.054113
vt 0.218394 0.124576
vt 0.231547 0.124829
vt 0.925982 0.076298
vt 0.853028 0.105343
vt 0.173602 0.224408
vt 0.245023 0.044913
vt 0.815784 0.102925
vt 0.335499 0.095534
vt 0.609223 0.166963
vt 0.147562 0.023794
vt 0.325939 0.074804
vt 0.129108 0.019171
vt 0.133886 0.026698
vt 0.125138 0.040618
vt 0.363323 0.044920
vt 0.461211 0.056389
vt 0.114656 0.083148
vt 0.128082 0.110700
vt 0.466974 0.079440
vt 0.396801 0.109583
vt 0.345740 0.218419
vt 0.158805 0.046562
vt 0.361009 0.107136
vt 0.212264 0.093809
vt 0.204982 0.218327
vt 0.226791 0.056935
vt 0.229179 0.093286
vt 0.246067 0.092223
vt 0.255137 0.092099
vt 0.884191 0.095549
vt 0.853655 0.095653
vt 0.854753 0.074189
vt 0.884265 0.075061
vt 0.885799 0.054616
vt 0.855335 0.052709
vt 0.203340 0.068369
vt 0.888472 0.044995
vt 0.116537 0.064410
vt 0.377147 0.224500
vt 0.136900 0.057215
vt 0.135301 0.068971
vt 0.159593 0.072808
vt 0.169578 0.075371
vt 0.426769 0.099419
vt 0.397393 0.099512
vt 0.398467 0.077209
vt 0.426850 0.078134
vt 0.428347 0.056895
vt 0.399054 0.054890
vt 0.111199 0.052142
vt 0.430928 0.046902
vt 0.398347 0.732496
vt 0.353774 0.704759
vt 0.655189 0.607952
vt 0.404645 0.715309
vt 0.625247 0.642548
vt 0.669008 0.617360
vt 0.670290 0.641156
vt 0.629866 0.657272
vt 0.633967 0.675274
vt 0.674058 0.664432
vt 0.345812 0.774768
vt 0.637449 0.692485
vt 0.387906 0.765553
vt 0.346295 0.752641
vt 0.351218 0.728717
vt 0.392980 0.747350
vt 0.854032 0.642643
vt 0.181252 0.694641
vt 0.859345 0.625630
vt 0.152631 0.732602
vt 0.157999 0.747449
vt 0.163074 0.765647
vt 0.167481 0.783084
vt 0.845329 0.675366
vt 0.849419 0.657366
vt 0.462802 0.754848
vt 0.433121 0.744888
vt 0.586158 0.633072
vt 0.469035 0.736153
vt 0.562716 0.661102
vt 0.591598 0.653084
vt 0.596668 0.669873
vt 0.567525 0.676181
vt 0.573571 0.695803
vt 0.602326 0.689166
vt 0.414557 0.801264
vt 0.575415 0.714705
vt 0.450039 0.789809
vt 0.420413 0.781867
vt 0.427222 0.762131
vt 0.457315 0.770152
vt 0.916571 0.661069
vt 0.887682 0.653104
vt 0.112049 0.724515
vt 0.922852 0.642462
vt 0.088177 0.754903
vt 0.117860 0.744959
vt 0.123753 0.762207
vt 0.093657 0.770210
vt 0.100926 0.789871
vt 0.130556 0.781946
vt 0.872833 0.708772
vt 0.104321 0.808576
vt 0.905760 0.695791
vt 0.876995 0.689207
vt 0.882631 0.669903
vt 0.911782 0.676158
vt 0.245118 0.820265
vt 0.256063 0.761423
vt 0.275458 0.816348
vt 0.275456 0.817082
vt 0.305796 0.819611
vt 0.322444 0.827635
vt 0.716707 0.746651
vt 0.742277 0.751635
vt 0.767846 0.746640
vt 0.232576 0.815700
vt 0.789238 0.746868
vt 0.242805 0.909093
vt 0.242913 0.847487
vt 0.275453 0.850080
vt 0.275444 0.899369
vt 0.308078 0.909112
vt 0.307992 0.847504
vt 0.685718 0.768892
vt 0.335635 0.923345
vt 0.710517 0.826756
vt 0.709025 0.772272
vt 0.742280 0.767854
vt 0.742288 0.823907
vt 0.774059 0.826743
vt 0.775535 0.772258
vt 0.216918 0.852154
vt 0.800161 0.835727
vt 0.803587 0.472219
vt 0.184266 0.511368
vt 0.823748 0.473030
vt 0.786007 0.508646
vt 0.783967 0.470951
vt 0.760849 0.468488
vt 0.762764 0.507838
vt 0.739729 0.507585
vt 0.739749 0.469813
vt 0.718652 0.468468
vt 0.716699 0.507812
vt 0.693463 0.508589
vt 0.695538 0.470900
vt 0.347089 0.550471
vt 0.343449 0.511536
vt 0.656251 0.437958
vt 0.370672 0.549455
vt 0.305626 0.550928
vt 0.300328 0.509969
vt 0.323635 0.511057
vt 0.326613 0.553291
vt 0.245263 0.550946
vt 0.250519 0.509979
vt 0.275426 0.509223
vt 0.275447 0.553833
vt 0.203857 0.550446
vt 0.207534 0.511493
vt 0.227207 0.511082
vt 0.224277 0.553331
vt 0.296688 0.941095
vt 0.317831 0.963343
vt 0.722395 0.859395
vt 0.742293 0.859091
vt 0.762190 0.859387
vt 0.672412 0.557619
vt 0.673996 0.509116
vt 0.676597 0.435714
vt 0.676064 0.420456
vt 0.798456 0.058765
vt 0.820876 0.052919
vt 0.343747 0.061021
vt 0.365907 0.055032
vt 0.963235 0.483911
vt 0.902883 0.489040
vt 0.909072 0.482168
vt 0.925033 0.475729
vt 0.931354 0.463643
vt 0.080884 0.498420
vt 0.084741 0.496992
vt 0.090126 0.497750
vt 0.096539 0.509638
vt 0.112499 0.516024
vt 0.245369 0.109349
vt 0.249130 0.116712
vt 0.914174 0.091435
vt 0.914507 0.075957
vt 0.915392 0.060496
vt 0.143488 0.116794
vt 0.145270 0.126440
vt 0.455609 0.095160
vt 0.455938 0.079081
vt 0.456800 0.063019
vt 0.982240 0.434188
vt 0.963585 0.427947
vt 0.946509 0.423110
vt 0.890921 0.433118
vt 0.882130 0.436526
vt 0.926679 0.423006
vt 0.909612 0.427375
vt 0.937930 0.422313
vt 0.075163 0.457134
vt 0.058225 0.461798
vt 0.039557 0.467684
vt 0.094859 0.456979
vt 0.083682 0.456346
vt 0.130564 0.466891
vt 0.111877 0.461251
vt 0.033116 0.470128
vt 0.675805 0.472192
vt 0.653419 0.509254
vt 0.655248 0.472962
vt 0.367019 0.511392
vt 0.176921 0.588998
vt 0.180547 0.549455
vt 0.822760 0.437993
vt 0.233028 0.963316
vt 0.215241 0.923308
vt 0.798841 0.768868
vt 0.699605 0.875602
vt 0.684417 0.835751
vt 0.333987 0.852188
vt 0.228471 0.827609
vt 0.254212 0.785439
vt 0.759269 0.697501
vt 0.785216 0.736222
vt 0.695315 0.746888
vt 0.719972 0.697428
vt 0.296799 0.785396
vt 0.318344 0.815723
vt 0.903939 0.714697
vt 0.136407 0.801345
vt 0.081951 0.736203
vt 0.893090 0.633076
vt 0.446638 0.808511
vt 0.606509 0.708725
vt 0.556410 0.642507
vt 0.438944 0.724452
vt 0.841861 0.692578
vt 0.205190 0.774839
vt 0.146366 0.715395
vt 0.823906 0.608060
vt 0.383498 0.782992
vt 0.673752 0.685953
vt 0.619881 0.625562
vt 0.369876 0.694574
vt 0.624476 0.158216
vt 0.327082 0.211968
vt 0.653476 0.212425
vt 0.306569 0.342322
vt 0.153133 0.050558
vt 0.361352 0.222428
vt 0.125968 0.045756
vt 0.396618 0.225899
vt 0.569871 0.190223
vt 0.388031 0.290471
vt 0.615162 0.304972
vt 0.596954 0.173816
vt 0.584932 0.180968
vt 0.909456 0.190131
vt 0.154402 0.225852
vt 0.888489 0.249012
vt 0.175675 0.355943
vt 0.241882 0.047343
vt 0.189385 0.222364
vt 0.213528 0.046751
vt 0.223402 0.212053
vt 0.855547 0.158550
vt 0.235225 0.276013
vt 0.801766 0.268578
vt 0.882733 0.173912
vt 0.870470 0.167071
vt 0.702590 0.322102
vt 0.284431 0.416033
vt 0.369025 0.419829
vt 0.654789 0.409992
vt 0.841623 0.358035
vt 0.185243 0.480200
vt 0.257695 0.404697
vt 0.773758 0.336466
vt 0.177136 0.638471
vt 0.185108 0.495641
vt 0.653403 0.554919
vt 0.655840 0.423782
vt 0.740026 0.329135
vt 0.739609 0.679991
vt 0.717946 0.727940
vt 0.321543 0.784229
vt 0.275425 0.981496
vt 0.229466 0.784279
vt 0.766602 0.727930
vt 0.275513 0.766895
vt 0.294962 0.761394
vt 0.158494 0.031032
vt 0.235614 0.029385
vt 0.253884 0.807420
vt 0.968218 0.693073
vt 0.970279 0.686813
vt 0.964692 0.720144
vt 0.041234 0.817480
vt 0.965692 0.701614
vt 0.035620 0.790589
vt 0.038855 0.799577
vt 0.026837 0.766821
vt 0.976742 0.669618
vt 0.033170 0.783659
vt 0.515345 0.790561
vt 0.512107 0.799546
vt 0.509721 0.817448
vt 0.514670 0.720260
vt 0.513647 0.701731
vt 0.511110 0.693195
vt 0.509040 0.686939
vt 0.502555 0.669755
vt 0.524137 0.766797
vt 0.517798 0.783632
vt 0.052820 0.522857
vt 0.139366 0.470253
vt 0.968347 0.489050
vt 0.988625 0.436785
vt 0.108883 0.091107
vt 0.106409 0.062482
vt 0.399209 0.044805
vt 0.459518 0.102060
vt 0.428604 0.109556
vt 0.167704 0.057128
vt 0.215342 0.132259
vt 0.203222 0.094543
vt 0.855471 0.043005
vt 0.918242 0.098075
vt 0.886101 0.105305
vt 0.255511 0.067846
vt 0.169019 0.047690
vt 0.166893 0.025823
vt 0.125973 0.120002
vt 0.337008 0.054912
vt 0.115292 0.038211
vt 0.149847 0.015689
vt 0.254586 0.043904
vt 0.241676 0.021944
vt 0.231922 0.132778
vt 0.791425 0.052872
vt 0.199112 0.046316
vt 0.223332 0.014444
vn -0.084555 0.145100 -0.985797
vn -0.084555 0.145100 -0.985797
vn 0.217932 0.621886 -0.752173
vn 0.125562 0.488395 -0.863542
vn 0.249465 0.860938 -0.443344
vn 0.524161 0.482659 -0.701638
vn 0.444550 0.771932 -0.454419
vn 0.174522 0.932087 -0.317420
vn 0.511584 0.814451 -0.273772
vn 0.467274 0.846607 -0.254778
vn 0.641984 0.682998 -0.348383
vn 0.618630 0.716811 -0.321681
vn -0.737898 0.669319 0.086712
vn -0.667083 0.744957 0.006262
vn -0.387544 0.892341 -0.231380
vn -0.447057 0.883536 -0.139660
vn -0.135007 0.922533 -0.361534
vn -0.008894 0.922956 -0.384804
vn 0.236240 0.888806 -0.392702
vn 0.093818 0.886389 -0.453335
vn 0.377245 0.786598 -0.488826
vn 0.480383 0.766697 -0.425919
vn 0.743984 0.447505 -0.496212
vn 0.694692 0.444687 -0.565382
vn -0.240050 0.970278 0.030612
vn -0.443689 0.847842 0.290350
vn -0.410623 0.911782 0.006563
vn -0.268817 0.961879 -0.050264
vn -0.062887 0.970351 -0.233377
vn -0.051592 0.979179 -0.196334
vn 0.117270 0.961777 -0.247453
vn 0.070588 0.958786 -0.275221
vn 0.171186 0.921521 -0.348560
vn 0.276070 0.912911 -0.300631
vn 0.660998 0.607335 -0.440711
vn 0.406733 0.842483 -0.353257
vn -0.862065 0.000852 -0.506797
vn -0.704309 0.584344 -0.403102
vn -0.389514 0.733512 -0.556991
vn -0.562688 0.106117 -0.819830
vn -0.890632 -0.167750 -0.422653
vn -0.740233 0.581920 -0.336787
vn -0.307524 0.739620 -0.598659
vn -0.429168 -0.019651 -0.903011
vn 0.171741 0.042868 -0.984209
vn 0.029056 0.753035 -0.657339
vn 0.228327 0.570480 -0.788935
vn 0.135982 -0.024672 -0.990404
vn -0.181895 -0.973477 0.138765
vn -0.723330 -0.606241 -0.330554
vn -0.549521 -0.561467 -0.618693
vn -0.307127 -0.950338 -0.050306
vn -0.286198 -0.949130 -0.131311
vn -0.454693 -0.767901 -0.451200
vn -0.320292 -0.897450 -0.303310
vn -0.265314 -0.953428 -0.143471
vn -0.166893 -0.962552 -0.213637
vn -0.124337 -0.771785 -0.623609
vn 0.135826 -0.635139 -0.760362
vn 0.051599 -0.977674 -0.203692
vn -0.812260 -0.393299 0.430755
vn -0.462073 -0.754092 0.466727
vn -0.507939 -0.832056 0.222890
vn -0.469607 -0.782141 0.409542
vn -0.239669 -0.916159 0.321265
vn -0.251214 -0.963699 0.090418
vn -0.209248 -0.977339 0.031985
vn -0.187067 -0.951033 0.246053
vn -0.144004 -0.973454 0.177902
vn -0.134975 -0.990614 -0.021574
vn 0.231312 -0.952330 -0.198905
vn 0.129773 -0.991361 -0.019045
vn -0.767346 -0.099278 0.633502
vn -0.783319 -0.170336 0.597828
vn -0.417769 -0.642013 0.642875
vn -0.368132 -0.548457 0.750782
vn -0.195346 -0.670211 0.716001
vn -0.250597 -0.745766 0.617279
vn -0.230320 -0.765154 0.601242
vn -0.182883 -0.715791 0.673941
vn -0.260449 -0.741281 0.618603
vn -0.254152 -0.774309 0.579527
vn -0.135652 -0.847079 0.513864
vn -0.235466 -0.817647 0.525367
vn -0.384257 -0.397935 0.833063
vn -0.387783 -0.369536 0.844433
vn -0.383710 -0.370524 0.845860
vn -0.381645 -0.395567 0.835389
vn 0.859402 0.223919 0.459661
vn 0.513843 0.076420 0.854474
vn 0.109747 0.026828 0.993597
vn 0.573478 0.669148 0.472615
vn 0.225339 -0.149552 0.962734
vn 0.249751 -0.145462 0.957322
vn 0.250130 -0.147505 0.956910
vn 0.227574 -0.150685 0.962031
vn 0.761066 -0.531470 -0.371911
vn 0.761066 -0.531470 -0.371911
vn 0.761066 -0.531470 -0.371911
vn 0.761066 -0.531470 -0.371911
vn 0.797405 0.045785 -0.601706
vn 0.879699 0.053691 -0.472490
vn 0.859097 -0.393646 -0.327101
vn 0.776116 -0.328496 -0.538270
vn 0.924832 0.261256 0.276462
vn 0.924831 0.261257 0.276464
vn 0.924831 0.261257 0.276464
vn 0.924832 0.261256 0.276462
vn -0.973274 0.222196 0.058018
vn -0.973274 0.222196 0.058018
vn -0.973274 0.222196 0.058018
vn -0.973274 0.222196 0.058018
vn -0.745452 -0.275148 0.607121
vn -0.859782 0.376748 0.344727
vn -0.925226 0.203032 0.320523
vn 0.698420 0.701942 -0.139596
vn 0.698421 0.701941 -0.139596
vn 0.698421 0.701941 -0.139596
vn 0.698420 0.701942 -0.139596
vn -0.579182 0.074883 0.811752
vn -0.586445 0.020173 0.809738
vn -0.249482 -0.002795 0.968375
vn -0.275652 0.030643 0.960769
vn 0.797104 0.054412 0.601386
vn 0.804117 0.040561 0.593086
vn 0.898380 0.014077 -0.438993
vn 0.281620 -0.044264 -0.958505
vn 0.281039 0.002271 -0.959694
vn -0.868128 0.126548 -0.479937
vn -0.867901 0.084836 -0.489438
vn -0.867901 0.084836 -0.489438
vn -0.868208 0.118558 -0.481829
vn -0.628993 -0.307182 0.714148
vn -0.609132 -0.359097 0.707112
vn -0.467781 -0.648023 0.601038
vn -0.495001 -0.597402 0.630940
vn 0.442468 -0.881360 -0.165611
vn 0.448394 -0.872511 -0.194081
vn 0.448394 -0.872511 -0.194081
vn 0.442289 -0.881605 -0.164780
vn 0.687339 0.240774 -0.685269
vn 0.654627 0.340825 -0.674761
vn 0.484474 0.678428 -0.552286
vn 0.526941 0.612272 -0.589455
vn 0.048709 0.991997 -0.116485
vn -0.205145 0.780046 0.591138
vn -0.222314 0.941061 0.254914
vn -0.719620 -0.497599 -0.484295
vn -0.620892 -0.521415 -0.585338
vn 0.075282 -0.890772 -0.448171
vn -0.073872 -0.973400 -0.216874
vn 0.655651 -0.723326 0.216612
vn 0.775167 -0.583560 0.242021
vn 0.919941 0.195930 0.339589
vn 0.897623 -0.078725 0.433677
vn 0.780406 0.546749 0.303370
vn 0.657436 0.753270 0.019037
vn 0.268739 0.940452 -0.208157
vn 0.160450 0.986975 -0.011697
vn -0.574115 0.746735 -0.335825
vn -0.224596 0.893366 -0.389171
vn -0.841790 0.269933 -0.467468
vn -0.886872 0.149477 -0.437166
vn -0.618744 0.702013 0.352610
vn -0.713607 0.621006 0.324217
vn -0.882061 -0.358307 0.305918
vn -0.901497 -0.197126 0.385284
vn -0.374610 -0.924756 0.067040
vn -0.161534 -0.986036 -0.040484
vn 0.281563 -0.911461 -0.299936
vn 0.165971 -0.965716 -0.199616
vn 0.606962 -0.691141 -0.392328
vn 0.725353 -0.477754 -0.495595
vn 0.830006 0.413940 -0.373823
vn 0.907096 0.205609 -0.367289
vn 0.381671 0.924237 -0.010631
vn 0.277890 0.960580 0.007985
vn -0.240050 0.947663 0.210503
vn -0.144762 0.968008 0.204950
vn -0.185314 -0.502367 -0.844562
vn -0.185314 -0.502367 -0.844562
vn 0.218472 -0.601862 -0.768136
vn 0.236740 -0.603923 -0.761073
vn 0.977768 -0.196833 -0.072296
vn 0.977768 -0.196833 -0.072296
vn 0.977768 -0.196833 -0.072296
vn 0.977768 -0.196833 -0.072296
vn 0.410459 0.675200 -0.612885
vn 0.410459 0.675200 -0.612885
vn 0.330966 0.686764 -0.647161
vn 0.330966 0.686763 -0.647161
vn -0.583991 0.377393 -0.718700
vn -0.583991 0.377393 -0.718700
vn -0.583991 0.377393 -0.718700
vn -0.583991 0.377393 -0.718700
vn -0.912120 0.380389 -0.152780
vn -0.912120 0.380389 -0.152780
vn -0.970111 -0.016929 -0.242069
vn -0.970221 -0.015106 -0.241752
vn -0.248545 -0.868918 -0.428027
vn -0.248545 -0.868918 -0.428027
vn -0.248545 -0.868918 -0.428027
vn -0.248545 -0.868918 -0.428027
vn 0.123478 0.089213 -0.988329
vn 0.123478 0.089213 -0.988329
vn 0.119241 0.175732 -0.977190
vn 0.119241 0.175732 -0.977190
vn -0.093012 0.925111 -0.368130
vn -0.093012 0.925111 -0.368130
vn -0.093012 0.925111 -0.368130
vn -0.093012 0.925111 -0.368130
vn 0.376887 0.449015 -0.810149
vn 0.376887 0.449015 -0.810149
vn 0.372595 0.452102 -0.810418
vn 0.372576 0.452116 -0.810419
vn -0.661083 0.220612 -0.717147
vn -0.661083 0.220612 -0.717147
vn -0.661083 0.220612 -0.717147
vn -0.661083 0.220612 -0.717147
vn -0.372937 -0.443742 0.814869
vn -0.377713 -0.428673 0.820715
vn -0.376648 -0.427027 0.822061
vn -0.372895 -0.441616 0.816042
vn 0.924961 -0.102323 0.366030
vn 0.924923 -0.105577 0.365199
vn 0.924923 -0.105635 0.365184
vn 0.924961 -0.102323 0.366030
vn -0.179949 0.152569 -0.971772
vn -0.179949 0.152569 -0.971772
vn -0.179096 0.155475 -0.971469
vn -0.179096 0.155474 -0.971469
vn -0.193690 0.948979 -0.248842
vn -0.193690 0.948979 -0.248842
vn -0.193690 0.948979 -0.248842
vn -0.193690 0.948979 -0.248842
vn 0.184928 -0.156245 0.970252
vn 0.197933 -0.154089 0.968029
vn 0.198443 -0.154731 0.967822
vn 0.184961 -0.156609 0.970187
vn 0.052685 -0.984155 -0.169304
vn 0.052701 -0.984273 -0.168608
vn 0.052701 -0.984275 -0.168596
vn 0.052685 -0.984155 -0.169304
vn -0.057949 0.884152 0.463592
vn 0.656021 0.752853 -0.053387
vn -0.087226 0.240180 0.966801
vn -0.152446 0.298200 0.942251
vn -0.181593 -0.460478 0.868898
vn 0.577496 -0.816370 -0.006239
vn 0.119643 -0.976825 0.177480
vn -0.117116 -0.942936 0.311699
vn 0.015354 -0.882856 -0.469393
vn 0.273351 -0.784062 -0.557249
vn 0.358808 -0.185024 -0.914890
vn 0.118159 -0.293197 -0.948722
vn 0.150387 0.400578 -0.903837
vn 0.405562 0.481318 -0.777080
vn 0.325282 0.931252 -0.164198
vn 0.075551 0.972719 -0.219340
vn 0.576860 -0.741895 0.341796
vn 0.923381 0.062762 0.378720
vn 0.903410 0.154077 0.400138
vn 0.459671 0.806533 0.371763
vn 0.003241 0.993033 0.117796
vn -0.777985 0.551106 -0.301699
vn -0.937042 -0.115997 -0.329388
vn -0.681614 -0.729907 -0.051369
vn -0.036215 -0.970588 0.238008
vn -0.404160 0.649381 0.644173
vn -0.318882 0.809112 0.493611
vn -0.337494 0.163695 0.926985
vn -0.311959 0.105768 0.944190
vn -0.098790 -0.487873 0.867307
vn -0.175577 -0.584299 0.792318
vn 0.051609 -0.967673 0.246873
vn 0.280648 -0.936469 0.210386
vn 0.576033 -0.594527 -0.561002
vn 0.209425 -0.847866 -0.487097
vn 0.277595 -0.243610 -0.929298
vn 0.543887 -0.055705 -0.837307
vn 0.310385 0.517963 -0.797105
vn 0.183966 0.417542 -0.889840
vn -0.101571 0.955202 -0.277978
vn -0.207573 0.960820 -0.183679
vn 0.517197 -0.359488 0.776708
vn 0.215031 -0.610909 0.761940
vn 0.759124 -0.615098 0.213040
vn 0.702088 -0.685430 0.193026
vn 0.529425 -0.744426 -0.406864
vn 0.581452 -0.692432 -0.427143
vn -0.139143 0.302032 -0.943088
vn -0.010485 -0.312055 -0.950006
vn -0.455701 0.512578 -0.727736
vn -0.747316 0.574976 -0.333049
vn -0.947473 0.318915 0.024253
vn -0.556530 0.824028 -0.106075
vn -0.523812 0.682072 0.510293
vn -0.775165 -0.359703 0.519358
vn -0.269604 -0.525660 0.806843
vn -0.139893 0.263302 0.954517
vn -0.315264 0.843948 0.434005
vn -0.315264 0.843948 0.434005
vn -0.315264 0.843948 0.434005
vn -0.315264 0.843948 0.434005
vn 0.940167 0.173405 -0.293287
vn 0.940167 0.173405 -0.293287
vn 0.948864 -0.008154 -0.315580
vn 0.770212 -0.566102 0.293774
vn -0.064247 -0.980605 0.185163
vn 0.222261 -0.791331 0.569558
vn -0.259777 -0.424033 0.867589
vn -0.662563 0.225365 -0.714297
vn -0.786533 0.200998 0.583922
vn -0.781800 0.613805 0.109690
vn -0.639129 0.723645 0.260483
vn -0.070954 0.991215 -0.111618
vn -0.154844 0.950132 -0.270688
vn 0.551572 0.643371 -0.530888
vn 0.591890 0.732550 -0.336209
vn 0.949661 0.147448 -0.276410
vn 0.839387 0.019419 -0.543188
vn 0.706362 -0.687471 -0.168630
vn 0.763477 -0.640483 0.082968
vn 0.215098 -0.877484 0.428667
vn 0.165389 -0.940668 0.296295
vn -0.535748 -0.724813 0.433151
vn -0.416127 -0.640670 0.645276
vn -0.814499 0.122184 0.567153
vn -0.947339 -0.031413 0.318687
vn -0.794836 -0.130415 0.592645
vn -0.777774 0.531477 0.335559
vn -0.803329 0.508365 0.310207
vn -0.409813 -0.691314 0.595095
vn -0.434017 -0.640901 0.633148
vn -0.254798 -0.766889 0.589032
vn -0.229994 -0.821819 0.521265
vn -0.190136 -0.870174 0.454582
vn -0.224473 -0.794529 0.564213
vn -0.223810 -0.818259 0.529491
vn -0.174457 -0.906029 0.385586
vn 0.009623 -0.964733 0.263054
vn -0.062380 -0.891648 0.448411
vn 0.935365 0.069249 -0.346840
vn 0.929275 0.096107 -0.356667
vn 0.885027 -0.453596 -0.104777
vn 0.897770 -0.419691 -0.133676
vn 0.535344 0.791498 -0.294852
vn 0.458522 0.820376 -0.341673
vn 0.679692 0.613043 -0.402737
vn 0.753783 0.531442 -0.386498
vn 0.201807 0.957378 -0.206641
vn 0.269112 0.939041 -0.213965
vn 0.360678 0.885081 -0.294183
vn 0.381839 0.896631 -0.224171
vn -0.527512 0.848563 0.040897
vn -0.417114 0.902313 0.108842
vn 0.010186 0.996709 -0.080426
vn -0.158728 0.977426 -0.139441
vn 0.275326 0.944999 -0.176556
vn 0.135392 0.990577 -0.020669
vn -0.228604 0.967217 0.110593
vn 0.479298 0.817368 -0.319660
vn 0.447153 0.821495 -0.353838
vn 0.339690 0.895742 -0.286804
vn 0.741282 0.470942 -0.478241
vn 0.741282 0.470942 -0.478241
vn 0.934462 0.013226 -0.355817
vn 0.644600 0.653642 -0.396539
vn -0.185281 0.825391 -0.533292
vn -0.020436 0.907624 -0.419286
vn 0.188892 0.581850 -0.791057
vn 0.229214 -0.128599 -0.964844
vn 0.266584 -0.659332 -0.703004
vn -0.209414 -0.840160 -0.500277
vn -0.663399 -0.695343 -0.276405
vn 0.596271 -0.714877 -0.365256
vn 0.523661 -0.851377 -0.030581
vn -0.115619 -0.338749 0.933746
vn -0.152138 -0.293394 0.943808
vn -0.147544 -0.294397 0.944225
vn -0.548451 -0.176050 0.817440
vn -0.548451 -0.176050 0.817440
vn -0.258969 -0.597176 0.759155
vn -0.244517 0.311061 0.918396
vn -0.084761 -0.637604 0.765687
vn -0.220823 -0.349295 0.910621
vn 0.456312 -0.848647 0.267542
vn 0.294288 -0.909759 0.292803
vn -0.198468 -0.914594 0.352318
vn -0.198468 -0.914594 0.352318
vn -0.359624 -0.649767 0.669682
vn -0.328190 -0.723696 0.607088
vn -0.379656 -0.371498 0.847261
vn -0.378702 -0.397133 0.835985
vn -0.375580 -0.425421 0.823382
vn 0.250512 -0.149576 0.956489
vn 0.226635 -0.152258 0.962005
vn 0.198926 -0.155375 0.967619
vn 0.592509 -0.799035 -0.102355
vn 0.592509 -0.799035 -0.102355
vn 0.592509 -0.799035 -0.102355
vn 0.592509 -0.799035 -0.102355
vn 0.829292 -0.551499 -0.090134
vn 0.723464 -0.239784 -0.647382
vn 0.924832 0.261254 0.276463
vn 0.924832 0.261254 0.276463
vn 0.924833 0.261255 0.276461
vn 0.924833 0.261255 0.276461
vn 0.924833 0.261255 0.276460
vn 0.924833 0.261255 0.276460
vn 0.924833 0.261255 0.276460
vn 0.924833 0.261255 0.276460
vn -0.854112 0.261087 -0.449807
vn -0.854112 0.261087 -0.449807
vn -0.854112 0.261087 -0.449807
vn -0.854112 0.261087 -0.449807
vn -0.761902 0.596220 0.253036
vn -0.967937 0.117307 0.222120
vn 0.698419 0.701943 -0.139596
vn 0.698419 0.701943 -0.139596
vn 0.698419 0.701943 -0.139596
vn 0.698419 0.701943 -0.139596
vn 0.698420 0.701942 -0.139596
vn 0.698420 0.701942 -0.139596
vn 0.698419 0.701943 -0.139596
vn 0.698419 0.701943 -0.139596
vn 0.041392 -0.020681 0.998929
vn 0.041599 0.011022 0.999074
vn 0.041833 0.059143 0.997373
vn -0.303763 0.097959 0.947698
vn -0.571526 0.121740 0.811503
vn 0.997084 0.071628 0.026314
vn 0.999250 -0.028968 0.025702
vn 0.999250 -0.028968 0.025702
vn 0.832326 -0.021295 0.553877
vn 0.832326 -0.021295 0.553877
vn -0.052193 -0.055265 -0.997107
vn -0.097708 0.034173 -0.994628
vn -0.133237 0.105126 -0.985493
vn 0.301377 0.068455 -0.951045
vn 0.726112 0.010480 -0.687497
vn -0.992737 0.109442 -0.049968
vn -0.992737 0.109442 -0.049968
vn -0.989289 0.131351 -0.063668
vn -0.988466 0.136016 -0.066587
vn -0.984110 0.158258 -0.080512
vn -0.984110 0.158258 -0.080512
vn -0.867111 0.160954 -0.471394
vn -0.867111 0.160954 -0.471394
vn -0.268280 -0.866108 0.421761
vn -0.300332 -0.824875 0.478938
vn -0.327629 -0.783552 0.527925
vn -0.515891 -0.546841 0.659409
vn -0.653016 -0.234422 0.720150
vn 0.628655 -0.641494 -0.439633
vn 0.628655 -0.641494 -0.439633
vn 0.620549 -0.672198 -0.403817
vn 0.621229 -0.669871 -0.406629
vn 0.611448 -0.700174 -0.368630
vn 0.611448 -0.700174 -0.368630
vn 0.436493 -0.888972 -0.138573
vn 0.436493 -0.888972 -0.138573
vn 0.258944 0.881157 -0.395614
vn 0.555249 0.559158 -0.615663
vn 0.708553 0.156133 -0.688168
vn -0.511793 0.643110 0.569628
vn -0.518124 0.647304 0.559058
vn -0.566092 0.677176 0.470078
vn -0.566092 0.677176 0.470078
vn -0.312976 0.930264 0.191457
vn -0.312976 0.930264 0.191457
vn 0.684800 -0.639687 0.349069
vn -0.154973 -0.985249 -0.072585
vn -0.843285 -0.358818 -0.400151
vn 0.748240 0.461923 0.476198
vn 0.873004 -0.116750 0.473532
vn -0.687500 0.688558 -0.230722
vn 0.029180 0.984421 0.173389
vn -0.898679 0.189878 -0.395377
vn -0.410288 -0.906465 0.099925
vn -0.891746 -0.128784 0.433824
vn -0.516735 0.767527 0.379325
vn 0.573814 -0.760621 -0.303634
vn 0.093056 -0.985665 -0.140732
vn 0.473082 0.880786 -0.020233
vn 0.940709 0.109988 -0.320889
vn -0.032495 0.980294 0.194854
vn 0.589674 -0.592460 -0.548886
vn 0.589674 -0.592460 -0.548886
vn 0.497435 -0.845570 -0.193830
vn 0.497435 -0.845570 -0.193830
vn 0.058003 -0.906231 -0.418785
vn 0.048249 -0.905058 -0.422543
vn -0.407515 -0.735202 -0.541673
vn -0.407515 -0.735202 -0.541673
vn 0.979770 0.174890 -0.097280
vn 0.979770 0.174890 -0.097280
vn 0.979770 0.174890 -0.097280
vn 0.979770 0.174890 -0.097280
vn 0.924879 -0.108606 0.364421
vn 0.924879 -0.108606 0.364421
vn 0.911839 -0.326167 0.249330
vn 0.911839 -0.326167 0.249330
vn 0.911839 -0.326167 0.249330
vn 0.911839 -0.326167 0.249330
vn 0.248949 0.693088 -0.676500
vn 0.248949 0.693088 -0.676500
vn -0.288133 0.573171 0.767108
vn -0.288133 0.573171 0.767108
vn -0.246011 0.569075 0.784622
vn -0.246011 0.569075 0.784622
vn -0.203373 0.563786 0.800490
vn -0.203373 0.563786 0.800491
vn -0.697593 0.003101 -0.716488
vn -0.697593 0.003101 -0.716488
vn -0.697593 0.003101 -0.716488
vn -0.697593 0.003101 -0.716488
vn -0.884899 -0.113058 -0.451853
vn -0.884899 -0.113058 -0.451853
vn -0.884899 -0.113058 -0.451853
vn -0.884899 -0.113058 -0.451853
vn -0.924563 0.109268 -0.365026
vn -0.924727 0.105634 -0.365678
vn -0.924722 0.105757 -0.365656
vn -0.924563 0.109268 -0.365026
vn -0.860980 -0.417320 -0.290787
vn -0.860980 -0.417320 -0.290787
vn -0.837035 -0.535225 0.113607
vn -0.837035 -0.535225 0.113607
vn -0.972273 -0.092245 0.214888
vn -0.972275 -0.092197 0.214896
vn -0.891005 0.366738 0.267607
vn -0.891005 0.366738 0.267607
vn -0.004005 -0.750110 -0.661301
vn -0.004005 -0.750110 -0.661301
vn -0.004005 -0.750110 -0.661301
vn -0.004005 -0.750110 -0.661301
vn 0.052715 -0.984383 -0.167965
vn 0.052715 -0.984383 -0.167965
vn -0.163090 -0.979822 -0.115541
vn -0.163090 -0.979822 -0.115541
vn -0.163090 -0.979822 -0.115541
vn -0.163090 -0.979822 -0.115541
vn 0.114094 0.260910 -0.958597
vn 0.114094 0.260910 -0.958597
vn 0.944593 0.041788 0.325575
vn 0.944593 0.041788 0.325575
vn 0.948049 -0.003270 0.318107
vn 0.948049 -0.003270 0.318107
vn 0.949517 -0.048320 0.309971
vn 0.949517 -0.048320 0.309972
vn -0.344830 0.930469 -0.123773
vn -0.344830 0.930469 -0.123773
vn -0.344830 0.930469 -0.123773
vn -0.344830 0.930469 -0.123773
vn -0.264172 0.941484 0.209337
vn -0.264172 0.941483 0.209337
vn -0.264172 0.941483 0.209337
vn -0.264172 0.941484 0.209337
vn -0.052784 0.984354 0.168111
vn -0.052779 0.984252 0.168706
vn -0.052779 0.984255 0.168694
vn -0.052784 0.984354 0.168111
vn 0.368265 0.455196 -0.810665
vn 0.368265 0.455196 -0.810665
vn 0.272003 0.494431 -0.825562
vn 0.272003 0.494431 -0.825562
vn 0.365554 0.487115 -0.793152
vn 0.365639 0.487106 -0.793118
vn 0.455577 0.474985 -0.752887
vn 0.455577 0.474985 -0.752887
vn -0.924889 0.101764 -0.366367
vn -0.924889 0.101764 -0.366367
vn -0.989184 0.090344 -0.115555
vn -0.989184 0.090344 -0.115555
vn -0.989184 0.090344 -0.115555
vn -0.989184 0.090344 -0.115555
vn -0.564485 0.332727 -0.755414
vn -0.564484 0.332727 -0.755414
vn -0.564484 0.332727 -0.755414
vn -0.564485 0.332727 -0.755414
vn -0.372851 -0.439489 0.817209
vn -0.290044 -0.371942 0.881779
vn -0.290044 -0.371942 0.881779
vn -0.375598 -0.363950 0.852330
vn -0.375561 -0.363955 0.852344
vn -0.458003 -0.352964 0.815874
vn -0.458003 -0.352964 0.815874
vn 0.998059 0.034047 -0.052148
vn 0.998059 0.034047 -0.052148
vn 0.998059 0.034047 -0.052148
vn 0.998059 0.034047 -0.052148
vn 0.975201 0.163677 -0.148974
vn 0.975201 0.163677 -0.148974
vn 0.975201 0.163677 -0.148974
vn 0.975201 0.163677 -0.148974
vn 0.800604 -0.107744 0.589427
vn 0.800604 -0.107744 0.589427
vn 0.800604 -0.107744 0.589427
vn 0.800604 -0.107744 0.589427
vn -0.178245 0.158368 -0.971158
vn -0.178245 0.158368 -0.971158
vn -0.135691 0.257444 -0.956719
vn -0.135691 0.257444 -0.956719
vn -0.131473 0.161436 -0.978086
vn -0.131474 0.161453 -0.978084
vn -0.125982 0.063870 -0.989974
vn -0.125982 0.063870 -0.989974
vn -0.052774 0.984142 0.169352
vn -0.052774 0.984142 0.169352
vn 0.093509 0.923351 0.372396
vn 0.093509 0.923351 0.372396
vn 0.093509 0.923351 0.372395
vn 0.093509 0.923351 0.372396
vn -0.141937 0.906256 -0.398189
vn -0.141937 0.906256 -0.398189
vn -0.141937 0.906256 -0.398189
vn -0.141937 0.906256 -0.398189
vn 0.184994 -0.156972 0.970122
vn 0.268894 -0.238956 0.933057
vn 0.268894 -0.238956 0.933057
vn 0.264693 -0.149814 0.952624
vn 0.264693 -0.149802 0.952626
vn 0.258281 -0.059388 0.964243
vn 0.258281 -0.059388 0.964243
vn -0.101763 -0.822758 -0.559209
vn -0.101763 -0.822758 -0.559209
vn -0.101763 -0.822758 -0.559209
vn -0.101763 -0.822757 -0.559209
vn -0.053365 -0.730103 -0.681250
vn -0.053365 -0.730103 -0.681250
vn -0.053365 -0.730103 -0.681250
vn -0.053365 -0.730103 -0.681250
vn 0.197624 -0.979336 0.042960
vn 0.197624 -0.979336 0.042960
vn 0.197624 -0.979336 0.042960
vn 0.197624 -0.979336 0.042960
vn -0.076253 -0.442426 0.893557
vn -0.247053 0.112157 0.962489
vn -0.353650 0.630491 0.690951
vn 0.593164 -0.566517 -0.572028
vn 0.270320 -0.939227 0.211611
vn 0.301946 0.549579 -0.778969
vn 0.561232 -0.015960 -0.827504
vn -0.214259 0.965900 -0.145361
vn 0.637106 -0.677201 -0.368096
vn 0.757424 -0.616696 0.214463
vn 0.603132 -0.361545 0.710997
vn -0.394095 0.518156 -0.759081
vn 0.069743 -0.260397 -0.962980
vn -0.438241 0.820809 0.366358
vn -0.502530 0.836972 -0.216660
vn -0.010817 0.300604 0.953688
vn 0.639229 0.757790 -0.130921
vn 0.639230 0.757790 -0.130921
vn 0.639229 0.757790 -0.130921
vn 0.639230 0.757790 -0.130921
vn 0.747709 0.652142 -0.125069
vn 0.102788 0.993375 0.051385
vn -0.499425 0.714384 0.490133
vn 0.957956 0.236170 0.162924
vn -0.683841 0.393274 0.614570
vn -0.683841 0.393274 0.614570
vn -0.456601 0.336246 0.823683
vn 0.498126 -0.843689 0.200148
vn -0.261995 0.948987 -0.175446
vn -0.397692 0.802588 0.444627
vn -0.397692 0.802588 0.444627
vn -0.261735 0.948913 -0.176238
vn -0.340915 0.207325 0.916948
vn -0.340915 0.207325 0.916948
vn -0.340915 0.207325 0.916948
vn -0.340915 0.207325 0.916948
vn -0.286110 -0.025236 0.957864
vn -0.286110 -0.025236 0.957864
vn -0.286110 -0.025236 0.957865
vn -0.286110 -0.025236 0.957864
vn 0.002524 -0.780579 0.625053
vn 0.192387 -0.968972 0.155178
vn 0.192398 -0.968976 0.155143
vn 0.002524 -0.780579 0.625053
vn 0.297291 -0.928727 -0.221550
vn 0.297291 -0.928727 -0.221550
vn 0.294687 -0.108332 -0.949434
vn 0.294687 -0.108332 -0.949434
vn 0.294687 -0.108332 -0.949433
vn 0.294687 -0.108332 -0.949433
vn 0.288249 -0.081135 -0.954112
vn 0.288249 -0.081135 -0.954112
vn 0.288249 -0.081135 -0.954112
vn 0.288249 -0.081135 -0.954112
vn -0.083987 0.793995 -0.602094
vn -0.083987 0.793995 -0.602095
vn -0.092566 0.238313 0.966767
vn 0.290884 -0.142292 0.946118
vn 0.290884 -0.142292 0.946118
vn -0.092592 0.238337 0.966759
vn 0.694556 -0.631690 0.344324
vn 0.694556 -0.631690 0.344324
vn 0.694556 -0.631690 0.344324
vn 0.694556 -0.631690 0.344324
vn 0.710095 -0.695308 0.110962
vn 0.710095 -0.695308 0.110962
vn 0.710095 -0.695308 0.110962
vn 0.710095 -0.695308 0.110962
vn 0.469457 -0.638487 -0.609873
vn 0.040350 -0.291283 -0.955786
vn 0.039748 -0.290720 -0.955982
vn 0.469457 -0.638487 -0.609873
vn -0.300474 0.057360 -0.952064
vn -0.300474 0.057360 -0.952064
vn -0.723882 0.645732 -0.242950
vn -0.723882 0.645732 -0.242950
vn -0.723882 0.645732 -0.242950
vn -0.723882 0.645732 -0.242950
vn -0.725775 0.653243 -0.215695
vn -0.725775 0.653243 -0.215695
vn -0.725775 0.653243 -0.215695
vn -0.725775 0.653243 -0.215695
vn -0.359338 0.475942 0.802718
vn -0.359338 0.475942 0.802718
s 1
g pCube1
usemtl pCube1SG
f 101/1/1 1/2/2 98/3/3 97/4/4
f 99/5/5 2/6/6 103/7/7 102/8/8
f 104/9/9 3/10/10 107/11/11 106/12/12
s 3
f 114/13/13 5/14/14 111/15/15 110/16/16
f 112/17/17 6/18/18 116/19/19 115/20/20
f 117/21/21 7/22/22 120/23/23 119/24/24
f 126/25/25 9/26/26 113/27/27 123/28/28
f 124/29/29 10/30/30 118/31/31 127/32/32
f 128/33/33 11/34/34 122/35/35 130/36/36
f 136/424/37 13/38/38 125/39/39 133/474/40
f 141/401/41 85/42/42 138/43/43 137/473/44
f 145/413/45 15/477/46 132/47/47 142/472/48
f 149/49/49 17/50/50 135/51/51 146/52/52
f 147/53/53 18/54/54 151/470/55 150/56/56
f 152/57/57 19/58/58 144/59/59 154/60/60
f 160/61/61 21/62/62 148/63/63 157/64/64
f 158/65/65 22/66/66 153/67/67 161/68/68
f 162/69/69 23/70/70 156/71/71 164/72/72
f 171/73/73 90/74/74 168/75/75 167/76/76
f 169/77/77 91/78/78 173/79/79 172/80/80
f 174/81/81 92/82/82 177/83/83 176/84/84
s 10
f 184/85/85 49/86/86 181/87/87 180/88/88
s 1
f 187/464/89 30/90/90 175/91/91 185/469/92
s 12
f 192/93/93 53/94/94 189/95/95 188/96/96
s off
f 108/97/97 4/98/98 194/99/99 193/100/100
s 3
f 121/101/101 8/102/102 197/103/103 196/104/104
s 13
f 378/105/105 377/106/106 379/107/107 380/108/108
s off
f 171/73/109 29/109/110 204/110/111 203/111/112
s 3
f 160/61/61 25/112/113 207/113/114 206/114/115
s 14
f 386/501/116 387/116/117 388/117/118 389/118/119
s 15
f 216/119/120 29/109/121 170/120/122 213/121/123
s 1
f 214/122/124 30/90/90 187/464/89 217/123/125
f 218/124/126 2/6/6 98/3/127 220/125/128
s 17
f 221/126/129 1/2/130 204/462/131 223/127/132
s 18
f 228/128/133 31/129/134 179/130/135 225/131/136
s 19
f 226/132/137 32/133/138 194/460/139 229/134/140
s 1
f 230/135/141 4/98/142 107/11/143 232/136/144
f 233/137/145 3/10/10 186/458/146 235/139/147
s 21
f 240/140/148 33/141/149 215/142/150 237/143/151
f 238/144/152 34/145/153 219/454/154 241/147/155
f 242/148/156 35/149/157 222/150/158 244/151/159
f 245/152/160 36/153/161 224/447/162 247/155/163
s 22
f 252/156/164 37/157/165 227/158/166 249/159/167
f 250/160/168 38/161/169 231/441/170 253/163/171
f 254/164/172 39/165/173 234/166/174 256/167/175
f 257/168/176 40/169/177 236/434/178 259/171/179
s 23
f 263/524/180 41/479/181 239/174/182 261/528/183
s off
f 262/176/184 42/177/185 243/178/186 264/527/187
s 24
f 270/511/188 58/181/189 267/182/190 266/525/191
s off
f 272/516/192 44/448/193 248/186/194 271/523/195
s 25
f 275/518/196 45/478/197 251/190/198 273/522/199
s off
f 274/192/200 46/193/201 255/194/202 276/521/203
s 26
f 282/505/204 62/197/205 279/198/206 278/519/207
s off
f 284/510/208 48/435/209 260/202/210 283/517/211
s 27
f 287/204/212 43/450/213 246/206/214 285/207/215
s off
f 286/208/216 44/448/217 272/516/218 288/209/219
s 10
f 289/210/220 52/211/221 183/212/222 290/213/223
s 28
f 291/214/224 51/215/225 265/513/226 292/217/227
s 29
f 295/218/228 47/437/229 258/220/230 293/221/231
s off
f 294/222/232 48/435/233 284/510/234 296/223/235
s 12
f 297/224/236 56/225/237 191/226/238 298/227/239
s 30
f 299/228/240 55/229/241 277/507/242 300/231/243
s 3
f 304/232/244 12/233/245 198/430/246 301/235/247
f 302/236/248 24/237/249 155/238/250 305/239/251
f 306/240/252 20/241/253 143/428/254 308/243/255
f 309/244/256 16/245/257 131/246/258 311/247/259
f 316/248/260 21/62/62 208/426/261 313/250/262
f 314/251/263 9/26/26 126/25/25 317/252/264
f 318/253/265 13/38/38 136/424/37 320/254/266
f 321/255/267 17/50/50 149/49/49 323/256/268
f 327/257/269 66/258/270 303/422/271 325/260/272
f 326/261/273 65/262/274 307/263/275 328/264/276
f 329/265/277 67/266/278 310/420/279 330/268/280
f 331/269/281 68/270/282 312/271/283 332/272/284
f 335/273/285 69/274/286 315/418/287 333/276/288
f 334/277/289 70/278/290 319/279/291 336/280/292
f 337/281/293 71/282/294 322/416/295 338/284/296
f 339/285/297 72/286/298 324/287/299 340/288/300
s off
f 344/289/301 14/480/302 129/291/303 341/292/304
s 3
f 342/293/305 15/46/306 145/414/45 345/294/307
f 346/295/308 19/471/58 151/55/309 348/296/310
f 349/297/311 18/475/54 134/410/312 351/299/313
f 355/300/314 81/301/315 343/302/316 353/303/317
f 354/304/318 82/305/319 347/406/320 356/307/321
f 357/308/322 83/309/323 350/310/324 358/311/325
f 359/312/326 84/313/327 352/403/328 360/315/329
f 363/316/330 90/74/74 205/400/331 361/318/332
f 363/316/330 25/112/113 159/319/333 364/320/334
f 365/321/335 26/322/336 163/323/337 366/324/338
f 367/325/339 27/326/340 166/327/341 368/328/342
f 371/329/343 94/330/344 195/397/345 370/332/346
f 373/333/347 95/334/348 109/335/349 372/336/350
f 375/337/351 96/338/352 105/339/353 374/340/354
f 362/341/355 89/342/356 100/343/357 376/344/358
s 1
f 98/3/3 2/6/6 99/5/5 97/4/4
s 3
f 99/5/359 96/338/352 100/343/357 97/4/360
f 100/343/357 89/342/356 101/1/361 97/4/360
s 1
f 103/7/7 3/10/10 104/9/9 102/8/362
s 3
f 104/9/363 95/334/348 105/339/353 102/8/364
f 105/339/353 96/338/352 99/5/359 102/8/364
s 1
f 107/11/11 4/98/365 108/97/366 106/12/12
s 3
f 108/97/367 94/330/344 109/335/349 106/12/368
f 109/335/349 95/334/348 104/9/363 106/12/368
f 111/15/15 6/18/18 112/17/17 110/16/16
f 112/17/17 10/30/30 113/27/27 110/16/16
f 113/27/27 9/26/26 114/13/13 110/16/16
f 116/19/19 7/22/22 117/21/21 115/20/20
f 117/21/21 11/34/34 118/31/31 115/20/20
f 118/31/31 10/30/30 112/17/17 115/20/20
f 120/23/23 8/102/102 121/101/101 119/24/24
f 121/101/101 12/233/245 122/35/35 119/24/24
f 122/35/35 11/34/34 117/21/21 119/24/24
f 113/27/27 10/30/30 124/29/29 123/28/28
f 124/29/29 14/290/369 125/39/39 123/28/28
f 125/39/39 13/38/38 126/25/25 123/28/28
f 118/31/31 11/34/34 128/33/33 127/32/32
f 128/33/33 15/477/46 129/476/370 127/32/32
f 129/476/370 14/290/369 124/29/29 127/32/32
f 122/35/35 12/233/245 131/246/258 130/36/36
f 131/246/258 16/245/257 132/47/47 130/36/36
f 132/47/47 15/477/46 128/33/33 130/36/36
f 125/39/39 14/290/369 134/408/312 133/474/40
f 134/409/312 18/54/54 135/51/51 133/40/40
f 135/51/51 17/50/50 136/37/37 133/40/40
f 138/43/43 86/345/371 139/346/372 137/473/44
f 139/404/372 87/347/373 140/348/374 137/44/44
f 140/348/374 88/349/375 141/41/41 137/44/44
f 132/47/47 16/245/257 143/242/254 142/472/48
f 143/428/254 20/241/253 144/59/59 142/48/48
f 144/59/59 19/58/58 145/412/45 142/48/48
f 135/51/51 18/54/54 147/53/53 146/52/52
f 147/53/53 22/66/66 148/63/63 146/52/52
f 148/63/63 21/62/62 149/49/49 146/52/52
f 151/470/55 19/58/58 152/57/57 150/56/56
f 152/57/57 23/70/70 153/67/67 150/56/56
f 153/67/67 22/66/66 147/53/53 150/56/56
f 144/59/59 20/241/253 155/238/250 154/60/60
f 155/238/250 24/237/249 156/71/71 154/60/60
f 156/71/71 23/70/70 152/57/57 154/60/60
f 148/63/63 22/66/66 158/65/65 157/64/64
f 158/65/65 26/322/336 159/319/333 157/64/64
f 159/319/333 25/112/113 160/61/61 157/64/64
f 153/67/67 23/70/70 162/69/69 161/68/68
f 162/69/69 27/326/340 163/323/337 161/68/68
f 163/323/337 26/322/336 158/65/65 161/68/68
f 156/71/71 24/237/249 165/350/376 164/72/72
f 165/350/376 28/351/377 166/327/341 164/72/72
f 166/327/341 27/326/340 162/69/69 164/72/72
f 168/75/75 91/78/78 169/77/77 167/76/76
s 1
f 169/77/378 30/90/90 170/120/379 167/76/380
f 170/120/379 29/109/381 171/73/382 167/76/380
s 3
f 173/79/79 92/82/82 174/81/81 172/80/80
s 1
f 174/81/383 31/129/384 175/91/91 172/80/385
f 175/91/91 30/90/90 169/77/378 172/80/386
s 3
f 177/83/83 93/352/387 178/353/388 176/84/84
s 1
f 178/353/389 32/133/390 179/130/391 176/84/392
f 179/130/391 31/129/384 174/81/383 176/84/392
s 10
f 181/87/87 50/354/393 182/355/394 180/88/88
f 182/355/394 51/215/395 183/212/222 180/88/88
f 183/212/222 52/211/221 184/85/85 180/88/88
s 1
f 175/91/91 31/129/384 186/138/146 185/469/92
f 186/458/146 3/10/10 103/7/7 185/92/92
f 103/7/7 2/6/6 187/89/89 185/92/92
s 12
f 189/95/95 54/356/396 190/357/397 188/96/96
f 190/357/397 55/229/398 191/226/238 188/96/96
f 191/226/238 56/225/237 192/93/93 188/96/96
s off
f 194/460/399 32/133/400 178/353/401 193/468/402
s 3
f 178/353/388 93/352/387 195/331/345 193/468/403
f 195/397/345 94/330/344 108/97/367 193/100/403
f 197/395/103 28/351/377 165/350/376 196/467/104
f 165/350/376 24/237/249 198/234/404 196/467/104
f 198/430/404 12/233/245 121/101/101 196/104/104
s 41
f 379/107/405 381/358/406 382/503/407 380/108/408
f 382/359/407 383/360/409 384/361/410 380/108/408
s 13
f 384/361/411 385/362/412 378/105/105 380/108/108
s off
f 204/462/413 1/2/414 101/1/415 203/466/416
s 3
f 101/1/361 89/342/356 205/317/331 203/466/417
f 205/400/331 90/74/74 171/73/73 203/111/417
f 207/398/114 5/14/14 114/13/13 206/465/115
f 114/13/13 9/26/26 208/249/418 206/465/115
f 208/426/418 21/62/62 160/61/61 206/114/115
s 42
f 388/117/419 390/363/420 391/364/421 389/118/422
f 391/364/421 392/365/423 393/366/424 389/118/422
s 14
f 393/366/425 394/367/426 386/115/116 389/118/119
s 15
f 170/120/122 30/90/427 214/122/428 213/121/123
f 214/122/428 34/145/429 215/142/430 213/121/123
f 215/142/430 33/141/431 216/119/120 213/121/123
s 1
f 187/89/89 2/6/6 218/124/126 217/463/432
f 218/124/126 35/149/433 219/146/434 217/463/432
f 219/454/435 34/145/436 214/122/124 217/123/125
f 98/3/127 1/2/437 221/126/438 220/125/128
f 221/126/438 36/153/439 222/150/440 220/125/128
f 222/150/440 35/149/441 218/124/126 220/125/128
s 43
f 204/110/442 29/109/443 216/119/444 223/461/445
f 216/119/444 33/141/446 224/154/447 223/461/445
s 17
f 224/447/448 36/153/449 221/126/129 223/127/132
s 18
f 179/130/135 32/133/450 226/132/451 225/131/136
f 226/132/451 38/161/452 227/158/453 225/131/136
f 227/158/453 37/157/454 228/128/133 225/131/136
s 44
f 194/99/455 4/98/456 230/135/457 229/459/458
f 230/135/457 39/165/459 231/162/460 229/459/458
s 19
f 231/441/461 38/161/462 226/132/137 229/134/140
s 1
f 107/11/143 3/10/10 233/137/145 232/136/144
f 233/137/145 40/169/463 234/166/464 232/136/144
f 234/166/464 39/165/465 230/135/141 232/136/144
f 186/138/146 31/129/384 228/128/466 235/457/467
f 228/128/466 37/157/468 236/170/469 235/457/467
f 236/434/470 40/169/471 233/137/145 235/139/147
s 21
f 215/142/150 34/145/153 238/144/152 237/143/151
f 238/144/152 42/456/472 239/455/473 237/143/151
f 239/455/473 41/173/474 240/140/148 237/143/151
f 219/146/154 35/149/157 242/148/156 241/453/155
f 242/148/156 43/205/475 243/451/476 241/453/155
f 243/452/476 42/456/472 238/144/152 241/147/155
f 222/150/158 36/153/161 245/152/160 244/151/159
f 245/152/160 44/185/477 246/449/478 244/151/159
f 246/449/478 43/205/475 242/148/156 244/151/159
f 224/154/162 33/141/149 240/140/148 247/446/163
f 240/140/148 41/173/474 248/444/479 247/446/163
f 248/445/479 44/185/477 245/152/160 247/155/163
s 22
f 227/158/166 38/161/169 250/160/168 249/159/167
f 250/160/168 46/443/480 251/442/481 249/159/167
f 251/442/481 45/189/482 252/156/164 249/159/167
f 231/162/170 39/165/173 254/164/172 253/440/171
f 254/164/172 47/219/483 255/438/484 253/440/171
f 255/439/484 46/443/480 250/160/168 253/163/171
f 234/166/174 40/169/177 257/168/176 256/167/175
f 257/168/176 48/201/485 258/436/486 256/167/175
f 258/436/486 47/219/483 254/164/172 256/167/175
f 236/170/178 37/157/165 252/156/164 259/433/179
f 252/156/164 45/189/482 260/431/487 259/433/179
f 260/432/487 48/201/485 257/168/176 259/171/179
s 23
f 239/174/182 42/177/488 262/176/489 261/528/183
s 45
f 262/526/490 50/354/491 181/87/492 261/175/493
f 181/87/492 49/86/494 263/172/495 261/175/493
s off
f 243/178/496 43/450/497 265/216/498 264/527/499
s 28
f 265/513/226 51/215/225 182/355/500 264/179/501
s off
f 182/355/502 50/354/503 262/526/504 264/179/505
s 24
f 267/182/190 57/368/506 268/369/507 266/525/191
s 46
f 268/514/508 59/370/509 269/371/510 266/183/511
f 269/371/510 60/372/512 270/180/513 266/183/511
s off
f 248/186/514 41/479/515 263/524/516 271/523/517
f 263/172/518 49/86/519 184/85/520 271/187/521
s 47
f 184/85/522 52/211/523 272/184/524 271/187/525
s 25
f 251/190/198 46/193/526 274/192/527 273/522/199
s 48
f 274/520/528 54/356/529 189/95/530 273/191/531
f 189/95/530 53/94/532 275/188/533 273/191/531
s off
f 255/194/534 47/437/535 277/230/536 276/521/537
s 30
f 277/507/242 55/229/241 190/357/538 276/195/539
s off
f 190/357/540 54/356/541 274/520/542 276/195/543
s 26
f 279/198/206 61/373/544 280/374/545 278/519/207
s 49
f 280/508/546 63/375/547 281/376/548 278/199/549
f 281/376/548 64/377/550 282/196/551 278/199/549
s off
f 260/202/552 45/478/553 275/518/554 283/517/555
f 275/188/556 53/94/557 192/93/558 283/203/559
s 50
f 192/93/560 56/225/561 284/200/562 283/203/563
s 27
f 246/206/214 44/448/564 286/208/565 285/207/215
s 51
f 286/208/566 57/368/567 267/182/568 285/207/569
f 267/182/568 58/181/570 287/204/571 285/207/569
s 47
f 272/184/524 52/211/523 289/210/572 288/515/573
s off
f 289/210/574 59/370/575 268/514/576 288/515/577
f 268/369/578 57/368/579 286/208/580 288/209/581
s 10
f 183/212/222 51/215/395 291/214/582 290/213/223
s 52
f 291/214/583 60/372/584 269/371/585 290/213/586
f 269/371/585 59/370/587 289/210/588 290/213/586
s off
f 265/216/589 43/450/590 287/204/591 292/512/592
f 287/204/593 58/181/594 270/511/595 292/512/596
f 270/180/597 60/372/598 291/214/599 292/217/600
s 29
f 258/220/230 48/435/601 294/222/602 293/221/231
s 53
f 294/222/603 61/373/604 279/198/605 293/221/606
f 279/198/605 62/197/607 295/218/608 293/221/606
s 50
f 284/200/562 56/225/561 297/224/609 296/509/610
s off
f 297/224/611 63/375/612 280/508/613 296/509/614
f 280/374/615 61/373/616 294/222/617 296/223/618
s 12
f 191/226/238 55/229/398 299/228/619 298/227/239
s 54
f 299/228/620 64/377/621 281/376/622 298/227/623
f 281/376/622 63/375/624 297/224/625 298/227/623
s off
f 277/230/626 47/437/627 295/218/628 300/506/629
f 295/218/630 62/197/631 282/505/632 300/506/633
f 282/196/634 64/377/635 299/228/636 300/231/637
s 3
f 198/234/246 24/237/249 302/236/248 301/429/247
f 302/236/248 65/262/274 303/259/271 301/429/247
f 303/422/271 66/258/270 304/232/244 301/235/247
f 155/238/250 20/241/253 306/240/252 305/239/251
f 306/240/252 67/266/278 307/263/275 305/239/251
f 307/263/275 65/262/274 302/236/248 305/239/251
f 143/242/254 16/245/257 309/244/256 308/427/255
f 309/244/256 68/270/282 310/267/279 308/427/255
f 310/420/279 67/266/278 306/240/252 308/243/255
f 131/246/258 12/233/245 304/232/244 311/247/259
f 304/232/244 66/258/270 312/271/283 311/247/259
f 312/271/283 68/270/282 309/244/256 311/247/259
f 208/249/261 9/26/26 314/251/263 313/425/262
f 314/251/263 70/278/290 315/275/287 313/425/262
f 315/418/287 69/274/286 316/248/260 313/250/262
f 126/25/25 13/38/38 318/253/265 317/252/264
f 318/253/265 71/282/294 319/279/291 317/252/264
f 319/279/291 70/278/290 314/251/263 317/252/264
f 136/37/37 17/50/50 321/255/267 320/423/266
f 321/255/267 72/286/298 322/283/295 320/423/266
f 322/416/295 71/282/294 318/253/265 320/254/266
f 149/49/49 21/62/62 316/248/260 323/256/268
f 316/248/260 69/274/286 324/287/299 323/256/268
f 324/287/299 72/286/298 321/255/267 323/256/268
f 303/259/271 65/262/274 326/261/273 325/421/272
f 326/261/273 73/497/638 199/498/639 325/421/272
f 199/499/639 74/500/640 327/257/269 325/260/272
f 307/263/275 67/266/278 329/265/277 328/264/276
f 329/265/277 75/495/641 200/496/642 328/264/276
f 200/496/642 73/497/638 326/261/273 328/264/276
f 310/267/279 68/270/282 331/269/281 330/419/280
f 331/269/281 76/492/643 201/493/644 330/419/280
f 201/494/644 75/495/641 329/265/277 330/268/280
f 312/271/283 66/258/270 327/257/269 332/272/284
f 327/257/269 74/500/640 202/491/645 332/272/284
f 202/491/645 76/492/643 331/269/281 332/272/284
f 315/275/287 70/278/290 334/277/289 333/417/288
f 334/277/289 78/490/646 209/488/647 333/417/288
f 209/489/647 77/482/648 335/273/285 333/276/288
f 319/279/291 71/282/294 337/281/293 336/280/292
f 337/281/293 79/487/649 210/486/650 336/280/292
f 210/486/650 78/490/646 334/277/289 336/280/292
f 322/283/295 72/286/298 339/285/297 338/415/296
f 339/285/297 80/485/651 211/483/652 338/415/296
f 211/484/652 79/487/649 337/281/293 338/284/296
f 324/287/299 69/274/286 335/273/285 340/288/300
f 335/273/285 77/482/648 212/481/653 340/288/300
f 212/481/653 80/485/651 339/285/297 340/288/300
s off
f 129/291/654 15/46/655 342/293/656 341/292/657
s 3
f 342/293/658 82/305/319 343/302/316 341/292/659
f 343/302/316 81/301/315 344/289/660 341/292/659
f 145/45/45 19/471/58 346/295/308 345/411/307
f 346/295/308 83/309/323 347/306/320 345/411/661
f 347/406/320 82/305/319 342/293/658 345/294/661
f 151/55/309 18/475/54 349/297/311 348/296/310
f 349/297/311 84/313/327 350/310/324 348/296/310
f 350/310/324 83/309/323 346/295/308 348/296/310
f 134/298/312 14/480/662 344/289/663 351/407/313
f 344/289/660 81/301/315 352/314/328 351/407/664
f 352/403/328 84/313/327 349/297/311 351/299/664
f 343/302/316 82/305/319 354/304/318 353/303/317
f 354/304/318 86/345/371 138/43/43 353/303/317
f 138/43/43 85/42/42 355/300/314 353/303/317
f 347/306/320 83/309/323 357/308/322 356/405/321
f 357/308/322 87/347/373 139/404/372 356/405/321
f 139/346/372 86/345/371 354/304/318 356/307/321
f 350/310/324 84/313/327 359/312/326 358/311/325
f 359/312/326 88/349/375 140/348/374 358/311/325
f 140/348/374 87/347/373 357/308/322 358/311/325
f 352/314/328 81/301/315 355/300/314 360/402/329
f 355/300/314 85/42/42 141/401/41 360/402/329
f 141/41/41 88/349/375 359/312/326 360/315/329
f 205/317/331 89/342/356 362/341/355 361/399/332
f 362/341/355 5/14/14 207/398/114 361/399/332
f 207/113/114 25/112/113 363/316/330 361/318/332
f 159/319/333 26/322/336 365/321/335 364/320/334
f 365/321/335 91/78/78 168/75/75 364/320/334
f 168/75/75 90/74/74 363/316/330 364/320/334
f 163/323/337 27/326/340 367/325/339 366/324/338
f 367/325/339 92/82/82 173/79/79 366/324/338
f 173/79/79 91/78/78 365/321/335 366/324/338
f 166/327/341 28/351/377 369/394/665 368/328/342
f 369/394/665 93/352/387 177/83/83 368/328/342
f 177/83/83 92/82/82 367/325/339 368/328/342
f 195/331/345 93/352/387 369/394/665 370/396/346
f 369/394/665 28/351/377 197/395/103 370/396/346
f 197/103/103 8/102/102 371/329/343 370/332/346
f 109/335/349 94/330/344 371/329/343 372/336/350
f 371/329/343 8/102/102 120/23/23 372/336/350
f 120/23/23 7/22/22 373/333/347 372/336/350
f 105/339/353 95/334/348 373/333/347 374/340/354
f 373/333/347 7/22/22 116/19/19 374/340/354
f 116/19/19 6/18/18 375/337/351 374/340/354
f 100/343/357 96/338/352 375/337/351 376/344/358
f 375/337/351 6/18/18 111/15/15 376/344/358
f 111/15/15 5/14/14 362/341/355 376/344/358
s 55
f 202/385/666 74/380/667 377/106/668 378/105/669
s off
f 74/380/670 199/379/671 379/107/672 377/106/673
f 199/379/674 73/378/675 381/358/676 379/107/677
s 56
f 73/378/678 200/504/679 382/503/680 381/358/681
f 200/382/679 75/381/682 383/360/683 382/359/680
s off
f 75/381/684 201/384/685 384/361/686 383/360/687
f 201/384/688 76/383/689 385/362/690 384/361/691
s 55
f 76/383/692 202/385/666 378/105/669 385/362/693
s 57
f 212/393/694 77/388/695 387/116/696 386/501/697
s off
f 77/388/698 209/387/699 388/117/700 387/116/701
f 209/387/702 78/386/703 390/363/704 388/117/705
s 58
f 78/386/706 210/390/707 391/364/708 390/363/709
f 210/390/707 79/389/710 392/365/711 391/364/708
s off
f 79/389/712 211/392/713 393/366/714 392/365/715
f 211/392/716 80/391/717 394/367/718 393/366/719
s 57
f 80/391/720 212/502/694 386/115/697 394/367/721
