# This file uses centimeters as units for non-parametric coordinates.

mtllib fall_frame.27.mtl
g default
v -22.416269 50.394371 -51.915863
v -8.714185 47.160355 -49.856174
v 2.643723 40.566196 -48.484730
v 11.462639 29.010454 -47.733913
v -34.212982 38.604210 -64.926010
v -21.037682 40.384041 -72.041809
v -5.609629 31.350645 -75.162926
v 0.878445 17.996143 -71.876122
v -47.380871 25.135656 -86.418648
v -31.831051 31.962631 -84.758583
v -18.286282 27.762838 -90.302536
v -13.386992 17.357817 -96.531944
v -53.881439 26.951014 -94.372513
v -39.240696 25.513273 -102.970703
v -28.978294 22.648924 -107.102112
v -13.623573 18.428013 -107.290611
v -55.863014 16.009035 -92.657539
v -44.142738 14.774357 -101.993919
v -30.465765 10.632144 -107.423805
v -15.178564 7.494393 -106.103424
v -48.550877 17.063383 -85.970551
v -38.739864 9.280513 -84.461105
v -25.194883 5.073166 -90.014595
v -15.073754 9.663022 -96.037788
v -38.643135 28.930769 -57.945290
v -28.963114 18.904654 -58.120430
v -16.061022 11.638276 -60.740494
v -3.648017 8.029031 -64.782692
v -24.707865 47.981483 -39.909336
v -11.230659 47.328167 -38.186275
v -2.723753 36.989777 -37.296833
v 3.292713 23.447269 -39.496838
v -19.874178 81.154007 -41.962444
v -12.365070 80.528664 -40.856689
v -10.829076 82.095276 -52.783665
v -18.343876 82.900810 -53.778759
v 16.223028 42.914944 -14.743187
v 19.988482 36.090981 -14.176606
v 29.301435 40.601963 -21.724129
v 25.544003 47.433834 -22.286688
v -26.726233 100.196617 -21.215746
v -19.462791 100.810661 -19.973368
v -19.344158 109.689659 -25.989193
v -26.584660 108.906448 -27.082348
v 28.401901 51.170937 13.116152
v 32.459267 45.379677 15.295261
v 41.246807 51.231552 13.133588
v 37.149776 56.744576 10.195354
v -28.175884 101.964218 -16.438370
v -19.488678 102.876129 -15.133666
v -18.315514 115.425117 -22.538155
v -29.913399 114.093132 -24.165602
v 26.840670 53.268887 17.141109
v 31.729347 46.598526 20.469704
v 44.205956 53.748550 18.751415
v 37.771015 62.250458 13.809238
v -28.472431 125.227287 -35.490429
v -19.326529 126.300911 -34.264996
v -29.084230 126.983200 -32.462715
v -19.938326 128.056824 -31.237284
v 51.644432 67.908157 8.370589
v 56.721867 61.277786 12.439954
v 51.121040 69.446609 11.530304
v 56.198475 62.816246 15.599669
v 10.121034 6.328151 -96.953514
v 8.953318 16.819040 -97.964661
v 10.198410 4.807956 -106.948067
v 9.827053 16.044895 -108.549583
v -54.309605 27.083805 -64.708771
v -52.949596 26.661314 -73.124435
v -60.201054 33.490868 -76.271370
v -62.457489 29.667471 -68.651337
v 36.660393 11.801113 -92.737114
v 34.787846 21.379250 -92.238663
v 37.240021 12.107820 -96.450638
v 35.367336 21.686209 -95.951843
v -30.493587 41.578590 -67.448296
v -29.109135 37.717163 -76.318130
v -30.952995 40.618149 -77.868858
v -32.337448 44.479576 -68.999023
v -45.284733 25.542351 -113.540764
v -30.615721 22.417706 -117.920868
v -30.045349 6.025113 -115.184464
v -50.501858 10.502807 -109.317772
v -49.931763 24.266136 -133.381226
v -35.988556 20.655638 -137.046661
v -40.978149 3.442895 -137.664520
v -54.269951 6.884717 -134.170319
v -23.611895 47.755630 -53.250488
v -27.786224 41.469635 -43.490528
v -17.840204 33.602329 -41.879654
v -8.841055 26.084169 -44.044628
v 2.122216 19.482655 -46.485649
v 8.031446 26.936205 -55.361286
v 0.132849 36.892784 -57.499638
v -12.023774 44.957493 -56.554195
v -16.827986 47.515266 -53.511902
v -16.348833 49.632294 -52.718632
v -10.293838 45.726589 -53.389633
v -18.237785 47.092010 -55.529686
v -22.763422 48.233662 -51.950855
v -4.261319 42.723881 -53.560959
v -2.091496 45.133919 -50.180695
v 1.886106 38.772362 -53.435558
v -6.033604 41.169628 -57.027477
v 6.955104 33.519779 -53.077759
v 9.046069 34.504131 -49.032082
v 9.639353 28.081411 -51.585297
v 5.260372 31.940353 -57.059574
v -35.171566 33.881897 -73.872475
v -28.770233 40.522148 -68.417175
v -27.799269 34.939812 -76.375961
v -40.882870 30.347221 -82.917221
v -41.272453 31.341146 -71.740608
v -18.986078 31.856173 -78.440620
v -13.032951 36.522354 -74.030357
v -11.346652 27.832777 -82.167061
v -25.413879 28.657564 -87.588699
v -7.251304 21.561718 -83.145317
v -1.020519 24.222988 -73.979088
v -4.993483 15.866991 -83.263222
v -13.396779 22.085375 -93.152229
v -43.425854 29.916004 -92.854851
v -36.274509 29.799904 -96.630791
v -47.197712 28.049986 -100.115768
v -51.206589 27.730635 -90.459076
v -30.055319 28.010433 -98.381905
v -24.401581 26.138489 -101.460541
v -35.312996 24.918743 -107.830315
v -18.336466 23.017019 -102.000252
v -12.275007 19.797029 -102.049477
v -20.878481 21.251719 -109.532104
v -49.482716 21.956377 -101.769157
v -42.518398 19.843599 -104.705864
v -51.482437 15.231315 -99.597786
v -55.385815 21.462852 -94.149635
v -44.956093 19.928009 -140.311493
v -42.870361 22.860472 -135.265961
v -37.246090 14.000419 -139.736572
v -48.227501 3.231189 -136.309280
v -54.131123 18.390951 -135.299011
v -22.737213 15.193164 -111.482445
v -14.564447 12.882481 -107.555237
v -22.626402 8.238647 -109.982033
v -30.493622 16.710491 -109.432396
v -48.337677 12.727043 -92.787735
v -42.838211 11.039470 -96.104393
v -45.561680 12.301588 -82.698067
v -52.740425 14.647990 -88.504257
v -36.116699 8.965065 -98.844315
v -37.878223 10.787798 -106.252876
v -29.282080 6.863839 -101.646996
v -31.977291 7.174634 -87.151749
v -21.934643 5.969788 -102.256721
v -14.294439 6.910590 -100.244713
v -18.295643 4.451260 -93.086250
v -40.818665 15.103880 -69.224518
v -34.118168 10.880171 -71.091423
v -35.145645 23.649128 -57.103729
v -44.900177 20.245298 -68.709267
v -27.485413 8.028163 -73.395691
v -20.822075 5.567627 -75.497719
v -22.551805 15.006383 -59.489643
v -14.072324 3.740180 -78.158760
v -8.541533 4.765131 -80.619705
v -9.398530 8.503290 -62.284702
v -21.564604 40.990112 -38.794079
v -23.860231 37.430798 -41.599533
v -15.398337 37.445847 -38.947300
v -19.826992 45.570015 -37.179367
v -25.907021 44.199379 -40.993229
v -10.889415 33.954834 -40.026512
v -13.212405 29.853594 -43.002941
v -7.098461 29.509623 -41.004372
v -8.722429 38.352150 -37.410130
v -2.431915 24.515961 -41.447159
v -3.349285 21.721537 -44.541008
v 2.601616 21.658646 -43.063663
v -1.470183 27.026003 -38.193329
v -23.901131 107.465393 -18.982306
v -23.850693 100.318268 -14.432517
v -18.106882 108.118599 -18.143389
v -24.118376 114.758064 -23.342142
v -29.701359 106.864845 -19.870186
v -1.383918 46.628315 -47.549454
v 6.461402 41.568539 -33.778168
v -9.625093 59.435795 -43.651867
v 34.173290 53.256290 17.566950
v 27.417912 48.674438 19.313339
v 37.440605 48.916370 19.828445
v 40.979477 58.005619 16.291773
v 31.027967 57.568924 15.297722
v 6.892683 23.675449 -47.117496
v 7.958715 25.024410 -43.369095
v 6.095503 22.005894 -50.751251
v -4.936504 9.517858 -81.793526
v 0.204032 11.747288 -68.455437
v -12.196285 14.080717 -95.030739
v 35.579353 16.660158 -91.719963
v 37.078789 10.991092 -94.295540
v 36.288166 17.035225 -96.261154
v 34.788818 22.704109 -93.685806
v -25.844200 46.655720 -46.202873
v -25.049442 49.523788 -45.745983
v -27.252602 45.183708 -48.044785
v -45.161880 26.299852 -68.944855
v -38.376579 34.618736 -60.923691
v -48.204552 20.880703 -85.671829
v -29.404404 39.000019 -71.688370
v -29.685305 38.412769 -78.059906
v -31.659222 42.547569 -73.584717
v -31.378321 43.134823 -67.213181
v -17.890043 63.254185 -37.956848
v -13.229843 63.717899 -39.551170
v -16.098595 80.612518 -40.250244
v -22.424557 65.148949 -40.837013
v -10.615676 63.695122 -45.566345
v -11.652529 64.535782 -52.168823
v -10.093367 81.349678 -46.999901
v -15.810414 64.286324 -54.862846
v -20.915508 65.787331 -53.526531
v -14.113030 82.697784 -55.698029
v -22.972343 65.520081 -47.358978
v -20.124987 82.286125 -48.424236
v 6.613502 32.943016 -26.578270
v 10.977470 29.633936 -26.697334
v 17.218155 39.254154 -13.815330
v 6.421098 37.853867 -27.358257
v 16.162661 30.819553 -30.630339
v 20.307526 34.160122 -34.503632
v 25.451612 37.596565 -18.106028
v 18.805611 38.859993 -36.790649
v 15.770624 42.365532 -35.159767
v 29.057913 44.986153 -23.413416
v 10.211519 41.545200 -31.483471
v 20.516819 46.508034 -18.839615
v -20.105793 87.999573 -29.946421
v -15.783378 89.431335 -30.727425
v -23.193403 98.810562 -19.356544
v -23.740353 89.060143 -32.763714
v -13.457294 94.115318 -34.879955
v -13.925170 98.383957 -39.865662
v -18.120594 105.023438 -22.700525
v -17.609505 99.901070 -42.099174
v -21.842321 97.919777 -41.886951
v -23.110287 111.950760 -28.054909
v -24.066244 93.562111 -37.576565
v -27.768002 104.097496 -24.358654
v 22.866072 42.978954 1.687233
v 26.455145 40.096684 0.663363
v 28.877878 47.283352 14.791223
v 22.110994 47.219757 0.045972
v 32.154392 41.853207 -2.367760
v 36.534828 45.616383 -5.739034
v 37.219753 47.136909 14.282473
v 36.078358 50.184265 -6.689578
v 32.277142 52.703827 -6.409114
v 41.639145 55.625294 11.323720
v 26.578703 51.129177 -3.230910
v 31.910618 54.611786 11.186043
v -23.444637 98.957970 -16.694523
v -19.062433 101.484718 -17.402790
v -27.746668 100.610100 -18.757772
v -17.622065 106.679100 -20.482758
v -17.825655 114.010910 -24.918173
v -24.017445 127.728088 -35.717987
v -23.731962 125.283310 -35.706738
v -29.824358 127.046425 -36.496040
v -24.678795 128.000809 -31.020973
v -18.210533 128.409760 -34.939938
v -29.206547 105.454956 -22.265995
v -29.421465 112.676254 -26.546976
v 27.680307 47.563786 17.015909
v 31.982508 45.430965 18.016411
v 27.102919 52.170841 14.877042
v 37.710449 47.691925 17.233089
v 44.540527 52.550030 16.259138
v 55.891731 65.880135 10.370667
v 54.326462 64.171722 9.540103
v 52.667969 70.089890 7.786946
v 53.516449 66.552673 14.430156
v 59.115494 61.670380 12.954388
v 31.318342 56.420357 12.914542
v 38.110420 61.048203 11.309617
v -23.464443 118.652588 -31.828850
v -28.603739 118.057861 -32.507698
v -18.335079 119.254959 -31.137510
v -29.740944 119.306290 -30.311588
v -30.224371 120.696831 -27.917662
v -24.412066 121.375000 -27.147165
v -18.607042 122.056023 -26.364271
v -18.121178 120.662910 -28.760460
v 47.989967 59.935154 10.532915
v 45.141178 63.655994 8.252380
v 50.840382 56.219772 12.828804
v 44.376549 65.306694 10.337669
v 43.971462 66.521149 12.834835
v 47.193470 62.308243 15.409260
v 50.411743 58.102764 18.001419
v 50.821743 56.886360 15.501679
v -0.148531 13.976223 -96.939850
v -0.689473 9.276849 -96.562706
v 9.497638 11.627814 -96.023926
v 0.123524 17.757200 -99.777489
v -1.175256 6.934404 -100.025093
v -1.556346 6.277208 -104.901169
v 10.287980 4.616713 -101.340981
v -1.213720 10.389113 -107.133720
v -0.728249 14.903968 -108.089691
v 10.167503 10.235234 -108.719246
v -0.177340 17.382553 -103.944496
v 9.267718 17.756208 -102.925903
v -50.537109 25.830275 -77.206200
v -51.467239 29.943676 -79.337685
v -52.646523 26.528187 -68.079514
v -52.165852 21.643744 -76.039490
v -55.315086 30.857502 -81.146820
v -59.816811 29.922419 -82.611748
v -55.890285 30.095028 -75.603874
v -60.856071 25.641716 -81.321182
v -60.594868 21.442223 -79.252014
v -62.098991 32.400570 -72.337250
v -56.144302 20.611895 -77.095818
v -58.019157 28.077597 -65.849670
v 17.696331 12.795255 -93.133286
v 18.921181 7.872399 -95.083099
v 17.007599 17.827614 -94.607613
v 19.695343 7.047043 -99.286079
v 20.268070 8.364688 -104.698326
v 19.459183 13.559897 -104.942406
v 18.476824 18.524111 -104.255714
v 17.427584 19.308743 -98.745361
v -44.531605 28.736557 -68.859840
v -44.627792 28.122774 -74.152145
v -46.375706 31.890558 -64.749092
v -46.633472 30.948671 -76.877617
v -49.746727 35.617546 -77.880707
v -51.188614 37.579784 -73.183807
v -52.139309 38.503254 -68.230820
v -49.082516 35.102943 -65.269707
v -35.616482 28.987991 -110.286797
v -31.120413 20.033537 -112.032555
v -37.531078 26.830383 -116.167503
v -42.609982 22.525738 -107.858986
v -29.346943 15.911553 -112.134010
v -32.489037 11.313638 -110.465378
v -27.752445 13.704870 -117.336494
v -38.848484 8.825975 -108.338425
v -43.955772 13.797990 -106.306030
v -40.350513 7.339668 -112.035950
v -45.439793 19.431353 -106.344421
v -50.408127 18.499645 -110.590416
v -40.139801 26.157333 -127.973373
v -31.042950 20.764753 -131.846603
v -51.235878 25.993574 -126.538208
v -31.811466 11.130373 -131.602249
v -35.055912 3.136078 -129.342072
v -45.488003 3.624370 -126.275597
v -55.061306 8.316339 -124.082993
v -54.930050 17.116772 -125.524757
v -32.514633 41.497391 -55.406330
v -28.339483 44.675869 -60.254856
v -33.252228 36.583126 -51.391518
v -29.899750 31.470531 -49.866348
v -23.901337 27.010832 -50.045616
v -18.493744 22.604647 -50.945286
v -12.630072 19.064106 -51.090065
v -6.427526 15.000209 -51.996674
v -0.707244 13.561176 -54.182686
v 3.124419 16.438620 -58.576942
v 4.287562 21.807642 -63.178394
v 1.767242 26.847656 -66.169952
v -2.082057 31.950851 -66.783829
v -10.047155 36.929123 -67.034065
v -17.198723 42.615482 -65.410805
v -23.266514 44.407688 -63.865093
v 48.197941 24.349289 -89.672028
v 48.208721 25.790997 -91.303406
v 49.112938 19.261602 -89.472237
v 49.458427 19.444414 -91.685638
v 50.228657 13.962578 -90.212921
v 50.692039 13.089318 -91.964851
v 50.880997 14.307759 -94.392296
v 49.849247 19.651217 -94.189560
v 48.850281 24.694469 -93.851402
v -19.405663 50.291538 -67.982811
v -18.415491 48.555553 -68.211884
v -17.414282 46.042400 -72.961067
v -18.487726 47.731274 -73.863861
v -16.914206 44.368259 -77.830246
v -17.569788 45.170994 -79.744904
v -18.989384 47.633167 -79.575508
v -19.756563 49.727547 -74.930969
v -20.490656 51.820454 -69.957138
vt 0.208431 0.494797
vt 0.208575 0.478116
vt 0.229443 0.475893
vt 0.229271 0.493426
vt 0.252729 0.492198
vt 0.256170 0.471571
vt 0.275357 0.475888
vt 0.275429 0.493819
vt 0.298111 0.492176
vt 0.294163 0.471736
vt 0.321331 0.475953
vt 0.321541 0.493432
vt 0.198757 0.641525
vt 0.200055 0.589825
vt 0.221664 0.590600
vt 0.219751 0.640956
vt 0.244967 0.639373
vt 0.247968 0.591507
vt 0.275466 0.591669
vt 0.275481 0.635804
vt 0.305994 0.639365
vt 0.302966 0.591494
vt 0.329276 0.590573
vt 0.331197 0.640955
vt 0.199789 0.728809
vt 0.197393 0.704590
vt 0.219517 0.692482
vt 0.227784 0.730211
vt 0.252859 0.733034
vt 0.249003 0.687406
vt 0.275511 0.688085
vt 0.275516 0.730408
vt 0.298175 0.733010
vt 0.302021 0.687396
vt 0.331536 0.692451
vt 0.323246 0.730162
vt 0.805511 0.686057
vt 0.204711 0.752714
vt 0.229559 0.760254
vt 0.782889 0.696424
vt 0.784986 0.875584
vt 0.254181 0.941082
vt 0.275435 0.940431
vt 0.742298 0.896742
vt 0.699334 0.736241
vt 0.297037 0.807427
vt 0.321459 0.760204
vt 0.696358 0.696343
vt 0.808954 0.641287
vt 0.805193 0.664541
vt 0.784300 0.671779
vt 0.785729 0.644267
vt 0.763331 0.647822
vt 0.762442 0.673765
vt 0.742276 0.741120
vt 0.739609 0.647377
vt 0.715889 0.647774
vt 0.716786 0.673709
vt 0.694936 0.671695
vt 0.693494 0.644181
vt 0.806875 0.557726
vt 0.810121 0.617205
vt 0.790367 0.607046
vt 0.787575 0.557696
vt 0.763367 0.556090
vt 0.764746 0.603486
vt 0.739627 0.603152
vt 0.739688 0.556093
vt 0.716014 0.556064
vt 0.714496 0.603455
vt 0.688836 0.606971
vt 0.691820 0.557642
vt 0.803405 0.420481
vt 0.802841 0.435733
vt 0.782960 0.432290
vt 0.783371 0.416064
vt 0.759505 0.410786
vt 0.759570 0.428509
vt 0.739756 0.426992
vt 0.739743 0.409699
vt 0.720007 0.410786
vt 0.719946 0.428500
vt 0.696571 0.432245
vt 0.696182 0.416016
vt 0.819305 0.093413
vt 0.797386 0.086157
vt 0.790779 0.072322
vt 0.822344 0.073237
vt 0.265809 0.416173
vt 0.762697 0.377789
vt 0.739788 0.389948
vt 0.275377 0.462947
vt 0.364323 0.097210
vt 0.342669 0.089884
vt 0.336664 0.075169
vt 0.367299 0.076188
vt 0.342559 0.494848
vt 0.342402 0.478170
vt 0.366070 0.480227
vt 0.366198 0.495669
vt 0.352247 0.641476
vt 0.350872 0.589816
vt 0.374237 0.588973
vt 0.374011 0.638442
vt 0.936729 0.462892
vt 0.940585 0.464321
vt 0.946953 0.476690
vt 0.936605 0.482861
vt 0.804780 0.405462
vt 0.824266 0.410023
vt 0.823186 0.423812
vt 0.805355 0.509178
vt 0.825584 0.509339
vt 0.825621 0.554997
vt 0.118742 0.522844
vt 0.058006 0.517789
vt 0.074507 0.510871
vt 0.084702 0.516921
vt 0.822269 0.350445
vt 0.784755 0.399833
vt 0.805305 0.347137
vt 0.793942 0.336256
vt 0.777469 0.322538
vt 0.236211 0.409364
vt 0.220899 0.415267
vt 0.203041 0.415110
vt 0.182178 0.419746
vt 0.685950 0.336155
vt 0.717407 0.377787
vt 0.694840 0.399772
vt 0.674409 0.347030
vt 0.657366 0.350391
vt 0.674734 0.405426
vt 0.637625 0.358046
vt 0.347747 0.415166
vt 0.329799 0.415381
vt 0.314324 0.409429
vt 0.706215 0.336018
vt 0.292514 0.404556
vt 0.870618 0.237836
vt 0.844433 0.293934
vt 0.832214 0.287148
vt 0.858351 0.228645
vt 0.844944 0.223065
vt 0.821107 0.280742
vt 0.243727 0.342391
vt 0.826584 0.212775
vt 0.214622 0.282882
vt 0.224361 0.346790
vt 0.210147 0.349538
vt 0.199596 0.284960
vt 0.184434 0.288656
vt 0.194986 0.352422
vt 0.864110 0.304875
vt 0.163133 0.290367
vt 0.634803 0.222910
vt 0.658751 0.280554
vt 0.647480 0.287052
vt 0.621343 0.228556
vt 0.609012 0.237734
vt 0.635143 0.293889
vt 0.375465 0.356065
vt 0.590820 0.249121
vt 0.366326 0.288752
vt 0.355651 0.352469
vt 0.340563 0.349608
vt 0.351134 0.285011
vt 0.336042 0.282967
vt 0.326383 0.346874
vt 0.678330 0.268182
vt 0.315081 0.275917
vt 0.789900 0.091626
vt 0.894734 0.181072
vt 0.223763 0.023658
vt 0.779683 0.072008
vt 0.205625 0.023651
vt 0.212375 0.030485
vt 0.208733 0.046428
vt 0.818124 0.043214
vt 0.919973 0.054113
vt 0.218394 0.124576
vt 0.231547 0.124829
vt 0.925982 0.076298
vt 0.853028 0.105343
vt 0.173602 0.224408
vt 0.245023 0.044913
vt 0.815784 0.102925
vt 0.335499 0.095534
vt 0.609223 0.166963
vt 0.147562 0.023794
vt 0.325939 0.074804
vt 0.129108 0.019171
vt 0.133886 0.026698
vt 0.125138 0.040618
vt 0.363323 0.044920
vt 0.461211 0.056389
vt 0.114656 0.083148
vt 0.128082 0.110700
vt 0.466974 0.079440
vt 0.396801 0.109583
vt 0.345740 0.218419
vt 0.158805 0.046562
vt 0.361009 0.107136
vt 0.212264 0.093809
vt 0.204982 0.218327
vt 0.226791 0.056935
vt 0.229179 0.093286
vt 0.246067 0.092223
vt 0.255137 0.092099
vt 0.884191 0.095549
vt 0.853655 0.095653
vt 0.854753 0.074189
vt 0.884265 0.075061
vt 0.885799 0.054616
vt 0.855335 0.052709
vt 0.203340 0.068369
vt 0.888472 0.044995
vt 0.116537 0.064410
vt 0.377147 0.224500
vt 0.136900 0.057215
vt 0.135301 0.068971
vt 0.159593 0.072808
vt 0.169578 0.075371
vt 0.426769 0.099419
vt 0.397393 0.099512
vt 0.398467 0.077209
vt 0.426850 0.078134
vt 0.428347 0.056895
vt 0.399054 0.054890
vt 0.111199 0.052142
vt 0.430928 0.046902
vt 0.398347 0.732496
vt 0.353774 0.704759
vt 0.655189 0.607952
vt 0.404645 0.715309
vt 0.625247 0.642548
vt 0.669008 0.617360
vt 0.670290 0.641156
vt 0.629866 0.657272
vt 0.633967 0.675274
vt 0.674058 0.664432
vt 0.345812 0.774768
vt 0.637449 0.692485
vt 0.387906 0.765553
vt 0.346295 0.752641
vt 0.351218 0.728717
vt 0.392980 0.747350
vt 0.854032 0.642643
vt 0.181252 0.694641
vt 0.859345 0.625630
vt 0.152631 0.732602
vt 0.157999 0.747449
vt 0.163074 0.765647
vt 0.167481 0.783084
vt 0.845329 0.675366
vt 0.849419 0.657366
vt 0.462802 0.754848
vt 0.433121 0.744888
vt 0.586158 0.633072
vt 0.469035 0.736153
vt 0.562716 0.661102
vt 0.591598 0.653084
vt 0.596668 0.669873
vt 0.567525 0.676181
vt 0.573571 0.695803
vt 0.602326 0.689166
vt 0.414557 0.801264
vt 0.575415 0.714705
vt 0.450039 0.789809
vt 0.420413 0.781867
vt 0.427222 0.762131
vt 0.457315 0.770152
vt 0.916571 0.661069
vt 0.887682 0.653104
vt 0.112049 0.724515
vt 0.922852 0.642462
vt 0.088177 0.754903
vt 0.117860 0.744959
vt 0.123753 0.762207
vt 0.093657 0.770210
vt 0.100926 0.789871
vt 0.130556 0.781946
vt 0.872833 0.708772
vt 0.104321 0.808576
vt 0.905760 0.695791
vt 0.876995 0.689207
vt 0.882631 0.669903
vt 0.911782 0.676158
vt 0.245118 0.820265
vt 0.256063 0.761423
vt 0.275458 0.816348
vt 0.275456 0.817082
vt 0.305796 0.819611
vt 0.322444 0.827635
vt 0.716707 0.746651
vt 0.742277 0.751635
vt 0.767846 0.746640
vt 0.232576 0.815700
vt 0.789238 0.746868
vt 0.242805 0.909093
vt 0.242913 0.847487
vt 0.275453 0.850080
vt 0.275444 0.899369
vt 0.308078 0.909112
vt 0.307992 0.847504
vt 0.685718 0.768892
vt 0.335635 0.923345
vt 0.710517 0.826756
vt 0.709025 0.772272
vt 0.742280 0.767854
vt 0.742288 0.823907
vt 0.774059 0.826743
vt 0.775535 0.772258
vt 0.216918 0.852154
vt 0.800161 0.835727
vt 0.803587 0.472219
vt 0.184266 0.511368
vt 0.823748 0.473030
vt 0.786007 0.508646
vt 0.783967 0.470951
vt 0.760849 0.468488
vt 0.762764 0.507838
vt 0.739729 0.507585
vt 0.739749 0.469813
vt 0.718652 0.468468
vt 0.716699 0.507812
vt 0.693463 0.508589
vt 0.695538 0.470900
vt 0.347089 0.550471
vt 0.343449 0.511536
vt 0.656251 0.437958
vt 0.370672 0.549455
vt 0.305626 0.550928
vt 0.300328 0.509969
vt 0.323635 0.511057
vt 0.326613 0.553291
vt 0.245263 0.550946
vt 0.250519 0.509979
vt 0.275426 0.509223
vt 0.275447 0.553833
vt 0.203857 0.550446
vt 0.207534 0.511493
vt 0.227207 0.511082
vt 0.224277 0.553331
vt 0.296688 0.941095
vt 0.317831 0.963343
vt 0.722395 0.859395
vt 0.742293 0.859091
vt 0.762190 0.859387
vt 0.672412 0.557619
vt 0.673996 0.509116
vt 0.676597 0.435714
vt 0.676064 0.420456
vt 0.798456 0.058765
vt 0.820876 0.052919
vt 0.343747 0.061021
vt 0.365907 0.055032
vt 0.963235 0.483911
vt 0.902883 0.489040
vt 0.909072 0.482168
vt 0.925033 0.475729
vt 0.931354 0.463643
vt 0.080884 0.498420
vt 0.084741 0.496992
vt 0.090126 0.497750
vt 0.096539 0.509638
vt 0.112499 0.516024
vt 0.245369 0.109349
vt 0.249130 0.116712
vt 0.914174 0.091435
vt 0.914507 0.075957
vt 0.915392 0.060496
vt 0.143488 0.116794
vt 0.145270 0.126440
vt 0.455609 0.095160
vt 0.455938 0.079081
vt 0.456800 0.063019
vt 0.982240 0.434188
vt 0.963585 0.427947
vt 0.946509 0.423110
vt 0.890921 0.433118
vt 0.882130 0.436526
vt 0.926679 0.423006
vt 0.909612 0.427375
vt 0.937930 0.422313
vt 0.075163 0.457134
vt 0.058225 0.461798
vt 0.039557 0.467684
vt 0.094859 0.456979
vt 0.083682 0.456346
vt 0.130564 0.466891
vt 0.111877 0.461251
vt 0.033116 0.470128
vt 0.675805 0.472192
vt 0.653419 0.509254
vt 0.655248 0.472962
vt 0.367019 0.511392
vt 0.176921 0.588998
vt 0.180547 0.549455
vt 0.822760 0.437993
vt 0.233028 0.963316
vt 0.215241 0.923308
vt 0.798841 0.768868
vt 0.699605 0.875602
vt 0.684417 0.835751
vt 0.333987 0.852188
vt 0.228471 0.827609
vt 0.254212 0.785439
vt 0.759269 0.697501
vt 0.785216 0.736222
vt 0.695315 0.746888
vt 0.719972 0.697428
vt 0.296799 0.785396
vt 0.318344 0.815723
vt 0.903939 0.714697
vt 0.136407 0.801345
vt 0.081951 0.736203
vt 0.893090 0.633076
vt 0.446638 0.808511
vt 0.606509 0.708725
vt 0.556410 0.642507
vt 0.438944 0.724452
vt 0.841861 0.692578
vt 0.205190 0.774839
vt 0.146366 0.715395
vt 0.823906 0.608060
vt 0.383498 0.782992
vt 0.673752 0.685953
vt 0.619881 0.625562
vt 0.369876 0.694574
vt 0.624476 0.158216
vt 0.327082 0.211968
vt 0.653476 0.212425
vt 0.306569 0.342322
vt 0.153133 0.050558
vt 0.361352 0.222428
vt 0.125968 0.045756
vt 0.396618 0.225899
vt 0.569871 0.190223
vt 0.388031 0.290471
vt 0.615162 0.304972
vt 0.596954 0.173816
vt 0.584932 0.180968
vt 0.909456 0.190131
vt 0.154402 0.225852
vt 0.888489 0.249012
vt 0.175675 0.355943
vt 0.241882 0.047343
vt 0.189385 0.222364
vt 0.213528 0.046751
vt 0.223402 0.212053
vt 0.855547 0.158550
vt 0.235225 0.276013
vt 0.801766 0.268578
vt 0.882733 0.173912
vt 0.870470 0.167071
vt 0.702590 0.322102
vt 0.284431 0.416033
vt 0.369025 0.419829
vt 0.654789 0.409992
vt 0.841623 0.358035
vt 0.185243 0.480200
vt 0.257695 0.404697
vt 0.773758 0.336466
vt 0.177136 0.638471
vt 0.185108 0.495641
vt 0.653403 0.554919
vt 0.655840 0.423782
vt 0.740026 0.329135
vt 0.739609 0.679991
vt 0.717946 0.727940
vt 0.321543 0.784229
vt 0.275425 0.981496
vt 0.229466 0.784279
vt 0.766602 0.727930
vt 0.275513 0.766895
vt 0.294962 0.761394
vt 0.158494 0.031032
vt 0.235614 0.029385
vt 0.253884 0.807420
vt 0.968218 0.693073
vt 0.970279 0.686813
vt 0.964692 0.720144
vt 0.041234 0.817480
vt 0.965692 0.701614
vt 0.035620 0.790589
vt 0.038855 0.799577
vt 0.026837 0.766821
vt 0.976742 0.669618
vt 0.033170 0.783659
vt 0.515345 0.790561
vt 0.512107 0.799546
vt 0.509721 0.817448
vt 0.514670 0.720260
vt 0.513647 0.701731
vt 0.511110 0.693195
vt 0.509040 0.686939
vt 0.502555 0.669755
vt 0.524137 0.766797
vt 0.517798 0.783632
vt 0.052820 0.522857
vt 0.139366 0.470253
vt 0.968347 0.489050
vt 0.988625 0.436785
vt 0.108883 0.091107
vt 0.106409 0.062482
vt 0.399209 0.044805
vt 0.459518 0.102060
vt 0.428604 0.109556
vt 0.167704 0.057128
vt 0.215342 0.132259
vt 0.203222 0.094543
vt 0.855471 0.043005
vt 0.918242 0.098075
vt 0.886101 0.105305
vt 0.255511 0.067846
vt 0.169019 0.047690
vt 0.166893 0.025823
vt 0.125973 0.120002
vt 0.337008 0.054912
vt 0.115292 0.038211
vt 0.149847 0.015689
vt 0.254586 0.043904
vt 0.241676 0.021944
vt 0.231922 0.132778
vt 0.791425 0.052872
vt 0.199112 0.046316
vt 0.223332 0.014444
vn -0.162665 0.217754 -0.962353
vn -0.162665 0.217754 -0.962353
vn 0.159306 0.513942 -0.842903
vn 0.155197 0.510664 -0.845657
vn 0.310704 0.707284 -0.634991
vn 0.483574 0.363194 -0.796396
vn 0.538088 0.618073 -0.573103
vn 0.281596 0.765625 -0.578378
vn 0.613789 0.644273 -0.456263
vn 0.584890 0.689670 -0.426918
vn 0.746701 0.490416 -0.449365
vn 0.722931 0.532723 -0.439974
vn -0.705522 0.706575 -0.054693
vn -0.616503 0.760111 -0.205317
vn -0.317717 0.823013 -0.470856
vn -0.380461 0.872393 -0.306888
vn -0.062963 0.850282 -0.522548
vn 0.062012 0.792249 -0.607039
vn 0.307809 0.763284 -0.568023
vn 0.162523 0.796641 -0.582194
vn 0.456293 0.694806 -0.555916
vn 0.555433 0.634993 -0.536915
vn 0.798174 0.319482 -0.510734
vn 0.747030 0.395131 -0.534618
vn -0.084286 0.993265 -0.079502
vn -0.362072 0.914251 0.181793
vn -0.341903 0.936849 -0.073595
vn -0.193721 0.977997 -0.077420
vn 0.034241 0.963585 -0.265201
vn 0.035968 0.965063 -0.259537
vn 0.208964 0.933544 -0.291254
vn 0.165953 0.940116 -0.297726
vn 0.259751 0.899882 -0.350346
vn 0.363224 0.873998 -0.322795
vn 0.704326 0.587773 -0.398055
vn 0.470076 0.817817 -0.331971
vn -0.868792 0.066613 -0.490676
vn -0.644070 0.615586 -0.454123
vn -0.320109 0.749417 -0.579572
vn -0.552633 0.131726 -0.822949
vn -0.786497 0.157208 -0.597250
vn -0.434616 0.810507 -0.392667
vn 0.072146 0.833257 -0.548159
vn -0.210123 0.173542 -0.962149
vn 0.098049 0.041629 -0.994311
vn 0.083746 0.760042 -0.644456
vn 0.207868 0.596886 -0.774931
vn 0.027711 0.000313 -0.999616
vn -0.357454 -0.895471 0.265252
vn -0.809145 -0.538534 -0.235085
vn -0.610279 -0.525196 -0.593067
vn -0.386540 -0.921145 -0.045595
vn -0.364315 -0.922971 -0.124094
vn -0.531816 -0.722294 -0.442113
vn -0.377252 -0.881169 -0.284995
vn -0.341763 -0.931080 -0.127625
vn -0.246583 -0.950600 -0.188564
vn -0.207334 -0.800895 -0.561765
vn -0.016432 -0.646021 -0.763143
vn -0.042148 -0.980484 -0.192027
vn -0.856027 -0.265774 0.443375
vn -0.563706 -0.655984 0.501917
vn -0.580223 -0.774206 0.252877
vn -0.546473 -0.678717 0.490623
vn -0.326772 -0.845220 0.422875
vn -0.336787 -0.932718 0.128891
vn -0.293587 -0.953603 0.066690
vn -0.272067 -0.899266 0.342491
vn -0.229439 -0.935274 0.269482
vn -0.221388 -0.975054 0.016061
vn 0.114944 -0.984980 -0.128854
vn 0.018903 -0.993764 0.109887
vn -0.767433 -0.007934 0.641080
vn -0.805979 0.018441 0.591657
vn -0.475672 -0.455511 0.752494
vn -0.399363 -0.399119 0.825356
vn -0.234078 -0.492107 0.838474
vn -0.315303 -0.558671 0.767119
vn -0.306924 -0.561079 0.768757
vn -0.234954 -0.501927 0.832386
vn -0.348532 -0.512580 0.784721
vn -0.344828 -0.568388 0.747013
vn -0.236967 -0.673537 0.700139
vn -0.343452 -0.622721 0.703036
vn -0.180904 0.509803 0.841056
vn -0.182997 0.526218 0.830426
vn -0.180339 0.526315 0.830945
vn -0.179199 0.511802 0.840206
vn 0.926149 0.242626 0.288758
vn 0.596456 0.173536 0.783661
vn 0.095333 0.240508 0.965954
vn 0.675197 0.703521 0.221736
vn -0.087233 0.423161 0.901846
vn -0.051657 0.428272 0.902172
vn -0.054264 0.422149 0.904901
vn -0.090648 0.416026 0.904823
vn 0.751266 -0.653887 -0.089619
vn 0.751266 -0.653887 -0.089619
vn 0.751266 -0.653887 -0.089619
vn 0.751266 -0.653887 -0.089619
vn 0.874509 0.052410 -0.482169
vn 0.923152 -0.057614 -0.380094
vn 0.851540 -0.503766 -0.145261
vn 0.821796 -0.433979 -0.369208
vn 0.969357 0.180864 0.166241
vn 0.969357 0.180863 0.166243
vn 0.969357 0.180863 0.166243
vn 0.969357 0.180864 0.166241
vn -0.958354 0.259937 0.118279
vn -0.958354 0.259937 0.118279
vn -0.958354 0.259937 0.118279
vn -0.958354 0.259937 0.118279
vn -0.777208 -0.097326 0.621672
vn -0.844836 0.490916 0.212726
vn -0.922110 0.304480 0.238756
vn 0.860725 0.502056 -0.084221
vn 0.860726 0.502054 -0.084220
vn 0.860726 0.502054 -0.084220
vn 0.860725 0.502056 -0.084221
vn -0.459096 0.125873 0.879424
vn -0.475037 0.100296 0.874231
vn -0.126612 0.084387 0.988356
vn -0.126217 0.098094 0.987141
vn 0.900566 0.069158 0.429183
vn 0.906716 0.053974 0.418274
vn 0.817183 -0.036330 -0.575233
vn 0.167022 -0.105378 -0.980306
vn 0.128326 -0.076814 -0.988753
vn -0.939778 0.108054 -0.324255
vn -0.934548 0.070707 -0.348742
vn -0.934548 0.070707 -0.348742
vn -0.938993 0.101477 -0.328625
vn -0.774254 -0.038467 0.631705
vn -0.766305 -0.079487 0.637541
vn -0.618577 -0.424321 0.661297
vn -0.654145 -0.348926 0.671078
vn 0.385399 -0.902900 0.190366
vn 0.393921 -0.901745 0.177994
vn 0.393921 -0.901745 0.177994
vn 0.385211 -0.902923 0.190636
vn 0.810068 -0.007085 -0.586293
vn 0.788256 0.088856 -0.608898
vn 0.640863 0.437559 -0.630743
vn 0.674126 0.369797 -0.639378
vn 0.163521 0.898140 -0.408173
vn -0.219718 0.934287 0.280771
vn -0.174957 0.980585 -0.088557
vn -0.857327 -0.489365 0.159725
vn -0.862804 -0.497688 0.088753
vn -0.073042 -0.798922 0.596982
vn -0.121311 -0.751091 0.648958
vn 0.751473 -0.340223 0.565275
vn 0.842824 -0.252973 0.475030
vn 0.985062 0.144278 0.094002
vn 0.971374 0.110251 0.210421
vn 0.854641 0.472549 -0.215140
vn 0.810767 0.458740 -0.363615
vn 0.224685 0.629673 -0.743659
vn 0.133379 0.714569 -0.686732
vn -0.730203 0.348779 -0.587500
vn -0.578900 0.415964 -0.701319
vn -0.955369 -0.047094 -0.291637
vn -0.968585 -0.078972 -0.235810
vn -0.843022 0.496435 0.207042
vn -0.829426 0.534030 0.163902
vn -0.802990 -0.423063 0.419792
vn -0.782407 -0.422591 0.457445
vn 0.010460 -0.957542 0.288104
vn -0.000665 -0.968331 0.249669
vn 0.497288 -0.867170 0.026847
vn 0.523306 -0.849624 0.065493
vn 0.858791 -0.486835 -0.159590
vn 0.842708 -0.489026 -0.225161
vn 0.783510 0.407527 -0.469078
vn 0.814828 0.410890 -0.408932
vn 0.005399 0.960374 -0.278662
vn 0.035504 0.947344 -0.318245
vn -0.471379 0.878205 -0.080980
vn -0.496127 0.866856 -0.049192
vn -0.366286 -0.930438 0.010952
vn -0.366286 -0.930438 0.010952
vn 0.060352 -0.995618 0.071430
vn 0.101563 -0.991873 0.076632
vn 0.952872 -0.301669 -0.032103
vn 0.952872 -0.301669 -0.032103
vn 0.952872 -0.301669 -0.032103
vn 0.952872 -0.301670 -0.032103
vn 0.238278 -0.187069 -0.953010
vn 0.238278 -0.187069 -0.953010
vn 0.152960 -0.197907 -0.968213
vn 0.152960 -0.197907 -0.968213
vn -0.732813 -0.297359 -0.612016
vn -0.732813 -0.297359 -0.612016
vn -0.732813 -0.297359 -0.612016
vn -0.732813 -0.297359 -0.612016
vn -0.848734 -0.300590 -0.435083
vn -0.848734 -0.300590 -0.435083
vn -0.690489 -0.668881 -0.275361
vn -0.707061 -0.645259 -0.289319
vn 0.370600 -0.923627 0.097824
vn 0.370600 -0.923627 0.097824
vn 0.370600 -0.923627 0.097824
vn 0.370600 -0.923627 0.097824
vn 0.445427 -0.299082 -0.843887
vn 0.445427 -0.299082 -0.843887
vn 0.399261 -0.237715 -0.885484
vn 0.399261 -0.237715 -0.885484
vn -0.404719 0.405576 -0.819580
vn -0.404719 0.405576 -0.819580
vn -0.404719 0.405576 -0.819580
vn -0.404719 0.405576 -0.819580
vn 0.177233 -0.478760 -0.859870
vn 0.177233 -0.478760 -0.859870
vn 0.174306 -0.476985 -0.861454
vn 0.174269 -0.476963 -0.861474
vn -0.801221 -0.385314 -0.457796
vn -0.801221 -0.385314 -0.457796
vn -0.801221 -0.385314 -0.457796
vn -0.801221 -0.385314 -0.457796
vn -0.173730 0.482712 0.858375
vn -0.176818 0.491672 0.852639
vn -0.176119 0.493135 0.851939
vn -0.173631 0.484257 0.857524
vn 0.984193 0.119143 0.131030
vn 0.984350 0.114457 0.133995
vn 0.984352 0.114409 0.134025
vn 0.984193 0.119143 0.131030
vn 0.173043 -0.402646 -0.898850
vn 0.173043 -0.402646 -0.898851
vn 0.160783 -0.405883 -0.899671
vn 0.160830 -0.405870 -0.899668
vn -0.488934 0.425339 -0.761597
vn -0.488934 0.425339 -0.761597
vn -0.488934 0.425339 -0.761597
vn -0.488934 0.425339 -0.761597
vn -0.154593 0.417772 0.895303
vn -0.130942 0.418950 0.898518
vn -0.138171 0.412217 0.900548
vn -0.160703 0.413218 0.896340
vn 0.550382 -0.716457 0.428683
vn 0.560486 -0.715001 0.417886
vn 0.561107 -0.714906 0.417215
vn 0.550382 -0.716457 0.428683
vn 0.079760 0.859740 0.504465
vn 0.747447 0.664268 -0.008424
vn 0.127916 0.185584 0.974267
vn 0.050469 0.233426 0.971064
vn -0.024619 -0.502789 0.864058
vn 0.512288 -0.858414 0.026179
vn 0.103168 -0.985081 0.137735
vn -0.090229 -0.957007 0.275676
vn -0.104806 -0.856429 -0.505515
vn 0.119140 -0.793510 -0.596781
vn 0.180996 -0.162197 -0.970017
vn -0.067950 -0.235431 -0.969513
vn -0.000124 0.448617 -0.893724
vn 0.285891 0.525405 -0.801384
vn 0.342339 0.928811 -0.141825
vn 0.075525 0.981979 -0.173243
vn 0.411499 -0.756197 0.508759
vn 0.928842 -0.070906 0.363628
vn 0.936737 0.015164 0.349706
vn 0.678959 0.722044 0.132917
vn 0.273507 0.949844 -0.151628
vn -0.665994 0.608974 -0.430818
vn -0.952522 0.022967 -0.303603
vn -0.826085 -0.557118 0.084868
vn -0.260599 -0.865392 0.428002
vn -0.267000 0.531068 0.804163
vn -0.192144 0.751321 0.631346
vn -0.178621 0.058018 0.982206
vn -0.160818 -0.058771 0.985233
vn 0.002257 -0.632201 0.774801
vn -0.084315 -0.671619 0.736084
vn 0.040833 -0.990535 0.131047
vn 0.251021 -0.967971 0.004624
vn 0.444608 -0.500053 -0.743150
vn 0.082488 -0.791544 -0.605519
vn 0.111519 -0.144447 -0.983208
vn 0.403800 0.074835 -0.911781
vn 0.211703 0.642950 -0.736069
vn 0.066921 0.520903 -0.850989
vn -0.094598 0.985577 -0.140320
vn -0.179182 0.983629 0.019160
vn 0.308235 -0.377205 0.873331
vn 0.022396 -0.544207 0.838652
vn 0.573063 -0.743143 0.345452
vn 0.477738 -0.795155 0.373491
vn 0.389269 -0.890629 -0.235052
vn 0.553473 -0.739612 -0.382937
vn 0.144158 0.185527 -0.972007
vn 0.055714 -0.413243 -0.908915
vn -0.210204 0.517445 -0.829497
vn -0.531354 0.703567 -0.471865
vn -0.839718 0.536711 -0.082559
vn -0.320630 0.906993 -0.273057
vn -0.395504 0.853466 0.339372
vn -0.854895 -0.063426 0.514910
vn -0.414291 -0.319133 0.852360
vn -0.178590 0.399761 0.899053
vn -0.299790 0.910740 0.284041
vn -0.299790 0.910740 0.284041
vn -0.299790 0.910740 0.284041
vn -0.299790 0.910740 0.284041
vn 0.985603 0.063197 -0.156823
vn 0.985603 0.063197 -0.156823
vn 0.978965 -0.139318 -0.149060
vn 0.616723 -0.627561 0.475205
vn -0.153922 -0.937013 0.313552
vn -0.002535 -0.801065 0.598572
vn -0.476477 -0.447163 0.756977
vn -0.646443 0.260010 -0.717290
vn -0.856834 0.288563 0.427278
vn -0.570723 0.819771 0.047448
vn -0.500105 0.837204 0.221323
vn 0.206962 0.978183 -0.018047
vn 0.197067 0.966803 -0.162657
vn 0.819551 0.468332 -0.330153
vn 0.815047 0.565497 -0.126140
vn 0.991033 -0.112647 -0.071862
vn 0.902066 -0.210789 -0.376624
vn 0.482212 -0.868341 -0.116000
vn 0.529399 -0.834384 0.153427
vn -0.116923 -0.926314 0.358150
vn -0.185476 -0.963022 0.195416
vn -0.805442 -0.547430 0.227120
vn -0.678565 -0.566242 0.467888
vn -0.857331 0.303055 0.416102
vn -0.958777 0.249013 0.136895
vn -0.813624 0.081527 0.575647
vn -0.751379 0.635172 0.178847
vn -0.767073 0.625439 0.142917
vn -0.476854 -0.522100 0.707123
vn -0.500326 -0.430466 0.751248
vn -0.331997 -0.578185 0.745305
vn -0.312301 -0.681537 0.661798
vn -0.275241 -0.754691 0.595553
vn -0.308612 -0.615897 0.724866
vn -0.315997 -0.651095 0.690088
vn -0.263633 -0.810401 0.523210
vn -0.090621 -0.902292 0.421493
vn -0.169163 -0.758781 0.628996
vn 0.946752 -0.103599 -0.304840
vn 0.941456 -0.094418 -0.323643
vn 0.827826 -0.558659 0.051024
vn 0.848163 -0.529588 0.012459
vn 0.621343 0.647584 -0.441098
vn 0.550898 0.658474 -0.512761
vn 0.751738 0.422458 -0.506379
vn 0.813820 0.358926 -0.457021
vn 0.301087 0.849735 -0.432778
vn 0.366901 0.814874 -0.448735
vn 0.457693 0.737184 -0.497069
vn 0.475300 0.778772 -0.409394
vn -0.457705 0.865647 -0.202882
vn -0.361444 0.921508 -0.142058
vn 0.097778 0.931748 -0.349692
vn -0.064617 0.915132 -0.397942
vn 0.363551 0.815404 -0.450497
vn 0.190796 0.921270 -0.338908
vn -0.344930 0.923436 -0.168194
vn 0.578714 0.628031 -0.520257
vn 0.548752 0.646175 -0.530404
vn 0.439759 0.733504 -0.518250
vn 0.835895 0.267702 -0.479182
vn 0.835895 0.267702 -0.479182
vn 0.944420 -0.181224 -0.274278
vn 0.734193 0.459239 -0.500060
vn -0.093150 0.815203 -0.571636
vn 0.073095 0.888566 -0.452889
vn 0.524436 0.533282 -0.663760
vn 0.379753 -0.140967 -0.914284
vn 0.194629 -0.668826 -0.717490
vn -0.345755 -0.695370 -0.630011
vn -0.769893 -0.423148 -0.477714
vn 0.518373 -0.835339 -0.183028
vn 0.425488 -0.886162 0.183510
vn -0.077249 -0.162190 0.983731
vn -0.096768 -0.166136 0.981343
vn -0.112652 -0.164062 0.979997
vn -0.513557 -0.094853 0.852797
vn -0.513557 -0.094853 0.852797
vn -0.388862 -0.331383 0.859634
vn -0.354447 0.547576 0.757976
vn -0.155196 -0.396319 0.904901
vn -0.204319 -0.138559 0.969049
vn 0.356018 -0.797869 0.486473
vn 0.182549 -0.826355 0.532741
vn -0.332304 -0.759516 0.559205
vn -0.332304 -0.759516 0.559205
vn -0.495256 -0.401664 0.770317
vn -0.456612 -0.518426 0.723008
vn -0.177711 0.526408 0.831453
vn -0.177340 0.511562 0.840747
vn -0.175414 0.494554 0.851262
vn -0.056687 0.416430 0.907399
vn -0.099049 0.408080 0.907557
vn -0.145665 0.405288 0.902509
vn 0.527546 -0.819277 0.224680
vn 0.527546 -0.819277 0.224680
vn 0.527546 -0.819277 0.224680
vn 0.527546 -0.819277 0.224680
vn 0.763803 -0.635353 0.113720
vn 0.802470 -0.282521 -0.525570
vn 0.969357 0.180862 0.166243
vn 0.969357 0.180862 0.166243
vn 0.969357 0.180863 0.166241
vn 0.969357 0.180863 0.166241
vn 0.969357 0.180863 0.166239
vn 0.969357 0.180863 0.166239
vn 0.969357 0.180864 0.166239
vn 0.969357 0.180864 0.166239
vn -0.893665 0.240014 -0.379152
vn -0.893665 0.240014 -0.379152
vn -0.893665 0.240014 -0.379152
vn -0.893665 0.240014 -0.379152
vn -0.802233 0.582049 0.132821
vn -0.964294 0.220645 0.146470
vn 0.860725 0.502056 -0.084221
vn 0.860725 0.502056 -0.084221
vn 0.860724 0.502057 -0.084221
vn 0.860724 0.502057 -0.084221
vn 0.860724 0.502057 -0.084221
vn 0.860724 0.502057 -0.084221
vn 0.860724 0.502057 -0.084222
vn 0.860724 0.502057 -0.084222
vn 0.182158 0.062032 0.981311
vn 0.210256 0.070503 0.975101
vn 0.249275 0.082255 0.964933
vn -0.120827 0.124707 0.984809
vn -0.444648 0.148382 0.883329
vn 0.987478 0.060207 -0.145819
vn 0.988003 -0.046328 -0.147324
vn 0.988003 -0.046328 -0.147324
vn 0.928031 -0.007752 0.372422
vn 0.928031 -0.007752 0.372422
vn -0.207896 -0.107389 -0.972238
vn -0.274923 -0.042507 -0.960526
vn -0.327552 0.010442 -0.944776
vn 0.129676 -0.033900 -0.990977
vn 0.597957 -0.074077 -0.798098
vn -0.986312 0.136741 0.092149
vn -0.986312 0.136741 0.092149
vn -0.984716 0.151308 0.086262
vn -0.984448 0.153551 0.085352
vn -0.982689 0.167193 0.079800
vn -0.982689 0.167193 0.079800
vn -0.942684 0.138984 -0.303365
vn -0.942684 0.138984 -0.303365
vn -0.417152 -0.677803 0.605448
vn -0.450318 -0.625957 0.636703
vn -0.478444 -0.576540 0.662339
vn -0.659210 -0.315833 0.682416
vn -0.782607 0.015570 0.622321
vn 0.634537 -0.767251 -0.093215
vn 0.634537 -0.767251 -0.093215
vn 0.621286 -0.781421 -0.058176
vn 0.622402 -0.780315 -0.061031
vn 0.607524 -0.793933 -0.024201
vn 0.607524 -0.793933 -0.024201
vn 0.377420 -0.903788 0.201796
vn 0.377420 -0.903788 0.201796
vn 0.388147 0.703018 -0.595909
vn 0.691875 0.318872 -0.647789
vn 0.822083 -0.088255 -0.562486
vn -0.549441 0.800163 0.240528
vn -0.552332 0.800757 0.231769
vn -0.578884 0.802918 0.142183
vn -0.578884 0.802918 0.142183
vn -0.266698 0.949806 -0.163526
vn -0.266698 0.949806 -0.163526
vn 0.767445 -0.291002 0.571267
vn -0.113053 -0.708806 0.696286
vn -0.885803 -0.431630 0.170436
vn 0.828120 0.543867 -0.135744
vn 0.959000 0.138296 0.247374
vn -0.781768 0.342832 -0.520870
vn 0.021386 0.783191 -0.621414
vn -0.972715 -0.055985 -0.225145
vn 0.115984 -0.948576 0.294535
vn -0.731669 -0.468437 0.495205
vn -0.834211 0.497828 0.237191
vn 0.882604 -0.458454 -0.104064
vn 0.574860 -0.813199 0.090794
vn 0.057424 0.963497 -0.261487
vn 0.883382 0.324823 -0.337824
vn -0.492708 0.869636 -0.031172
vn 0.498653 -0.858379 0.120545
vn 0.498653 -0.858379 0.120545
vn 0.491169 -0.701575 0.516280
vn 0.491169 -0.701575 0.516280
vn 0.016868 -0.855989 0.516718
vn -0.001440 -0.857683 0.514176
vn -0.481269 -0.789821 0.380214
vn -0.481269 -0.789821 0.380214
vn 0.927566 -0.117928 -0.354563
vn 0.927566 -0.117928 -0.354563
vn 0.927566 -0.117928 -0.354563
vn 0.927566 -0.117928 -0.354563
vn 0.984467 0.110180 0.136694
vn 0.984467 0.110180 0.136694
vn 0.960141 -0.109594 0.257134
vn 0.960141 -0.109594 0.257134
vn 0.960141 -0.109594 0.257134
vn 0.960141 -0.109594 0.257134
vn 0.066476 -0.207236 -0.976030
vn 0.066476 -0.207236 -0.976030
vn -0.159390 0.986965 -0.022246
vn -0.159390 0.986965 -0.022246
vn -0.114429 0.993299 -0.016222
vn -0.114429 0.993299 -0.016222
vn -0.069228 0.997549 -0.010165
vn -0.069228 0.997549 -0.010165
vn -0.845503 -0.454723 -0.279914
vn -0.845503 -0.454723 -0.279914
vn -0.845503 -0.454723 -0.279914
vn -0.845503 -0.454723 -0.279914
vn -0.953858 -0.300055 -0.011035
vn -0.953858 -0.300055 -0.011035
vn -0.953858 -0.300055 -0.011035
vn -0.953858 -0.300055 -0.011035
vn -0.984251 -0.110827 -0.137722
vn -0.984213 -0.115584 -0.134033
vn -0.984214 -0.115482 -0.134113
vn -0.984251 -0.110827 -0.137722
vn -0.440396 -0.893365 -0.089169
vn -0.440396 -0.893365 -0.089169
vn -0.480088 -0.810151 0.336409
vn -0.480088 -0.810151 0.336409
vn -0.835010 -0.526849 0.158707
vn -0.816467 -0.551017 0.172518
vn -0.988535 -0.144526 -0.043717
vn -0.988535 -0.144526 -0.043717
vn 0.613036 -0.777154 -0.142194
vn 0.613036 -0.777154 -0.142194
vn 0.613036 -0.777154 -0.142194
vn 0.613036 -0.777154 -0.142194
vn 0.570006 -0.713467 0.407503
vn 0.570006 -0.713467 0.407503
vn 0.381305 -0.819518 0.427781
vn 0.381305 -0.819518 0.427781
vn 0.381305 -0.819518 0.427781
vn 0.381305 -0.819518 0.427781
vn 0.350050 -0.174534 -0.920328
vn 0.350050 -0.174534 -0.920328
vn 0.616580 0.724878 0.307216
vn 0.616580 0.724878 0.307216
vn 0.642282 0.692923 0.327616
vn 0.642282 0.692923 0.327616
vn 0.666636 0.659514 0.347329
vn 0.666636 0.659514 0.347329
vn -0.675780 0.350543 -0.648414
vn -0.675780 0.350543 -0.648414
vn -0.675780 0.350543 -0.648414
vn -0.675780 0.350543 -0.648414
vn -0.740331 0.566512 -0.361904
vn -0.740331 0.566512 -0.361904
vn -0.740331 0.566512 -0.361904
vn -0.740331 0.566512 -0.361904
vn -0.578269 0.703438 -0.413256
vn -0.567008 0.708391 -0.420338
vn -0.567029 0.708382 -0.420325
vn -0.578269 0.703438 -0.413256
vn 0.171316 -0.475167 -0.863057
vn 0.171316 -0.475167 -0.863057
vn 0.071040 -0.443478 -0.893466
vn 0.071040 -0.443478 -0.893466
vn 0.169007 -0.433899 -0.884968
vn 0.169171 -0.433879 -0.884947
vn 0.265506 -0.420054 -0.867791
vn 0.265506 -0.420054 -0.867791
vn -0.984132 -0.120739 -0.130027
vn -0.984132 -0.120739 -0.130027
vn -0.995626 0.091044 0.020963
vn -0.995626 0.091044 0.020963
vn -0.995626 0.091044 0.020963
vn -0.995626 0.091044 0.020963
vn -0.724337 -0.359420 -0.588348
vn -0.724337 -0.359420 -0.588348
vn -0.724337 -0.359420 -0.588347
vn -0.724337 -0.359420 -0.588348
vn -0.173531 0.485801 0.856670
vn -0.083435 0.560302 0.824076
vn -0.083435 0.560302 0.824076
vn -0.173878 0.552132 0.815425
vn -0.173750 0.552147 0.815441
vn -0.262732 0.539392 0.800018
vn -0.262732 0.539392 0.800018
vn 0.963087 -0.161691 -0.215222
vn 0.963087 -0.161691 -0.215222
vn 0.963087 -0.161691 -0.215222
vn 0.963087 -0.161691 -0.215222
vn 0.913853 -0.166291 -0.370432
vn 0.913853 -0.166291 -0.370432
vn 0.913853 -0.166291 -0.370432
vn 0.913853 -0.166291 -0.370432
vn 0.907972 0.315516 0.275748
vn 0.907972 0.315516 0.275748
vn 0.907972 0.315516 0.275748
vn 0.907972 0.315516 0.275748
vn 0.148437 -0.409069 -0.900350
vn 0.148437 -0.409069 -0.900350
vn 0.149149 -0.321925 -0.934943
vn 0.149149 -0.321925 -0.934943
vn 0.203848 -0.394565 -0.895971
vn 0.203800 -0.394501 -0.896010
vn 0.256499 -0.463274 -0.848284
vn 0.256498 -0.463273 -0.848284
vn -0.554931 0.713492 -0.427763
vn -0.554931 0.713492 -0.427763
vn -0.479841 0.847307 -0.227645
vn -0.479841 0.847308 -0.227645
vn -0.479841 0.847307 -0.227645
vn -0.479841 0.847307 -0.227645
vn -0.361885 0.361187 -0.859408
vn -0.361885 0.361187 -0.859408
vn -0.361885 0.361187 -0.859408
vn -0.361885 0.361187 -0.859408
vn -0.166854 0.408602 0.897332
vn -0.042020 0.402014 0.914669
vn -0.042020 0.402014 0.914669
vn -0.092060 0.468731 0.878531
vn -0.092026 0.468688 0.878557
vn -0.141338 0.531574 0.835136
vn -0.141338 0.531574 0.835136
vn 0.506890 -0.861966 0.008787
vn 0.506890 -0.861966 0.008787
vn 0.506890 -0.861966 0.008787
vn 0.506890 -0.861966 0.008787
vn 0.546620 -0.826825 -0.132544
vn 0.546620 -0.826825 -0.132544
vn 0.546620 -0.826825 -0.132544
vn 0.546620 -0.826825 -0.132544
vn 0.577181 -0.533555 0.618209
vn 0.577181 -0.533555 0.618209
vn 0.577181 -0.533555 0.618209
vn 0.577181 -0.533555 0.618209
vn 0.036131 -0.599387 0.799644
vn -0.090312 -0.063314 0.993899
vn -0.208270 0.499182 0.841095
vn 0.464635 -0.466681 -0.752544
vn 0.244488 -0.969639 -0.005088
vn 0.209110 0.676937 -0.705712
vn 0.425563 0.122755 -0.896564
vn -0.179989 0.981362 0.067319
vn 0.499427 -0.845630 -0.188369
vn 0.546026 -0.737714 0.397031
vn 0.391743 -0.395105 0.830921
vn -0.143699 0.490875 -0.859298
vn 0.141437 -0.392928 -0.908627
vn -0.270107 0.941368 0.202160
vn -0.247207 0.892622 -0.376982
vn -0.065579 0.411394 0.909096
vn 0.711611 0.695608 -0.098688
vn 0.711611 0.695608 -0.098688
vn 0.711611 0.695608 -0.098688
vn 0.711611 0.695608 -0.098688
vn 0.854747 0.516683 0.049470
vn 0.180974 0.978224 0.101616
vn -0.474765 0.783383 0.401135
vn 0.931454 0.074629 0.356123
vn -0.738180 0.503115 0.449406
vn -0.738180 0.503115 0.449406
vn -0.568856 0.372146 0.733424
vn 0.390704 -0.824916 0.408490
vn -0.233083 0.971447 0.044313
vn -0.279602 0.714652 0.641167
vn -0.279602 0.714652 0.641167
vn -0.232953 0.971515 0.043491
vn -0.183762 0.039981 0.982158
vn -0.183762 0.039981 0.982158
vn -0.183762 0.039981 0.982157
vn -0.183762 0.039981 0.982158
vn -0.136231 -0.197456 0.970800
vn -0.136231 -0.197456 0.970800
vn -0.136231 -0.197456 0.970800
vn -0.136231 -0.197456 0.970800
vn 0.055598 -0.883940 0.464284
vn 0.160189 -0.985476 -0.056363
vn 0.160195 -0.985473 -0.056399
vn 0.055598 -0.883940 0.464284
vn 0.207923 -0.877851 -0.431446
vn 0.207923 -0.877851 -0.431446
vn 0.138619 0.064510 -0.988243
vn 0.138619 0.064510 -0.988243
vn 0.138619 0.064510 -0.988243
vn 0.138619 0.064510 -0.988243
vn 0.133048 0.092256 -0.986807
vn 0.133048 0.092256 -0.986807
vn 0.133048 0.092256 -0.986807
vn 0.133048 0.092256 -0.986807
vn -0.131690 0.894884 -0.426428
vn -0.131690 0.894884 -0.426428
vn -0.169404 0.378678 0.909893
vn 0.108859 -0.077734 0.991013
vn 0.108859 -0.077734 0.991013
vn -0.169422 0.378706 0.909878
vn 0.463348 -0.720540 0.515879
vn 0.463348 -0.720540 0.515879
vn 0.463348 -0.720540 0.515879
vn 0.463348 -0.720540 0.515879
vn 0.496228 -0.816298 0.295661
vn 0.496228 -0.816298 0.295661
vn 0.496228 -0.816298 0.295661
vn 0.496228 -0.816298 0.295661
vn 0.382503 -0.802596 -0.457745
vn 0.104855 -0.416615 -0.903016
vn 0.104442 -0.415962 -0.903365
vn 0.382503 -0.802596 -0.457745
vn -0.137859 -0.002885 -0.990448
vn -0.137859 -0.002885 -0.990448
vn -0.502594 0.754094 -0.422778
vn -0.502595 0.754094 -0.422778
vn -0.502595 0.754094 -0.422778
vn -0.502595 0.754094 -0.422778
vn -0.506491 0.765373 -0.397079
vn -0.506491 0.765373 -0.397079
vn -0.506491 0.765373 -0.397079
vn -0.506491 0.765373 -0.397079
vn -0.344033 0.646404 0.681031
vn -0.344033 0.646404 0.681031
s 1
g pCube1
usemtl pCube1SG
f 101/1/1 1/2/2 98/3/3 97/4/4
f 99/5/5 2/6/6 103/7/7 102/8/8
f 104/9/9 3/10/10 107/11/11 106/12/12
s 3
f 114/13/13 5/14/14 111/15/15 110/16/16
f 112/17/17 6/18/18 116/19/19 115/20/20
f 117/21/21 7/22/22 120/23/23 119/24/24
f 126/25/25 9/26/26 113/27/27 123/28/28
f 124/29/29 10/30/30 118/31/31 127/32/32
f 128/33/33 11/34/34 122/35/35 130/36/36
f 136/424/37 13/38/38 125/39/39 133/474/40
f 141/401/41 85/42/42 138/43/43 137/473/44
f 145/413/45 15/477/46 132/47/47 142/472/48
f 149/49/49 17/50/50 135/51/51 146/52/52
f 147/53/53 18/54/54 151/470/55 150/56/56
f 152/57/57 19/58/58 144/59/59 154/60/60
f 160/61/61 21/62/62 148/63/63 157/64/64
f 158/65/65 22/66/66 153/67/67 161/68/68
f 162/69/69 23/70/70 156/71/71 164/72/72
f 171/73/73 90/74/74 168/75/75 167/76/76
f 169/77/77 91/78/78 173/79/79 172/80/80
f 174/81/81 92/82/82 177/83/83 176/84/84
s 10
f 184/85/85 49/86/86 181/87/87 180/88/88
s 1
f 187/464/89 30/90/90 175/91/91 185/469/92
s 12
f 192/93/93 53/94/94 189/95/95 188/96/96
s off
f 108/97/97 4/98/98 194/99/99 193/100/100
s 3
f 121/101/101 8/102/102 197/103/103 196/104/104
s 13
f 378/105/105 377/106/106 379/107/107 380/108/108
s off
f 171/73/109 29/109/110 204/110/111 203/111/112
s 3
f 160/61/61 25/112/113 207/113/114 206/114/115
s 14
f 386/501/116 387/116/117 388/117/118 389/118/119
s 15
f 216/119/120 29/109/121 170/120/122 213/121/123
s 1
f 214/122/124 30/90/90 187/464/89 217/123/125
f 218/124/126 2/6/6 98/3/127 220/125/128
s 17
f 221/126/129 1/2/130 204/462/131 223/127/132
s 18
f 228/128/133 31/129/134 179/130/135 225/131/136
s 19
f 226/132/137 32/133/138 194/460/139 229/134/140
s 1
f 230/135/141 4/98/142 107/11/143 232/136/144
f 233/137/145 3/10/10 186/458/146 235/139/147
s 21
f 240/140/148 33/141/149 215/142/150 237/143/151
f 238/144/152 34/145/153 219/454/154 241/147/155
f 242/148/156 35/149/157 222/150/158 244/151/159
f 245/152/160 36/153/161 224/447/162 247/155/163
s 22
f 252/156/164 37/157/165 227/158/166 249/159/167
f 250/160/168 38/161/169 231/441/170 253/163/171
f 254/164/172 39/165/173 234/166/174 256/167/175
f 257/168/176 40/169/177 236/434/178 259/171/179
s 23
f 263/524/180 41/479/181 239/174/182 261/528/183
s off
f 262/176/184 42/177/185 243/178/186 264/527/187
s 24
f 270/511/188 58/181/189 267/182/190 266/525/191
s off
f 272/516/192 44/448/193 248/186/194 271/523/195
s 25
f 275/518/196 45/478/197 251/190/198 273/522/199
s off
f 274/192/200 46/193/201 255/194/202 276/521/203
s 26
f 282/505/204 62/197/205 279/198/206 278/519/207
s off
f 284/510/208 48/435/209 260/202/210 283/517/211
s 27
f 287/204/212 43/450/213 246/206/214 285/207/215
s off
f 286/208/216 44/448/217 272/516/218 288/209/219
s 10
f 289/210/220 52/211/221 183/212/222 290/213/223
s 28
f 291/214/224 51/215/225 265/513/226 292/217/227
s 29
f 295/218/228 47/437/229 258/220/230 293/221/231
s off
f 294/222/232 48/435/233 284/510/234 296/223/235
s 12
f 297/224/236 56/225/237 191/226/238 298/227/239
s 30
f 299/228/240 55/229/241 277/507/242 300/231/243
s 3
f 304/232/244 12/233/245 198/430/246 301/235/247
f 302/236/248 24/237/249 155/238/250 305/239/251
f 306/240/252 20/241/253 143/428/254 308/243/255
f 309/244/256 16/245/257 131/246/258 311/247/259
f 316/248/260 21/62/62 208/426/261 313/250/262
f 314/251/263 9/26/26 126/25/25 317/252/264
f 318/253/265 13/38/38 136/424/37 320/254/266
f 321/255/267 17/50/50 149/49/49 323/256/268
f 327/257/269 66/258/270 303/422/271 325/260/272
f 326/261/273 65/262/274 307/263/275 328/264/276
f 329/265/277 67/266/278 310/420/279 330/268/280
f 331/269/281 68/270/282 312/271/283 332/272/284
f 335/273/285 69/274/286 315/418/287 333/276/288
f 334/277/289 70/278/290 319/279/291 336/280/292
f 337/281/293 71/282/294 322/416/295 338/284/296
f 339/285/297 72/286/298 324/287/299 340/288/300
s off
f 344/289/301 14/480/302 129/291/303 341/292/304
s 3
f 342/293/305 15/46/306 145/414/45 345/294/307
f 346/295/308 19/471/58 151/55/309 348/296/310
f 349/297/311 18/475/54 134/410/312 351/299/313
f 355/300/314 81/301/315 343/302/316 353/303/317
f 354/304/318 82/305/319 347/406/320 356/307/321
f 357/308/322 83/309/323 350/310/324 358/311/325
f 359/312/326 84/313/327 352/403/328 360/315/329
f 363/316/330 90/74/74 205/400/331 361/318/332
f 363/316/330 25/112/113 159/319/333 364/320/334
f 365/321/335 26/322/336 163/323/337 366/324/338
f 367/325/339 27/326/340 166/327/341 368/328/342
f 371/329/343 94/330/344 195/397/345 370/332/346
f 373/333/347 95/334/348 109/335/349 372/336/350
f 375/337/351 96/338/352 105/339/353 374/340/354
f 362/341/355 89/342/356 100/343/357 376/344/358
s 1
f 98/3/3 2/6/6 99/5/5 97/4/4
s 3
f 99/5/359 96/338/352 100/343/357 97/4/360
f 100/343/357 89/342/356 101/1/361 97/4/360
s 1
f 103/7/7 3/10/10 104/9/9 102/8/362
s 3
f 104/9/363 95/334/348 105/339/353 102/8/364
f 105/339/353 96/338/352 99/5/359 102/8/364
s 1
f 107/11/11 4/98/365 108/97/366 106/12/12
s 3
f 108/97/367 94/330/344 109/335/349 106/12/368
f 109/335/349 95/334/348 104/9/363 106/12/368
f 111/15/15 6/18/18 112/17/17 110/16/16
f 112/17/17 10/30/30 113/27/27 110/16/16
f 113/27/27 9/26/26 114/13/13 110/16/16
f 116/19/19 7/22/22 117/21/21 115/20/20
f 117/21/21 11/34/34 118/31/31 115/20/20
f 118/31/31 10/30/30 112/17/17 115/20/20
f 120/23/23 8/102/102 121/101/101 119/24/24
f 121/101/101 12/233/245 122/35/35 119/24/24
f 122/35/35 11/34/34 117/21/21 119/24/24
f 113/27/27 10/30/30 124/29/29 123/28/28
f 124/29/29 14/290/369 125/39/39 123/28/28
f 125/39/39 13/38/38 126/25/25 123/28/28
f 118/31/31 11/34/34 128/33/33 127/32/32
f 128/33/33 15/477/46 129/476/370 127/32/32
f 129/476/370 14/290/369 124/29/29 127/32/32
f 122/35/35 12/233/245 131/246/258 130/36/36
f 131/246/258 16/245/257 132/47/47 130/36/36
f 132/47/47 15/477/46 128/33/33 130/36/36
f 125/39/39 14/290/369 134/408/312 133/474/40
f 134/409/312 18/54/54 135/51/51 133/40/40
f 135/51/51 17/50/50 136/37/37 133/40/40
f 138/43/43 86/345/371 139/346/372 137/473/44
f 139/404/372 87/347/373 140/348/374 137/44/44
f 140/348/374 88/349/375 141/41/41 137/44/44
f 132/47/47 16/245/257 143/242/254 142/472/48
f 143/428/254 20/241/253 144/59/59 142/48/48
f 144/59/59 19/58/58 145/412/45 142/48/48
f 135/51/51 18/54/54 147/53/53 146/52/52
f 147/53/53 22/66/66 148/63/63 146/52/52
f 148/63/63 21/62/62 149/49/49 146/52/52
f 151/470/55 19/58/58 152/57/57 150/56/56
f 152/57/57 23/70/70 153/67/67 150/56/56
f 153/67/67 22/66/66 147/53/53 150/56/56
f 144/59/59 20/241/253 155/238/250 154/60/60
f 155/238/250 24/237/249 156/71/71 154/60/60
f 156/71/71 23/70/70 152/57/57 154/60/60
f 148/63/63 22/66/66 158/65/65 157/64/64
f 158/65/65 26/322/336 159/319/333 157/64/64
f 159/319/333 25/112/113 160/61/61 157/64/64
f 153/67/67 23/70/70 162/69/69 161/68/68
f 162/69/69 27/326/340 163/323/337 161/68/68
f 163/323/337 26/322/336 158/65/65 161/68/68
f 156/71/71 24/237/249 165/350/376 164/72/72
f 165/350/376 28/351/377 166/327/341 164/72/72
f 166/327/341 27/326/340 162/69/69 164/72/72
f 168/75/75 91/78/78 169/77/77 167/76/76
s 1
f 169/77/378 30/90/90 170/120/379 167/76/380
f 170/120/379 29/109/381 171/73/382 167/76/380
s 3
f 173/79/79 92/82/82 174/81/81 172/80/80
s 1
f 174/81/383 31/129/384 175/91/91 172/80/385
f 175/91/91 30/90/90 169/77/378 172/80/386
s 3
f 177/83/83 93/352/387 178/353/388 176/84/84
s 1
f 178/353/389 32/133/390 179/130/391 176/84/392
f 179/130/391 31/129/384 174/81/383 176/84/392
s 10
f 181/87/87 50/354/393 182/355/394 180/88/88
f 182/355/394 51/215/395 183/212/222 180/88/88
f 183/212/222 52/211/221 184/85/85 180/88/88
s 1
f 175/91/91 31/129/384 186/138/146 185/469/92
f 186/458/146 3/10/10 103/7/7 185/92/92
f 103/7/7 2/6/6 187/89/89 185/92/92
s 12
f 189/95/95 54/356/396 190/357/397 188/96/96
f 190/357/397 55/229/398 191/226/238 188/96/96
f 191/226/238 56/225/237 192/93/93 188/96/96
s off
f 194/460/399 32/133/400 178/353/401 193/468/402
s 3
f 178/353/388 93/352/387 195/331/345 193/468/403
f 195/397/345 94/330/344 108/97/367 193/100/403
f 197/395/103 28/351/377 165/350/376 196/467/104
f 165/350/376 24/237/249 198/234/404 196/467/104
f 198/430/404 12/233/245 121/101/101 196/104/104
s 41
f 379/107/405 381/358/406 382/503/407 380/108/408
f 382/359/407 383/360/409 384/361/410 380/108/408
s 13
f 384/361/411 385/362/412 378/105/105 380/108/108
s off
f 204/462/413 1/2/414 101/1/415 203/466/416
s 3
f 101/1/361 89/342/356 205/317/331 203/466/417
f 205/400/331 90/74/74 171/73/73 203/111/417
f 207/398/114 5/14/14 114/13/13 206/465/115
f 114/13/13 9/26/26 208/249/418 206/465/115
f 208/426/418 21/62/62 160/61/61 206/114/115
s 42
f 388/117/419 390/363/420 391/364/421 389/118/422
f 391/364/421 392/365/423 393/366/424 389/118/422
s 14
f 393/366/425 394/367/426 386/115/116 389/118/119
s 15
f 170/120/122 30/90/427 214/122/428 213/121/123
f 214/122/428 34/145/429 215/142/430 213/121/123
f 215/142/430 33/141/431 216/119/120 213/121/123
s 1
f 187/89/89 2/6/6 218/124/126 217/463/432
f 218/124/126 35/149/433 219/146/434 217/463/432
f 219/454/435 34/145/436 214/122/124 217/123/125
f 98/3/127 1/2/437 221/126/438 220/125/128
f 221/126/438 36/153/439 222/150/440 220/125/128
f 222/150/440 35/149/441 218/124/126 220/125/128
s 43
f 204/110/442 29/109/443 216/119/444 223/461/445
f 216/119/444 33/141/446 224/154/447 223/461/445
s 17
f 224/447/448 36/153/449 221/126/129 223/127/132
s 18
f 179/130/135 32/133/450 226/132/451 225/131/136
f 226/132/451 38/161/452 227/158/453 225/131/136
f 227/158/453 37/157/454 228/128/133 225/131/136
s 44
f 194/99/455 4/98/456 230/135/457 229/459/458
f 230/135/457 39/165/459 231/162/460 229/459/458
s 19
f 231/441/461 38/161/462 226/132/137 229/134/140
s 1
f 107/11/143 3/10/10 233/137/145 232/136/144
f 233/137/145 40/169/463 234/166/464 232/136/144
f 234/166/464 39/165/465 230/135/141 232/136/144
f 186/138/146 31/129/384 228/128/466 235/457/467
f 228/128/466 37/157/468 236/170/469 235/457/467
f 236/434/470 40/169/471 233/137/145 235/139/147
s 21
f 215/142/150 34/145/153 238/144/152 237/143/151
f 238/144/152 42/456/472 239/455/473 237/143/151
f 239/455/473 41/173/474 240/140/148 237/143/151
f 219/146/154 35/149/157 242/148/156 241/453/155
f 242/148/156 43/205/475 243/451/476 241/453/155
f 243/452/476 42/456/472 238/144/152 241/147/155
f 222/150/158 36/153/161 245/152/160 244/151/159
f 245/152/160 44/185/477 246/449/478 244/151/159
f 246/449/478 43/205/475 242/148/156 244/151/159
f 224/154/162 33/141/149 240/140/148 247/446/163
f 240/140/148 41/173/474 248/444/479 247/446/163
f 248/445/479 44/185/477 245/152/160 247/155/163
s 22
f 227/158/166 38/161/169 250/160/168 249/159/167
f 250/160/168 46/443/480 251/442/481 249/159/167
f 251/442/481 45/189/482 252/156/164 249/159/167
f 231/162/170 39/165/173 254/164/172 253/440/171
f 254/164/172 47/219/483 255/438/484 253/440/171
f 255/439/484 46/443/480 250/160/168 253/163/171
f 234/166/174 40/169/177 257/168/176 256/167/175
f 257/168/176 48/201/485 258/436/486 256/167/175
f 258/436/486 47/219/483 254/164/172 256/167/175
f 236/170/178 37/157/165 252/156/164 259/433/179
f 252/156/164 45/189/482 260/431/487 259/433/179
f 260/432/487 48/201/485 257/168/176 259/171/179
s 23
f 239/174/182 42/177/488 262/176/489 261/528/183
s 45
f 262/526/490 50/354/491 181/87/492 261/175/493
f 181/87/492 49/86/494 263/172/495 261/175/493
s off
f 243/178/496 43/450/497 265/216/498 264/527/499
s 28
f 265/513/226 51/215/225 182/355/500 264/179/501
s off
f 182/355/502 50/354/503 262/526/504 264/179/505
s 24
f 267/182/190 57/368/506 268/369/507 266/525/191
s 46
f 268/514/508 59/370/509 269/371/510 266/183/511
f 269/371/510 60/372/512 270/180/513 266/183/511
s off
f 248/186/514 41/479/515 263/524/516 271/523/517
f 263/172/518 49/86/519 184/85/520 271/187/521
s 47
f 184/85/522 52/211/523 272/184/524 271/187/525
s 25
f 251/190/198 46/193/526 274/192/527 273/522/199
s 48
f 274/520/528 54/356/529 189/95/530 273/191/531
f 189/95/530 53/94/532 275/188/533 273/191/531
s off
f 255/194/534 47/437/535 277/230/536 276/521/537
s 30
f 277/507/242 55/229/241 190/357/538 276/195/539
s off
f 190/357/540 54/356/541 274/520/542 276/195/543
s 26
f 279/198/206 61/373/544 280/374/545 278/519/207
s 49
f 280/508/546 63/375/547 281/376/548 278/199/549
f 281/376/548 64/377/550 282/196/551 278/199/549
s off
f 260/202/552 45/478/553 275/518/554 283/517/555
f 275/188/556 53/94/557 192/93/558 283/203/559
s 50
f 192/93/560 56/225/561 284/200/562 283/203/563
s 27
f 246/206/214 44/448/564 286/208/565 285/207/215
s 51
f 286/208/566 57/368/567 267/182/568 285/207/569
f 267/182/568 58/181/570 287/204/571 285/207/569
s 47
f 272/184/524 52/211/523 289/210/572 288/515/573
s off
f 289/210/574 59/370/575 268/514/576 288/515/577
f 268/369/578 57/368/579 286/208/580 288/209/581
s 10
f 183/212/222 51/215/395 291/214/582 290/213/223
s 52
f 291/214/583 60/372/584 269/371/585 290/213/586
f 269/371/585 59/370/587 289/210/588 290/213/586
s off
f 265/216/589 43/450/590 287/204/591 292/512/592
f 287/204/593 58/181/594 270/511/595 292/512/596
f 270/180/597 60/372/598 291/214/599 292/217/600
s 29
f 258/220/230 48/435/601 294/222/602 293/221/231
s 53
f 294/222/603 61/373/604 279/198/605 293/221/606
f 279/198/605 62/197/607 295/218/608 293/221/606
s 50
f 284/200/562 56/225/561 297/224/609 296/509/610
s off
f 297/224/611 63/375/612 280/508/613 296/509/614
f 280/374/615 61/373/616 294/222/617 296/223/618
s 12
f 191/226/238 55/229/398 299/228/619 298/227/239
s 54
f 299/228/620 64/377/621 281/376/622 298/227/623
f 281/376/622 63/375/624 297/224/625 298/227/623
s off
f 277/230/626 47/437/627 295/218/628 300/506/629
f 295/218/630 62/197/631 282/505/632 300/506/633
f 282/196/634 64/377/635 299/228/636 300/231/637
s 3
f 198/234/246 24/237/249 302/236/248 301/429/247
f 302/236/248 65/262/274 303/259/271 301/429/247
f 303/422/271 66/258/270 304/232/244 301/235/247
f 155/238/250 20/241/253 306/240/252 305/239/251
f 306/240/252 67/266/278 307/263/275 305/239/251
f 307/263/275 65/262/274 302/236/248 305/239/251
f 143/242/254 16/245/257 309/244/256 308/427/255
f 309/244/256 68/270/282 310/267/279 308/427/255
f 310/420/279 67/266/278 306/240/252 308/243/255
f 131/246/258 12/233/245 304/232/244 311/247/259
f 304/232/244 66/258/270 312/271/283 311/247/259
f 312/271/283 68/270/282 309/244/256 311/247/259
f 208/249/261 9/26/26 314/251/263 313/425/262
f 314/251/263 70/278/290 315/275/287 313/425/262
f 315/418/287 69/274/286 316/248/260 313/250/262
f 126/25/25 13/38/38 318/253/265 317/252/264
f 318/253/265 71/282/294 319/279/291 317/252/264
f 319/279/291 70/278/290 314/251/263 317/252/264
f 136/37/37 17/50/50 321/255/267 320/423/266
f 321/255/267 72/286/298 322/283/295 320/423/266
f 322/416/295 71/282/294 318/253/265 320/254/266
f 149/49/49 21/62/62 316/248/260 323/256/268
f 316/248/260 69/274/286 324/287/299 323/256/268
f 324/287/299 72/286/298 321/255/267 323/256/268
f 303/259/271 65/262/274 326/261/273 325/421/272
f 326/261/273 73/497/638 199/498/639 325/421/272
f 199/499/639 74/500/640 327/257/269 325/260/272
f 307/263/275 67/266/278 329/265/277 328/264/276
f 329/265/277 75/495/641 200/496/642 328/264/276
f 200/496/642 73/497/638 326/261/273 328/264/276
f 310/267/279 68/270/282 331/269/281 330/419/280
f 331/269/281 76/492/643 201/493/644 330/419/280
f 201/494/644 75/495/641 329/265/277 330/268/280
f 312/271/283 66/258/270 327/257/269 332/272/284
f 327/257/269 74/500/640 202/491/645 332/272/284
f 202/491/645 76/492/643 331/269/281 332/272/284
f 315/275/287 70/278/290 334/277/289 333/417/288
f 334/277/289 78/490/646 209/488/647 333/417/288
f 209/489/647 77/482/648 335/273/285 333/276/288
f 319/279/291 71/282/294 337/281/293 336/280/292
f 337/281/293 79/487/649 210/486/650 336/280/292
f 210/486/650 78/490/646 334/277/289 336/280/292
f 322/283/295 72/286/298 339/285/297 338/415/296
f 339/285/297 80/485/651 211/483/652 338/415/296
f 211/484/652 79/487/649 337/281/293 338/284/296
f 324/287/299 69/274/286 335/273/285 340/288/300
f 335/273/285 77/482/648 212/481/653 340/288/300
f 212/481/653 80/485/651 339/285/297 340/288/300
s off
f 129/291/654 15/46/655 342/293/656 341/292/657
s 3
f 342/293/658 82/305/319 343/302/316 341/292/659
f 343/302/316 81/301/315 344/289/660 341/292/659
f 145/45/45 19/471/58 346/295/308 345/411/307
f 346/295/308 83/309/323 347/306/320 345/411/661
f 347/406/320 82/305/319 342/293/658 345/294/661
f 151/55/309 18/475/54 349/297/311 348/296/310
f 349/297/311 84/313/327 350/310/324 348/296/310
f 350/310/324 83/309/323 346/295/308 348/296/310
f 134/298/312 14/480/662 344/289/663 351/407/313
f 344/289/660 81/301/315 352/314/328 351/407/664
f 352/403/328 84/313/327 349/297/311 351/299/664
f 343/302/316 82/305/319 354/304/318 353/303/317
f 354/304/318 86/345/371 138/43/43 353/303/317
f 138/43/43 85/42/42 355/300/314 353/303/317
f 347/306/320 83/309/323 357/308/322 356/405/321
f 357/308/322 87/347/373 139/404/372 356/405/321
f 139/346/372 86/345/371 354/304/318 356/307/321
f 350/310/324 84/313/327 359/312/326 358/311/325
f 359/312/326 88/349/375 140/348/374 358/311/325
f 140/348/374 87/347/373 357/308/322 358/311/325
f 352/314/328 81/301/315 355/300/314 360/402/329
f 355/300/314 85/42/42 141/401/41 360/402/329
f 141/41/41 88/349/375 359/312/326 360/315/329
f 205/317/331 89/342/356 362/341/355 361/399/332
f 362/341/355 5/14/14 207/398/114 361/399/332
f 207/113/114 25/112/113 363/316/330 361/318/332
f 159/319/333 26/322/336 365/321/335 364/320/334
f 365/321/335 91/78/78 168/75/75 364/320/334
f 168/75/75 90/74/74 363/316/330 364/320/334
f 163/323/337 27/326/340 367/325/339 366/324/338
f 367/325/339 92/82/82 173/79/79 366/324/338
f 173/79/79 91/78/78 365/321/335 366/324/338
f 166/327/341 28/351/377 369/394/665 368/328/342
f 369/394/665 93/352/387 177/83/83 368/328/342
f 177/83/83 92/82/82 367/325/339 368/328/342
f 195/331/345 93/352/387 369/394/665 370/396/346
f 369/394/665 28/351/377 197/395/103 370/396/346
f 197/103/103 8/102/102 371/329/343 370/332/346
f 109/335/349 94/330/344 371/329/343 372/336/350
f 371/329/343 8/102/102 120/23/23 372/336/350
f 120/23/23 7/22/22 373/333/347 372/336/350
f 105/339/353 95/334/348 373/333/347 374/340/354
f 373/333/347 7/22/22 116/19/19 374/340/354
f 116/19/19 6/18/18 375/337/351 374/340/354
f 100/343/357 96/338/352 375/337/351 376/344/358
f 375/337/351 6/18/18 111/15/15 376/344/358
f 111/15/15 5/14/14 362/341/355 376/344/358
s 55
f 202/385/666 74/380/667 377/106/668 378/105/669
s off
f 74/380/670 199/379/671 379/107/672 377/106/673
f 199/379/674 73/378/675 381/358/676 379/107/677
s 56
f 73/378/678 200/504/679 382/503/680 381/358/681
f 200/382/679 75/381/682 383/360/683 382/359/680
s off
f 75/381/684 201/384/685 384/361/686 383/360/687
f 201/384/688 76/383/689 385/362/690 384/361/691
s 55
f 76/383/692 202/385/666 378/105/669 385/362/693
s 57
f 212/393/694 77/388/695 387/116/696 386/501/697
s off
f 77/388/698 209/387/699 388/117/700 387/116/701
f 209/387/702 78/386/703 390/363/704 388/117/705
s 58
f 78/386/706 210/390/707 391/364/708 390/363/709
f 210/390/707 79/389/710 392/365/711 391/364/708
s off
f 79/389/712 211/392/713 393/366/714 392/365/715
f 211/392/716 80/391/717 394/367/718 393/366/719
s 57
f 80/391/720 212/502/694 386/115/697 394/367/721
