# This file uses centimeters as units for non-parametric coordinates.

mtllib fall_frame.21.mtl
g default
v -25.327299 39.739304 -33.833679
v -11.747189 35.557178 -34.348862
v -1.682332 27.499777 -35.703941
v 7.654625 16.301191 -37.075974
v -32.417881 36.025623 -52.740086
v -18.122108 35.478058 -58.059013
v -5.291364 23.233313 -62.098881
v -3.108467 8.241545 -61.808872
v -37.102970 36.288437 -75.372971
v -23.906919 33.077724 -74.237846
v -14.468788 22.956923 -80.539795
v -15.288260 12.183838 -91.014687
v -40.328506 43.666748 -81.077515
v -31.941004 34.658630 -93.157501
v -24.637770 27.214437 -97.838707
v -15.912790 16.338318 -101.493111
v -48.853802 37.342598 -83.284386
v -42.045467 28.456640 -94.079979
v -32.499508 18.298943 -100.300896
v -20.953957 7.318294 -103.023827
v -43.440426 31.493019 -77.088165
v -42.137920 18.298244 -77.843971
v -32.694080 8.191503 -84.145576
v -19.893545 6.309188 -92.489090
v -40.245678 26.679895 -48.885513
v -33.570450 14.797688 -50.756691
v -22.792950 4.724479 -54.109470
v -11.137524 -1.324180 -57.918613
v -26.492214 33.334400 -23.535561
v -13.383706 32.152435 -23.254892
v -5.265727 22.798628 -24.601204
v 1.224680 9.737002 -27.994444
v -21.357523 64.376717 -12.633510
v -13.771459 63.562317 -13.133550
v -13.989903 69.604866 -23.767021
v -21.534355 70.463547 -23.128572
v 18.057970 34.510654 -8.868051
v 22.487547 28.210669 -8.897661
v 29.173180 32.992359 -18.318050
v 24.696064 39.248009 -18.226835
v -21.630816 78.438049 14.094211
v -14.569241 76.732140 13.146407
v -12.289482 86.721741 10.471471
v -19.291733 88.482758 11.781948
v 25.841391 44.738926 18.331715
v 26.855719 37.502178 20.182083
v 37.487896 38.961922 20.002512
v 36.510815 46.181965 18.065813
v -21.285894 78.453613 19.434258
v -12.889380 76.306488 17.839569
v -8.228966 89.739861 14.914690
v -19.398804 92.637077 17.308369
v 24.514986 46.571709 22.869347
v 25.687294 37.914875 25.138960
v 40.091694 38.736771 26.228743
v 38.576710 50.034233 23.192411
v -15.892526 106.678070 10.605610
v -7.116288 104.381279 8.604537
v -15.023753 107.010017 14.034839
v -6.247516 104.713226 12.033767
v 54.315197 50.146702 20.703796
v 55.500069 41.254044 23.115969
v 53.869583 51.014114 24.120464
v 55.054459 42.121456 26.532637
v 8.477004 5.740952 -102.724312
v 4.396526 14.443380 -99.620872
v 3.919447 6.307914 -111.977829
v 0.443256 16.152056 -109.447563
v -49.443699 27.109497 -55.843048
v -43.653378 32.199738 -60.796009
v -51.689354 39.334423 -61.019073
v -57.736992 33.555561 -58.567425
v 28.660452 26.351929 -106.373123
v 23.077158 32.853542 -101.678337
v 27.106043 27.383512 -109.650314
v 21.522390 33.885784 -104.955147
v -33.970234 48.409500 -40.103699
v -29.639671 51.406334 -48.335743
v -32.464626 53.830273 -48.939423
v -36.795189 50.833439 -40.707378
v -36.115772 40.332222 -103.727242
v -25.129332 30.552631 -109.090240
v -33.460781 16.115732 -108.582581
v -48.654427 29.786684 -101.155617
v -41.319210 43.626682 -123.580299
v -31.171589 33.897835 -128.403107
v -44.208668 21.716068 -130.190689
v -53.882210 30.990402 -125.593208
v -25.030140 38.079151 -37.517200
v -30.201786 29.750053 -30.256586
v -21.338804 20.841484 -30.715338
v -13.469480 12.624414 -33.193790
v -2.619163 5.614625 -36.220383
v 4.229136 14.228346 -43.169235
v -2.279807 25.364067 -43.239193
v -13.304489 34.849918 -41.032974
v -19.158743 37.436050 -37.295494
v -19.332884 39.320194 -35.499184
v -12.415104 34.976528 -37.792961
v -19.573759 37.523571 -39.762115
v -25.081690 37.891636 -35.273323
v -6.680572 30.899752 -38.580399
v -5.600988 32.731083 -35.600395
v -1.574196 25.969185 -39.513527
v -7.618914 30.319353 -41.963665
v 2.877656 20.522844 -40.490807
v 4.616230 21.571352 -37.677578
v 5.659766 14.954633 -39.852066
v 1.983442 19.758299 -43.861916
v -29.484081 34.869545 -62.953259
v -26.079756 37.058300 -55.167141
v -22.154633 32.982895 -64.829727
v -31.454758 35.877308 -72.580963
v -35.761974 34.860306 -61.599941
v -15.486556 26.731678 -67.037552
v -11.176066 29.964619 -60.304012
v -9.827512 20.357557 -71.191414
v -20.163736 27.259682 -77.638664
v -8.400811 12.890498 -73.658096
v -2.975852 15.029251 -62.396736
v -8.531732 6.322423 -75.772476
v -12.745618 15.682837 -85.070976
v -32.451694 38.618515 -82.159409
v -27.730078 35.556480 -86.263252
v -36.236393 40.958633 -89.241333
v -37.473362 41.482098 -76.936287
v -23.390844 30.894218 -88.356415
v -19.448534 26.677546 -91.765930
v -28.391418 32.936665 -98.032310
v -16.048912 20.686089 -93.450577
v -14.227394 15.523143 -96.477249
v -19.062532 22.436430 -101.128242
v -41.754749 38.221905 -91.735474
v -37.596416 32.206150 -95.858063
v -47.354527 34.536400 -90.594658
v -44.982384 40.984047 -82.458572
v -39.300751 38.134739 -131.154587
v -35.965843 39.065182 -126.014565
v -35.657818 29.108952 -131.573166
v -50.549671 25.041376 -128.410629
v -47.937195 40.906250 -125.732468
v -24.064590 19.090870 -104.126976
v -18.943151 12.182050 -103.093575
v -27.727922 12.948982 -104.356346
v -28.925234 23.670515 -101.224731
v -46.779640 29.293615 -84.867340
v -43.599281 23.872208 -88.913574
v -45.906120 24.774481 -75.217247
v -47.318508 33.349331 -80.629776
v -38.850128 18.771490 -92.061852
v -38.520119 22.625975 -99.116478
v -34.084915 13.679959 -95.284134
v -37.397717 13.210804 -80.926392
v -28.160601 8.608915 -97.323006
v -19.519339 4.702901 -97.888321
v -26.532051 3.855053 -88.383926
v -43.352066 20.435755 -62.535839
v -39.100925 14.049845 -64.911758
v -38.364746 20.656084 -49.131947
v -44.337540 26.679541 -60.985935
v -34.210918 8.823357 -67.538963
v -29.061663 3.922241 -69.896942
v -28.321123 9.527172 -52.531963
v -23.068600 -0.593812 -73.045837
v -17.095573 -2.207722 -75.883446
v -16.944359 0.206929 -55.863701
v -24.047735 26.956717 -25.556446
v -26.813663 24.990128 -29.553652
v -18.497526 23.324881 -26.808386
v -21.714323 30.251272 -22.330605
v -28.047106 30.794230 -26.393316
v -14.636645 19.669500 -28.167133
v -17.440533 16.860983 -32.196266
v -11.190574 15.094279 -29.136477
v -11.878047 23.247427 -24.591290
v -6.207214 10.063998 -29.861420
v -8.087251 7.877347 -34.109154
v -0.945147 7.439168 -31.812477
v -3.814672 12.826106 -25.999969
v -15.752868 83.055565 17.481884
v -17.662022 75.019791 19.166237
v -10.170354 81.657806 16.370985
v -13.809260 91.185539 16.126093
v -21.380020 84.532227 18.548092
v -5.389670 34.204964 -33.543888
v 4.120517 29.636894 -23.689779
v -11.803966 45.416634 -24.215631
v 31.066565 43.090145 24.109156
v 22.822586 41.899731 24.005791
v 31.880054 37.438065 25.601692
v 39.326866 44.387741 24.722551
v 30.345415 48.744251 22.610470
v 3.202732 9.974881 -35.752949
v 5.179576 11.836283 -32.387329
v 1.746194 8.619597 -39.722527
v -11.469918 0.322873 -76.170151
v -5.879966 1.887778 -60.178413
v -15.435026 8.707155 -91.742050
v 26.109747 29.481787 -103.289055
v 28.573385 26.136797 -108.163658
v 24.208895 30.743290 -107.296654
v 21.745514 34.087845 -102.422318
v -27.974617 34.666168 -30.325737
v -27.300297 36.717701 -28.221640
v -29.110781 34.503128 -33.431492
v -41.412472 31.977009 -59.905823
v -38.086582 32.562469 -50.261959
v -39.655861 33.828606 -75.325150
v -31.166172 49.452805 -44.210075
v -30.245584 52.767277 -49.612579
v -34.620750 52.416988 -44.948303
v -35.541336 49.102516 -39.545795
v -18.848627 46.353813 -16.417347
v -14.523471 47.627884 -18.385075
v -17.393698 63.318508 -11.897481
v -23.691292 48.922371 -17.604799
v -12.920465 50.030743 -24.248081
v -14.975121 53.279774 -29.787054
v -12.409342 66.693054 -18.868835
v -19.505966 53.865814 -31.700462
v -24.293982 54.455151 -29.106899
v -17.672878 71.158768 -25.659868
v -25.294226 51.726086 -23.291538
v -22.505209 67.848625 -18.131268
v 7.404029 21.672459 -16.796402
v 12.098362 19.088531 -17.992693
v 19.598234 31.072407 -8.057950
v 6.225424 26.479101 -17.646946
v 15.820448 20.760159 -23.161592
v 18.222034 24.466059 -28.106352
v 26.593271 29.863575 -13.831550
v 15.416458 28.715685 -30.026440
v 12.353655 31.850716 -27.782394
v 28.029526 37.149765 -20.031013
v 8.153269 30.440372 -22.739838
v 20.867346 38.106636 -13.808206
v -18.815104 68.331810 1.070355
v -14.462777 69.238297 -0.128827
v -18.554876 75.655319 14.248075
v -22.511969 70.764900 -0.555082
v -11.886121 74.580307 -3.197271
v -12.151715 80.227837 -6.572071
v -12.345047 81.123177 11.571979
v -15.688901 82.922852 -7.493401
v -20.166187 81.636208 -7.002474
v -15.127132 90.563507 10.729646
v -22.602257 76.532974 -3.742888
v -21.764141 83.385880 12.873065
v 20.346970 37.421684 5.424001
v 22.760416 33.357334 5.380322
v 24.442915 40.868759 19.426666
v 21.592924 41.476337 3.534505
v 29.214741 32.693691 3.727431
v 35.273544 34.362312 1.345775
v 32.043545 37.001083 20.072952
v 36.720093 38.736473 0.212013
v 34.140003 42.499325 -0.459416
v 39.907013 43.024300 19.353094
v 27.755764 43.323559 1.317810
v 30.735611 46.457157 17.652340
v -18.291603 74.722374 16.638958
v -13.522430 76.023262 15.324088
v -21.933552 78.138535 16.794821
v -10.819253 81.349487 13.738947
v -8.897344 89.436806 12.207850
v -10.973619 107.601624 9.554839
v -11.742287 105.438782 8.666108
v -16.545824 109.059906 10.825359
v -10.397753 105.952515 13.973269
v -5.401416 106.143341 8.284320
v -22.042273 84.181061 15.776692
v -20.065382 92.326157 14.594443
v 23.051609 41.255684 21.526163
v 25.920532 37.254658 22.581230
v 24.738359 45.915730 20.333572
v 32.132828 36.748116 22.898354
v 40.383930 38.049824 23.532997
v 56.960659 46.096790 22.362852
v 55.029648 45.462864 20.974356
v 56.208359 51.742916 20.831316
v 54.340008 46.805290 26.262075
v 57.712959 40.450665 23.894388
v 30.594872 48.059116 19.930742
v 38.872787 49.345085 20.485464
v -13.423499 98.021690 9.785622
v -18.345795 99.314598 10.922884
v -8.498779 96.735062 8.670835
v -18.338593 99.736137 13.659822
v -17.652504 100.000793 16.370945
v -12.083360 98.544373 15.090625
v -6.509468 97.087006 13.829187
v -7.195625 96.820229 11.113744
v 47.468979 44.266251 20.272068
v 46.803673 49.254425 18.914539
v 48.134541 39.280331 21.640354
v 46.383926 50.566158 21.313292
v 46.038231 51.251713 24.011566
v 46.790154 45.605938 25.544809
v 47.538174 39.962788 27.091331
v 47.887596 39.276329 24.388094
v -3.232402 10.416824 -97.071945
v -3.732107 5.901443 -97.977623
v 7.277174 9.950772 -99.926422
v -3.666682 14.665129 -98.610023
v -5.214115 4.647535 -101.703697
v -6.969105 5.367698 -106.248528
v 6.653928 5.046481 -107.148689
v -7.155573 9.808599 -107.162598
v -6.802669 14.310608 -106.833405
v 2.216776 11.429084 -111.733818
v -5.096488 15.396420 -102.445305
v 2.054263 16.258102 -103.728249
v -43.432007 30.868216 -66.868416
v -41.653187 34.969799 -65.237648
v -45.227966 28.825661 -57.468407
v -47.072548 28.807758 -69.011200
v -43.831047 38.769058 -65.584480
v -47.562298 41.680439 -66.984337
v -46.756908 35.976059 -61.560833
v -50.791668 39.117504 -69.002647
v -53.185253 35.351097 -70.591438
v -55.243843 37.110004 -59.165695
v -50.524712 31.117920 -70.120049
v -54.006207 29.306330 -57.104626
v 14.128433 15.896647 -99.869499
v 16.279156 12.724762 -103.788864
v 10.584919 19.749117 -99.010681
v 15.100469 12.880489 -107.951965
v 12.270864 14.982000 -112.321091
v 9.268563 18.902119 -110.338531
v 6.596128 22.325417 -107.553795
v 8.190151 21.670742 -102.156441
v -39.245907 35.151470 -52.912205
v -38.255428 37.900051 -57.361713
v -43.132267 34.320797 -49.028957
v -40.952698 40.946739 -58.947865
v -45.748932 44.030006 -58.700008
v -48.662033 42.355328 -54.574467
v -51.010395 39.964394 -50.666264
v -47.150406 36.267757 -48.979012
v -26.056812 37.094063 -99.783409
v -27.206957 27.430162 -103.214203
v -28.703382 37.667542 -106.443901
v -35.744007 35.180359 -98.418396
v -27.994331 23.104841 -104.109070
v -33.314953 20.793650 -103.233734
v -27.353451 21.643341 -109.794144
v -40.050018 22.063168 -101.401665
v -41.816673 28.541683 -98.444298
v -41.634193 22.231649 -104.838669
v -39.934158 33.985912 -97.433929
v -44.312649 36.716652 -101.500351
v -31.828630 39.764423 -118.629936
v -26.802830 30.950947 -123.530586
v -41.498890 45.040527 -116.546074
v -32.349739 23.050804 -124.070175
v -39.178318 17.590399 -122.310051
v -47.889965 22.937466 -118.570213
v -53.737896 31.549129 -115.390404
v -49.175041 39.181759 -116.073715
v -33.752560 34.223988 -42.458725
v -28.708614 37.809788 -45.915302
v -35.586044 28.635628 -39.987309
v -33.124352 22.863091 -39.627563
v -27.772764 17.699402 -40.510143
v -22.980406 12.918187 -42.114613
v -17.620811 8.618017 -42.733166
v -11.914878 3.992232 -44.191689
v -6.162944 2.302891 -46.214790
v -1.494047 5.571975 -49.347916
v 0.885672 11.672713 -52.225140
v -0.587390 17.632128 -53.945484
v -3.662512 23.324034 -53.480812
v -10.776478 29.290312 -53.021511
v -17.323277 35.454124 -50.517773
v -23.187174 37.733490 -49.047195
v 32.808746 42.805454 -102.903313
v 31.338890 44.160896 -103.764893
v 35.945995 39.249088 -104.970093
v 35.019508 39.863956 -106.923424
v 38.863605 35.754456 -107.994698
v 38.743244 35.538387 -109.991035
v 37.114201 36.915447 -111.682991
v 33.971413 40.559517 -109.133133
v 31.059343 43.966446 -106.591606
v -28.834234 58.750923 -31.990770
v -27.083395 57.958965 -32.585678
v -24.318306 59.326801 -37.097488
v -25.962915 60.737949 -37.448936
v -22.387375 61.208702 -41.512424
v -23.091589 62.724960 -42.907101
v -25.566723 63.936718 -42.191841
v -27.906879 62.405949 -37.864353
v -30.262730 60.686977 -33.265083
vt 0.208431 0.494797
vt 0.208575 0.478116
vt 0.229443 0.475893
vt 0.229271 0.493426
vt 0.252729 0.492198
vt 0.256170 0.471571
vt 0.275357 0.475888
vt 0.275429 0.493819
vt 0.298111 0.492176
vt 0.294163 0.471736
vt 0.321331 0.475953
vt 0.321541 0.493432
vt 0.198757 0.641525
vt 0.200055 0.589825
vt 0.221664 0.590600
vt 0.219751 0.640956
vt 0.244967 0.639373
vt 0.247968 0.591507
vt 0.275466 0.591669
vt 0.275481 0.635804
vt 0.305994 0.639365
vt 0.302966 0.591494
vt 0.329276 0.590573
vt 0.331197 0.640955
vt 0.199789 0.728809
vt 0.197393 0.704590
vt 0.219517 0.692482
vt 0.227784 0.730211
vt 0.252859 0.733034
vt 0.249003 0.687406
vt 0.275511 0.688085
vt 0.275516 0.730408
vt 0.298175 0.733010
vt 0.302021 0.687396
vt 0.331536 0.692451
vt 0.323246 0.730162
vt 0.805511 0.686057
vt 0.204711 0.752714
vt 0.229559 0.760254
vt 0.782889 0.696424
vt 0.784986 0.875584
vt 0.254181 0.941082
vt 0.275435 0.940431
vt 0.742298 0.896742
vt 0.699334 0.736241
vt 0.297037 0.807427
vt 0.321459 0.760204
vt 0.696358 0.696343
vt 0.808954 0.641287
vt 0.805193 0.664541
vt 0.784300 0.671779
vt 0.785729 0.644267
vt 0.763331 0.647822
vt 0.762442 0.673765
vt 0.742276 0.741120
vt 0.739609 0.647377
vt 0.715889 0.647774
vt 0.716786 0.673709
vt 0.694936 0.671695
vt 0.693494 0.644181
vt 0.806875 0.557726
vt 0.810121 0.617205
vt 0.790367 0.607046
vt 0.787575 0.557696
vt 0.763367 0.556090
vt 0.764746 0.603486
vt 0.739627 0.603152
vt 0.739688 0.556093
vt 0.716014 0.556064
vt 0.714496 0.603455
vt 0.688836 0.606971
vt 0.691820 0.557642
vt 0.803405 0.420481
vt 0.802841 0.435733
vt 0.782960 0.432290
vt 0.783371 0.416064
vt 0.759505 0.410786
vt 0.759570 0.428509
vt 0.739756 0.426992
vt 0.739743 0.409699
vt 0.720007 0.410786
vt 0.719946 0.428500
vt 0.696571 0.432245
vt 0.696182 0.416016
vt 0.819305 0.093413
vt 0.797386 0.086157
vt 0.790779 0.072322
vt 0.822344 0.073237
vt 0.265809 0.416173
vt 0.762697 0.377789
vt 0.739788 0.389948
vt 0.275377 0.462947
vt 0.364323 0.097210
vt 0.342669 0.089884
vt 0.336664 0.075169
vt 0.367299 0.076188
vt 0.342559 0.494848
vt 0.342402 0.478170
vt 0.366070 0.480227
vt 0.366198 0.495669
vt 0.352247 0.641476
vt 0.350872 0.589816
vt 0.374237 0.588973
vt 0.374011 0.638442
vt 0.936729 0.462892
vt 0.940585 0.464321
vt 0.946953 0.476690
vt 0.936605 0.482861
vt 0.804780 0.405462
vt 0.824266 0.410023
vt 0.823186 0.423812
vt 0.805355 0.509178
vt 0.825584 0.509339
vt 0.825621 0.554997
vt 0.118742 0.522844
vt 0.058006 0.517789
vt 0.074507 0.510871
vt 0.084702 0.516921
vt 0.822269 0.350445
vt 0.784755 0.399833
vt 0.805305 0.347137
vt 0.793942 0.336256
vt 0.777469 0.322538
vt 0.236211 0.409364
vt 0.220899 0.415267
vt 0.203041 0.415110
vt 0.182178 0.419746
vt 0.685950 0.336155
vt 0.717407 0.377787
vt 0.694840 0.399772
vt 0.674409 0.347030
vt 0.657366 0.350391
vt 0.674734 0.405426
vt 0.637625 0.358046
vt 0.347747 0.415166
vt 0.329799 0.415381
vt 0.314324 0.409429
vt 0.706215 0.336018
vt 0.292514 0.404556
vt 0.870618 0.237836
vt 0.844433 0.293934
vt 0.832214 0.287148
vt 0.858351 0.228645
vt 0.844944 0.223065
vt 0.821107 0.280742
vt 0.243727 0.342391
vt 0.826584 0.212775
vt 0.214622 0.282882
vt 0.224361 0.346790
vt 0.210147 0.349538
vt 0.199596 0.284960
vt 0.184434 0.288656
vt 0.194986 0.352422
vt 0.864110 0.304875
vt 0.163133 0.290367
vt 0.634803 0.222910
vt 0.658751 0.280554
vt 0.647480 0.287052
vt 0.621343 0.228556
vt 0.609012 0.237734
vt 0.635143 0.293889
vt 0.375465 0.356065
vt 0.590820 0.249121
vt 0.366326 0.288752
vt 0.355651 0.352469
vt 0.340563 0.349608
vt 0.351134 0.285011
vt 0.336042 0.282967
vt 0.326383 0.346874
vt 0.678330 0.268182
vt 0.315081 0.275917
vt 0.789900 0.091626
vt 0.894734 0.181072
vt 0.223763 0.023658
vt 0.779683 0.072008
vt 0.205625 0.023651
vt 0.212375 0.030485
vt 0.208733 0.046428
vt 0.818124 0.043214
vt 0.919973 0.054113
vt 0.218394 0.124576
vt 0.231547 0.124829
vt 0.925982 0.076298
vt 0.853028 0.105343
vt 0.173602 0.224408
vt 0.245023 0.044913
vt 0.815784 0.102925
vt 0.335499 0.095534
vt 0.609223 0.166963
vt 0.147562 0.023794
vt 0.325939 0.074804
vt 0.129108 0.019171
vt 0.133886 0.026698
vt 0.125138 0.040618
vt 0.363323 0.044920
vt 0.461211 0.056389
vt 0.114656 0.083148
vt 0.128082 0.110700
vt 0.466974 0.079440
vt 0.396801 0.109583
vt 0.345740 0.218419
vt 0.158805 0.046562
vt 0.361009 0.107136
vt 0.212264 0.093809
vt 0.204982 0.218327
vt 0.226791 0.056935
vt 0.229179 0.093286
vt 0.246067 0.092223
vt 0.255137 0.092099
vt 0.884191 0.095549
vt 0.853655 0.095653
vt 0.854753 0.074189
vt 0.884265 0.075061
vt 0.885799 0.054616
vt 0.855335 0.052709
vt 0.203340 0.068369
vt 0.888472 0.044995
vt 0.116537 0.064410
vt 0.377147 0.224500
vt 0.136900 0.057215
vt 0.135301 0.068971
vt 0.159593 0.072808
vt 0.169578 0.075371
vt 0.426769 0.099419
vt 0.397393 0.099512
vt 0.398467 0.077209
vt 0.426850 0.078134
vt 0.428347 0.056895
vt 0.399054 0.054890
vt 0.111199 0.052142
vt 0.430928 0.046902
vt 0.398347 0.732496
vt 0.353774 0.704759
vt 0.655189 0.607952
vt 0.404645 0.715309
vt 0.625247 0.642548
vt 0.669008 0.617360
vt 0.670290 0.641156
vt 0.629866 0.657272
vt 0.633967 0.675274
vt 0.674058 0.664432
vt 0.345812 0.774768
vt 0.637449 0.692485
vt 0.387906 0.765553
vt 0.346295 0.752641
vt 0.351218 0.728717
vt 0.392980 0.747350
vt 0.854032 0.642643
vt 0.181252 0.694641
vt 0.859345 0.625630
vt 0.152631 0.732602
vt 0.157999 0.747449
vt 0.163074 0.765647
vt 0.167481 0.783084
vt 0.845329 0.675366
vt 0.849419 0.657366
vt 0.462802 0.754848
vt 0.433121 0.744888
vt 0.586158 0.633072
vt 0.469035 0.736153
vt 0.562716 0.661102
vt 0.591598 0.653084
vt 0.596668 0.669873
vt 0.567525 0.676181
vt 0.573571 0.695803
vt 0.602326 0.689166
vt 0.414557 0.801264
vt 0.575415 0.714705
vt 0.450039 0.789809
vt 0.420413 0.781867
vt 0.427222 0.762131
vt 0.457315 0.770152
vt 0.916571 0.661069
vt 0.887682 0.653104
vt 0.112049 0.724515
vt 0.922852 0.642462
vt 0.088177 0.754903
vt 0.117860 0.744959
vt 0.123753 0.762207
vt 0.093657 0.770210
vt 0.100926 0.789871
vt 0.130556 0.781946
vt 0.872833 0.708772
vt 0.104321 0.808576
vt 0.905760 0.695791
vt 0.876995 0.689207
vt 0.882631 0.669903
vt 0.911782 0.676158
vt 0.245118 0.820265
vt 0.256063 0.761423
vt 0.275458 0.816348
vt 0.275456 0.817082
vt 0.305796 0.819611
vt 0.322444 0.827635
vt 0.716707 0.746651
vt 0.742277 0.751635
vt 0.767846 0.746640
vt 0.232576 0.815700
vt 0.789238 0.746868
vt 0.242805 0.909093
vt 0.242913 0.847487
vt 0.275453 0.850080
vt 0.275444 0.899369
vt 0.308078 0.909112
vt 0.307992 0.847504
vt 0.685718 0.768892
vt 0.335635 0.923345
vt 0.710517 0.826756
vt 0.709025 0.772272
vt 0.742280 0.767854
vt 0.742288 0.823907
vt 0.774059 0.826743
vt 0.775535 0.772258
vt 0.216918 0.852154
vt 0.800161 0.835727
vt 0.803587 0.472219
vt 0.184266 0.511368
vt 0.823748 0.473030
vt 0.786007 0.508646
vt 0.783967 0.470951
vt 0.760849 0.468488
vt 0.762764 0.507838
vt 0.739729 0.507585
vt 0.739749 0.469813
vt 0.718652 0.468468
vt 0.716699 0.507812
vt 0.693463 0.508589
vt 0.695538 0.470900
vt 0.347089 0.550471
vt 0.343449 0.511536
vt 0.656251 0.437958
vt 0.370672 0.549455
vt 0.305626 0.550928
vt 0.300328 0.509969
vt 0.323635 0.511057
vt 0.326613 0.553291
vt 0.245263 0.550946
vt 0.250519 0.509979
vt 0.275426 0.509223
vt 0.275447 0.553833
vt 0.203857 0.550446
vt 0.207534 0.511493
vt 0.227207 0.511082
vt 0.224277 0.553331
vt 0.296688 0.941095
vt 0.317831 0.963343
vt 0.722395 0.859395
vt 0.742293 0.859091
vt 0.762190 0.859387
vt 0.672412 0.557619
vt 0.673996 0.509116
vt 0.676597 0.435714
vt 0.676064 0.420456
vt 0.798456 0.058765
vt 0.820876 0.052919
vt 0.343747 0.061021
vt 0.365907 0.055032
vt 0.963235 0.483911
vt 0.902883 0.489040
vt 0.909072 0.482168
vt 0.925033 0.475729
vt 0.931354 0.463643
vt 0.080884 0.498420
vt 0.084741 0.496992
vt 0.090126 0.497750
vt 0.096539 0.509638
vt 0.112499 0.516024
vt 0.245369 0.109349
vt 0.249130 0.116712
vt 0.914174 0.091435
vt 0.914507 0.075957
vt 0.915392 0.060496
vt 0.143488 0.116794
vt 0.145270 0.126440
vt 0.455609 0.095160
vt 0.455938 0.079081
vt 0.456800 0.063019
vt 0.982240 0.434188
vt 0.963585 0.427947
vt 0.946509 0.423110
vt 0.890921 0.433118
vt 0.882130 0.436526
vt 0.926679 0.423006
vt 0.909612 0.427375
vt 0.937930 0.422313
vt 0.075163 0.457134
vt 0.058225 0.461798
vt 0.039557 0.467684
vt 0.094859 0.456979
vt 0.083682 0.456346
vt 0.130564 0.466891
vt 0.111877 0.461251
vt 0.033116 0.470128
vt 0.675805 0.472192
vt 0.653419 0.509254
vt 0.655248 0.472962
vt 0.367019 0.511392
vt 0.176921 0.588998
vt 0.180547 0.549455
vt 0.822760 0.437993
vt 0.233028 0.963316
vt 0.215241 0.923308
vt 0.798841 0.768868
vt 0.699605 0.875602
vt 0.684417 0.835751
vt 0.333987 0.852188
vt 0.228471 0.827609
vt 0.254212 0.785439
vt 0.759269 0.697501
vt 0.785216 0.736222
vt 0.695315 0.746888
vt 0.719972 0.697428
vt 0.296799 0.785396
vt 0.318344 0.815723
vt 0.903939 0.714697
vt 0.136407 0.801345
vt 0.081951 0.736203
vt 0.893090 0.633076
vt 0.446638 0.808511
vt 0.606509 0.708725
vt 0.556410 0.642507
vt 0.438944 0.724452
vt 0.841861 0.692578
vt 0.205190 0.774839
vt 0.146366 0.715395
vt 0.823906 0.608060
vt 0.383498 0.782992
vt 0.673752 0.685953
vt 0.619881 0.625562
vt 0.369876 0.694574
vt 0.624476 0.158216
vt 0.327082 0.211968
vt 0.653476 0.212425
vt 0.306569 0.342322
vt 0.153133 0.050558
vt 0.361352 0.222428
vt 0.125968 0.045756
vt 0.396618 0.225899
vt 0.569871 0.190223
vt 0.388031 0.290471
vt 0.615162 0.304972
vt 0.596954 0.173816
vt 0.584932 0.180968
vt 0.909456 0.190131
vt 0.154402 0.225852
vt 0.888489 0.249012
vt 0.175675 0.355943
vt 0.241882 0.047343
vt 0.189385 0.222364
vt 0.213528 0.046751
vt 0.223402 0.212053
vt 0.855547 0.158550
vt 0.235225 0.276013
vt 0.801766 0.268578
vt 0.882733 0.173912
vt 0.870470 0.167071
vt 0.702590 0.322102
vt 0.284431 0.416033
vt 0.369025 0.419829
vt 0.654789 0.409992
vt 0.841623 0.358035
vt 0.185243 0.480200
vt 0.257695 0.404697
vt 0.773758 0.336466
vt 0.177136 0.638471
vt 0.185108 0.495641
vt 0.653403 0.554919
vt 0.655840 0.423782
vt 0.740026 0.329135
vt 0.739609 0.679991
vt 0.717946 0.727940
vt 0.321543 0.784229
vt 0.275425 0.981496
vt 0.229466 0.784279
vt 0.766602 0.727930
vt 0.275513 0.766895
vt 0.294962 0.761394
vt 0.158494 0.031032
vt 0.235614 0.029385
vt 0.253884 0.807420
vt 0.968218 0.693073
vt 0.970279 0.686813
vt 0.964692 0.720144
vt 0.041234 0.817480
vt 0.965692 0.701614
vt 0.035620 0.790589
vt 0.038855 0.799577
vt 0.026837 0.766821
vt 0.976742 0.669618
vt 0.033170 0.783659
vt 0.515345 0.790561
vt 0.512107 0.799546
vt 0.509721 0.817448
vt 0.514670 0.720260
vt 0.513647 0.701731
vt 0.511110 0.693195
vt 0.509040 0.686939
vt 0.502555 0.669755
vt 0.524137 0.766797
vt 0.517798 0.783632
vt 0.052820 0.522857
vt 0.139366 0.470253
vt 0.968347 0.489050
vt 0.988625 0.436785
vt 0.108883 0.091107
vt 0.106409 0.062482
vt 0.399209 0.044805
vt 0.459518 0.102060
vt 0.428604 0.109556
vt 0.167704 0.057128
vt 0.215342 0.132259
vt 0.203222 0.094543
vt 0.855471 0.043005
vt 0.918242 0.098075
vt 0.886101 0.105305
vt 0.255511 0.067846
vt 0.169019 0.047690
vt 0.166893 0.025823
vt 0.125973 0.120002
vt 0.337008 0.054912
vt 0.115292 0.038211
vt 0.149847 0.015689
vt 0.254586 0.043904
vt 0.241676 0.021944
vt 0.231922 0.132778
vt 0.791425 0.052872
vt 0.199112 0.046316
vt 0.223332 0.014444
vn -0.186510 0.631575 -0.752547
vn -0.186510 0.631575 -0.752547
vn 0.110130 0.776899 -0.619919
vn 0.224371 0.807569 -0.545427
vn 0.390300 0.819674 -0.419286
vn 0.441059 0.575804 -0.688416
vn 0.554316 0.658882 -0.508536
vn 0.402517 0.815577 -0.415708
vn 0.625130 0.663185 -0.411581
vn 0.431285 0.705328 -0.562589
vn 0.672746 0.529559 -0.516702
vn 0.671798 0.532330 -0.515085
vn -0.311981 0.949072 0.043928
vn -0.340044 0.940325 -0.012637
vn 0.022249 0.979898 -0.198255
vn 0.083421 0.991846 -0.096343
vn 0.406766 0.864922 -0.294026
vn 0.399992 0.868476 -0.292842
vn 0.582958 0.743387 -0.327927
vn 0.571532 0.727597 -0.379412
vn 0.768859 0.510915 -0.384477
vn 0.750623 0.543451 -0.375801
vn 0.903979 0.171272 -0.391776
vn 0.908048 0.163231 -0.385751
vn 0.519048 0.786379 0.334958
vn 0.351050 0.833825 0.426028
vn 0.265612 0.957280 0.114305
vn 0.514521 0.856257 0.045731
vn 0.607220 0.787841 -0.102913
vn 0.593194 0.802890 -0.059070
vn 0.689587 0.716121 -0.107887
vn 0.683187 0.719202 -0.126510
vn 0.743923 0.641586 -0.186937
vn 0.791523 0.584683 -0.177870
vn 0.931964 0.218640 -0.289204
vn 0.877966 0.430958 -0.208450
vn -0.533753 0.803051 -0.264986
vn 0.011285 0.997714 -0.066638
vn 0.221849 0.872083 -0.436182
vn -0.308330 0.640807 -0.703064
vn -0.603936 0.594018 -0.531417
vn 0.032458 0.955221 -0.294107
vn 0.478768 0.736020 -0.478597
vn -0.102584 0.356414 -0.928679
vn 0.158980 0.191329 -0.968565
vn 0.551343 0.688570 -0.471054
vn 0.540472 0.572304 -0.616732
vn 0.000509 0.278928 -0.960312
vn -0.890935 -0.436734 -0.124491
vn -0.889569 0.355043 -0.287422
vn -0.810689 0.172660 -0.559439
vn -0.937331 -0.329061 -0.114582
vn -0.845566 -0.467948 -0.256987
vn -0.843659 -0.168041 -0.509903
vn -0.772122 -0.458303 -0.440212
vn -0.783877 -0.549151 -0.289774
vn -0.728886 -0.598670 -0.332143
vn -0.631740 -0.415054 -0.654702
vn -0.437504 -0.334391 -0.834729
vn -0.570900 -0.746590 -0.341580
vn -0.959043 0.196876 0.203659
vn -0.976331 -0.212062 0.042527
vn -0.967307 -0.251560 0.032161
vn -0.900992 -0.392171 0.185515
vn -0.741681 -0.654977 0.144620
vn -0.815039 -0.573464 -0.082763
vn -0.754291 -0.646466 -0.114572
vn -0.677346 -0.724937 0.125173
vn -0.616360 -0.780369 0.105470
vn -0.694513 -0.707228 -0.132217
vn -0.424155 -0.871723 -0.245340
vn -0.402262 -0.915480 -0.009084
vn -0.793590 -0.223510 0.565913
vn -0.853413 -0.066085 0.517029
vn -0.583475 -0.593346 0.554524
vn -0.473970 -0.615395 0.629794
vn -0.357910 -0.663494 0.657021
vn -0.456595 -0.683416 0.569617
vn -0.486926 -0.653242 0.579809
vn -0.422511 -0.600035 0.679295
vn -0.492053 -0.593180 0.637198
vn -0.505983 -0.666213 0.547852
vn -0.365804 -0.793938 0.485644
vn -0.382198 -0.734943 0.560164
vn 0.219728 0.119293 0.968240
vn 0.217565 0.147732 0.964801
vn 0.222780 0.147762 0.963605
vn 0.224361 0.124295 0.966547
vn 0.970601 0.129570 0.202843
vn 0.711873 -0.087329 0.696857
vn 0.077374 0.012389 0.996925
vn 0.689709 0.669480 0.275859
vn -0.085467 0.247060 0.965224
vn -0.049371 0.251323 0.966643
vn -0.049718 0.248021 0.967478
vn -0.083812 0.244873 0.965926
vn 0.781976 -0.591436 -0.196766
vn 0.781976 -0.591436 -0.196766
vn 0.781976 -0.591436 -0.196766
vn 0.781976 -0.591436 -0.196766
vn 0.912997 -0.193785 -0.359003
vn 0.920319 -0.241228 -0.307933
vn 0.706391 -0.694054 -0.138926
vn 0.653042 -0.687949 -0.316642
vn 0.709668 0.694591 -0.117964
vn 0.709668 0.694590 -0.117962
vn 0.709668 0.694590 -0.117962
vn 0.709668 0.694590 -0.117964
vn -0.949443 0.195516 0.245625
vn -0.949443 0.195516 0.245625
vn -0.949443 0.195516 0.245625
vn -0.949443 0.195516 0.245625
vn -0.919348 0.021282 0.392869
vn -0.722196 0.654542 0.223625
vn -0.712298 0.686234 0.147358
vn 0.492373 0.701985 0.514573
vn 0.492373 0.701985 0.514574
vn 0.492373 0.701985 0.514574
vn 0.492373 0.701985 0.514573
vn -0.335524 -0.249503 0.908390
vn -0.376241 -0.264583 0.887941
vn -0.028578 -0.313484 0.949163
vn 0.007324 -0.301909 0.953309
vn 0.956747 -0.065908 0.283356
vn 0.961313 -0.074070 0.265314
vn 0.727141 0.218364 -0.650833
vn 0.081969 0.285438 -0.954885
vn -0.008029 0.314919 -0.949085
vn -0.976148 0.178474 -0.123621
vn -0.972224 0.156077 -0.174415
vn -0.972224 0.156077 -0.174415
vn -0.975734 0.175013 -0.131578
vn -0.550152 -0.082273 0.831002
vn -0.528405 -0.125168 0.839715
vn -0.322003 -0.438666 0.838980
vn -0.371333 -0.366832 0.852963
vn 0.563044 -0.812744 0.149766
vn 0.568019 -0.811712 0.135935
vn 0.568019 -0.811712 0.135935
vn 0.562667 -0.812813 0.150799
vn 0.609376 0.044458 -0.791634
vn 0.553647 0.121650 -0.823818
vn 0.382115 0.397702 -0.834159
vn 0.407770 0.380351 -0.830095
vn -0.097590 0.864422 -0.493204
vn -0.304751 0.869049 0.389719
vn -0.353158 0.932688 -0.073301
vn -0.915110 -0.360476 0.180639
vn -0.911469 -0.388935 0.133989
vn -0.088916 -0.919199 0.383623
vn -0.167706 -0.882790 0.438812
vn 0.738593 -0.601999 0.303443
vn 0.846366 -0.483348 0.223696
vn 0.998698 -0.017702 -0.047843
vn 0.991520 -0.120354 0.049025
vn 0.897586 0.374078 -0.233252
vn 0.809635 0.462517 -0.361345
vn 0.127389 0.823394 -0.552987
vn 0.141570 0.877100 -0.458969
vn -0.724150 0.626294 -0.288728
vn -0.660483 0.643400 -0.387038
vn -0.984597 0.150462 -0.089056
vn -0.984664 0.166463 -0.052226
vn -0.714190 0.699667 -0.019949
vn -0.811192 0.583796 -0.033910
vn -0.892227 -0.380518 0.243180
vn -0.951412 -0.155268 0.265909
vn -0.338482 -0.886456 0.315635
vn -0.022458 -0.965219 0.260476
vn 0.414899 -0.908520 0.049496
vn 0.259787 -0.950443 0.170788
vn 0.720932 -0.691608 -0.043992
vn 0.851580 -0.466090 -0.239941
vn 0.850295 0.340189 -0.401585
vn 0.946041 0.169610 -0.276115
vn 0.348157 0.895438 -0.277448
vn 0.269423 0.911396 -0.311077
vn -0.314864 0.934342 -0.166932
vn -0.227793 0.959302 -0.166881
vn -0.667082 -0.722874 -0.180152
vn -0.667082 -0.722874 -0.180152
vn -0.304082 -0.903663 -0.301541
vn -0.278955 -0.909745 -0.307486
vn 0.710776 -0.515894 -0.478174
vn 0.710776 -0.515894 -0.478174
vn 0.710776 -0.515894 -0.478174
vn 0.710776 -0.515894 -0.478174
vn -0.080272 0.192456 -0.978017
vn -0.080272 0.192456 -0.978017
vn -0.163323 0.214848 -0.962895
vn -0.163323 0.214848 -0.962895
vn -0.900920 0.240714 -0.361109
vn -0.900920 0.240714 -0.361109
vn -0.900920 0.240714 -0.361109
vn -0.900920 0.240714 -0.361109
vn -0.819064 0.147569 -0.554398
vn -0.819064 0.147569 -0.554398
vn -0.834473 -0.247782 -0.492198
vn -0.835503 -0.240074 -0.494267
vn -0.085555 -0.990383 -0.108726
vn -0.085555 -0.990383 -0.108726
vn -0.085555 -0.990383 -0.108726
vn -0.085555 -0.990383 -0.108726
vn 0.438176 -0.265699 -0.858723
vn 0.438176 -0.265699 -0.858723
vn 0.428683 -0.182875 -0.884753
vn 0.428683 -0.182875 -0.884753
vn -0.001486 0.702432 -0.711749
vn -0.001486 0.702432 -0.711749
vn -0.001486 0.702432 -0.711749
vn -0.001486 0.702432 -0.711749
vn -0.225596 -0.081563 -0.970801
vn -0.225596 -0.081563 -0.970801
vn -0.227139 -0.072097 -0.971190
vn -0.227142 -0.072078 -0.971191
vn -0.966912 0.119507 -0.225388
vn -0.966912 0.119507 -0.225388
vn -0.966912 0.119507 -0.225388
vn -0.966912 0.119507 -0.225388
vn 0.233461 0.074855 0.969481
vn 0.226879 0.089042 0.969844
vn 0.229981 0.094060 0.968639
vn 0.234992 0.079539 0.968738
vn 0.945107 -0.250542 -0.209766
vn 0.944204 -0.256928 -0.206076
vn 0.944200 -0.256956 -0.206060
vn 0.945107 -0.250542 -0.209766
vn 0.155305 -0.243583 -0.957365
vn 0.155305 -0.243583 -0.957365
vn 0.153659 -0.239709 -0.958608
vn 0.153661 -0.239715 -0.958606
vn -0.120002 0.751106 -0.649183
vn -0.120002 0.751106 -0.649183
vn -0.120002 0.751106 -0.649183
vn -0.120002 0.751106 -0.649183
vn -0.144879 0.241060 0.959635
vn -0.125700 0.242746 0.961912
vn -0.126947 0.241407 0.962085
vn -0.146294 0.240320 0.959606
vn 0.127354 -0.957523 0.258711
vn 0.129479 -0.957418 0.258043
vn 0.129550 -0.957414 0.258021
vn 0.127354 -0.957523 0.258711
vn 0.236859 0.670803 0.702795
vn 0.995902 0.090263 0.005733
vn 0.395488 -0.254611 0.882475
vn 0.346569 -0.135847 0.928135
vn 0.209063 -0.781932 0.587260
vn 0.101584 -0.977085 -0.187046
vn -0.132830 -0.986216 -0.098666
vn -0.002639 -0.999951 0.009535
vn -0.239733 -0.735673 -0.633494
vn -0.275812 -0.660407 -0.698420
vn -0.056576 0.067485 -0.996115
vn -0.366603 0.050776 -0.928991
vn -0.285992 0.702300 -0.651907
vn 0.281596 0.643469 -0.711795
vn 0.608616 0.791592 0.054498
vn 0.017650 0.992220 0.123238
vn -0.012220 -0.980146 -0.197898
vn 0.695969 -0.710089 0.106773
vn 0.642601 -0.765535 0.031941
vn 0.890048 0.027922 0.455012
vn 0.566103 0.648899 0.508387
vn -0.089229 0.976028 0.198515
vn -0.653903 0.739317 -0.160693
vn -0.941174 0.011028 -0.337741
vn -0.588247 -0.744775 -0.315080
vn -0.052631 0.169375 0.984145
vn -0.065165 0.358326 0.931319
vn 0.294549 -0.277946 0.914323
vn 0.404390 -0.254743 0.878393
vn 0.683719 -0.605455 0.407374
vn 0.443751 -0.800616 0.402616
vn 0.329531 -0.915362 -0.231350
vn 0.619455 -0.645158 -0.447266
vn 0.213852 -0.109165 -0.970747
vn 0.035547 -0.632204 -0.773986
vn -0.293166 0.125755 -0.947755
vn -0.183177 0.398937 -0.898496
vn -0.526267 0.715580 -0.459336
vn -0.444596 0.643406 -0.623187
vn -0.432093 0.854737 0.287611
vn -0.603017 0.653611 0.457343
vn 0.272816 -0.693401 0.666908
vn -0.117174 -0.930797 0.346246
vn 0.582713 -0.807426 0.092238
vn 0.747965 -0.641295 0.171140
vn 0.837401 -0.347976 -0.421511
vn 0.924935 -0.318350 -0.207724
vn 0.621250 0.654056 -0.431578
vn 0.368702 0.282927 -0.885444
vn -0.285545 0.789978 -0.542585
vn -0.365804 0.905478 -0.215168
vn -0.734595 0.675705 -0.061590
vn -0.612290 0.790602 0.006999
vn -0.766031 0.324416 0.554934
vn -0.972887 -0.193541 0.126623
vn -0.668371 -0.693250 0.269599
vn -0.448519 -0.320711 0.834251
vn 0.227063 0.831365 0.507223
vn 0.227063 0.831365 0.507223
vn 0.227063 0.831365 0.507223
vn 0.227063 0.831365 0.507223
vn 0.866206 -0.476124 -0.151635
vn 0.866206 -0.476124 -0.151635
vn 0.757703 -0.622117 -0.197124
vn 0.150103 -0.938410 0.311215
vn -0.699607 -0.712569 0.052877
vn -0.486468 -0.759555 0.431770
vn -0.687907 -0.210018 0.694749
vn -0.370051 0.687597 -0.624718
vn -0.573098 0.641684 0.509705
vn -0.073294 0.986142 0.148833
vn 0.020413 0.944137 0.328920
vn 0.685163 0.725084 0.069315
vn 0.657283 0.747136 -0.098827
vn 0.938766 0.023267 -0.343770
vn 0.989209 0.081137 -0.121996
vn 0.793125 -0.591707 -0.144345
vn 0.665128 -0.596831 -0.448774
vn -0.023340 -0.975065 -0.220689
vn 0.038142 -0.998668 0.034750
vn -0.579689 -0.768907 0.269708
vn -0.647206 -0.751777 0.126318
vn -0.969526 -0.082694 0.230611
vn -0.873645 -0.170299 0.455789
vn -0.571564 0.656199 0.492664
vn -0.696759 0.684093 0.215741
vn -0.874031 0.045132 0.483770
vn -0.708874 0.633318 0.310492
vn -0.684033 0.677648 0.269984
vn -0.766807 -0.500517 0.401858
vn -0.669779 -0.534033 0.515950
vn -0.526819 -0.680487 0.509313
vn -0.627284 -0.680087 0.379469
vn -0.573290 -0.732542 0.367043
vn -0.510948 -0.692176 0.509730
vn -0.496516 -0.717279 0.488859
vn -0.529561 -0.774377 0.346274
vn -0.359083 -0.889935 0.281202
vn -0.334967 -0.837191 0.432329
vn 0.943709 -0.186605 -0.273114
vn 0.950103 -0.150665 -0.273137
vn 0.746608 -0.663025 -0.054547
vn 0.755604 -0.650300 -0.078564
vn 0.758293 0.615014 -0.216216
vn 0.692183 0.673989 -0.258110
vn 0.849405 0.426303 -0.311091
vn 0.903052 0.299408 -0.307981
vn 0.481709 0.866994 -0.127585
vn 0.509791 0.840891 -0.181703
vn 0.609776 0.755894 -0.238321
vn 0.644041 0.751576 -0.142635
vn -0.288035 0.956490 0.046507
vn -0.250097 0.962103 0.108673
vn 0.230488 0.971048 -0.062782
vn 0.142270 0.985629 -0.091074
vn 0.481302 0.858139 -0.178732
vn 0.255655 0.966258 -0.031390
vn -0.406494 0.907144 0.108868
vn 0.662159 0.629547 -0.406468
vn 0.679357 0.679950 -0.275939
vn 0.598198 0.759990 -0.254116
vn 0.720624 0.316394 -0.616924
vn 0.720624 0.316394 -0.616924
vn 0.936953 -0.200159 -0.286453
vn 0.798709 0.503870 -0.328905
vn 0.420630 0.794518 -0.437963
vn 0.596192 0.752293 -0.280377
vn 0.715403 0.263282 -0.647210
vn 0.246674 -0.215353 -0.944868
vn -0.178661 -0.595587 -0.783171
vn -0.656929 -0.355507 -0.664875
vn -0.882829 0.075367 -0.463608
vn 0.101189 -0.969848 -0.221711
vn 0.148354 -0.983616 0.102424
vn -0.130350 -0.425012 0.895753
vn -0.078401 -0.514720 0.853766
vn -0.119942 -0.511507 0.850867
vn -0.512990 -0.431717 0.741931
vn -0.512990 -0.431717 0.741931
vn -0.350066 -0.382720 0.854973
vn -0.331734 0.415780 0.846805
vn -0.161844 -0.490881 0.856062
vn -0.304038 -0.322269 0.896495
vn 0.203992 -0.939645 0.274690
vn 0.154098 -0.926174 0.344173
vn -0.188386 -0.764942 0.615933
vn -0.188386 -0.764942 0.615933
vn -0.392891 -0.449245 0.802381
vn -0.364337 -0.506118 0.781731
vn 0.228119 0.147788 0.962352
vn 0.229203 0.125798 0.965216
vn 0.233038 0.099010 0.967414
vn -0.050065 0.244717 0.968301
vn -0.087179 0.242184 0.966306
vn -0.128243 0.240059 0.962250
vn 0.586338 -0.800372 0.124948
vn 0.586338 -0.800372 0.124948
vn 0.586338 -0.800372 0.124948
vn 0.586338 -0.800372 0.124948
vn 0.712719 -0.700833 -0.029398
vn 0.676671 -0.552133 -0.487099
vn 0.709671 0.694588 -0.117962
vn 0.709671 0.694588 -0.117962
vn 0.709669 0.694589 -0.117965
vn 0.709670 0.694589 -0.117965
vn 0.709668 0.694590 -0.117967
vn 0.709668 0.694590 -0.117967
vn 0.709668 0.694590 -0.117965
vn 0.709668 0.694590 -0.117965
vn -0.918831 0.315951 -0.236485
vn -0.918831 0.315951 -0.236485
vn -0.918831 0.315951 -0.236485
vn -0.918831 0.315951 -0.236485
vn -0.813182 0.504175 0.290764
vn -0.666199 0.741509 0.079643
vn 0.492372 0.701987 0.514572
vn 0.492372 0.701987 0.514572
vn 0.492371 0.701987 0.514573
vn 0.492372 0.701987 0.514572
vn 0.492371 0.701987 0.514573
vn 0.492371 0.701987 0.514573
vn 0.492373 0.701986 0.514572
vn 0.492373 0.701986 0.514572
vn 0.287199 -0.323560 0.901568
vn 0.339433 -0.307353 0.888999
vn 0.404718 -0.285201 0.868829
vn 0.033114 -0.276780 0.960363
vn -0.299052 -0.235757 0.924655
vn 0.954938 0.152855 -0.254419
vn 0.953060 0.059368 -0.296903
vn 0.953060 0.059368 -0.296903
vn 0.974376 -0.102974 0.199971
vn 0.974376 -0.102974 0.199971
vn -0.331248 0.272896 -0.903218
vn -0.415862 0.320517 -0.851074
vn -0.479635 0.355658 -0.802158
vn -0.040944 0.355084 -0.933937
vn 0.461401 0.265066 -0.846670
vn -0.963931 0.059346 0.259450
vn -0.963931 0.059346 0.259450
vn -0.961698 0.063513 0.266651
vn -0.961433 0.063999 0.267489
vn -0.959356 0.067742 0.273946
vn -0.959356 0.067742 0.273946
vn -0.977109 0.196770 -0.080871
vn -0.977109 0.196770 -0.080871
vn -0.127082 -0.642885 0.755347
vn -0.155024 -0.601218 0.783904
vn -0.182653 -0.557214 0.810031
vn -0.399336 -0.312872 0.861767
vn -0.576687 -0.025703 0.816561
vn 0.714774 -0.668566 -0.205227
vn 0.714774 -0.668566 -0.205227
vn 0.705523 -0.687413 -0.172340
vn 0.706795 -0.685006 -0.176657
vn 0.696178 -0.703643 -0.142205
vn 0.696178 -0.703643 -0.142205
vn 0.557657 -0.813641 0.164337
vn 0.557657 -0.813641 0.164337
vn 0.117229 0.693309 -0.711041
vn 0.443962 0.356397 -0.822119
vn 0.651836 -0.021389 -0.758059
vn -0.591697 0.727667 0.346980
vn -0.600636 0.728220 0.330048
vn -0.641513 0.727028 0.244726
vn -0.641513 0.727028 0.244726
vn -0.437677 0.889459 -0.131538
vn -0.437677 0.889459 -0.131538
vn 0.728356 -0.598936 0.332825
vn -0.238587 -0.844578 0.479338
vn -0.951648 -0.247165 0.182417
vn 0.909676 0.387078 -0.150532
vn 0.985337 -0.143614 0.092116
vn -0.718966 0.658058 -0.223714
vn 0.071765 0.929971 -0.360560
vn -0.970636 0.236865 -0.041963
vn -0.362056 -0.869846 0.335088
vn -0.950957 -0.077153 0.299548
vn -0.605831 0.795576 -0.005259
vn 0.675050 -0.732818 0.085351
vn 0.175959 -0.957866 0.227007
vn 0.465034 0.851925 -0.240765
vn 0.985627 0.073226 -0.152239
vn -0.102674 0.980300 -0.168732
vn 0.146460 -0.916817 -0.371479
vn 0.146460 -0.916817 -0.371479
vn 0.272429 -0.961238 0.042470
vn 0.272429 -0.961238 0.042470
vn -0.212483 -0.963252 0.164306
vn -0.232645 -0.957812 0.168736
vn -0.657083 -0.712248 0.246871
vn -0.657083 -0.712248 0.246871
vn 0.686013 -0.231741 -0.689697
vn 0.686013 -0.231741 -0.689697
vn 0.686013 -0.231741 -0.689697
vn 0.686013 -0.231741 -0.689697
vn 0.943321 -0.262826 -0.202651
vn 0.943321 -0.262826 -0.202651
vn 0.861183 -0.482790 -0.158988
vn 0.861183 -0.482790 -0.158988
vn 0.861183 -0.482790 -0.158988
vn 0.861183 -0.482790 -0.158988
vn -0.245129 0.235600 -0.940428
vn -0.245129 0.235600 -0.940428
vn 0.267505 0.893830 0.359873
vn 0.267505 0.893830 0.359873
vn 0.311090 0.883436 0.350376
vn 0.311090 0.883436 0.350376
vn 0.354022 0.871189 0.340145
vn 0.354023 0.871189 0.340145
vn -0.994164 -0.042130 -0.099317
vn -0.994164 -0.042130 -0.099317
vn -0.994164 -0.042130 -0.099317
vn -0.994164 -0.042130 -0.099317
vn -0.972293 0.020315 0.232881
vn -0.972293 0.020315 0.232881
vn -0.972293 0.020315 0.232881
vn -0.972293 0.020315 0.232881
vn -0.945248 0.259698 0.197642
vn -0.945468 0.254471 0.203309
vn -0.945460 0.254699 0.203063
vn -0.945248 0.259698 0.197642
vn -0.717434 -0.600916 -0.352402
vn -0.717434 -0.600916 -0.352402
vn -0.819451 -0.568606 0.072024
vn -0.819451 -0.568606 0.072024
vn -0.987895 -0.146140 -0.052033
vn -0.987082 -0.152072 -0.050432
vn -0.940047 0.299834 -0.162512
vn -0.940047 0.299834 -0.162512
vn 0.233359 -0.931120 -0.280286
vn 0.233359 -0.931120 -0.280286
vn 0.233359 -0.931120 -0.280286
vn 0.233359 -0.931120 -0.280286
vn 0.131487 -0.957314 0.257411
vn 0.131487 -0.957314 0.257411
vn -0.091679 -0.966539 0.239576
vn -0.091679 -0.966540 0.239576
vn -0.091679 -0.966539 0.239576
vn -0.091679 -0.966539 0.239576
vn 0.415919 -0.098656 -0.904034
vn 0.415919 -0.098656 -0.904034
vn 0.784919 0.299543 0.542380
vn 0.784919 0.299543 0.542380
vn 0.791590 0.255979 0.554852
vn 0.791590 0.255979 0.554852
vn 0.796600 0.211878 0.566160
vn 0.796600 0.211878 0.566160
vn -0.326528 0.746626 -0.579594
vn -0.326528 0.746626 -0.579594
vn -0.326528 0.746626 -0.579594
vn -0.326528 0.746626 -0.579594
vn -0.347303 0.900133 -0.262946
vn -0.347303 0.900133 -0.262946
vn -0.347303 0.900133 -0.262946
vn -0.347303 0.900133 -0.262946
vn -0.131629 0.957257 -0.257552
vn -0.129627 0.957385 -0.258091
vn -0.129679 0.957382 -0.258077
vn -0.131629 0.957257 -0.257552
vn -0.228657 -0.062648 -0.971489
vn -0.228657 -0.062648 -0.971489
vn -0.321679 -0.002060 -0.946847
vn -0.321679 -0.002060 -0.946847
vn -0.229173 -0.026442 -0.973026
vn -0.229098 -0.026461 -0.973044
vn -0.134311 -0.050589 -0.989647
vn -0.134311 -0.050589 -0.989647
vn -0.945642 0.248839 0.209382
vn -0.945642 0.248839 0.209382
vn -0.834115 0.358509 0.419194
vn -0.834115 0.358509 0.419194
vn -0.834115 0.358509 0.419194
vn -0.834115 0.358509 0.419194
vn -0.918730 0.166105 -0.358253
vn -0.918730 0.166105 -0.358253
vn -0.918730 0.166105 -0.358253
vn -0.918730 0.166105 -0.358253
vn 0.236509 0.084195 0.967974
vn 0.343499 0.135550 0.929319
vn 0.343499 0.135550 0.929319
vn 0.258813 0.158683 0.952804
vn 0.258780 0.158692 0.952812
vn 0.171974 0.180509 0.968422
vn 0.171974 0.180509 0.968422
vn 0.729777 -0.330031 -0.598753
vn 0.729777 -0.330031 -0.598753
vn 0.729777 -0.330031 -0.598753
vn 0.729777 -0.330031 -0.598753
vn 0.653508 -0.244574 -0.716317
vn 0.653508 -0.244574 -0.716317
vn 0.653508 -0.244574 -0.716317
vn 0.653508 -0.244574 -0.716317
vn 0.992816 -0.119612 0.003039
vn 0.992816 -0.119612 0.003039
vn 0.992816 -0.119612 0.003039
vn 0.992816 -0.119612 0.003039
vn 0.152016 -0.235844 -0.959827
vn 0.152016 -0.235844 -0.959827
vn 0.180147 -0.138234 -0.973878
vn 0.180147 -0.138234 -0.973878
vn 0.193060 -0.233768 -0.952932
vn 0.193055 -0.233727 -0.952944
vn 0.204093 -0.327013 -0.922718
vn 0.204093 -0.327013 -0.922718
vn -0.127495 0.957517 -0.258663
vn -0.127495 0.957517 -0.258663
vn -0.053463 0.998429 -0.016758
vn -0.053463 0.998429 -0.016758
vn -0.053463 0.998429 -0.016758
vn -0.053463 0.998429 -0.016758
vn -0.022543 0.662145 -0.749037
vn -0.022543 0.662145 -0.749037
vn -0.022543 0.662145 -0.749037
vn -0.022543 0.662145 -0.749037
vn -0.147710 0.239580 0.959575
vn -0.047492 0.166570 0.984885
vn -0.047492 0.166570 0.984885
vn -0.059820 0.254676 0.965175
vn -0.059821 0.254680 0.965173
vn -0.071655 0.340691 0.937441
vn -0.071655 0.340691 0.937441
vn 0.108953 -0.976032 -0.188391
vn 0.108953 -0.976032 -0.188391
vn 0.108953 -0.976032 -0.188391
vn 0.108953 -0.976032 -0.188391
vn 0.188322 -0.929276 -0.317774
vn 0.188322 -0.929276 -0.317774
vn 0.188322 -0.929276 -0.317774
vn 0.188322 -0.929276 -0.317774
vn 0.193342 -0.852757 0.485206
vn 0.193342 -0.852757 0.485206
vn 0.193342 -0.852757 0.485206
vn 0.193342 -0.852757 0.485206
vn 0.705599 -0.543868 0.454244
vn 0.456453 -0.218001 0.862628
vn 0.029452 0.176888 0.983790
vn 0.186598 -0.014097 -0.982335
vn 0.635590 -0.623613 -0.455118
vn -0.515793 0.743527 -0.425588
vn -0.189027 0.445881 -0.874905
vn -0.561059 0.667348 0.489754
vn 0.880439 -0.332601 -0.337939
vn 0.781555 -0.592544 0.195099
vn 0.405338 -0.654857 0.637858
vn -0.244191 0.822578 -0.513553
vn 0.441352 0.310433 -0.841926
vn -0.720974 0.478844 0.500904
vn -0.591249 0.806489 0.000032
vn -0.375339 -0.278499 0.884059
vn 0.986153 0.153836 0.061939
vn 0.986153 0.153836 0.061939
vn 0.986153 0.153836 0.061939
vn 0.986153 0.153836 0.061939
vn 0.994760 -0.043022 0.092745
vn 0.690527 0.675836 0.257717
vn 0.011992 0.836479 0.547868
vn 0.809877 -0.492924 0.318003
vn -0.370189 0.727667 0.577461
vn -0.370189 0.727667 0.577461
vn -0.290698 0.506378 0.811835
vn 0.234049 -0.946041 0.224113
vn -0.601053 0.634813 0.485539
vn -0.220482 0.330442 0.917712
vn -0.220482 0.330442 0.917712
vn -0.601409 0.635051 0.484787
vn 0.332443 -0.193870 0.922982
vn 0.332443 -0.193870 0.922982
vn 0.332443 -0.193870 0.922982
vn 0.332443 -0.193870 0.922982
vn 0.472142 -0.354512 0.807096
vn 0.472142 -0.354512 0.807096
vn 0.472142 -0.354512 0.807096
vn 0.472142 -0.354512 0.807096
vn 0.681708 -0.730189 0.045802
vn 0.548137 -0.687478 -0.476362
vn 0.548122 -0.687468 -0.476393
vn 0.681708 -0.730189 0.045802
vn 0.347547 -0.528320 -0.774654
vn 0.347547 -0.528320 -0.774654
vn -0.417174 0.251647 -0.873292
vn -0.417174 0.251647 -0.873292
vn -0.417174 0.251647 -0.873292
vn -0.417174 0.251647 -0.873292
vn -0.433462 0.270396 -0.859649
vn -0.433462 0.270396 -0.859649
vn -0.433462 0.270396 -0.859649
vn -0.433462 0.270396 -0.859649
vn -0.723931 0.689666 0.016874
vn -0.723931 0.689666 0.016874
vn -0.458804 -0.329209 0.825300
vn -0.002359 -0.616509 0.787345
vn -0.002359 -0.616509 0.787345
vn -0.458831 -0.329185 0.825294
vn 0.688513 -0.678922 0.254979
vn 0.688513 -0.678922 0.254979
vn 0.688513 -0.678922 0.254979
vn 0.688513 -0.678922 0.254979
vn 0.794701 -0.604934 0.050048
vn 0.794701 -0.604934 0.050048
vn 0.794701 -0.604934 0.050048
vn 0.794701 -0.604934 0.050048
vn 0.792973 -0.179512 -0.582211
vn 0.421946 0.276018 -0.863583
vn 0.421312 0.276565 -0.863718
vn 0.792973 -0.179512 -0.582211
vn 0.018197 0.547988 -0.836288
vn 0.018197 0.547988 -0.836288
vn -0.751529 0.634164 -0.181769
vn -0.751529 0.634164 -0.181769
vn -0.751529 0.634164 -0.181769
vn -0.751529 0.634164 -0.181769
vn -0.764024 0.625586 -0.157829
vn -0.764024 0.625586 -0.157829
vn -0.764024 0.625586 -0.157829
vn -0.764024 0.625586 -0.157829
vn -0.711689 -0.055393 0.700307
vn -0.711689 -0.055393 0.700307
s 1
g pCube1
usemtl pCube1SG
f 101/1/1 1/2/2 98/3/3 97/4/4
f 99/5/5 2/6/6 103/7/7 102/8/8
f 104/9/9 3/10/10 107/11/11 106/12/12
s 3
f 114/13/13 5/14/14 111/15/15 110/16/16
f 112/17/17 6/18/18 116/19/19 115/20/20
f 117/21/21 7/22/22 120/23/23 119/24/24
f 126/25/25 9/26/26 113/27/27 123/28/28
f 124/29/29 10/30/30 118/31/31 127/32/32
f 128/33/33 11/34/34 122/35/35 130/36/36
f 136/424/37 13/38/38 125/39/39 133/474/40
f 141/401/41 85/42/42 138/43/43 137/473/44
f 145/413/45 15/477/46 132/47/47 142/472/48
f 149/49/49 17/50/50 135/51/51 146/52/52
f 147/53/53 18/54/54 151/470/55 150/56/56
f 152/57/57 19/58/58 144/59/59 154/60/60
f 160/61/61 21/62/62 148/63/63 157/64/64
f 158/65/65 22/66/66 153/67/67 161/68/68
f 162/69/69 23/70/70 156/71/71 164/72/72
f 171/73/73 90/74/74 168/75/75 167/76/76
f 169/77/77 91/78/78 173/79/79 172/80/80
f 174/81/81 92/82/82 177/83/83 176/84/84
s 10
f 184/85/85 49/86/86 181/87/87 180/88/88
s 1
f 187/464/89 30/90/90 175/91/91 185/469/92
s 12
f 192/93/93 53/94/94 189/95/95 188/96/96
s off
f 108/97/97 4/98/98 194/99/99 193/100/100
s 3
f 121/101/101 8/102/102 197/103/103 196/104/104
s 13
f 378/105/105 377/106/106 379/107/107 380/108/108
s off
f 171/73/109 29/109/110 204/110/111 203/111/112
s 3
f 160/61/61 25/112/113 207/113/114 206/114/115
s 14
f 386/501/116 387/116/117 388/117/118 389/118/119
s 15
f 216/119/120 29/109/121 170/120/122 213/121/123
s 1
f 214/122/124 30/90/90 187/464/89 217/123/125
f 218/124/126 2/6/6 98/3/127 220/125/128
s 17
f 221/126/129 1/2/130 204/462/131 223/127/132
s 18
f 228/128/133 31/129/134 179/130/135 225/131/136
s 19
f 226/132/137 32/133/138 194/460/139 229/134/140
s 1
f 230/135/141 4/98/142 107/11/143 232/136/144
f 233/137/145 3/10/10 186/458/146 235/139/147
s 21
f 240/140/148 33/141/149 215/142/150 237/143/151
f 238/144/152 34/145/153 219/454/154 241/147/155
f 242/148/156 35/149/157 222/150/158 244/151/159
f 245/152/160 36/153/161 224/447/162 247/155/163
s 22
f 252/156/164 37/157/165 227/158/166 249/159/167
f 250/160/168 38/161/169 231/441/170 253/163/171
f 254/164/172 39/165/173 234/166/174 256/167/175
f 257/168/176 40/169/177 236/434/178 259/171/179
s 23
f 263/524/180 41/479/181 239/174/182 261/528/183
s off
f 262/176/184 42/177/185 243/178/186 264/527/187
s 24
f 270/511/188 58/181/189 267/182/190 266/525/191
s off
f 272/516/192 44/448/193 248/186/194 271/523/195
s 25
f 275/518/196 45/478/197 251/190/198 273/522/199
s off
f 274/192/200 46/193/201 255/194/202 276/521/203
s 26
f 282/505/204 62/197/205 279/198/206 278/519/207
s off
f 284/510/208 48/435/209 260/202/210 283/517/211
s 27
f 287/204/212 43/450/213 246/206/214 285/207/215
s off
f 286/208/216 44/448/217 272/516/218 288/209/219
s 10
f 289/210/220 52/211/221 183/212/222 290/213/223
s 28
f 291/214/224 51/215/225 265/513/226 292/217/227
s 29
f 295/218/228 47/437/229 258/220/230 293/221/231
s off
f 294/222/232 48/435/233 284/510/234 296/223/235
s 12
f 297/224/236 56/225/237 191/226/238 298/227/239
s 30
f 299/228/240 55/229/241 277/507/242 300/231/243
s 3
f 304/232/244 12/233/245 198/430/246 301/235/247
f 302/236/248 24/237/249 155/238/250 305/239/251
f 306/240/252 20/241/253 143/428/254 308/243/255
f 309/244/256 16/245/257 131/246/258 311/247/259
f 316/248/260 21/62/62 208/426/261 313/250/262
f 314/251/263 9/26/26 126/25/25 317/252/264
f 318/253/265 13/38/38 136/424/37 320/254/266
f 321/255/267 17/50/50 149/49/49 323/256/268
f 327/257/269 66/258/270 303/422/271 325/260/272
f 326/261/273 65/262/274 307/263/275 328/264/276
f 329/265/277 67/266/278 310/420/279 330/268/280
f 331/269/281 68/270/282 312/271/283 332/272/284
f 335/273/285 69/274/286 315/418/287 333/276/288
f 334/277/289 70/278/290 319/279/291 336/280/292
f 337/281/293 71/282/294 322/416/295 338/284/296
f 339/285/297 72/286/298 324/287/299 340/288/300
s off
f 344/289/301 14/480/302 129/291/303 341/292/304
s 3
f 342/293/305 15/46/306 145/414/45 345/294/307
f 346/295/308 19/471/58 151/55/309 348/296/310
f 349/297/311 18/475/54 134/410/312 351/299/313
f 355/300/314 81/301/315 343/302/316 353/303/317
f 354/304/318 82/305/319 347/406/320 356/307/321
f 357/308/322 83/309/323 350/310/324 358/311/325
f 359/312/326 84/313/327 352/403/328 360/315/329
f 363/316/330 90/74/74 205/400/331 361/318/332
f 363/316/330 25/112/113 159/319/333 364/320/334
f 365/321/335 26/322/336 163/323/337 366/324/338
f 367/325/339 27/326/340 166/327/341 368/328/342
f 371/329/343 94/330/344 195/397/345 370/332/346
f 373/333/347 95/334/348 109/335/349 372/336/350
f 375/337/351 96/338/352 105/339/353 374/340/354
f 362/341/355 89/342/356 100/343/357 376/344/358
s 1
f 98/3/3 2/6/6 99/5/5 97/4/4
s 3
f 99/5/359 96/338/352 100/343/357 97/4/360
f 100/343/357 89/342/356 101/1/361 97/4/360
s 1
f 103/7/7 3/10/10 104/9/9 102/8/362
s 3
f 104/9/363 95/334/348 105/339/353 102/8/364
f 105/339/353 96/338/352 99/5/359 102/8/364
s 1
f 107/11/11 4/98/365 108/97/366 106/12/12
s 3
f 108/97/367 94/330/344 109/335/349 106/12/368
f 109/335/349 95/334/348 104/9/363 106/12/368
f 111/15/15 6/18/18 112/17/17 110/16/16
f 112/17/17 10/30/30 113/27/27 110/16/16
f 113/27/27 9/26/26 114/13/13 110/16/16
f 116/19/19 7/22/22 117/21/21 115/20/20
f 117/21/21 11/34/34 118/31/31 115/20/20
f 118/31/31 10/30/30 112/17/17 115/20/20
f 120/23/23 8/102/102 121/101/101 119/24/24
f 121/101/101 12/233/245 122/35/35 119/24/24
f 122/35/35 11/34/34 117/21/21 119/24/24
f 113/27/27 10/30/30 124/29/29 123/28/28
f 124/29/29 14/290/369 125/39/39 123/28/28
f 125/39/39 13/38/38 126/25/25 123/28/28
f 118/31/31 11/34/34 128/33/33 127/32/32
f 128/33/33 15/477/46 129/476/370 127/32/32
f 129/476/370 14/290/369 124/29/29 127/32/32
f 122/35/35 12/233/245 131/246/258 130/36/36
f 131/246/258 16/245/257 132/47/47 130/36/36
f 132/47/47 15/477/46 128/33/33 130/36/36
f 125/39/39 14/290/369 134/408/312 133/474/40
f 134/409/312 18/54/54 135/51/51 133/40/40
f 135/51/51 17/50/50 136/37/37 133/40/40
f 138/43/43 86/345/371 139/346/372 137/473/44
f 139/404/372 87/347/373 140/348/374 137/44/44
f 140/348/374 88/349/375 141/41/41 137/44/44
f 132/47/47 16/245/257 143/242/254 142/472/48
f 143/428/254 20/241/253 144/59/59 142/48/48
f 144/59/59 19/58/58 145/412/45 142/48/48
f 135/51/51 18/54/54 147/53/53 146/52/52
f 147/53/53 22/66/66 148/63/63 146/52/52
f 148/63/63 21/62/62 149/49/49 146/52/52
f 151/470/55 19/58/58 152/57/57 150/56/56
f 152/57/57 23/70/70 153/67/67 150/56/56
f 153/67/67 22/66/66 147/53/53 150/56/56
f 144/59/59 20/241/253 155/238/250 154/60/60
f 155/238/250 24/237/249 156/71/71 154/60/60
f 156/71/71 23/70/70 152/57/57 154/60/60
f 148/63/63 22/66/66 158/65/65 157/64/64
f 158/65/65 26/322/336 159/319/333 157/64/64
f 159/319/333 25/112/113 160/61/61 157/64/64
f 153/67/67 23/70/70 162/69/69 161/68/68
f 162/69/69 27/326/340 163/323/337 161/68/68
f 163/323/337 26/322/336 158/65/65 161/68/68
f 156/71/71 24/237/249 165/350/376 164/72/72
f 165/350/376 28/351/377 166/327/341 164/72/72
f 166/327/341 27/326/340 162/69/69 164/72/72
f 168/75/75 91/78/78 169/77/77 167/76/76
s 1
f 169/77/378 30/90/90 170/120/379 167/76/380
f 170/120/379 29/109/381 171/73/382 167/76/380
s 3
f 173/79/79 92/82/82 174/81/81 172/80/80
s 1
f 174/81/383 31/129/384 175/91/91 172/80/385
f 175/91/91 30/90/90 169/77/378 172/80/386
s 3
f 177/83/83 93/352/387 178/353/388 176/84/84
s 1
f 178/353/389 32/133/390 179/130/391 176/84/392
f 179/130/391 31/129/384 174/81/383 176/84/392
s 10
f 181/87/87 50/354/393 182/355/394 180/88/88
f 182/355/394 51/215/395 183/212/222 180/88/88
f 183/212/222 52/211/221 184/85/85 180/88/88
s 1
f 175/91/91 31/129/384 186/138/146 185/469/92
f 186/458/146 3/10/10 103/7/7 185/92/92
f 103/7/7 2/6/6 187/89/89 185/92/92
s 12
f 189/95/95 54/356/396 190/357/397 188/96/96
f 190/357/397 55/229/398 191/226/238 188/96/96
f 191/226/238 56/225/237 192/93/93 188/96/96
s off
f 194/460/399 32/133/400 178/353/401 193/468/402
s 3
f 178/353/388 93/352/387 195/331/345 193/468/403
f 195/397/345 94/330/344 108/97/367 193/100/403
f 197/395/103 28/351/377 165/350/376 196/467/104
f 165/350/376 24/237/249 198/234/404 196/467/104
f 198/430/404 12/233/245 121/101/101 196/104/104
s 41
f 379/107/405 381/358/406 382/503/407 380/108/408
f 382/359/407 383/360/409 384/361/410 380/108/408
s 13
f 384/361/411 385/362/412 378/105/105 380/108/108
s off
f 204/462/413 1/2/414 101/1/415 203/466/416
s 3
f 101/1/361 89/342/356 205/317/331 203/466/417
f 205/400/331 90/74/74 171/73/73 203/111/417
f 207/398/114 5/14/14 114/13/13 206/465/115
f 114/13/13 9/26/26 208/249/418 206/465/115
f 208/426/418 21/62/62 160/61/61 206/114/115
s 42
f 388/117/419 390/363/420 391/364/421 389/118/422
f 391/364/421 392/365/423 393/366/424 389/118/422
s 14
f 393/366/425 394/367/426 386/115/116 389/118/119
s 15
f 170/120/122 30/90/427 214/122/428 213/121/123
f 214/122/428 34/145/429 215/142/430 213/121/123
f 215/142/430 33/141/431 216/119/120 213/121/123
s 1
f 187/89/89 2/6/6 218/124/126 217/463/432
f 218/124/126 35/149/433 219/146/434 217/463/432
f 219/454/435 34/145/436 214/122/124 217/123/125
f 98/3/127 1/2/437 221/126/438 220/125/128
f 221/126/438 36/153/439 222/150/440 220/125/128
f 222/150/440 35/149/441 218/124/126 220/125/128
s 43
f 204/110/442 29/109/443 216/119/444 223/461/445
f 216/119/444 33/141/446 224/154/447 223/461/445
s 17
f 224/447/448 36/153/449 221/126/129 223/127/132
s 18
f 179/130/135 32/133/450 226/132/451 225/131/136
f 226/132/451 38/161/452 227/158/453 225/131/136
f 227/158/453 37/157/454 228/128/133 225/131/136
s 44
f 194/99/455 4/98/456 230/135/457 229/459/458
f 230/135/457 39/165/459 231/162/460 229/459/458
s 19
f 231/441/461 38/161/462 226/132/137 229/134/140
s 1
f 107/11/143 3/10/10 233/137/145 232/136/144
f 233/137/145 40/169/463 234/166/464 232/136/144
f 234/166/464 39/165/465 230/135/141 232/136/144
f 186/138/146 31/129/384 228/128/466 235/457/467
f 228/128/466 37/157/468 236/170/469 235/457/467
f 236/434/470 40/169/471 233/137/145 235/139/147
s 21
f 215/142/150 34/145/153 238/144/152 237/143/151
f 238/144/152 42/456/472 239/455/473 237/143/151
f 239/455/473 41/173/474 240/140/148 237/143/151
f 219/146/154 35/149/157 242/148/156 241/453/155
f 242/148/156 43/205/475 243/451/476 241/453/155
f 243/452/476 42/456/472 238/144/152 241/147/155
f 222/150/158 36/153/161 245/152/160 244/151/159
f 245/152/160 44/185/477 246/449/478 244/151/159
f 246/449/478 43/205/475 242/148/156 244/151/159
f 224/154/162 33/141/149 240/140/148 247/446/163
f 240/140/148 41/173/474 248/444/479 247/446/163
f 248/445/479 44/185/477 245/152/160 247/155/163
s 22
f 227/158/166 38/161/169 250/160/168 249/159/167
f 250/160/168 46/443/480 251/442/481 249/159/167
f 251/442/481 45/189/482 252/156/164 249/159/167
f 231/162/170 39/165/173 254/164/172 253/440/171
f 254/164/172 47/219/483 255/438/484 253/440/171
f 255/439/484 46/443/480 250/160/168 253/163/171
f 234/166/174 40/169/177 257/168/176 256/167/175
f 257/168/176 48/201/485 258/436/486 256/167/175
f 258/436/486 47/219/483 254/164/172 256/167/175
f 236/170/178 37/157/165 252/156/164 259/433/179
f 252/156/164 45/189/482 260/431/487 259/433/179
f 260/432/487 48/201/485 257/168/176 259/171/179
s 23
f 239/174/182 42/177/488 262/176/489 261/528/183
s 45
f 262/526/490 50/354/491 181/87/492 261/175/493
f 181/87/492 49/86/494 263/172/495 261/175/493
s off
f 243/178/496 43/450/497 265/216/498 264/527/499
s 28
f 265/513/226 51/215/225 182/355/500 264/179/501
s off
f 182/355/502 50/354/503 262/526/504 264/179/505
s 24
f 267/182/190 57/368/506 268/369/507 266/525/191
s 46
f 268/514/508 59/370/509 269/371/510 266/183/511
f 269/371/510 60/372/512 270/180/513 266/183/511
s off
f 248/186/514 41/479/515 263/524/516 271/523/517
f 263/172/518 49/86/519 184/85/520 271/187/521
s 47
f 184/85/522 52/211/523 272/184/524 271/187/525
s 25
f 251/190/198 46/193/526 274/192/527 273/522/199
s 48
f 274/520/528 54/356/529 189/95/530 273/191/531
f 189/95/530 53/94/532 275/188/533 273/191/531
s off
f 255/194/534 47/437/535 277/230/536 276/521/537
s 30
f 277/507/242 55/229/241 190/357/538 276/195/539
s off
f 190/357/540 54/356/541 274/520/542 276/195/543
s 26
f 279/198/206 61/373/544 280/374/545 278/519/207
s 49
f 280/508/546 63/375/547 281/376/548 278/199/549
f 281/376/548 64/377/550 282/196/551 278/199/549
s off
f 260/202/552 45/478/553 275/518/554 283/517/555
f 275/188/556 53/94/557 192/93/558 283/203/559
s 50
f 192/93/560 56/225/561 284/200/562 283/203/563
s 27
f 246/206/214 44/448/564 286/208/565 285/207/215
s 51
f 286/208/566 57/368/567 267/182/568 285/207/569
f 267/182/568 58/181/570 287/204/571 285/207/569
s 47
f 272/184/524 52/211/523 289/210/572 288/515/573
s off
f 289/210/574 59/370/575 268/514/576 288/515/577
f 268/369/578 57/368/579 286/208/580 288/209/581
s 10
f 183/212/222 51/215/395 291/214/582 290/213/223
s 52
f 291/214/583 60/372/584 269/371/585 290/213/586
f 269/371/585 59/370/587 289/210/588 290/213/586
s off
f 265/216/589 43/450/590 287/204/591 292/512/592
f 287/204/593 58/181/594 270/511/595 292/512/596
f 270/180/597 60/372/598 291/214/599 292/217/600
s 29
f 258/220/230 48/435/601 294/222/602 293/221/231
s 53
f 294/222/603 61/373/604 279/198/605 293/221/606
f 279/198/605 62/197/607 295/218/608 293/221/606
s 50
f 284/200/562 56/225/561 297/224/609 296/509/610
s off
f 297/224/611 63/375/612 280/508/613 296/509/614
f 280/374/615 61/373/616 294/222/617 296/223/618
s 12
f 191/226/238 55/229/398 299/228/619 298/227/239
s 54
f 299/228/620 64/377/621 281/376/622 298/227/623
f 281/376/622 63/375/624 297/224/625 298/227/623
s off
f 277/230/626 47/437/627 295/218/628 300/506/629
f 295/218/630 62/197/631 282/505/632 300/506/633
f 282/196/634 64/377/635 299/228/636 300/231/637
s 3
f 198/234/246 24/237/249 302/236/248 301/429/247
f 302/236/248 65/262/274 303/259/271 301/429/247
f 303/422/271 66/258/270 304/232/244 301/235/247
f 155/238/250 20/241/253 306/240/252 305/239/251
f 306/240/252 67/266/278 307/263/275 305/239/251
f 307/263/275 65/262/274 302/236/248 305/239/251
f 143/242/254 16/245/257 309/244/256 308/427/255
f 309/244/256 68/270/282 310/267/279 308/427/255
f 310/420/279 67/266/278 306/240/252 308/243/255
f 131/246/258 12/233/245 304/232/244 311/247/259
f 304/232/244 66/258/270 312/271/283 311/247/259
f 312/271/283 68/270/282 309/244/256 311/247/259
f 208/249/261 9/26/26 314/251/263 313/425/262
f 314/251/263 70/278/290 315/275/287 313/425/262
f 315/418/287 69/274/286 316/248/260 313/250/262
f 126/25/25 13/38/38 318/253/265 317/252/264
f 318/253/265 71/282/294 319/279/291 317/252/264
f 319/279/291 70/278/290 314/251/263 317/252/264
f 136/37/37 17/50/50 321/255/267 320/423/266
f 321/255/267 72/286/298 322/283/295 320/423/266
f 322/416/295 71/282/294 318/253/265 320/254/266
f 149/49/49 21/62/62 316/248/260 323/256/268
f 316/248/260 69/274/286 324/287/299 323/256/268
f 324/287/299 72/286/298 321/255/267 323/256/268
f 303/259/271 65/262/274 326/261/273 325/421/272
f 326/261/273 73/497/638 199/498/639 325/421/272
f 199/499/639 74/500/640 327/257/269 325/260/272
f 307/263/275 67/266/278 329/265/277 328/264/276
f 329/265/277 75/495/641 200/496/642 328/264/276
f 200/496/642 73/497/638 326/261/273 328/264/276
f 310/267/279 68/270/282 331/269/281 330/419/280
f 331/269/281 76/492/643 201/493/644 330/419/280
f 201/494/644 75/495/641 329/265/277 330/268/280
f 312/271/283 66/258/270 327/257/269 332/272/284
f 327/257/269 74/500/640 202/491/645 332/272/284
f 202/491/645 76/492/643 331/269/281 332/272/284
f 315/275/287 70/278/290 334/277/289 333/417/288
f 334/277/289 78/490/646 209/488/647 333/417/288
f 209/489/647 77/482/648 335/273/285 333/276/288
f 319/279/291 71/282/294 337/281/293 336/280/292
f 337/281/293 79/487/649 210/486/650 336/280/292
f 210/486/650 78/490/646 334/277/289 336/280/292
f 322/283/295 72/286/298 339/285/297 338/415/296
f 339/285/297 80/485/651 211/483/652 338/415/296
f 211/484/652 79/487/649 337/281/293 338/284/296
f 324/287/299 69/274/286 335/273/285 340/288/300
f 335/273/285 77/482/648 212/481/653 340/288/300
f 212/481/653 80/485/651 339/285/297 340/288/300
s off
f 129/291/654 15/46/655 342/293/656 341/292/657
s 3
f 342/293/658 82/305/319 343/302/316 341/292/659
f 343/302/316 81/301/315 344/289/660 341/292/659
f 145/45/45 19/471/58 346/295/308 345/411/307
f 346/295/308 83/309/323 347/306/320 345/411/661
f 347/406/320 82/305/319 342/293/658 345/294/661
f 151/55/309 18/475/54 349/297/311 348/296/310
f 349/297/311 84/313/327 350/310/324 348/296/310
f 350/310/324 83/309/323 346/295/308 348/296/310
f 134/298/312 14/480/662 344/289/663 351/407/313
f 344/289/660 81/301/315 352/314/328 351/407/664
f 352/403/328 84/313/327 349/297/311 351/299/664
f 343/302/316 82/305/319 354/304/318 353/303/317
f 354/304/318 86/345/371 138/43/43 353/303/317
f 138/43/43 85/42/42 355/300/314 353/303/317
f 347/306/320 83/309/323 357/308/322 356/405/321
f 357/308/322 87/347/373 139/404/372 356/405/321
f 139/346/372 86/345/371 354/304/318 356/307/321
f 350/310/324 84/313/327 359/312/326 358/311/325
f 359/312/326 88/349/375 140/348/374 358/311/325
f 140/348/374 87/347/373 357/308/322 358/311/325
f 352/314/328 81/301/315 355/300/314 360/402/329
f 355/300/314 85/42/42 141/401/41 360/402/329
f 141/41/41 88/349/375 359/312/326 360/315/329
f 205/317/331 89/342/356 362/341/355 361/399/332
f 362/341/355 5/14/14 207/398/114 361/399/332
f 207/113/114 25/112/113 363/316/330 361/318/332
f 159/319/333 26/322/336 365/321/335 364/320/334
f 365/321/335 91/78/78 168/75/75 364/320/334
f 168/75/75 90/74/74 363/316/330 364/320/334
f 163/323/337 27/326/340 367/325/339 366/324/338
f 367/325/339 92/82/82 173/79/79 366/324/338
f 173/79/79 91/78/78 365/321/335 366/324/338
f 166/327/341 28/351/377 369/394/665 368/328/342
f 369/394/665 93/352/387 177/83/83 368/328/342
f 177/83/83 92/82/82 367/325/339 368/328/342
f 195/331/345 93/352/387 369/394/665 370/396/346
f 369/394/665 28/351/377 197/395/103 370/396/346
f 197/103/103 8/102/102 371/329/343 370/332/346
f 109/335/349 94/330/344 371/329/343 372/336/350
f 371/329/343 8/102/102 120/23/23 372/336/350
f 120/23/23 7/22/22 373/333/347 372/336/350
f 105/339/353 95/334/348 373/333/347 374/340/354
f 373/333/347 7/22/22 116/19/19 374/340/354
f 116/19/19 6/18/18 375/337/351 374/340/354
f 100/343/357 96/338/352 375/337/351 376/344/358
f 375/337/351 6/18/18 111/15/15 376/344/358
f 111/15/15 5/14/14 362/341/355 376/344/358
s 55
f 202/385/666 74/380/667 377/106/668 378/105/669
s off
f 74/380/670 199/379/671 379/107/672 377/106/673
f 199/379/674 73/378/675 381/358/676 379/107/677
s 56
f 73/378/678 200/504/679 382/503/680 381/358/681
f 200/382/679 75/381/682 383/360/683 382/359/680
s off
f 75/381/684 201/384/685 384/361/686 383/360/687
f 201/384/688 76/383/689 385/362/690 384/361/691
s 55
f 76/383/692 202/385/666 378/105/669 385/362/693
s 57
f 212/393/694 77/388/695 387/116/696 386/501/697
s off
f 77/388/698 209/387/699 388/117/700 387/116/701
f 209/387/702 78/386/703 390/363/704 388/117/705
s 58
f 78/386/706 210/390/707 391/364/708 390/363/709
f 210/390/707 79/389/710 392/365/711 391/364/708
s off
f 79/389/712 211/392/713 393/366/714 392/365/715
f 211/392/716 80/391/717 394/367/718 393/366/719
s 57
f 80/391/720 212/502/694 386/115/697 394/367/721
