# This file uses centimeters as units for non-parametric coordinates.

mtllib fall_frame.43.mtl
g default
v -22.889765 23.650120 -36.057629
v -10.681343 19.466656 -35.655933
v 1.614049 18.649277 -42.453251
v 10.105252 10.320184 -48.770451
v -38.381649 20.877893 -56.225342
v -27.027800 30.011110 -60.716084
v -10.319155 28.690392 -67.846214
v -0.395761 17.954678 -72.471436
v -47.156643 19.834270 -85.912956
v -35.432240 28.379484 -83.738426
v -21.110594 27.777620 -88.818146
v -13.384030 19.304026 -96.659447
v -54.457428 22.029631 -92.420708
v -40.477776 23.397657 -103.185059
v -29.629200 22.960333 -106.801628
v -13.385630 21.048458 -107.331741
v -54.920250 10.792755 -92.573097
v -43.254009 11.720860 -103.872513
v -28.859804 11.088831 -108.802757
v -14.293503 9.906483 -107.368073
v -47.348740 11.623300 -86.971214
v -37.544415 4.951545 -86.916771
v -23.223139 4.351313 -92.004555
v -14.310762 11.273109 -97.100845
v -39.399860 8.035008 -56.217266
v -27.825884 3.164596 -61.438065
v -13.845243 2.114221 -67.352097
v -1.441832 4.816479 -72.487907
v -28.083736 12.993382 -31.643194
v -15.033178 10.413045 -28.332869
v -1.022409 11.637626 -34.213619
v 4.375459 2.673624 -42.211807
v -25.773270 34.263161 -5.166585
v -19.278059 30.594841 -3.675551
v -13.425562 38.362831 -6.663331
v -19.990313 41.868313 -8.026304
v 25.806643 14.006985 -18.152390
v 28.412952 6.922722 -20.177860
v 36.087601 12.229213 -28.910480
v 33.488789 19.317558 -26.882349
v -38.911179 9.045673 -11.870498
v -31.849205 7.686166 -12.750134
v -30.552124 7.308962 -2.042044
v -37.771904 7.990249 -1.234297
v 44.009552 10.993434 7.930231
v 47.000988 4.248259 6.671253
v 55.973156 9.105859 2.798089
v 52.785545 15.861487 3.590376
v -40.255638 3.361057 -12.966771
v -31.577221 2.547399 -13.937382
v -28.335987 1.686881 0.486493
v -40.024223 2.314804 1.733127
v 44.775345 11.615339 12.990567
v 48.540573 3.529345 11.928776
v 61.294060 8.864707 6.927491
v 56.212948 19.442289 7.954404
v -36.956303 5.729408 17.092869
v -27.723167 5.383890 16.127604
v -37.109798 2.185235 16.893263
v -27.876663 1.839717 15.927996
v 68.132408 24.686207 -1.337261
v 72.179924 16.353764 -2.037112
v 69.283241 24.963856 2.012825
v 73.330765 16.631409 1.312975
v 9.594716 6.752308 -95.997940
v 10.634254 17.573637 -96.806107
v 9.747822 5.555536 -106.371544
v 11.071918 16.773209 -107.534729
v -46.333096 13.170877 -65.696747
v -49.361267 19.461199 -73.175880
v -57.528713 23.431231 -68.400238
v -55.769733 14.703916 -63.631229
v 37.233379 5.936181 -94.476715
v 37.808220 15.690567 -94.330757
v 37.475918 5.978234 -98.239655
v 38.050728 15.732696 -98.093597
v -27.837606 34.589504 -64.961723
v -31.287027 38.592083 -73.182564
v -33.764660 40.596775 -71.166916
v -30.315237 36.594196 -62.946075
v -42.702980 24.307341 -118.702927
v -27.992252 20.105957 -119.163643
v -28.955074 5.654932 -112.112000
v -49.550613 11.991446 -111.338623
v -44.583393 14.022537 -137.801208
v -30.862637 8.351926 -137.116364
v -37.860031 -6.908082 -130.813599
v -50.939781 -1.502390 -131.466431
v -26.977600 20.801136 -39.442875
v -29.405140 8.703022 -38.015816
v -18.252645 3.739076 -41.585415
v -7.066692 4.094184 -47.101002
v 3.696126 3.622047 -52.367241
v 6.187483 15.351479 -54.336414
v -3.449921 22.197048 -49.284985
v -16.497890 23.339304 -42.876354
v -18.886070 22.173557 -38.621162
v -17.265759 22.829512 -35.840641
v -13.395668 21.490143 -39.385361
v -22.113186 22.745060 -40.922749
v -24.350397 21.713163 -38.061020
v -7.716225 21.644676 -42.397255
v -4.161895 20.809952 -38.760654
v -0.963961 20.802450 -46.349041
v -10.335197 23.073574 -45.826458
v 4.598116 17.172079 -49.760612
v 7.740187 15.462667 -47.570377
v 7.706680 12.419073 -51.333504
v 2.468375 19.452904 -52.476414
v -39.171444 24.865137 -69.841820
v -34.064587 25.959082 -57.884331
v -32.551636 28.573580 -71.586006
v -43.077995 24.878489 -82.314247
v -43.798855 20.325798 -68.813629
v -23.309813 28.323534 -73.876419
v -18.606752 30.205088 -64.271416
v -14.995077 27.635571 -78.399902
v -28.384165 26.853668 -86.460358
v -9.425919 23.208466 -81.302994
v -4.006953 23.572905 -70.726013
v -5.729519 18.389368 -83.307106
v -14.803281 23.795288 -92.253654
v -45.242504 25.580893 -92.370003
v -38.852589 27.087948 -96.067421
v -48.909805 24.150881 -99.748428
v -51.229237 22.721386 -88.651627
v -32.332859 26.826260 -97.607430
v -26.295292 26.561220 -100.509926
v -35.451797 24.439344 -108.358093
v -19.419716 24.703487 -101.323212
v -12.144010 22.020771 -101.909462
v -21.342606 23.304050 -109.270370
v -50.296619 18.066277 -102.203987
v -42.552162 17.785095 -106.009186
v -51.288593 11.031844 -100.774002
v -55.260807 16.439379 -92.943504
v -39.388405 6.712446 -141.144852
v -37.578167 11.512464 -137.667786
v -32.609776 1.287687 -136.725204
v -45.189053 -6.064335 -130.723236
v -49.222992 8.170352 -137.563751
v -22.184713 17.233931 -111.966888
v -13.889766 15.439703 -108.223221
v -21.178825 10.237320 -111.231133
v -29.865683 17.132751 -109.893005
v -47.479572 8.089473 -94.709076
v -41.489376 7.520256 -98.439293
v -44.462261 6.472854 -84.981827
v -51.088490 9.250303 -89.489098
v -34.343613 7.221336 -100.966614
v -36.780277 10.340448 -107.815643
v -27.165232 6.921670 -103.509247
v -30.384186 4.646024 -89.444122
v -20.229816 7.393983 -103.772263
v -13.639366 8.823484 -101.581711
v -16.359283 5.509643 -94.681190
v -40.143539 4.833359 -71.843254
v -33.065071 3.365815 -74.340515
v -34.685558 4.442753 -58.385426
v -44.702770 8.368470 -69.791908
v -25.991854 2.953241 -77.036919
v -18.853050 2.641343 -79.710907
v -20.888559 2.586539 -64.426796
v -11.825849 3.310548 -82.678070
v -6.695310 6.239960 -84.324097
v -6.801052 2.227043 -70.306595
v -23.884212 6.330991 -35.052483
v -24.863520 5.150494 -39.291523
v -17.021358 4.430926 -36.713314
v -23.707184 8.486795 -30.716249
v -28.330549 10.363668 -34.865044
v -10.893020 5.271810 -39.137520
v -12.364867 3.743303 -44.459003
v -5.560065 5.600332 -42.009441
v -9.359167 7.241957 -33.920872
v -0.714876 3.686206 -44.436165
v -1.366182 2.811217 -49.711460
v 3.618473 2.957351 -46.995636
v 0.492545 5.048808 -39.389614
v -35.199745 2.550100 -7.425865
v -36.234997 3.106356 -15.958890
v -29.425474 2.093207 -8.060278
v -34.176022 1.992141 1.108211
v -41.047268 3.064138 -6.775805
v -2.280845 19.909330 -36.131737
v 10.763460 17.314371 -32.563927
v -14.076436 19.388533 -20.846876
v 51.693695 10.337906 10.256367
v 44.755665 6.508888 13.312576
v 54.210861 5.038020 9.600225
v 58.751247 14.155578 7.449387
v 49.236538 15.609748 10.880031
v 6.478285 6.812073 -49.520191
v 7.779580 5.430004 -45.719452
v 6.109757 8.751695 -53.923092
v -4.195062 11.850873 -83.844383
v 0.906247 10.899753 -73.281525
v -11.895331 15.548952 -95.557022
v 37.479057 10.939926 -93.630699
v 37.275890 5.001381 -96.020813
v 37.775650 10.991352 -98.232315
v 37.978836 16.929836 -95.842270
v -27.909460 16.302656 -36.311718
v -27.019400 18.752184 -33.904816
v -29.742208 14.723218 -38.280426
v -45.990459 13.973354 -67.947044
v -40.897877 14.263712 -55.366184
v -46.723221 15.684880 -85.995819
v -29.102476 36.235516 -69.599007
v -32.726505 39.908592 -73.393097
v -32.132317 38.687008 -67.134109
v -28.508286 35.013927 -63.340015
v -24.467789 19.195265 -17.014179
v -19.593025 19.308420 -16.155828
v -22.904299 31.679892 -4.241770
v -27.688877 23.786850 -18.224255
v -14.788164 23.135090 -18.523136
v -13.179763 28.857943 -21.462273
v -14.930440 34.027931 -4.813651
v -15.866498 31.967140 -24.173998
v -21.160347 33.288857 -23.674360
v -15.317318 41.717674 -8.169710
v -25.557922 29.102457 -21.369070
v -23.681545 38.774441 -6.568233
v 11.879550 7.980016 -28.338156
v 15.488438 4.477399 -30.398273
v 26.388847 10.151278 -18.362593
v 12.262837 12.931073 -27.971710
v 19.533554 6.135348 -35.262817
v 22.963661 9.943424 -39.358814
v 32.858261 8.819274 -25.086304
v 21.649975 15.144846 -40.051891
v 19.773342 18.382475 -36.969852
v 36.136944 16.895536 -29.475307
v 15.349102 17.180405 -32.126461
v 29.443382 18.064507 -22.419674
v -28.146252 23.509003 -13.896139
v -24.117559 21.988981 -12.332615
v -35.649551 8.460876 -14.407417
v -31.383461 25.602480 -11.107915
v -22.110090 21.085281 -6.179559
v -22.476681 21.675991 0.239574
v -30.076443 7.259874 -7.846158
v -25.902985 22.972088 2.842520
v -29.637974 25.267351 1.359375
v -33.858288 7.459767 1.405949
v -31.720207 25.910730 -4.590674
v -39.554420 8.837626 -6.697432
v 34.741524 7.909462 -4.717902
v 37.427513 5.030391 -7.327266
v 43.952385 6.731472 8.101303
v 34.606499 12.527404 -4.827564
v 42.730576 6.844006 -10.939122
v 47.089817 10.842354 -14.017680
v 51.635708 5.509727 4.462937
v 47.386513 15.498199 -13.478950
v 44.295765 18.322214 -11.582431
v 56.878605 13.760396 2.255865
v 39.085060 16.631525 -7.739389
v 47.664440 14.325666 5.951706
v -36.037579 5.892400 -15.811846
v -31.417536 5.240533 -13.798401
v -40.037903 6.255199 -12.807734
v -29.270420 4.785374 -7.920911
v -28.176388 4.478825 0.638505
v -32.136139 5.154479 18.701658
v -32.297707 6.527088 16.664890
v -37.998440 5.373855 19.314524
v -32.535259 1.042037 16.355974
v -26.273844 4.935102 18.088791
v -40.825500 5.962934 -6.616601
v -39.856384 5.114433 1.885239
v 43.808418 6.324190 10.808168
v 47.554543 3.346892 9.333355
v 43.837799 11.430466 10.511627
v 53.204685 4.851652 6.921697
v 60.344639 8.663268 4.299010
v 72.027016 21.464825 -2.116645
v 69.841049 20.443962 -2.604481
v 69.457161 26.755262 -1.672296
v 71.622116 20.873653 2.580194
v 74.596863 16.174391 -2.560994
v 48.289982 15.418286 8.329812
v 55.264618 19.239727 5.320991
v -33.077110 6.990831 9.034980
v -38.257179 7.186995 9.576829
v -27.899080 6.789624 8.492692
v -39.056713 4.534574 9.497602
v -39.180489 1.730743 9.340055
v -33.323463 1.507998 8.727329
v -27.462223 1.280137 8.113461
v -27.337547 4.083542 8.270852
v 63.383598 17.100603 -0.119956
v 61.113453 21.775406 0.274640
v 65.657822 12.425417 -0.505983
v 61.687183 22.599541 2.856411
v 62.602055 22.817184 5.504015
v 65.168770 17.527178 5.054035
v 67.737328 12.238025 4.615178
v 66.824501 12.019242 1.965183
v -0.178371 14.736513 -96.358253
v -0.969450 10.024613 -96.613083
v 10.085507 12.242993 -94.881439
v 0.532880 18.861698 -98.682877
v -1.229180 8.133848 -100.369675
v -1.176252 8.089917 -105.310883
v 9.545323 5.087473 -100.619591
v -0.464032 12.446015 -106.995667
v 0.286940 17.026915 -107.351166
v 10.479071 11.026630 -107.848358
v 0.581603 19.007156 -102.890465
v 10.963929 18.482603 -101.817406
v -46.750519 17.076595 -76.494301
v -48.557114 21.492695 -76.950729
v -46.498486 15.972862 -69.782608
v -47.678684 12.500144 -76.338768
v -52.804371 22.279156 -77.483788
v -57.406731 21.064302 -78.174202
v -53.302361 22.275412 -71.522682
v -57.723637 16.459232 -78.083084
v -56.602615 11.912027 -77.502945
v -57.263203 19.370850 -65.480751
v -51.705162 11.209914 -76.739105
v -50.331589 13.165648 -63.979591
v 19.116367 11.606284 -93.075905
v 18.907967 6.494866 -94.849083
v 19.526171 16.609743 -94.753548
v 19.084143 5.427690 -99.056290
v 19.478716 6.451735 -104.576675
v 19.856974 11.635742 -105.011261
v 20.143232 16.666950 -104.517685
v 19.868990 17.835596 -98.976395
v -40.098232 21.517656 -71.384659
v -42.965725 24.531937 -74.733261
v -39.656612 20.085899 -65.939735
v -46.224586 27.238993 -73.386681
v -49.581478 29.532495 -69.331398
v -48.483562 27.265947 -64.717773
v -46.814678 24.326609 -60.722214
v -42.457809 21.421455 -62.688454
v -34.800064 28.518990 -111.872307
v -30.293249 20.249125 -112.299118
v -34.720528 24.785557 -119.892921
v -42.259762 21.606894 -109.740868
v -28.268656 16.419891 -112.157631
v -31.215250 11.715258 -111.021973
v -25.862020 12.225453 -115.811546
v -37.766563 9.075453 -109.415504
v -43.138283 13.060595 -108.411049
v -39.382534 7.862817 -111.416748
v -44.980877 18.409588 -108.683174
v -48.626930 18.700487 -114.964638
v -35.372742 17.762997 -132.228317
v -26.609232 10.559079 -131.773270
v -46.480007 18.771414 -132.765076
v -28.604101 2.174730 -127.392082
v -33.075478 -3.690040 -122.376625
v -43.658005 -1.260116 -121.617767
v -52.761715 4.446026 -123.359215
v -51.353859 11.576911 -128.527573
v -35.421135 14.537109 -45.739521
v -33.051022 21.152170 -46.667751
v -34.241600 8.303107 -46.434708
v -29.557388 4.861376 -48.826370
v -22.794636 3.768747 -51.856552
v -16.791739 3.114620 -55.227798
v -10.338478 2.521863 -57.659988
v -3.603155 2.259499 -60.927456
v 1.816455 4.507640 -63.273735
v 4.005945 10.571362 -64.150818
v 3.018832 17.639565 -63.524773
v -1.119859 22.303938 -62.171806
v -6.130074 24.993582 -59.112328
v -14.947437 26.139166 -56.216667
v -22.848518 26.679672 -51.301422
v -28.793606 25.077921 -49.273731
v 51.731430 15.326314 -93.212448
v 51.920502 16.670851 -94.914360
v 51.398182 10.178786 -92.820541
v 51.542751 10.203853 -95.063400
v 51.108112 4.748671 -93.370834
v 51.158257 3.735686 -95.108047
v 51.381073 4.796000 -97.605820
v 51.706280 10.232207 -97.600639
v 52.004395 15.373642 -97.447433
v -19.033138 45.171329 -61.855358
v -18.264505 44.677628 -63.647568
v -19.877840 46.658123 -68.479538
v -21.320248 47.825199 -67.306084
v -22.005022 49.017982 -72.562164
v -23.607349 50.479057 -72.756813
v -24.793478 51.274158 -70.293655
v -23.025204 49.204700 -65.919037
v -21.052944 46.933800 -61.379063
vt 0.208431 0.494797
vt 0.208575 0.478116
vt 0.229443 0.475893
vt 0.229271 0.493426
vt 0.252729 0.492198
vt 0.256170 0.471571
vt 0.275357 0.475888
vt 0.275429 0.493819
vt 0.298111 0.492176
vt 0.294163 0.471736
vt 0.321331 0.475953
vt 0.321541 0.493432
vt 0.198757 0.641525
vt 0.200055 0.589825
vt 0.221664 0.590600
vt 0.219751 0.640956
vt 0.244967 0.639373
vt 0.247968 0.591507
vt 0.275466 0.591669
vt 0.275481 0.635804
vt 0.305994 0.639365
vt 0.302966 0.591494
vt 0.329276 0.590573
vt 0.331197 0.640955
vt 0.199789 0.728809
vt 0.197393 0.704590
vt 0.219517 0.692482
vt 0.227784 0.730211
vt 0.252859 0.733034
vt 0.249003 0.687406
vt 0.275511 0.688085
vt 0.275516 0.730408
vt 0.298175 0.733010
vt 0.302021 0.687396
vt 0.331536 0.692451
vt 0.323246 0.730162
vt 0.805511 0.686057
vt 0.204711 0.752714
vt 0.229559 0.760254
vt 0.782889 0.696424
vt 0.784986 0.875584
vt 0.254181 0.941082
vt 0.275435 0.940431
vt 0.742298 0.896742
vt 0.699334 0.736241
vt 0.297037 0.807427
vt 0.321459 0.760204
vt 0.696358 0.696343
vt 0.808954 0.641287
vt 0.805193 0.664541
vt 0.784300 0.671779
vt 0.785729 0.644267
vt 0.763331 0.647822
vt 0.762442 0.673765
vt 0.742276 0.741120
vt 0.739609 0.647377
vt 0.715889 0.647774
vt 0.716786 0.673709
vt 0.694936 0.671695
vt 0.693494 0.644181
vt 0.806875 0.557726
vt 0.810121 0.617205
vt 0.790367 0.607046
vt 0.787575 0.557696
vt 0.763367 0.556090
vt 0.764746 0.603486
vt 0.739627 0.603152
vt 0.739688 0.556093
vt 0.716014 0.556064
vt 0.714496 0.603455
vt 0.688836 0.606971
vt 0.691820 0.557642
vt 0.803405 0.420481
vt 0.802841 0.435733
vt 0.782960 0.432290
vt 0.783371 0.416064
vt 0.759505 0.410786
vt 0.759570 0.428509
vt 0.739756 0.426992
vt 0.739743 0.409699
vt 0.720007 0.410786
vt 0.719946 0.428500
vt 0.696571 0.432245
vt 0.696182 0.416016
vt 0.819305 0.093413
vt 0.797386 0.086157
vt 0.790779 0.072322
vt 0.822344 0.073237
vt 0.265809 0.416173
vt 0.762697 0.377789
vt 0.739788 0.389948
vt 0.275377 0.462947
vt 0.364323 0.097210
vt 0.342669 0.089884
vt 0.336664 0.075169
vt 0.367299 0.076188
vt 0.342559 0.494848
vt 0.342402 0.478170
vt 0.366070 0.480227
vt 0.366198 0.495669
vt 0.352247 0.641476
vt 0.350872 0.589816
vt 0.374237 0.588973
vt 0.374011 0.638442
vt 0.936729 0.462892
vt 0.940585 0.464321
vt 0.946953 0.476690
vt 0.936605 0.482861
vt 0.804780 0.405462
vt 0.824266 0.410023
vt 0.823186 0.423812
vt 0.805355 0.509178
vt 0.825584 0.509339
vt 0.825621 0.554997
vt 0.118742 0.522844
vt 0.058006 0.517789
vt 0.074507 0.510871
vt 0.084702 0.516921
vt 0.822269 0.350445
vt 0.784755 0.399833
vt 0.805305 0.347137
vt 0.793942 0.336256
vt 0.777469 0.322538
vt 0.236211 0.409364
vt 0.220899 0.415267
vt 0.203041 0.415110
vt 0.182178 0.419746
vt 0.685950 0.336155
vt 0.717407 0.377787
vt 0.694840 0.399772
vt 0.674409 0.347030
vt 0.657366 0.350391
vt 0.674734 0.405426
vt 0.637625 0.358046
vt 0.347747 0.415166
vt 0.329799 0.415381
vt 0.314324 0.409429
vt 0.706215 0.336018
vt 0.292514 0.404556
vt 0.870618 0.237836
vt 0.844433 0.293934
vt 0.832214 0.287148
vt 0.858351 0.228645
vt 0.844944 0.223065
vt 0.821107 0.280742
vt 0.243727 0.342391
vt 0.826584 0.212775
vt 0.214622 0.282882
vt 0.224361 0.346790
vt 0.210147 0.349538
vt 0.199596 0.284960
vt 0.184434 0.288656
vt 0.194986 0.352422
vt 0.864110 0.304875
vt 0.163133 0.290367
vt 0.634803 0.222910
vt 0.658751 0.280554
vt 0.647480 0.287052
vt 0.621343 0.228556
vt 0.609012 0.237734
vt 0.635143 0.293889
vt 0.375465 0.356065
vt 0.590820 0.249121
vt 0.366326 0.288752
vt 0.355651 0.352469
vt 0.340563 0.349608
vt 0.351134 0.285011
vt 0.336042 0.282967
vt 0.326383 0.346874
vt 0.678330 0.268182
vt 0.315081 0.275917
vt 0.789900 0.091626
vt 0.894734 0.181072
vt 0.223763 0.023658
vt 0.779683 0.072008
vt 0.205625 0.023651
vt 0.212375 0.030485
vt 0.208733 0.046428
vt 0.818124 0.043214
vt 0.919973 0.054113
vt 0.218394 0.124576
vt 0.231547 0.124829
vt 0.925982 0.076298
vt 0.853028 0.105343
vt 0.173602 0.224408
vt 0.245023 0.044913
vt 0.815784 0.102925
vt 0.335499 0.095534
vt 0.609223 0.166963
vt 0.147562 0.023794
vt 0.325939 0.074804
vt 0.129108 0.019171
vt 0.133886 0.026698
vt 0.125138 0.040618
vt 0.363323 0.044920
vt 0.461211 0.056389
vt 0.114656 0.083148
vt 0.128082 0.110700
vt 0.466974 0.079440
vt 0.396801 0.109583
vt 0.345740 0.218419
vt 0.158805 0.046562
vt 0.361009 0.107136
vt 0.212264 0.093809
vt 0.204982 0.218327
vt 0.226791 0.056935
vt 0.229179 0.093286
vt 0.246067 0.092223
vt 0.255137 0.092099
vt 0.884191 0.095549
vt 0.853655 0.095653
vt 0.854753 0.074189
vt 0.884265 0.075061
vt 0.885799 0.054616
vt 0.855335 0.052709
vt 0.203340 0.068369
vt 0.888472 0.044995
vt 0.116537 0.064410
vt 0.377147 0.224500
vt 0.136900 0.057215
vt 0.135301 0.068971
vt 0.159593 0.072808
vt 0.169578 0.075371
vt 0.426769 0.099419
vt 0.397393 0.099512
vt 0.398467 0.077209
vt 0.426850 0.078134
vt 0.428347 0.056895
vt 0.399054 0.054890
vt 0.111199 0.052142
vt 0.430928 0.046902
vt 0.398347 0.732496
vt 0.353774 0.704759
vt 0.655189 0.607952
vt 0.404645 0.715309
vt 0.625247 0.642548
vt 0.669008 0.617360
vt 0.670290 0.641156
vt 0.629866 0.657272
vt 0.633967 0.675274
vt 0.674058 0.664432
vt 0.345812 0.774768
vt 0.637449 0.692485
vt 0.387906 0.765553
vt 0.346295 0.752641
vt 0.351218 0.728717
vt 0.392980 0.747350
vt 0.854032 0.642643
vt 0.181252 0.694641
vt 0.859345 0.625630
vt 0.152631 0.732602
vt 0.157999 0.747449
vt 0.163074 0.765647
vt 0.167481 0.783084
vt 0.845329 0.675366
vt 0.849419 0.657366
vt 0.462802 0.754848
vt 0.433121 0.744888
vt 0.586158 0.633072
vt 0.469035 0.736153
vt 0.562716 0.661102
vt 0.591598 0.653084
vt 0.596668 0.669873
vt 0.567525 0.676181
vt 0.573571 0.695803
vt 0.602326 0.689166
vt 0.414557 0.801264
vt 0.575415 0.714705
vt 0.450039 0.789809
vt 0.420413 0.781867
vt 0.427222 0.762131
vt 0.457315 0.770152
vt 0.916571 0.661069
vt 0.887682 0.653104
vt 0.112049 0.724515
vt 0.922852 0.642462
vt 0.088177 0.754903
vt 0.117860 0.744959
vt 0.123753 0.762207
vt 0.093657 0.770210
vt 0.100926 0.789871
vt 0.130556 0.781946
vt 0.872833 0.708772
vt 0.104321 0.808576
vt 0.905760 0.695791
vt 0.876995 0.689207
vt 0.882631 0.669903
vt 0.911782 0.676158
vt 0.245118 0.820265
vt 0.256063 0.761423
vt 0.275458 0.816348
vt 0.275456 0.817082
vt 0.305796 0.819611
vt 0.322444 0.827635
vt 0.716707 0.746651
vt 0.742277 0.751635
vt 0.767846 0.746640
vt 0.232576 0.815700
vt 0.789238 0.746868
vt 0.242805 0.909093
vt 0.242913 0.847487
vt 0.275453 0.850080
vt 0.275444 0.899369
vt 0.308078 0.909112
vt 0.307992 0.847504
vt 0.685718 0.768892
vt 0.335635 0.923345
vt 0.710517 0.826756
vt 0.709025 0.772272
vt 0.742280 0.767854
vt 0.742288 0.823907
vt 0.774059 0.826743
vt 0.775535 0.772258
vt 0.216918 0.852154
vt 0.800161 0.835727
vt 0.803587 0.472219
vt 0.184266 0.511368
vt 0.823748 0.473030
vt 0.786007 0.508646
vt 0.783967 0.470951
vt 0.760849 0.468488
vt 0.762764 0.507838
vt 0.739729 0.507585
vt 0.739749 0.469813
vt 0.718652 0.468468
vt 0.716699 0.507812
vt 0.693463 0.508589
vt 0.695538 0.470900
vt 0.347089 0.550471
vt 0.343449 0.511536
vt 0.656251 0.437958
vt 0.370672 0.549455
vt 0.305626 0.550928
vt 0.300328 0.509969
vt 0.323635 0.511057
vt 0.326613 0.553291
vt 0.245263 0.550946
vt 0.250519 0.509979
vt 0.275426 0.509223
vt 0.275447 0.553833
vt 0.203857 0.550446
vt 0.207534 0.511493
vt 0.227207 0.511082
vt 0.224277 0.553331
vt 0.296688 0.941095
vt 0.317831 0.963343
vt 0.722395 0.859395
vt 0.742293 0.859091
vt 0.762190 0.859387
vt 0.672412 0.557619
vt 0.673996 0.509116
vt 0.676597 0.435714
vt 0.676064 0.420456
vt 0.798456 0.058765
vt 0.820876 0.052919
vt 0.343747 0.061021
vt 0.365907 0.055032
vt 0.963235 0.483911
vt 0.902883 0.489040
vt 0.909072 0.482168
vt 0.925033 0.475729
vt 0.931354 0.463643
vt 0.080884 0.498420
vt 0.084741 0.496992
vt 0.090126 0.497750
vt 0.096539 0.509638
vt 0.112499 0.516024
vt 0.245369 0.109349
vt 0.249130 0.116712
vt 0.914174 0.091435
vt 0.914507 0.075957
vt 0.915392 0.060496
vt 0.143488 0.116794
vt 0.145270 0.126440
vt 0.455609 0.095160
vt 0.455938 0.079081
vt 0.456800 0.063019
vt 0.982240 0.434188
vt 0.963585 0.427947
vt 0.946509 0.423110
vt 0.890921 0.433118
vt 0.882130 0.436526
vt 0.926679 0.423006
vt 0.909612 0.427375
vt 0.937930 0.422313
vt 0.075163 0.457134
vt 0.058225 0.461798
vt 0.039557 0.467684
vt 0.094859 0.456979
vt 0.083682 0.456346
vt 0.130564 0.466891
vt 0.111877 0.461251
vt 0.033116 0.470128
vt 0.675805 0.472192
vt 0.653419 0.509254
vt 0.655248 0.472962
vt 0.367019 0.511392
vt 0.176921 0.588998
vt 0.180547 0.549455
vt 0.822760 0.437993
vt 0.233028 0.963316
vt 0.215241 0.923308
vt 0.798841 0.768868
vt 0.699605 0.875602
vt 0.684417 0.835751
vt 0.333987 0.852188
vt 0.228471 0.827609
vt 0.254212 0.785439
vt 0.759269 0.697501
vt 0.785216 0.736222
vt 0.695315 0.746888
vt 0.719972 0.697428
vt 0.296799 0.785396
vt 0.318344 0.815723
vt 0.903939 0.714697
vt 0.136407 0.801345
vt 0.081951 0.736203
vt 0.893090 0.633076
vt 0.446638 0.808511
vt 0.606509 0.708725
vt 0.556410 0.642507
vt 0.438944 0.724452
vt 0.841861 0.692578
vt 0.205190 0.774839
vt 0.146366 0.715395
vt 0.823906 0.608060
vt 0.383498 0.782992
vt 0.673752 0.685953
vt 0.619881 0.625562
vt 0.369876 0.694574
vt 0.624476 0.158216
vt 0.327082 0.211968
vt 0.653476 0.212425
vt 0.306569 0.342322
vt 0.153133 0.050558
vt 0.361352 0.222428
vt 0.125968 0.045756
vt 0.396618 0.225899
vt 0.569871 0.190223
vt 0.388031 0.290471
vt 0.615162 0.304972
vt 0.596954 0.173816
vt 0.584932 0.180968
vt 0.909456 0.190131
vt 0.154402 0.225852
vt 0.888489 0.249012
vt 0.175675 0.355943
vt 0.241882 0.047343
vt 0.189385 0.222364
vt 0.213528 0.046751
vt 0.223402 0.212053
vt 0.855547 0.158550
vt 0.235225 0.276013
vt 0.801766 0.268578
vt 0.882733 0.173912
vt 0.870470 0.167071
vt 0.702590 0.322102
vt 0.284431 0.416033
vt 0.369025 0.419829
vt 0.654789 0.409992
vt 0.841623 0.358035
vt 0.185243 0.480200
vt 0.257695 0.404697
vt 0.773758 0.336466
vt 0.177136 0.638471
vt 0.185108 0.495641
vt 0.653403 0.554919
vt 0.655840 0.423782
vt 0.740026 0.329135
vt 0.739609 0.679991
vt 0.717946 0.727940
vt 0.321543 0.784229
vt 0.275425 0.981496
vt 0.229466 0.784279
vt 0.766602 0.727930
vt 0.275513 0.766895
vt 0.294962 0.761394
vt 0.158494 0.031032
vt 0.235614 0.029385
vt 0.253884 0.807420
vt 0.968218 0.693073
vt 0.970279 0.686813
vt 0.964692 0.720144
vt 0.041234 0.817480
vt 0.965692 0.701614
vt 0.035620 0.790589
vt 0.038855 0.799577
vt 0.026837 0.766821
vt 0.976742 0.669618
vt 0.033170 0.783659
vt 0.515345 0.790561
vt 0.512107 0.799546
vt 0.509721 0.817448
vt 0.514670 0.720260
vt 0.513647 0.701731
vt 0.511110 0.693195
vt 0.509040 0.686939
vt 0.502555 0.669755
vt 0.524137 0.766797
vt 0.517798 0.783632
vt 0.052820 0.522857
vt 0.139366 0.470253
vt 0.968347 0.489050
vt 0.988625 0.436785
vt 0.108883 0.091107
vt 0.106409 0.062482
vt 0.399209 0.044805
vt 0.459518 0.102060
vt 0.428604 0.109556
vt 0.167704 0.057128
vt 0.215342 0.132259
vt 0.203222 0.094543
vt 0.855471 0.043005
vt 0.918242 0.098075
vt 0.886101 0.105305
vt 0.255511 0.067846
vt 0.169019 0.047690
vt 0.166893 0.025823
vt 0.125973 0.120002
vt 0.337008 0.054912
vt 0.115292 0.038211
vt 0.149847 0.015689
vt 0.254586 0.043904
vt 0.241676 0.021944
vt 0.231922 0.132778
vt 0.791425 0.052872
vt 0.199112 0.046316
vt 0.223332 0.014444
vn 0.013486 0.875423 -0.483170
vn 0.013486 0.875423 -0.483170
vn 0.239565 0.959292 -0.149558
vn 0.158730 0.947052 -0.279100
vn 0.179345 0.968979 0.170046
vn 0.355520 0.934081 -0.033138
vn 0.120254 0.989492 0.080282
vn 0.047501 0.944194 0.325948
vn 0.403337 0.910433 0.091822
vn 0.266423 0.957381 -0.111533
vn 0.661979 0.720687 -0.205898
vn 0.585532 0.808920 -0.052917
vn -0.852517 0.469922 0.228885
vn -0.763269 0.539101 0.356076
vn -0.508113 0.822081 0.256912
vn -0.584958 0.794290 0.164100
vn -0.230715 0.973001 0.006307
vn -0.141458 0.979769 0.141574
vn 0.107705 0.992066 0.064847
vn 0.011505 0.993603 -0.112340
vn 0.256991 0.947833 -0.188598
vn 0.331932 0.942297 -0.043561
vn 0.631288 0.741475 -0.227353
vn 0.598515 0.740918 -0.304666
vn -0.244243 0.963166 0.112501
vn -0.515041 0.818066 0.255932
vn -0.551205 0.819809 0.155198
vn -0.334136 0.942081 0.028921
vn -0.144425 0.980234 -0.135216
vn -0.143078 0.989699 -0.004955
vn 0.023320 0.997681 -0.063950
vn -0.015375 0.987932 -0.154124
vn 0.095625 0.972197 -0.213751
vn 0.173842 0.977663 -0.118126
vn 0.553163 0.800130 -0.231954
vn 0.315769 0.926523 -0.204561
vn -0.953616 0.042006 -0.298079
vn -0.792875 0.571825 -0.210633
vn -0.491810 0.734364 -0.467796
vn -0.651407 0.148490 -0.744056
vn -0.682354 -0.090725 -0.725370
vn -0.278823 0.561552 -0.779049
vn 0.241995 0.481611 -0.842312
vn -0.068549 -0.276402 -0.958594
vn 0.042032 0.186125 -0.981627
vn -0.031093 0.845080 -0.533735
vn 0.111695 0.718766 -0.686222
vn 0.033576 0.124811 -0.991612
vn -0.257656 -0.961800 0.092490
vn -0.821214 -0.533389 -0.202740
vn -0.622723 -0.496725 -0.604550
vn -0.289390 -0.941956 -0.170212
vn -0.195538 -0.941863 -0.273239
vn -0.407883 -0.699008 -0.587384
vn -0.197388 -0.869603 -0.452580
vn -0.140250 -0.947708 -0.286669
vn -0.063306 -0.944207 -0.323212
vn -0.103484 -0.728920 -0.676732
vn 0.088010 -0.544372 -0.834214
vn 0.120520 -0.946165 -0.300411
vn -0.850181 -0.494322 0.181215
vn -0.517399 -0.832077 0.199865
vn -0.463344 -0.886175 0.002594
vn -0.423215 -0.903732 0.064484
vn -0.139084 -0.990063 -0.020762
vn -0.155394 -0.981757 -0.109569
vn -0.094449 -0.985410 -0.141589
vn -0.074047 -0.995864 -0.052653
vn -0.016635 -0.995693 -0.091210
vn -0.020401 -0.984823 -0.172361
vn 0.297794 -0.905508 -0.302283
vn 0.240717 -0.939867 -0.242292
vn -0.790342 -0.365427 0.491755
vn -0.711963 -0.531685 0.458715
vn -0.300804 -0.929358 0.214035
vn -0.336942 -0.882209 0.328905
vn -0.015677 -0.977787 0.209012
vn -0.060820 -0.992214 0.108687
vn 0.046135 -0.992849 0.110103
vn 0.160252 -0.967091 0.197624
vn 0.035297 -0.969611 0.242092
vn -0.017278 -0.988962 0.147157
vn 0.020189 -0.997338 0.070063
vn -0.108095 -0.977851 0.179229
vn -0.085986 -0.994323 -0.062682
vn -0.098054 -0.993607 -0.055952
vn -0.094191 -0.994147 -0.052906
vn -0.082778 -0.995025 -0.055442
vn 0.795946 -0.278328 0.537591
vn 0.564070 -0.535128 0.628859
vn 0.476806 -0.602252 0.640272
vn 0.321089 0.625864 0.710772
vn 0.358527 0.063231 0.931376
vn 0.376666 0.061599 0.924299
vn 0.374467 0.058320 0.925404
vn 0.355322 0.059149 0.932871
vn 0.606590 -0.494018 -0.622892
vn 0.606590 -0.494018 -0.622892
vn 0.606590 -0.494018 -0.622892
vn 0.606590 -0.494018 -0.622892
vn 0.804621 0.432949 -0.406375
vn 0.841317 0.416128 -0.344999
vn 0.916769 -0.075149 -0.392284
vn 0.868876 -0.063332 -0.490961
vn 0.996195 -0.059655 0.063542
vn 0.996195 -0.059655 0.063544
vn 0.996195 -0.059655 0.063544
vn 0.996195 -0.059655 0.063542
vn -0.986923 0.146582 0.067063
vn -0.986923 0.146582 0.067063
vn -0.986923 0.146582 0.067063
vn -0.986923 0.146582 0.067063
vn -0.739836 -0.580054 0.340853
vn -0.904321 0.064461 0.421958
vn -0.967877 0.035159 0.248953
vn 0.666128 0.741376 0.081458
vn 0.666128 0.741376 0.081458
vn 0.666128 0.741376 0.081458
vn 0.666128 0.741376 0.081458
vn -0.735551 -0.492959 0.464710
vn -0.745709 -0.526955 0.407721
vn -0.377478 -0.737532 0.559962
vn -0.438172 -0.688180 0.578285
vn 0.621912 -0.561136 0.546215
vn 0.624771 -0.563379 0.540616
vn 0.973334 0.213628 -0.083574
vn 0.400173 0.736475 -0.545405
vn 0.442399 0.740308 -0.506188
vn -0.736489 0.593806 -0.324003
vn -0.763052 0.548347 -0.342151
vn -0.763052 0.548347 -0.342151
vn -0.741095 0.586325 -0.327111
vn -0.530648 -0.245029 0.811402
vn -0.472008 -0.418862 0.775734
vn -0.402257 -0.658517 0.636038
vn -0.449699 -0.537358 0.713455
vn 0.289954 -0.943940 -0.157807
vn 0.309418 -0.926695 -0.213302
vn 0.309418 -0.926694 -0.213302
vn 0.289797 -0.944062 -0.157368
vn 0.578242 0.081417 -0.811793
vn 0.524794 0.226853 -0.820444
vn 0.340342 0.691781 -0.636872
vn 0.450174 0.524261 -0.722837
vn 0.093201 0.970442 -0.222612
vn -0.138151 0.847960 0.511740
vn -0.087103 0.984542 0.151952
vn -0.663052 0.522721 -0.535840
vn -0.314509 0.694387 -0.647233
vn 0.316809 0.574159 -0.754966
vn 0.024784 0.277086 -0.960525
vn 0.667710 -0.075075 -0.740626
vn 0.528523 0.299242 -0.794429
vn 0.904312 -0.405364 0.133793
vn 0.888124 -0.434578 -0.149590
vn 0.742268 -0.268763 0.613844
vn 0.417364 0.212413 0.883566
vn 0.161249 0.404355 0.900275
vn 0.115701 0.133487 0.984274
vn -0.510497 0.423320 0.748460
vn -0.059899 0.518422 0.853024
vn -0.649730 0.583119 0.487672
vn -0.865597 0.458293 0.201764
vn -0.679840 0.515901 0.521214
vn -0.654033 0.581822 0.483451
vn -0.793402 -0.412712 0.447416
vn -0.763931 -0.439650 0.472352
vn -0.145141 -0.989365 -0.009531
vn -0.148086 -0.987554 -0.052982
vn 0.317950 -0.884739 -0.340799
vn 0.330530 -0.893076 -0.305230
vn 0.693072 -0.521196 -0.498002
vn 0.692791 -0.464076 -0.551973
vn 0.744805 0.443770 -0.498332
vn 0.782895 0.424555 -0.454785
vn 0.155142 0.987837 0.010434
vn 0.184959 0.981221 -0.054733
vn -0.281746 0.920752 0.269880
vn -0.305300 0.899775 0.311764
vn -0.499282 0.461542 -0.733278
vn -0.499282 0.461542 -0.733278
vn -0.082863 0.489052 -0.868310
vn -0.049602 0.487248 -0.871854
vn 0.904898 0.297181 -0.304702
vn 0.904898 0.297181 -0.304702
vn 0.904898 0.297181 -0.304702
vn 0.904898 0.297181 -0.304702
vn 0.159407 0.921031 0.355375
vn 0.159407 0.921031 0.355375
vn 0.072966 0.927814 0.365836
vn 0.072966 0.927815 0.365836
vn -0.782006 0.581364 0.224685
vn -0.782006 0.581364 0.224685
vn -0.782006 0.581364 0.224685
vn -0.782006 0.581364 0.224685
vn -0.998201 0.006245 -0.059630
vn -0.998201 0.006245 -0.059630
vn -0.900769 -0.421040 -0.106493
vn -0.908791 -0.403861 -0.104857
vn 0.104567 -0.938476 -0.329133
vn 0.104567 -0.938476 -0.329133
vn 0.104567 -0.938476 -0.329133
vn 0.104567 -0.938476 -0.329133
vn -0.004959 -0.015708 -0.999864
vn -0.004959 -0.015708 -0.999864
vn -0.043138 0.062793 -0.997094
vn -0.043138 0.062793 -0.997094
vn -0.516952 0.745539 -0.420633
vn -0.516952 0.745539 -0.420633
vn -0.516952 0.745539 -0.420633
vn -0.516952 0.745539 -0.420633
vn 0.061430 0.997200 0.042642
vn 0.061430 0.997200 0.042642
vn 0.062690 0.996509 0.055134
vn 0.062691 0.996509 0.055139
vn -0.873606 0.483929 0.051238
vn -0.873606 0.483929 0.051238
vn -0.873606 0.483929 0.051238
vn -0.873606 0.483929 0.051238
vn -0.053199 -0.996532 -0.063986
vn -0.066659 -0.995622 -0.065531
vn -0.063908 -0.996288 -0.057676
vn -0.052085 -0.996945 -0.058210
vn 0.992532 -0.044138 -0.113715
vn 0.991465 -0.047230 -0.121520
vn 0.991483 -0.047178 -0.121388
vn 0.992532 -0.044138 -0.113715
vn -0.307969 -0.061078 -0.949434
vn -0.307969 -0.061078 -0.949434
vn -0.315623 -0.061846 -0.946867
vn -0.315613 -0.061845 -0.946870
vn -0.590052 0.745847 -0.309112
vn -0.590052 0.745847 -0.309112
vn -0.590052 0.745847 -0.309112
vn -0.590052 0.745847 -0.309112
vn 0.320781 0.069539 0.944597
vn 0.334551 0.066784 0.940008
vn 0.329530 0.063341 0.942018
vn 0.316787 0.067302 0.946106
vn 0.436702 -0.895792 -0.082755
vn 0.439647 -0.893588 -0.090613
vn 0.439748 -0.893511 -0.090883
vn 0.436702 -0.895792 -0.082755
vn 0.084547 0.801203 0.592389
vn 0.651497 0.756444 0.057829
vn 0.059052 0.101628 0.993068
vn -0.019784 0.146138 0.989066
vn -0.133283 -0.562161 0.816218
vn 0.595129 -0.802742 -0.037767
vn 0.113522 -0.993046 0.031189
vn -0.175464 -0.967893 0.179986
vn -0.117680 -0.786245 -0.606606
vn 0.180456 -0.689048 -0.701889
vn 0.223075 -0.023453 -0.974519
vn -0.006095 -0.129000 -0.991626
vn 0.093313 0.552610 -0.828199
vn 0.290086 0.643160 -0.708658
vn 0.319294 0.946233 -0.051901
vn 0.143587 0.985812 -0.086935
vn 0.676118 -0.733945 0.064727
vn 0.999320 -0.004607 0.036577
vn 0.993317 0.106514 0.044448
vn 0.679358 0.728517 0.087947
vn 0.084546 0.996413 0.003664
vn -0.851960 0.514321 -0.098176
vn -0.995097 -0.078080 -0.060708
vn -0.742965 -0.666541 0.061046
vn -0.033274 -0.990240 0.135345
vn -0.029667 0.600869 0.798797
vn -0.045792 0.756320 0.652597
vn -0.141340 0.085717 0.986243
vn -0.057411 0.004178 0.998342
vn -0.063812 -0.596061 0.800399
vn -0.176730 -0.635413 0.751676
vn -0.122396 -0.987733 0.096967
vn 0.013157 -0.999677 0.021732
vn 0.245817 -0.605078 -0.757268
vn -0.032810 -0.769931 -0.637283
vn 0.083361 -0.119882 -0.989282
vn 0.320455 -0.032166 -0.946718
vn 0.287910 0.566543 -0.772099
vn 0.130735 0.574791 -0.807789
vn 0.073631 0.992211 -0.100477
vn 0.077815 0.996956 -0.004864
vn 0.740720 -0.665504 0.091865
vn 0.518667 -0.811272 0.269857
vn 0.783635 -0.476813 -0.398204
vn 0.629756 -0.548218 -0.550331
vn 0.255382 -0.241971 -0.936072
vn 0.446621 0.223244 -0.866425
vn -0.277603 0.745588 -0.605834
vn -0.383749 0.374981 -0.843876
vn -0.607634 0.794067 0.015451
vn -0.827097 0.546909 0.129618
vn -0.872904 0.168820 0.457753
vn -0.466418 0.638538 0.612147
vn -0.214255 0.234330 0.948253
vn -0.589682 -0.495676 0.637636
vn 0.053319 -0.778593 0.625259
vn 0.320843 -0.351418 0.879526
vn -0.414473 0.876269 0.245693
vn -0.414473 0.876269 0.245693
vn -0.414473 0.876269 0.245693
vn -0.414473 0.876269 0.245693
vn 0.984652 0.168935 0.043830
vn 0.984652 0.168935 0.043830
vn 0.998437 -0.011492 -0.054699
vn 0.585017 -0.394867 0.708403
vn -0.104025 -0.994538 0.008566
vn -0.085258 -0.709638 0.699389
vn -0.648530 -0.395359 0.650461
vn -0.727263 0.246106 -0.640718
vn -0.916336 0.226910 0.329909
vn -0.469685 0.781882 -0.409947
vn -0.450886 0.870312 -0.198137
vn 0.265773 0.900158 -0.345079
vn 0.315117 0.780942 -0.539287
vn 0.896072 0.242122 -0.372066
vn 0.838750 0.495147 -0.226556
vn 0.981275 -0.132468 0.139830
vn 0.913189 -0.396693 -0.093383
vn 0.401473 -0.830161 0.386849
vn 0.493515 -0.656671 0.570287
vn -0.229691 -0.676639 0.699573
vn -0.300056 -0.746389 0.594028
vn -0.886411 -0.334648 0.319824
vn -0.792244 -0.273908 0.545275
vn -0.866272 0.487021 0.111284
vn -0.932394 0.333651 -0.138994
vn -0.718270 -0.546072 0.431153
vn -0.806952 0.166261 0.566732
vn -0.841282 0.111483 0.528977
vn -0.329194 -0.931632 0.153926
vn -0.299129 -0.935272 0.189176
vn -0.089394 -0.992644 0.081649
vn -0.108890 -0.992277 0.059414
vn -0.059014 -0.997780 0.030863
vn -0.029908 -0.996833 0.073692
vn -0.027485 -0.996636 0.077207
vn -0.020965 -0.999766 -0.005401
vn 0.177607 -0.977696 -0.112095
vn 0.128505 -0.991630 -0.012544
vn 0.883016 0.411783 -0.225206
vn 0.917474 0.363147 -0.162374
vn 0.939021 -0.234787 -0.251225
vn 0.950043 -0.115318 -0.290036
vn 0.375349 0.912940 0.160170
vn 0.328652 0.929251 0.168759
vn 0.613000 0.789335 0.034370
vn 0.634450 0.771806 -0.042300
vn 0.021669 0.949369 0.313416
vn 0.104994 0.954182 0.280202
vn 0.194203 0.954180 0.227654
vn 0.207753 0.941703 0.264639
vn -0.659960 0.582311 0.474728
vn -0.553425 0.655109 0.514347
vn -0.148124 0.920175 0.362405
vn -0.329328 0.865009 0.378554
vn 0.141609 0.940820 0.307902
vn 0.040076 0.955810 0.291241
vn -0.371549 0.867200 0.331534
vn 0.303886 0.944188 0.127132
vn 0.402895 0.899941 0.166678
vn 0.207886 0.942441 0.261894
vn 0.732386 0.526203 -0.432111
vn 0.732386 0.526203 -0.432111
vn 0.965791 0.069317 -0.249886
vn 0.695525 0.714964 0.071210
vn -0.254027 0.855517 -0.451177
vn -0.069162 0.946932 -0.313905
vn 0.662822 0.139088 -0.735746
vn 0.467036 -0.566448 -0.678980
vn 0.194688 -0.933486 -0.301166
vn -0.351343 -0.886355 -0.301551
vn -0.753287 -0.551168 -0.358848
vn 0.665035 -0.591001 -0.456560
vn 0.655587 -0.688221 -0.310736
vn 0.064684 -0.859303 0.507361
vn -0.212423 -0.817277 0.535663
vn -0.177331 -0.823886 0.538300
vn -0.644982 -0.628794 0.434300
vn -0.644982 -0.628794 0.434300
vn 0.083156 -0.872451 0.481575
vn -0.130850 0.017598 0.991246
vn 0.377430 -0.856866 0.351181
vn 0.147672 -0.869938 0.470533
vn 0.566888 -0.813117 -0.132208
vn 0.286260 -0.957184 -0.043051
vn -0.257912 -0.953462 0.156180
vn -0.257912 -0.953462 0.156180
vn -0.311059 -0.810275 0.496686
vn -0.298569 -0.869523 0.393428
vn -0.090239 -0.994675 -0.049790
vn -0.077960 -0.995782 -0.048381
vn -0.061181 -0.996878 -0.049909
vn 0.372330 0.055140 0.926461
vn 0.349566 0.055221 0.935283
vn 0.324400 0.059859 0.944024
vn 0.552718 -0.783296 -0.284518
vn 0.552718 -0.783296 -0.284518
vn 0.552718 -0.783296 -0.284518
vn 0.552718 -0.783296 -0.284518
vn 0.858660 -0.462807 -0.220255
vn 0.839145 -0.011583 -0.543784
vn 0.996195 -0.059655 0.063543
vn 0.996195 -0.059655 0.063543
vn 0.996195 -0.059655 0.063542
vn 0.996195 -0.059655 0.063542
vn 0.996195 -0.059655 0.063541
vn 0.996195 -0.059655 0.063541
vn 0.996195 -0.059655 0.063541
vn 0.996195 -0.059655 0.063541
vn -0.817326 0.562674 -0.124002
vn -0.817326 0.562674 -0.124002
vn -0.817326 0.562674 -0.124002
vn -0.817326 0.562674 -0.124002
vn -0.780699 0.352653 0.515893
vn -0.993914 0.041540 0.102030
vn 0.666127 0.741377 0.081459
vn 0.666127 0.741377 0.081459
vn 0.666127 0.741377 0.081459
vn 0.666127 0.741377 0.081459
vn 0.666127 0.741376 0.081459
vn 0.666127 0.741376 0.081459
vn 0.666128 0.741376 0.081458
vn 0.666128 0.741376 0.081458
vn -0.023403 -0.799207 0.600601
vn -0.092075 -0.766557 0.635541
vn -0.194763 -0.706929 0.679940
vn -0.512176 -0.600198 0.614360
vn -0.724799 -0.463555 0.509689
vn 0.967084 -0.138653 0.213365
vn 0.961429 -0.217331 0.168588
vn 0.961429 -0.217331 0.168588
vn 0.649308 -0.582477 0.488999
vn 0.649308 -0.582477 0.488999
vn 0.135482 0.772331 -0.620604
vn 0.112937 0.823186 -0.556426
vn 0.094499 0.859261 -0.502734
vn 0.493079 0.745191 -0.448959
vn 0.860067 0.428761 -0.276494
vn -0.967986 0.224004 -0.113250
vn -0.967986 0.224004 -0.113250
vn -0.953773 0.276720 -0.117230
vn -0.950409 0.287738 -0.118024
vn -0.931127 0.343733 -0.121859
vn -0.931127 0.343733 -0.121859
vn -0.711619 0.631716 -0.307461
vn -0.711619 0.631716 -0.307461
vn -0.321822 -0.813106 0.485066
vn -0.344827 -0.743225 0.573333
vn -0.361313 -0.673586 0.644775
vn -0.488551 -0.407467 0.771549
vn -0.570115 -0.066495 0.818869
vn 0.437972 -0.725742 -0.530547
vn 0.437972 -0.725742 -0.530547
vn 0.442464 -0.777465 -0.446961
vn 0.442261 -0.773578 -0.453854
vn 0.442897 -0.816066 -0.371320
vn 0.442897 -0.816066 -0.371320
vn 0.272734 -0.955705 -0.110655
vn 0.272734 -0.955705 -0.110654
vn 0.315182 0.785707 -0.532282
vn 0.525705 0.400998 -0.750223
vn 0.607815 -0.023304 -0.793737
vn -0.362129 0.742795 0.563132
vn -0.370135 0.757657 0.537547
vn -0.388774 0.791966 0.470791
vn -0.388774 0.791966 0.470791
vn -0.150747 0.981062 0.121626
vn -0.150747 0.981062 0.121626
vn 0.648394 -0.324936 -0.688478
vn -0.204552 0.125827 -0.970735
vn -0.831438 0.401838 -0.383716
vn 0.777612 -0.484238 0.401039
vn 0.865847 -0.480052 -0.140923
vn -0.770373 0.289174 0.568246
vn -0.049336 -0.110728 0.992625
vn -0.907880 0.398194 0.131131
vn -0.080021 -0.996772 -0.006561
vn -0.727573 -0.484792 0.485402
vn -0.672759 0.497331 0.547774
vn 0.707542 -0.546347 -0.448206
vn 0.365930 -0.886630 -0.282813
vn 0.176521 0.983149 0.047522
vn 0.833683 0.352750 -0.424901
vn -0.301807 0.891539 0.337743
vn 0.422308 0.401264 -0.812800
vn 0.422308 0.401264 -0.812800
vn 0.401102 0.021663 -0.915777
vn 0.401102 0.021663 -0.915777
vn -0.107566 0.062277 -0.992246
vn -0.132942 0.063918 -0.989061
vn -0.592233 0.086454 -0.801115
vn -0.592233 0.086454 -0.801115
vn 0.863262 0.503972 -0.028130
vn 0.863262 0.503972 -0.028130
vn 0.863262 0.503972 -0.028130
vn 0.863262 0.503972 -0.028130
vn 0.990447 -0.049999 -0.128509
vn 0.990447 -0.049999 -0.128509
vn 0.937599 -0.036926 -0.345753
vn 0.937599 -0.036926 -0.345753
vn 0.937599 -0.036926 -0.345753
vn 0.937599 -0.036926 -0.345753
vn -0.014032 0.927521 0.373507
vn -0.014032 0.927521 0.373507
vn 0.021097 -0.545587 0.837789
vn 0.021097 -0.545587 0.837789
vn 0.066678 -0.547865 0.833905
vn 0.066678 -0.547865 0.833905
vn 0.112119 -0.548993 0.828273
vn 0.112119 -0.548993 0.828273
vn -0.911204 0.400349 -0.097102
vn -0.911204 0.400349 -0.097102
vn -0.911204 0.400349 -0.097102
vn -0.911204 0.400349 -0.097102
vn -0.989124 0.081760 -0.122264
vn -0.989124 0.081760 -0.122264
vn -0.989124 0.081760 -0.122264
vn -0.989124 0.081760 -0.122264
vn -0.990679 0.061082 0.121758
vn -0.991735 0.053724 0.116517
vn -0.991702 0.053957 0.116684
vn -0.990679 0.061082 0.121758
vn -0.654540 -0.744498 -0.131533
vn -0.654540 -0.744498 -0.131533
vn -0.535986 -0.802873 0.260986
vn -0.535986 -0.802873 0.260986
vn -0.832740 -0.432007 0.346286
vn -0.824725 -0.448531 0.344454
vn -0.935656 0.025813 0.351968
vn -0.935656 0.025813 0.351968
vn 0.261740 -0.754140 -0.602300
vn 0.261740 -0.754140 -0.602300
vn 0.261740 -0.754140 -0.602300
vn 0.261740 -0.754140 -0.602300
vn 0.442333 -0.891497 -0.097851
vn 0.442333 -0.891497 -0.097851
vn 0.247124 -0.968645 -0.025610
vn 0.247124 -0.968645 -0.025610
vn 0.247124 -0.968645 -0.025610
vn 0.247124 -0.968645 -0.025610
vn -0.080989 0.140814 -0.986718
vn -0.080989 0.140814 -0.986718
vn 0.868866 0.457156 0.189946
vn 0.868866 0.457156 0.189946
vn 0.889751 0.416520 0.186692
vn 0.889751 0.416520 0.186692
vn 0.908769 0.375010 0.183047
vn 0.908769 0.375010 0.183047
vn -0.703839 0.694392 -0.149770
vn -0.703839 0.694392 -0.149769
vn -0.703839 0.694392 -0.149770
vn -0.703839 0.694392 -0.149769
vn -0.610404 0.773456 0.170801
vn -0.610404 0.773456 0.170801
vn -0.610404 0.773456 0.170801
vn -0.610404 0.773456 0.170801
vn -0.447134 0.889316 0.095851
vn -0.442978 0.892010 0.089940
vn -0.442966 0.892018 0.089922
vn -0.447134 0.889316 0.095851
vn 0.063946 0.995657 0.067664
vn 0.063946 0.995657 0.067664
vn -0.047509 0.990094 0.132123
vn -0.047509 0.990094 0.132123
vn 0.050366 0.991226 0.122209
vn 0.050384 0.991225 0.122207
vn 0.147774 0.982760 0.111110
vn 0.147774 0.982760 0.111110
vn -0.992811 0.045550 0.110689
vn -0.992811 0.045550 0.110689
vn -0.960780 -0.203640 0.188237
vn -0.960780 -0.203640 0.188237
vn -0.960780 -0.203640 0.188237
vn -0.960780 -0.203640 0.188237
vn -0.801719 0.583407 0.129932
vn -0.801719 0.583407 0.129932
vn -0.801719 0.583407 0.129932
vn -0.801719 0.583407 0.129932
vn -0.050983 -0.997318 -0.052504
vn 0.054554 -0.998500 0.004733
vn 0.054554 -0.998500 0.004733
vn -0.036440 -0.999237 0.014027
vn -0.036557 -0.999233 0.014039
vn -0.127283 -0.991595 0.023220
vn -0.127283 -0.991595 0.023220
vn 0.899471 0.409595 -0.152266
vn 0.899471 0.409595 -0.152266
vn 0.899471 0.409595 -0.152266
vn 0.899471 0.409595 -0.152266
vn 0.853296 0.519558 -0.044109
vn 0.853296 0.519558 -0.044109
vn 0.853296 0.519558 -0.044109
vn 0.853296 0.519558 -0.044109
vn 0.961003 -0.276218 -0.013280
vn 0.961003 -0.276218 -0.013280
vn 0.961003 -0.276218 -0.013280
vn 0.961003 -0.276218 -0.013280
vn -0.323254 -0.062610 -0.944239
vn -0.323254 -0.062610 -0.944239
vn -0.307528 0.039958 -0.950700
vn -0.307528 0.039958 -0.950700
vn -0.266059 -0.048687 -0.962726
vn -0.266074 -0.048657 -0.962724
vn -0.222024 -0.136821 -0.965394
vn -0.222024 -0.136821 -0.965394
vn -0.438399 0.894897 0.083465
vn -0.438399 0.894896 0.083465
vn -0.260268 0.929468 0.261438
vn -0.260268 0.929468 0.261438
vn -0.260268 0.929468 0.261438
vn -0.260268 0.929468 0.261438
vn -0.531329 0.708879 -0.463876
vn -0.531329 0.708879 -0.463876
vn -0.531329 0.708879 -0.463876
vn -0.531329 0.708879 -0.463876
vn 0.312755 0.065046 0.947604
vn 0.418843 0.025480 0.907701
vn 0.418843 0.025480 0.907701
vn 0.380705 0.107726 0.918400
vn 0.380734 0.107665 0.918395
vn 0.339415 0.189036 0.921446
vn 0.339415 0.189036 0.921446
vn 0.197154 -0.865810 -0.459895
vn 0.197154 -0.865810 -0.459895
vn 0.197154 -0.865810 -0.459895
vn 0.197154 -0.865810 -0.459895
vn 0.192870 -0.783601 -0.590569
vn 0.192870 -0.783601 -0.590569
vn 0.192870 -0.783601 -0.590569
vn 0.192870 -0.783601 -0.590569
vn 0.582125 -0.804940 0.114904
vn 0.582125 -0.804940 0.114904
vn 0.582125 -0.804940 0.114904
vn 0.582125 -0.804940 0.114904
vn -0.025632 -0.568020 0.822615
vn 0.005183 -0.009001 0.999946
vn 0.012489 0.558618 0.829331
vn 0.250110 -0.591293 -0.766692
vn -0.004284 -0.999845 0.017104
vn 0.291460 0.584944 -0.756896
vn 0.344318 -0.010887 -0.938790
vn 0.074505 0.996691 0.032499
vn 0.350691 -0.187919 -0.917443
vn 0.696940 -0.488811 -0.524727
vn 0.780556 -0.624228 0.032747
vn -0.584731 0.809519 -0.052613
vn -0.343301 0.408784 -0.845600
vn -0.141469 0.359801 0.922242
vn -0.431972 0.714954 0.549765
vn 0.417384 -0.361470 0.833745
vn 0.675854 0.728819 0.109748
vn 0.675854 0.728819 0.109748
vn 0.675854 0.728819 0.109748
vn 0.675854 0.728819 0.109748
vn 0.814966 0.577703 0.045708
vn 0.052019 0.996929 -0.058543
vn -0.531460 0.834634 0.144695
vn 0.862106 0.253240 0.438911
vn -0.853148 0.396401 0.339124
vn -0.853148 0.396401 0.339124
vn -0.672974 0.507511 0.538089
vn 0.667014 -0.716151 -0.205476
vn 0.016036 0.999792 0.012638
vn -0.028397 0.780556 0.624440
vn -0.028397 0.780556 0.624440
vn 0.016093 0.999801 0.011798
vn -0.064077 0.113665 0.991451
vn -0.064077 0.113665 0.991451
vn -0.064077 0.113665 0.991451
vn -0.064077 0.113665 0.991451
vn -0.077160 -0.128354 0.988722
vn -0.077160 -0.128354 0.988722
vn -0.077160 -0.128354 0.988722
vn -0.077160 -0.128354 0.988722
vn -0.112358 -0.855856 0.504863
vn -0.090992 -0.995707 -0.016967
vn -0.090990 -0.995707 -0.017003
vn -0.112358 -0.855856 0.504863
vn -0.058291 -0.914557 -0.400235
vn -0.058291 -0.914557 -0.400235
vn 0.045311 -0.001513 -0.998972
vn 0.045311 -0.001513 -0.998972
vn 0.045311 -0.001513 -0.998972
vn 0.045311 -0.001513 -0.998972
vn 0.046834 0.026779 -0.998544
vn 0.046834 0.026779 -0.998544
vn 0.046834 0.026779 -0.998544
vn 0.046834 0.026779 -0.998544
vn 0.045632 0.886411 -0.460644
vn 0.045632 0.886411 -0.460644
vn 0.331273 -0.433341 0.838137
vn 0.624045 -0.647591 0.437258
vn 0.624045 -0.647591 0.437258
vn 0.331249 -0.433321 0.838157
vn 0.689789 -0.580905 -0.432135
vn 0.689789 -0.580905 -0.432136
vn 0.689789 -0.580905 -0.432136
vn 0.689789 -0.580905 -0.432136
vn 0.602881 -0.482112 -0.635690
vn 0.602881 -0.482112 -0.635690
vn 0.602881 -0.482112 -0.635690
vn 0.602881 -0.482112 -0.635690
vn 0.103734 -0.031413 -0.994109
vn -0.380919 0.377199 -0.844169
vn -0.381475 0.377651 -0.843716
vn 0.103734 -0.031413 -0.994109
vn -0.645695 0.584640 -0.491198
vn -0.645695 0.584640 -0.491198
vn -0.674236 0.523791 0.520624
vn -0.674236 0.523791 0.520624
vn -0.674236 0.523791 0.520624
vn -0.674236 0.523791 0.520624
vn -0.664148 0.512301 0.544478
vn -0.664148 0.512301 0.544478
vn -0.664148 0.512301 0.544478
vn -0.664148 0.512300 0.544478
vn 0.053024 -0.194302 0.979508
vn 0.053024 -0.194302 0.979508
s 1
g pCube1
usemtl pCube1SG
f 101/1/1 1/2/2 98/3/3 97/4/4
f 99/5/5 2/6/6 103/7/7 102/8/8
f 104/9/9 3/10/10 107/11/11 106/12/12
s 3
f 114/13/13 5/14/14 111/15/15 110/16/16
f 112/17/17 6/18/18 116/19/19 115/20/20
f 117/21/21 7/22/22 120/23/23 119/24/24
f 126/25/25 9/26/26 113/27/27 123/28/28
f 124/29/29 10/30/30 118/31/31 127/32/32
f 128/33/33 11/34/34 122/35/35 130/36/36
f 136/424/37 13/38/38 125/39/39 133/474/40
f 141/401/41 85/42/42 138/43/43 137/473/44
f 145/413/45 15/477/46 132/47/47 142/472/48
f 149/49/49 17/50/50 135/51/51 146/52/52
f 147/53/53 18/54/54 151/470/55 150/56/56
f 152/57/57 19/58/58 144/59/59 154/60/60
f 160/61/61 21/62/62 148/63/63 157/64/64
f 158/65/65 22/66/66 153/67/67 161/68/68
f 162/69/69 23/70/70 156/71/71 164/72/72
f 171/73/73 90/74/74 168/75/75 167/76/76
f 169/77/77 91/78/78 173/79/79 172/80/80
f 174/81/81 92/82/82 177/83/83 176/84/84
s 10
f 184/85/85 49/86/86 181/87/87 180/88/88
s 1
f 187/464/89 30/90/90 175/91/91 185/469/92
s 12
f 192/93/93 53/94/94 189/95/95 188/96/96
s off
f 108/97/97 4/98/98 194/99/99 193/100/100
s 3
f 121/101/101 8/102/102 197/103/103 196/104/104
s 13
f 378/105/105 377/106/106 379/107/107 380/108/108
s off
f 171/73/109 29/109/110 204/110/111 203/111/112
s 3
f 160/61/61 25/112/113 207/113/114 206/114/115
s 14
f 386/501/116 387/116/117 388/117/118 389/118/119
s 15
f 216/119/120 29/109/121 170/120/122 213/121/123
s 1
f 214/122/124 30/90/90 187/464/89 217/123/125
f 218/124/126 2/6/6 98/3/127 220/125/128
s 17
f 221/126/129 1/2/130 204/462/131 223/127/132
s 18
f 228/128/133 31/129/134 179/130/135 225/131/136
s 19
f 226/132/137 32/133/138 194/460/139 229/134/140
s 1
f 230/135/141 4/98/142 107/11/143 232/136/144
f 233/137/145 3/10/10 186/458/146 235/139/147
s 21
f 240/140/148 33/141/149 215/142/150 237/143/151
f 238/144/152 34/145/153 219/454/154 241/147/155
f 242/148/156 35/149/157 222/150/158 244/151/159
f 245/152/160 36/153/161 224/447/162 247/155/163
s 22
f 252/156/164 37/157/165 227/158/166 249/159/167
f 250/160/168 38/161/169 231/441/170 253/163/171
f 254/164/172 39/165/173 234/166/174 256/167/175
f 257/168/176 40/169/177 236/434/178 259/171/179
s 23
f 263/524/180 41/479/181 239/174/182 261/528/183
s off
f 262/176/184 42/177/185 243/178/186 264/527/187
s 24
f 270/511/188 58/181/189 267/182/190 266/525/191
s off
f 272/516/192 44/448/193 248/186/194 271/523/195
s 25
f 275/518/196 45/478/197 251/190/198 273/522/199
s off
f 274/192/200 46/193/201 255/194/202 276/521/203
s 26
f 282/505/204 62/197/205 279/198/206 278/519/207
s off
f 284/510/208 48/435/209 260/202/210 283/517/211
s 27
f 287/204/212 43/450/213 246/206/214 285/207/215
s off
f 286/208/216 44/448/217 272/516/218 288/209/219
s 10
f 289/210/220 52/211/221 183/212/222 290/213/223
s 28
f 291/214/224 51/215/225 265/513/226 292/217/227
s 29
f 295/218/228 47/437/229 258/220/230 293/221/231
s off
f 294/222/232 48/435/233 284/510/234 296/223/235
s 12
f 297/224/236 56/225/237 191/226/238 298/227/239
s 30
f 299/228/240 55/229/241 277/507/242 300/231/243
s 3
f 304/232/244 12/233/245 198/430/246 301/235/247
f 302/236/248 24/237/249 155/238/250 305/239/251
f 306/240/252 20/241/253 143/428/254 308/243/255
f 309/244/256 16/245/257 131/246/258 311/247/259
f 316/248/260 21/62/62 208/426/261 313/250/262
f 314/251/263 9/26/26 126/25/25 317/252/264
f 318/253/265 13/38/38 136/424/37 320/254/266
f 321/255/267 17/50/50 149/49/49 323/256/268
f 327/257/269 66/258/270 303/422/271 325/260/272
f 326/261/273 65/262/274 307/263/275 328/264/276
f 329/265/277 67/266/278 310/420/279 330/268/280
f 331/269/281 68/270/282 312/271/283 332/272/284
f 335/273/285 69/274/286 315/418/287 333/276/288
f 334/277/289 70/278/290 319/279/291 336/280/292
f 337/281/293 71/282/294 322/416/295 338/284/296
f 339/285/297 72/286/298 324/287/299 340/288/300
s off
f 344/289/301 14/480/302 129/291/303 341/292/304
s 3
f 342/293/305 15/46/306 145/414/45 345/294/307
f 346/295/308 19/471/58 151/55/309 348/296/310
f 349/297/311 18/475/54 134/410/312 351/299/313
f 355/300/314 81/301/315 343/302/316 353/303/317
f 354/304/318 82/305/319 347/406/320 356/307/321
f 357/308/322 83/309/323 350/310/324 358/311/325
f 359/312/326 84/313/327 352/403/328 360/315/329
f 363/316/330 90/74/74 205/400/331 361/318/332
f 363/316/330 25/112/113 159/319/333 364/320/334
f 365/321/335 26/322/336 163/323/337 366/324/338
f 367/325/339 27/326/340 166/327/341 368/328/342
f 371/329/343 94/330/344 195/397/345 370/332/346
f 373/333/347 95/334/348 109/335/349 372/336/350
f 375/337/351 96/338/352 105/339/353 374/340/354
f 362/341/355 89/342/356 100/343/357 376/344/358
s 1
f 98/3/3 2/6/6 99/5/5 97/4/4
s 3
f 99/5/359 96/338/352 100/343/357 97/4/360
f 100/343/357 89/342/356 101/1/361 97/4/360
s 1
f 103/7/7 3/10/10 104/9/9 102/8/362
s 3
f 104/9/363 95/334/348 105/339/353 102/8/364
f 105/339/353 96/338/352 99/5/359 102/8/364
s 1
f 107/11/11 4/98/365 108/97/366 106/12/12
s 3
f 108/97/367 94/330/344 109/335/349 106/12/368
f 109/335/349 95/334/348 104/9/363 106/12/368
f 111/15/15 6/18/18 112/17/17 110/16/16
f 112/17/17 10/30/30 113/27/27 110/16/16
f 113/27/27 9/26/26 114/13/13 110/16/16
f 116/19/19 7/22/22 117/21/21 115/20/20
f 117/21/21 11/34/34 118/31/31 115/20/20
f 118/31/31 10/30/30 112/17/17 115/20/20
f 120/23/23 8/102/102 121/101/101 119/24/24
f 121/101/101 12/233/245 122/35/35 119/24/24
f 122/35/35 11/34/34 117/21/21 119/24/24
f 113/27/27 10/30/30 124/29/29 123/28/28
f 124/29/29 14/290/369 125/39/39 123/28/28
f 125/39/39 13/38/38 126/25/25 123/28/28
f 118/31/31 11/34/34 128/33/33 127/32/32
f 128/33/33 15/477/46 129/476/370 127/32/32
f 129/476/370 14/290/369 124/29/29 127/32/32
f 122/35/35 12/233/245 131/246/258 130/36/36
f 131/246/258 16/245/257 132/47/47 130/36/36
f 132/47/47 15/477/46 128/33/33 130/36/36
f 125/39/39 14/290/369 134/408/312 133/474/40
f 134/409/312 18/54/54 135/51/51 133/40/40
f 135/51/51 17/50/50 136/37/37 133/40/40
f 138/43/43 86/345/371 139/346/372 137/473/44
f 139/404/372 87/347/373 140/348/374 137/44/44
f 140/348/374 88/349/375 141/41/41 137/44/44
f 132/47/47 16/245/257 143/242/254 142/472/48
f 143/428/254 20/241/253 144/59/59 142/48/48
f 144/59/59 19/58/58 145/412/45 142/48/48
f 135/51/51 18/54/54 147/53/53 146/52/52
f 147/53/53 22/66/66 148/63/63 146/52/52
f 148/63/63 21/62/62 149/49/49 146/52/52
f 151/470/55 19/58/58 152/57/57 150/56/56
f 152/57/57 23/70/70 153/67/67 150/56/56
f 153/67/67 22/66/66 147/53/53 150/56/56
f 144/59/59 20/241/253 155/238/250 154/60/60
f 155/238/250 24/237/249 156/71/71 154/60/60
f 156/71/71 23/70/70 152/57/57 154/60/60
f 148/63/63 22/66/66 158/65/65 157/64/64
f 158/65/65 26/322/336 159/319/333 157/64/64
f 159/319/333 25/112/113 160/61/61 157/64/64
f 153/67/67 23/70/70 162/69/69 161/68/68
f 162/69/69 27/326/340 163/323/337 161/68/68
f 163/323/337 26/322/336 158/65/65 161/68/68
f 156/71/71 24/237/249 165/350/376 164/72/72
f 165/350/376 28/351/377 166/327/341 164/72/72
f 166/327/341 27/326/340 162/69/69 164/72/72
f 168/75/75 91/78/78 169/77/77 167/76/76
s 1
f 169/77/378 30/90/90 170/120/379 167/76/380
f 170/120/379 29/109/381 171/73/382 167/76/380
s 3
f 173/79/79 92/82/82 174/81/81 172/80/80
s 1
f 174/81/383 31/129/384 175/91/91 172/80/385
f 175/91/91 30/90/90 169/77/378 172/80/386
s 3
f 177/83/83 93/352/387 178/353/388 176/84/84
s 1
f 178/353/389 32/133/390 179/130/391 176/84/392
f 179/130/391 31/129/384 174/81/383 176/84/392
s 10
f 181/87/87 50/354/393 182/355/394 180/88/88
f 182/355/394 51/215/395 183/212/222 180/88/88
f 183/212/222 52/211/221 184/85/85 180/88/88
s 1
f 175/91/91 31/129/384 186/138/146 185/469/92
f 186/458/146 3/10/10 103/7/7 185/92/92
f 103/7/7 2/6/6 187/89/89 185/92/92
s 12
f 189/95/95 54/356/396 190/357/397 188/96/96
f 190/357/397 55/229/398 191/226/238 188/96/96
f 191/226/238 56/225/237 192/93/93 188/96/96
s off
f 194/460/399 32/133/400 178/353/401 193/468/402
s 3
f 178/353/388 93/352/387 195/331/345 193/468/403
f 195/397/345 94/330/344 108/97/367 193/100/403
f 197/395/103 28/351/377 165/350/376 196/467/104
f 165/350/376 24/237/249 198/234/404 196/467/104
f 198/430/404 12/233/245 121/101/101 196/104/104
s 41
f 379/107/405 381/358/406 382/503/407 380/108/408
f 382/359/407 383/360/409 384/361/410 380/108/408
s 13
f 384/361/411 385/362/412 378/105/105 380/108/108
s off
f 204/462/413 1/2/414 101/1/415 203/466/416
s 3
f 101/1/361 89/342/356 205/317/331 203/466/417
f 205/400/331 90/74/74 171/73/73 203/111/417
f 207/398/114 5/14/14 114/13/13 206/465/115
f 114/13/13 9/26/26 208/249/418 206/465/115
f 208/426/418 21/62/62 160/61/61 206/114/115
s 42
f 388/117/419 390/363/420 391/364/421 389/118/422
f 391/364/421 392/365/423 393/366/424 389/118/422
s 14
f 393/366/425 394/367/426 386/115/116 389/118/119
s 15
f 170/120/122 30/90/427 214/122/428 213/121/123
f 214/122/428 34/145/429 215/142/430 213/121/123
f 215/142/430 33/141/431 216/119/120 213/121/123
s 1
f 187/89/89 2/6/6 218/124/126 217/463/432
f 218/124/126 35/149/433 219/146/434 217/463/432
f 219/454/435 34/145/436 214/122/124 217/123/125
f 98/3/127 1/2/437 221/126/438 220/125/128
f 221/126/438 36/153/439 222/150/440 220/125/128
f 222/150/440 35/149/441 218/124/126 220/125/128
s 43
f 204/110/442 29/109/443 216/119/444 223/461/445
f 216/119/444 33/141/446 224/154/447 223/461/445
s 17
f 224/447/448 36/153/449 221/126/129 223/127/132
s 18
f 179/130/135 32/133/450 226/132/451 225/131/136
f 226/132/451 38/161/452 227/158/453 225/131/136
f 227/158/453 37/157/454 228/128/133 225/131/136
s 44
f 194/99/455 4/98/456 230/135/457 229/459/458
f 230/135/457 39/165/459 231/162/460 229/459/458
s 19
f 231/441/461 38/161/462 226/132/137 229/134/140
s 1
f 107/11/143 3/10/10 233/137/145 232/136/144
f 233/137/145 40/169/463 234/166/464 232/136/144
f 234/166/464 39/165/465 230/135/141 232/136/144
f 186/138/146 31/129/384 228/128/466 235/457/467
f 228/128/466 37/157/468 236/170/469 235/457/467
f 236/434/470 40/169/471 233/137/145 235/139/147
s 21
f 215/142/150 34/145/153 238/144/152 237/143/151
f 238/144/152 42/456/472 239/455/473 237/143/151
f 239/455/473 41/173/474 240/140/148 237/143/151
f 219/146/154 35/149/157 242/148/156 241/453/155
f 242/148/156 43/205/475 243/451/476 241/453/155
f 243/452/476 42/456/472 238/144/152 241/147/155
f 222/150/158 36/153/161 245/152/160 244/151/159
f 245/152/160 44/185/477 246/449/478 244/151/159
f 246/449/478 43/205/475 242/148/156 244/151/159
f 224/154/162 33/141/149 240/140/148 247/446/163
f 240/140/148 41/173/474 248/444/479 247/446/163
f 248/445/479 44/185/477 245/152/160 247/155/163
s 22
f 227/158/166 38/161/169 250/160/168 249/159/167
f 250/160/168 46/443/480 251/442/481 249/159/167
f 251/442/481 45/189/482 252/156/164 249/159/167
f 231/162/170 39/165/173 254/164/172 253/440/171
f 254/164/172 47/219/483 255/438/484 253/440/171
f 255/439/484 46/443/480 250/160/168 253/163/171
f 234/166/174 40/169/177 257/168/176 256/167/175
f 257/168/176 48/201/485 258/436/486 256/167/175
f 258/436/486 47/219/483 254/164/172 256/167/175
f 236/170/178 37/157/165 252/156/164 259/433/179
f 252/156/164 45/189/482 260/431/487 259/433/179
f 260/432/487 48/201/485 257/168/176 259/171/179
s 23
f 239/174/182 42/177/488 262/176/489 261/528/183
s 45
f 262/526/490 50/354/491 181/87/492 261/175/493
f 181/87/492 49/86/494 263/172/495 261/175/493
s off
f 243/178/496 43/450/497 265/216/498 264/527/499
s 28
f 265/513/226 51/215/225 182/355/500 264/179/501
s off
f 182/355/502 50/354/503 262/526/504 264/179/505
s 24
f 267/182/190 57/368/506 268/369/507 266/525/191
s 46
f 268/514/508 59/370/509 269/371/510 266/183/511
f 269/371/510 60/372/512 270/180/513 266/183/511
s off
f 248/186/514 41/479/515 263/524/516 271/523/517
f 263/172/518 49/86/519 184/85/520 271/187/521
s 47
f 184/85/522 52/211/523 272/184/524 271/187/525
s 25
f 251/190/198 46/193/526 274/192/527 273/522/199
s 48
f 274/520/528 54/356/529 189/95/530 273/191/531
f 189/95/530 53/94/532 275/188/533 273/191/531
s off
f 255/194/534 47/437/535 277/230/536 276/521/537
s 30
f 277/507/242 55/229/241 190/357/538 276/195/539
s off
f 190/357/540 54/356/541 274/520/542 276/195/543
s 26
f 279/198/206 61/373/544 280/374/545 278/519/207
s 49
f 280/508/546 63/375/547 281/376/548 278/199/549
f 281/376/548 64/377/550 282/196/551 278/199/549
s off
f 260/202/552 45/478/553 275/518/554 283/517/555
f 275/188/556 53/94/557 192/93/558 283/203/559
s 50
f 192/93/560 56/225/561 284/200/562 283/203/563
s 27
f 246/206/214 44/448/564 286/208/565 285/207/215
s 51
f 286/208/566 57/368/567 267/182/568 285/207/569
f 267/182/568 58/181/570 287/204/571 285/207/569
s 47
f 272/184/524 52/211/523 289/210/572 288/515/573
s off
f 289/210/574 59/370/575 268/514/576 288/515/577
f 268/369/578 57/368/579 286/208/580 288/209/581
s 10
f 183/212/222 51/215/395 291/214/582 290/213/223
s 52
f 291/214/583 60/372/584 269/371/585 290/213/586
f 269/371/585 59/370/587 289/210/588 290/213/586
s off
f 265/216/589 43/450/590 287/204/591 292/512/592
f 287/204/593 58/181/594 270/511/595 292/512/596
f 270/180/597 60/372/598 291/214/599 292/217/600
s 29
f 258/220/230 48/435/601 294/222/602 293/221/231
s 53
f 294/222/603 61/373/604 279/198/605 293/221/606
f 279/198/605 62/197/607 295/218/608 293/221/606
s 50
f 284/200/562 56/225/561 297/224/609 296/509/610
s off
f 297/224/611 63/375/612 280/508/613 296/509/614
f 280/374/615 61/373/616 294/222/617 296/223/618
s 12
f 191/226/238 55/229/398 299/228/619 298/227/239
s 54
f 299/228/620 64/377/621 281/376/622 298/227/623
f 281/376/622 63/375/624 297/224/625 298/227/623
s off
f 277/230/626 47/437/627 295/218/628 300/506/629
f 295/218/630 62/197/631 282/505/632 300/506/633
f 282/196/634 64/377/635 299/228/636 300/231/637
s 3
f 198/234/246 24/237/249 302/236/248 301/429/247
f 302/236/248 65/262/274 303/259/271 301/429/247
f 303/422/271 66/258/270 304/232/244 301/235/247
f 155/238/250 20/241/253 306/240/252 305/239/251
f 306/240/252 67/266/278 307/263/275 305/239/251
f 307/263/275 65/262/274 302/236/248 305/239/251
f 143/242/254 16/245/257 309/244/256 308/427/255
f 309/244/256 68/270/282 310/267/279 308/427/255
f 310/420/279 67/266/278 306/240/252 308/243/255
f 131/246/258 12/233/245 304/232/244 311/247/259
f 304/232/244 66/258/270 312/271/283 311/247/259
f 312/271/283 68/270/282 309/244/256 311/247/259
f 208/249/261 9/26/26 314/251/263 313/425/262
f 314/251/263 70/278/290 315/275/287 313/425/262
f 315/418/287 69/274/286 316/248/260 313/250/262
f 126/25/25 13/38/38 318/253/265 317/252/264
f 318/253/265 71/282/294 319/279/291 317/252/264
f 319/279/291 70/278/290 314/251/263 317/252/264
f 136/37/37 17/50/50 321/255/267 320/423/266
f 321/255/267 72/286/298 322/283/295 320/423/266
f 322/416/295 71/282/294 318/253/265 320/254/266
f 149/49/49 21/62/62 316/248/260 323/256/268
f 316/248/260 69/274/286 324/287/299 323/256/268
f 324/287/299 72/286/298 321/255/267 323/256/268
f 303/259/271 65/262/274 326/261/273 325/421/272
f 326/261/273 73/497/638 199/498/639 325/421/272
f 199/499/639 74/500/640 327/257/269 325/260/272
f 307/263/275 67/266/278 329/265/277 328/264/276
f 329/265/277 75/495/641 200/496/642 328/264/276
f 200/496/642 73/497/638 326/261/273 328/264/276
f 310/267/279 68/270/282 331/269/281 330/419/280
f 331/269/281 76/492/643 201/493/644 330/419/280
f 201/494/644 75/495/641 329/265/277 330/268/280
f 312/271/283 66/258/270 327/257/269 332/272/284
f 327/257/269 74/500/640 202/491/645 332/272/284
f 202/491/645 76/492/643 331/269/281 332/272/284
f 315/275/287 70/278/290 334/277/289 333/417/288
f 334/277/289 78/490/646 209/488/647 333/417/288
f 209/489/647 77/482/648 335/273/285 333/276/288
f 319/279/291 71/282/294 337/281/293 336/280/292
f 337/281/293 79/487/649 210/486/650 336/280/292
f 210/486/650 78/490/646 334/277/289 336/280/292
f 322/283/295 72/286/298 339/285/297 338/415/296
f 339/285/297 80/485/651 211/483/652 338/415/296
f 211/484/652 79/487/649 337/281/293 338/284/296
f 324/287/299 69/274/286 335/273/285 340/288/300
f 335/273/285 77/482/648 212/481/653 340/288/300
f 212/481/653 80/485/651 339/285/297 340/288/300
s off
f 129/291/654 15/46/655 342/293/656 341/292/657
s 3
f 342/293/658 82/305/319 343/302/316 341/292/659
f 343/302/316 81/301/315 344/289/660 341/292/659
f 145/45/45 19/471/58 346/295/308 345/411/307
f 346/295/308 83/309/323 347/306/320 345/411/661
f 347/406/320 82/305/319 342/293/658 345/294/661
f 151/55/309 18/475/54 349/297/311 348/296/310
f 349/297/311 84/313/327 350/310/324 348/296/310
f 350/310/324 83/309/323 346/295/308 348/296/310
f 134/298/312 14/480/662 344/289/663 351/407/313
f 344/289/660 81/301/315 352/314/328 351/407/664
f 352/403/328 84/313/327 349/297/311 351/299/664
f 343/302/316 82/305/319 354/304/318 353/303/317
f 354/304/318 86/345/371 138/43/43 353/303/317
f 138/43/43 85/42/42 355/300/314 353/303/317
f 347/306/320 83/309/323 357/308/322 356/405/321
f 357/308/322 87/347/373 139/404/372 356/405/321
f 139/346/372 86/345/371 354/304/318 356/307/321
f 350/310/324 84/313/327 359/312/326 358/311/325
f 359/312/326 88/349/375 140/348/374 358/311/325
f 140/348/374 87/347/373 357/308/322 358/311/325
f 352/314/328 81/301/315 355/300/314 360/402/329
f 355/300/314 85/42/42 141/401/41 360/402/329
f 141/41/41 88/349/375 359/312/326 360/315/329
f 205/317/331 89/342/356 362/341/355 361/399/332
f 362/341/355 5/14/14 207/398/114 361/399/332
f 207/113/114 25/112/113 363/316/330 361/318/332
f 159/319/333 26/322/336 365/321/335 364/320/334
f 365/321/335 91/78/78 168/75/75 364/320/334
f 168/75/75 90/74/74 363/316/330 364/320/334
f 163/323/337 27/326/340 367/325/339 366/324/338
f 367/325/339 92/82/82 173/79/79 366/324/338
f 173/79/79 91/78/78 365/321/335 366/324/338
f 166/327/341 28/351/377 369/394/665 368/328/342
f 369/394/665 93/352/387 177/83/83 368/328/342
f 177/83/83 92/82/82 367/325/339 368/328/342
f 195/331/345 93/352/387 369/394/665 370/396/346
f 369/394/665 28/351/377 197/395/103 370/396/346
f 197/103/103 8/102/102 371/329/343 370/332/346
f 109/335/349 94/330/344 371/329/343 372/336/350
f 371/329/343 8/102/102 120/23/23 372/336/350
f 120/23/23 7/22/22 373/333/347 372/336/350
f 105/339/353 95/334/348 373/333/347 374/340/354
f 373/333/347 7/22/22 116/19/19 374/340/354
f 116/19/19 6/18/18 375/337/351 374/340/354
f 100/343/357 96/338/352 375/337/351 376/344/358
f 375/337/351 6/18/18 111/15/15 376/344/358
f 111/15/15 5/14/14 362/341/355 376/344/358
s 55
f 202/385/666 74/380/667 377/106/668 378/105/669
s off
f 74/380/670 199/379/671 379/107/672 377/106/673
f 199/379/674 73/378/675 381/358/676 379/107/677
s 56
f 73/378/678 200/504/679 382/503/680 381/358/681
f 200/382/679 75/381/682 383/360/683 382/359/680
s off
f 75/381/684 201/384/685 384/361/686 383/360/687
f 201/384/688 76/383/689 385/362/690 384/361/691
s 55
f 76/383/692 202/385/666 378/105/669 385/362/693
s 57
f 212/393/694 77/388/695 387/116/696 386/501/697
s off
f 77/388/698 209/387/699 388/117/700 387/116/701
f 209/387/702 78/386/703 390/363/704 388/117/705
s 58
f 78/386/706 210/390/707 391/364/708 390/363/709
f 210/390/707 79/389/710 392/365/711 391/364/708
s off
f 79/389/712 211/392/713 393/366/714 392/365/715
f 211/392/716 80/391/717 394/367/718 393/366/719
s 57
f 80/391/720 212/502/694 386/115/697 394/367/721
