# This file uses centimeters as units for non-parametric coordinates.

mtllib fall_frame.18.mtl
g default
v -24.600952 31.505693 -22.274933
v -11.336137 26.822397 -21.964542
v -1.817162 20.112967 -25.745270
v 7.841306 11.564812 -32.297737
v -28.926788 37.883511 -40.683018
v -13.910870 38.459545 -43.214359
v -0.644662 28.092815 -50.158657
v 1.349121 14.371421 -56.394329
v -28.328468 48.810692 -64.136597
v -15.589595 44.194077 -60.860840
v -5.363766 35.458942 -67.948006
v -3.486044 28.242962 -81.831215
v -29.426138 58.456268 -68.175613
v -17.834652 53.032459 -79.352798
v -10.307672 46.327988 -84.774300
v -0.736799 35.265862 -90.176750
v -38.056953 53.311687 -73.052345
v -27.947168 48.990540 -84.701050
v -17.833693 40.153725 -91.695831
v -9.389312 30.310633 -95.143143
v -34.415035 45.137524 -68.327545
v -32.945969 34.187061 -73.607140
v -22.711456 25.468552 -80.693947
v -9.605863 24.854387 -85.889389
v -37.388939 28.543818 -42.888062
v -30.638336 18.258059 -48.817135
v -19.474110 9.659784 -54.508633
v -7.324147 4.850973 -58.705662
v -27.867481 22.058805 -15.379074
v -14.831409 19.797018 -13.426986
v -4.509191 11.174662 -17.850714
v 2.708009 1.360031 -26.885740
v -24.184574 48.355606 4.957948
v -16.729542 47.372494 5.937693
v -15.539315 55.750847 -0.363284
v -23.083399 56.734570 -0.979011
v 20.969105 18.394148 -1.038839
v 25.992762 13.468893 -4.347129
v 30.490358 22.873976 -11.534915
v 25.449369 27.751350 -8.205782
v -27.893696 20.705162 14.485393
v -20.934753 20.407541 16.890343
v -22.511848 29.106062 22.719233
v -29.493898 29.392202 20.370995
v 36.751926 15.835232 26.873323
v 39.616364 9.544917 23.880722
v 48.125919 15.258288 19.922564
v 45.354191 21.526274 23.056639
v -30.218105 16.823572 18.619551
v -21.875820 16.480946 21.477980
v -22.394320 29.227407 29.203054
v -33.554066 29.704704 25.416893
v 38.526535 14.920823 32.098427
v 41.862232 7.410139 28.370222
v 53.985394 13.848329 22.639746
v 49.697487 23.642076 27.620211
v -32.725719 45.552971 29.018171
v -23.942341 45.139023 32.015308
v -33.809818 43.891273 31.965721
v -25.026443 43.477322 34.962860
v 60.036743 31.449902 18.172720
v 63.392052 23.742573 14.217873
v 61.805481 30.687778 21.158573
v 65.160789 22.980450 17.203726
v 5.321924 6.841201 -98.756104
v 10.865713 14.305151 -93.898872
v 3.514793 13.057822 -107.167709
v 9.903036 20.449459 -102.668457
v -42.570961 44.953079 -44.205780
v -34.515343 50.522141 -47.456863
v -41.626209 57.899471 -49.701591
v -49.508724 52.247597 -48.182274
v 33.713203 2.806760 -105.603249
v 36.478447 10.245727 -99.902275
v 33.351631 5.173735 -108.516495
v 36.117241 12.613329 -102.815170
v -33.694241 64.678993 -22.891016
v -27.029074 68.644859 -28.836502
v -29.621143 71.057396 -30.133080
v -36.286312 67.091530 -24.187593
v -18.206903 56.733315 -82.799431
v -8.969666 48.768482 -92.564178
v -18.422699 47.104618 -103.703056
v -30.976011 58.709869 -90.487144
v -7.197774 71.456024 -82.944519
v 1.698338 64.670464 -92.727135
v -7.312895 72.719398 -105.977364
v -15.793397 79.187950 -96.651779
v -23.975527 31.384634 -25.161722
v -30.302376 21.276062 -23.074486
v -21.455101 12.972590 -26.246073
v -12.876698 6.019117 -31.108156
v -1.604948 0.773364 -35.853016
v 5.458711 11.324512 -37.380676
v -0.871060 21.457502 -32.890240
v -11.910745 29.446115 -28.015648
v -18.039930 30.183334 -24.806889
v -18.400505 31.223688 -22.870083
v -11.393058 27.837555 -25.172640
v -18.239481 31.521732 -26.612085
v -24.216040 30.222122 -23.772093
v -5.892825 24.356850 -26.826754
v -5.439382 24.563889 -23.479164
v -1.189365 20.313776 -29.469604
v -6.173837 25.611898 -30.147118
v 3.152602 16.013359 -32.734112
v 4.424232 16.231256 -30.360855
v 6.138196 10.911619 -34.660538
v 3.245302 16.585814 -35.619930
v -23.905807 41.981266 -50.713356
v -22.250046 39.326038 -41.297337
v -16.422203 40.137489 -51.608772
v -23.306139 47.256645 -60.076469
v -30.326830 42.042068 -50.860287
v -9.610676 34.386292 -54.666176
v -6.712044 33.872299 -46.516171
v -3.308782 29.413998 -59.752777
v -11.394294 39.342865 -65.119514
v -1.550406 23.273010 -64.676544
v 1.631338 20.678106 -53.777191
v -1.482302 17.882992 -69.176476
v -2.831795 29.834978 -74.392212
v -21.662710 53.175865 -68.112717
v -15.900500 51.000034 -71.767410
v -23.347942 58.189705 -74.644737
v -27.828165 54.678604 -64.539291
v -11.415006 46.709064 -74.300171
v -6.933443 43.322704 -77.960106
v -13.680094 51.060825 -84.270645
v -3.358469 37.626717 -80.984154
v 0.184376 31.843431 -85.774445
v -4.127919 42.138332 -88.118378
v -28.102562 57.037846 -79.232773
v -22.843739 52.568428 -83.766922
v -34.104908 53.556957 -80.818451
v -33.924347 56.542648 -71.008484
v -1.051925 73.426605 -90.012100
v -2.505522 67.938477 -87.527222
v 0.396855 68.900772 -98.516747
v -12.349425 77.099197 -102.833260
v -10.368144 77.114494 -86.654076
v -8.573400 40.954815 -92.990265
v -5.024472 33.352943 -93.416451
v -13.052110 36.398964 -95.873711
v -14.332278 44.683826 -90.267509
v -35.291363 46.570156 -77.221443
v -31.059391 43.217003 -82.020035
v -36.925140 39.442806 -69.904266
v -37.794060 48.179520 -70.844254
v -25.936546 38.826202 -85.554749
v -24.670277 45.637085 -90.849701
v -20.802658 34.460545 -89.131104
v -27.827272 29.773748 -77.103897
v -15.639406 30.231197 -91.027191
v -10.320292 25.895275 -91.204727
v -16.281919 22.050295 -84.499687
v -37.797646 30.221855 -59.088070
v -33.418201 24.915934 -62.751022
v -35.550953 23.142887 -45.559486
v -38.919361 35.229279 -55.506386
v -28.228382 20.466946 -66.105705
v -22.765928 16.140915 -69.119545
v -25.217932 13.823502 -51.815903
v -16.396595 12.414565 -72.466209
v -10.170294 11.139058 -74.320015
v -13.408274 5.844874 -57.161434
v -25.067047 16.571547 -19.245434
v -27.074116 16.530127 -24.080561
v -19.324051 13.373516 -21.178434
v -23.408564 18.381989 -14.679956
v -28.850271 20.651558 -19.002052
v -14.898130 10.119578 -23.321842
v -17.224892 9.718669 -28.881189
v -10.807548 6.160294 -25.892385
v -12.453506 11.670125 -18.066322
v -5.325972 1.951512 -28.421154
v -7.251971 1.988206 -33.470306
v 0.108850 0.560936 -31.092346
v -2.419847 2.903239 -23.648226
v -26.902906 21.850306 23.167965
v -25.719137 14.536539 18.726349
v -21.311747 21.591080 25.035851
v -27.973345 29.480331 27.306566
v -32.466141 22.031252 21.240355
v -5.454159 25.158264 -21.199308
v 5.171782 18.220161 -14.978654
v -13.209534 32.694321 -9.318583
v 45.078136 14.348532 28.051868
v 38.362656 9.927793 31.050480
v 47.250641 9.457527 25.601404
v 51.841953 18.742598 25.131500
v 42.912148 19.263704 30.504597
v 4.046947 4.625067 -33.308838
v 6.108392 5.387064 -29.983324
v 2.894315 4.883490 -37.154060
v -4.564631 12.798512 -72.448151
v -1.711951 8.241219 -58.355419
v -4.830048 24.643682 -84.052002
v 35.208401 6.144664 -102.076729
v 33.296322 3.043068 -107.344009
v 34.766243 9.039186 -105.639267
v 36.678097 12.140358 -100.372231
v -28.021593 25.656675 -21.013889
v -27.699579 26.924406 -18.577467
v -28.689922 26.759876 -23.664293
v -36.254501 39.274189 -51.814629
v -34.972580 34.195934 -41.032578
v -31.283388 46.449661 -64.842072
v -29.738251 66.222572 -25.680475
v -27.247801 70.122581 -30.108555
v -32.908035 69.172821 -27.266031
v -35.398487 65.272812 -22.837952
v -21.778391 31.707846 -3.102076
v -17.113279 33.183685 -3.669491
v -20.361753 47.052704 5.939171
v -26.248606 34.969013 -4.249964
v -14.278871 37.214775 -7.958053
v -15.090332 42.269215 -12.350331
v -14.706453 51.736282 2.960708
v -19.115950 43.832890 -14.780468
v -24.342764 43.981541 -13.121246
v -18.840567 57.925621 -2.155308
v -26.583841 39.605099 -8.863002
v -24.733997 53.000359 1.892922
v 10.194940 8.695942 -12.573956
v 14.862619 7.526134 -15.236158
v 22.986116 15.212482 -1.997188
v 8.525270 13.218443 -11.167835
v 17.572931 11.665778 -19.530106
v 18.875910 17.386333 -22.641611
v 29.042110 17.767675 -8.581066
v 15.458417 21.604580 -22.256903
v 12.538293 23.089621 -18.604031
v 28.657070 27.155655 -11.134712
v 9.309714 19.155016 -14.246970
v 22.517195 24.215456 -4.257983
v -20.347536 34.547611 4.312264
v -16.910419 36.031609 6.979219
v -24.086712 18.959324 14.437984
v -24.794804 36.186466 4.634218
v -16.978437 39.523884 12.348850
v -19.771780 43.391209 16.614552
v -20.585398 24.294094 20.190437
v -24.219707 44.387203 17.293617
v -27.688803 43.627853 14.352729
v -26.358969 32.017509 22.900768
v -27.541031 39.868301 9.293243
v -29.926096 24.605350 17.090540
v 28.214977 13.939177 12.150649
v 31.261913 11.460445 9.509263
v 36.669117 11.645916 26.082808
v 27.840195 18.552372 12.519086
v 36.697994 13.908705 6.585006
v 40.989365 18.469782 4.313636
v 44.074070 11.287831 21.498055
v 40.939465 23.091087 5.386253
v 37.564251 25.572758 7.349109
v 49.089363 19.898546 20.495369
v 32.230381 23.209131 10.531713
v 40.367741 19.498379 25.464197
v -24.831179 16.087254 16.298889
v -20.997967 17.980398 19.079742
v -29.342903 18.318611 16.228117
v -20.471468 22.971182 22.739464
v -21.551182 30.573870 26.903006
v -28.659599 47.090446 31.711784
v -28.037188 45.800991 29.709665
v -34.236336 47.353271 29.808842
v -29.714972 43.229305 34.271366
v -23.082863 46.827621 33.614727
v -31.635073 23.400295 18.967196
v -32.713951 31.053209 23.123917
v 36.974918 10.485167 28.718609
v 40.479656 7.968754 26.045486
v 37.120903 15.484806 29.738567
v 45.857128 10.029610 23.256754
v 52.581635 14.435429 20.275713
v 63.524220 28.630890 15.714389
v 61.230095 27.804916 15.377732
v 61.393867 33.524429 18.225401
v 63.967434 26.625435 19.998714
v 65.654572 23.737354 13.203378
v 41.493126 19.843920 28.120428
v 48.292542 24.231014 25.253906
v -27.169849 38.995903 26.228991
v -32.092072 39.243488 24.532677
v -22.240894 38.767185 27.907280
v -33.560989 38.013676 26.540878
v -34.418919 36.694035 28.873962
v -28.844578 36.416271 30.784101
v -23.266939 36.158501 32.684387
v -22.410896 37.474380 30.356207
v 55.169659 23.845387 17.952883
v 53.285866 28.169918 20.169573
v 57.053688 19.520561 15.736612
v 54.374641 28.164909 22.717911
v 55.774345 27.563951 25.080175
v 57.906391 22.669619 22.571873
v 60.038597 17.773767 20.064240
v 58.638420 18.376102 17.700874
v 2.438443 17.374722 -90.620239
v -1.615235 15.807520 -92.588455
v 8.484962 9.529729 -95.178177
v 6.105407 20.353949 -90.856087
v -2.985114 17.456448 -96.216682
v -2.672590 20.529789 -100.062683
v 3.715458 8.979794 -103.028275
v 1.191440 23.207861 -99.705940
v 5.128980 25.147474 -98.247269
v 6.921612 17.014551 -105.786591
v 6.475640 23.057669 -94.043732
v 10.989703 18.016357 -97.335846
v -35.195305 46.562824 -55.181614
v -32.685036 50.383003 -53.855255
v -37.420338 46.775333 -44.845348
v -39.185276 45.008194 -57.226086
v -34.174728 54.428875 -54.517502
v -37.323784 57.881649 -56.163010
v -36.979542 54.419399 -48.993046
v -40.939697 55.786827 -58.109642
v -43.916962 52.437317 -59.554714
v -46.044338 55.720459 -48.577198
v -42.125893 47.811863 -58.650993
v -46.745586 47.524868 -46.146362
v 17.688547 7.593660 -96.439781
v 15.827205 4.698800 -100.756287
v 19.007742 12.501704 -94.885597
v 14.896748 6.444890 -104.651878
v 14.685485 10.664187 -108.371552
v 16.441622 14.947839 -105.759850
v 18.053432 18.576763 -102.482986
v 18.946051 16.034748 -97.492882
v -33.557682 52.817005 -37.890583
v -31.277918 56.037437 -41.484627
v -38.493401 51.566227 -35.535435
v -33.415054 59.201145 -43.596775
v -38.119797 62.189651 -44.677181
v -42.091637 60.154064 -41.825054
v -45.556328 57.442791 -38.954998
v -42.385731 53.545364 -36.502651
v -10.968847 52.059704 -83.847694
v -12.622357 47.477913 -91.106621
v -11.619366 52.810524 -86.113098
v -20.257360 54.764503 -84.455429
v -13.921684 44.691021 -94.023636
v -19.303894 44.308556 -94.865410
v -12.118920 46.432762 -99.792183
v -25.984426 47.643837 -93.985054
v -27.020275 51.570026 -88.385300
v -25.372345 52.750462 -97.555634
v -24.628780 54.807205 -84.716713
v -26.304470 58.931248 -84.890633
v -5.193762 60.460903 -84.871391
v 0.580680 57.689117 -93.961327
v -12.302913 67.516144 -79.793884
v -3.797894 60.352364 -102.159302
v -10.376109 63.093334 -107.521919
v -18.140245 68.479874 -102.120659
v -23.140051 72.829102 -93.486053
v -18.548128 71.603188 -85.939201
v -31.977890 30.980860 -32.262714
v -26.493275 35.409698 -32.931408
v -34.133812 25.019369 -32.952248
v -31.728647 19.587490 -34.997509
v -26.278049 15.068566 -37.446712
v -21.308796 11.283426 -40.428150
v -15.877855 7.388521 -42.252262
v -9.990080 3.588858 -44.907280
v -3.983035 2.650980 -46.687778
v 1.085922 6.680660 -47.276379
v 3.838419 13.245442 -46.628830
v 2.611276 19.407406 -45.556469
v -0.527121 24.448652 -42.930840
v -7.652411 29.960955 -40.687241
v -14.534520 34.702389 -36.521935
v -20.558310 36.429108 -34.966103
v 49.959053 8.193184 -102.952713
v 50.169365 10.286991 -103.511070
v 48.546154 3.976279 -105.595276
v 48.330650 5.387087 -107.331680
v 46.960052 0.125761 -109.135178
v 46.501953 0.421519 -111.071472
v 46.553123 2.789663 -112.413879
v 48.086845 6.983070 -109.295998
v 49.552120 10.857085 -106.231415
v -32.185394 74.190132 -12.575747
v -30.294062 73.505936 -12.611648
v -26.257113 75.415146 -15.763006
v -27.766140 76.819664 -16.517839
v -23.066420 77.806473 -19.058874
v -23.346880 79.449181 -20.459929
v -25.983665 80.521667 -20.518112
v -29.549845 78.479820 -17.410067
v -33.211296 76.221115 -14.070874
vt 0.208431 0.494797
vt 0.208575 0.478116
vt 0.229443 0.475893
vt 0.229271 0.493426
vt 0.252729 0.492198
vt 0.256170 0.471571
vt 0.275357 0.475888
vt 0.275429 0.493819
vt 0.298111 0.492176
vt 0.294163 0.471736
vt 0.321331 0.475953
vt 0.321541 0.493432
vt 0.198757 0.641525
vt 0.200055 0.589825
vt 0.221664 0.590600
vt 0.219751 0.640956
vt 0.244967 0.639373
vt 0.247968 0.591507
vt 0.275466 0.591669
vt 0.275481 0.635804
vt 0.305994 0.639365
vt 0.302966 0.591494
vt 0.329276 0.590573
vt 0.331197 0.640955
vt 0.199789 0.728809
vt 0.197393 0.704590
vt 0.219517 0.692482
vt 0.227784 0.730211
vt 0.252859 0.733034
vt 0.249003 0.687406
vt 0.275511 0.688085
vt 0.275516 0.730408
vt 0.298175 0.733010
vt 0.302021 0.687396
vt 0.331536 0.692451
vt 0.323246 0.730162
vt 0.805511 0.686057
vt 0.204711 0.752714
vt 0.229559 0.760254
vt 0.782889 0.696424
vt 0.784986 0.875584
vt 0.254181 0.941082
vt 0.275435 0.940431
vt 0.742298 0.896742
vt 0.699334 0.736241
vt 0.297037 0.807427
vt 0.321459 0.760204
vt 0.696358 0.696343
vt 0.808954 0.641287
vt 0.805193 0.664541
vt 0.784300 0.671779
vt 0.785729 0.644267
vt 0.763331 0.647822
vt 0.762442 0.673765
vt 0.742276 0.741120
vt 0.739609 0.647377
vt 0.715889 0.647774
vt 0.716786 0.673709
vt 0.694936 0.671695
vt 0.693494 0.644181
vt 0.806875 0.557726
vt 0.810121 0.617205
vt 0.790367 0.607046
vt 0.787575 0.557696
vt 0.763367 0.556090
vt 0.764746 0.603486
vt 0.739627 0.603152
vt 0.739688 0.556093
vt 0.716014 0.556064
vt 0.714496 0.603455
vt 0.688836 0.606971
vt 0.691820 0.557642
vt 0.803405 0.420481
vt 0.802841 0.435733
vt 0.782960 0.432290
vt 0.783371 0.416064
vt 0.759505 0.410786
vt 0.759570 0.428509
vt 0.739756 0.426992
vt 0.739743 0.409699
vt 0.720007 0.410786
vt 0.719946 0.428500
vt 0.696571 0.432245
vt 0.696182 0.416016
vt 0.819305 0.093413
vt 0.797386 0.086157
vt 0.790779 0.072322
vt 0.822344 0.073237
vt 0.265809 0.416173
vt 0.762697 0.377789
vt 0.739788 0.389948
vt 0.275377 0.462947
vt 0.364323 0.097210
vt 0.342669 0.089884
vt 0.336664 0.075169
vt 0.367299 0.076188
vt 0.342559 0.494848
vt 0.342402 0.478170
vt 0.366070 0.480227
vt 0.366198 0.495669
vt 0.352247 0.641476
vt 0.350872 0.589816
vt 0.374237 0.588973
vt 0.374011 0.638442
vt 0.936729 0.462892
vt 0.940585 0.464321
vt 0.946953 0.476690
vt 0.936605 0.482861
vt 0.804780 0.405462
vt 0.824266 0.410023
vt 0.823186 0.423812
vt 0.805355 0.509178
vt 0.825584 0.509339
vt 0.825621 0.554997
vt 0.118742 0.522844
vt 0.058006 0.517789
vt 0.074507 0.510871
vt 0.084702 0.516921
vt 0.822269 0.350445
vt 0.784755 0.399833
vt 0.805305 0.347137
vt 0.793942 0.336256
vt 0.777469 0.322538
vt 0.236211 0.409364
vt 0.220899 0.415267
vt 0.203041 0.415110
vt 0.182178 0.419746
vt 0.685950 0.336155
vt 0.717407 0.377787
vt 0.694840 0.399772
vt 0.674409 0.347030
vt 0.657366 0.350391
vt 0.674734 0.405426
vt 0.637625 0.358046
vt 0.347747 0.415166
vt 0.329799 0.415381
vt 0.314324 0.409429
vt 0.706215 0.336018
vt 0.292514 0.404556
vt 0.870618 0.237836
vt 0.844433 0.293934
vt 0.832214 0.287148
vt 0.858351 0.228645
vt 0.844944 0.223065
vt 0.821107 0.280742
vt 0.243727 0.342391
vt 0.826584 0.212775
vt 0.214622 0.282882
vt 0.224361 0.346790
vt 0.210147 0.349538
vt 0.199596 0.284960
vt 0.184434 0.288656
vt 0.194986 0.352422
vt 0.864110 0.304875
vt 0.163133 0.290367
vt 0.634803 0.222910
vt 0.658751 0.280554
vt 0.647480 0.287052
vt 0.621343 0.228556
vt 0.609012 0.237734
vt 0.635143 0.293889
vt 0.375465 0.356065
vt 0.590820 0.249121
vt 0.366326 0.288752
vt 0.355651 0.352469
vt 0.340563 0.349608
vt 0.351134 0.285011
vt 0.336042 0.282967
vt 0.326383 0.346874
vt 0.678330 0.268182
vt 0.315081 0.275917
vt 0.789900 0.091626
vt 0.894734 0.181072
vt 0.223763 0.023658
vt 0.779683 0.072008
vt 0.205625 0.023651
vt 0.212375 0.030485
vt 0.208733 0.046428
vt 0.818124 0.043214
vt 0.919973 0.054113
vt 0.218394 0.124576
vt 0.231547 0.124829
vt 0.925982 0.076298
vt 0.853028 0.105343
vt 0.173602 0.224408
vt 0.245023 0.044913
vt 0.815784 0.102925
vt 0.335499 0.095534
vt 0.609223 0.166963
vt 0.147562 0.023794
vt 0.325939 0.074804
vt 0.129108 0.019171
vt 0.133886 0.026698
vt 0.125138 0.040618
vt 0.363323 0.044920
vt 0.461211 0.056389
vt 0.114656 0.083148
vt 0.128082 0.110700
vt 0.466974 0.079440
vt 0.396801 0.109583
vt 0.345740 0.218419
vt 0.158805 0.046562
vt 0.361009 0.107136
vt 0.212264 0.093809
vt 0.204982 0.218327
vt 0.226791 0.056935
vt 0.229179 0.093286
vt 0.246067 0.092223
vt 0.255137 0.092099
vt 0.884191 0.095549
vt 0.853655 0.095653
vt 0.854753 0.074189
vt 0.884265 0.075061
vt 0.885799 0.054616
vt 0.855335 0.052709
vt 0.203340 0.068369
vt 0.888472 0.044995
vt 0.116537 0.064410
vt 0.377147 0.224500
vt 0.136900 0.057215
vt 0.135301 0.068971
vt 0.159593 0.072808
vt 0.169578 0.075371
vt 0.426769 0.099419
vt 0.397393 0.099512
vt 0.398467 0.077209
vt 0.426850 0.078134
vt 0.428347 0.056895
vt 0.399054 0.054890
vt 0.111199 0.052142
vt 0.430928 0.046902
vt 0.398347 0.732496
vt 0.353774 0.704759
vt 0.655189 0.607952
vt 0.404645 0.715309
vt 0.625247 0.642548
vt 0.669008 0.617360
vt 0.670290 0.641156
vt 0.629866 0.657272
vt 0.633967 0.675274
vt 0.674058 0.664432
vt 0.345812 0.774768
vt 0.637449 0.692485
vt 0.387906 0.765553
vt 0.346295 0.752641
vt 0.351218 0.728717
vt 0.392980 0.747350
vt 0.854032 0.642643
vt 0.181252 0.694641
vt 0.859345 0.625630
vt 0.152631 0.732602
vt 0.157999 0.747449
vt 0.163074 0.765647
vt 0.167481 0.783084
vt 0.845329 0.675366
vt 0.849419 0.657366
vt 0.462802 0.754848
vt 0.433121 0.744888
vt 0.586158 0.633072
vt 0.469035 0.736153
vt 0.562716 0.661102
vt 0.591598 0.653084
vt 0.596668 0.669873
vt 0.567525 0.676181
vt 0.573571 0.695803
vt 0.602326 0.689166
vt 0.414557 0.801264
vt 0.575415 0.714705
vt 0.450039 0.789809
vt 0.420413 0.781867
vt 0.427222 0.762131
vt 0.457315 0.770152
vt 0.916571 0.661069
vt 0.887682 0.653104
vt 0.112049 0.724515
vt 0.922852 0.642462
vt 0.088177 0.754903
vt 0.117860 0.744959
vt 0.123753 0.762207
vt 0.093657 0.770210
vt 0.100926 0.789871
vt 0.130556 0.781946
vt 0.872833 0.708772
vt 0.104321 0.808576
vt 0.905760 0.695791
vt 0.876995 0.689207
vt 0.882631 0.669903
vt 0.911782 0.676158
vt 0.245118 0.820265
vt 0.256063 0.761423
vt 0.275458 0.816348
vt 0.275456 0.817082
vt 0.305796 0.819611
vt 0.322444 0.827635
vt 0.716707 0.746651
vt 0.742277 0.751635
vt 0.767846 0.746640
vt 0.232576 0.815700
vt 0.789238 0.746868
vt 0.242805 0.909093
vt 0.242913 0.847487
vt 0.275453 0.850080
vt 0.275444 0.899369
vt 0.308078 0.909112
vt 0.307992 0.847504
vt 0.685718 0.768892
vt 0.335635 0.923345
vt 0.710517 0.826756
vt 0.709025 0.772272
vt 0.742280 0.767854
vt 0.742288 0.823907
vt 0.774059 0.826743
vt 0.775535 0.772258
vt 0.216918 0.852154
vt 0.800161 0.835727
vt 0.803587 0.472219
vt 0.184266 0.511368
vt 0.823748 0.473030
vt 0.786007 0.508646
vt 0.783967 0.470951
vt 0.760849 0.468488
vt 0.762764 0.507838
vt 0.739729 0.507585
vt 0.739749 0.469813
vt 0.718652 0.468468
vt 0.716699 0.507812
vt 0.693463 0.508589
vt 0.695538 0.470900
vt 0.347089 0.550471
vt 0.343449 0.511536
vt 0.656251 0.437958
vt 0.370672 0.549455
vt 0.305626 0.550928
vt 0.300328 0.509969
vt 0.323635 0.511057
vt 0.326613 0.553291
vt 0.245263 0.550946
vt 0.250519 0.509979
vt 0.275426 0.509223
vt 0.275447 0.553833
vt 0.203857 0.550446
vt 0.207534 0.511493
vt 0.227207 0.511082
vt 0.224277 0.553331
vt 0.296688 0.941095
vt 0.317831 0.963343
vt 0.722395 0.859395
vt 0.742293 0.859091
vt 0.762190 0.859387
vt 0.672412 0.557619
vt 0.673996 0.509116
vt 0.676597 0.435714
vt 0.676064 0.420456
vt 0.798456 0.058765
vt 0.820876 0.052919
vt 0.343747 0.061021
vt 0.365907 0.055032
vt 0.963235 0.483911
vt 0.902883 0.489040
vt 0.909072 0.482168
vt 0.925033 0.475729
vt 0.931354 0.463643
vt 0.080884 0.498420
vt 0.084741 0.496992
vt 0.090126 0.497750
vt 0.096539 0.509638
vt 0.112499 0.516024
vt 0.245369 0.109349
vt 0.249130 0.116712
vt 0.914174 0.091435
vt 0.914507 0.075957
vt 0.915392 0.060496
vt 0.143488 0.116794
vt 0.145270 0.126440
vt 0.455609 0.095160
vt 0.455938 0.079081
vt 0.456800 0.063019
vt 0.982240 0.434188
vt 0.963585 0.427947
vt 0.946509 0.423110
vt 0.890921 0.433118
vt 0.882130 0.436526
vt 0.926679 0.423006
vt 0.909612 0.427375
vt 0.937930 0.422313
vt 0.075163 0.457134
vt 0.058225 0.461798
vt 0.039557 0.467684
vt 0.094859 0.456979
vt 0.083682 0.456346
vt 0.130564 0.466891
vt 0.111877 0.461251
vt 0.033116 0.470128
vt 0.675805 0.472192
vt 0.653419 0.509254
vt 0.655248 0.472962
vt 0.367019 0.511392
vt 0.176921 0.588998
vt 0.180547 0.549455
vt 0.822760 0.437993
vt 0.233028 0.963316
vt 0.215241 0.923308
vt 0.798841 0.768868
vt 0.699605 0.875602
vt 0.684417 0.835751
vt 0.333987 0.852188
vt 0.228471 0.827609
vt 0.254212 0.785439
vt 0.759269 0.697501
vt 0.785216 0.736222
vt 0.695315 0.746888
vt 0.719972 0.697428
vt 0.296799 0.785396
vt 0.318344 0.815723
vt 0.903939 0.714697
vt 0.136407 0.801345
vt 0.081951 0.736203
vt 0.893090 0.633076
vt 0.446638 0.808511
vt 0.606509 0.708725
vt 0.556410 0.642507
vt 0.438944 0.724452
vt 0.841861 0.692578
vt 0.205190 0.774839
vt 0.146366 0.715395
vt 0.823906 0.608060
vt 0.383498 0.782992
vt 0.673752 0.685953
vt 0.619881 0.625562
vt 0.369876 0.694574
vt 0.624476 0.158216
vt 0.327082 0.211968
vt 0.653476 0.212425
vt 0.306569 0.342322
vt 0.153133 0.050558
vt 0.361352 0.222428
vt 0.125968 0.045756
vt 0.396618 0.225899
vt 0.569871 0.190223
vt 0.388031 0.290471
vt 0.615162 0.304972
vt 0.596954 0.173816
vt 0.584932 0.180968
vt 0.909456 0.190131
vt 0.154402 0.225852
vt 0.888489 0.249012
vt 0.175675 0.355943
vt 0.241882 0.047343
vt 0.189385 0.222364
vt 0.213528 0.046751
vt 0.223402 0.212053
vt 0.855547 0.158550
vt 0.235225 0.276013
vt 0.801766 0.268578
vt 0.882733 0.173912
vt 0.870470 0.167071
vt 0.702590 0.322102
vt 0.284431 0.416033
vt 0.369025 0.419829
vt 0.654789 0.409992
vt 0.841623 0.358035
vt 0.185243 0.480200
vt 0.257695 0.404697
vt 0.773758 0.336466
vt 0.177136 0.638471
vt 0.185108 0.495641
vt 0.653403 0.554919
vt 0.655840 0.423782
vt 0.740026 0.329135
vt 0.739609 0.679991
vt 0.717946 0.727940
vt 0.321543 0.784229
vt 0.275425 0.981496
vt 0.229466 0.784279
vt 0.766602 0.727930
vt 0.275513 0.766895
vt 0.294962 0.761394
vt 0.158494 0.031032
vt 0.235614 0.029385
vt 0.253884 0.807420
vt 0.968218 0.693073
vt 0.970279 0.686813
vt 0.964692 0.720144
vt 0.041234 0.817480
vt 0.965692 0.701614
vt 0.035620 0.790589
vt 0.038855 0.799577
vt 0.026837 0.766821
vt 0.976742 0.669618
vt 0.033170 0.783659
vt 0.515345 0.790561
vt 0.512107 0.799546
vt 0.509721 0.817448
vt 0.514670 0.720260
vt 0.513647 0.701731
vt 0.511110 0.693195
vt 0.509040 0.686939
vt 0.502555 0.669755
vt 0.524137 0.766797
vt 0.517798 0.783632
vt 0.052820 0.522857
vt 0.139366 0.470253
vt 0.968347 0.489050
vt 0.988625 0.436785
vt 0.108883 0.091107
vt 0.106409 0.062482
vt 0.399209 0.044805
vt 0.459518 0.102060
vt 0.428604 0.109556
vt 0.167704 0.057128
vt 0.215342 0.132259
vt 0.203222 0.094543
vt 0.855471 0.043005
vt 0.918242 0.098075
vt 0.886101 0.105305
vt 0.255511 0.067846
vt 0.169019 0.047690
vt 0.166893 0.025823
vt 0.125973 0.120002
vt 0.337008 0.054912
vt 0.115292 0.038211
vt 0.149847 0.015689
vt 0.254586 0.043904
vt 0.241676 0.021944
vt 0.231922 0.132778
vt 0.791425 0.052872
vt 0.199112 0.046316
vt 0.223332 0.014444
vn -0.053456 0.821568 -0.567599
vn -0.053456 0.821568 -0.567599
vn 0.221463 0.933458 -0.282152
vn 0.315756 0.934936 -0.161841
vn 0.453412 0.889991 0.048310
vn 0.557189 0.745276 -0.366202
vn 0.552759 0.804799 -0.216231
vn 0.464610 0.882533 0.072620
vn 0.628895 0.776606 -0.037067
vn 0.314612 0.913429 -0.258199
vn 0.614331 0.748447 -0.249849
vn 0.618318 0.731542 -0.287278
vn -0.312558 0.868980 0.383642
vn -0.325774 0.857140 0.398977
vn 0.070512 0.942927 0.325450
vn 0.099078 0.922818 0.372277
vn 0.479269 0.850590 0.216328
vn 0.462324 0.855157 0.234440
vn 0.651441 0.744568 0.145752
vn 0.663725 0.743791 0.079012
vn 0.837989 0.545681 0.002692
vn 0.807731 0.589186 0.020749
vn 0.955420 0.254423 -0.149804
vn 0.970964 0.211295 -0.112174
vn 0.595127 0.592694 0.542714
vn 0.291880 0.608687 0.737772
vn 0.215040 0.823700 0.524667
vn 0.479367 0.732195 0.483838
vn 0.656593 0.685785 0.313984
vn 0.613400 0.687976 0.387852
vn 0.726920 0.606527 0.322043
vn 0.730160 0.624335 0.277619
vn 0.790000 0.570171 0.225401
vn 0.832988 0.502572 0.231414
vn 0.980840 0.187119 0.054212
vn 0.914115 0.358818 0.188796
vn -0.422833 0.882562 -0.205663
vn 0.095607 0.986755 0.131047
vn 0.341250 0.939625 -0.025560
vn -0.122264 0.862966 -0.490245
vn 0.075935 0.919021 0.386826
vn 0.373306 0.371638 0.850016
vn 0.770246 0.102674 0.629428
vn 0.666787 0.738929 0.096848
vn 0.401541 0.419875 -0.813923
vn 0.649637 0.755984 -0.080371
vn 0.713288 0.657085 -0.243842
vn 0.282153 0.560421 -0.778665
vn -0.892292 -0.353912 -0.280290
vn -0.837340 0.404328 -0.367941
vn -0.636603 0.431217 -0.639366
vn -0.854412 -0.196306 -0.481087
vn -0.762554 -0.251668 -0.595965
vn -0.708994 0.119456 -0.695023
vn -0.680535 -0.208814 -0.702331
vn -0.707500 -0.322341 -0.628920
vn -0.643740 -0.354983 -0.677928
vn -0.451820 -0.161583 -0.877354
vn -0.218541 0.064030 -0.973725
vn -0.543359 -0.458861 -0.702999
vn -0.977758 0.198092 0.068906
vn -0.984107 -0.176935 -0.015077
vn -0.943825 -0.160096 -0.289074
vn -0.926288 -0.329106 -0.183521
vn -0.771059 -0.564172 -0.295259
vn -0.782376 -0.404083 -0.473924
vn -0.727745 -0.457220 -0.511212
vn -0.708273 -0.628934 -0.320610
vn -0.648441 -0.682298 -0.337630
vn -0.673382 -0.512941 -0.532399
vn -0.404976 -0.652699 -0.640296
vn -0.428317 -0.786173 -0.445507
vn -0.868094 -0.388525 0.308968
vn -0.920309 -0.238634 0.309975
vn -0.657193 -0.740265 0.141792
vn -0.561869 -0.792958 0.235627
vn -0.458706 -0.854920 0.242282
vn -0.538581 -0.832797 0.127982
vn -0.565512 -0.812705 0.140380
vn -0.518990 -0.812132 0.266630
vn -0.540726 -0.806299 0.239785
vn -0.563590 -0.818422 0.112038
vn -0.408519 -0.912339 0.027391
vn -0.394502 -0.907198 0.146149
vn -0.295846 -0.503707 0.811637
vn -0.290957 -0.529274 0.797003
vn -0.293348 -0.528404 0.796703
vn -0.296575 -0.504901 0.810629
vn 0.912787 -0.023552 0.407757
vn 0.592943 -0.368469 0.715996
vn -0.007079 -0.405344 0.914137
vn 0.591513 0.428465 0.683030
vn 0.498408 -0.202670 0.842920
vn 0.502877 -0.195831 0.841882
vn 0.503952 -0.195675 0.841275
vn 0.500371 -0.201501 0.842037
vn 0.812184 -0.379511 -0.443090
vn 0.812184 -0.379511 -0.443090
vn 0.812184 -0.379511 -0.443090
vn 0.812184 -0.379511 -0.443090
vn 0.958382 -0.148088 -0.244078
vn 0.955231 -0.150891 -0.254490
vn 0.715423 -0.618852 -0.324333
vn 0.655924 -0.596778 -0.462190
vn 0.954315 -0.162691 -0.250628
vn 0.954315 -0.162693 -0.250627
vn 0.954315 -0.162693 -0.250627
vn 0.954315 -0.162691 -0.250628
vn -0.976142 0.169913 0.135188
vn -0.976142 0.169913 0.135188
vn -0.976142 0.169913 0.135188
vn -0.976142 0.169913 0.135188
vn -0.979064 -0.057121 0.195376
vn -0.745892 0.542459 0.386501
vn -0.719835 0.633053 0.284748
vn 0.249694 0.652697 0.715290
vn 0.249694 0.652696 0.715291
vn 0.249694 0.652696 0.715291
vn 0.249694 0.652697 0.715290
vn -0.488317 -0.476243 0.731259
vn -0.537110 -0.513002 0.669584
vn -0.201565 -0.604064 0.771024
vn -0.186830 -0.573454 0.797650
vn 0.873506 -0.226234 0.431053
vn 0.883220 -0.229156 0.409158
vn 0.835303 0.379476 -0.397828
vn 0.263062 0.562789 -0.783624
vn 0.185112 0.612282 -0.768664
vn -0.928594 0.279170 -0.244495
vn -0.912573 0.276083 -0.301645
vn -0.912573 0.276083 -0.301645
vn -0.926219 0.278737 -0.253819
vn -0.393599 -0.500013 0.771406
vn -0.363757 -0.535875 0.761918
vn -0.167565 -0.762391 0.625045
vn -0.202116 -0.727665 0.655479
vn 0.639761 -0.718669 -0.272435
vn 0.635624 -0.722287 -0.272552
vn 0.635624 -0.722287 -0.272552
vn 0.640223 -0.718262 -0.272422
vn 0.452895 0.438844 -0.776081
vn 0.378170 0.495274 -0.782107
vn 0.196029 0.720588 -0.665075
vn 0.223900 0.721939 -0.654731
vn -0.262523 0.961639 -0.079572
vn -0.321104 0.566422 0.758985
vn -0.446149 0.817956 0.363178
vn -0.511733 -0.206051 -0.834070
vn -0.372130 -0.041078 -0.927271
vn 0.213193 0.052167 -0.975616
vn 0.246906 -0.388882 -0.887586
vn 0.879891 -0.277954 -0.385401
vn 0.809611 -0.111937 -0.576195
vn 0.828524 0.299214 0.473307
vn 0.946195 0.019182 0.323028
vn 0.562155 0.454776 0.690768
vn 0.316303 0.727685 0.608628
vn -0.021235 0.809357 0.586933
vn -0.131955 0.663427 0.736513
vn -0.807120 0.489807 0.329617
vn -0.373865 0.783671 0.496070
vn -0.973603 0.199182 -0.111465
vn -0.951776 0.027033 -0.305600
vn -0.788503 0.366937 0.493578
vn -0.831775 0.327631 0.448117
vn -0.721297 -0.652482 0.232376
vn -0.759285 -0.561880 0.328295
vn -0.048933 -0.989837 -0.133519
vn 0.133156 -0.961209 -0.241552
vn 0.532459 -0.707138 -0.465235
vn 0.458634 -0.797288 -0.392413
vn 0.778596 -0.347096 -0.522793
vn 0.813285 -0.110779 -0.571222
vn 0.641341 0.697659 -0.319300
vn 0.746561 0.581302 -0.323628
vn 0.045742 0.985488 0.163464
vn 0.009149 0.990883 0.134415
vn -0.481552 0.791515 0.376314
vn -0.439610 0.806133 0.396097
vn -0.228808 -0.483537 -0.844890
vn -0.228808 -0.483537 -0.844890
vn 0.243408 -0.566765 -0.787102
vn 0.246291 -0.566874 -0.786126
vn 0.996961 -0.055538 -0.054624
vn 0.996961 -0.055538 -0.054624
vn 0.996961 -0.055538 -0.054624
vn 0.996961 -0.055538 -0.054624
vn 0.335285 0.715095 -0.613370
vn 0.335285 0.715095 -0.613370
vn 0.253758 0.721735 -0.643977
vn 0.253758 0.721735 -0.643977
vn -0.613910 0.381307 -0.691172
vn -0.613910 0.381307 -0.691172
vn -0.613910 0.381307 -0.691172
vn -0.613910 0.381307 -0.691172
vn -0.992538 0.000689 0.121937
vn -0.992538 0.000689 0.121937
vn -0.923866 -0.378274 -0.058136
vn -0.922778 -0.380728 -0.059381
vn 0.004121 -0.809275 -0.587415
vn 0.004121 -0.809275 -0.587415
vn 0.004121 -0.809275 -0.587415
vn 0.004121 -0.809275 -0.587415
vn -0.191979 0.292027 -0.936944
vn -0.191979 0.292027 -0.936944
vn -0.224349 0.365811 -0.903244
vn -0.224349 0.365811 -0.903244
vn -0.511867 0.852362 -0.107109
vn -0.511867 0.852362 -0.107109
vn -0.511867 0.852362 -0.107109
vn -0.511867 0.852362 -0.107109
vn 0.302207 0.442053 -0.844547
vn 0.302207 0.442053 -0.844547
vn 0.307430 0.440209 -0.843625
vn 0.307423 0.440211 -0.843626
vn -0.693877 0.172920 -0.699023
vn -0.693877 0.172920 -0.699023
vn -0.693877 0.172920 -0.699023
vn -0.693877 0.172920 -0.699023
vn -0.305452 -0.454709 0.836624
vn -0.301939 -0.472308 0.828105
vn -0.301881 -0.473038 0.827710
vn -0.305313 -0.456104 0.835915
vn 0.945638 -0.043172 0.322342
vn 0.945787 -0.042367 0.322013
vn 0.945785 -0.042376 0.322017
vn 0.945638 -0.043172 0.322342
vn -0.493879 0.211663 -0.843376
vn -0.493879 0.211663 -0.843376
vn -0.491979 0.213522 -0.844017
vn -0.491978 0.213523 -0.844018
vn -0.591118 0.805415 0.043429
vn -0.591118 0.805415 0.043429
vn -0.591118 0.805415 0.043429
vn -0.591118 0.805415 0.043429
vn 0.493018 -0.214873 0.843068
vn 0.494331 -0.210760 0.843337
vn 0.496025 -0.209825 0.842575
vn 0.494160 -0.214275 0.842551
vn 0.360253 -0.831497 -0.422883
vn 0.360039 -0.832628 -0.420837
vn 0.360039 -0.832626 -0.420839
vn 0.360253 -0.831497 -0.422883
vn 0.634946 -0.057217 0.770435
vn 0.976280 -0.122545 0.178496
vn 0.075686 -0.624728 0.777166
vn 0.035993 -0.574963 0.817387
vn -0.543407 -0.740300 0.395808
vn -0.148587 -0.875569 -0.459674
vn -0.656842 -0.608785 -0.444904
vn -0.826496 -0.517967 -0.220487
vn -0.655460 0.020232 -0.754959
vn -0.344582 -0.050692 -0.937386
vn 0.226107 0.449631 -0.864123
vn -0.062622 0.567806 -0.820777
vn 0.532814 0.731545 -0.425383
vn 0.759702 0.566275 -0.319664
vn 0.911212 0.276706 0.305166
vn 0.851925 0.421932 0.310158
vn -0.182690 -0.980319 -0.074824
vn 0.457979 -0.862435 0.215546
vn 0.502096 -0.845658 0.181005
vn 0.904265 -0.182485 0.386012
vn 0.740971 0.530386 0.411889
vn 0.084337 0.992176 0.092059
vn -0.518489 0.819882 -0.242822
vn -0.903423 0.171706 -0.392867
vn -0.731793 -0.612222 -0.299437
vn 0.222005 -0.031022 0.974552
vn 0.312070 0.013300 0.949966
vn -0.042915 -0.597612 0.800636
vn 0.106011 -0.625271 0.773174
vn -0.078450 -0.964559 0.251937
vn -0.418188 -0.879640 0.226612
vn -0.602000 -0.688650 -0.404174
vn -0.229248 -0.784475 -0.576233
vn -0.055664 -0.062490 -0.996492
vn -0.513110 -0.167563 -0.841808
vn -0.061118 0.536967 -0.841386
vn 0.145207 0.538214 -0.830205
vn 0.257054 0.907223 -0.332971
vn 0.283855 0.853873 -0.436266
vn 0.524992 0.723712 0.447911
vn 0.261152 0.776027 0.574092
vn 0.095550 -0.748669 0.656022
vn -0.206526 -0.926941 0.313254
vn 0.526047 -0.816287 0.238644
vn 0.676136 -0.643380 0.359030
vn 0.950978 -0.286875 -0.115516
vn 0.955493 -0.294995 0.003468
vn 0.769080 0.580474 -0.267520
vn 0.651356 0.397436 -0.646360
vn -0.122665 0.852209 -0.508619
vn -0.123087 0.931428 -0.342478
vn -0.629383 0.742790 -0.228341
vn -0.603354 0.784909 -0.141001
vn -0.902791 0.321251 0.285950
vn -0.997617 -0.033251 -0.060457
vn -0.776948 -0.613699 0.140449
vn -0.671232 -0.389889 0.630423
vn 0.421214 0.771788 0.476363
vn 0.421214 0.771788 0.476363
vn 0.421214 0.771788 0.476363
vn 0.421214 0.771788 0.476363
vn 0.802833 -0.555974 -0.215296
vn 0.802833 -0.555974 -0.215296
vn 0.612223 -0.668821 -0.421736
vn -0.331346 -0.821800 -0.463524
vn -0.745501 -0.567935 -0.348825
vn -0.780149 -0.515884 -0.353881
vn -0.962082 -0.258099 0.088219
vn -0.088202 0.896284 -0.434622
vn -0.623673 0.491454 0.607870
vn -0.023390 0.101657 0.994545
vn -0.121617 -0.077962 0.989511
vn 0.476446 -0.472749 0.741288
vn 0.542406 -0.354668 0.761582
vn 0.859776 -0.509229 0.038353
vn 0.736903 -0.673889 0.053353
vn 0.518152 -0.630142 -0.578307
vn 0.673475 -0.349140 -0.651562
vn -0.044039 -0.072851 -0.996370
vn -0.261102 -0.319471 -0.910914
vn -0.732751 -0.019137 -0.680227
vn -0.635160 0.207710 -0.743928
vn -0.830962 0.538245 -0.140692
vn -0.944088 0.261087 -0.201322
vn -0.635848 0.269361 0.723286
vn -0.519208 0.529412 0.670929
vn -0.941855 -0.121862 0.313143
vn -0.734135 0.475802 0.484416
vn -0.715294 0.519693 0.467198
vn -0.841846 -0.539426 -0.017765
vn -0.746592 -0.658363 0.095702
vn -0.606047 -0.794065 0.046559
vn -0.701599 -0.706772 -0.090731
vn -0.644921 -0.757579 -0.100755
vn -0.589111 -0.806553 0.049207
vn -0.564279 -0.825039 0.029997
vn -0.594750 -0.795558 -0.115587
vn -0.420739 -0.888076 -0.185205
vn -0.394495 -0.917711 -0.046688
vn 0.976827 -0.095602 -0.191494
vn 0.985364 -0.058533 -0.160099
vn 0.762130 -0.594720 -0.255863
vn 0.765262 -0.585323 -0.267902
vn 0.783179 0.585299 0.209896
vn 0.729517 0.653457 0.201988
vn 0.888640 0.453170 0.070392
vn 0.939293 0.343117 0.000563
vn 0.489589 0.786297 0.376881
vn 0.523639 0.790791 0.316941
vn 0.639871 0.730747 0.237853
vn 0.657669 0.680059 0.324023
vn -0.287471 0.834161 0.470677
vn -0.246512 0.808234 0.534780
vn 0.232349 0.859680 0.454934
vn 0.151630 0.891987 0.425873
vn 0.502106 0.790331 0.351093
vn 0.263602 0.810376 0.523263
vn -0.339720 0.773650 0.534843
vn 0.718969 0.694831 0.017113
vn 0.727097 0.645797 0.232971
vn 0.640035 0.722234 0.262169
vn 0.619925 0.604293 -0.500523
vn 0.619925 0.604293 -0.500523
vn 0.980167 -0.038865 -0.194328
vn 0.830787 0.541365 0.129297
vn 0.580598 0.813592 -0.031206
vn 0.690653 0.718058 0.085972
vn 0.986145 -0.073160 0.148880
vn 0.829272 0.357383 -0.429633
vn 0.375520 0.486357 -0.788949
vn 0.005904 0.824222 -0.566236
vn -0.231252 0.965713 -0.117984
vn 0.074547 -0.818668 -0.569409
vn 0.109271 -0.944925 -0.308507
vn -0.282620 -0.732481 0.619352
vn -0.215027 -0.795245 0.566877
vn -0.241956 -0.790167 0.563111
vn -0.624532 -0.637063 0.451786
vn -0.624532 -0.637063 0.451786
vn -0.334338 -0.736755 0.587717
vn -0.304338 -0.011734 0.952492
vn -0.198871 -0.820546 0.535868
vn -0.443136 -0.639396 0.628334
vn 0.167863 -0.972744 -0.159976
vn 0.157279 -0.984096 -0.082572
vn -0.120319 -0.957935 0.260544
vn -0.120320 -0.957935 0.260544
vn -0.352214 -0.767870 0.535090
vn -0.334104 -0.789765 0.514437
vn -0.295723 -0.527536 0.796401
vn -0.297655 -0.503328 0.811211
vn -0.301807 -0.473841 0.827277
vn 0.505047 -0.195515 0.840655
vn 0.501883 -0.201071 0.841240
vn 0.497710 -0.208897 0.841812
vn 0.634986 -0.734046 -0.240769
vn 0.634986 -0.734046 -0.240769
vn 0.634986 -0.734046 -0.240769
vn 0.634986 -0.734046 -0.240769
vn 0.746619 -0.608298 -0.269321
vn 0.664388 -0.493729 -0.561089
vn 0.954316 -0.162690 -0.250626
vn 0.954316 -0.162690 -0.250626
vn 0.954315 -0.162690 -0.250628
vn 0.954315 -0.162690 -0.250628
vn 0.954315 -0.162691 -0.250629
vn 0.954315 -0.162691 -0.250629
vn 0.954315 -0.162690 -0.250628
vn 0.954315 -0.162690 -0.250628
vn -0.851125 0.434118 -0.295176
vn -0.851125 0.434118 -0.295176
vn -0.851125 0.434118 -0.295176
vn -0.851125 0.434117 -0.295176
vn -0.826735 0.405262 0.390221
vn -0.652106 0.726849 0.215519
vn 0.249694 0.652696 0.715291
vn 0.249694 0.652696 0.715291
vn 0.249694 0.652695 0.715291
vn 0.249694 0.652695 0.715291
vn 0.249693 0.652695 0.715292
vn 0.249693 0.652696 0.715291
vn 0.249694 0.652697 0.715290
vn 0.249694 0.652697 0.715290
vn 0.094988 -0.619839 0.778959
vn 0.128185 -0.584099 0.801497
vn 0.172216 -0.533410 0.828140
vn -0.152970 -0.511629 0.845480
vn -0.443336 -0.441701 0.779971
vn 0.986669 0.162345 -0.011304
vn 0.990600 0.103845 -0.089045
vn 0.990600 0.103845 -0.089045
vn 0.911795 -0.237904 0.334712
vn 0.911795 -0.237904 0.334712
vn -0.140134 0.559144 -0.817142
vn -0.220944 0.619005 -0.753669
vn -0.281350 0.659332 -0.697226
vn 0.161275 0.670303 -0.724351
vn 0.609926 0.529831 -0.589296
vn -0.996122 0.044739 0.075759
vn -0.996122 0.044739 0.075759
vn -0.993123 0.038635 0.110516
vn -0.992481 0.037579 0.116488
vn -0.987934 0.031312 0.151677
vn -0.987934 0.031312 0.151677
vn -0.940010 0.281077 -0.193333
vn -0.940010 0.281077 -0.193333
vn 0.021593 -0.894238 0.447071
vn 0.010617 -0.879907 0.475028
vn -0.000275 -0.864738 0.502223
vn -0.224055 -0.701469 0.676565
vn -0.434062 -0.447651 0.781792
vn 0.718990 -0.431807 -0.544607
vn 0.718990 -0.431807 -0.544607
vn 0.720782 -0.452132 -0.525405
vn 0.720517 -0.448699 -0.528701
vn 0.721837 -0.468687 -0.509199
vn 0.721837 -0.468687 -0.509199
vn 0.644108 -0.714826 -0.272303
vn 0.644108 -0.714826 -0.272303
vn -0.068789 0.931039 -0.358378
vn 0.264063 0.722418 -0.639049
vn 0.513324 0.387799 -0.765579
vn -0.581706 0.424471 0.693861
vn -0.594898 0.429919 0.679165
vn -0.654985 0.453647 0.604317
vn -0.654985 0.453647 0.604317
vn -0.534768 0.785964 0.310297
vn -0.534768 0.785964 0.310297
vn 0.885889 -0.387453 -0.255110
vn 0.244386 -0.569082 -0.785125
vn -0.591203 -0.341950 -0.730444
vn 0.732026 0.150145 0.664526
vn 0.960936 -0.097525 0.259019
vn -0.972151 0.194652 0.130511
vn -0.248468 0.415271 0.875108
vn -0.938127 -0.039618 -0.344019
vn -0.087573 -0.992051 -0.090364
vn -0.763316 -0.519299 0.384288
vn -0.737229 0.413654 0.534214
vn 0.761238 -0.458322 -0.458757
vn 0.408029 -0.844875 -0.345974
vn 0.081742 0.976745 0.198212
vn 0.804305 0.522472 -0.283048
vn -0.377932 0.829446 0.411323
vn 0.657581 -0.518201 -0.546859
vn 0.657581 -0.518201 -0.546859
vn 0.580220 -0.767431 -0.272755
vn 0.580220 -0.767431 -0.272755
vn 0.135017 -0.859138 -0.493612
vn 0.133999 -0.859098 -0.493959
vn -0.353024 -0.727147 -0.588755
vn -0.353024 -0.727147 -0.588755
vn 0.937386 0.311247 -0.156311
vn 0.937386 0.311247 -0.156311
vn 0.937386 0.311247 -0.156311
vn 0.937386 0.311247 -0.156311
vn 0.945917 -0.041660 0.321724
vn 0.945917 -0.041660 0.321724
vn 0.949403 -0.243889 0.197866
vn 0.949404 -0.243889 0.197866
vn 0.949403 -0.243889 0.197866
vn 0.949403 -0.243889 0.197866
vn 0.170294 0.722869 -0.669672
vn 0.170294 0.722869 -0.669672
vn -0.293468 0.535310 0.792036
vn -0.293468 0.535310 0.792036
vn -0.250436 0.533830 0.807656
vn -0.250436 0.533830 0.807656
vn -0.206880 0.531229 0.821581
vn -0.206880 0.531229 0.821581
vn -0.762172 0.018069 -0.647122
vn -0.762172 0.018069 -0.647122
vn -0.762172 0.018069 -0.647122
vn -0.762172 0.018069 -0.647122
vn -0.887772 -0.168633 -0.428281
vn -0.887772 -0.168633 -0.428281
vn -0.887772 -0.168633 -0.428281
vn -0.887772 -0.168633 -0.428281
vn -0.945945 0.041180 -0.321702
vn -0.945799 0.041949 -0.322031
vn -0.945796 0.041966 -0.322038
vn -0.945945 0.041180 -0.321702
vn -0.676382 -0.698547 -0.233536
vn -0.676382 -0.698547 -0.233536
vn -0.523778 -0.844835 0.109136
vn -0.523778 -0.844835 0.109136
vn -0.783949 -0.517766 0.342555
vn -0.785492 -0.514244 0.344319
vn -0.864632 -0.075961 0.496630
vn -0.864632 -0.075961 0.496630
vn 0.090273 -0.563019 -0.821499
vn 0.090273 -0.563019 -0.821499
vn 0.090273 -0.563019 -0.821499
vn 0.090273 -0.563019 -0.821499
vn 0.359844 -0.833639 -0.418997
vn 0.359844 -0.833639 -0.418997
vn 0.181721 -0.925552 -0.332162
vn 0.181721 -0.925552 -0.332162
vn 0.181721 -0.925552 -0.332162
vn 0.181721 -0.925552 -0.332162
vn -0.255007 0.436805 -0.862655
vn -0.255007 0.436805 -0.862655
vn 0.914108 0.378423 0.145612
vn 0.914108 0.378423 0.145612
vn 0.931624 0.340790 0.126251
vn 0.931624 0.340790 0.126251
vn 0.947185 0.302442 0.106625
vn 0.947185 0.302442 0.106625
vn -0.662282 0.727340 0.179887
vn -0.662282 0.727340 0.179887
vn -0.662282 0.727340 0.179887
vn -0.662282 0.727340 0.179887
vn -0.522833 0.703741 0.481035
vn -0.522833 0.703741 0.481035
vn -0.522833 0.703741 0.481035
vn -0.522833 0.703741 0.481035
vn -0.360232 0.833348 0.419242
vn -0.360363 0.832389 0.421031
vn -0.360362 0.832400 0.421011
vn -0.360232 0.833348 0.419242
vn 0.312634 0.438354 -0.842678
vn 0.312634 0.438354 -0.842678
vn 0.205173 0.525159 -0.825901
vn 0.205173 0.525159 -0.825901
vn 0.298067 0.522825 -0.798630
vn 0.298098 0.522824 -0.798619
vn 0.388138 0.515592 -0.763881
vn 0.388138 0.515592 -0.763881
vn -0.945633 0.042825 -0.322405
vn -0.945633 0.042825 -0.322405
vn -0.997204 0.023307 -0.070993
vn -0.997204 0.023307 -0.070993
vn -0.997205 0.023307 -0.070993
vn -0.997205 0.023307 -0.070993
vn -0.620019 0.306068 -0.722425
vn -0.620019 0.306068 -0.722425
vn -0.620019 0.306068 -0.722425
vn -0.620019 0.306068 -0.722425
vn -0.305173 -0.457504 0.835200
vn -0.224314 -0.403635 0.886996
vn -0.224313 -0.403635 0.886996
vn -0.313036 -0.401451 0.860724
vn -0.312984 -0.401453 0.860742
vn -0.399077 -0.395827 0.827078
vn -0.399077 -0.395827 0.827078
vn 0.987892 0.097912 -0.120347
vn 0.987892 0.097912 -0.120347
vn 0.987892 0.097912 -0.120347
vn 0.987892 0.097912 -0.120347
vn 0.955167 0.230949 -0.185254
vn 0.955167 0.230949 -0.185254
vn 0.955167 0.230949 -0.185254
vn 0.955167 0.230949 -0.185254
vn 0.830703 -0.062570 0.553189
vn 0.830703 -0.062570 0.553189
vn 0.830703 -0.062570 0.553189
vn 0.830703 -0.062570 0.553189
vn -0.490081 0.215374 -0.844651
vn -0.490081 0.215374 -0.844651
vn -0.476689 0.328663 -0.815321
vn -0.476689 0.328663 -0.815321
vn -0.443547 0.248433 -0.861131
vn -0.443548 0.248436 -0.861130
vn -0.406134 0.165816 -0.898644
vn -0.406134 0.165816 -0.898643
vn -0.360507 0.831317 0.423020
vn -0.360507 0.831318 0.423020
vn -0.152555 0.804301 0.574306
vn -0.152555 0.804301 0.574306
vn -0.152555 0.804301 0.574306
vn -0.152555 0.804301 0.574306
vn -0.566597 0.815753 -0.116253
vn -0.566597 0.815753 -0.116253
vn -0.566597 0.815753 -0.116253
vn -0.566597 0.815753 -0.116253
vn 0.495299 -0.213678 0.842034
vn 0.582488 -0.252820 0.772522
vn 0.582488 -0.252820 0.772522
vn 0.551570 -0.177671 0.814987
vn 0.551557 -0.177642 0.815002
vn 0.515996 -0.100987 0.850617
vn 0.515996 -0.100987 0.850618
vn 0.052141 -0.690143 -0.721793
vn 0.052141 -0.690143 -0.721793
vn 0.052141 -0.690143 -0.721793
vn 0.052141 -0.690143 -0.721793
vn 0.034482 -0.565406 -0.824092
vn 0.034482 -0.565406 -0.824092
vn 0.034482 -0.565406 -0.824092
vn 0.034482 -0.565406 -0.824092
vn 0.545878 -0.800119 -0.248650
vn 0.545878 -0.800119 -0.248650
vn 0.545878 -0.800119 -0.248650
vn 0.545878 -0.800119 -0.248650
vn -0.009260 -0.952445 0.304570
vn 0.165321 -0.633372 0.755982
vn 0.268001 -0.084432 0.959712
vn -0.009698 0.002884 -0.999949
vn -0.209295 -0.791149 -0.574699
vn 0.282365 0.906838 -0.312912
vn 0.172154 0.549687 -0.817439
vn 0.292221 0.751038 0.592071
vn 0.960216 -0.275752 -0.044105
vn 0.702801 -0.592761 0.393327
vn 0.208889 -0.710315 0.672174
vn -0.098482 0.868960 -0.484985
vn 0.685293 0.407616 -0.603508
vn -0.868033 0.420333 0.264271
vn -0.594708 0.793667 -0.128126
vn -0.631244 -0.378837 0.676767
vn 0.989977 0.097714 0.101967
vn 0.989977 0.097714 0.101967
vn 0.989977 0.097714 0.101967
vn 0.989977 0.097714 0.101967
vn 0.688175 -0.691048 0.221060
vn 0.590567 -0.230618 0.773335
vn -0.117442 -0.142387 0.982819
vn 0.312070 -0.941690 -0.125829
vn -0.365087 0.641496 0.674681
vn -0.365087 0.641496 0.674681
vn -0.575241 -0.238538 0.782430
vn 0.197524 -0.958299 -0.206511
vn 0.241862 0.767218 0.594037
vn 0.248149 0.217856 0.943907
vn 0.248149 0.217856 0.943907
vn 0.241781 0.767763 0.593366
vn 0.123102 -0.526766 0.841049
vn 0.123102 -0.526766 0.841049
vn 0.123102 -0.526766 0.841049
vn 0.123102 -0.526766 0.841049
vn 0.055761 -0.711992 0.699970
vn 0.055761 -0.711992 0.699970
vn 0.055761 -0.711992 0.699970
vn 0.055761 -0.711992 0.699970
vn -0.219060 -0.971692 -0.088475
vn -0.313697 -0.755640 -0.574980
vn -0.313700 -0.755617 -0.575009
vn -0.219060 -0.971692 -0.088475
vn -0.325583 -0.455478 -0.828575
vn -0.325583 -0.455478 -0.828575
vn -0.117170 0.619999 -0.775804
vn -0.117170 0.619999 -0.775804
vn -0.117170 0.619999 -0.775804
vn -0.117170 0.619999 -0.775804
vn -0.109287 0.641585 -0.759227
vn -0.109287 0.641585 -0.759227
vn -0.109287 0.641585 -0.759227
vn -0.109287 0.641585 -0.759227
vn 0.168887 0.972889 0.158004
vn 0.168887 0.972889 0.158004
vn -0.689732 -0.426722 0.584960
vn -0.231379 -0.698131 0.677553
vn -0.231379 -0.698131 0.677553
vn -0.689757 -0.426699 0.584947
vn 0.600576 -0.687295 0.408577
vn 0.600576 -0.687295 0.408577
vn 0.600576 -0.687294 0.408577
vn 0.600576 -0.687295 0.408577
vn 0.765015 -0.589214 0.259960
vn 0.765014 -0.589214 0.259960
vn 0.765014 -0.589214 0.259960
vn 0.765015 -0.589214 0.259960
vn 0.951410 -0.097899 -0.291951
vn 0.670997 0.377200 -0.638344
vn 0.670415 0.377744 -0.638634
vn 0.951410 -0.097899 -0.291951
vn 0.266645 0.635686 -0.724434
vn 0.266645 0.635686 -0.724434
vn -0.681847 0.633492 -0.365749
vn -0.681847 0.633492 -0.365749
vn -0.681847 0.633492 -0.365749
vn -0.681847 0.633492 -0.365749
vn -0.701146 0.622097 -0.348412
vn -0.701146 0.622097 -0.348412
vn -0.701146 0.622097 -0.348412
vn -0.701146 0.622097 -0.348412
vn -0.901191 -0.146585 0.407881
vn -0.901191 -0.146585 0.407881
s 1
g pCube1
usemtl pCube1SG
f 101/1/1 1/2/2 98/3/3 97/4/4
f 99/5/5 2/6/6 103/7/7 102/8/8
f 104/9/9 3/10/10 107/11/11 106/12/12
s 3
f 114/13/13 5/14/14 111/15/15 110/16/16
f 112/17/17 6/18/18 116/19/19 115/20/20
f 117/21/21 7/22/22 120/23/23 119/24/24
f 126/25/25 9/26/26 113/27/27 123/28/28
f 124/29/29 10/30/30 118/31/31 127/32/32
f 128/33/33 11/34/34 122/35/35 130/36/36
f 136/424/37 13/38/38 125/39/39 133/474/40
f 141/401/41 85/42/42 138/43/43 137/473/44
f 145/413/45 15/477/46 132/47/47 142/472/48
f 149/49/49 17/50/50 135/51/51 146/52/52
f 147/53/53 18/54/54 151/470/55 150/56/56
f 152/57/57 19/58/58 144/59/59 154/60/60
f 160/61/61 21/62/62 148/63/63 157/64/64
f 158/65/65 22/66/66 153/67/67 161/68/68
f 162/69/69 23/70/70 156/71/71 164/72/72
f 171/73/73 90/74/74 168/75/75 167/76/76
f 169/77/77 91/78/78 173/79/79 172/80/80
f 174/81/81 92/82/82 177/83/83 176/84/84
s 10
f 184/85/85 49/86/86 181/87/87 180/88/88
s 1
f 187/464/89 30/90/90 175/91/91 185/469/92
s 12
f 192/93/93 53/94/94 189/95/95 188/96/96
s off
f 108/97/97 4/98/98 194/99/99 193/100/100
s 3
f 121/101/101 8/102/102 197/103/103 196/104/104
s 13
f 378/105/105 377/106/106 379/107/107 380/108/108
s off
f 171/73/109 29/109/110 204/110/111 203/111/112
s 3
f 160/61/61 25/112/113 207/113/114 206/114/115
s 14
f 386/501/116 387/116/117 388/117/118 389/118/119
s 15
f 216/119/120 29/109/121 170/120/122 213/121/123
s 1
f 214/122/124 30/90/90 187/464/89 217/123/125
f 218/124/126 2/6/6 98/3/127 220/125/128
s 17
f 221/126/129 1/2/130 204/462/131 223/127/132
s 18
f 228/128/133 31/129/134 179/130/135 225/131/136
s 19
f 226/132/137 32/133/138 194/460/139 229/134/140
s 1
f 230/135/141 4/98/142 107/11/143 232/136/144
f 233/137/145 3/10/10 186/458/146 235/139/147
s 21
f 240/140/148 33/141/149 215/142/150 237/143/151
f 238/144/152 34/145/153 219/454/154 241/147/155
f 242/148/156 35/149/157 222/150/158 244/151/159
f 245/152/160 36/153/161 224/447/162 247/155/163
s 22
f 252/156/164 37/157/165 227/158/166 249/159/167
f 250/160/168 38/161/169 231/441/170 253/163/171
f 254/164/172 39/165/173 234/166/174 256/167/175
f 257/168/176 40/169/177 236/434/178 259/171/179
s 23
f 263/524/180 41/479/181 239/174/182 261/528/183
s off
f 262/176/184 42/177/185 243/178/186 264/527/187
s 24
f 270/511/188 58/181/189 267/182/190 266/525/191
s off
f 272/516/192 44/448/193 248/186/194 271/523/195
s 25
f 275/518/196 45/478/197 251/190/198 273/522/199
s off
f 274/192/200 46/193/201 255/194/202 276/521/203
s 26
f 282/505/204 62/197/205 279/198/206 278/519/207
s off
f 284/510/208 48/435/209 260/202/210 283/517/211
s 27
f 287/204/212 43/450/213 246/206/214 285/207/215
s off
f 286/208/216 44/448/217 272/516/218 288/209/219
s 10
f 289/210/220 52/211/221 183/212/222 290/213/223
s 28
f 291/214/224 51/215/225 265/513/226 292/217/227
s 29
f 295/218/228 47/437/229 258/220/230 293/221/231
s off
f 294/222/232 48/435/233 284/510/234 296/223/235
s 12
f 297/224/236 56/225/237 191/226/238 298/227/239
s 30
f 299/228/240 55/229/241 277/507/242 300/231/243
s 3
f 304/232/244 12/233/245 198/430/246 301/235/247
f 302/236/248 24/237/249 155/238/250 305/239/251
f 306/240/252 20/241/253 143/428/254 308/243/255
f 309/244/256 16/245/257 131/246/258 311/247/259
f 316/248/260 21/62/62 208/426/261 313/250/262
f 314/251/263 9/26/26 126/25/25 317/252/264
f 318/253/265 13/38/38 136/424/37 320/254/266
f 321/255/267 17/50/50 149/49/49 323/256/268
f 327/257/269 66/258/270 303/422/271 325/260/272
f 326/261/273 65/262/274 307/263/275 328/264/276
f 329/265/277 67/266/278 310/420/279 330/268/280
f 331/269/281 68/270/282 312/271/283 332/272/284
f 335/273/285 69/274/286 315/418/287 333/276/288
f 334/277/289 70/278/290 319/279/291 336/280/292
f 337/281/293 71/282/294 322/416/295 338/284/296
f 339/285/297 72/286/298 324/287/299 340/288/300
s off
f 344/289/301 14/480/302 129/291/303 341/292/304
s 3
f 342/293/305 15/46/306 145/414/45 345/294/307
f 346/295/308 19/471/58 151/55/309 348/296/310
f 349/297/311 18/475/54 134/410/312 351/299/313
f 355/300/314 81/301/315 343/302/316 353/303/317
f 354/304/318 82/305/319 347/406/320 356/307/321
f 357/308/322 83/309/323 350/310/324 358/311/325
f 359/312/326 84/313/327 352/403/328 360/315/329
f 363/316/330 90/74/74 205/400/331 361/318/332
f 363/316/330 25/112/113 159/319/333 364/320/334
f 365/321/335 26/322/336 163/323/337 366/324/338
f 367/325/339 27/326/340 166/327/341 368/328/342
f 371/329/343 94/330/344 195/397/345 370/332/346
f 373/333/347 95/334/348 109/335/349 372/336/350
f 375/337/351 96/338/352 105/339/353 374/340/354
f 362/341/355 89/342/356 100/343/357 376/344/358
s 1
f 98/3/3 2/6/6 99/5/5 97/4/4
s 3
f 99/5/359 96/338/352 100/343/357 97/4/360
f 100/343/357 89/342/356 101/1/361 97/4/360
s 1
f 103/7/7 3/10/10 104/9/9 102/8/362
s 3
f 104/9/363 95/334/348 105/339/353 102/8/364
f 105/339/353 96/338/352 99/5/359 102/8/364
s 1
f 107/11/11 4/98/365 108/97/366 106/12/12
s 3
f 108/97/367 94/330/344 109/335/349 106/12/368
f 109/335/349 95/334/348 104/9/363 106/12/368
f 111/15/15 6/18/18 112/17/17 110/16/16
f 112/17/17 10/30/30 113/27/27 110/16/16
f 113/27/27 9/26/26 114/13/13 110/16/16
f 116/19/19 7/22/22 117/21/21 115/20/20
f 117/21/21 11/34/34 118/31/31 115/20/20
f 118/31/31 10/30/30 112/17/17 115/20/20
f 120/23/23 8/102/102 121/101/101 119/24/24
f 121/101/101 12/233/245 122/35/35 119/24/24
f 122/35/35 11/34/34 117/21/21 119/24/24
f 113/27/27 10/30/30 124/29/29 123/28/28
f 124/29/29 14/290/369 125/39/39 123/28/28
f 125/39/39 13/38/38 126/25/25 123/28/28
f 118/31/31 11/34/34 128/33/33 127/32/32
f 128/33/33 15/477/46 129/476/370 127/32/32
f 129/476/370 14/290/369 124/29/29 127/32/32
f 122/35/35 12/233/245 131/246/258 130/36/36
f 131/246/258 16/245/257 132/47/47 130/36/36
f 132/47/47 15/477/46 128/33/33 130/36/36
f 125/39/39 14/290/369 134/408/312 133/474/40
f 134/409/312 18/54/54 135/51/51 133/40/40
f 135/51/51 17/50/50 136/37/37 133/40/40
f 138/43/43 86/345/371 139/346/372 137/473/44
f 139/404/372 87/347/373 140/348/374 137/44/44
f 140/348/374 88/349/375 141/41/41 137/44/44
f 132/47/47 16/245/257 143/242/254 142/472/48
f 143/428/254 20/241/253 144/59/59 142/48/48
f 144/59/59 19/58/58 145/412/45 142/48/48
f 135/51/51 18/54/54 147/53/53 146/52/52
f 147/53/53 22/66/66 148/63/63 146/52/52
f 148/63/63 21/62/62 149/49/49 146/52/52
f 151/470/55 19/58/58 152/57/57 150/56/56
f 152/57/57 23/70/70 153/67/67 150/56/56
f 153/67/67 22/66/66 147/53/53 150/56/56
f 144/59/59 20/241/253 155/238/250 154/60/60
f 155/238/250 24/237/249 156/71/71 154/60/60
f 156/71/71 23/70/70 152/57/57 154/60/60
f 148/63/63 22/66/66 158/65/65 157/64/64
f 158/65/65 26/322/336 159/319/333 157/64/64
f 159/319/333 25/112/113 160/61/61 157/64/64
f 153/67/67 23/70/70 162/69/69 161/68/68
f 162/69/69 27/326/340 163/323/337 161/68/68
f 163/323/337 26/322/336 158/65/65 161/68/68
f 156/71/71 24/237/249 165/350/376 164/72/72
f 165/350/376 28/351/377 166/327/341 164/72/72
f 166/327/341 27/326/340 162/69/69 164/72/72
f 168/75/75 91/78/78 169/77/77 167/76/76
s 1
f 169/77/378 30/90/90 170/120/379 167/76/380
f 170/120/379 29/109/381 171/73/382 167/76/380
s 3
f 173/79/79 92/82/82 174/81/81 172/80/80
s 1
f 174/81/383 31/129/384 175/91/91 172/80/385
f 175/91/91 30/90/90 169/77/378 172/80/386
s 3
f 177/83/83 93/352/387 178/353/388 176/84/84
s 1
f 178/353/389 32/133/390 179/130/391 176/84/392
f 179/130/391 31/129/384 174/81/383 176/84/392
s 10
f 181/87/87 50/354/393 182/355/394 180/88/88
f 182/355/394 51/215/395 183/212/222 180/88/88
f 183/212/222 52/211/221 184/85/85 180/88/88
s 1
f 175/91/91 31/129/384 186/138/146 185/469/92
f 186/458/146 3/10/10 103/7/7 185/92/92
f 103/7/7 2/6/6 187/89/89 185/92/92
s 12
f 189/95/95 54/356/396 190/357/397 188/96/96
f 190/357/397 55/229/398 191/226/238 188/96/96
f 191/226/238 56/225/237 192/93/93 188/96/96
s off
f 194/460/399 32/133/400 178/353/401 193/468/402
s 3
f 178/353/388 93/352/387 195/331/345 193/468/403
f 195/397/345 94/330/344 108/97/367 193/100/403
f 197/395/103 28/351/377 165/350/376 196/467/104
f 165/350/376 24/237/249 198/234/404 196/467/104
f 198/430/404 12/233/245 121/101/101 196/104/104
s 41
f 379/107/405 381/358/406 382/503/407 380/108/408
f 382/359/407 383/360/409 384/361/410 380/108/408
s 13
f 384/361/411 385/362/412 378/105/105 380/108/108
s off
f 204/462/413 1/2/414 101/1/415 203/466/416
s 3
f 101/1/361 89/342/356 205/317/331 203/466/417
f 205/400/331 90/74/74 171/73/73 203/111/417
f 207/398/114 5/14/14 114/13/13 206/465/115
f 114/13/13 9/26/26 208/249/418 206/465/115
f 208/426/418 21/62/62 160/61/61 206/114/115
s 42
f 388/117/419 390/363/420 391/364/421 389/118/422
f 391/364/421 392/365/423 393/366/424 389/118/422
s 14
f 393/366/425 394/367/426 386/115/116 389/118/119
s 15
f 170/120/122 30/90/427 214/122/428 213/121/123
f 214/122/428 34/145/429 215/142/430 213/121/123
f 215/142/430 33/141/431 216/119/120 213/121/123
s 1
f 187/89/89 2/6/6 218/124/126 217/463/432
f 218/124/126 35/149/433 219/146/434 217/463/432
f 219/454/435 34/145/436 214/122/124 217/123/125
f 98/3/127 1/2/437 221/126/438 220/125/128
f 221/126/438 36/153/439 222/150/440 220/125/128
f 222/150/440 35/149/441 218/124/126 220/125/128
s 43
f 204/110/442 29/109/443 216/119/444 223/461/445
f 216/119/444 33/141/446 224/154/447 223/461/445
s 17
f 224/447/448 36/153/449 221/126/129 223/127/132
s 18
f 179/130/135 32/133/450 226/132/451 225/131/136
f 226/132/451 38/161/452 227/158/453 225/131/136
f 227/158/453 37/157/454 228/128/133 225/131/136
s 44
f 194/99/455 4/98/456 230/135/457 229/459/458
f 230/135/457 39/165/459 231/162/460 229/459/458
s 19
f 231/441/461 38/161/462 226/132/137 229/134/140
s 1
f 107/11/143 3/10/10 233/137/145 232/136/144
f 233/137/145 40/169/463 234/166/464 232/136/144
f 234/166/464 39/165/465 230/135/141 232/136/144
f 186/138/146 31/129/384 228/128/466 235/457/467
f 228/128/466 37/157/468 236/170/469 235/457/467
f 236/434/470 40/169/471 233/137/145 235/139/147
s 21
f 215/142/150 34/145/153 238/144/152 237/143/151
f 238/144/152 42/456/472 239/455/473 237/143/151
f 239/455/473 41/173/474 240/140/148 237/143/151
f 219/146/154 35/149/157 242/148/156 241/453/155
f 242/148/156 43/205/475 243/451/476 241/453/155
f 243/452/476 42/456/472 238/144/152 241/147/155
f 222/150/158 36/153/161 245/152/160 244/151/159
f 245/152/160 44/185/477 246/449/478 244/151/159
f 246/449/478 43/205/475 242/148/156 244/151/159
f 224/154/162 33/141/149 240/140/148 247/446/163
f 240/140/148 41/173/474 248/444/479 247/446/163
f 248/445/479 44/185/477 245/152/160 247/155/163
s 22
f 227/158/166 38/161/169 250/160/168 249/159/167
f 250/160/168 46/443/480 251/442/481 249/159/167
f 251/442/481 45/189/482 252/156/164 249/159/167
f 231/162/170 39/165/173 254/164/172 253/440/171
f 254/164/172 47/219/483 255/438/484 253/440/171
f 255/439/484 46/443/480 250/160/168 253/163/171
f 234/166/174 40/169/177 257/168/176 256/167/175
f 257/168/176 48/201/485 258/436/486 256/167/175
f 258/436/486 47/219/483 254/164/172 256/167/175
f 236/170/178 37/157/165 252/156/164 259/433/179
f 252/156/164 45/189/482 260/431/487 259/433/179
f 260/432/487 48/201/485 257/168/176 259/171/179
s 23
f 239/174/182 42/177/488 262/176/489 261/528/183
s 45
f 262/526/490 50/354/491 181/87/492 261/175/493
f 181/87/492 49/86/494 263/172/495 261/175/493
s off
f 243/178/496 43/450/497 265/216/498 264/527/499
s 28
f 265/513/226 51/215/225 182/355/500 264/179/501
s off
f 182/355/502 50/354/503 262/526/504 264/179/505
s 24
f 267/182/190 57/368/506 268/369/507 266/525/191
s 46
f 268/514/508 59/370/509 269/371/510 266/183/511
f 269/371/510 60/372/512 270/180/513 266/183/511
s off
f 248/186/514 41/479/515 263/524/516 271/523/517
f 263/172/518 49/86/519 184/85/520 271/187/521
s 47
f 184/85/522 52/211/523 272/184/524 271/187/525
s 25
f 251/190/198 46/193/526 274/192/527 273/522/199
s 48
f 274/520/528 54/356/529 189/95/530 273/191/531
f 189/95/530 53/94/532 275/188/533 273/191/531
s off
f 255/194/534 47/437/535 277/230/536 276/521/537
s 30
f 277/507/242 55/229/241 190/357/538 276/195/539
s off
f 190/357/540 54/356/541 274/520/542 276/195/543
s 26
f 279/198/206 61/373/544 280/374/545 278/519/207
s 49
f 280/508/546 63/375/547 281/376/548 278/199/549
f 281/376/548 64/377/550 282/196/551 278/199/549
s off
f 260/202/552 45/478/553 275/518/554 283/517/555
f 275/188/556 53/94/557 192/93/558 283/203/559
s 50
f 192/93/560 56/225/561 284/200/562 283/203/563
s 27
f 246/206/214 44/448/564 286/208/565 285/207/215
s 51
f 286/208/566 57/368/567 267/182/568 285/207/569
f 267/182/568 58/181/570 287/204/571 285/207/569
s 47
f 272/184/524 52/211/523 289/210/572 288/515/573
s off
f 289/210/574 59/370/575 268/514/576 288/515/577
f 268/369/578 57/368/579 286/208/580 288/209/581
s 10
f 183/212/222 51/215/395 291/214/582 290/213/223
s 52
f 291/214/583 60/372/584 269/371/585 290/213/586
f 269/371/585 59/370/587 289/210/588 290/213/586
s off
f 265/216/589 43/450/590 287/204/591 292/512/592
f 287/204/593 58/181/594 270/511/595 292/512/596
f 270/180/597 60/372/598 291/214/599 292/217/600
s 29
f 258/220/230 48/435/601 294/222/602 293/221/231
s 53
f 294/222/603 61/373/604 279/198/605 293/221/606
f 279/198/605 62/197/607 295/218/608 293/221/606
s 50
f 284/200/562 56/225/561 297/224/609 296/509/610
s off
f 297/224/611 63/375/612 280/508/613 296/509/614
f 280/374/615 61/373/616 294/222/617 296/223/618
s 12
f 191/226/238 55/229/398 299/228/619 298/227/239
s 54
f 299/228/620 64/377/621 281/376/622 298/227/623
f 281/376/622 63/375/624 297/224/625 298/227/623
s off
f 277/230/626 47/437/627 295/218/628 300/506/629
f 295/218/630 62/197/631 282/505/632 300/506/633
f 282/196/634 64/377/635 299/228/636 300/231/637
s 3
f 198/234/246 24/237/249 302/236/248 301/429/247
f 302/236/248 65/262/274 303/259/271 301/429/247
f 303/422/271 66/258/270 304/232/244 301/235/247
f 155/238/250 20/241/253 306/240/252 305/239/251
f 306/240/252 67/266/278 307/263/275 305/239/251
f 307/263/275 65/262/274 302/236/248 305/239/251
f 143/242/254 16/245/257 309/244/256 308/427/255
f 309/244/256 68/270/282 310/267/279 308/427/255
f 310/420/279 67/266/278 306/240/252 308/243/255
f 131/246/258 12/233/245 304/232/244 311/247/259
f 304/232/244 66/258/270 312/271/283 311/247/259
f 312/271/283 68/270/282 309/244/256 311/247/259
f 208/249/261 9/26/26 314/251/263 313/425/262
f 314/251/263 70/278/290 315/275/287 313/425/262
f 315/418/287 69/274/286 316/248/260 313/250/262
f 126/25/25 13/38/38 318/253/265 317/252/264
f 318/253/265 71/282/294 319/279/291 317/252/264
f 319/279/291 70/278/290 314/251/263 317/252/264
f 136/37/37 17/50/50 321/255/267 320/423/266
f 321/255/267 72/286/298 322/283/295 320/423/266
f 322/416/295 71/282/294 318/253/265 320/254/266
f 149/49/49 21/62/62 316/248/260 323/256/268
f 316/248/260 69/274/286 324/287/299 323/256/268
f 324/287/299 72/286/298 321/255/267 323/256/268
f 303/259/271 65/262/274 326/261/273 325/421/272
f 326/261/273 73/497/638 199/498/639 325/421/272
f 199/499/639 74/500/640 327/257/269 325/260/272
f 307/263/275 67/266/278 329/265/277 328/264/276
f 329/265/277 75/495/641 200/496/642 328/264/276
f 200/496/642 73/497/638 326/261/273 328/264/276
f 310/267/279 68/270/282 331/269/281 330/419/280
f 331/269/281 76/492/643 201/493/644 330/419/280
f 201/494/644 75/495/641 329/265/277 330/268/280
f 312/271/283 66/258/270 327/257/269 332/272/284
f 327/257/269 74/500/640 202/491/645 332/272/284
f 202/491/645 76/492/643 331/269/281 332/272/284
f 315/275/287 70/278/290 334/277/289 333/417/288
f 334/277/289 78/490/646 209/488/647 333/417/288
f 209/489/647 77/482/648 335/273/285 333/276/288
f 319/279/291 71/282/294 337/281/293 336/280/292
f 337/281/293 79/487/649 210/486/650 336/280/292
f 210/486/650 78/490/646 334/277/289 336/280/292
f 322/283/295 72/286/298 339/285/297 338/415/296
f 339/285/297 80/485/651 211/483/652 338/415/296
f 211/484/652 79/487/649 337/281/293 338/284/296
f 324/287/299 69/274/286 335/273/285 340/288/300
f 335/273/285 77/482/648 212/481/653 340/288/300
f 212/481/653 80/485/651 339/285/297 340/288/300
s off
f 129/291/654 15/46/655 342/293/656 341/292/657
s 3
f 342/293/658 82/305/319 343/302/316 341/292/659
f 343/302/316 81/301/315 344/289/660 341/292/659
f 145/45/45 19/471/58 346/295/308 345/411/307
f 346/295/308 83/309/323 347/306/320 345/411/661
f 347/406/320 82/305/319 342/293/658 345/294/661
f 151/55/309 18/475/54 349/297/311 348/296/310
f 349/297/311 84/313/327 350/310/324 348/296/310
f 350/310/324 83/309/323 346/295/308 348/296/310
f 134/298/312 14/480/662 344/289/663 351/407/313
f 344/289/660 81/301/315 352/314/328 351/407/664
f 352/403/328 84/313/327 349/297/311 351/299/664
f 343/302/316 82/305/319 354/304/318 353/303/317
f 354/304/318 86/345/371 138/43/43 353/303/317
f 138/43/43 85/42/42 355/300/314 353/303/317
f 347/306/320 83/309/323 357/308/322 356/405/321
f 357/308/322 87/347/373 139/404/372 356/405/321
f 139/346/372 86/345/371 354/304/318 356/307/321
f 350/310/324 84/313/327 359/312/326 358/311/325
f 359/312/326 88/349/375 140/348/374 358/311/325
f 140/348/374 87/347/373 357/308/322 358/311/325
f 352/314/328 81/301/315 355/300/314 360/402/329
f 355/300/314 85/42/42 141/401/41 360/402/329
f 141/41/41 88/349/375 359/312/326 360/315/329
f 205/317/331 89/342/356 362/341/355 361/399/332
f 362/341/355 5/14/14 207/398/114 361/399/332
f 207/113/114 25/112/113 363/316/330 361/318/332
f 159/319/333 26/322/336 365/321/335 364/320/334
f 365/321/335 91/78/78 168/75/75 364/320/334
f 168/75/75 90/74/74 363/316/330 364/320/334
f 163/323/337 27/326/340 367/325/339 366/324/338
f 367/325/339 92/82/82 173/79/79 366/324/338
f 173/79/79 91/78/78 365/321/335 366/324/338
f 166/327/341 28/351/377 369/394/665 368/328/342
f 369/394/665 93/352/387 177/83/83 368/328/342
f 177/83/83 92/82/82 367/325/339 368/328/342
f 195/331/345 93/352/387 369/394/665 370/396/346
f 369/394/665 28/351/377 197/395/103 370/396/346
f 197/103/103 8/102/102 371/329/343 370/332/346
f 109/335/349 94/330/344 371/329/343 372/336/350
f 371/329/343 8/102/102 120/23/23 372/336/350
f 120/23/23 7/22/22 373/333/347 372/336/350
f 105/339/353 95/334/348 373/333/347 374/340/354
f 373/333/347 7/22/22 116/19/19 374/340/354
f 116/19/19 6/18/18 375/337/351 374/340/354
f 100/343/357 96/338/352 375/337/351 376/344/358
f 375/337/351 6/18/18 111/15/15 376/344/358
f 111/15/15 5/14/14 362/341/355 376/344/358
s 55
f 202/385/666 74/380/667 377/106/668 378/105/669
s off
f 74/380/670 199/379/671 379/107/672 377/106/673
f 199/379/674 73/378/675 381/358/676 379/107/677
s 56
f 73/378/678 200/504/679 382/503/680 381/358/681
f 200/382/679 75/381/682 383/360/683 382/359/680
s off
f 75/381/684 201/384/685 384/361/686 383/360/687
f 201/384/688 76/383/689 385/362/690 384/361/691
s 55
f 76/383/692 202/385/666 378/105/669 385/362/693
s 57
f 212/393/694 77/388/695 387/116/696 386/501/697
s off
f 77/388/698 209/387/699 388/117/700 387/116/701
f 209/387/702 78/386/703 390/363/704 388/117/705
s 58
f 78/386/706 210/390/707 391/364/708 390/363/709
f 210/390/707 79/389/710 392/365/711 391/364/708
s off
f 79/389/712 211/392/713 393/366/714 392/365/715
f 211/392/716 80/391/717 394/367/718 393/366/719
s 57
f 80/391/720 212/502/694 386/115/697 394/367/721
