# This file uses centimeters as units for non-parametric coordinates.

mtllib fall_frame.41.mtl
g default
v -22.719234 23.995256 -34.657749
v -10.931247 19.618233 -34.422039
v 0.937349 19.649595 -41.398540
v 9.890656 12.249635 -48.452763
v -38.962437 21.437180 -55.090809
v -27.806200 30.880745 -59.473366
v -11.057183 29.995907 -66.573463
v -0.892832 19.522833 -71.283127
v -47.992077 20.375505 -85.766670
v -35.979126 29.172939 -83.370865
v -21.545921 28.634441 -88.126839
v -13.486382 20.471460 -95.524925
v -54.943058 22.248960 -92.625938
v -40.525951 23.385983 -102.716225
v -29.597618 22.999599 -106.091034
v -13.598208 22.068434 -106.267609
v -55.318695 11.004282 -92.538048
v -43.093548 11.642591 -103.021385
v -28.587938 11.079293 -107.629333
v -14.077292 10.980125 -106.092300
v -48.035511 12.116252 -86.605774
v -37.630657 5.608512 -85.713684
v -23.197828 5.071723 -90.477730
v -13.991264 12.470824 -95.799034
v -39.699608 8.568822 -55.226727
v -28.032259 4.050994 -60.447769
v -14.010512 3.344213 -66.341881
v -1.652901 6.361508 -71.441368
v -28.184198 13.436182 -30.550758
v -15.305000 10.434742 -27.343330
v -0.925164 12.051022 -33.302158
v 5.060951 3.761244 -41.908760
v -24.922821 33.867599 -3.434217
v -18.607113 29.853949 -2.077552
v -12.394039 37.361881 -4.843506
v -18.785843 41.213715 -6.078536
v 27.034630 16.053886 -18.871864
v 30.134220 9.351480 -21.436346
v 36.788631 15.776027 -30.203920
v 33.698120 22.479509 -27.630070
v -38.844898 9.232685 -11.839737
v -31.830507 7.733118 -12.793009
v -30.511124 7.207820 -2.081620
v -37.709217 8.002713 -1.220049
v 44.694523 12.160365 7.709978
v 47.495007 5.765306 4.872532
v 56.130886 11.232080 0.972013
v 53.390202 17.616438 3.895328
v -40.311005 3.488088 -12.967893
v -31.658636 2.538118 -13.998775
v -28.354809 1.589078 0.443445
v -40.023376 2.395526 1.760244
v 46.231430 11.342796 12.867496
v 49.518116 3.696070 9.373374
v 61.871578 9.737474 3.985312
v 57.618927 19.717457 8.617267
v -36.801327 5.805177 17.111223
v -27.580976 5.306328 16.092617
v -37.014427 2.263786 16.917040
v -27.794041 1.764922 15.898450
v 68.534958 27.090067 -0.462003
v 71.870369 19.233364 -4.129300
v 70.154060 26.342918 2.611246
v 73.489471 18.486214 -1.056051
v 9.864908 8.021541 -95.646790
v 10.891509 18.841579 -96.770500
v 9.654675 6.585861 -106.020218
v 10.988233 17.758701 -107.485672
v -46.779114 13.716802 -65.727928
v -49.884918 19.799559 -73.266396
v -58.173298 23.708704 -68.546211
v -56.330166 15.159759 -63.696556
v 37.478798 7.208181 -94.732819
v 38.087807 16.959606 -94.929085
v 37.627945 7.123094 -98.499886
v 38.236923 16.874603 -98.696030
v -28.998766 35.911964 -65.357048
v -32.573193 39.616798 -73.663612
v -35.125774 41.571842 -71.693230
v -31.551350 37.867008 -63.386665
v -42.336330 24.229979 -117.680702
v -27.622738 20.007549 -118.111633
v -28.671850 5.194076 -111.526176
v -49.287426 11.542830 -110.862083
v -43.763096 15.342960 -137.198608
v -30.063131 9.613088 -136.595657
v -37.204033 -6.022645 -131.488037
v -50.263962 -0.560461 -132.062836
v -27.259949 21.037174 -38.105335
v -29.547985 8.957932 -37.018093
v -18.414501 4.206693 -40.795719
v -7.080360 4.850847 -46.292469
v 3.742618 4.870958 -51.740299
v 5.753505 16.846380 -53.433250
v -4.027718 23.229862 -48.054012
v -16.971931 23.813744 -41.531784
v -19.041733 22.431217 -37.285229
v -17.208437 22.988958 -34.488041
v -13.713727 21.809330 -38.105206
v -22.483126 23.047829 -39.557369
v -24.404697 22.047688 -36.712036
v -8.233665 22.280993 -41.138577
v -4.708212 21.330835 -37.535706
v -1.642385 21.897238 -45.184341
v -10.851437 23.822573 -44.532200
v 3.983670 18.652052 -48.856140
v 7.154090 17.191902 -46.911758
v 7.362819 14.090012 -50.700844
v 1.896853 20.775806 -51.391808
v -39.899811 25.764177 -69.122147
v -34.757717 26.641457 -56.695381
v -33.292278 29.592628 -70.857597
v -43.779072 25.597376 -81.989723
v -44.592018 21.142000 -68.099007
v -24.016365 29.475916 -72.999611
v -19.384007 31.295475 -63.007008
v -15.631854 28.881826 -77.409523
v -28.851641 27.671101 -85.880852
v -9.953588 24.550508 -80.169640
v -4.628855 25.044186 -69.487419
v -6.109537 19.868824 -82.073372
v -15.180060 24.746338 -91.265045
v -45.671509 25.900003 -92.191650
v -39.115814 27.364038 -95.710236
v -49.033176 24.134590 -99.638824
v -51.968704 23.108431 -88.830841
v -32.561504 27.159391 -97.105255
v -26.460297 26.892279 -99.871277
v -35.388290 24.297682 -107.713654
v -19.677046 25.247766 -100.438042
v -12.318577 23.207872 -100.853928
v -21.497185 23.633429 -108.356461
v -50.241383 17.946161 -101.908325
v -42.446739 17.629423 -105.354347
v -51.203693 10.970583 -100.309219
v -55.675327 16.638409 -93.027969
v -38.498821 8.264226 -140.911316
v -36.763565 12.816289 -137.080566
v -31.821432 2.541863 -136.718704
v -44.532909 -5.172954 -131.501984
v -48.409260 9.496872 -137.456970
v -22.058661 17.514149 -110.896255
v -13.888762 16.486126 -107.054939
v -20.766541 10.669635 -109.967888
v -29.674604 17.032532 -108.964073
v -47.611740 8.313848 -94.001808
v -41.376137 7.678614 -97.398758
v -44.823753 7.089304 -84.041336
v -51.669476 9.585440 -89.386337
v -34.172623 7.410901 -99.766380
v -36.533466 10.120218 -106.816208
v -26.902473 7.145899 -102.161957
v -30.414768 5.337200 -88.086128
v -19.797987 8.004074 -102.391243
v -13.298388 10.033033 -100.273415
v -16.102827 6.380732 -93.146904
v -40.504902 5.707604 -70.789940
v -33.302120 4.375136 -73.144463
v -34.909615 5.115417 -57.420841
v -45.301250 9.168833 -68.902351
v -26.190392 4.058818 -75.728249
v -18.998726 3.813596 -78.322289
v -21.083189 3.665519 -63.410255
v -11.850470 4.588125 -81.270744
v -6.678604 7.698474 -82.934959
v -6.959504 3.632309 -69.292915
v -24.081282 6.672338 -34.166237
v -25.009724 5.495036 -38.423592
v -17.237251 4.783408 -35.912014
v -23.928823 8.790866 -29.776489
v -28.471809 10.739921 -33.838356
v -11.052945 5.652656 -38.263878
v -12.471061 4.352341 -43.668194
v -5.515773 6.159257 -41.145298
v -9.527948 7.436336 -32.991482
v -0.432462 4.483402 -43.751961
v -1.292019 3.796072 -49.017235
v 3.964989 4.069272 -46.493359
v 1.056548 5.734504 -38.782459
v -35.249405 2.561284 -7.448194
v -36.309441 3.190292 -15.990925
v -29.491018 2.016815 -8.126652
v -34.184704 1.984941 1.101052
v -41.083069 3.165119 -6.765283
v -2.806648 20.320076 -34.950104
v 10.784491 18.623425 -32.050957
v -13.990843 18.987616 -19.612782
v 52.825283 10.552034 9.016214
v 46.014374 6.335148 11.918743
v 54.981644 5.573805 6.719154
v 59.745407 14.723986 6.306388
v 50.696251 15.559993 11.303602
v 6.542983 8.243925 -49.007637
v 8.099710 6.974903 -45.478344
v 5.946614 10.177431 -53.199978
v -4.345412 13.411802 -82.513794
v 0.563832 12.505445 -72.169006
v -11.653577 16.951788 -94.379997
v 37.761169 12.236459 -94.061790
v 37.480007 6.221980 -96.245193
v 37.943554 12.132407 -98.668465
v 38.224731 18.146820 -96.485146
v -27.994671 16.693617 -35.109840
v -26.967937 19.208641 -32.640881
v -29.939154 14.951204 -37.104996
v -46.787849 14.772578 -67.196991
v -41.333233 14.752430 -54.307781
v -47.598366 16.173788 -85.974037
v -30.312513 37.415150 -70.029106
v -34.058804 40.875820 -73.903290
v -33.434010 39.805931 -67.619568
v -29.687719 36.345261 -63.745377
v -24.362572 19.124819 -15.757429
v -19.490780 18.980200 -14.909058
v -22.177290 31.134377 -2.598116
v -27.365995 23.894104 -16.816898
v -14.518660 22.641808 -17.170189
v -12.642678 28.352791 -19.935091
v -14.102843 33.076904 -3.122108
v -15.174814 31.663200 -22.542221
v -20.386978 33.221210 -21.987875
v -14.122834 40.839066 -6.240715
v -24.982368 29.189730 -19.801668
v -22.623362 38.276474 -4.702492
v 13.076207 9.218918 -28.431000
v 16.855364 6.182180 -30.904356
v 27.941801 12.283378 -19.336367
v 13.033200 14.165142 -27.810919
v 20.406929 8.464680 -35.901482
v 23.204205 12.794590 -39.979080
v 34.111553 11.892938 -26.428766
v 21.375690 17.882301 -40.294170
v 19.414673 20.767979 -36.925350
v 36.388107 20.448847 -30.494549
v 15.443365 18.901249 -31.898067
v 30.051954 20.636333 -23.057007
v -27.526007 23.645344 -12.961813
v -23.569731 21.898245 -11.461672
v -35.604362 8.626928 -14.410652
v -30.717300 25.685682 -10.081679
v -21.662422 20.577597 -5.379315
v -22.072094 20.818838 1.050104
v -30.065565 7.183463 -7.904582
v -25.475882 22.076124 3.702885
v -29.112305 24.572304 2.337852
v -33.786278 7.426419 1.395908
v -31.109724 25.628275 -3.568802
v -39.493595 8.922014 -6.664825
v 35.543278 9.713156 -6.079062
v 38.430485 7.143683 -8.809401
v 44.574207 7.956705 7.021146
v 35.188400 14.341933 -5.853247
v 43.698082 9.487524 -12.138763
v 47.886345 13.954773 -14.811369
v 51.962990 7.386337 2.469762
v 47.928448 18.617329 -13.895423
v 44.679729 21.169004 -11.839063
v 57.189522 15.853559 1.528628
v 39.500561 18.930017 -8.278576
v 48.332409 15.737138 6.219049
v -36.060925 6.001083 -15.836471
v -31.453941 5.245874 -13.858264
v -40.041103 6.402351 -12.800212
v -29.296606 4.703141 -7.988776
v -28.151157 4.377087 0.594910
v -31.981979 5.152681 18.692636
v -32.132786 6.525363 16.655094
v -37.836178 5.469493 19.339363
v -32.462585 1.044619 16.354572
v -26.127783 4.835869 18.045908
v -40.815094 6.060645 -6.599603
v -39.811340 5.189563 1.912757
v 44.741096 6.865130 9.582746
v 48.238308 4.231245 7.022318
v 44.936668 11.880393 10.495322
v 53.678825 6.129121 4.312418
v 60.573112 10.308911 1.560948
v 72.056099 24.144480 -2.715398
v 69.759331 23.366295 -3.137145
v 69.938377 29.132858 -0.386957
v 72.265099 22.209988 1.619091
v 74.173820 19.156103 -5.043837
v 49.378750 16.120615 8.871990
v 56.319061 20.291346 6.187781
v -32.952549 6.990824 9.027926
v -38.124546 7.273316 9.599975
v -27.781799 6.707085 8.455624
v -38.966942 4.633599 9.529128
v -39.136681 1.831649 9.376081
v -33.288540 1.512200 8.728621
v -27.435160 1.190634 8.081106
v -27.264948 3.991593 8.233944
v 63.496674 19.599535 -0.763252
v 61.623741 24.007936 1.291514
v 65.371353 15.190396 -2.814918
v 62.601379 24.025772 3.882833
v 63.883682 23.437284 6.312167
v 66.002693 18.448126 3.986360
v 68.122681 13.456674 1.664949
v 66.840317 14.046919 -0.766945
v 0.172009 16.016760 -95.731934
v -0.639097 11.296000 -95.899529
v 10.394637 13.555275 -94.682228
v 0.782158 20.123039 -98.130669
v -1.066534 9.360086 -99.618294
v -1.223261 9.260983 -104.552437
v 9.658981 6.240424 -100.239952
v -0.572132 13.605894 -106.311066
v 0.162665 18.181973 -106.754654
v 10.356546 12.017590 -107.637749
v 0.647140 20.221565 -102.334908
v 11.069217 19.614431 -101.814171
v -47.336422 17.426533 -76.618286
v -49.137104 21.846300 -77.087341
v -46.951061 16.447031 -69.826920
v -48.280476 12.854154 -76.448540
v -53.390236 22.642284 -77.629608
v -57.986271 21.431370 -78.323921
v -53.901707 22.550356 -71.655701
v -58.306580 16.823626 -78.214966
v -57.194302 12.279332 -77.597252
v -57.857735 19.753117 -65.579346
v -52.309277 11.572864 -76.834892
v -50.836075 13.672344 -64.030373
v 19.423317 12.990177 -93.080635
v 19.157587 7.819182 -94.684631
v 19.805475 17.934917 -94.932701
v 19.223618 6.612475 -98.866425
v 19.476593 7.457649 -104.427025
v 19.860842 12.623230 -105.031097
v 20.176449 17.666121 -104.707253
v 20.045835 19.018581 -99.202034
v -40.763035 22.266502 -71.524826
v -43.729301 25.109989 -74.937576
v -40.286400 20.952602 -66.055367
v -47.083611 27.725321 -73.650230
v -50.526779 29.983166 -69.645767
v -49.359432 27.852421 -64.985878
v -47.610161 25.053169 -60.936680
v -43.146980 22.250095 -62.839642
v -34.681282 28.329523 -111.110023
v -30.093546 20.021557 -111.444832
v -34.347492 24.740870 -118.790924
v -42.115467 21.336901 -109.085045
v -28.027502 16.174028 -111.202988
v -30.934067 11.440001 -110.012489
v -25.532047 11.944794 -114.973175
v -37.492054 8.692927 -108.518082
v -42.914085 12.733705 -107.603081
v -39.107876 7.391231 -110.890503
v -44.814163 18.106569 -107.995598
v -48.307812 18.440964 -114.199692
v -34.678009 18.660511 -131.200546
v -25.927481 11.448115 -131.024231
v -45.768143 19.746273 -131.897461
v -28.021862 2.792112 -127.261421
v -32.605061 -3.387930 -122.750885
v -43.200706 -0.994392 -122.062759
v -52.261459 4.833162 -123.616005
v -50.737144 12.292550 -128.261169
v -35.731800 14.698553 -44.532875
v -33.524345 21.386261 -45.288429
v -34.409069 8.516841 -45.405811
v -29.661240 5.256608 -47.918407
v -22.893747 4.408134 -51.018078
v -16.905359 3.998735 -54.429329
v -10.451755 3.619223 -56.921543
v -3.733011 3.606821 -60.237404
v 1.615906 6.049005 -62.559193
v 3.654201 12.185294 -63.283199
v 2.503239 19.207424 -62.457352
v -1.736240 23.732300 -60.952713
v -6.789608 26.217491 -57.789078
v -15.611115 27.072081 -54.816883
v -23.490107 27.287397 -49.836651
v -29.383085 25.493359 -47.824669
v 52.033279 16.577621 -94.143585
v 52.184258 17.863585 -95.893875
v 51.693653 11.447495 -93.570755
v 51.782558 11.396780 -95.816078
v 51.372906 6.003181 -93.930885
v 51.376705 4.932334 -95.633774
v 51.540760 5.907420 -98.170517
v 51.883114 11.339408 -98.356102
v 52.201130 16.481861 -98.383217
v -20.588470 46.866814 -62.458546
v -19.798771 46.364323 -64.239113
v -21.472420 48.185101 -69.113213
v -22.958462 49.323273 -67.966110
v -23.674841 50.381809 -73.246674
v -25.328447 51.779713 -73.473679
v -26.547649 52.582108 -71.029106
v -24.714996 50.668606 -66.610214
v -22.671564 48.564617 -62.021553
vt 0.208431 0.494797
vt 0.208575 0.478116
vt 0.229443 0.475893
vt 0.229271 0.493426
vt 0.252729 0.492198
vt 0.256170 0.471571
vt 0.275357 0.475888
vt 0.275429 0.493819
vt 0.298111 0.492176
vt 0.294163 0.471736
vt 0.321331 0.475953
vt 0.321541 0.493432
vt 0.198757 0.641525
vt 0.200055 0.589825
vt 0.221664 0.590600
vt 0.219751 0.640956
vt 0.244967 0.639373
vt 0.247968 0.591507
vt 0.275466 0.591669
vt 0.275481 0.635804
vt 0.305994 0.639365
vt 0.302966 0.591494
vt 0.329276 0.590573
vt 0.331197 0.640955
vt 0.199789 0.728809
vt 0.197393 0.704590
vt 0.219517 0.692482
vt 0.227784 0.730211
vt 0.252859 0.733034
vt 0.249003 0.687406
vt 0.275511 0.688085
vt 0.275516 0.730408
vt 0.298175 0.733010
vt 0.302021 0.687396
vt 0.331536 0.692451
vt 0.323246 0.730162
vt 0.805511 0.686057
vt 0.204711 0.752714
vt 0.229559 0.760254
vt 0.782889 0.696424
vt 0.784986 0.875584
vt 0.254181 0.941082
vt 0.275435 0.940431
vt 0.742298 0.896742
vt 0.699334 0.736241
vt 0.297037 0.807427
vt 0.321459 0.760204
vt 0.696358 0.696343
vt 0.808954 0.641287
vt 0.805193 0.664541
vt 0.784300 0.671779
vt 0.785729 0.644267
vt 0.763331 0.647822
vt 0.762442 0.673765
vt 0.742276 0.741120
vt 0.739609 0.647377
vt 0.715889 0.647774
vt 0.716786 0.673709
vt 0.694936 0.671695
vt 0.693494 0.644181
vt 0.806875 0.557726
vt 0.810121 0.617205
vt 0.790367 0.607046
vt 0.787575 0.557696
vt 0.763367 0.556090
vt 0.764746 0.603486
vt 0.739627 0.603152
vt 0.739688 0.556093
vt 0.716014 0.556064
vt 0.714496 0.603455
vt 0.688836 0.606971
vt 0.691820 0.557642
vt 0.803405 0.420481
vt 0.802841 0.435733
vt 0.782960 0.432290
vt 0.783371 0.416064
vt 0.759505 0.410786
vt 0.759570 0.428509
vt 0.739756 0.426992
vt 0.739743 0.409699
vt 0.720007 0.410786
vt 0.719946 0.428500
vt 0.696571 0.432245
vt 0.696182 0.416016
vt 0.819305 0.093413
vt 0.797386 0.086157
vt 0.790779 0.072322
vt 0.822344 0.073237
vt 0.265809 0.416173
vt 0.762697 0.377789
vt 0.739788 0.389948
vt 0.275377 0.462947
vt 0.364323 0.097210
vt 0.342669 0.089884
vt 0.336664 0.075169
vt 0.367299 0.076188
vt 0.342559 0.494848
vt 0.342402 0.478170
vt 0.366070 0.480227
vt 0.366198 0.495669
vt 0.352247 0.641476
vt 0.350872 0.589816
vt 0.374237 0.588973
vt 0.374011 0.638442
vt 0.936729 0.462892
vt 0.940585 0.464321
vt 0.946953 0.476690
vt 0.936605 0.482861
vt 0.804780 0.405462
vt 0.824266 0.410023
vt 0.823186 0.423812
vt 0.805355 0.509178
vt 0.825584 0.509339
vt 0.825621 0.554997
vt 0.118742 0.522844
vt 0.058006 0.517789
vt 0.074507 0.510871
vt 0.084702 0.516921
vt 0.822269 0.350445
vt 0.784755 0.399833
vt 0.805305 0.347137
vt 0.793942 0.336256
vt 0.777469 0.322538
vt 0.236211 0.409364
vt 0.220899 0.415267
vt 0.203041 0.415110
vt 0.182178 0.419746
vt 0.685950 0.336155
vt 0.717407 0.377787
vt 0.694840 0.399772
vt 0.674409 0.347030
vt 0.657366 0.350391
vt 0.674734 0.405426
vt 0.637625 0.358046
vt 0.347747 0.415166
vt 0.329799 0.415381
vt 0.314324 0.409429
vt 0.706215 0.336018
vt 0.292514 0.404556
vt 0.870618 0.237836
vt 0.844433 0.293934
vt 0.832214 0.287148
vt 0.858351 0.228645
vt 0.844944 0.223065
vt 0.821107 0.280742
vt 0.243727 0.342391
vt 0.826584 0.212775
vt 0.214622 0.282882
vt 0.224361 0.346790
vt 0.210147 0.349538
vt 0.199596 0.284960
vt 0.184434 0.288656
vt 0.194986 0.352422
vt 0.864110 0.304875
vt 0.163133 0.290367
vt 0.634803 0.222910
vt 0.658751 0.280554
vt 0.647480 0.287052
vt 0.621343 0.228556
vt 0.609012 0.237734
vt 0.635143 0.293889
vt 0.375465 0.356065
vt 0.590820 0.249121
vt 0.366326 0.288752
vt 0.355651 0.352469
vt 0.340563 0.349608
vt 0.351134 0.285011
vt 0.336042 0.282967
vt 0.326383 0.346874
vt 0.678330 0.268182
vt 0.315081 0.275917
vt 0.789900 0.091626
vt 0.894734 0.181072
vt 0.223763 0.023658
vt 0.779683 0.072008
vt 0.205625 0.023651
vt 0.212375 0.030485
vt 0.208733 0.046428
vt 0.818124 0.043214
vt 0.919973 0.054113
vt 0.218394 0.124576
vt 0.231547 0.124829
vt 0.925982 0.076298
vt 0.853028 0.105343
vt 0.173602 0.224408
vt 0.245023 0.044913
vt 0.815784 0.102925
vt 0.335499 0.095534
vt 0.609223 0.166963
vt 0.147562 0.023794
vt 0.325939 0.074804
vt 0.129108 0.019171
vt 0.133886 0.026698
vt 0.125138 0.040618
vt 0.363323 0.044920
vt 0.461211 0.056389
vt 0.114656 0.083148
vt 0.128082 0.110700
vt 0.466974 0.079440
vt 0.396801 0.109583
vt 0.345740 0.218419
vt 0.158805 0.046562
vt 0.361009 0.107136
vt 0.212264 0.093809
vt 0.204982 0.218327
vt 0.226791 0.056935
vt 0.229179 0.093286
vt 0.246067 0.092223
vt 0.255137 0.092099
vt 0.884191 0.095549
vt 0.853655 0.095653
vt 0.854753 0.074189
vt 0.884265 0.075061
vt 0.885799 0.054616
vt 0.855335 0.052709
vt 0.203340 0.068369
vt 0.888472 0.044995
vt 0.116537 0.064410
vt 0.377147 0.224500
vt 0.136900 0.057215
vt 0.135301 0.068971
vt 0.159593 0.072808
vt 0.169578 0.075371
vt 0.426769 0.099419
vt 0.397393 0.099512
vt 0.398467 0.077209
vt 0.426850 0.078134
vt 0.428347 0.056895
vt 0.399054 0.054890
vt 0.111199 0.052142
vt 0.430928 0.046902
vt 0.398347 0.732496
vt 0.353774 0.704759
vt 0.655189 0.607952
vt 0.404645 0.715309
vt 0.625247 0.642548
vt 0.669008 0.617360
vt 0.670290 0.641156
vt 0.629866 0.657272
vt 0.633967 0.675274
vt 0.674058 0.664432
vt 0.345812 0.774768
vt 0.637449 0.692485
vt 0.387906 0.765553
vt 0.346295 0.752641
vt 0.351218 0.728717
vt 0.392980 0.747350
vt 0.854032 0.642643
vt 0.181252 0.694641
vt 0.859345 0.625630
vt 0.152631 0.732602
vt 0.157999 0.747449
vt 0.163074 0.765647
vt 0.167481 0.783084
vt 0.845329 0.675366
vt 0.849419 0.657366
vt 0.462802 0.754848
vt 0.433121 0.744888
vt 0.586158 0.633072
vt 0.469035 0.736153
vt 0.562716 0.661102
vt 0.591598 0.653084
vt 0.596668 0.669873
vt 0.567525 0.676181
vt 0.573571 0.695803
vt 0.602326 0.689166
vt 0.414557 0.801264
vt 0.575415 0.714705
vt 0.450039 0.789809
vt 0.420413 0.781867
vt 0.427222 0.762131
vt 0.457315 0.770152
vt 0.916571 0.661069
vt 0.887682 0.653104
vt 0.112049 0.724515
vt 0.922852 0.642462
vt 0.088177 0.754903
vt 0.117860 0.744959
vt 0.123753 0.762207
vt 0.093657 0.770210
vt 0.100926 0.789871
vt 0.130556 0.781946
vt 0.872833 0.708772
vt 0.104321 0.808576
vt 0.905760 0.695791
vt 0.876995 0.689207
vt 0.882631 0.669903
vt 0.911782 0.676158
vt 0.245118 0.820265
vt 0.256063 0.761423
vt 0.275458 0.816348
vt 0.275456 0.817082
vt 0.305796 0.819611
vt 0.322444 0.827635
vt 0.716707 0.746651
vt 0.742277 0.751635
vt 0.767846 0.746640
vt 0.232576 0.815700
vt 0.789238 0.746868
vt 0.242805 0.909093
vt 0.242913 0.847487
vt 0.275453 0.850080
vt 0.275444 0.899369
vt 0.308078 0.909112
vt 0.307992 0.847504
vt 0.685718 0.768892
vt 0.335635 0.923345
vt 0.710517 0.826756
vt 0.709025 0.772272
vt 0.742280 0.767854
vt 0.742288 0.823907
vt 0.774059 0.826743
vt 0.775535 0.772258
vt 0.216918 0.852154
vt 0.800161 0.835727
vt 0.803587 0.472219
vt 0.184266 0.511368
vt 0.823748 0.473030
vt 0.786007 0.508646
vt 0.783967 0.470951
vt 0.760849 0.468488
vt 0.762764 0.507838
vt 0.739729 0.507585
vt 0.739749 0.469813
vt 0.718652 0.468468
vt 0.716699 0.507812
vt 0.693463 0.508589
vt 0.695538 0.470900
vt 0.347089 0.550471
vt 0.343449 0.511536
vt 0.656251 0.437958
vt 0.370672 0.549455
vt 0.305626 0.550928
vt 0.300328 0.509969
vt 0.323635 0.511057
vt 0.326613 0.553291
vt 0.245263 0.550946
vt 0.250519 0.509979
vt 0.275426 0.509223
vt 0.275447 0.553833
vt 0.203857 0.550446
vt 0.207534 0.511493
vt 0.227207 0.511082
vt 0.224277 0.553331
vt 0.296688 0.941095
vt 0.317831 0.963343
vt 0.722395 0.859395
vt 0.742293 0.859091
vt 0.762190 0.859387
vt 0.672412 0.557619
vt 0.673996 0.509116
vt 0.676597 0.435714
vt 0.676064 0.420456
vt 0.798456 0.058765
vt 0.820876 0.052919
vt 0.343747 0.061021
vt 0.365907 0.055032
vt 0.963235 0.483911
vt 0.902883 0.489040
vt 0.909072 0.482168
vt 0.925033 0.475729
vt 0.931354 0.463643
vt 0.080884 0.498420
vt 0.084741 0.496992
vt 0.090126 0.497750
vt 0.096539 0.509638
vt 0.112499 0.516024
vt 0.245369 0.109349
vt 0.249130 0.116712
vt 0.914174 0.091435
vt 0.914507 0.075957
vt 0.915392 0.060496
vt 0.143488 0.116794
vt 0.145270 0.126440
vt 0.455609 0.095160
vt 0.455938 0.079081
vt 0.456800 0.063019
vt 0.982240 0.434188
vt 0.963585 0.427947
vt 0.946509 0.423110
vt 0.890921 0.433118
vt 0.882130 0.436526
vt 0.926679 0.423006
vt 0.909612 0.427375
vt 0.937930 0.422313
vt 0.075163 0.457134
vt 0.058225 0.461798
vt 0.039557 0.467684
vt 0.094859 0.456979
vt 0.083682 0.456346
vt 0.130564 0.466891
vt 0.111877 0.461251
vt 0.033116 0.470128
vt 0.675805 0.472192
vt 0.653419 0.509254
vt 0.655248 0.472962
vt 0.367019 0.511392
vt 0.176921 0.588998
vt 0.180547 0.549455
vt 0.822760 0.437993
vt 0.233028 0.963316
vt 0.215241 0.923308
vt 0.798841 0.768868
vt 0.699605 0.875602
vt 0.684417 0.835751
vt 0.333987 0.852188
vt 0.228471 0.827609
vt 0.254212 0.785439
vt 0.759269 0.697501
vt 0.785216 0.736222
vt 0.695315 0.746888
vt 0.719972 0.697428
vt 0.296799 0.785396
vt 0.318344 0.815723
vt 0.903939 0.714697
vt 0.136407 0.801345
vt 0.081951 0.736203
vt 0.893090 0.633076
vt 0.446638 0.808511
vt 0.606509 0.708725
vt 0.556410 0.642507
vt 0.438944 0.724452
vt 0.841861 0.692578
vt 0.205190 0.774839
vt 0.146366 0.715395
vt 0.823906 0.608060
vt 0.383498 0.782992
vt 0.673752 0.685953
vt 0.619881 0.625562
vt 0.369876 0.694574
vt 0.624476 0.158216
vt 0.327082 0.211968
vt 0.653476 0.212425
vt 0.306569 0.342322
vt 0.153133 0.050558
vt 0.361352 0.222428
vt 0.125968 0.045756
vt 0.396618 0.225899
vt 0.569871 0.190223
vt 0.388031 0.290471
vt 0.615162 0.304972
vt 0.596954 0.173816
vt 0.584932 0.180968
vt 0.909456 0.190131
vt 0.154402 0.225852
vt 0.888489 0.249012
vt 0.175675 0.355943
vt 0.241882 0.047343
vt 0.189385 0.222364
vt 0.213528 0.046751
vt 0.223402 0.212053
vt 0.855547 0.158550
vt 0.235225 0.276013
vt 0.801766 0.268578
vt 0.882733 0.173912
vt 0.870470 0.167071
vt 0.702590 0.322102
vt 0.284431 0.416033
vt 0.369025 0.419829
vt 0.654789 0.409992
vt 0.841623 0.358035
vt 0.185243 0.480200
vt 0.257695 0.404697
vt 0.773758 0.336466
vt 0.177136 0.638471
vt 0.185108 0.495641
vt 0.653403 0.554919
vt 0.655840 0.423782
vt 0.740026 0.329135
vt 0.739609 0.679991
vt 0.717946 0.727940
vt 0.321543 0.784229
vt 0.275425 0.981496
vt 0.229466 0.784279
vt 0.766602 0.727930
vt 0.275513 0.766895
vt 0.294962 0.761394
vt 0.158494 0.031032
vt 0.235614 0.029385
vt 0.253884 0.807420
vt 0.968218 0.693073
vt 0.970279 0.686813
vt 0.964692 0.720144
vt 0.041234 0.817480
vt 0.965692 0.701614
vt 0.035620 0.790589
vt 0.038855 0.799577
vt 0.026837 0.766821
vt 0.976742 0.669618
vt 0.033170 0.783659
vt 0.515345 0.790561
vt 0.512107 0.799546
vt 0.509721 0.817448
vt 0.514670 0.720260
vt 0.513647 0.701731
vt 0.511110 0.693195
vt 0.509040 0.686939
vt 0.502555 0.669755
vt 0.524137 0.766797
vt 0.517798 0.783632
vt 0.052820 0.522857
vt 0.139366 0.470253
vt 0.968347 0.489050
vt 0.988625 0.436785
vt 0.108883 0.091107
vt 0.106409 0.062482
vt 0.399209 0.044805
vt 0.459518 0.102060
vt 0.428604 0.109556
vt 0.167704 0.057128
vt 0.215342 0.132259
vt 0.203222 0.094543
vt 0.855471 0.043005
vt 0.918242 0.098075
vt 0.886101 0.105305
vt 0.255511 0.067846
vt 0.169019 0.047690
vt 0.166893 0.025823
vt 0.125973 0.120002
vt 0.337008 0.054912
vt 0.115292 0.038211
vt 0.149847 0.015689
vt 0.254586 0.043904
vt 0.241676 0.021944
vt 0.231922 0.132778
vt 0.791425 0.052872
vt 0.199112 0.046316
vt 0.223332 0.014444
vn 0.032592 0.878216 -0.477152
vn 0.032592 0.878216 -0.477152
vn 0.253537 0.958455 -0.130703
vn 0.167103 0.946000 -0.277779
vn 0.169906 0.962652 0.210793
vn 0.359396 0.933148 -0.008302
vn 0.081340 0.988896 0.124374
vn 0.025337 0.925784 0.377202
vn 0.369326 0.919072 0.137495
vn 0.189810 0.979458 -0.068074
vn 0.606798 0.771503 -0.191255
vn 0.536964 0.843229 -0.025198
vn -0.853390 0.467328 0.230931
vn -0.766841 0.522551 0.372687
vn -0.519892 0.808369 0.276139
vn -0.592941 0.788651 0.162636
vn -0.244545 0.969612 0.007145
vn -0.159467 0.973667 0.162923
vn 0.090798 0.992515 0.081667
vn -0.001547 0.993637 -0.112623
vn 0.239055 0.951932 -0.191516
vn 0.312949 0.949282 -0.030424
vn 0.615074 0.757905 -0.217403
vn 0.580965 0.756424 -0.300504
vn -0.270896 0.958933 0.084041
vn -0.546873 0.805227 0.229215
vn -0.561622 0.817376 0.128365
vn -0.345390 0.938338 -0.015080
vn -0.154949 0.972305 -0.174966
vn -0.157654 0.987005 -0.031077
vn 0.008375 0.995842 -0.090714
vn -0.028728 0.980945 -0.192153
vn 0.075259 0.966816 -0.244139
vn 0.155111 0.977669 -0.141785
vn 0.528407 0.814986 -0.237873
vn 0.277659 0.934778 -0.221576
vn -0.943277 0.028146 -0.330813
vn -0.792838 0.553989 -0.253977
vn -0.475507 0.711819 -0.516920
vn -0.614375 0.113568 -0.780798
vn -0.666255 -0.040479 -0.744625
vn -0.261517 0.613205 -0.745378
vn 0.260662 0.536714 -0.802492
vn -0.047542 -0.211229 -0.976280
vn 0.059979 0.140552 -0.988255
vn -0.047892 0.824334 -0.564074
vn 0.085226 0.704601 -0.704467
vn 0.040401 0.098761 -0.994291
vn -0.257222 -0.961619 0.095525
vn -0.814224 -0.535260 -0.224800
vn -0.579990 -0.528059 -0.620295
vn -0.267547 -0.952704 -0.144133
vn -0.172430 -0.955660 -0.238710
vn -0.377093 -0.733660 -0.565283
vn -0.171237 -0.892734 -0.416777
vn -0.117299 -0.960835 -0.251072
vn -0.024878 -0.955790 -0.292994
vn -0.053478 -0.764388 -0.642535
vn 0.129827 -0.566095 -0.814053
vn 0.181199 -0.943141 -0.278661
vn -0.837773 -0.515455 0.180116
vn -0.513079 -0.835410 0.197080
vn -0.443309 -0.896214 0.016663
vn -0.402858 -0.913210 0.061264
vn -0.121172 -0.992434 -0.019780
vn -0.135438 -0.987176 -0.084501
vn -0.075047 -0.990816 -0.112481
vn -0.057384 -0.997337 -0.045007
vn 0.002591 -0.996728 -0.080790
vn 0.005962 -0.989399 -0.145098
vn 0.333902 -0.900401 -0.278904
vn 0.266333 -0.935321 -0.232899
vn -0.786266 -0.359751 0.502359
vn -0.697660 -0.549461 0.459742
vn -0.285172 -0.937306 0.200336
vn -0.332765 -0.885558 0.324122
vn -0.013327 -0.982546 0.185544
vn -0.047302 -0.995355 0.083851
vn 0.058552 -0.995275 0.077450
vn 0.161106 -0.973481 0.162419
vn 0.047922 -0.978159 0.202258
vn 0.001478 -0.993814 0.111053
vn 0.045737 -0.998388 0.033624
vn -0.072085 -0.987382 0.140999
vn -0.101743 -0.992701 -0.064760
vn -0.114179 -0.991537 -0.061785
vn -0.110700 -0.992129 -0.058537
vn -0.098761 -0.993439 -0.057661
vn 0.792682 -0.324525 0.516079
vn 0.568286 -0.559516 0.603318
vn 0.481601 -0.620389 0.619013
vn 0.287670 0.593836 0.751402
vn 0.466837 -0.195921 0.862368
vn 0.478852 -0.185817 0.858005
vn 0.479813 -0.186552 0.857309
vn 0.468849 -0.195413 0.861391
vn 0.616588 -0.423351 -0.663772
vn 0.616588 -0.423351 -0.663772
vn 0.616588 -0.423351 -0.663772
vn 0.616588 -0.423351 -0.663772
vn 0.793636 0.466279 -0.390800
vn 0.830854 0.441735 -0.338456
vn 0.918946 -0.048027 -0.391447
vn 0.877935 -0.039306 -0.477163
vn 0.997273 -0.061457 0.040871
vn 0.997272 -0.061456 0.040873
vn 0.997273 -0.061456 0.040873
vn 0.997273 -0.061457 0.040871
vn -0.983533 0.163880 0.076204
vn -0.983533 0.163880 0.076205
vn -0.983533 0.163880 0.076205
vn -0.983533 0.163880 0.076204
vn -0.728431 -0.599436 0.331759
vn -0.901350 0.043033 0.430949
vn -0.967083 0.023810 0.253345
vn 0.638764 0.766481 0.066992
vn 0.638765 0.766480 0.066992
vn 0.638765 0.766480 0.066992
vn 0.638764 0.766481 0.066992
vn -0.754406 -0.475644 0.452365
vn -0.763389 -0.511836 0.394032
vn -0.404496 -0.740115 0.537227
vn -0.466239 -0.686724 0.557702
vn 0.595603 -0.608126 0.524824
vn 0.598028 -0.610182 0.519654
vn 0.982981 0.164081 -0.082621
vn 0.421121 0.736276 -0.529674
vn 0.472424 0.735123 -0.486219
vn -0.708876 0.637542 -0.301721
vn -0.740881 0.590807 -0.319441
vn -0.740881 0.590807 -0.319441
vn -0.714476 0.629780 -0.304799
vn -0.444646 -0.334224 0.831014
vn -0.373157 -0.492838 0.786044
vn -0.296460 -0.709318 0.639515
vn -0.345840 -0.607402 0.715163
vn 0.364160 -0.903940 -0.224232
vn 0.378673 -0.883559 -0.275556
vn 0.378673 -0.883559 -0.275556
vn 0.363862 -0.904312 -0.223214
vn 0.512997 0.172773 -0.840823
vn 0.446942 0.306158 -0.840541
vn 0.236340 0.744814 -0.624016
vn 0.353252 0.595122 -0.721833
vn -0.008547 0.984563 -0.174823
vn -0.178185 0.802285 0.569728
vn -0.165032 0.962846 0.213758
vn -0.637907 0.574468 -0.512895
vn -0.262349 0.746529 -0.611448
vn 0.349427 0.609944 -0.711245
vn 0.042253 0.333623 -0.941759
vn 0.671909 -0.047180 -0.739129
vn 0.531482 0.353550 -0.769759
vn 0.892755 -0.439818 0.097717
vn 0.874673 -0.453598 -0.170869
vn 0.724154 -0.327522 0.606902
vn 0.411632 0.154857 0.898097
vn 0.169335 0.351140 0.920884
vn 0.116651 0.076137 0.990250
vn -0.496373 0.400968 0.769960
vn -0.039446 0.471900 0.880769
vn -0.621610 0.577008 0.529777
vn -0.851137 0.475597 0.222203
vn -0.723155 0.437768 0.534234
vn -0.704614 0.507123 0.496332
vn -0.781065 -0.492378 0.384060
vn -0.754174 -0.509063 0.414821
vn -0.100317 -0.991533 -0.082458
vn -0.069857 -0.987904 -0.138442
vn 0.392695 -0.828497 -0.399228
vn 0.382350 -0.849091 -0.364489
vn 0.731918 -0.431539 -0.527324
vn 0.742190 -0.347443 -0.573094
vn 0.721767 0.520344 -0.456392
vn 0.759071 0.510779 -0.403629
vn 0.104815 0.991047 0.082708
vn 0.142181 0.989827 -0.005154
vn -0.343561 0.884179 0.316535
vn -0.362083 0.856765 0.367220
vn -0.499679 0.469678 -0.727821
vn -0.499679 0.469678 -0.727821
vn -0.083882 0.489675 -0.867861
vn -0.050541 0.487258 -0.871794
vn 0.910665 0.280242 -0.303567
vn 0.910666 0.280242 -0.303567
vn 0.910666 0.280242 -0.303567
vn 0.910666 0.280242 -0.303567
vn 0.176644 0.918685 0.353292
vn 0.176644 0.918685 0.353292
vn 0.090395 0.926910 0.364233
vn 0.090394 0.926910 0.364234
vn -0.770420 0.594538 0.230168
vn -0.770420 0.594538 0.230168
vn -0.770420 0.594538 0.230168
vn -0.770420 0.594538 0.230168
vn -0.996484 0.020011 0.081363
vn -0.996484 0.020011 0.081363
vn -0.929657 -0.357796 -0.087863
vn -0.929065 -0.359172 -0.088506
vn -0.003492 -0.820567 -0.571540
vn -0.003492 -0.820567 -0.571540
vn -0.003492 -0.820567 -0.571540
vn -0.003492 -0.820567 -0.571540
vn -0.144190 0.278802 -0.949462
vn -0.144190 0.278802 -0.949462
vn -0.176188 0.353944 -0.918521
vn -0.176188 0.353944 -0.918521
vn -0.491069 0.860238 -0.137268
vn -0.491069 0.860238 -0.137268
vn -0.491069 0.860238 -0.137268
vn -0.491069 0.860238 -0.137268
vn 0.076674 0.996395 0.036312
vn 0.076674 0.996395 0.036312
vn 0.078457 0.995731 0.048626
vn 0.078456 0.995731 0.048619
vn -0.865377 0.498108 0.054867
vn -0.865377 0.498108 0.054867
vn -0.865377 0.498108 0.054867
vn -0.865377 0.498108 0.054867
vn -0.068878 -0.995839 -0.059666
vn -0.082270 -0.994593 -0.063371
vn -0.079557 -0.995274 -0.055682
vn -0.067764 -0.996224 -0.054270
vn 0.990950 -0.059744 -0.120206
vn 0.989848 -0.062415 -0.127690
vn 0.989870 -0.062365 -0.127549
vn 0.990950 -0.059744 -0.120206
vn -0.444917 0.211167 -0.870320
vn -0.444917 0.211167 -0.870320
vn -0.444139 0.213485 -0.870152
vn -0.444139 0.213486 -0.870152
vn -0.571149 0.820835 0.004278
vn -0.571149 0.820835 0.004278
vn -0.571149 0.820835 0.004278
vn -0.571149 0.820835 0.004278
vn 0.447483 -0.213102 0.868531
vn 0.453585 -0.207467 0.866728
vn 0.454681 -0.207221 0.866213
vn 0.448085 -0.213000 0.868246
vn 0.358468 -0.846760 -0.393062
vn 0.358199 -0.847483 -0.391747
vn 0.358197 -0.847489 -0.391736
vn 0.358468 -0.846760 -0.393062
vn 0.109402 0.812007 0.573302
vn 0.617898 0.783791 0.062240
vn 0.103612 0.131472 0.985890
vn 0.024534 0.164093 0.986140
vn -0.096777 -0.547687 0.831067
vn 0.639214 -0.768808 -0.018467
vn 0.156870 -0.986469 0.047653
vn -0.170071 -0.964919 0.200018
vn -0.146277 -0.794741 -0.589059
vn 0.198838 -0.695088 -0.690881
vn 0.205195 -0.029335 -0.978281
vn -0.048869 -0.142603 -0.988573
vn 0.058322 0.548107 -0.834372
vn 0.249189 0.657662 -0.710905
vn 0.282284 0.957611 -0.057413
vn 0.138494 0.984886 -0.104019
vn 0.677797 -0.732872 0.059083
vn 0.999859 0.010023 0.013459
vn 0.993874 0.108198 0.022523
vn 0.679300 0.729342 0.081318
vn 0.075274 0.997153 0.004385
vn -0.856563 0.505253 -0.104970
vn -0.994306 -0.082897 -0.066965
vn -0.743616 -0.665730 0.061960
vn -0.028190 -0.989457 0.142056
vn -0.008385 0.626602 0.779294
vn -0.018856 0.774490 0.632305
vn -0.107085 0.109286 0.988225
vn -0.033156 0.036369 0.998788
vn -0.045892 -0.570248 0.820189
vn -0.153166 -0.619846 0.769630
vn -0.122381 -0.984993 0.121706
vn 0.011280 -0.998596 0.051757
vn 0.225915 -0.628876 -0.743960
vn -0.058290 -0.781025 -0.621774
vn 0.047229 -0.141980 -0.988742
vn 0.297082 -0.062836 -0.952782
vn 0.270772 0.539784 -0.797067
vn 0.104127 0.551485 -0.827661
vn 0.075223 0.988677 -0.129846
vn 0.080845 0.995963 -0.039013
vn 0.763994 -0.635629 0.110855
vn 0.533441 -0.795206 0.288250
vn 0.794514 -0.467678 -0.387330
vn 0.651443 -0.534852 -0.538104
vn 0.265019 -0.250441 -0.931152
vn 0.458024 0.205404 -0.864883
vn -0.289319 0.732437 -0.616304
vn -0.396869 0.341436 -0.852007
vn -0.636260 0.771453 -0.005808
vn -0.838395 0.532617 0.115816
vn -0.877525 0.163527 0.450788
vn -0.488744 0.635741 0.597464
vn -0.221247 0.241763 0.944776
vn -0.582117 -0.498630 0.642268
vn 0.061713 -0.769274 0.635931
vn 0.328748 -0.323024 0.887457
vn -0.429939 0.876439 0.216810
vn -0.429939 0.876439 0.216810
vn -0.429939 0.876439 0.216810
vn -0.429939 0.876439 0.216810
vn 0.981355 0.183909 0.055861
vn 0.981355 0.183909 0.055861
vn 0.999301 -0.007445 -0.036647
vn 0.576267 -0.422458 0.699604
vn -0.081877 -0.993681 0.076777
vn -0.089014 -0.725962 0.681950
vn -0.647488 -0.419435 0.636266
vn -0.704725 0.208916 -0.678024
vn -0.926801 0.216615 0.306787
vn -0.463135 0.806748 -0.366965
vn -0.453229 0.876795 -0.160669
vn 0.277107 0.914815 -0.293812
vn 0.328172 0.813051 -0.480885
vn 0.905432 0.261313 -0.334529
vn 0.847119 0.500889 -0.177485
vn 0.978025 -0.143013 0.151706
vn 0.914835 -0.391061 -0.100740
vn 0.392123 -0.857307 0.333564
vn 0.476215 -0.698120 0.534647
vn -0.245994 -0.723495 0.645013
vn -0.315402 -0.786884 0.530411
vn -0.893570 -0.354813 0.275028
vn -0.800557 -0.314964 0.509810
vn -0.870329 0.476878 0.122939
vn -0.929391 0.343194 -0.135830
vn -0.704418 -0.572097 0.420120
vn -0.802400 0.141749 0.579708
vn -0.839845 0.079362 0.536994
vn -0.313343 -0.940451 0.131786
vn -0.280441 -0.945658 0.164571
vn -0.070974 -0.996069 0.053000
vn -0.091654 -0.995110 0.036832
vn -0.042772 -0.998978 0.014645
vn -0.012170 -0.998936 0.044482
vn -0.007849 -0.998761 0.049152
vn -0.002936 -0.999867 -0.016058
vn 0.198320 -0.972673 -0.120733
vn 0.150277 -0.987847 -0.039696
vn 0.869893 0.441061 -0.220800
vn 0.902988 0.398328 -0.161084
vn 0.942092 -0.195269 -0.272639
vn 0.950187 -0.081426 -0.300857
vn 0.353173 0.917795 0.181442
vn 0.304368 0.932521 0.194330
vn 0.588700 0.806657 0.052310
vn 0.614700 0.788302 -0.026890
vn 0.000688 0.940559 0.339631
vn 0.086181 0.946141 0.312075
vn 0.172126 0.950634 0.258201
vn 0.186605 0.939429 0.287491
vn -0.668695 0.554635 0.495203
vn -0.557449 0.633635 0.536430
vn -0.161290 0.907027 0.388956
vn -0.346205 0.846493 0.404466
vn 0.126824 0.927701 0.351122
vn 0.036018 0.945421 0.323854
vn -0.364612 0.865311 0.343941
vn 0.275990 0.944053 0.180536
vn 0.369183 0.908490 0.195833
vn 0.184264 0.934932 0.303230
vn 0.671316 0.591205 -0.447002
vn 0.671316 0.591205 -0.447002
vn 0.956414 0.124872 -0.263970
vn 0.663279 0.743440 0.085783
vn -0.249933 0.834341 -0.491334
vn -0.078835 0.932188 -0.353285
vn 0.679083 0.186691 -0.709924
vn 0.481633 -0.520428 -0.705113
vn 0.200879 -0.911506 -0.358894
vn -0.344991 -0.863419 -0.368089
vn -0.745435 -0.524376 -0.411530
vn 0.684287 -0.578116 -0.444448
vn 0.670977 -0.670548 -0.316471
vn 0.053993 -0.875136 0.480856
vn -0.227715 -0.825637 0.516207
vn -0.186732 -0.834566 0.518296
vn -0.651986 -0.624977 0.429322
vn -0.651986 -0.624977 0.429322
vn 0.118341 -0.883675 0.452896
vn -0.100101 -0.026162 0.994633
vn 0.386068 -0.863257 0.325175
vn 0.137689 -0.886484 0.441801
vn 0.584580 -0.793030 -0.171378
vn 0.324299 -0.941961 -0.086831
vn -0.176265 -0.973781 0.143811
vn -0.176265 -0.973781 0.143811
vn -0.240425 -0.843678 0.480004
vn -0.225213 -0.893107 0.389409
vn -0.107152 -0.992708 -0.055226
vn -0.094119 -0.994290 -0.050286
vn -0.076866 -0.995881 -0.048081
vn 0.480789 -0.187298 0.856599
vn 0.469382 -0.196091 0.860946
vn 0.455764 -0.206983 0.865700
vn 0.595339 -0.729638 -0.336451
vn 0.595339 -0.729638 -0.336451
vn 0.595339 -0.729638 -0.336451
vn 0.595339 -0.729638 -0.336451
vn 0.871554 -0.414384 -0.262067
vn 0.854485 0.020053 -0.519089
vn 0.997272 -0.061458 0.040874
vn 0.997272 -0.061458 0.040874
vn 0.997273 -0.061458 0.040872
vn 0.997272 -0.061458 0.040872
vn 0.997273 -0.061459 0.040870
vn 0.997273 -0.061459 0.040870
vn 0.997273 -0.061457 0.040870
vn 0.997273 -0.061457 0.040870
vn -0.803898 0.586818 -0.096921
vn -0.803898 0.586818 -0.096921
vn -0.803898 0.586818 -0.096921
vn -0.803898 0.586818 -0.096921
vn -0.767986 0.347766 0.537825
vn -0.994633 0.026746 0.099946
vn 0.638765 0.766480 0.066992
vn 0.638765 0.766480 0.066992
vn 0.638764 0.766481 0.066991
vn 0.638764 0.766481 0.066991
vn 0.638763 0.766482 0.066990
vn 0.638763 0.766482 0.066990
vn 0.638763 0.766481 0.066992
vn 0.638763 0.766481 0.066992
vn -0.048940 -0.817010 0.574543
vn -0.121217 -0.781740 0.611710
vn -0.227858 -0.717305 0.658448
vn -0.538890 -0.593905 0.597389
vn -0.744468 -0.444622 0.498074
vn 0.961482 -0.193559 0.195162
vn 0.949874 -0.269621 0.158252
vn 0.949874 -0.269621 0.158252
vn 0.620377 -0.628930 0.468594
vn 0.620377 -0.628930 0.468594
vn 0.165843 0.783346 -0.599053
vn 0.149489 0.833944 -0.531216
vn 0.135750 0.869622 -0.474689
vn 0.528309 0.734440 -0.426014
vn 0.879318 0.395385 -0.265463
vn -0.958825 0.264841 -0.102539
vn -0.958825 0.264841 -0.102539
vn -0.941085 0.321269 -0.105575
vn -0.936867 0.333178 -0.106175
vn -0.913110 0.392884 -0.108965
vn -0.913110 0.392884 -0.108965
vn -0.679287 0.676021 -0.285595
vn -0.679287 0.676021 -0.285595
vn -0.211192 -0.855841 0.472160
vn -0.234219 -0.795873 0.558327
vn -0.252412 -0.734868 0.629489
vn -0.394143 -0.488816 0.778274
vn -0.503002 -0.160499 0.849252
vn 0.468248 -0.657275 -0.590536
vn 0.468248 -0.657275 -0.590536
vn 0.481471 -0.710230 -0.513575
vn 0.480471 -0.705786 -0.520591
vn 0.489401 -0.750631 -0.443892
vn 0.489401 -0.750631 -0.443892
vn 0.350727 -0.919113 -0.179505
vn 0.350727 -0.919113 -0.179505
vn 0.207359 0.837390 -0.505747
vn 0.436587 0.485717 -0.757278
vn 0.553332 0.074884 -0.829588
vn -0.385170 0.675773 0.628471
vn -0.397485 0.691098 0.603647
vn -0.426702 0.726583 0.538519
vn -0.426702 0.726583 0.538519
vn -0.230704 0.955077 0.186021
vn -0.230704 0.955077 0.186021
vn 0.638152 -0.301325 -0.708495
vn -0.196314 0.189205 -0.962114
vn -0.811319 0.447945 -0.375641
vn 0.757473 -0.536746 0.371670
vn 0.849992 -0.500787 -0.163482
vn -0.773303 0.290491 0.563576
vn -0.058939 -0.167822 0.984054
vn -0.896174 0.422375 0.135913
vn -0.073650 -0.995424 -0.060883
vn -0.734959 -0.512311 0.444265
vn -0.701359 0.441439 0.559667
vn 0.745657 -0.456615 -0.485282
vn 0.397914 -0.850988 -0.342760
vn 0.110689 0.982873 0.147336
vn 0.791083 0.504800 -0.345493
vn -0.348593 0.848315 0.398552
vn 0.426809 0.390679 -0.815601
vn 0.426809 0.390679 -0.815601
vn 0.396216 0.016528 -0.918009
vn 0.396216 0.016528 -0.918009
vn -0.114264 0.066556 -0.991218
vn -0.139278 0.068614 -0.987873
vn -0.596187 0.098816 -0.796741
vn -0.596187 0.098816 -0.796741
vn 0.867867 0.495779 -0.031780
vn 0.867867 0.495779 -0.031780
vn 0.867867 0.495779 -0.031780
vn 0.867867 0.495779 -0.031780
vn 0.988810 -0.064799 -0.134371
vn 0.988810 -0.064798 -0.134371
vn 0.935622 -0.051200 -0.349270
vn 0.935622 -0.051200 -0.349271
vn 0.935622 -0.051200 -0.349271
vn 0.935622 -0.051200 -0.349271
vn 0.003454 0.928067 0.372397
vn 0.003454 0.928067 0.372397
vn 0.016991 -0.544871 0.838348
vn 0.016991 -0.544871 0.838348
vn 0.062507 -0.547909 0.834200
vn 0.062507 -0.547909 0.834200
vn 0.107893 -0.549797 0.828301
vn 0.107893 -0.549797 0.828301
vn -0.905571 0.414650 -0.089476
vn -0.905571 0.414650 -0.089476
vn -0.905571 0.414650 -0.089476
vn -0.905571 0.414650 -0.089476
vn -0.988152 0.098248 -0.117908
vn -0.988152 0.098248 -0.117908
vn -0.988152 0.098248 -0.117908
vn -0.988152 0.098248 -0.117908
vn -0.988946 0.076327 0.127120
vn -0.990065 0.069191 0.122412
vn -0.990034 0.069393 0.122545
vn -0.988946 0.076327 0.127120
vn -0.691125 -0.679818 -0.245342
vn -0.691125 -0.679818 -0.245342
vn -0.546217 -0.830550 0.108783
vn -0.546217 -0.830550 0.108783
vn -0.805169 -0.495111 0.326447
vn -0.806110 -0.492905 0.327463
vn -0.881567 -0.050862 0.469312
vn -0.881567 -0.050862 0.469312
vn 0.112309 -0.581443 -0.805798
vn 0.112308 -0.581443 -0.805798
vn 0.112308 -0.581443 -0.805798
vn 0.112308 -0.581443 -0.805798
vn 0.357954 -0.848139 -0.390549
vn 0.357954 -0.848139 -0.390549
vn 0.172427 -0.935617 -0.308041
vn 0.172427 -0.935617 -0.308041
vn 0.172427 -0.935617 -0.308041
vn 0.172427 -0.935617 -0.308041
vn -0.206843 0.426386 -0.880574
vn -0.206843 0.426386 -0.880574
vn 0.915859 0.359574 0.178630
vn 0.915859 0.359574 0.178630
vn 0.933279 0.321185 0.160722
vn 0.933279 0.321185 0.160722
vn 0.948740 0.282122 0.142477
vn 0.948740 0.282122 0.142477
vn -0.659399 0.738226 0.142180
vn -0.659399 0.738226 0.142180
vn -0.659399 0.738226 0.142180
vn -0.659399 0.738226 0.142180
vn -0.524696 0.722341 0.450464
vn -0.524696 0.722341 0.450464
vn -0.524696 0.722341 0.450464
vn -0.524696 0.722341 0.450464
vn -0.358079 0.848010 0.390714
vn -0.358318 0.847381 0.391859
vn -0.358314 0.847391 0.391841
vn -0.358079 0.848010 0.390714
vn 0.080236 0.994908 0.060995
vn 0.080236 0.994908 0.060995
vn -0.030401 0.990933 0.130874
vn -0.030401 0.990933 0.130874
vn 0.067264 0.990437 0.120457
vn 0.067234 0.990439 0.120460
vn 0.164243 0.980392 0.108883
vn 0.164243 0.980392 0.108883
vn -0.991225 0.061228 0.117151
vn -0.991225 0.061228 0.117151
vn -0.962819 -0.187759 0.194232
vn -0.962819 -0.187759 0.194232
vn -0.962819 -0.187759 0.194232
vn -0.962819 -0.187759 0.194232
vn -0.791434 0.596410 0.133894
vn -0.791434 0.596410 0.133894
vn -0.791434 0.596410 0.133894
vn -0.791434 0.596410 0.133894
vn -0.066664 -0.996574 -0.048945
vn 0.038469 -0.999243 0.005741
vn 0.038469 -0.999243 0.005741
vn -0.052593 -0.998493 0.015707
vn -0.052715 -0.998486 0.015721
vn -0.143393 -0.989336 0.025561
vn -0.143393 -0.989336 0.025561
vn 0.903425 0.397646 -0.160316
vn 0.903425 0.397646 -0.160316
vn 0.903425 0.397646 -0.160316
vn 0.903425 0.397646 -0.160316
vn 0.861381 0.505500 -0.049929
vn 0.861381 0.505500 -0.049929
vn 0.861381 0.505500 -0.049929
vn 0.861381 0.505500 -0.049929
vn 0.956311 -0.291749 -0.018742
vn 0.956311 -0.291749 -0.018742
vn 0.956311 -0.291749 -0.018742
vn 0.956311 -0.291749 -0.018742
vn -0.443360 0.215795 -0.869979
vn -0.443360 0.215795 -0.869979
vn -0.432336 0.324630 -0.841249
vn -0.432336 0.324630 -0.841249
vn -0.399251 0.242611 -0.884160
vn -0.399252 0.242614 -0.884159
vn -0.362308 0.158249 -0.918526
vn -0.362308 0.158249 -0.918526
vn -0.358580 0.846687 0.393117
vn -0.358580 0.846687 0.393117
vn -0.157930 0.818168 0.552865
vn -0.157930 0.818168 0.552865
vn -0.157930 0.818168 0.552865
vn -0.157930 0.818168 0.552865
vn -0.540899 0.826542 -0.155747
vn -0.540899 0.826542 -0.155747
vn -0.540898 0.826542 -0.155747
vn -0.540898 0.826542 -0.155747
vn 0.448687 -0.212899 0.867960
vn 0.541470 -0.252044 0.802050
vn 0.541470 -0.252044 0.802050
vn 0.510533 -0.175587 0.841739
vn 0.510529 -0.175577 0.841744
vn 0.475306 -0.097633 0.874387
vn 0.475306 -0.097633 0.874387
vn 0.069883 -0.703069 -0.707679
vn 0.069883 -0.703069 -0.707679
vn 0.069883 -0.703069 -0.707679
vn 0.069883 -0.703069 -0.707679
vn 0.056042 -0.580830 -0.812093
vn 0.056042 -0.580830 -0.812093
vn 0.056042 -0.580830 -0.812094
vn 0.056042 -0.580830 -0.812093
vn 0.536492 -0.817257 -0.210398
vn 0.536492 -0.817258 -0.210398
vn 0.536492 -0.817258 -0.210398
vn 0.536492 -0.817257 -0.210398
vn -0.007295 -0.540666 0.841206
vn 0.029640 0.023989 0.999273
vn 0.034634 0.585898 0.809645
vn 0.230002 -0.616871 -0.752708
vn -0.006694 -0.998714 0.050261
vn 0.274607 0.558396 -0.782806
vn 0.321427 -0.042824 -0.945966
vn 0.078373 0.996921 -0.002598
vn 0.359087 -0.193822 -0.912956
vn 0.715351 -0.473623 -0.513764
vn 0.802774 -0.594430 0.046983
vn -0.613752 0.786352 -0.070422
vn -0.356455 0.378491 -0.854216
vn -0.155647 0.372226 0.914998
vn -0.458747 0.709966 0.534322
vn 0.427943 -0.328532 0.841981
vn 0.668496 0.736295 0.104800
vn 0.668496 0.736295 0.104800
vn 0.668496 0.736295 0.104800
vn 0.668496 0.736295 0.104800
vn 0.815094 0.573692 0.080626
vn 0.051226 0.997915 -0.039267
vn -0.542382 0.825482 0.156210
vn 0.856820 0.236226 0.458320
vn -0.865785 0.391276 0.311962
vn -0.865785 0.391276 0.311962
vn -0.689407 0.480611 0.541969
vn 0.682849 -0.693291 -0.230358
vn 0.019493 0.999582 -0.021376
vn -0.010423 0.801156 0.598364
vn -0.010423 0.801156 0.598364
vn 0.019529 0.999563 -0.022216
vn -0.039078 0.147097 0.988350
vn -0.039078 0.147097 0.988350
vn -0.039078 0.147097 0.988350
vn -0.039078 0.147097 0.988350
vn -0.052985 -0.094829 0.994083
vn -0.052985 -0.094829 0.994083
vn -0.052985 -0.094829 0.994083
vn -0.052985 -0.094829 0.994083
vn -0.102480 -0.837995 0.535969
vn -0.094521 -0.995346 0.018765
vn -0.094519 -0.995347 0.018729
vn -0.102480 -0.837995 0.535969
vn -0.071093 -0.927221 -0.367705
vn -0.071093 -0.927221 -0.367705
vn 0.020484 -0.035182 -0.999171
vn 0.020484 -0.035182 -0.999171
vn 0.020484 -0.035182 -0.999171
vn 0.020484 -0.035182 -0.999171
vn 0.022106 -0.006898 -0.999732
vn 0.022106 -0.006898 -0.999732
vn 0.022106 -0.006898 -0.999732
vn 0.022106 -0.006898 -0.999732
vn 0.036970 0.870280 -0.491167
vn 0.036970 0.870280 -0.491167
vn 0.344942 -0.403700 0.847373
vn 0.646096 -0.615460 0.451409
vn 0.646096 -0.615460 0.451409
vn 0.344917 -0.403681 0.847392
vn 0.711207 -0.564400 -0.419090
vn 0.711207 -0.564400 -0.419090
vn 0.711207 -0.564400 -0.419090
vn 0.711207 -0.564400 -0.419090
vn 0.621218 -0.473033 -0.624762
vn 0.621218 -0.473033 -0.624762
vn 0.621218 -0.473033 -0.624762
vn 0.621218 -0.473033 -0.624762
vn 0.106882 -0.048154 -0.993105
vn -0.392518 0.345689 -0.852308
vn -0.393091 0.346130 -0.851865
vn 0.106882 -0.048154 -0.993105
vn -0.665346 0.550668 -0.504062
vn -0.665346 0.550668 -0.504062
vn -0.693789 0.509724 0.508762
vn -0.693789 0.509724 0.508762
vn -0.693789 0.509724 0.508762
vn -0.693789 0.509724 0.508762
vn -0.683342 0.499100 0.532862
vn -0.683342 0.499100 0.532862
vn -0.683342 0.499100 0.532862
vn -0.683342 0.499100 0.532862
vn 0.057949 -0.172004 0.983391
vn 0.057949 -0.172004 0.983391
s 1
g pCube1
usemtl pCube1SG
f 101/1/1 1/2/2 98/3/3 97/4/4
f 99/5/5 2/6/6 103/7/7 102/8/8
f 104/9/9 3/10/10 107/11/11 106/12/12
s 3
f 114/13/13 5/14/14 111/15/15 110/16/16
f 112/17/17 6/18/18 116/19/19 115/20/20
f 117/21/21 7/22/22 120/23/23 119/24/24
f 126/25/25 9/26/26 113/27/27 123/28/28
f 124/29/29 10/30/30 118/31/31 127/32/32
f 128/33/33 11/34/34 122/35/35 130/36/36
f 136/424/37 13/38/38 125/39/39 133/474/40
f 141/401/41 85/42/42 138/43/43 137/473/44
f 145/413/45 15/477/46 132/47/47 142/472/48
f 149/49/49 17/50/50 135/51/51 146/52/52
f 147/53/53 18/54/54 151/470/55 150/56/56
f 152/57/57 19/58/58 144/59/59 154/60/60
f 160/61/61 21/62/62 148/63/63 157/64/64
f 158/65/65 22/66/66 153/67/67 161/68/68
f 162/69/69 23/70/70 156/71/71 164/72/72
f 171/73/73 90/74/74 168/75/75 167/76/76
f 169/77/77 91/78/78 173/79/79 172/80/80
f 174/81/81 92/82/82 177/83/83 176/84/84
s 10
f 184/85/85 49/86/86 181/87/87 180/88/88
s 1
f 187/464/89 30/90/90 175/91/91 185/469/92
s 12
f 192/93/93 53/94/94 189/95/95 188/96/96
s off
f 108/97/97 4/98/98 194/99/99 193/100/100
s 3
f 121/101/101 8/102/102 197/103/103 196/104/104
s 13
f 378/105/105 377/106/106 379/107/107 380/108/108
s off
f 171/73/109 29/109/110 204/110/111 203/111/112
s 3
f 160/61/61 25/112/113 207/113/114 206/114/115
s 14
f 386/501/116 387/116/117 388/117/118 389/118/119
s 15
f 216/119/120 29/109/121 170/120/122 213/121/123
s 1
f 214/122/124 30/90/90 187/464/89 217/123/125
f 218/124/126 2/6/6 98/3/127 220/125/128
s 17
f 221/126/129 1/2/130 204/462/131 223/127/132
s 18
f 228/128/133 31/129/134 179/130/135 225/131/136
s 19
f 226/132/137 32/133/138 194/460/139 229/134/140
s 1
f 230/135/141 4/98/142 107/11/143 232/136/144
f 233/137/145 3/10/10 186/458/146 235/139/147
s 21
f 240/140/148 33/141/149 215/142/150 237/143/151
f 238/144/152 34/145/153 219/454/154 241/147/155
f 242/148/156 35/149/157 222/150/158 244/151/159
f 245/152/160 36/153/161 224/447/162 247/155/163
s 22
f 252/156/164 37/157/165 227/158/166 249/159/167
f 250/160/168 38/161/169 231/441/170 253/163/171
f 254/164/172 39/165/173 234/166/174 256/167/175
f 257/168/176 40/169/177 236/434/178 259/171/179
s 23
f 263/524/180 41/479/181 239/174/182 261/528/183
s off
f 262/176/184 42/177/185 243/178/186 264/527/187
s 24
f 270/511/188 58/181/189 267/182/190 266/525/191
s off
f 272/516/192 44/448/193 248/186/194 271/523/195
s 25
f 275/518/196 45/478/197 251/190/198 273/522/199
s off
f 274/192/200 46/193/201 255/194/202 276/521/203
s 26
f 282/505/204 62/197/205 279/198/206 278/519/207
s off
f 284/510/208 48/435/209 260/202/210 283/517/211
s 27
f 287/204/212 43/450/213 246/206/214 285/207/215
s off
f 286/208/216 44/448/217 272/516/218 288/209/219
s 10
f 289/210/220 52/211/221 183/212/222 290/213/223
s 28
f 291/214/224 51/215/225 265/513/226 292/217/227
s 29
f 295/218/228 47/437/229 258/220/230 293/221/231
s off
f 294/222/232 48/435/233 284/510/234 296/223/235
s 12
f 297/224/236 56/225/237 191/226/238 298/227/239
s 30
f 299/228/240 55/229/241 277/507/242 300/231/243
s 3
f 304/232/244 12/233/245 198/430/246 301/235/247
f 302/236/248 24/237/249 155/238/250 305/239/251
f 306/240/252 20/241/253 143/428/254 308/243/255
f 309/244/256 16/245/257 131/246/258 311/247/259
f 316/248/260 21/62/62 208/426/261 313/250/262
f 314/251/263 9/26/26 126/25/25 317/252/264
f 318/253/265 13/38/38 136/424/37 320/254/266
f 321/255/267 17/50/50 149/49/49 323/256/268
f 327/257/269 66/258/270 303/422/271 325/260/272
f 326/261/273 65/262/274 307/263/275 328/264/276
f 329/265/277 67/266/278 310/420/279 330/268/280
f 331/269/281 68/270/282 312/271/283 332/272/284
f 335/273/285 69/274/286 315/418/287 333/276/288
f 334/277/289 70/278/290 319/279/291 336/280/292
f 337/281/293 71/282/294 322/416/295 338/284/296
f 339/285/297 72/286/298 324/287/299 340/288/300
s off
f 344/289/301 14/480/302 129/291/303 341/292/304
s 3
f 342/293/305 15/46/306 145/414/45 345/294/307
f 346/295/308 19/471/58 151/55/309 348/296/310
f 349/297/311 18/475/54 134/410/312 351/299/313
f 355/300/314 81/301/315 343/302/316 353/303/317
f 354/304/318 82/305/319 347/406/320 356/307/321
f 357/308/322 83/309/323 350/310/324 358/311/325
f 359/312/326 84/313/327 352/403/328 360/315/329
f 363/316/330 90/74/74 205/400/331 361/318/332
f 363/316/330 25/112/113 159/319/333 364/320/334
f 365/321/335 26/322/336 163/323/337 366/324/338
f 367/325/339 27/326/340 166/327/341 368/328/342
f 371/329/343 94/330/344 195/397/345 370/332/346
f 373/333/347 95/334/348 109/335/349 372/336/350
f 375/337/351 96/338/352 105/339/353 374/340/354
f 362/341/355 89/342/356 100/343/357 376/344/358
s 1
f 98/3/3 2/6/6 99/5/5 97/4/4
s 3
f 99/5/359 96/338/352 100/343/357 97/4/360
f 100/343/357 89/342/356 101/1/361 97/4/360
s 1
f 103/7/7 3/10/10 104/9/9 102/8/362
s 3
f 104/9/363 95/334/348 105/339/353 102/8/364
f 105/339/353 96/338/352 99/5/359 102/8/364
s 1
f 107/11/11 4/98/365 108/97/366 106/12/12
s 3
f 108/97/367 94/330/344 109/335/349 106/12/368
f 109/335/349 95/334/348 104/9/363 106/12/368
f 111/15/15 6/18/18 112/17/17 110/16/16
f 112/17/17 10/30/30 113/27/27 110/16/16
f 113/27/27 9/26/26 114/13/13 110/16/16
f 116/19/19 7/22/22 117/21/21 115/20/20
f 117/21/21 11/34/34 118/31/31 115/20/20
f 118/31/31 10/30/30 112/17/17 115/20/20
f 120/23/23 8/102/102 121/101/101 119/24/24
f 121/101/101 12/233/245 122/35/35 119/24/24
f 122/35/35 11/34/34 117/21/21 119/24/24
f 113/27/27 10/30/30 124/29/29 123/28/28
f 124/29/29 14/290/369 125/39/39 123/28/28
f 125/39/39 13/38/38 126/25/25 123/28/28
f 118/31/31 11/34/34 128/33/33 127/32/32
f 128/33/33 15/477/46 129/476/370 127/32/32
f 129/476/370 14/290/369 124/29/29 127/32/32
f 122/35/35 12/233/245 131/246/258 130/36/36
f 131/246/258 16/245/257 132/47/47 130/36/36
f 132/47/47 15/477/46 128/33/33 130/36/36
f 125/39/39 14/290/369 134/408/312 133/474/40
f 134/409/312 18/54/54 135/51/51 133/40/40
f 135/51/51 17/50/50 136/37/37 133/40/40
f 138/43/43 86/345/371 139/346/372 137/473/44
f 139/404/372 87/347/373 140/348/374 137/44/44
f 140/348/374 88/349/375 141/41/41 137/44/44
f 132/47/47 16/245/257 143/242/254 142/472/48
f 143/428/254 20/241/253 144/59/59 142/48/48
f 144/59/59 19/58/58 145/412/45 142/48/48
f 135/51/51 18/54/54 147/53/53 146/52/52
f 147/53/53 22/66/66 148/63/63 146/52/52
f 148/63/63 21/62/62 149/49/49 146/52/52
f 151/470/55 19/58/58 152/57/57 150/56/56
f 152/57/57 23/70/70 153/67/67 150/56/56
f 153/67/67 22/66/66 147/53/53 150/56/56
f 144/59/59 20/241/253 155/238/250 154/60/60
f 155/238/250 24/237/249 156/71/71 154/60/60
f 156/71/71 23/70/70 152/57/57 154/60/60
f 148/63/63 22/66/66 158/65/65 157/64/64
f 158/65/65 26/322/336 159/319/333 157/64/64
f 159/319/333 25/112/113 160/61/61 157/64/64
f 153/67/67 23/70/70 162/69/69 161/68/68
f 162/69/69 27/326/340 163/323/337 161/68/68
f 163/323/337 26/322/336 158/65/65 161/68/68
f 156/71/71 24/237/249 165/350/376 164/72/72
f 165/350/376 28/351/377 166/327/341 164/72/72
f 166/327/341 27/326/340 162/69/69 164/72/72
f 168/75/75 91/78/78 169/77/77 167/76/76
s 1
f 169/77/378 30/90/90 170/120/379 167/76/380
f 170/120/379 29/109/381 171/73/382 167/76/380
s 3
f 173/79/79 92/82/82 174/81/81 172/80/80
s 1
f 174/81/383 31/129/384 175/91/91 172/80/385
f 175/91/91 30/90/90 169/77/378 172/80/386
s 3
f 177/83/83 93/352/387 178/353/388 176/84/84
s 1
f 178/353/389 32/133/390 179/130/391 176/84/392
f 179/130/391 31/129/384 174/81/383 176/84/392
s 10
f 181/87/87 50/354/393 182/355/394 180/88/88
f 182/355/394 51/215/395 183/212/222 180/88/88
f 183/212/222 52/211/221 184/85/85 180/88/88
s 1
f 175/91/91 31/129/384 186/138/146 185/469/92
f 186/458/146 3/10/10 103/7/7 185/92/92
f 103/7/7 2/6/6 187/89/89 185/92/92
s 12
f 189/95/95 54/356/396 190/357/397 188/96/96
f 190/357/397 55/229/398 191/226/238 188/96/96
f 191/226/238 56/225/237 192/93/93 188/96/96
s off
f 194/460/399 32/133/400 178/353/401 193/468/402
s 3
f 178/353/388 93/352/387 195/331/345 193/468/403
f 195/397/345 94/330/344 108/97/367 193/100/403
f 197/395/103 28/351/377 165/350/376 196/467/104
f 165/350/376 24/237/249 198/234/404 196/467/104
f 198/430/404 12/233/245 121/101/101 196/104/104
s 41
f 379/107/405 381/358/406 382/503/407 380/108/408
f 382/359/407 383/360/409 384/361/410 380/108/408
s 13
f 384/361/411 385/362/412 378/105/105 380/108/108
s off
f 204/462/413 1/2/414 101/1/415 203/466/416
s 3
f 101/1/361 89/342/356 205/317/331 203/466/417
f 205/400/331 90/74/74 171/73/73 203/111/417
f 207/398/114 5/14/14 114/13/13 206/465/115
f 114/13/13 9/26/26 208/249/418 206/465/115
f 208/426/418 21/62/62 160/61/61 206/114/115
s 42
f 388/117/419 390/363/420 391/364/421 389/118/422
f 391/364/421 392/365/423 393/366/424 389/118/422
s 14
f 393/366/425 394/367/426 386/115/116 389/118/119
s 15
f 170/120/122 30/90/427 214/122/428 213/121/123
f 214/122/428 34/145/429 215/142/430 213/121/123
f 215/142/430 33/141/431 216/119/120 213/121/123
s 1
f 187/89/89 2/6/6 218/124/126 217/463/432
f 218/124/126 35/149/433 219/146/434 217/463/432
f 219/454/435 34/145/436 214/122/124 217/123/125
f 98/3/127 1/2/437 221/126/438 220/125/128
f 221/126/438 36/153/439 222/150/440 220/125/128
f 222/150/440 35/149/441 218/124/126 220/125/128
s 43
f 204/110/442 29/109/443 216/119/444 223/461/445
f 216/119/444 33/141/446 224/154/447 223/461/445
s 17
f 224/447/448 36/153/449 221/126/129 223/127/132
s 18
f 179/130/135 32/133/450 226/132/451 225/131/136
f 226/132/451 38/161/452 227/158/453 225/131/136
f 227/158/453 37/157/454 228/128/133 225/131/136
s 44
f 194/99/455 4/98/456 230/135/457 229/459/458
f 230/135/457 39/165/459 231/162/460 229/459/458
s 19
f 231/441/461 38/161/462 226/132/137 229/134/140
s 1
f 107/11/143 3/10/10 233/137/145 232/136/144
f 233/137/145 40/169/463 234/166/464 232/136/144
f 234/166/464 39/165/465 230/135/141 232/136/144
f 186/138/146 31/129/384 228/128/466 235/457/467
f 228/128/466 37/157/468 236/170/469 235/457/467
f 236/434/470 40/169/471 233/137/145 235/139/147
s 21
f 215/142/150 34/145/153 238/144/152 237/143/151
f 238/144/152 42/456/472 239/455/473 237/143/151
f 239/455/473 41/173/474 240/140/148 237/143/151
f 219/146/154 35/149/157 242/148/156 241/453/155
f 242/148/156 43/205/475 243/451/476 241/453/155
f 243/452/476 42/456/472 238/144/152 241/147/155
f 222/150/158 36/153/161 245/152/160 244/151/159
f 245/152/160 44/185/477 246/449/478 244/151/159
f 246/449/478 43/205/475 242/148/156 244/151/159
f 224/154/162 33/141/149 240/140/148 247/446/163
f 240/140/148 41/173/474 248/444/479 247/446/163
f 248/445/479 44/185/477 245/152/160 247/155/163
s 22
f 227/158/166 38/161/169 250/160/168 249/159/167
f 250/160/168 46/443/480 251/442/481 249/159/167
f 251/442/481 45/189/482 252/156/164 249/159/167
f 231/162/170 39/165/173 254/164/172 253/440/171
f 254/164/172 47/219/483 255/438/484 253/440/171
f 255/439/484 46/443/480 250/160/168 253/163/171
f 234/166/174 40/169/177 257/168/176 256/167/175
f 257/168/176 48/201/485 258/436/486 256/167/175
f 258/436/486 47/219/483 254/164/172 256/167/175
f 236/170/178 37/157/165 252/156/164 259/433/179
f 252/156/164 45/189/482 260/431/487 259/433/179
f 260/432/487 48/201/485 257/168/176 259/171/179
s 23
f 239/174/182 42/177/488 262/176/489 261/528/183
s 45
f 262/526/490 50/354/491 181/87/492 261/175/493
f 181/87/492 49/86/494 263/172/495 261/175/493
s off
f 243/178/496 43/450/497 265/216/498 264/527/499
s 28
f 265/513/226 51/215/225 182/355/500 264/179/501
s off
f 182/355/502 50/354/503 262/526/504 264/179/505
s 24
f 267/182/190 57/368/506 268/369/507 266/525/191
s 46
f 268/514/508 59/370/509 269/371/510 266/183/511
f 269/371/510 60/372/512 270/180/513 266/183/511
s off
f 248/186/514 41/479/515 263/524/516 271/523/517
f 263/172/518 49/86/519 184/85/520 271/187/521
s 47
f 184/85/522 52/211/523 272/184/524 271/187/525
s 25
f 251/190/198 46/193/526 274/192/527 273/522/199
s 48
f 274/520/528 54/356/529 189/95/530 273/191/531
f 189/95/530 53/94/532 275/188/533 273/191/531
s off
f 255/194/534 47/437/535 277/230/536 276/521/537
s 30
f 277/507/242 55/229/241 190/357/538 276/195/539
s off
f 190/357/540 54/356/541 274/520/542 276/195/543
s 26
f 279/198/206 61/373/544 280/374/545 278/519/207
s 49
f 280/508/546 63/375/547 281/376/548 278/199/549
f 281/376/548 64/377/550 282/196/551 278/199/549
s off
f 260/202/552 45/478/553 275/518/554 283/517/555
f 275/188/556 53/94/557 192/93/558 283/203/559
s 50
f 192/93/560 56/225/561 284/200/562 283/203/563
s 27
f 246/206/214 44/448/564 286/208/565 285/207/215
s 51
f 286/208/566 57/368/567 267/182/568 285/207/569
f 267/182/568 58/181/570 287/204/571 285/207/569
s 47
f 272/184/524 52/211/523 289/210/572 288/515/573
s off
f 289/210/574 59/370/575 268/514/576 288/515/577
f 268/369/578 57/368/579 286/208/580 288/209/581
s 10
f 183/212/222 51/215/395 291/214/582 290/213/223
s 52
f 291/214/583 60/372/584 269/371/585 290/213/586
f 269/371/585 59/370/587 289/210/588 290/213/586
s off
f 265/216/589 43/450/590 287/204/591 292/512/592
f 287/204/593 58/181/594 270/511/595 292/512/596
f 270/180/597 60/372/598 291/214/599 292/217/600
s 29
f 258/220/230 48/435/601 294/222/602 293/221/231
s 53
f 294/222/603 61/373/604 279/198/605 293/221/606
f 279/198/605 62/197/607 295/218/608 293/221/606
s 50
f 284/200/562 56/225/561 297/224/609 296/509/610
s off
f 297/224/611 63/375/612 280/508/613 296/509/614
f 280/374/615 61/373/616 294/222/617 296/223/618
s 12
f 191/226/238 55/229/398 299/228/619 298/227/239
s 54
f 299/228/620 64/377/621 281/376/622 298/227/623
f 281/376/622 63/375/624 297/224/625 298/227/623
s off
f 277/230/626 47/437/627 295/218/628 300/506/629
f 295/218/630 62/197/631 282/505/632 300/506/633
f 282/196/634 64/377/635 299/228/636 300/231/637
s 3
f 198/234/246 24/237/249 302/236/248 301/429/247
f 302/236/248 65/262/274 303/259/271 301/429/247
f 303/422/271 66/258/270 304/232/244 301/235/247
f 155/238/250 20/241/253 306/240/252 305/239/251
f 306/240/252 67/266/278 307/263/275 305/239/251
f 307/263/275 65/262/274 302/236/248 305/239/251
f 143/242/254 16/245/257 309/244/256 308/427/255
f 309/244/256 68/270/282 310/267/279 308/427/255
f 310/420/279 67/266/278 306/240/252 308/243/255
f 131/246/258 12/233/245 304/232/244 311/247/259
f 304/232/244 66/258/270 312/271/283 311/247/259
f 312/271/283 68/270/282 309/244/256 311/247/259
f 208/249/261 9/26/26 314/251/263 313/425/262
f 314/251/263 70/278/290 315/275/287 313/425/262
f 315/418/287 69/274/286 316/248/260 313/250/262
f 126/25/25 13/38/38 318/253/265 317/252/264
f 318/253/265 71/282/294 319/279/291 317/252/264
f 319/279/291 70/278/290 314/251/263 317/252/264
f 136/37/37 17/50/50 321/255/267 320/423/266
f 321/255/267 72/286/298 322/283/295 320/423/266
f 322/416/295 71/282/294 318/253/265 320/254/266
f 149/49/49 21/62/62 316/248/260 323/256/268
f 316/248/260 69/274/286 324/287/299 323/256/268
f 324/287/299 72/286/298 321/255/267 323/256/268
f 303/259/271 65/262/274 326/261/273 325/421/272
f 326/261/273 73/497/638 199/498/639 325/421/272
f 199/499/639 74/500/640 327/257/269 325/260/272
f 307/263/275 67/266/278 329/265/277 328/264/276
f 329/265/277 75/495/641 200/496/642 328/264/276
f 200/496/642 73/497/638 326/261/273 328/264/276
f 310/267/279 68/270/282 331/269/281 330/419/280
f 331/269/281 76/492/643 201/493/644 330/419/280
f 201/494/644 75/495/641 329/265/277 330/268/280
f 312/271/283 66/258/270 327/257/269 332/272/284
f 327/257/269 74/500/640 202/491/645 332/272/284
f 202/491/645 76/492/643 331/269/281 332/272/284
f 315/275/287 70/278/290 334/277/289 333/417/288
f 334/277/289 78/490/646 209/488/647 333/417/288
f 209/489/647 77/482/648 335/273/285 333/276/288
f 319/279/291 71/282/294 337/281/293 336/280/292
f 337/281/293 79/487/649 210/486/650 336/280/292
f 210/486/650 78/490/646 334/277/289 336/280/292
f 322/283/295 72/286/298 339/285/297 338/415/296
f 339/285/297 80/485/651 211/483/652 338/415/296
f 211/484/652 79/487/649 337/281/293 338/284/296
f 324/287/299 69/274/286 335/273/285 340/288/300
f 335/273/285 77/482/648 212/481/653 340/288/300
f 212/481/653 80/485/651 339/285/297 340/288/300
s off
f 129/291/654 15/46/655 342/293/656 341/292/657
s 3
f 342/293/658 82/305/319 343/302/316 341/292/659
f 343/302/316 81/301/315 344/289/660 341/292/659
f 145/45/45 19/471/58 346/295/308 345/411/307
f 346/295/308 83/309/323 347/306/320 345/411/661
f 347/406/320 82/305/319 342/293/658 345/294/661
f 151/55/309 18/475/54 349/297/311 348/296/310
f 349/297/311 84/313/327 350/310/324 348/296/310
f 350/310/324 83/309/323 346/295/308 348/296/310
f 134/298/312 14/480/662 344/289/663 351/407/313
f 344/289/660 81/301/315 352/314/328 351/407/664
f 352/403/328 84/313/327 349/297/311 351/299/664
f 343/302/316 82/305/319 354/304/318 353/303/317
f 354/304/318 86/345/371 138/43/43 353/303/317
f 138/43/43 85/42/42 355/300/314 353/303/317
f 347/306/320 83/309/323 357/308/322 356/405/321
f 357/308/322 87/347/373 139/404/372 356/405/321
f 139/346/372 86/345/371 354/304/318 356/307/321
f 350/310/324 84/313/327 359/312/326 358/311/325
f 359/312/326 88/349/375 140/348/374 358/311/325
f 140/348/374 87/347/373 357/308/322 358/311/325
f 352/314/328 81/301/315 355/300/314 360/402/329
f 355/300/314 85/42/42 141/401/41 360/402/329
f 141/41/41 88/349/375 359/312/326 360/315/329
f 205/317/331 89/342/356 362/341/355 361/399/332
f 362/341/355 5/14/14 207/398/114 361/399/332
f 207/113/114 25/112/113 363/316/330 361/318/332
f 159/319/333 26/322/336 365/321/335 364/320/334
f 365/321/335 91/78/78 168/75/75 364/320/334
f 168/75/75 90/74/74 363/316/330 364/320/334
f 163/323/337 27/326/340 367/325/339 366/324/338
f 367/325/339 92/82/82 173/79/79 366/324/338
f 173/79/79 91/78/78 365/321/335 366/324/338
f 166/327/341 28/351/377 369/394/665 368/328/342
f 369/394/665 93/352/387 177/83/83 368/328/342
f 177/83/83 92/82/82 367/325/339 368/328/342
f 195/331/345 93/352/387 369/394/665 370/396/346
f 369/394/665 28/351/377 197/395/103 370/396/346
f 197/103/103 8/102/102 371/329/343 370/332/346
f 109/335/349 94/330/344 371/329/343 372/336/350
f 371/329/343 8/102/102 120/23/23 372/336/350
f 120/23/23 7/22/22 373/333/347 372/336/350
f 105/339/353 95/334/348 373/333/347 374/340/354
f 373/333/347 7/22/22 116/19/19 374/340/354
f 116/19/19 6/18/18 375/337/351 374/340/354
f 100/343/357 96/338/352 375/337/351 376/344/358
f 375/337/351 6/18/18 111/15/15 376/344/358
f 111/15/15 5/14/14 362/341/355 376/344/358
s 55
f 202/385/666 74/380/667 377/106/668 378/105/669
s off
f 74/380/670 199/379/671 379/107/672 377/106/673
f 199/379/674 73/378/675 381/358/676 379/107/677
s 56
f 73/378/678 200/504/679 382/503/680 381/358/681
f 200/382/679 75/381/682 383/360/683 382/359/680
s off
f 75/381/684 201/384/685 384/361/686 383/360/687
f 201/384/688 76/383/689 385/362/690 384/361/691
s 55
f 76/383/692 202/385/666 378/105/669 385/362/693
s 57
f 212/393/694 77/388/695 387/116/696 386/501/697
s off
f 77/388/698 209/387/699 388/117/700 387/116/701
f 209/387/702 78/386/703 390/363/704 388/117/705
s 58
f 78/386/706 210/390/707 391/364/708 390/363/709
f 210/390/707 79/389/710 392/365/711 391/364/708
s off
f 79/389/712 211/392/713 393/366/714 392/365/715
f 211/392/716 80/391/717 394/367/718 393/366/719
s 57
f 80/391/720 212/502/694 386/115/697 394/367/721
