# This file uses centimeters as units for non-parametric coordinates.

mtllib fall_frame.28.mtl
g default
v -22.453693 49.705700 -52.643379
v -8.804998 46.660324 -50.339741
v 2.652936 40.361176 -49.260265
v 11.573737 28.914772 -49.508240
v -34.600941 38.090305 -65.622765
v -21.619390 40.409065 -72.935806
v -5.972442 31.910040 -76.458435
v 0.984703 18.691820 -73.501144
v -47.867222 23.960171 -87.522476
v -32.619709 31.542255 -86.132477
v -18.915064 27.958967 -91.716209
v -13.978451 17.925583 -96.857735
v -54.512447 25.252306 -95.429802
v -39.765362 24.438110 -104.174240
v -29.402189 21.938295 -108.330963
v -13.650014 18.528893 -107.417465
v -55.803402 14.143063 -93.783806
v -44.141891 13.421839 -102.953918
v -30.328533 9.876606 -108.420456
v -14.856009 7.603189 -105.718414
v -48.571651 15.811866 -87.042824
v -38.324783 8.538976 -85.374916
v -24.619497 4.946686 -90.968567
v -15.352229 10.214624 -95.964409
v -38.610634 28.150963 -58.738182
v -28.630281 18.453865 -59.236202
v -15.552588 11.624187 -62.188786
v -3.108837 8.455283 -66.504814
v -24.988966 47.226715 -40.707447
v -11.451926 46.655430 -38.720840
v -2.339654 36.150696 -38.065140
v 3.734201 22.820173 -41.298031
v -20.251656 80.472557 -43.125065
v -12.793218 79.849403 -41.709068
v -10.867356 81.534424 -53.360207
v -18.339413 82.348763 -54.630974
v 17.777775 40.387863 -15.943506
v 21.464645 33.494568 -16.007410
v 30.556299 38.441639 -23.548485
v 26.866760 45.329910 -23.472404
v -28.853880 94.897995 -20.376772
v -21.681139 95.312004 -18.638384
v -21.290255 105.062569 -23.060446
v -28.453945 104.501259 -24.681116
v 30.208519 46.428566 12.348628
v 33.506493 39.837406 13.644121
v 42.999207 44.600895 12.165556
v 39.671295 51.089321 10.361495
v -30.614332 95.865067 -15.468390
v -22.019308 96.511803 -13.535480
v -20.468451 110.115997 -18.633684
v -31.951916 109.150452 -21.121880
v 28.959574 47.945404 16.807451
v 32.928360 40.147163 18.827442
v 46.284115 45.556435 18.056602
v 41.059956 55.666756 15.019627
v -29.879398 122.035370 -30.295359
v -20.821650 122.819809 -28.386503
v -30.668406 123.258392 -27.054022
v -21.610655 124.042831 -25.145168
v 55.582020 60.350540 10.447246
v 59.703690 52.412701 12.958094
v 55.286884 61.278187 13.864402
v 59.408558 53.340347 16.375250
v 9.864284 7.211492 -95.389336
v 8.615912 17.637924 -97.155960
v 10.291479 5.057254 -105.318222
v 9.861612 16.161030 -107.647354
v -54.656269 24.346964 -65.542603
v -53.660179 23.843067 -73.750137
v -61.391666 30.163040 -76.829346
v -63.044128 26.282473 -69.477150
v 36.187016 13.571454 -90.723907
v 34.152653 23.124203 -91.042801
v 36.886513 13.596855 -94.429359
v 34.851997 23.149893 -94.747940
v -31.782337 40.112461 -69.751228
v -30.578438 36.022415 -78.544609
v -32.643948 38.765499 -80.103279
v -33.847847 42.855541 -71.309906
v -46.154140 23.843451 -115.508858
v -31.332895 21.171944 -119.787376
v -29.730930 5.197766 -115.248947
v -50.315285 8.977217 -109.409119
v -51.332581 18.811569 -135.007278
v -37.189167 15.949285 -138.564697
v -40.554947 -1.534019 -136.428833
v -54.037605 1.194545 -133.037613
v -23.887093 47.161247 -53.694046
v -27.923738 40.572330 -44.115253
v -17.807533 32.860916 -42.762642
v -8.556758 25.600603 -45.298080
v 2.472916 19.327730 -48.209347
v 8.070646 27.232317 -56.910549
v -0.027330 37.060379 -58.523335
v -12.320016 44.747799 -57.143265
v -16.966776 46.972301 -54.038834
v -16.386280 49.008484 -53.302181
v -10.479572 45.357574 -53.938183
v -18.524105 46.671654 -55.998402
v -22.898994 47.573231 -52.546501
v -4.457034 42.595436 -54.264503
v -2.186736 44.849773 -50.726337
v 1.745154 38.848843 -54.390171
v -6.277123 41.156010 -57.838989
v 6.888802 33.687527 -54.387165
v 9.082373 34.455765 -50.383255
v 9.667979 28.227974 -53.251045
v 5.188209 32.230831 -58.350475
v -35.755749 33.404346 -74.948471
v -29.286404 40.241245 -69.178673
v -28.480593 34.788467 -77.567268
v -41.569469 29.502720 -84.166695
v -41.717426 30.589125 -72.725418
v -19.560398 32.073540 -79.726974
v -13.534313 36.832108 -75.120537
v -11.809487 28.366819 -83.553505
v -26.057207 28.529135 -88.954185
v -7.659569 22.328920 -84.470093
v -1.142580 24.900675 -75.467331
v -5.441143 16.835007 -84.314804
v -14.056689 22.594076 -94.269562
v -44.163490 28.758551 -94.097076
v -37.033955 28.934256 -97.925850
v -47.871708 26.570261 -101.298248
v -51.897346 26.274883 -91.500908
v -30.742838 27.441908 -99.698334
v -25.022190 25.813454 -102.791756
v -35.765450 24.029974 -109.202728
v -18.881531 23.040630 -103.126419
v -12.652171 20.191233 -102.164490
v -21.029007 20.904806 -110.526199
v -49.839363 20.337624 -102.841393
v -42.814831 18.659899 -105.787643
v -51.456654 13.556512 -100.589600
v -55.682339 19.648985 -95.215172
v -46.113071 13.932814 -141.375931
v -44.209991 17.773861 -136.900253
v -37.871410 8.876652 -140.183777
v -47.723717 -2.185678 -134.810593
v -55.000629 12.360635 -135.879730
v -22.427221 14.682154 -112.260170
v -14.342786 12.936787 -107.398918
v -22.001637 7.802568 -110.391670
v -30.690060 15.881873 -110.535202
v -48.146637 11.349538 -93.768028
v -42.598537 9.868093 -97.010750
v -45.305706 11.237989 -83.628960
v -52.575489 13.014046 -89.692207
v -35.797588 8.099611 -99.770882
v -37.877159 9.874825 -107.076935
v -28.888514 6.311363 -102.576118
v -31.484272 6.741241 -88.090477
v -21.601864 5.866854 -102.680138
v -14.295465 7.333109 -99.802048
v -18.038685 4.748049 -93.703300
v -40.524727 14.395254 -70.174568
v -33.662579 10.487838 -72.103539
v -34.939613 22.965815 -58.046749
v -44.831646 19.343248 -69.625862
v -26.941462 7.924515 -74.478683
v -20.206619 5.722663 -76.672829
v -22.123442 14.792665 -60.769009
v -13.649751 4.230232 -79.282074
v -8.481066 5.594506 -81.485825
v -8.825788 8.711203 -63.901375
v -21.732016 40.170567 -39.519318
v -23.916950 36.569530 -42.348797
v -15.466959 36.703579 -39.725647
v -20.115341 44.822323 -37.900024
v -26.115952 43.361965 -41.697174
v -10.785728 33.299412 -40.871063
v -13.042811 29.230711 -44.053604
v -6.816684 28.930002 -42.101318
v -8.649131 37.631596 -38.079998
v -2.063384 24.023701 -42.904984
v -2.997259 21.378729 -46.065765
v 2.954399 21.314739 -44.818085
v -1.001573 26.283386 -39.599186
v -26.227907 101.703720 -16.800200
v -26.399744 93.888176 -13.525017
v -20.494028 102.179504 -15.534261
v -26.213923 109.631035 -19.868427
v -31.968164 101.285416 -18.106483
v -1.365658 46.180458 -47.981514
v 7.162709 40.358803 -34.573532
v -9.869534 58.816181 -44.157288
v 36.254837 46.757160 17.077974
v 28.919315 43.005318 18.140690
v 38.913952 41.669209 18.450535
v 43.664467 50.614841 16.551723
v 33.706638 51.834995 15.688326
v 7.102791 23.579905 -48.908558
v 8.249579 24.657345 -45.249481
v 6.313635 22.092278 -52.457310
v -5.202962 10.537162 -82.619629
v 0.561706 12.355852 -70.178970
v -12.763674 14.828791 -94.744080
v 34.998260 18.475109 -90.128426
v 36.669941 12.649541 -92.199287
v 35.853657 18.506170 -94.659737
v 34.182076 24.331532 -92.589088
v -26.031279 45.893055 -46.872498
v -25.221762 48.800091 -46.550163
v -27.468521 44.400536 -48.563595
v -45.362255 25.374804 -69.876122
v -38.568821 33.902000 -61.619247
v -48.467037 19.637844 -86.776581
v -30.740520 37.448765 -73.950386
v -31.267342 36.625179 -80.280037
v -33.266384 40.803219 -75.856453
v -32.739563 41.626804 -69.526810
v -18.350952 62.647053 -38.742077
v -13.640523 63.117931 -40.189110
v -16.538898 79.909348 -41.290993
v -22.805992 64.523834 -41.782681
v -10.832633 63.074646 -46.114983
v -11.660996 63.881100 -52.747536
v -10.323270 80.751160 -47.634331
v -15.729027 63.604660 -55.572952
v -20.879917 65.099442 -54.419983
v -14.050852 82.144333 -56.368500
v -23.140484 64.860359 -48.322636
v -20.290186 81.702919 -49.451096
v 7.636074 31.225990 -28.005388
v 11.988154 27.940371 -28.553579
v 18.754393 36.654835 -15.317687
v 7.420497 36.174847 -28.415689
v 17.000145 29.422165 -32.608269
v 20.981909 33.040524 -36.403103
v 26.787771 35.205387 -20.006433
v 19.389526 37.892132 -38.274166
v 16.434788 41.259975 -36.261127
v 30.300102 42.941185 -24.905844
v 11.037635 40.162605 -32.418617
v 21.971741 44.212349 -19.920954
v -21.362442 84.388824 -30.584763
v -17.046524 86.009087 -30.878822
v -25.416164 93.229324 -18.577478
v -24.868376 85.834358 -33.403210
v -14.633429 91.346359 -34.091545
v -14.950185 96.348877 -38.350811
v -20.230690 99.921448 -20.541044
v -18.551359 98.138802 -40.516678
v -22.733501 96.077492 -40.878513
v -24.933546 107.654358 -24.923979
v -25.061050 91.053535 -37.455864
v -29.764225 99.279518 -22.878508
v 24.039352 39.487015 0.178279
v 27.314569 36.288231 -0.973587
v 30.181761 42.300171 13.447799
v 23.783794 43.892666 -1.207201
v 33.227680 37.604481 -3.828629
v 38.051987 41.094158 -6.914371
v 38.470127 41.000175 12.793015
v 38.109024 45.768188 -7.569419
v 34.596973 48.691628 -7.164768
v 43.979736 49.171864 11.186585
v 28.704082 47.537582 -4.170254
v 34.157738 49.581009 10.945417
v -25.847792 92.926888 -15.954444
v -21.450346 95.527344 -15.976979
v -30.038589 94.912483 -17.952513
v -19.869843 101.159576 -18.051504
v -19.838032 109.121529 -21.186569
v -25.424936 124.506195 -29.842031
v -25.134483 122.092712 -30.228449
v -31.175880 124.008141 -31.054001
v -26.355570 123.985489 -25.212076
v -19.673996 125.004250 -28.630064
v -31.330305 100.290359 -20.673435
v -31.319258 108.152992 -23.676405
v 29.026756 42.329369 15.683094
v 33.024471 39.444389 16.236042
v 29.062450 47.268341 14.343096
v 39.017464 40.933075 15.698941
v 46.445507 44.829700 15.367521
v 59.513298 57.406345 11.871846
v 57.723667 56.127621 10.767010
v 56.896366 62.446239 10.277658
v 57.266911 57.563267 16.055487
v 62.130230 52.366455 13.466033
v 33.827091 51.126865 13.077903
v 41.225098 54.937664 12.320168
v -25.074957 114.899994 -27.520201
v -30.164314 114.465797 -28.581543
v -19.995094 115.339958 -26.445559
v -31.429056 115.333015 -26.274332
v -32.052818 116.302116 -23.711166
v -26.296940 116.798271 -22.507135
v -20.547922 117.295425 -21.290564
v -19.921839 116.324181 -23.856316
v 50.864120 52.672596 11.091593
v 48.551228 57.125916 9.682433
v 53.178993 48.222157 12.515375
v 48.028858 58.412361 12.075129
v 47.803268 59.144894 14.773844
v 50.418869 54.104103 16.363251
v 53.031696 49.067112 17.970390
v 53.261463 48.333427 15.267284
v -0.482778 14.694727 -96.190453
v -1.006343 10.008415 -95.613533
v 9.155456 12.582317 -94.832489
v -0.132702 18.345501 -99.187569
v -1.344129 7.497917 -98.974785
v -1.529126 6.607725 -103.820137
v 10.192277 5.209765 -99.679008
v -1.123592 10.619424 -106.224091
v -0.638537 15.089270 -107.375664
v 10.272899 10.365691 -107.420052
v -0.270969 17.771465 -103.335365
v 9.088735 18.237362 -102.166000
v -51.060669 23.760784 -78.066963
v -52.336147 27.887413 -79.990028
v -53.128723 23.853313 -68.793427
v -52.340641 19.402786 -77.104485
v -56.256901 28.583010 -81.746399
v -60.677456 27.357155 -83.244278
v -56.891193 27.039179 -76.181335
v -61.368633 22.946339 -82.142990
v -60.761814 18.677958 -80.268539
v -63.027264 29.016777 -72.998970
v -56.237591 18.106180 -78.185036
v -58.435089 25.037977 -66.721703
v 17.233910 14.185266 -91.807571
v 18.596045 9.139348 -93.327179
v 16.519302 19.077202 -93.694237
v 19.521433 8.000908 -97.431442
v 20.256460 8.912452 -102.912354
v 19.381090 14.062128 -103.580795
v 18.301798 19.047359 -103.315956
v 17.056057 20.239016 -97.919540
v -45.156338 26.485371 -70.092384
v -45.447254 25.690639 -75.351929
v -46.998901 29.646887 -66.012672
v -47.724590 28.304781 -78.068680
v -51.133472 32.753262 -79.078835
v -52.485863 34.760933 -74.395927
v -53.276028 35.757992 -69.473175
v -49.908298 32.650326 -66.529785
v -36.221718 28.090792 -112.128220
v -31.468452 19.166748 -113.306061
v -38.474594 25.342628 -118.380089
v -43.034958 21.441385 -109.141312
v -29.551872 15.123129 -113.226410
v -32.522995 10.477220 -111.311096
v -27.938179 12.733684 -118.295280
v -38.789700 7.944708 -108.901207
v -44.058308 12.737480 -107.150612
v -40.073578 6.213771 -112.057274
v -45.752609 18.314690 -107.453659
v -50.800720 16.844784 -111.674713
v -41.638527 22.409536 -130.271500
v -32.171638 17.291101 -133.611359
v -52.654514 21.436340 -128.459396
v -32.028687 7.776458 -131.901764
v -34.463303 -0.038950 -128.361206
v -44.831226 -0.026369 -125.048164
v -54.755951 4.067791 -123.257088
v -55.479229 12.522281 -126.003365
v -32.738579 40.799652 -55.900917
v -28.702105 44.235683 -60.689552
v -33.306385 35.740604 -52.040752
v -29.813074 30.664356 -50.725235
v -23.713631 26.358437 -51.125217
v -18.210720 22.128036 -52.229019
v -12.268282 18.729761 -52.565811
v -5.984519 14.846793 -53.683205
v -0.263124 13.615169 -55.988503
v 3.441026 16.726402 -60.333138
v 4.415811 22.269947 -64.770256
v 1.737142 27.342377 -67.564011
v -2.238238 32.368118 -67.957512
v -10.326613 37.156662 -67.956345
v -17.586611 42.613800 -66.052994
v -23.677366 44.205608 -64.380211
v 47.421856 26.525257 -88.285896
v 47.465492 27.834806 -90.024628
v 48.407230 21.485991 -87.656204
v 48.824162 21.501133 -89.864792
v 49.628063 16.166037 -87.940430
v 50.163414 15.166746 -89.602165
v 50.415306 16.194622 -92.110718
v 49.295807 21.518255 -92.363274
v 48.209099 26.553843 -92.456177
v -21.220514 49.377598 -71.073448
v -20.148031 47.689671 -71.290794
v -19.219810 45.068806 -75.996391
v -20.422291 46.665752 -76.903809
v -18.842535 43.254467 -80.826248
v -19.624065 43.953892 -82.734154
v -21.167166 46.341663 -82.580452
v -21.843651 48.553368 -77.976387
v -22.472649 50.776863 -73.044998
vt 0.208431 0.494797
vt 0.208575 0.478116
vt 0.229443 0.475893
vt 0.229271 0.493426
vt 0.252729 0.492198
vt 0.256170 0.471571
vt 0.275357 0.475888
vt 0.275429 0.493819
vt 0.298111 0.492176
vt 0.294163 0.471736
vt 0.321331 0.475953
vt 0.321541 0.493432
vt 0.198757 0.641525
vt 0.200055 0.589825
vt 0.221664 0.590600
vt 0.219751 0.640956
vt 0.244967 0.639373
vt 0.247968 0.591507
vt 0.275466 0.591669
vt 0.275481 0.635804
vt 0.305994 0.639365
vt 0.302966 0.591494
vt 0.329276 0.590573
vt 0.331197 0.640955
vt 0.199789 0.728809
vt 0.197393 0.704590
vt 0.219517 0.692482
vt 0.227784 0.730211
vt 0.252859 0.733034
vt 0.249003 0.687406
vt 0.275511 0.688085
vt 0.275516 0.730408
vt 0.298175 0.733010
vt 0.302021 0.687396
vt 0.331536 0.692451
vt 0.323246 0.730162
vt 0.805511 0.686057
vt 0.204711 0.752714
vt 0.229559 0.760254
vt 0.782889 0.696424
vt 0.784986 0.875584
vt 0.254181 0.941082
vt 0.275435 0.940431
vt 0.742298 0.896742
vt 0.699334 0.736241
vt 0.297037 0.807427
vt 0.321459 0.760204
vt 0.696358 0.696343
vt 0.808954 0.641287
vt 0.805193 0.664541
vt 0.784300 0.671779
vt 0.785729 0.644267
vt 0.763331 0.647822
vt 0.762442 0.673765
vt 0.742276 0.741120
vt 0.739609 0.647377
vt 0.715889 0.647774
vt 0.716786 0.673709
vt 0.694936 0.671695
vt 0.693494 0.644181
vt 0.806875 0.557726
vt 0.810121 0.617205
vt 0.790367 0.607046
vt 0.787575 0.557696
vt 0.763367 0.556090
vt 0.764746 0.603486
vt 0.739627 0.603152
vt 0.739688 0.556093
vt 0.716014 0.556064
vt 0.714496 0.603455
vt 0.688836 0.606971
vt 0.691820 0.557642
vt 0.803405 0.420481
vt 0.802841 0.435733
vt 0.782960 0.432290
vt 0.783371 0.416064
vt 0.759505 0.410786
vt 0.759570 0.428509
vt 0.739756 0.426992
vt 0.739743 0.409699
vt 0.720007 0.410786
vt 0.719946 0.428500
vt 0.696571 0.432245
vt 0.696182 0.416016
vt 0.819305 0.093413
vt 0.797386 0.086157
vt 0.790779 0.072322
vt 0.822344 0.073237
vt 0.265809 0.416173
vt 0.762697 0.377789
vt 0.739788 0.389948
vt 0.275377 0.462947
vt 0.364323 0.097210
vt 0.342669 0.089884
vt 0.336664 0.075169
vt 0.367299 0.076188
vt 0.342559 0.494848
vt 0.342402 0.478170
vt 0.366070 0.480227
vt 0.366198 0.495669
vt 0.352247 0.641476
vt 0.350872 0.589816
vt 0.374237 0.588973
vt 0.374011 0.638442
vt 0.936729 0.462892
vt 0.940585 0.464321
vt 0.946953 0.476690
vt 0.936605 0.482861
vt 0.804780 0.405462
vt 0.824266 0.410023
vt 0.823186 0.423812
vt 0.805355 0.509178
vt 0.825584 0.509339
vt 0.825621 0.554997
vt 0.118742 0.522844
vt 0.058006 0.517789
vt 0.074507 0.510871
vt 0.084702 0.516921
vt 0.822269 0.350445
vt 0.784755 0.399833
vt 0.805305 0.347137
vt 0.793942 0.336256
vt 0.777469 0.322538
vt 0.236211 0.409364
vt 0.220899 0.415267
vt 0.203041 0.415110
vt 0.182178 0.419746
vt 0.685950 0.336155
vt 0.717407 0.377787
vt 0.694840 0.399772
vt 0.674409 0.347030
vt 0.657366 0.350391
vt 0.674734 0.405426
vt 0.637625 0.358046
vt 0.347747 0.415166
vt 0.329799 0.415381
vt 0.314324 0.409429
vt 0.706215 0.336018
vt 0.292514 0.404556
vt 0.870618 0.237836
vt 0.844433 0.293934
vt 0.832214 0.287148
vt 0.858351 0.228645
vt 0.844944 0.223065
vt 0.821107 0.280742
vt 0.243727 0.342391
vt 0.826584 0.212775
vt 0.214622 0.282882
vt 0.224361 0.346790
vt 0.210147 0.349538
vt 0.199596 0.284960
vt 0.184434 0.288656
vt 0.194986 0.352422
vt 0.864110 0.304875
vt 0.163133 0.290367
vt 0.634803 0.222910
vt 0.658751 0.280554
vt 0.647480 0.287052
vt 0.621343 0.228556
vt 0.609012 0.237734
vt 0.635143 0.293889
vt 0.375465 0.356065
vt 0.590820 0.249121
vt 0.366326 0.288752
vt 0.355651 0.352469
vt 0.340563 0.349608
vt 0.351134 0.285011
vt 0.336042 0.282967
vt 0.326383 0.346874
vt 0.678330 0.268182
vt 0.315081 0.275917
vt 0.789900 0.091626
vt 0.894734 0.181072
vt 0.223763 0.023658
vt 0.779683 0.072008
vt 0.205625 0.023651
vt 0.212375 0.030485
vt 0.208733 0.046428
vt 0.818124 0.043214
vt 0.919973 0.054113
vt 0.218394 0.124576
vt 0.231547 0.124829
vt 0.925982 0.076298
vt 0.853028 0.105343
vt 0.173602 0.224408
vt 0.245023 0.044913
vt 0.815784 0.102925
vt 0.335499 0.095534
vt 0.609223 0.166963
vt 0.147562 0.023794
vt 0.325939 0.074804
vt 0.129108 0.019171
vt 0.133886 0.026698
vt 0.125138 0.040618
vt 0.363323 0.044920
vt 0.461211 0.056389
vt 0.114656 0.083148
vt 0.128082 0.110700
vt 0.466974 0.079440
vt 0.396801 0.109583
vt 0.345740 0.218419
vt 0.158805 0.046562
vt 0.361009 0.107136
vt 0.212264 0.093809
vt 0.204982 0.218327
vt 0.226791 0.056935
vt 0.229179 0.093286
vt 0.246067 0.092223
vt 0.255137 0.092099
vt 0.884191 0.095549
vt 0.853655 0.095653
vt 0.854753 0.074189
vt 0.884265 0.075061
vt 0.885799 0.054616
vt 0.855335 0.052709
vt 0.203340 0.068369
vt 0.888472 0.044995
vt 0.116537 0.064410
vt 0.377147 0.224500
vt 0.136900 0.057215
vt 0.135301 0.068971
vt 0.159593 0.072808
vt 0.169578 0.075371
vt 0.426769 0.099419
vt 0.397393 0.099512
vt 0.398467 0.077209
vt 0.426850 0.078134
vt 0.428347 0.056895
vt 0.399054 0.054890
vt 0.111199 0.052142
vt 0.430928 0.046902
vt 0.398347 0.732496
vt 0.353774 0.704759
vt 0.655189 0.607952
vt 0.404645 0.715309
vt 0.625247 0.642548
vt 0.669008 0.617360
vt 0.670290 0.641156
vt 0.629866 0.657272
vt 0.633967 0.675274
vt 0.674058 0.664432
vt 0.345812 0.774768
vt 0.637449 0.692485
vt 0.387906 0.765553
vt 0.346295 0.752641
vt 0.351218 0.728717
vt 0.392980 0.747350
vt 0.854032 0.642643
vt 0.181252 0.694641
vt 0.859345 0.625630
vt 0.152631 0.732602
vt 0.157999 0.747449
vt 0.163074 0.765647
vt 0.167481 0.783084
vt 0.845329 0.675366
vt 0.849419 0.657366
vt 0.462802 0.754848
vt 0.433121 0.744888
vt 0.586158 0.633072
vt 0.469035 0.736153
vt 0.562716 0.661102
vt 0.591598 0.653084
vt 0.596668 0.669873
vt 0.567525 0.676181
vt 0.573571 0.695803
vt 0.602326 0.689166
vt 0.414557 0.801264
vt 0.575415 0.714705
vt 0.450039 0.789809
vt 0.420413 0.781867
vt 0.427222 0.762131
vt 0.457315 0.770152
vt 0.916571 0.661069
vt 0.887682 0.653104
vt 0.112049 0.724515
vt 0.922852 0.642462
vt 0.088177 0.754903
vt 0.117860 0.744959
vt 0.123753 0.762207
vt 0.093657 0.770210
vt 0.100926 0.789871
vt 0.130556 0.781946
vt 0.872833 0.708772
vt 0.104321 0.808576
vt 0.905760 0.695791
vt 0.876995 0.689207
vt 0.882631 0.669903
vt 0.911782 0.676158
vt 0.245118 0.820265
vt 0.256063 0.761423
vt 0.275458 0.816348
vt 0.275456 0.817082
vt 0.305796 0.819611
vt 0.322444 0.827635
vt 0.716707 0.746651
vt 0.742277 0.751635
vt 0.767846 0.746640
vt 0.232576 0.815700
vt 0.789238 0.746868
vt 0.242805 0.909093
vt 0.242913 0.847487
vt 0.275453 0.850080
vt 0.275444 0.899369
vt 0.308078 0.909112
vt 0.307992 0.847504
vt 0.685718 0.768892
vt 0.335635 0.923345
vt 0.710517 0.826756
vt 0.709025 0.772272
vt 0.742280 0.767854
vt 0.742288 0.823907
vt 0.774059 0.826743
vt 0.775535 0.772258
vt 0.216918 0.852154
vt 0.800161 0.835727
vt 0.803587 0.472219
vt 0.184266 0.511368
vt 0.823748 0.473030
vt 0.786007 0.508646
vt 0.783967 0.470951
vt 0.760849 0.468488
vt 0.762764 0.507838
vt 0.739729 0.507585
vt 0.739749 0.469813
vt 0.718652 0.468468
vt 0.716699 0.507812
vt 0.693463 0.508589
vt 0.695538 0.470900
vt 0.347089 0.550471
vt 0.343449 0.511536
vt 0.656251 0.437958
vt 0.370672 0.549455
vt 0.305626 0.550928
vt 0.300328 0.509969
vt 0.323635 0.511057
vt 0.326613 0.553291
vt 0.245263 0.550946
vt 0.250519 0.509979
vt 0.275426 0.509223
vt 0.275447 0.553833
vt 0.203857 0.550446
vt 0.207534 0.511493
vt 0.227207 0.511082
vt 0.224277 0.553331
vt 0.296688 0.941095
vt 0.317831 0.963343
vt 0.722395 0.859395
vt 0.742293 0.859091
vt 0.762190 0.859387
vt 0.672412 0.557619
vt 0.673996 0.509116
vt 0.676597 0.435714
vt 0.676064 0.420456
vt 0.798456 0.058765
vt 0.820876 0.052919
vt 0.343747 0.061021
vt 0.365907 0.055032
vt 0.963235 0.483911
vt 0.902883 0.489040
vt 0.909072 0.482168
vt 0.925033 0.475729
vt 0.931354 0.463643
vt 0.080884 0.498420
vt 0.084741 0.496992
vt 0.090126 0.497750
vt 0.096539 0.509638
vt 0.112499 0.516024
vt 0.245369 0.109349
vt 0.249130 0.116712
vt 0.914174 0.091435
vt 0.914507 0.075957
vt 0.915392 0.060496
vt 0.143488 0.116794
vt 0.145270 0.126440
vt 0.455609 0.095160
vt 0.455938 0.079081
vt 0.456800 0.063019
vt 0.982240 0.434188
vt 0.963585 0.427947
vt 0.946509 0.423110
vt 0.890921 0.433118
vt 0.882130 0.436526
vt 0.926679 0.423006
vt 0.909612 0.427375
vt 0.937930 0.422313
vt 0.075163 0.457134
vt 0.058225 0.461798
vt 0.039557 0.467684
vt 0.094859 0.456979
vt 0.083682 0.456346
vt 0.130564 0.466891
vt 0.111877 0.461251
vt 0.033116 0.470128
vt 0.675805 0.472192
vt 0.653419 0.509254
vt 0.655248 0.472962
vt 0.367019 0.511392
vt 0.176921 0.588998
vt 0.180547 0.549455
vt 0.822760 0.437993
vt 0.233028 0.963316
vt 0.215241 0.923308
vt 0.798841 0.768868
vt 0.699605 0.875602
vt 0.684417 0.835751
vt 0.333987 0.852188
vt 0.228471 0.827609
vt 0.254212 0.785439
vt 0.759269 0.697501
vt 0.785216 0.736222
vt 0.695315 0.746888
vt 0.719972 0.697428
vt 0.296799 0.785396
vt 0.318344 0.815723
vt 0.903939 0.714697
vt 0.136407 0.801345
vt 0.081951 0.736203
vt 0.893090 0.633076
vt 0.446638 0.808511
vt 0.606509 0.708725
vt 0.556410 0.642507
vt 0.438944 0.724452
vt 0.841861 0.692578
vt 0.205190 0.774839
vt 0.146366 0.715395
vt 0.823906 0.608060
vt 0.383498 0.782992
vt 0.673752 0.685953
vt 0.619881 0.625562
vt 0.369876 0.694574
vt 0.624476 0.158216
vt 0.327082 0.211968
vt 0.653476 0.212425
vt 0.306569 0.342322
vt 0.153133 0.050558
vt 0.361352 0.222428
vt 0.125968 0.045756
vt 0.396618 0.225899
vt 0.569871 0.190223
vt 0.388031 0.290471
vt 0.615162 0.304972
vt 0.596954 0.173816
vt 0.584932 0.180968
vt 0.909456 0.190131
vt 0.154402 0.225852
vt 0.888489 0.249012
vt 0.175675 0.355943
vt 0.241882 0.047343
vt 0.189385 0.222364
vt 0.213528 0.046751
vt 0.223402 0.212053
vt 0.855547 0.158550
vt 0.235225 0.276013
vt 0.801766 0.268578
vt 0.882733 0.173912
vt 0.870470 0.167071
vt 0.702590 0.322102
vt 0.284431 0.416033
vt 0.369025 0.419829
vt 0.654789 0.409992
vt 0.841623 0.358035
vt 0.185243 0.480200
vt 0.257695 0.404697
vt 0.773758 0.336466
vt 0.177136 0.638471
vt 0.185108 0.495641
vt 0.653403 0.554919
vt 0.655840 0.423782
vt 0.740026 0.329135
vt 0.739609 0.679991
vt 0.717946 0.727940
vt 0.321543 0.784229
vt 0.275425 0.981496
vt 0.229466 0.784279
vt 0.766602 0.727930
vt 0.275513 0.766895
vt 0.294962 0.761394
vt 0.158494 0.031032
vt 0.235614 0.029385
vt 0.253884 0.807420
vt 0.968218 0.693073
vt 0.970279 0.686813
vt 0.964692 0.720144
vt 0.041234 0.817480
vt 0.965692 0.701614
vt 0.035620 0.790589
vt 0.038855 0.799577
vt 0.026837 0.766821
vt 0.976742 0.669618
vt 0.033170 0.783659
vt 0.515345 0.790561
vt 0.512107 0.799546
vt 0.509721 0.817448
vt 0.514670 0.720260
vt 0.513647 0.701731
vt 0.511110 0.693195
vt 0.509040 0.686939
vt 0.502555 0.669755
vt 0.524137 0.766797
vt 0.517798 0.783632
vt 0.052820 0.522857
vt 0.139366 0.470253
vt 0.968347 0.489050
vt 0.988625 0.436785
vt 0.108883 0.091107
vt 0.106409 0.062482
vt 0.399209 0.044805
vt 0.459518 0.102060
vt 0.428604 0.109556
vt 0.167704 0.057128
vt 0.215342 0.132259
vt 0.203222 0.094543
vt 0.855471 0.043005
vt 0.918242 0.098075
vt 0.886101 0.105305
vt 0.255511 0.067846
vt 0.169019 0.047690
vt 0.166893 0.025823
vt 0.125973 0.120002
vt 0.337008 0.054912
vt 0.115292 0.038211
vt 0.149847 0.015689
vt 0.254586 0.043904
vt 0.241676 0.021944
vt 0.231922 0.132778
vt 0.791425 0.052872
vt 0.199112 0.046316
vt 0.223332 0.014444
vn -0.153740 0.186746 -0.970304
vn -0.153740 0.186746 -0.970304
vn 0.168742 0.520969 -0.836730
vn 0.143374 0.497782 -0.855370
vn 0.296821 0.732607 -0.612522
vn 0.490822 0.374210 -0.786804
vn 0.517873 0.642917 -0.564328
vn 0.258762 0.799776 -0.541665
vn 0.592826 0.679040 -0.432968
vn 0.566151 0.721762 -0.398162
vn 0.726426 0.527079 -0.441012
vn 0.702012 0.569488 -0.427625
vn -0.732633 0.679675 -0.035927
vn -0.640113 0.748871 -0.171606
vn -0.347101 0.830764 -0.435147
vn -0.418858 0.861482 -0.287066
vn -0.101187 0.857148 -0.505032
vn 0.033258 0.813981 -0.579939
vn 0.281711 0.786483 -0.549621
vn 0.127694 0.809838 -0.572588
vn 0.421399 0.711745 -0.561998
vn 0.531079 0.660952 -0.530186
vn 0.780612 0.340093 -0.524388
vn 0.726187 0.393737 -0.563580
vn -0.155178 0.985492 -0.068743
vn -0.411226 0.891976 0.187809
vn -0.387614 0.918598 -0.077030
vn -0.241221 0.965886 -0.094212
vn -0.018485 0.959939 -0.279598
vn -0.014377 0.963270 -0.268149
vn 0.161039 0.939057 -0.303708
vn 0.116502 0.942496 -0.313254
vn 0.215085 0.902936 -0.372081
vn 0.318061 0.885831 -0.337849
vn 0.682050 0.595051 -0.425115
vn 0.432534 0.827210 -0.358662
vn -0.872817 0.017366 -0.487740
vn -0.680791 0.580739 -0.446391
vn -0.362345 0.722663 -0.588612
vn -0.562474 0.090025 -0.821899
vn -0.809661 -0.006615 -0.586861
vn -0.516602 0.698717 -0.494891
vn -0.017668 0.742613 -0.669488
vn -0.244835 0.005576 -0.969549
vn 0.130755 0.005256 -0.991401
vn 0.058556 0.737648 -0.672642
vn 0.216885 0.563576 -0.797084
vn 0.091980 -0.040975 -0.994918
vn -0.287509 -0.924742 0.249380
vn -0.775841 -0.581421 -0.244990
vn -0.581776 -0.562669 -0.587316
vn -0.338023 -0.940742 -0.027288
vn -0.315705 -0.943006 -0.105212
vn -0.491228 -0.756282 -0.432126
vn -0.338204 -0.900825 -0.272273
vn -0.293433 -0.949466 -0.111403
vn -0.193190 -0.965184 -0.176345
vn -0.151065 -0.811072 -0.565104
vn 0.077766 -0.664844 -0.742923
vn 0.023215 -0.984863 -0.171775
vn -0.838798 -0.300829 0.453784
vn -0.516904 -0.689657 0.507133
vn -0.542114 -0.796324 0.268290
vn -0.512393 -0.701092 0.495907
vn -0.285135 -0.859090 0.425045
vn -0.288818 -0.946453 0.144261
vn -0.245568 -0.965974 0.081177
vn -0.230912 -0.910435 0.343201
vn -0.190058 -0.944209 0.268975
vn -0.171391 -0.984826 0.027246
vn 0.180313 -0.975353 -0.127180
vn 0.068630 -0.992931 0.096844
vn -0.765354 -0.017201 0.643380
vn -0.800096 -0.012620 0.599739
vn -0.460042 -0.484411 0.744116
vn -0.389059 -0.417012 0.821422
vn -0.222564 -0.517403 0.826293
vn -0.297893 -0.588745 0.751424
vn -0.286618 -0.596295 0.749855
vn -0.221356 -0.537991 0.813368
vn -0.326410 -0.554818 0.765267
vn -0.321121 -0.604581 0.728946
vn -0.211437 -0.702865 0.679173
vn -0.318886 -0.658025 0.682140
vn -0.231090 0.361248 0.903381
vn -0.232942 0.379265 0.895486
vn -0.230254 0.379348 0.896147
vn -0.229310 0.363501 0.902931
vn 0.914930 0.250990 0.316081
vn 0.577472 0.174430 0.797559
vn 0.098463 0.217920 0.970987
vn 0.654545 0.707452 0.266612
vn -0.030180 0.256514 0.966069
vn 0.007229 0.263964 0.964506
vn 0.005562 0.258868 0.965897
vn -0.031588 0.251754 0.967276
vn 0.748523 -0.644734 -0.155020
vn 0.748523 -0.644734 -0.155020
vn 0.748523 -0.644734 -0.155020
vn 0.748523 -0.644734 -0.155020
vn 0.847838 0.034818 -0.529112
vn 0.908372 -0.041188 -0.416129
vn 0.855928 -0.479140 -0.194451
vn 0.811879 -0.407446 -0.418139
vn 0.960338 0.210618 0.182731
vn 0.960338 0.210619 0.182733
vn 0.960338 0.210619 0.182733
vn 0.960338 0.210618 0.182732
vn -0.961197 0.254032 0.107554
vn -0.961197 0.254032 0.107554
vn -0.961197 0.254032 0.107554
vn -0.961197 0.254032 0.107554
vn -0.765083 -0.129750 0.630724
vn -0.853972 0.463151 0.237115
vn -0.929251 0.267321 0.255013
vn 0.827530 0.543780 -0.139631
vn 0.827531 0.543780 -0.139630
vn 0.827531 0.543780 -0.139630
vn 0.827530 0.543780 -0.139631
vn -0.481113 0.134968 0.866207
vn -0.494094 0.102660 0.863326
vn -0.148516 0.088918 0.984904
vn -0.154384 0.106806 0.982221
vn 0.884306 0.078827 0.460205
vn 0.890727 0.063411 0.450095
vn 0.833012 -0.037038 -0.552014
vn 0.186096 -0.114338 -0.975856
vn 0.156547 -0.082376 -0.984229
vn -0.929233 0.102839 -0.354896
vn -0.924617 0.065098 -0.375294
vn -0.924617 0.065098 -0.375294
vn -0.928524 0.096004 -0.358646
vn -0.744665 -0.083946 0.662138
vn -0.734786 -0.127579 0.666193
vn -0.593906 -0.464260 0.657067
vn -0.625218 -0.395816 0.672631
vn 0.386893 -0.915805 0.107776
vn 0.395124 -0.914083 0.091265
vn 0.395124 -0.914083 0.091265
vn 0.386709 -0.915839 0.108143
vn 0.784061 0.032649 -0.619825
vn 0.761418 0.131464 -0.634791
vn 0.611909 0.486677 -0.623468
vn 0.647146 0.415550 -0.639156
vn 0.148532 0.926019 -0.347026
vn -0.204708 0.913749 0.350938
vn -0.173615 0.984751 -0.011096
vn -0.840353 -0.541445 0.025389
vn -0.832124 -0.552287 -0.050490
vn -0.070228 -0.910583 0.407317
vn -0.133802 -0.860181 0.492124
vn 0.723568 -0.426813 0.542477
vn 0.833405 -0.299541 0.464448
vn 0.974988 0.175566 0.136291
vn 0.956601 0.098049 0.274411
vn 0.847215 0.519406 -0.111551
vn 0.786304 0.538763 -0.302424
vn 0.250380 0.716934 -0.650627
vn 0.156740 0.806557 -0.569999
vn -0.692593 0.433335 -0.576659
vn -0.500551 0.523344 -0.689609
vn -0.934977 -0.014320 -0.354419
vn -0.951967 -0.058847 -0.300494
vn -0.802291 0.552311 0.226457
vn -0.802803 0.564281 0.192596
vn -0.828532 -0.408969 0.382464
vn -0.824749 -0.377987 0.420611
vn -0.085647 -0.969920 0.227861
vn -0.042764 -0.983090 0.178060
vn 0.448537 -0.892677 -0.044074
vn 0.443131 -0.896438 0.005831
vn 0.813791 -0.545580 -0.200217
vn 0.817130 -0.502581 -0.282333
vn 0.800816 0.406658 -0.439686
vn 0.851227 0.368041 -0.374110
vn 0.103943 0.972659 -0.207677
vn 0.097626 0.966195 -0.238616
vn -0.416436 0.909018 -0.016366
vn -0.418610 0.908153 0.004929
vn -0.357193 -0.919013 -0.166817
vn -0.357193 -0.919013 -0.166817
vn 0.067476 -0.993431 -0.092424
vn 0.101931 -0.991110 -0.085501
vn 0.955639 -0.293300 -0.027004
vn 0.955639 -0.293300 -0.027004
vn 0.955639 -0.293300 -0.027004
vn 0.955639 -0.293300 -0.027004
vn 0.293069 -0.024942 -0.955766
vn 0.293069 -0.024942 -0.955766
vn 0.208793 -0.032433 -0.977422
vn 0.208793 -0.032433 -0.977422
vn -0.696393 -0.184404 -0.693564
vn -0.696393 -0.184404 -0.693564
vn -0.696393 -0.184404 -0.693564
vn -0.696393 -0.184404 -0.693564
vn -0.882293 -0.116598 -0.456030
vn -0.882293 -0.116598 -0.456030
vn -0.774366 -0.507042 -0.378505
vn -0.783776 -0.487726 -0.384473
vn 0.224320 -0.970896 -0.083920
vn 0.224320 -0.970896 -0.083920
vn 0.224320 -0.970896 -0.083920
vn 0.224320 -0.970896 -0.083920
vn 0.397014 -0.180608 -0.899867
vn 0.397014 -0.180608 -0.899867
vn 0.359674 -0.106460 -0.926985
vn 0.359675 -0.106460 -0.926985
vn -0.328468 0.616920 -0.715206
vn -0.328468 0.616920 -0.715206
vn -0.328468 0.616920 -0.715206
vn -0.328468 0.616920 -0.715206
vn 0.227901 -0.327945 -0.916795
vn 0.227901 -0.327945 -0.916795
vn 0.225055 -0.325656 -0.918313
vn 0.225027 -0.325634 -0.918328
vn -0.773059 -0.294937 -0.561599
vn -0.773059 -0.294937 -0.561599
vn -0.773059 -0.294937 -0.561599
vn -0.773058 -0.294937 -0.561599
vn -0.224116 0.331701 0.916377
vn -0.227176 0.341447 0.912033
vn -0.226409 0.343157 0.911582
vn -0.223964 0.333483 0.915767
vn 0.974705 0.087269 0.205753
vn 0.974637 0.082829 0.207900
vn 0.974636 0.082787 0.207921
vn 0.974705 0.087269 0.205753
vn 0.114492 -0.239827 -0.964041
vn 0.114492 -0.239827 -0.964041
vn 0.105634 -0.239098 -0.965233
vn 0.105661 -0.239100 -0.965229
vn -0.422569 0.633857 -0.647812
vn -0.422569 0.633857 -0.647812
vn -0.422569 0.633857 -0.647812
vn -0.422569 0.633857 -0.647812
vn -0.096983 0.247959 0.963904
vn -0.074233 0.250003 0.965395
vn -0.079431 0.245740 0.966076
vn -0.101489 0.245157 0.964157
vn 0.445926 -0.855255 0.263985
vn 0.453254 -0.853368 0.257534
vn 0.453637 -0.853267 0.257195
vn 0.445926 -0.855255 0.263985
vn 0.049083 0.883233 0.466358
vn 0.700329 0.713538 -0.020062
vn 0.074981 0.243740 0.966938
vn 0.005609 0.288585 0.957438
vn -0.059351 -0.457347 0.887306
vn 0.562048 -0.825649 0.049047
vn 0.125695 -0.973595 0.190563
vn -0.097372 -0.941501 0.322638
vn -0.079175 -0.882623 -0.463366
vn 0.188725 -0.810353 -0.554717
vn 0.252344 -0.198912 -0.946972
vn -0.027069 -0.285949 -0.957863
vn 0.034057 0.406077 -0.913204
vn 0.327409 0.497659 -0.803206
vn 0.326769 0.930162 -0.167394
vn 0.076417 0.973114 -0.217277
vn 0.472897 -0.742720 0.474063
vn 0.936261 -0.006533 0.351244
vn 0.932400 0.085905 0.351069
vn 0.599430 0.778185 0.187382
vn 0.174494 0.981096 -0.083677
vn -0.713251 0.581078 -0.391945
vn -0.953966 -0.040611 -0.297154
vn -0.777727 -0.624386 0.072684
vn -0.180950 -0.898518 0.399903
vn -0.301540 0.586668 0.751594
vn -0.220615 0.787623 0.575308
vn -0.210419 0.117710 0.970499
vn -0.192100 0.014410 0.981270
vn -0.012528 -0.571018 0.820842
vn -0.099045 -0.624764 0.774506
vn 0.047398 -0.979836 0.194098
vn 0.266969 -0.959888 0.085690
vn 0.477611 -0.547743 -0.686924
vn 0.110789 -0.827170 -0.550923
vn 0.144739 -0.204196 -0.968171
vn 0.433189 0.012928 -0.901210
vn 0.226633 0.588421 -0.776143
vn 0.087936 0.463214 -0.881873
vn -0.100575 0.972830 -0.208535
vn -0.195250 0.978787 -0.062071
vn 0.361935 -0.325845 0.873400
vn 0.069183 -0.527576 0.846686
vn 0.621983 -0.702498 0.345883
vn 0.537330 -0.755181 0.375472
vn 0.424080 -0.876988 -0.225939
vn 0.519042 -0.784709 -0.338861
vn 0.045184 0.169005 -0.984579
vn 0.033346 -0.445394 -0.894714
vn -0.277586 0.469888 -0.837945
vn -0.596748 0.665390 -0.448496
vn -0.876233 0.477343 -0.066021
vn -0.382849 0.879234 -0.283503
vn -0.433290 0.835213 0.338642
vn -0.835505 -0.139694 0.531429
vn -0.376847 -0.349180 0.857939
vn -0.173518 0.419560 0.890989
vn -0.320602 0.906836 0.273610
vn -0.320602 0.906836 0.273610
vn -0.320602 0.906836 0.273610
vn -0.320602 0.906836 0.273610
vn 0.982038 0.095377 -0.162805
vn 0.982038 0.095377 -0.162805
vn 0.980621 -0.098338 -0.169446
vn 0.657200 -0.550453 0.514869
vn -0.126993 -0.943852 0.304985
vn 0.046349 -0.746737 0.663503
vn -0.455401 -0.382127 0.804107
vn -0.666199 0.227874 -0.710107
vn -0.848058 0.284221 0.447232
vn -0.642329 0.763973 -0.061305
vn -0.551289 0.826936 0.110713
vn 0.126005 0.978835 -0.161262
vn 0.102543 0.941988 -0.319599
vn 0.765480 0.480708 -0.427739
vn 0.761899 0.603398 -0.235415
vn 0.995369 -0.043144 -0.085908
vn 0.909973 -0.187330 -0.369941
vn 0.559985 -0.828500 -0.002208
vn 0.604082 -0.755584 0.253332
vn -0.034292 -0.870958 0.490160
vn -0.093620 -0.933521 0.346083
vn -0.749561 -0.571309 0.334312
vn -0.632402 -0.529838 0.565101
vn -0.870591 0.298084 0.391431
vn -0.974672 0.183239 0.128214
vn -0.808176 0.045957 0.587146
vn -0.759609 0.617561 0.203993
vn -0.778464 0.603857 0.171322
vn -0.450360 -0.548803 0.704266
vn -0.480863 -0.463828 0.744066
vn -0.309055 -0.608401 0.730981
vn -0.280334 -0.702983 0.653627
vn -0.243223 -0.773509 0.585258
vn -0.284042 -0.645551 0.708932
vn -0.290709 -0.679840 0.673280
vn -0.233227 -0.827112 0.511362
vn -0.058636 -0.913302 0.403040
vn -0.141689 -0.781544 0.607547
vn 0.945162 -0.068852 -0.319263
vn 0.939188 -0.057230 -0.338600
vn 0.843258 -0.537044 0.022356
vn 0.862416 -0.506002 -0.014169
vn 0.598822 0.676839 -0.428137
vn 0.527879 0.689634 -0.495731
vn 0.734019 0.458832 -0.500688
vn 0.798376 0.393762 -0.455573
vn 0.273391 0.871431 -0.407267
vn 0.342682 0.840330 -0.420018
vn 0.433522 0.766279 -0.474210
vn 0.449603 0.803313 -0.390570
vn -0.479122 0.861680 -0.167185
vn -0.378317 0.919538 -0.106423
vn 0.075493 0.946338 -0.314237
vn -0.092723 0.926784 -0.363970
vn 0.342789 0.843209 -0.414119
vn 0.178715 0.938226 -0.296299
vn -0.323823 0.936109 -0.137255
vn 0.557481 0.667031 -0.494252
vn 0.524738 0.680153 -0.511900
vn 0.415613 0.766488 -0.489656
vn 0.817863 0.302347 -0.489578
vn 0.817863 0.302347 -0.489578
vn 0.943087 -0.145094 -0.299225
vn 0.713440 0.496509 -0.494452
vn -0.140131 0.805295 -0.576076
vn 0.031560 0.885471 -0.463621
vn 0.458430 0.470456 -0.753998
vn 0.372768 -0.243857 -0.895309
vn 0.241942 -0.750060 -0.615528
vn -0.291700 -0.811292 -0.506673
vn -0.736326 -0.558172 -0.382450
vn 0.559964 -0.798609 -0.220600
vn 0.460282 -0.876259 0.142515
vn -0.084988 -0.181007 0.979803
vn -0.105093 -0.173673 0.979180
vn -0.116083 -0.172032 0.978228
vn -0.515766 -0.094692 0.851480
vn -0.515766 -0.094692 0.851480
vn -0.360043 -0.382244 0.851034
vn -0.319913 0.515886 0.794681
vn -0.145758 -0.440154 0.886013
vn -0.210038 -0.165604 0.963566
vn 0.381958 -0.803881 0.455942
vn 0.205903 -0.842468 0.497847
vn -0.309662 -0.794783 0.521948
vn -0.309662 -0.794783 0.521948
vn -0.467714 -0.449038 0.761321
vn -0.432162 -0.557795 0.708591
vn -0.227588 0.379426 0.896794
vn -0.227405 0.363323 0.903484
vn -0.225639 0.344825 0.911144
vn 0.003970 0.253991 0.967199
vn -0.038374 0.245917 0.968531
vn -0.084777 0.241393 0.966717
vn 0.536355 -0.829717 0.154575
vn 0.536355 -0.829717 0.154575
vn 0.536355 -0.829717 0.154575
vn 0.536355 -0.829717 0.154575
vn 0.779516 -0.621759 0.075965
vn 0.785596 -0.268792 -0.557306
vn 0.960338 0.210617 0.182733
vn 0.960338 0.210617 0.182733
vn 0.960339 0.210616 0.182731
vn 0.960339 0.210616 0.182731
vn 0.960339 0.210616 0.182729
vn 0.960339 0.210616 0.182729
vn 0.960338 0.210618 0.182731
vn 0.960338 0.210618 0.182731
vn -0.888082 0.238705 -0.392850
vn -0.888082 0.238705 -0.392850
vn -0.888082 0.238705 -0.392850
vn -0.888082 0.238705 -0.392850
vn -0.798496 0.584207 0.145281
vn -0.971583 0.173503 0.161006
vn 0.827530 0.543780 -0.139631
vn 0.827530 0.543780 -0.139631
vn 0.827530 0.543781 -0.139631
vn 0.827530 0.543781 -0.139631
vn 0.827530 0.543781 -0.139631
vn 0.827530 0.543781 -0.139631
vn 0.827530 0.543780 -0.139632
vn 0.827530 0.543780 -0.139632
vn 0.155342 0.068326 0.985495
vn 0.177750 0.081387 0.980704
vn 0.209670 0.100018 0.972643
vn -0.156123 0.141951 0.977484
vn -0.469157 0.163370 0.867872
vn 0.991272 0.062113 -0.116287
vn 0.992315 -0.043586 -0.115807
vn 0.992315 -0.043586 -0.115807
vn 0.913509 -0.000084 0.406820
vn 0.913509 -0.000084 0.406820
vn -0.180805 -0.118319 -0.976376
vn -0.242891 -0.048952 -0.968818
vn -0.291557 0.007466 -0.956524
vn 0.162795 -0.034807 -0.986046
vn 0.623119 -0.072855 -0.778726
vn -0.989066 0.132044 0.065678
vn -0.989066 0.132044 0.065678
vn -0.987294 0.148043 0.057739
vn -0.986964 0.150733 0.056400
vn -0.984917 0.166008 0.048773
vn -0.984918 0.166008 0.048773
vn -0.931753 0.134077 -0.337430
vn -0.931753 0.134077 -0.337430
vn -0.393721 -0.720317 0.571075
vn -0.426304 -0.668983 0.608874
vn -0.453681 -0.620004 0.640132
vn -0.632760 -0.358878 0.686164
vn -0.755482 -0.025613 0.654668
vn 0.624286 -0.760737 -0.177612
vn 0.624286 -0.760737 -0.177612
vn 0.612189 -0.777849 -0.142045
vn 0.613182 -0.776546 -0.144862
vn 0.599562 -0.793064 -0.107589
vn 0.599562 -0.793064 -0.107589
vn 0.379163 -0.917117 0.123011
vn 0.379163 -0.917117 0.123011
vn 0.367852 0.742980 -0.559166
vn 0.666166 0.362223 -0.651934
vn 0.796698 -0.050435 -0.602270
vn -0.531934 0.783529 0.321137
vn -0.535426 0.784787 0.312137
vn -0.567306 0.793230 0.221245
vn -0.567306 0.793230 0.221245
vn -0.266436 0.960254 -0.083217
vn -0.266436 0.960254 -0.083217
vn 0.737781 -0.373637 0.562205
vn -0.141572 -0.817209 0.558683
vn -0.884731 -0.464472 0.038952
vn 0.824900 0.565249 0.005787
vn 0.940065 0.104831 0.324482
vn -0.757022 0.419474 -0.500958
vn 0.041101 0.876373 -0.479875
vn -0.956765 -0.028307 -0.289481
vn -0.015151 -0.970989 0.238642
vn -0.797509 -0.394913 0.456096
vn -0.775920 0.579695 0.248801
vn 0.839002 -0.526115 -0.138848
vn 0.473586 -0.879938 0.037755
vn 0.179218 0.964489 -0.194016
vn 0.905695 0.292057 -0.307277
vn -0.388036 0.921539 0.013950
vn 0.499060 -0.866555 0.004686
vn 0.499060 -0.866555 0.004686
vn 0.465617 -0.779718 0.418617
vn 0.465617 -0.779718 0.418617
vn -0.008265 -0.930825 0.365371
vn -0.024190 -0.931868 0.361990
vn -0.496740 -0.841193 0.213645
vn -0.496740 -0.841193 0.213645
vn 0.946302 -0.062641 -0.317159
vn 0.946302 -0.062641 -0.317158
vn 0.946302 -0.062641 -0.317158
vn 0.946302 -0.062641 -0.317158
vn 0.974554 0.078776 0.209855
vn 0.974554 0.078776 0.209855
vn 0.944407 -0.155063 0.289917
vn 0.944407 -0.155063 0.289917
vn 0.944407 -0.155063 0.289917
vn 0.944407 -0.155063 0.289917
vn 0.122924 -0.039676 -0.991623
vn 0.122924 -0.039676 -0.991623
vn -0.160307 0.977645 0.136063
vn -0.160307 0.977645 0.136063
vn -0.115782 0.982542 0.145625
vn -0.115782 0.982542 0.145625
vn -0.071014 0.985377 0.154882
vn -0.071014 0.985377 0.154882
vn -0.823958 -0.400457 -0.400908
vn -0.823958 -0.400457 -0.400908
vn -0.823958 -0.400457 -0.400908
vn -0.823958 -0.400457 -0.400908
vn -0.949822 -0.290392 -0.116238
vn -0.949822 -0.290392 -0.116238
vn -0.949822 -0.290392 -0.116238
vn -0.949822 -0.290392 -0.116238
vn -0.974296 -0.079033 -0.210952
vn -0.974501 -0.083629 -0.208217
vn -0.974497 -0.083526 -0.208278
vn -0.974296 -0.079033 -0.210952
vn -0.554686 -0.794251 -0.247969
vn -0.554686 -0.794251 -0.247969
vn -0.591486 -0.783579 0.190126
vn -0.591486 -0.783579 0.190126
vn -0.898166 -0.432236 0.080439
vn -0.887927 -0.451824 0.086261
vn -0.999124 -0.003603 -0.041703
vn -0.999124 -0.003603 -0.041703
vn 0.489710 -0.819192 -0.298511
vn 0.489710 -0.819192 -0.298511
vn 0.489710 -0.819192 -0.298511
vn 0.489711 -0.819192 -0.298511
vn 0.460203 -0.851489 0.251355
vn 0.460203 -0.851489 0.251355
vn 0.253993 -0.931507 0.260351
vn 0.253993 -0.931507 0.260351
vn 0.253993 -0.931507 0.260351
vn 0.253993 -0.931507 0.260351
vn 0.319591 -0.031500 -0.947032
vn 0.319591 -0.031500 -0.947032
vn 0.712095 0.558086 0.425982
vn 0.712095 0.558086 0.425982
vn 0.733181 0.519504 0.438818
vn 0.733181 0.519504 0.438818
vn 0.752728 0.479832 0.450734
vn 0.752728 0.479832 0.450734
vn -0.620038 0.562451 -0.546993
vn -0.620038 0.562451 -0.546993
vn -0.620038 0.562451 -0.546993
vn -0.620038 0.562451 -0.546993
vn -0.648654 0.726491 -0.226845
vn -0.648654 0.726491 -0.226845
vn -0.648654 0.726491 -0.226845
vn -0.648654 0.726491 -0.226845
vn -0.464156 0.848375 -0.254595
vn -0.456324 0.851273 -0.259043
vn -0.456426 0.851235 -0.258985
vn -0.464156 0.848375 -0.254595
vn 0.222159 -0.323326 -0.919840
vn 0.222159 -0.323326 -0.919840
vn 0.123322 -0.286491 -0.950113
vn 0.123322 -0.286491 -0.950113
vn 0.220640 -0.279216 -0.934535
vn 0.220775 -0.279204 -0.934507
vn 0.315952 -0.269197 -0.909784
vn 0.315952 -0.269197 -0.909784
vn -0.974692 -0.088614 -0.205240
vn -0.974692 -0.088614 -0.205240
vn -0.995404 0.093493 -0.020761
vn -0.995403 0.093493 -0.020761
vn -0.995403 0.093493 -0.020761
vn -0.995404 0.093493 -0.020761
vn -0.688398 -0.249449 -0.681089
vn -0.688399 -0.249449 -0.681089
vn -0.688398 -0.249449 -0.681089
vn -0.688398 -0.249449 -0.681089
vn -0.223812 0.335264 0.915154
vn -0.132033 0.413461 0.900898
vn -0.132033 0.413461 0.900898
vn -0.221791 0.407537 0.885846
vn -0.221695 0.407545 0.885866
vn -0.309594 0.398237 0.863457
vn -0.309594 0.398237 0.863457
vn 0.974020 -0.131390 -0.184450
vn 0.974020 -0.131390 -0.184450
vn 0.974020 -0.131390 -0.184450
vn 0.974020 -0.131390 -0.184450
vn 0.934084 -0.107965 -0.340339
vn 0.934084 -0.107965 -0.340339
vn 0.934084 -0.107965 -0.340339
vn 0.934084 -0.107965 -0.340339
vn 0.889893 0.257573 0.376494
vn 0.889893 0.257573 0.376494
vn 0.889893 0.257573 0.376494
vn 0.889893 0.257573 0.376494
vn 0.096749 -0.238347 -0.966349
vn 0.096749 -0.238347 -0.966349
vn 0.100672 -0.144471 -0.984375
vn 0.100672 -0.144471 -0.984375
vn 0.144729 -0.230176 -0.962327
vn 0.144695 -0.230110 -0.962348
vn 0.187342 -0.313576 -0.930899
vn 0.187342 -0.313576 -0.930899
vn -0.447990 0.854256 -0.263726
vn -0.447990 0.854256 -0.263726
vn -0.358413 0.932705 -0.040013
vn -0.358413 0.932705 -0.040013
vn -0.358413 0.932705 -0.040013
vn -0.358413 0.932705 -0.040013
vn -0.310400 0.571832 -0.759382
vn -0.310400 0.571832 -0.759382
vn -0.310400 0.571832 -0.759382
vn -0.310400 0.571832 -0.759382
vn -0.106016 0.242334 0.964383
vn 0.016699 0.211909 0.977147
vn 0.016699 0.211909 0.977147
vn -0.023926 0.290610 0.956543
vn -0.023913 0.290584 0.956551
vn -0.064359 0.366917 0.928025
vn -0.064359 0.366917 0.928025
vn 0.382836 -0.907072 -0.175091
vn 0.382836 -0.907072 -0.175091
vn 0.382836 -0.907072 -0.175091
vn 0.382836 -0.907072 -0.175091
vn 0.426298 -0.849380 -0.311165
vn 0.426298 -0.849380 -0.311165
vn 0.426298 -0.849380 -0.311165
vn 0.426298 -0.849380 -0.311165
vn 0.499576 -0.719948 0.481767
vn 0.499576 -0.719948 0.481767
vn 0.499576 -0.719948 0.481767
vn 0.499576 -0.719948 0.481767
vn 0.018792 -0.534266 0.845108
vn -0.122535 0.012875 0.992381
vn -0.244004 0.559519 0.792086
vn 0.497133 -0.515118 -0.698221
vn 0.260154 -0.962360 0.078635
vn 0.222190 0.623483 -0.749600
vn 0.453541 0.060267 -0.889195
vn -0.197303 0.980215 -0.015824
vn 0.536163 -0.823887 -0.183684
vn 0.602861 -0.693338 0.394767
vn 0.448613 -0.343647 0.825017
vn -0.209427 0.452495 -0.866827
vn 0.122251 -0.416487 -0.900885
vn -0.315469 0.930423 0.186528
vn -0.314256 0.864685 -0.391872
vn -0.052345 0.441109 0.895926
vn 0.698308 0.707683 -0.107474
vn 0.698308 0.707683 -0.107474
vn 0.698308 0.707683 -0.107474
vn 0.698308 0.707683 -0.107474
vn 0.826149 0.562862 -0.025773
vn 0.136482 0.990568 0.012169
vn -0.506818 0.794983 0.333373
vn 0.930517 0.165598 0.326672
vn -0.746512 0.487245 0.453114
vn -0.746512 0.487245 0.453114
vn -0.576775 0.421765 0.699604
vn 0.418189 -0.825868 0.378232
vn -0.249257 0.967613 -0.039958
vn -0.311903 0.757534 0.573462
vn -0.311903 0.757534 0.573462
vn -0.249100 0.967619 -0.040778
vn -0.217294 0.113446 0.969491
vn -0.217294 0.113446 0.969491
vn -0.217294 0.113446 0.969491
vn -0.217294 0.113446 0.969491
vn -0.165786 -0.123264 0.978428
vn -0.165786 -0.123264 0.978428
vn -0.165786 -0.123264 0.978428
vn -0.165786 -0.123264 0.978428
vn 0.053442 -0.843750 0.534069
vn 0.177032 -0.983843 0.026701
vn 0.177038 -0.983843 0.026665
vn 0.053442 -0.843750 0.534069
vn 0.235709 -0.905072 -0.353957
vn 0.235709 -0.905072 -0.353957
vn 0.170790 -0.010575 -0.985251
vn 0.170790 -0.010575 -0.985251
vn 0.170790 -0.010575 -0.985251
vn 0.170790 -0.010575 -0.985251
vn 0.164749 0.017093 -0.986187
vn 0.164749 0.017093 -0.986187
vn 0.164749 0.017093 -0.986187
vn 0.164749 0.017093 -0.986187
vn -0.130924 0.856262 -0.499674
vn -0.130924 0.856263 -0.499674
vn -0.149865 0.400713 0.903864
vn 0.156176 -0.037175 0.987029
vn 0.156176 -0.037175 0.987029
vn -0.149885 0.400739 0.903849
vn 0.524104 -0.676468 0.517403
vn 0.524104 -0.676468 0.517403
vn 0.524104 -0.676468 0.517403
vn 0.524104 -0.676468 0.517403
vn 0.552499 -0.777982 0.299148
vn 0.552499 -0.777982 0.299148
vn 0.552499 -0.777982 0.299148
vn 0.552499 -0.777982 0.299148
vn 0.405353 -0.796667 -0.448342
vn 0.087844 -0.441757 -0.892824
vn 0.087381 -0.441140 -0.893174
vn 0.405353 -0.796667 -0.448342
vn -0.180681 -0.044799 -0.982521
vn -0.180681 -0.044799 -0.982521
vn -0.561014 0.711124 -0.423752
vn -0.561014 0.711125 -0.423752
vn -0.561014 0.711125 -0.423752
vn -0.561014 0.711124 -0.423752
vn -0.564393 0.723071 -0.398282
vn -0.564393 0.723071 -0.398283
vn -0.564393 0.723071 -0.398283
vn -0.564393 0.723071 -0.398282
vn -0.348687 0.650633 0.674607
vn -0.348687 0.650633 0.674607
s 1
g pCube1
usemtl pCube1SG
f 101/1/1 1/2/2 98/3/3 97/4/4
f 99/5/5 2/6/6 103/7/7 102/8/8
f 104/9/9 3/10/10 107/11/11 106/12/12
s 3
f 114/13/13 5/14/14 111/15/15 110/16/16
f 112/17/17 6/18/18 116/19/19 115/20/20
f 117/21/21 7/22/22 120/23/23 119/24/24
f 126/25/25 9/26/26 113/27/27 123/28/28
f 124/29/29 10/30/30 118/31/31 127/32/32
f 128/33/33 11/34/34 122/35/35 130/36/36
f 136/424/37 13/38/38 125/39/39 133/474/40
f 141/401/41 85/42/42 138/43/43 137/473/44
f 145/413/45 15/477/46 132/47/47 142/472/48
f 149/49/49 17/50/50 135/51/51 146/52/52
f 147/53/53 18/54/54 151/470/55 150/56/56
f 152/57/57 19/58/58 144/59/59 154/60/60
f 160/61/61 21/62/62 148/63/63 157/64/64
f 158/65/65 22/66/66 153/67/67 161/68/68
f 162/69/69 23/70/70 156/71/71 164/72/72
f 171/73/73 90/74/74 168/75/75 167/76/76
f 169/77/77 91/78/78 173/79/79 172/80/80
f 174/81/81 92/82/82 177/83/83 176/84/84
s 10
f 184/85/85 49/86/86 181/87/87 180/88/88
s 1
f 187/464/89 30/90/90 175/91/91 185/469/92
s 12
f 192/93/93 53/94/94 189/95/95 188/96/96
s off
f 108/97/97 4/98/98 194/99/99 193/100/100
s 3
f 121/101/101 8/102/102 197/103/103 196/104/104
s 13
f 378/105/105 377/106/106 379/107/107 380/108/108
s off
f 171/73/109 29/109/110 204/110/111 203/111/112
s 3
f 160/61/61 25/112/113 207/113/114 206/114/115
s 14
f 386/501/116 387/116/117 388/117/118 389/118/119
s 15
f 216/119/120 29/109/121 170/120/122 213/121/123
s 1
f 214/122/124 30/90/90 187/464/89 217/123/125
f 218/124/126 2/6/6 98/3/127 220/125/128
s 17
f 221/126/129 1/2/130 204/462/131 223/127/132
s 18
f 228/128/133 31/129/134 179/130/135 225/131/136
s 19
f 226/132/137 32/133/138 194/460/139 229/134/140
s 1
f 230/135/141 4/98/142 107/11/143 232/136/144
f 233/137/145 3/10/10 186/458/146 235/139/147
s 21
f 240/140/148 33/141/149 215/142/150 237/143/151
f 238/144/152 34/145/153 219/454/154 241/147/155
f 242/148/156 35/149/157 222/150/158 244/151/159
f 245/152/160 36/153/161 224/447/162 247/155/163
s 22
f 252/156/164 37/157/165 227/158/166 249/159/167
f 250/160/168 38/161/169 231/441/170 253/163/171
f 254/164/172 39/165/173 234/166/174 256/167/175
f 257/168/176 40/169/177 236/434/178 259/171/179
s 23
f 263/524/180 41/479/181 239/174/182 261/528/183
s off
f 262/176/184 42/177/185 243/178/186 264/527/187
s 24
f 270/511/188 58/181/189 267/182/190 266/525/191
s off
f 272/516/192 44/448/193 248/186/194 271/523/195
s 25
f 275/518/196 45/478/197 251/190/198 273/522/199
s off
f 274/192/200 46/193/201 255/194/202 276/521/203
s 26
f 282/505/204 62/197/205 279/198/206 278/519/207
s off
f 284/510/208 48/435/209 260/202/210 283/517/211
s 27
f 287/204/212 43/450/213 246/206/214 285/207/215
s off
f 286/208/216 44/448/217 272/516/218 288/209/219
s 10
f 289/210/220 52/211/221 183/212/222 290/213/223
s 28
f 291/214/224 51/215/225 265/513/226 292/217/227
s 29
f 295/218/228 47/437/229 258/220/230 293/221/231
s off
f 294/222/232 48/435/233 284/510/234 296/223/235
s 12
f 297/224/236 56/225/237 191/226/238 298/227/239
s 30
f 299/228/240 55/229/241 277/507/242 300/231/243
s 3
f 304/232/244 12/233/245 198/430/246 301/235/247
f 302/236/248 24/237/249 155/238/250 305/239/251
f 306/240/252 20/241/253 143/428/254 308/243/255
f 309/244/256 16/245/257 131/246/258 311/247/259
f 316/248/260 21/62/62 208/426/261 313/250/262
f 314/251/263 9/26/26 126/25/25 317/252/264
f 318/253/265 13/38/38 136/424/37 320/254/266
f 321/255/267 17/50/50 149/49/49 323/256/268
f 327/257/269 66/258/270 303/422/271 325/260/272
f 326/261/273 65/262/274 307/263/275 328/264/276
f 329/265/277 67/266/278 310/420/279 330/268/280
f 331/269/281 68/270/282 312/271/283 332/272/284
f 335/273/285 69/274/286 315/418/287 333/276/288
f 334/277/289 70/278/290 319/279/291 336/280/292
f 337/281/293 71/282/294 322/416/295 338/284/296
f 339/285/297 72/286/298 324/287/299 340/288/300
s off
f 344/289/301 14/480/302 129/291/303 341/292/304
s 3
f 342/293/305 15/46/306 145/414/45 345/294/307
f 346/295/308 19/471/58 151/55/309 348/296/310
f 349/297/311 18/475/54 134/410/312 351/299/313
f 355/300/314 81/301/315 343/302/316 353/303/317
f 354/304/318 82/305/319 347/406/320 356/307/321
f 357/308/322 83/309/323 350/310/324 358/311/325
f 359/312/326 84/313/327 352/403/328 360/315/329
f 363/316/330 90/74/74 205/400/331 361/318/332
f 363/316/330 25/112/113 159/319/333 364/320/334
f 365/321/335 26/322/336 163/323/337 366/324/338
f 367/325/339 27/326/340 166/327/341 368/328/342
f 371/329/343 94/330/344 195/397/345 370/332/346
f 373/333/347 95/334/348 109/335/349 372/336/350
f 375/337/351 96/338/352 105/339/353 374/340/354
f 362/341/355 89/342/356 100/343/357 376/344/358
s 1
f 98/3/3 2/6/6 99/5/5 97/4/4
s 3
f 99/5/359 96/338/352 100/343/357 97/4/360
f 100/343/357 89/342/356 101/1/361 97/4/360
s 1
f 103/7/7 3/10/10 104/9/9 102/8/362
s 3
f 104/9/363 95/334/348 105/339/353 102/8/364
f 105/339/353 96/338/352 99/5/359 102/8/364
s 1
f 107/11/11 4/98/365 108/97/366 106/12/12
s 3
f 108/97/367 94/330/344 109/335/349 106/12/368
f 109/335/349 95/334/348 104/9/363 106/12/368
f 111/15/15 6/18/18 112/17/17 110/16/16
f 112/17/17 10/30/30 113/27/27 110/16/16
f 113/27/27 9/26/26 114/13/13 110/16/16
f 116/19/19 7/22/22 117/21/21 115/20/20
f 117/21/21 11/34/34 118/31/31 115/20/20
f 118/31/31 10/30/30 112/17/17 115/20/20
f 120/23/23 8/102/102 121/101/101 119/24/24
f 121/101/101 12/233/245 122/35/35 119/24/24
f 122/35/35 11/34/34 117/21/21 119/24/24
f 113/27/27 10/30/30 124/29/29 123/28/28
f 124/29/29 14/290/369 125/39/39 123/28/28
f 125/39/39 13/38/38 126/25/25 123/28/28
f 118/31/31 11/34/34 128/33/33 127/32/32
f 128/33/33 15/477/46 129/476/370 127/32/32
f 129/476/370 14/290/369 124/29/29 127/32/32
f 122/35/35 12/233/245 131/246/258 130/36/36
f 131/246/258 16/245/257 132/47/47 130/36/36
f 132/47/47 15/477/46 128/33/33 130/36/36
f 125/39/39 14/290/369 134/408/312 133/474/40
f 134/409/312 18/54/54 135/51/51 133/40/40
f 135/51/51 17/50/50 136/37/37 133/40/40
f 138/43/43 86/345/371 139/346/372 137/473/44
f 139/404/372 87/347/373 140/348/374 137/44/44
f 140/348/374 88/349/375 141/41/41 137/44/44
f 132/47/47 16/245/257 143/242/254 142/472/48
f 143/428/254 20/241/253 144/59/59 142/48/48
f 144/59/59 19/58/58 145/412/45 142/48/48
f 135/51/51 18/54/54 147/53/53 146/52/52
f 147/53/53 22/66/66 148/63/63 146/52/52
f 148/63/63 21/62/62 149/49/49 146/52/52
f 151/470/55 19/58/58 152/57/57 150/56/56
f 152/57/57 23/70/70 153/67/67 150/56/56
f 153/67/67 22/66/66 147/53/53 150/56/56
f 144/59/59 20/241/253 155/238/250 154/60/60
f 155/238/250 24/237/249 156/71/71 154/60/60
f 156/71/71 23/70/70 152/57/57 154/60/60
f 148/63/63 22/66/66 158/65/65 157/64/64
f 158/65/65 26/322/336 159/319/333 157/64/64
f 159/319/333 25/112/113 160/61/61 157/64/64
f 153/67/67 23/70/70 162/69/69 161/68/68
f 162/69/69 27/326/340 163/323/337 161/68/68
f 163/323/337 26/322/336 158/65/65 161/68/68
f 156/71/71 24/237/249 165/350/376 164/72/72
f 165/350/376 28/351/377 166/327/341 164/72/72
f 166/327/341 27/326/340 162/69/69 164/72/72
f 168/75/75 91/78/78 169/77/77 167/76/76
s 1
f 169/77/378 30/90/90 170/120/379 167/76/380
f 170/120/379 29/109/381 171/73/382 167/76/380
s 3
f 173/79/79 92/82/82 174/81/81 172/80/80
s 1
f 174/81/383 31/129/384 175/91/91 172/80/385
f 175/91/91 30/90/90 169/77/378 172/80/386
s 3
f 177/83/83 93/352/387 178/353/388 176/84/84
s 1
f 178/353/389 32/133/390 179/130/391 176/84/392
f 179/130/391 31/129/384 174/81/383 176/84/392
s 10
f 181/87/87 50/354/393 182/355/394 180/88/88
f 182/355/394 51/215/395 183/212/222 180/88/88
f 183/212/222 52/211/221 184/85/85 180/88/88
s 1
f 175/91/91 31/129/384 186/138/146 185/469/92
f 186/458/146 3/10/10 103/7/7 185/92/92
f 103/7/7 2/6/6 187/89/89 185/92/92
s 12
f 189/95/95 54/356/396 190/357/397 188/96/96
f 190/357/397 55/229/398 191/226/238 188/96/96
f 191/226/238 56/225/237 192/93/93 188/96/96
s off
f 194/460/399 32/133/400 178/353/401 193/468/402
s 3
f 178/353/388 93/352/387 195/331/345 193/468/403
f 195/397/345 94/330/344 108/97/367 193/100/403
f 197/395/103 28/351/377 165/350/376 196/467/104
f 165/350/376 24/237/249 198/234/404 196/467/104
f 198/430/404 12/233/245 121/101/101 196/104/104
s 41
f 379/107/405 381/358/406 382/503/407 380/108/408
f 382/359/407 383/360/409 384/361/410 380/108/408
s 13
f 384/361/411 385/362/412 378/105/105 380/108/108
s off
f 204/462/413 1/2/414 101/1/415 203/466/416
s 3
f 101/1/361 89/342/356 205/317/331 203/466/417
f 205/400/331 90/74/74 171/73/73 203/111/417
f 207/398/114 5/14/14 114/13/13 206/465/115
f 114/13/13 9/26/26 208/249/418 206/465/115
f 208/426/418 21/62/62 160/61/61 206/114/115
s 42
f 388/117/419 390/363/420 391/364/421 389/118/422
f 391/364/421 392/365/423 393/366/424 389/118/422
s 14
f 393/366/425 394/367/426 386/115/116 389/118/119
s 15
f 170/120/122 30/90/427 214/122/428 213/121/123
f 214/122/428 34/145/429 215/142/430 213/121/123
f 215/142/430 33/141/431 216/119/120 213/121/123
s 1
f 187/89/89 2/6/6 218/124/126 217/463/432
f 218/124/126 35/149/433 219/146/434 217/463/432
f 219/454/435 34/145/436 214/122/124 217/123/125
f 98/3/127 1/2/437 221/126/438 220/125/128
f 221/126/438 36/153/439 222/150/440 220/125/128
f 222/150/440 35/149/441 218/124/126 220/125/128
s 43
f 204/110/442 29/109/443 216/119/444 223/461/445
f 216/119/444 33/141/446 224/154/447 223/461/445
s 17
f 224/447/448 36/153/449 221/126/129 223/127/132
s 18
f 179/130/135 32/133/450 226/132/451 225/131/136
f 226/132/451 38/161/452 227/158/453 225/131/136
f 227/158/453 37/157/454 228/128/133 225/131/136
s 44
f 194/99/455 4/98/456 230/135/457 229/459/458
f 230/135/457 39/165/459 231/162/460 229/459/458
s 19
f 231/441/461 38/161/462 226/132/137 229/134/140
s 1
f 107/11/143 3/10/10 233/137/145 232/136/144
f 233/137/145 40/169/463 234/166/464 232/136/144
f 234/166/464 39/165/465 230/135/141 232/136/144
f 186/138/146 31/129/384 228/128/466 235/457/467
f 228/128/466 37/157/468 236/170/469 235/457/467
f 236/434/470 40/169/471 233/137/145 235/139/147
s 21
f 215/142/150 34/145/153 238/144/152 237/143/151
f 238/144/152 42/456/472 239/455/473 237/143/151
f 239/455/473 41/173/474 240/140/148 237/143/151
f 219/146/154 35/149/157 242/148/156 241/453/155
f 242/148/156 43/205/475 243/451/476 241/453/155
f 243/452/476 42/456/472 238/144/152 241/147/155
f 222/150/158 36/153/161 245/152/160 244/151/159
f 245/152/160 44/185/477 246/449/478 244/151/159
f 246/449/478 43/205/475 242/148/156 244/151/159
f 224/154/162 33/141/149 240/140/148 247/446/163
f 240/140/148 41/173/474 248/444/479 247/446/163
f 248/445/479 44/185/477 245/152/160 247/155/163
s 22
f 227/158/166 38/161/169 250/160/168 249/159/167
f 250/160/168 46/443/480 251/442/481 249/159/167
f 251/442/481 45/189/482 252/156/164 249/159/167
f 231/162/170 39/165/173 254/164/172 253/440/171
f 254/164/172 47/219/483 255/438/484 253/440/171
f 255/439/484 46/443/480 250/160/168 253/163/171
f 234/166/174 40/169/177 257/168/176 256/167/175
f 257/168/176 48/201/485 258/436/486 256/167/175
f 258/436/486 47/219/483 254/164/172 256/167/175
f 236/170/178 37/157/165 252/156/164 259/433/179
f 252/156/164 45/189/482 260/431/487 259/433/179
f 260/432/487 48/201/485 257/168/176 259/171/179
s 23
f 239/174/182 42/177/488 262/176/489 261/528/183
s 45
f 262/526/490 50/354/491 181/87/492 261/175/493
f 181/87/492 49/86/494 263/172/495 261/175/493
s off
f 243/178/496 43/450/497 265/216/498 264/527/499
s 28
f 265/513/226 51/215/225 182/355/500 264/179/501
s off
f 182/355/502 50/354/503 262/526/504 264/179/505
s 24
f 267/182/190 57/368/506 268/369/507 266/525/191
s 46
f 268/514/508 59/370/509 269/371/510 266/183/511
f 269/371/510 60/372/512 270/180/513 266/183/511
s off
f 248/186/514 41/479/515 263/524/516 271/523/517
f 263/172/518 49/86/519 184/85/520 271/187/521
s 47
f 184/85/522 52/211/523 272/184/524 271/187/525
s 25
f 251/190/198 46/193/526 274/192/527 273/522/199
s 48
f 274/520/528 54/356/529 189/95/530 273/191/531
f 189/95/530 53/94/532 275/188/533 273/191/531
s off
f 255/194/534 47/437/535 277/230/536 276/521/537
s 30
f 277/507/242 55/229/241 190/357/538 276/195/539
s off
f 190/357/540 54/356/541 274/520/542 276/195/543
s 26
f 279/198/206 61/373/544 280/374/545 278/519/207
s 49
f 280/508/546 63/375/547 281/376/548 278/199/549
f 281/376/548 64/377/550 282/196/551 278/199/549
s off
f 260/202/552 45/478/553 275/518/554 283/517/555
f 275/188/556 53/94/557 192/93/558 283/203/559
s 50
f 192/93/560 56/225/561 284/200/562 283/203/563
s 27
f 246/206/214 44/448/564 286/208/565 285/207/215
s 51
f 286/208/566 57/368/567 267/182/568 285/207/569
f 267/182/568 58/181/570 287/204/571 285/207/569
s 47
f 272/184/524 52/211/523 289/210/572 288/515/573
s off
f 289/210/574 59/370/575 268/514/576 288/515/577
f 268/369/578 57/368/579 286/208/580 288/209/581
s 10
f 183/212/222 51/215/395 291/214/582 290/213/223
s 52
f 291/214/583 60/372/584 269/371/585 290/213/586
f 269/371/585 59/370/587 289/210/588 290/213/586
s off
f 265/216/589 43/450/590 287/204/591 292/512/592
f 287/204/593 58/181/594 270/511/595 292/512/596
f 270/180/597 60/372/598 291/214/599 292/217/600
s 29
f 258/220/230 48/435/601 294/222/602 293/221/231
s 53
f 294/222/603 61/373/604 279/198/605 293/221/606
f 279/198/605 62/197/607 295/218/608 293/221/606
s 50
f 284/200/562 56/225/561 297/224/609 296/509/610
s off
f 297/224/611 63/375/612 280/508/613 296/509/614
f 280/374/615 61/373/616 294/222/617 296/223/618
s 12
f 191/226/238 55/229/398 299/228/619 298/227/239
s 54
f 299/228/620 64/377/621 281/376/622 298/227/623
f 281/376/622 63/375/624 297/224/625 298/227/623
s off
f 277/230/626 47/437/627 295/218/628 300/506/629
f 295/218/630 62/197/631 282/505/632 300/506/633
f 282/196/634 64/377/635 299/228/636 300/231/637
s 3
f 198/234/246 24/237/249 302/236/248 301/429/247
f 302/236/248 65/262/274 303/259/271 301/429/247
f 303/422/271 66/258/270 304/232/244 301/235/247
f 155/238/250 20/241/253 306/240/252 305/239/251
f 306/240/252 67/266/278 307/263/275 305/239/251
f 307/263/275 65/262/274 302/236/248 305/239/251
f 143/242/254 16/245/257 309/244/256 308/427/255
f 309/244/256 68/270/282 310/267/279 308/427/255
f 310/420/279 67/266/278 306/240/252 308/243/255
f 131/246/258 12/233/245 304/232/244 311/247/259
f 304/232/244 66/258/270 312/271/283 311/247/259
f 312/271/283 68/270/282 309/244/256 311/247/259
f 208/249/261 9/26/26 314/251/263 313/425/262
f 314/251/263 70/278/290 315/275/287 313/425/262
f 315/418/287 69/274/286 316/248/260 313/250/262
f 126/25/25 13/38/38 318/253/265 317/252/264
f 318/253/265 71/282/294 319/279/291 317/252/264
f 319/279/291 70/278/290 314/251/263 317/252/264
f 136/37/37 17/50/50 321/255/267 320/423/266
f 321/255/267 72/286/298 322/283/295 320/423/266
f 322/416/295 71/282/294 318/253/265 320/254/266
f 149/49/49 21/62/62 316/248/260 323/256/268
f 316/248/260 69/274/286 324/287/299 323/256/268
f 324/287/299 72/286/298 321/255/267 323/256/268
f 303/259/271 65/262/274 326/261/273 325/421/272
f 326/261/273 73/497/638 199/498/639 325/421/272
f 199/499/639 74/500/640 327/257/269 325/260/272
f 307/263/275 67/266/278 329/265/277 328/264/276
f 329/265/277 75/495/641 200/496/642 328/264/276
f 200/496/642 73/497/638 326/261/273 328/264/276
f 310/267/279 68/270/282 331/269/281 330/419/280
f 331/269/281 76/492/643 201/493/644 330/419/280
f 201/494/644 75/495/641 329/265/277 330/268/280
f 312/271/283 66/258/270 327/257/269 332/272/284
f 327/257/269 74/500/640 202/491/645 332/272/284
f 202/491/645 76/492/643 331/269/281 332/272/284
f 315/275/287 70/278/290 334/277/289 333/417/288
f 334/277/289 78/490/646 209/488/647 333/417/288
f 209/489/647 77/482/648 335/273/285 333/276/288
f 319/279/291 71/282/294 337/281/293 336/280/292
f 337/281/293 79/487/649 210/486/650 336/280/292
f 210/486/650 78/490/646 334/277/289 336/280/292
f 322/283/295 72/286/298 339/285/297 338/415/296
f 339/285/297 80/485/651 211/483/652 338/415/296
f 211/484/652 79/487/649 337/281/293 338/284/296
f 324/287/299 69/274/286 335/273/285 340/288/300
f 335/273/285 77/482/648 212/481/653 340/288/300
f 212/481/653 80/485/651 339/285/297 340/288/300
s off
f 129/291/654 15/46/655 342/293/656 341/292/657
s 3
f 342/293/658 82/305/319 343/302/316 341/292/659
f 343/302/316 81/301/315 344/289/660 341/292/659
f 145/45/45 19/471/58 346/295/308 345/411/307
f 346/295/308 83/309/323 347/306/320 345/411/661
f 347/406/320 82/305/319 342/293/658 345/294/661
f 151/55/309 18/475/54 349/297/311 348/296/310
f 349/297/311 84/313/327 350/310/324 348/296/310
f 350/310/324 83/309/323 346/295/308 348/296/310
f 134/298/312 14/480/662 344/289/663 351/407/313
f 344/289/660 81/301/315 352/314/328 351/407/664
f 352/403/328 84/313/327 349/297/311 351/299/664
f 343/302/316 82/305/319 354/304/318 353/303/317
f 354/304/318 86/345/371 138/43/43 353/303/317
f 138/43/43 85/42/42 355/300/314 353/303/317
f 347/306/320 83/309/323 357/308/322 356/405/321
f 357/308/322 87/347/373 139/404/372 356/405/321
f 139/346/372 86/345/371 354/304/318 356/307/321
f 350/310/324 84/313/327 359/312/326 358/311/325
f 359/312/326 88/349/375 140/348/374 358/311/325
f 140/348/374 87/347/373 357/308/322 358/311/325
f 352/314/328 81/301/315 355/300/314 360/402/329
f 355/300/314 85/42/42 141/401/41 360/402/329
f 141/41/41 88/349/375 359/312/326 360/315/329
f 205/317/331 89/342/356 362/341/355 361/399/332
f 362/341/355 5/14/14 207/398/114 361/399/332
f 207/113/114 25/112/113 363/316/330 361/318/332
f 159/319/333 26/322/336 365/321/335 364/320/334
f 365/321/335 91/78/78 168/75/75 364/320/334
f 168/75/75 90/74/74 363/316/330 364/320/334
f 163/323/337 27/326/340 367/325/339 366/324/338
f 367/325/339 92/82/82 173/79/79 366/324/338
f 173/79/79 91/78/78 365/321/335 366/324/338
f 166/327/341 28/351/377 369/394/665 368/328/342
f 369/394/665 93/352/387 177/83/83 368/328/342
f 177/83/83 92/82/82 367/325/339 368/328/342
f 195/331/345 93/352/387 369/394/665 370/396/346
f 369/394/665 28/351/377 197/395/103 370/396/346
f 197/103/103 8/102/102 371/329/343 370/332/346
f 109/335/349 94/330/344 371/329/343 372/336/350
f 371/329/343 8/102/102 120/23/23 372/336/350
f 120/23/23 7/22/22 373/333/347 372/336/350
f 105/339/353 95/334/348 373/333/347 374/340/354
f 373/333/347 7/22/22 116/19/19 374/340/354
f 116/19/19 6/18/18 375/337/351 374/340/354
f 100/343/357 96/338/352 375/337/351 376/344/358
f 375/337/351 6/18/18 111/15/15 376/344/358
f 111/15/15 5/14/14 362/341/355 376/344/358
s 55
f 202/385/666 74/380/667 377/106/668 378/105/669
s off
f 74/380/670 199/379/671 379/107/672 377/106/673
f 199/379/674 73/378/675 381/358/676 379/107/677
s 56
f 73/378/678 200/504/679 382/503/680 381/358/681
f 200/382/679 75/381/682 383/360/683 382/359/680
s off
f 75/381/684 201/384/685 384/361/686 383/360/687
f 201/384/688 76/383/689 385/362/690 384/361/691
s 55
f 76/383/692 202/385/666 378/105/669 385/362/693
s 57
f 212/393/694 77/388/695 387/116/696 386/501/697
s off
f 77/388/698 209/387/699 388/117/700 387/116/701
f 209/387/702 78/386/703 390/363/704 388/117/705
s 58
f 78/386/706 210/390/707 391/364/708 390/363/709
f 210/390/707 79/389/710 392/365/711 391/364/708
s off
f 79/389/712 211/392/713 393/366/714 392/365/715
f 211/392/716 80/391/717 394/367/718 393/366/719
s 57
f 80/391/720 212/502/694 386/115/697 394/367/721
