# This file uses centimeters as units for non-parametric coordinates.

mtllib my_animation.0040.mtl
g default
v -17.278805 41.172310 -2.678996
v -3.674500 40.867596 -0.592218
v 9.178949 41.970646 -3.087865
v 23.234308 41.867653 -7.156790
v -14.339192 52.564072 5.594383
v -2.308161 43.139572 5.352861
v 15.800948 44.047775 3.726367
v 26.851957 54.524223 1.822119
v -9.299361 60.824680 32.314907
v -0.689855 51.232311 32.445614
v 14.507095 51.420582 33.063641
v 24.097895 61.660103 34.515465
v -14.169979 63.573559 41.576664
v 0.388998 64.860329 47.655491
v 11.834527 64.966621 48.049225
v 27.931356 64.536224 43.880116
v -16.603117 71.124565 35.164921
v -1.477306 76.123489 43.575768
v 13.730650 76.304749 44.182659
v 29.159653 73.139603 37.507893
v -10.282792 67.503426 28.825315
v -0.652442 73.653854 24.689808
v 14.543769 73.847519 25.290550
v 24.006859 68.790573 31.161419
v -15.064281 65.379768 4.627012
v -2.218476 69.600754 2.526307
v 12.853457 70.414894 1.358887
v 26.120567 67.619400 0.781615
v -14.265482 35.103401 -10.902418
v -2.506103 34.112598 -6.049297
v 8.055593 34.109905 -6.380988
v 20.589010 34.529163 -13.472750
v -21.215160 15.927635 17.548098
v -14.216606 16.972105 20.443491
v -18.269957 23.747900 26.877529
v -25.177036 22.385180 23.916191
v 20.514555 26.497492 23.662424
v 27.900055 25.512766 21.337460
v 30.815475 35.365974 25.462748
v 23.426788 36.290951 27.780142
v -11.265859 7.822747 -10.237410
v -4.566408 7.583086 -7.177648
v -8.748652 4.661156 1.233855
v -15.203410 5.037826 -2.218902
v 11.359325 7.266155 2.534014
v 18.183496 7.508816 -0.656014
v 22.555180 5.051770 8.641872
v 15.718559 4.757129 11.805376
v -10.936817 1.793901 -12.629109
v -3.214817 1.269605 -8.433925
v -9.112214 -0.703257 5.233502
v -19.300598 0.051192 -0.599021
v 10.151269 1.207368 1.215812
v 18.331039 1.529900 -2.588706
v 26.049458 -0.256515 10.549980
v 15.353486 -0.716211 15.502867
v -25.192598 6.958605 12.978639
v -17.163822 6.278428 17.602278
v -25.774467 3.490005 13.483427
v -17.744329 2.810125 18.104746
v 22.443514 5.987146 28.481956
v 30.853022 6.437359 24.559792
v 22.838701 2.506876 28.984289
v 31.258541 2.968062 25.085579
v 38.776501 46.519436 24.884861
v 34.256226 47.605534 33.727428
v 46.793213 53.094254 27.844347
v 42.802372 53.174328 36.898582
v -25.038651 42.771614 28.458538
v -19.136770 43.175346 37.780773
v -27.055403 48.751694 42.230225
v -32.599461 49.036728 32.786789
v 46.735023 25.547966 45.357529
v 41.152672 29.707188 52.214504
v 49.628544 27.736864 46.385429
v 44.045734 31.896297 53.243465
v -35.176086 19.923889 43.142544
v -29.377186 21.638712 50.819355
v -32.034550 23.844284 52.334000
v -37.833454 22.129463 44.657185
v -1.955525 69.155037 60.118095
v 13.702335 68.010384 60.451347
v 17.773294 79.874168 49.950390
v -3.780150 81.344917 49.093227
v -0.913870 84.842155 75.080070
v 13.867390 83.417496 75.687325
v 15.348693 98.012321 65.374557
v 1.257985 99.370422 64.795670
v -14.901502 45.026527 -0.983447
v -15.437997 46.249329 -11.794203
v -3.234940 47.034359 -15.054729
v 7.789948 46.366459 -17.490414
v 20.999828 44.749352 -17.865278
v 23.265825 43.475601 -7.205408
v 12.242860 42.283234 -0.224931
v -2.416610 43.021233 2.639718
v -10.675052 43.162979 -0.680209
v -12.085768 42.019802 -0.114988
v -3.339594 41.606346 0.341957
v -9.666362 44.422291 1.571749
v -16.046457 42.917587 -3.393832
v 4.083872 40.469868 -0.565767
v 2.972649 40.489094 -0.721137
v 11.047409 41.106972 -3.082017
v 5.115604 41.956070 1.716194
v 17.674463 42.544380 -5.704929
v 17.862930 42.898922 -4.927785
v 22.882635 42.131645 -8.708837
v 18.664639 43.092831 -3.444877
v -8.686990 50.180374 18.815933
v -9.801623 47.362957 5.625196
v -2.075619 46.222935 19.413296
v -7.532845 54.807961 31.258623
v -12.936110 54.711117 17.963247
v 7.333742 45.904793 18.062515
v 6.795242 42.733875 4.623331
v 16.741341 46.731110 19.063488
v 6.920588 52.486729 32.319618
v 23.135822 50.992413 18.299583
v 22.779676 49.006428 2.668236
v 27.510754 55.618687 17.522963
v 21.794996 55.308933 32.444622
v -6.691990 58.997952 40.592403
v -0.293327 58.379829 43.128628
v -8.309269 64.103096 47.031673
v -11.716623 60.683643 37.768818
v 6.396587 58.121956 42.774364
v 13.024103 58.549728 43.690872
v 6.024078 64.520149 51.149590
v 19.958586 59.443924 41.912697
v 26.381315 61.595921 40.319889
v 20.559549 64.496223 48.429821
v -8.995156 70.720924 46.477833
v -0.591181 71.323021 48.028694
v -10.482493 76.036636 41.788635
v -15.600517 67.901894 39.100609
v 6.911363 89.654358 77.765907
v 6.436849 83.839798 75.674774
v 15.708601 90.155846 73.610405
v 8.517905 100.531097 64.178436
v -2.197145 91.868950 72.887436
v 21.009657 71.196701 47.969143
v 28.837124 69.344078 41.402287
v 22.538013 76.824219 43.546844
v 12.736145 71.356964 48.419456
v -8.422785 75.235619 34.110981
v -1.213759 77.127686 36.563129
v -7.866205 72.291763 25.143223
v -14.529577 69.256325 29.995729
v 6.401588 77.226219 36.883072
v 6.242269 77.846405 45.516823
v 14.013618 77.326569 37.213100
v 6.938912 73.756241 25.022276
v 21.198572 76.008286 35.818100
v 27.127529 71.458130 32.607784
v 21.870264 72.881378 26.548882
v -8.321090 69.612488 14.372733
v -0.694228 70.388306 13.619241
v -9.812420 68.780235 3.799119
v -13.229620 66.296783 15.271012
v 6.937675 70.494377 13.593213
v 14.421908 70.878090 13.574721
v 5.327027 69.725426 1.034561
v 21.936338 70.425972 14.066899
v 27.290745 67.485138 14.794797
v 20.419033 70.287880 1.015878
v -9.306609 40.658062 -14.127039
v -10.118322 46.590984 -14.378963
v -2.826086 41.771568 -14.404664
v -8.678711 35.172890 -11.722653
v -14.683640 40.253788 -12.563995
v 2.218778 41.809696 -14.945160
v 2.188113 47.458275 -16.112822
v 7.373422 40.855686 -16.431437
v 2.334899 36.928455 -11.922642
v 14.354823 39.288361 -17.549551
v 14.922368 45.305061 -18.740999
v 20.431692 38.929779 -17.047520
v 14.463741 34.078934 -13.445565
v -9.896463 0.246840 -5.345458
v -6.008208 1.994951 -12.625796
v -4.708560 0.119070 -2.589374
v -14.237063 -0.384002 2.349746
v -14.958006 0.805539 -8.286144
v 2.450430 41.295162 0.948511
v 12.292057 35.645504 6.481002
v -6.483016 31.123348 6.484320
v 16.944706 0.071307 4.985155
v 13.291821 1.779650 -2.765399
v 22.238478 0.459484 2.419276
v 20.718645 -0.532910 13.055919
v 11.552175 0.018492 7.392226
v 23.015333 40.241238 -13.386285
v 23.157751 37.810566 -10.819687
v 23.602013 44.073429 -13.163968
v 29.315002 61.759903 15.416218
v 28.464981 61.533257 1.070758
v 24.265173 64.107399 32.285015
v 43.273445 27.236834 48.670952
v 48.456203 26.031973 45.106182
v 46.811867 29.913589 49.927948
v 41.629421 31.118282 53.492031
v -16.698868 41.173477 -8.456496
v -16.954029 37.614365 -7.318782
v -16.791960 45.630478 -6.686849
v -15.024626 60.605663 15.818779
v -16.878124 59.227715 5.298333
v -9.869135 62.571209 29.517019
v -31.651852 20.353170 46.776970
v -29.730995 22.750252 52.396988
v -34.901485 23.050316 48.629196
v -36.822342 20.653234 43.009182
v -11.528445 23.391972 2.808664
v -8.613136 25.054062 6.294931
v -17.200804 15.978233 18.449829
v -16.944141 23.597591 3.180507
v -9.195217 29.996868 10.281422
v -13.202909 34.371464 13.375872
v -15.029653 20.591608 24.499853
v -17.695742 35.918106 12.227796
v -21.655260 33.160244 10.103610
v -22.433792 24.726324 26.751785
v -20.433004 28.239563 6.071336
v -24.311987 18.923706 20.602818
v 18.866959 27.496420 4.762991
v 24.284931 28.390011 4.913691
v 23.796703 25.157383 22.180662
v 15.317940 29.670547 7.615809
v 26.786818 34.158936 6.294306
v 27.086012 40.258373 8.745300
v 30.466869 30.536621 23.346188
v 22.537668 43.009510 9.823661
v 18.130833 41.611771 11.455733
v 27.492851 37.769489 27.392447
v 15.085713 35.925472 9.929564
v 20.791357 31.749992 26.310577
v -14.686631 20.034678 5.503120
v -11.006380 18.953949 8.040096
v -7.270025 8.496799 -10.239232
v -18.812599 17.654261 5.663057
v -9.655225 13.799110 11.341293
v -11.317155 8.511957 14.176261
v -5.193272 5.781435 -2.903442
v -15.095577 5.910428 13.731844
v -19.136925 7.038898 11.895908
v -13.546913 4.858055 2.123237
v -20.161261 11.941922 8.337823
v -13.932787 5.929609 -7.221980
v 18.662975 23.562149 10.194141
v 23.300800 22.603277 9.998308
v 14.033219 7.985644 -0.672598
v 15.676763 22.580250 13.602252
v 26.500303 18.515406 13.849054
v 27.547640 14.849028 18.907869
v 21.259045 5.934759 3.110572
v 24.206062 13.507284 21.830446
v 19.895489 15.020627 22.471344
v 20.371552 4.857382 12.836144
v 16.509377 18.623037 18.552744
v 12.341990 5.641915 7.280821
v -6.140136 5.136476 -12.176222
v -3.236118 4.369140 -8.129251
v -11.021365 4.808438 -12.197552
v -4.524762 2.954795 -2.493492
v -8.825852 2.058066 5.162330
v -22.230696 6.786355 17.143991
v -21.017933 7.571023 15.150985
v -27.329536 7.214707 14.209949
v -21.918446 2.202931 15.932207
v -17.131857 6.358003 20.078035
v -14.829273 3.541336 -8.055673
v -19.023270 2.807162 -0.646918
v 13.338114 4.884223 -2.403164
v 18.353758 4.529888 -2.279886
v 10.177277 4.224675 1.531905
v 22.180962 3.287387 2.557539
v 25.885986 2.529660 10.464354
v 27.536509 6.332373 28.454113
v 26.541737 7.156429 26.386065
v 22.193441 6.054755 30.937206
v 27.159054 1.778508 27.176678
v 32.875416 6.629253 25.963985
v 11.493088 2.863646 7.528871
v 15.186432 2.063020 15.410933
v -17.415174 5.958185 8.692128
v -21.938984 6.373995 6.110968
v -12.920014 5.592024 11.298043
v -22.919392 3.787151 6.060695
v -23.327913 1.030109 6.370491
v -18.206999 0.581920 9.279456
v -13.109777 0.163162 12.211068
v -12.702966 2.909303 11.910562
v 23.477255 5.771169 19.619877
v 18.766855 5.545059 21.839952
v 28.189808 6.013342 17.405020
v 18.396215 2.864441 22.405727
v 18.663460 0.092092 22.705267
v 24.018152 0.348175 20.244686
v 29.377310 0.620049 17.793104
v 29.086771 3.383296 17.443663
v 30.228548 54.791683 31.011869
v 31.634523 57.564701 27.541319
v 35.420452 45.835133 28.929436
v 30.891659 53.421070 35.395912
v 34.873829 60.126141 28.178673
v 38.454517 62.148327 30.934835
v 42.830288 49.706512 25.174198
v 38.504139 60.401192 35.246246
v 37.572914 57.889633 38.910408
v 45.672493 53.043827 32.688148
v 33.909672 55.060364 37.817593
v 37.638199 50.396976 36.121578
v -16.093773 51.927906 31.738886
v -15.393614 51.469135 36.316189
v -21.028084 41.847916 32.525215
v -18.804718 53.848927 28.374653
v -18.094336 53.338680 39.031567
v -21.932089 56.069561 40.468498
v -22.094702 45.863438 40.820694
v -24.048424 57.800667 36.908264
v -25.223362 58.639408 32.664635
v -30.514013 49.060421 37.876305
v -22.161629 56.318439 29.431501
v -29.077427 45.825253 29.334103
v 36.921886 38.749504 35.601200
v 41.176609 37.765297 32.160946
v 35.416279 41.817806 39.668102
v 45.035225 39.917351 32.297585
v 48.722424 43.497513 34.584129
v 46.175579 45.652332 38.683994
v 42.958893 47.450367 42.290909
v 38.018444 44.742844 41.637394
v -23.584478 33.757637 37.024334
v -21.841475 35.627514 41.700703
v -27.866777 33.965649 33.511997
v -24.140818 38.286762 44.321354
v -28.797480 41.278603 45.549755
v -32.121021 40.688091 41.602776
v -34.827335 39.718719 37.165588
v -31.500914 36.338440 34.183292
v 5.816690 61.026573 55.456417
v 12.312266 68.569359 52.587543
v 5.692812 66.187515 61.936943
v -0.212752 68.815712 52.342667
v 14.891635 71.715622 50.848431
v 12.482262 76.494164 48.325825
v 18.473673 73.770050 55.276531
v 6.476765 79.599159 47.076897
v 0.017787 76.690323 48.051533
v 7.022584 81.300552 49.158733
v -2.621603 72.087906 50.497623
v -5.639932 75.461609 54.689598
v 5.855671 76.073761 72.065727
v 16.882856 78.260765 71.709038
v -4.523767 80.323997 70.829597
v 19.377361 85.220314 65.478973
v 18.540606 90.959564 58.703693
v 8.141170 93.396210 56.609722
v -2.667213 93.003632 57.832417
v -5.130765 87.582474 64.472115
v -17.053534 56.463768 -1.267616
v -14.110592 53.693352 4.409919
v -16.077061 58.907990 -6.694375
v -11.045671 60.165089 -10.026358
v -3.778249 59.896397 -11.804221
v 3.135467 60.710724 -12.475595
v 9.828181 59.959194 -13.974373
v 17.234964 59.449032 -15.029035
v 23.191561 57.723518 -13.940004
v 25.897228 55.126999 -9.024964
v 25.174395 52.386490 -2.948181
v 21.223263 51.303875 1.631828
v 15.571420 50.199215 4.817633
v 6.526705 50.982277 6.062317
v -2.676974 50.646305 7.602075
v -8.946810 52.066051 6.637395
v 44.778244 20.084949 61.676014
v 45.343678 21.651615 63.078106
v 47.360779 17.619446 57.932556
v 49.085430 18.924110 58.545231
v 50.832188 15.574502 54.239227
v 52.746910 16.135889 53.983826
v 54.088684 18.037989 55.396076
v 51.036446 20.400026 59.238308
v 48.034740 22.548435 62.832859
v -42.488060 9.500976 49.228680
v -40.658520 8.673267 49.348015
v -37.096134 9.353954 53.436928
v -38.643173 10.637978 54.318710
v -34.370251 10.532803 57.672676
v -34.798279 11.774976 59.408730
v -37.360977 13.015070 59.377331
v -40.471806 12.155722 55.360989
v -43.649242 11.155519 51.052666
vt 0.208431 0.494797
vt 0.208575 0.478116
vt 0.229443 0.475893
vt 0.229271 0.493426
vt 0.252729 0.492198
vt 0.256170 0.471571
vt 0.275357 0.475888
vt 0.275429 0.493819
vt 0.298111 0.492176
vt 0.294163 0.471736
vt 0.321331 0.475953
vt 0.321541 0.493432
vt 0.198757 0.641525
vt 0.200055 0.589825
vt 0.221664 0.590600
vt 0.219751 0.640956
vt 0.244967 0.639373
vt 0.247968 0.591507
vt 0.275466 0.591669
vt 0.275481 0.635804
vt 0.305994 0.639365
vt 0.302966 0.591494
vt 0.329276 0.590573
vt 0.331197 0.640955
vt 0.199789 0.728809
vt 0.197393 0.704590
vt 0.219517 0.692482
vt 0.227784 0.730211
vt 0.252859 0.733034
vt 0.249003 0.687406
vt 0.275511 0.688085
vt 0.275516 0.730408
vt 0.298175 0.733010
vt 0.302021 0.687396
vt 0.331536 0.692451
vt 0.323246 0.730162
vt 0.805511 0.686057
vt 0.204711 0.752714
vt 0.229559 0.760254
vt 0.782889 0.696424
vt 0.784986 0.875584
vt 0.254181 0.941082
vt 0.275435 0.940431
vt 0.742298 0.896742
vt 0.699334 0.736241
vt 0.297037 0.807427
vt 0.321459 0.760204
vt 0.696358 0.696343
vt 0.808954 0.641287
vt 0.805193 0.664541
vt 0.784300 0.671779
vt 0.785729 0.644267
vt 0.763331 0.647822
vt 0.762442 0.673765
vt 0.742276 0.741120
vt 0.739609 0.647377
vt 0.715889 0.647774
vt 0.716786 0.673709
vt 0.694936 0.671695
vt 0.693494 0.644181
vt 0.806875 0.557726
vt 0.810121 0.617205
vt 0.790367 0.607046
vt 0.787575 0.557696
vt 0.763367 0.556090
vt 0.764746 0.603486
vt 0.739627 0.603152
vt 0.739688 0.556093
vt 0.716014 0.556064
vt 0.714496 0.603455
vt 0.688836 0.606971
vt 0.691820 0.557642
vt 0.803405 0.420481
vt 0.802841 0.435733
vt 0.782960 0.432290
vt 0.783371 0.416064
vt 0.759505 0.410786
vt 0.759570 0.428509
vt 0.739756 0.426992
vt 0.739743 0.409699
vt 0.720007 0.410786
vt 0.719946 0.428500
vt 0.696571 0.432245
vt 0.696182 0.416016
vt 0.819305 0.093413
vt 0.797386 0.086157
vt 0.790779 0.072322
vt 0.822344 0.073237
vt 0.265809 0.416173
vt 0.762697 0.377789
vt 0.739788 0.389948
vt 0.275377 0.462947
vt 0.364323 0.097210
vt 0.342669 0.089884
vt 0.336664 0.075169
vt 0.367299 0.076188
vt 0.342559 0.494848
vt 0.342402 0.478170
vt 0.366070 0.480227
vt 0.366198 0.495669
vt 0.352247 0.641476
vt 0.350872 0.589816
vt 0.374237 0.588973
vt 0.374011 0.638442
vt 0.936729 0.462892
vt 0.940585 0.464321
vt 0.946953 0.476690
vt 0.936605 0.482861
vt 0.804780 0.405462
vt 0.824266 0.410023
vt 0.823186 0.423812
vt 0.805355 0.509178
vt 0.825584 0.509339
vt 0.825621 0.554997
vt 0.118742 0.522844
vt 0.058006 0.517789
vt 0.074507 0.510871
vt 0.084702 0.516921
vt 0.822269 0.350445
vt 0.784755 0.399833
vt 0.805305 0.347137
vt 0.793942 0.336256
vt 0.777469 0.322538
vt 0.236211 0.409364
vt 0.220899 0.415267
vt 0.203041 0.415110
vt 0.182178 0.419746
vt 0.685950 0.336155
vt 0.717407 0.377787
vt 0.694840 0.399772
vt 0.674409 0.347030
vt 0.657366 0.350391
vt 0.674734 0.405426
vt 0.637625 0.358046
vt 0.347747 0.415166
vt 0.329799 0.415381
vt 0.314324 0.409429
vt 0.706215 0.336018
vt 0.292514 0.404556
vt 0.870618 0.237836
vt 0.844433 0.293934
vt 0.832214 0.287148
vt 0.858351 0.228645
vt 0.844944 0.223065
vt 0.821107 0.280742
vt 0.243727 0.342391
vt 0.826584 0.212775
vt 0.214622 0.282882
vt 0.224361 0.346790
vt 0.210147 0.349538
vt 0.199596 0.284960
vt 0.184434 0.288656
vt 0.194986 0.352422
vt 0.864110 0.304875
vt 0.163133 0.290367
vt 0.634803 0.222910
vt 0.658751 0.280554
vt 0.647480 0.287052
vt 0.621343 0.228556
vt 0.609012 0.237734
vt 0.635143 0.293889
vt 0.375465 0.356065
vt 0.590820 0.249121
vt 0.366326 0.288752
vt 0.355651 0.352469
vt 0.340563 0.349608
vt 0.351134 0.285011
vt 0.336042 0.282967
vt 0.326383 0.346874
vt 0.678330 0.268182
vt 0.315081 0.275917
vt 0.789900 0.091626
vt 0.894734 0.181072
vt 0.223763 0.023658
vt 0.779683 0.072008
vt 0.205625 0.023651
vt 0.212375 0.030485
vt 0.208733 0.046428
vt 0.818124 0.043214
vt 0.919973 0.054113
vt 0.218394 0.124576
vt 0.231547 0.124829
vt 0.925982 0.076298
vt 0.853028 0.105343
vt 0.173602 0.224408
vt 0.245023 0.044913
vt 0.815784 0.102925
vt 0.335499 0.095534
vt 0.609223 0.166963
vt 0.147562 0.023794
vt 0.325939 0.074804
vt 0.129108 0.019171
vt 0.133886 0.026698
vt 0.125138 0.040618
vt 0.363323 0.044920
vt 0.461211 0.056389
vt 0.114656 0.083148
vt 0.128082 0.110700
vt 0.466974 0.079440
vt 0.396801 0.109583
vt 0.345740 0.218419
vt 0.158805 0.046562
vt 0.361009 0.107136
vt 0.212264 0.093809
vt 0.204982 0.218327
vt 0.226791 0.056935
vt 0.229179 0.093286
vt 0.246067 0.092223
vt 0.255137 0.092099
vt 0.884191 0.095549
vt 0.853655 0.095653
vt 0.854753 0.074189
vt 0.884265 0.075061
vt 0.885799 0.054616
vt 0.855335 0.052709
vt 0.203340 0.068369
vt 0.888472 0.044995
vt 0.116537 0.064410
vt 0.377147 0.224500
vt 0.136900 0.057215
vt 0.135301 0.068971
vt 0.159593 0.072808
vt 0.169578 0.075371
vt 0.426769 0.099419
vt 0.397393 0.099512
vt 0.398467 0.077209
vt 0.426850 0.078134
vt 0.428347 0.056895
vt 0.399054 0.054890
vt 0.111199 0.052142
vt 0.430928 0.046902
vt 0.398347 0.732496
vt 0.353774 0.704759
vt 0.655189 0.607952
vt 0.404645 0.715309
vt 0.625247 0.642548
vt 0.669008 0.617360
vt 0.670290 0.641156
vt 0.629866 0.657272
vt 0.633967 0.675274
vt 0.674058 0.664432
vt 0.345812 0.774768
vt 0.637449 0.692485
vt 0.387906 0.765553
vt 0.346295 0.752641
vt 0.351218 0.728717
vt 0.392980 0.747350
vt 0.854032 0.642643
vt 0.181252 0.694641
vt 0.859345 0.625630
vt 0.152631 0.732602
vt 0.157999 0.747449
vt 0.163074 0.765647
vt 0.167481 0.783084
vt 0.845329 0.675366
vt 0.849419 0.657366
vt 0.462802 0.754848
vt 0.433121 0.744888
vt 0.586158 0.633072
vt 0.469035 0.736153
vt 0.562716 0.661102
vt 0.591598 0.653084
vt 0.596668 0.669873
vt 0.567525 0.676181
vt 0.573571 0.695803
vt 0.602326 0.689166
vt 0.414557 0.801264
vt 0.575415 0.714705
vt 0.450039 0.789809
vt 0.420413 0.781867
vt 0.427222 0.762131
vt 0.457315 0.770152
vt 0.916571 0.661069
vt 0.887682 0.653104
vt 0.112049 0.724515
vt 0.922852 0.642462
vt 0.088177 0.754903
vt 0.117860 0.744959
vt 0.123753 0.762207
vt 0.093657 0.770210
vt 0.100926 0.789871
vt 0.130556 0.781946
vt 0.872833 0.708772
vt 0.104321 0.808576
vt 0.905760 0.695791
vt 0.876995 0.689207
vt 0.882631 0.669903
vt 0.911782 0.676158
vt 0.245118 0.820265
vt 0.256063 0.761423
vt 0.275458 0.816348
vt 0.275456 0.817082
vt 0.305796 0.819611
vt 0.322444 0.827635
vt 0.716707 0.746651
vt 0.742277 0.751635
vt 0.767846 0.746640
vt 0.232576 0.815700
vt 0.789238 0.746868
vt 0.242805 0.909093
vt 0.242913 0.847487
vt 0.275453 0.850080
vt 0.275444 0.899369
vt 0.308078 0.909112
vt 0.307992 0.847504
vt 0.685718 0.768892
vt 0.335635 0.923345
vt 0.710517 0.826756
vt 0.709025 0.772272
vt 0.742280 0.767854
vt 0.742288 0.823907
vt 0.774059 0.826743
vt 0.775535 0.772258
vt 0.216918 0.852154
vt 0.800161 0.835727
vt 0.803587 0.472219
vt 0.184266 0.511368
vt 0.823748 0.473030
vt 0.786007 0.508646
vt 0.783967 0.470951
vt 0.760849 0.468488
vt 0.762764 0.507838
vt 0.739729 0.507585
vt 0.739749 0.469813
vt 0.718652 0.468468
vt 0.716699 0.507812
vt 0.693463 0.508589
vt 0.695538 0.470900
vt 0.347089 0.550471
vt 0.343449 0.511536
vt 0.656251 0.437958
vt 0.370672 0.549455
vt 0.305626 0.550928
vt 0.300328 0.509969
vt 0.323635 0.511057
vt 0.326613 0.553291
vt 0.245263 0.550946
vt 0.250519 0.509979
vt 0.275426 0.509223
vt 0.275447 0.553833
vt 0.203857 0.550446
vt 0.207534 0.511493
vt 0.227207 0.511082
vt 0.224277 0.553331
vt 0.296688 0.941095
vt 0.317831 0.963343
vt 0.722395 0.859395
vt 0.742293 0.859091
vt 0.762190 0.859387
vt 0.672412 0.557619
vt 0.673996 0.509116
vt 0.676597 0.435714
vt 0.676064 0.420456
vt 0.798456 0.058765
vt 0.820876 0.052919
vt 0.343747 0.061021
vt 0.365907 0.055032
vt 0.963235 0.483911
vt 0.902883 0.489040
vt 0.909072 0.482168
vt 0.925033 0.475729
vt 0.931354 0.463643
vt 0.080884 0.498420
vt 0.084741 0.496992
vt 0.090126 0.497750
vt 0.096539 0.509638
vt 0.112499 0.516024
vt 0.245369 0.109349
vt 0.249130 0.116712
vt 0.914174 0.091435
vt 0.914507 0.075957
vt 0.915392 0.060496
vt 0.143488 0.116794
vt 0.145270 0.126440
vt 0.455609 0.095160
vt 0.455938 0.079081
vt 0.456800 0.063019
vt 0.982240 0.434188
vt 0.963585 0.427947
vt 0.946509 0.423110
vt 0.890921 0.433118
vt 0.882130 0.436526
vt 0.926679 0.423006
vt 0.909612 0.427375
vt 0.937930 0.422313
vt 0.075163 0.457134
vt 0.058225 0.461798
vt 0.039557 0.467684
vt 0.094859 0.456979
vt 0.083682 0.456346
vt 0.130564 0.466891
vt 0.111877 0.461251
vt 0.033116 0.470128
vt 0.675805 0.472192
vt 0.653419 0.509254
vt 0.655248 0.472962
vt 0.367019 0.511392
vt 0.176921 0.588998
vt 0.180547 0.549455
vt 0.822760 0.437993
vt 0.233028 0.963316
vt 0.215241 0.923308
vt 0.798841 0.768868
vt 0.699605 0.875602
vt 0.684417 0.835751
vt 0.333987 0.852188
vt 0.228471 0.827609
vt 0.254212 0.785439
vt 0.759269 0.697501
vt 0.785216 0.736222
vt 0.695315 0.746888
vt 0.719972 0.697428
vt 0.296799 0.785396
vt 0.318344 0.815723
vt 0.903939 0.714697
vt 0.136407 0.801345
vt 0.081951 0.736203
vt 0.893090 0.633076
vt 0.446638 0.808511
vt 0.606509 0.708725
vt 0.556410 0.642507
vt 0.438944 0.724452
vt 0.841861 0.692578
vt 0.205190 0.774839
vt 0.146366 0.715395
vt 0.823906 0.608060
vt 0.383498 0.782992
vt 0.673752 0.685953
vt 0.619881 0.625562
vt 0.369876 0.694574
vt 0.624476 0.158216
vt 0.327082 0.211968
vt 0.653476 0.212425
vt 0.306569 0.342322
vt 0.153133 0.050558
vt 0.361352 0.222428
vt 0.125968 0.045756
vt 0.396618 0.225899
vt 0.569871 0.190223
vt 0.388031 0.290471
vt 0.615162 0.304972
vt 0.596954 0.173816
vt 0.584932 0.180968
vt 0.909456 0.190131
vt 0.154402 0.225852
vt 0.888489 0.249012
vt 0.175675 0.355943
vt 0.241882 0.047343
vt 0.189385 0.222364
vt 0.213528 0.046751
vt 0.223402 0.212053
vt 0.855547 0.158550
vt 0.235225 0.276013
vt 0.801766 0.268578
vt 0.882733 0.173912
vt 0.870470 0.167071
vt 0.702590 0.322102
vt 0.284431 0.416033
vt 0.369025 0.419829
vt 0.654789 0.409992
vt 0.841623 0.358035
vt 0.185243 0.480200
vt 0.257695 0.404697
vt 0.773758 0.336466
vt 0.177136 0.638471
vt 0.185108 0.495641
vt 0.653403 0.554919
vt 0.655840 0.423782
vt 0.740026 0.329135
vt 0.739609 0.679991
vt 0.717946 0.727940
vt 0.321543 0.784229
vt 0.275425 0.981496
vt 0.229466 0.784279
vt 0.766602 0.727930
vt 0.275513 0.766895
vt 0.294962 0.761394
vt 0.158494 0.031032
vt 0.235614 0.029385
vt 0.253884 0.807420
vt 0.968218 0.693073
vt 0.970279 0.686813
vt 0.964692 0.720144
vt 0.041234 0.817480
vt 0.965692 0.701614
vt 0.035620 0.790589
vt 0.038855 0.799577
vt 0.026837 0.766821
vt 0.976742 0.669618
vt 0.033170 0.783659
vt 0.515345 0.790561
vt 0.512107 0.799546
vt 0.509721 0.817448
vt 0.514670 0.720260
vt 0.513647 0.701731
vt 0.511110 0.693195
vt 0.509040 0.686939
vt 0.502555 0.669755
vt 0.524137 0.766797
vt 0.517798 0.783632
vt 0.052820 0.522857
vt 0.139366 0.470253
vt 0.968347 0.489050
vt 0.988625 0.436785
vt 0.108883 0.091107
vt 0.106409 0.062482
vt 0.399209 0.044805
vt 0.459518 0.102060
vt 0.428604 0.109556
vt 0.167704 0.057128
vt 0.215342 0.132259
vt 0.203222 0.094543
vt 0.855471 0.043005
vt 0.918242 0.098075
vt 0.886101 0.105305
vt 0.255511 0.067846
vt 0.169019 0.047690
vt 0.166893 0.025823
vt 0.125973 0.120002
vt 0.337008 0.054912
vt 0.115292 0.038211
vt 0.149847 0.015689
vt 0.254586 0.043904
vt 0.241676 0.021944
vt 0.231922 0.132778
vt 0.791425 0.052872
vt 0.199112 0.046316
vt 0.223332 0.014444
vn -0.392836 0.648440 0.652077
vn -0.392836 0.648440 0.652078
vn -0.341131 0.502775 0.794259
vn -0.198160 0.158218 0.967316
vn -0.056179 -0.460681 0.885786
vn 0.149215 0.698916 0.699465
vn 0.020728 0.808964 0.587493
vn -0.043344 -0.806257 0.589975
vn -0.290876 0.000612 -0.956761
vn -0.217833 0.951818 0.215852
vn -0.121708 0.763865 -0.633797
vn -0.082623 0.833566 -0.546207
vn -0.867823 -0.419221 0.266716
vn -0.850369 -0.521459 0.070376
vn -0.608970 -0.784601 -0.116434
vn -0.627850 -0.726906 0.278230
vn -0.219635 -0.926490 0.305576
vn -0.276802 -0.927983 -0.249457
vn -0.008734 -0.952176 -0.305426
vn 0.035155 -0.958073 0.284358
vn 0.301305 -0.918921 0.254558
vn 0.304049 -0.929930 -0.206844
vn 0.634141 -0.769254 -0.078190
vn 0.667323 -0.719922 0.190769
vn 0.076016 -0.723803 0.685806
vn -0.408653 -0.866073 0.287960
vn -0.617195 -0.695953 0.367042
vn -0.392263 -0.773745 0.497443
vn -0.149730 -0.782259 0.604691
vn -0.160775 -0.884409 0.438147
vn 0.004491 -0.900409 0.435020
vn -0.014344 -0.807263 0.590017
vn 0.117720 -0.781570 0.612610
vn 0.179659 -0.887147 0.425081
vn 0.611585 -0.708799 0.351523
vn 0.352063 -0.774282 0.525869
vn -0.741906 0.341147 0.577231
vn -0.492814 -0.150337 0.857049
vn -0.377876 -0.366129 0.850388
vn -0.448699 0.310594 0.837974
vn -0.600626 0.567605 0.563093
vn -0.558371 -0.158668 0.814277
vn -0.068282 -0.304365 0.950105
vn 0.012188 0.513098 0.858244
vn 0.404473 0.240534 0.882352
vn 0.100954 -0.510093 0.854174
vn 0.278871 -0.347396 0.895292
vn 0.326512 0.337826 0.882759
vn -0.501373 0.489176 -0.713676
vn -0.744748 0.661366 -0.089139
vn -0.483874 0.811324 0.328054
vn -0.300171 0.914166 -0.272394
vn -0.093797 0.983404 -0.155300
vn -0.217410 0.943724 0.249234
vn -0.012265 0.999616 0.024865
vn -0.006528 0.986375 -0.164385
vn 0.066505 0.986035 -0.152683
vn 0.139980 0.953701 0.266196
vn 0.377443 0.833026 0.404480
vn 0.242258 0.940970 -0.236402
vn -0.853111 0.508683 0.115947
vn -0.796340 0.404375 -0.449803
vn -0.422797 0.873855 -0.240044
vn -0.383646 0.919202 -0.088793
vn -0.071387 0.984125 -0.162488
vn -0.079097 0.957025 -0.279012
vn -0.008767 0.961419 -0.274947
vn -0.032955 0.986684 -0.159274
vn 0.016909 0.990801 -0.134269
vn 0.058008 0.963892 -0.259900
vn 0.407235 0.892385 -0.194443
vn 0.331906 0.939549 -0.084181
vn -0.612280 -0.002116 -0.790638
vn -0.737695 0.143368 -0.659736
vn -0.292415 0.179000 -0.939389
vn -0.205641 -0.049564 -0.977372
vn -0.095607 -0.121884 -0.987929
vn -0.147919 0.158610 -0.976198
vn -0.184109 0.165444 -0.968882
vn -0.219023 -0.173998 -0.960080
vn -0.230927 -0.174633 -0.957171
vn -0.175549 0.148495 -0.973207
vn -0.004773 0.130542 -0.991431
vn -0.055793 -0.175613 -0.982877
vn -0.011041 -0.988963 -0.147748
vn 0.027327 -0.977013 -0.211423
vn 0.044459 -0.978518 -0.201310
vn 0.009603 -0.990069 -0.140253
vn 0.873501 -0.146840 0.464149
vn 0.702187 -0.711718 -0.019758
vn -0.055253 -0.956755 -0.285601
vn 0.048340 -0.722303 0.689885
vn -0.032712 -0.992507 -0.117731
vn -0.063658 -0.981409 -0.181062
vn -0.047838 -0.981033 -0.187847
vn -0.017932 -0.991755 -0.126886
vn 0.994001 0.092101 -0.058987
vn 0.994001 0.092101 -0.058987
vn 0.994001 0.092101 -0.058987
vn 0.994001 0.092101 -0.058987
vn 0.899916 -0.410998 0.145710
vn 0.895402 -0.443537 -0.039118
vn 0.981968 0.079752 -0.171403
vn 0.996521 0.032819 0.076614
vn 0.291330 -0.694196 0.658194
vn 0.291328 -0.694198 0.658193
vn 0.291328 -0.694198 0.658193
vn 0.291330 -0.694196 0.658194
vn -0.872436 -0.164269 -0.460295
vn -0.872436 -0.164269 -0.460295
vn -0.872436 -0.164269 -0.460295
vn -0.872436 -0.164269 -0.460295
vn -0.755373 0.641115 -0.135581
vn -0.995562 0.013621 0.093120
vn -0.974401 -0.009881 0.224602
vn -0.388975 -0.791911 0.470718
vn -0.388975 -0.791912 0.470717
vn -0.388975 -0.791912 0.470717
vn -0.388975 -0.791911 0.470718
vn -0.032847 -0.838958 -0.543204
vn -0.078637 -0.765720 -0.638349
vn 0.192193 -0.800830 -0.567215
vn 0.250818 -0.837028 -0.486287
vn 0.932080 -0.207142 0.297184
vn 0.936358 -0.184615 0.298581
vn 0.457307 0.641793 0.615607
vn -0.096964 0.894726 0.435962
vn -0.232168 0.854472 0.464731
vn -0.967191 0.025926 -0.252725
vn -0.967442 0.071730 -0.242715
vn -0.967442 0.071730 -0.242715
vn -0.967363 0.032735 -0.251273
vn -0.414579 -0.904200 -0.102701
vn -0.376009 -0.909902 -0.175203
vn -0.105251 -0.953630 -0.281980
vn -0.152799 -0.964812 -0.213986
vn 0.893616 -0.355536 -0.273943
vn 0.884854 -0.369024 -0.284351
vn 0.884854 -0.369024 -0.284351
vn 0.894575 -0.354021 -0.272773
vn 0.469330 0.882547 0.028994
vn 0.341515 0.938593 -0.049105
vn 0.069169 0.997335 0.023188
vn 0.127269 0.985072 0.115914
vn -0.524037 0.783101 0.334870
vn -0.853355 -0.139652 0.502278
vn -0.820452 0.349980 0.452077
vn -0.635731 0.655576 -0.407513
vn -0.545574 0.835846 -0.060919
vn -0.207372 0.960880 0.183595
vn 0.020399 0.945014 -0.326393
vn 0.624358 0.781129 -0.003749
vn 0.300759 0.938636 0.168841
vn 0.775501 -0.231042 0.587553
vn 0.939849 0.030300 0.340244
vn 0.478233 -0.612145 0.629740
vn 0.131530 -0.571055 0.810306
vn -0.139828 -0.625938 0.767235
vn -0.078560 -0.816273 0.572299
vn -0.649008 -0.702731 0.291475
vn -0.384096 -0.639877 0.665604
vn -0.950608 -0.299826 -0.080300
vn -0.950242 -0.052966 -0.306977
vn -0.831671 0.544890 -0.106857
vn -0.575643 0.813546 -0.082332
vn -0.020476 0.978820 -0.203697
vn -0.260368 0.771977 -0.579879
vn 0.449053 0.592928 -0.668422
vn 0.311121 0.839779 -0.444944
vn 0.974948 -0.093376 -0.201887
vn 0.905692 0.029944 -0.422877
vn 0.867988 -0.377867 0.322201
vn 0.558271 -0.293050 0.776180
vn 0.320740 -0.275738 0.906142
vn 0.316431 -0.493687 0.810028
vn -0.351122 -0.348362 0.869113
vn 0.038963 -0.243154 0.969205
vn -0.667438 -0.119060 0.735086
vn -0.884391 -0.030869 0.465725
vn -0.055911 0.511980 -0.857176
vn -0.055911 0.511980 -0.857176
vn 0.367724 0.555166 -0.746036
vn 0.407637 0.553516 -0.726259
vn 0.921276 0.280709 0.269171
vn 0.921276 0.280709 0.269171
vn 0.921276 0.280709 0.269171
vn 0.921276 0.280709 0.269171
vn 0.082359 0.980845 0.176522
vn 0.082359 0.980845 0.176522
vn 0.006351 0.990958 0.134024
vn 0.006376 0.990956 0.134038
vn -0.699978 0.679712 -0.219140
vn -0.699978 0.679712 -0.219140
vn -0.699978 0.679712 -0.219140
vn -0.699978 0.679712 -0.219140
vn -0.731894 0.450920 -0.510884
vn -0.731894 0.450920 -0.510884
vn -0.378241 0.515929 -0.768604
vn -0.378749 0.515910 -0.768366
vn 0.783152 0.350705 -0.513496
vn 0.783152 0.350705 -0.513496
vn 0.783152 0.350705 -0.513496
vn 0.783152 0.350705 -0.513496
vn 0.089307 0.990689 0.102764
vn 0.089307 0.990689 0.102764
vn 0.012163 0.990175 0.139307
vn 0.011674 0.990148 0.139535
vn -0.712704 0.515137 0.476115
vn -0.712704 0.515137 0.476115
vn -0.712704 0.515137 0.476115
vn -0.712704 0.515138 0.476115
vn 0.075832 0.993520 -0.084661
vn 0.075832 0.993520 -0.084661
vn 0.114082 0.991091 -0.068738
vn 0.115070 0.991005 -0.068323
vn -0.671635 0.495149 -0.551120
vn -0.671635 0.495149 -0.551121
vn -0.671635 0.495149 -0.551121
vn -0.671635 0.495149 -0.551121
vn -0.124380 -0.989973 0.066956
vn -0.077465 -0.996672 -0.025376
vn -0.063625 -0.997780 -0.019663
vn -0.117268 -0.990819 0.067279
vn 0.860937 -0.074396 0.503242
vn 0.866956 -0.074929 0.492720
vn 0.867459 -0.074973 0.491827
vn 0.860937 -0.074396 0.503241
vn -0.114281 0.991903 -0.055402
vn -0.114281 0.991903 -0.055402
vn -0.079814 0.994360 -0.069837
vn -0.079673 0.994368 -0.069895
vn -0.881759 0.372599 0.289260
vn -0.881759 0.372599 0.289260
vn -0.881759 0.372599 0.289260
vn -0.881759 0.372599 0.289260
vn 0.077777 -0.993681 0.080928
vn 0.029810 -0.999552 -0.002826
vn 0.041143 -0.999136 -0.005865
vn 0.083022 -0.993277 0.080669
vn 0.906147 0.041131 -0.420959
vn 0.906162 0.040347 -0.421001
vn 0.906163 0.040310 -0.421003
vn 0.906147 0.041131 -0.420959
vn -0.714554 -0.616371 0.330906
vn 0.523561 -0.795574 0.304872
vn -0.728523 -0.372123 -0.575134
vn -0.792617 -0.419015 -0.442928
vn -0.378359 0.017744 -0.925489
vn 0.755632 0.523211 -0.394043
vn 0.392667 0.653920 -0.646685
vn 0.184777 0.450139 -0.873632
vn 0.651039 0.684089 -0.328891
vn 0.673909 0.738776 0.007461
vn 0.710142 0.386947 0.588192
vn 0.743208 0.513398 0.429028
vn 0.463245 0.050349 0.884799
vn 0.540694 -0.139119 0.829636
vn 0.078989 -0.778750 0.622342
vn -0.251106 -0.549146 0.797110
vn 0.159279 -0.094537 -0.982697
vn 0.531712 -0.398379 -0.747379
vn 0.708109 -0.438301 -0.553600
vn 0.867890 -0.433987 0.241708
vn 0.529533 -0.228613 0.816903
vn -0.205660 0.226302 0.952098
vn -0.697875 0.508106 0.504776
vn -0.779373 0.562682 -0.275621
vn -0.401620 0.294657 -0.867110
vn -0.967364 -0.173725 0.184464
vn -0.935353 -0.283492 0.211536
vn -0.761068 -0.465277 -0.451988
vn -0.758860 -0.589993 -0.275752
vn -0.224061 -0.723470 -0.652983
vn -0.185959 -0.340776 -0.921570
vn 0.381019 -0.000970 -0.924567
vn 0.578327 -0.445678 -0.683307
vn 0.989883 0.012545 -0.141330
vn 0.777159 0.327082 -0.537626
vn 0.810304 0.492007 0.318335
vn 0.827415 0.371497 0.421159
vn 0.324910 0.600028 0.731026
vn 0.459898 0.476450 0.749326
vn -0.449027 0.133390 0.883506
vn -0.574734 0.468565 0.670915
vn 0.191282 -0.589841 -0.784538
vn 0.139094 -0.318132 -0.937787
vn 0.731347 -0.456950 -0.506289
vn 0.699347 -0.592349 -0.400044
vn 0.926299 -0.349411 0.141005
vn 0.932422 -0.303820 0.195659
vn 0.535668 0.070766 0.841458
vn 0.584338 0.181208 0.791020
vn -0.299014 0.412486 0.860491
vn -0.247806 0.404774 0.880199
vn -0.756399 0.480551 0.443770
vn -0.789516 0.354282 0.501147
vn -0.985129 0.153286 -0.077613
vn -0.867267 0.352622 -0.351433
vn -0.496978 0.026598 -0.867355
vn -0.608359 -0.238693 -0.756918
vn -0.568353 -0.822737 -0.008887
vn -0.568353 -0.822737 -0.008887
vn -0.568353 -0.822737 -0.008887
vn -0.568353 -0.822737 -0.008887
vn 0.922501 -0.357587 -0.145338
vn 0.922501 -0.357587 -0.145338
vn 0.968552 -0.201232 -0.146330
vn 0.623675 0.256003 -0.738574
vn -0.017531 0.960537 -0.277598
vn 0.031767 0.646736 -0.762053
vn -0.632122 0.303012 -0.713166
vn -0.539153 0.232254 0.809551
vn -0.982502 -0.149042 -0.111694
vn -0.787892 -0.368662 0.493270
vn -0.724059 -0.581827 0.370426
vn -0.082008 -0.821936 0.563646
vn -0.088170 -0.670009 0.737098
vn 0.673495 -0.490649 0.552872
vn 0.613654 -0.683784 0.394802
vn 0.956395 -0.288224 -0.047279
vn 0.988182 -0.020912 0.151850
vn 0.757694 0.465057 -0.457844
vn 0.713027 0.290748 -0.638011
vn 0.074357 0.537046 -0.840270
vn 0.087553 0.632867 -0.769294
vn -0.616776 0.587012 -0.524408
vn -0.626773 0.406032 -0.665051
vn -0.989133 -0.118519 -0.087003
vn -0.986153 0.154109 0.061268
vn -0.755299 0.439761 -0.485936
vn -0.999683 -0.023945 -0.007799
vn -0.999218 0.030550 0.025093
vn -0.304414 0.903275 -0.302368
vn -0.321678 0.611470 -0.722930
vn -0.159699 0.613493 -0.773384
vn -0.110037 0.931422 -0.346909
vn -0.072289 0.927155 -0.367639
vn -0.126531 0.658310 -0.742037
vn -0.085557 0.626310 -0.774865
vn -0.024844 0.937339 -0.347533
vn 0.184600 0.914287 -0.360559
vn 0.089420 0.608532 -0.788475
vn 0.912208 -0.389598 0.126848
vn 0.868240 -0.410039 0.279335
vn 0.948962 -0.106355 -0.296916
vn 0.954543 0.029282 -0.296631
vn 0.352546 -0.926256 0.133270
vn 0.271857 -0.651694 0.708088
vn 0.505852 -0.638284 0.580264
vn 0.581734 -0.740825 0.335805
vn -0.191688 -0.977043 0.092965
vn -0.049424 -0.585959 0.808832
vn 0.121947 -0.599722 0.790862
vn 0.078923 -0.996021 0.041396
vn -0.826674 -0.387734 0.407766
vn -0.778969 -0.323348 0.537265
vn -0.332388 -0.554314 0.763056
vn -0.447700 -0.726127 0.521828
vn -0.157848 -0.812157 0.561680
vn -0.303139 -0.726412 0.616792
vn -0.925260 -0.148209 0.349183
vn -0.159991 -0.671985 -0.723076
vn 0.218029 -0.926052 0.308044
vn 0.057664 -0.875363 0.480015
vn 0.104411 0.992550 -0.062799
vn 0.104411 0.992550 -0.062799
vn 0.855212 -0.484683 0.183562
vn 0.253249 -0.929369 0.268586
vn -0.174738 -0.508465 0.843167
vn -0.020725 -0.699489 0.714343
vn 0.472162 -0.224459 0.852456
vn 0.637258 0.451668 0.624418
vn 0.595384 0.791145 0.140026
vn 0.093501 0.994117 0.054670
vn -0.422004 0.900352 0.106200
vn 0.833794 0.551346 0.028376
vn 0.662190 0.674608 -0.326203
vn 0.044269 -0.646320 -0.761781
vn 0.174691 -0.539084 -0.823936
vn 0.153068 -0.530868 -0.833517
vn -0.182461 -0.366706 -0.912269
vn -0.182461 -0.366706 -0.912269
vn -0.271519 -0.736090 -0.620039
vn -0.601555 -0.794739 0.080760
vn -0.011657 -0.747524 -0.664132
vn -0.271218 -0.651921 -0.708124
vn 0.494769 0.066120 -0.866506
vn 0.399663 -0.177156 -0.899381
vn 0.035083 -0.623257 -0.781230
vn 0.035083 -0.623257 -0.781230
vn -0.305412 -0.698222 -0.647463
vn -0.290271 -0.696874 -0.655827
vn 0.061630 -0.979637 -0.191082
vn 0.026769 -0.991438 -0.127807
vn -0.049190 -0.998671 -0.015393
vn -0.031870 -0.980358 -0.194633
vn -0.000698 -0.991364 -0.131133
vn 0.051873 -0.998603 -0.010050
vn 0.834284 -0.347905 -0.427707
vn 0.834284 -0.347905 -0.427707
vn 0.834284 -0.347905 -0.427707
vn 0.834284 -0.347905 -0.427707
vn 0.909366 -0.156125 -0.385589
vn 0.968378 0.055038 0.243340
vn 0.291329 -0.694198 0.658192
vn 0.291329 -0.694198 0.658192
vn 0.291331 -0.694197 0.658192
vn 0.291331 -0.694197 0.658192
vn 0.291332 -0.694196 0.658193
vn 0.291332 -0.694196 0.658193
vn 0.291332 -0.694195 0.658194
vn 0.291332 -0.694195 0.658194
vn -0.966609 0.237197 -0.096979
vn -0.966609 0.237197 -0.096979
vn -0.966609 0.237197 -0.096979
vn -0.966609 0.237197 -0.096979
vn -0.973906 0.008199 -0.226804
vn -0.952691 -0.002050 0.303934
vn -0.388976 -0.791909 0.470720
vn -0.388976 -0.791909 0.470719
vn -0.388976 -0.791910 0.470719
vn -0.388976 -0.791910 0.470719
vn -0.388975 -0.791911 0.470719
vn -0.388975 -0.791911 0.470719
vn -0.388975 -0.791910 0.470719
vn -0.388975 -0.791910 0.470719
vn 0.483769 -0.762337 -0.429896
vn 0.520793 -0.787538 -0.329482
vn 0.555784 -0.804816 -0.208268
vn 0.282666 -0.893344 -0.349338
vn 0.010370 -0.894807 -0.446333
vn 0.758288 0.286335 0.585672
vn 0.765503 0.339667 0.546472
vn 0.765503 0.339667 0.546472
vn 0.944737 -0.129118 0.301333
vn 0.944737 -0.129118 0.301333
vn -0.472932 0.835055 0.281104
vn -0.612481 0.734888 0.291217
vn -0.706738 0.643887 0.293141
vn -0.350127 0.784706 0.511515
vn 0.128106 0.760387 0.636710
vn -0.837605 -0.327879 -0.436937
vn -0.837605 -0.327879 -0.436937
vn -0.829476 -0.343764 -0.440223
vn -0.828496 -0.345636 -0.440602
vn -0.819968 -0.361566 -0.443760
vn -0.819968 -0.361566 -0.443760
vn -0.965375 -0.012029 -0.260590
vn -0.965375 -0.012029 -0.260590
vn 0.112070 -0.930649 -0.348328
vn 0.113967 -0.956712 -0.267793
vn 0.115090 -0.976975 -0.179650
vn -0.170759 -0.980121 -0.101022
vn -0.460823 -0.887467 -0.006734
vn 0.974405 0.088376 -0.206698
vn 0.974405 0.088376 -0.206698
vn 0.976862 0.053169 -0.207156
vn 0.976454 0.060446 -0.207083
vn 0.977852 0.028686 -0.207323
vn 0.977852 0.028686 -0.207323
vn 0.902450 -0.341256 -0.262924
vn 0.902450 -0.341256 -0.262924
vn -0.224824 0.908905 0.351206
vn 0.207462 0.948038 0.241211
vn 0.570829 0.815393 0.096378
vn -0.917709 -0.210706 0.336769
vn -0.925688 -0.190655 0.326729
vn -0.948809 -0.121955 0.291356
vn -0.948809 -0.121955 0.291356
vn -0.848899 0.357460 0.389348
vn -0.848899 0.357460 0.389349
vn 0.750073 0.641772 -0.159747
vn 0.151633 0.835168 -0.528679
vn -0.550315 0.561189 -0.618239
vn 0.772507 -0.525464 0.356541
vn 0.963903 0.153957 0.217227
vn -0.882172 -0.424389 -0.204124
vn -0.025537 -0.989478 0.142414
vn -0.901575 0.068895 -0.427102
vn 0.459045 0.405903 -0.790266
vn -0.350962 0.604478 -0.715144
vn -0.916300 0.369835 -0.153680
vn 0.936965 -0.326745 -0.123829
vn 0.869041 0.045824 -0.492614
vn -0.686661 -0.364112 0.629220
vn 0.277126 -0.755222 0.594005
vn -0.940790 0.003482 0.338973
vn 0.739446 0.482838 -0.469134
vn 0.739446 0.482838 -0.469134
vn 0.826682 0.087470 -0.555829
vn 0.826682 0.087470 -0.555829
vn 0.481625 0.128618 -0.866888
vn 0.469110 0.129457 -0.873600
vn -0.005145 0.141509 -0.989924
vn -0.005145 0.141509 -0.989924
vn 0.677164 0.502924 0.537137
vn 0.677164 0.502924 0.537137
vn 0.677164 0.502924 0.537137
vn 0.677164 0.502924 0.537137
vn 0.872697 -0.075437 0.482400
vn 0.872697 -0.075437 0.482400
vn 0.973113 -0.041927 0.226478
vn 0.973113 -0.041927 0.226478
vn 0.973113 -0.041927 0.226478
vn 0.973113 -0.041927 0.226478
vn -0.069587 0.993456 0.090564
vn -0.069587 0.993457 0.090564
vn -0.532914 -0.304009 0.789672
vn -0.532914 -0.304009 0.789672
vn -0.493926 -0.307525 0.813305
vn -0.493940 -0.307524 0.813297
vn -0.453960 -0.310395 0.835210
vn -0.453960 -0.310395 0.835210
vn -0.764734 0.366388 -0.530039
vn -0.764734 0.366388 -0.530039
vn -0.764734 0.366388 -0.530039
vn -0.764734 0.366388 -0.530039
vn -0.743240 0.082152 -0.663961
vn -0.743240 0.082152 -0.663961
vn -0.743240 0.082152 -0.663961
vn -0.743240 0.082152 -0.663961
vn -0.871015 0.080514 -0.484613
vn -0.864772 0.077196 -0.496196
vn -0.865145 0.077393 -0.495514
vn -0.871016 0.080514 -0.484613
vn 0.056762 0.478511 -0.876245
vn 0.056762 0.478511 -0.876245
vn 0.036173 0.108793 -0.993406
vn 0.036173 0.108793 -0.993406
vn -0.423782 0.104225 -0.899748
vn -0.424427 0.104200 -0.899446
vn -0.785876 0.077263 -0.613538
vn -0.785876 0.077263 -0.613538
vn 0.779258 0.587460 -0.218285
vn 0.779258 0.587460 -0.218285
vn 0.779258 0.587460 -0.218285
vn 0.779258 0.587460 -0.218285
vn 0.906176 0.039618 -0.421040
vn 0.906176 0.039618 -0.421040
vn 0.791155 0.051478 -0.609446
vn 0.791155 0.051478 -0.609446
vn 0.791155 0.051478 -0.609446
vn 0.791155 0.051478 -0.609446
vn -0.065632 0.982363 0.175090
vn -0.065632 0.982363 0.175090
vn 0.369524 -0.333589 0.867278
vn 0.369524 -0.333589 0.867278
vn 0.411888 -0.330987 0.848997
vn 0.412226 -0.330963 0.848842
vn 0.453822 -0.327637 0.828673
vn 0.453822 -0.327637 0.828673
vn -0.918159 0.284714 0.275538
vn -0.918159 0.284714 0.275538
vn -0.918159 0.284714 0.275538
vn -0.918159 0.284714 0.275538
vn -0.976724 -0.021989 0.213368
vn -0.976724 -0.021989 0.213368
vn -0.976724 -0.021989 0.213368
vn -0.976724 -0.021989 0.213368
vn -0.906246 -0.039784 0.420875
vn -0.906226 -0.040477 0.420852
vn -0.906227 -0.040434 0.420853
vn -0.906246 -0.039784 0.420875
vn 0.153483 0.986776 -0.052123
vn 0.153483 0.986776 -0.052123
vn 0.052128 0.989294 -0.136308
vn 0.052128 0.989294 -0.136308
vn 0.135870 0.986698 -0.089257
vn 0.136158 0.986673 -0.089093
vn 0.218651 0.974933 -0.041209
vn 0.218651 0.974933 -0.041209
vn -0.858302 0.073830 -0.507806
vn -0.858302 0.073830 -0.507806
vn -0.922260 -0.139971 -0.360341
vn -0.922260 -0.139971 -0.360341
vn -0.922260 -0.139971 -0.360341
vn -0.922260 -0.139971 -0.360341
vn -0.634107 0.602555 -0.484599
vn -0.634107 0.602555 -0.484599
vn -0.634107 0.602555 -0.484599
vn -0.634107 0.602555 -0.484599
vn -0.110052 -0.991624 0.067602
vn -0.117481 -0.961381 0.248888
vn -0.117481 -0.961381 0.248888
vn -0.198165 -0.958743 0.203822
vn -0.197790 -0.958774 0.204037
vn -0.277004 -0.947938 0.157105
vn -0.277004 -0.947938 0.157105
vn 0.860274 0.345133 0.375248
vn 0.860274 0.345133 0.375248
vn 0.860274 0.345133 0.375248
vn 0.860274 0.345133 0.375248
vn 0.804423 0.484598 0.343612
vn 0.804423 0.484598 0.343612
vn 0.804423 0.484598 0.343612
vn 0.804423 0.484598 0.343612
vn 0.746498 -0.281170 0.603063
vn 0.746498 -0.281170 0.603063
vn 0.746498 -0.281169 0.603063
vn 0.746498 -0.281170 0.603063
vn -0.045380 0.995422 -0.084114
vn -0.045380 0.995422 -0.084114
vn -0.177624 0.983084 -0.044678
vn -0.177624 0.983084 -0.044678
vn -0.091515 0.992061 -0.086253
vn -0.091065 0.992084 -0.086467
vn -0.004485 0.991884 -0.127068
vn -0.004485 0.991884 -0.127068
vn -0.906204 -0.041216 0.420828
vn -0.906204 -0.041216 0.420828
vn -0.807587 -0.255630 0.531467
vn -0.807587 -0.255630 0.531467
vn -0.807587 -0.255630 0.531467
vn -0.807587 -0.255630 0.531467
vn -0.812183 0.513365 0.277156
vn -0.812183 0.513365 0.277156
vn -0.812183 0.513365 0.277156
vn -0.812183 0.513365 0.277156
vn 0.088212 -0.992851 0.080410
vn 0.230932 -0.957502 0.172801
vn 0.230932 -0.957502 0.172801
vn 0.147045 -0.966386 0.210891
vn 0.146776 -0.966402 0.211010
vn 0.061848 -0.966990 0.247195
vn 0.061848 -0.966990 0.247195
vn 0.756306 0.448592 -0.476200
vn 0.756306 0.448593 -0.476200
vn 0.756306 0.448592 -0.476200
vn 0.756306 0.448593 -0.476200
vn 0.694860 0.582101 -0.422290
vn 0.694860 0.582101 -0.422290
vn 0.694860 0.582101 -0.422290
vn 0.694860 0.582101 -0.422290
vn 0.945037 -0.172222 -0.277930
vn 0.945037 -0.172222 -0.277930
vn 0.945037 -0.172222 -0.277930
vn 0.945037 -0.172222 -0.277930
vn -0.298306 -0.765702 -0.569837
vn -0.745833 -0.627020 -0.224896
vn -0.948075 -0.251556 0.194609
vn 0.998740 0.033128 -0.037709
vn 0.569243 -0.493888 -0.657295
vn 0.321386 0.568661 0.757189
vn 0.822013 0.360107 0.441154
vn -0.580970 0.414629 0.700397
vn 0.904564 -0.405451 0.131805
vn 0.677510 -0.639084 -0.364076
vn 0.232556 -0.637045 -0.734909
vn -0.285091 0.402435 0.869925
vn 0.596798 0.159096 0.786461
vn -0.986602 0.160472 -0.029425
vn -0.788669 0.338721 0.513098
vn -0.594636 -0.252586 -0.763288
vn 0.542394 -0.840101 -0.006210
vn 0.542394 -0.840101 -0.006210
vn 0.542394 -0.840101 -0.006210
vn 0.542394 -0.840101 -0.006210
vn 0.638692 -0.769303 0.015655
vn -0.055797 -0.965517 0.254289
vn -0.725643 -0.686095 0.052120
vn 0.706419 -0.544253 -0.452504
vn -0.932272 -0.342266 -0.117146
vn -0.932272 -0.342266 -0.117146
vn -0.809720 -0.448100 -0.378892
vn 0.557971 0.438376 -0.704624
vn -0.583715 0.454666 0.672723
vn -0.932584 0.001584 0.360951
vn -0.932584 0.001584 0.360951
vn -0.583030 0.455182 0.672967
vn -0.834662 -0.517649 -0.188093
vn -0.834662 -0.517649 -0.188093
vn -0.834662 -0.517649 -0.188093
vn -0.834662 -0.517649 -0.188093
vn -0.696464 -0.622141 -0.357601
vn -0.696464 -0.622141 -0.357601
vn -0.696464 -0.622141 -0.357601
vn -0.696464 -0.622141 -0.357601
vn 0.079679 -0.645378 -0.759697
vn 0.561545 -0.402979 -0.722686
vn 0.561573 -0.402958 -0.722676
vn 0.079679 -0.645378 -0.759697
vn 0.814196 -0.148729 -0.561217
vn 0.814196 -0.148729 -0.561217
vn 0.769665 0.587111 0.250833
vn 0.769665 0.587111 0.250833
vn 0.769665 0.587111 0.250833
vn 0.769665 0.587111 0.250833
vn 0.753425 0.599263 0.270620
vn 0.753425 0.599263 0.270620
vn 0.753425 0.599263 0.270620
vn 0.753425 0.599263 0.270620
vn -0.151322 0.674504 0.722597
vn -0.151322 0.674504 0.722597
vn -0.580490 -0.149799 -0.800370
vn -0.128334 -0.431401 -0.892986
vn -0.128334 -0.431401 -0.892986
vn -0.580516 -0.149778 -0.800355
vn 0.632296 -0.596421 -0.494453
vn 0.632296 -0.596421 -0.494453
vn 0.632296 -0.596421 -0.494453
vn 0.632296 -0.596421 -0.494453
vn 0.776020 -0.552441 -0.304307
vn 0.776020 -0.552441 -0.304307
vn 0.776020 -0.552441 -0.304307
vn 0.776020 -0.552441 -0.304307
vn 0.914796 -0.194508 0.353998
vn 0.609817 0.209006 0.764486
vn 0.609219 0.209500 0.764828
vn 0.914796 -0.194508 0.353998
vn 0.203842 0.459922 0.864246
vn 0.203842 0.459922 0.864246
vn -0.688701 0.601839 0.404327
vn -0.688701 0.601839 0.404327
vn -0.688701 0.601839 0.404327
vn -0.688701 0.601839 0.404327
vn -0.705581 0.596761 0.382142
vn -0.705580 0.596761 0.382142
vn -0.705581 0.596761 0.382142
vn -0.705581 0.596761 0.382142
vn -0.807626 0.086515 -0.583315
vn -0.807626 0.086515 -0.583315
s 1
g pCube1
usemtl pCube1SG
f 101/1/1 1/2/2 98/3/3 97/4/4
f 99/5/5 2/6/6 103/7/7 102/8/8
f 104/9/9 3/10/10 107/11/11 106/12/12
s 3
f 114/13/13 5/14/14 111/15/15 110/16/16
f 112/17/17 6/18/18 116/19/19 115/20/20
f 117/21/21 7/22/22 120/23/23 119/24/24
f 126/25/25 9/26/26 113/27/27 123/28/28
f 124/29/29 10/30/30 118/31/31 127/32/32
f 128/33/33 11/34/34 122/35/35 130/36/36
f 136/424/37 13/38/38 125/39/39 133/474/40
f 141/401/41 85/42/42 138/43/43 137/473/44
f 145/413/45 15/477/46 132/47/47 142/472/48
f 149/49/49 17/50/50 135/51/51 146/52/52
f 147/53/53 18/54/54 151/470/55 150/56/56
f 152/57/57 19/58/58 144/59/59 154/60/60
f 160/61/61 21/62/62 148/63/63 157/64/64
f 158/65/65 22/66/66 153/67/67 161/68/68
f 162/69/69 23/70/70 156/71/71 164/72/72
f 171/73/73 90/74/74 168/75/75 167/76/76
f 169/77/77 91/78/78 173/79/79 172/80/80
f 174/81/81 92/82/82 177/83/83 176/84/84
s 10
f 184/85/85 49/86/86 181/87/87 180/88/88
s 1
f 187/464/89 30/90/90 175/91/91 185/469/92
s 12
f 192/93/93 53/94/94 189/95/95 188/96/96
s off
f 108/97/97 4/98/98 194/99/99 193/100/100
s 3
f 121/101/101 8/102/102 197/103/103 196/104/104
s 13
f 378/105/105 377/106/106 379/107/107 380/108/108
s off
f 171/73/109 29/109/110 204/110/111 203/111/112
s 3
f 160/61/61 25/112/113 207/113/114 206/114/115
s 14
f 386/501/116 387/116/117 388/117/118 389/118/119
s 15
f 216/119/120 29/109/121 170/120/122 213/121/123
s 1
f 214/122/124 30/90/90 187/464/89 217/123/125
f 218/124/126 2/6/6 98/3/127 220/125/128
s 17
f 221/126/129 1/2/130 204/462/131 223/127/132
s 18
f 228/128/133 31/129/134 179/130/135 225/131/136
s 19
f 226/132/137 32/133/138 194/460/139 229/134/140
s 1
f 230/135/141 4/98/142 107/11/143 232/136/144
f 233/137/145 3/10/10 186/458/146 235/139/147
s 21
f 240/140/148 33/141/149 215/142/150 237/143/151
f 238/144/152 34/145/153 219/454/154 241/147/155
f 242/148/156 35/149/157 222/150/158 244/151/159
f 245/152/160 36/153/161 224/447/162 247/155/163
s 22
f 252/156/164 37/157/165 227/158/166 249/159/167
f 250/160/168 38/161/169 231/441/170 253/163/171
f 254/164/172 39/165/173 234/166/174 256/167/175
f 257/168/176 40/169/177 236/434/178 259/171/179
s 23
f 263/524/180 41/479/181 239/174/182 261/528/183
s off
f 262/176/184 42/177/185 243/178/186 264/527/187
s 24
f 270/511/188 58/181/189 267/182/190 266/525/191
s off
f 272/516/192 44/448/193 248/186/194 271/523/195
s 25
f 275/518/196 45/478/197 251/190/198 273/522/199
s off
f 274/192/200 46/193/201 255/194/202 276/521/203
s 26
f 282/505/204 62/197/205 279/198/206 278/519/207
s off
f 284/510/208 48/435/209 260/202/210 283/517/211
s 27
f 287/204/212 43/450/213 246/206/214 285/207/215
s off
f 286/208/216 44/448/217 272/516/218 288/209/219
s 10
f 289/210/220 52/211/221 183/212/222 290/213/223
s 28
f 291/214/224 51/215/225 265/513/226 292/217/227
s 29
f 295/218/228 47/437/229 258/220/230 293/221/231
s off
f 294/222/232 48/435/233 284/510/234 296/223/235
s 12
f 297/224/236 56/225/237 191/226/238 298/227/239
s 30
f 299/228/240 55/229/241 277/507/242 300/231/243
s 3
f 304/232/244 12/233/245 198/430/246 301/235/247
f 302/236/248 24/237/249 155/238/250 305/239/251
f 306/240/252 20/241/253 143/428/254 308/243/255
f 309/244/256 16/245/257 131/246/258 311/247/259
f 316/248/260 21/62/62 208/426/261 313/250/262
f 314/251/263 9/26/26 126/25/25 317/252/264
f 318/253/265 13/38/38 136/424/37 320/254/266
f 321/255/267 17/50/50 149/49/49 323/256/268
f 327/257/269 66/258/270 303/422/271 325/260/272
f 326/261/273 65/262/274 307/263/275 328/264/276
f 329/265/277 67/266/278 310/420/279 330/268/280
f 331/269/281 68/270/282 312/271/283 332/272/284
f 335/273/285 69/274/286 315/418/287 333/276/288
f 334/277/289 70/278/290 319/279/291 336/280/292
f 337/281/293 71/282/294 322/416/295 338/284/296
f 339/285/297 72/286/298 324/287/299 340/288/300
s off
f 344/289/301 14/480/302 129/291/303 341/292/304
s 3
f 342/293/305 15/46/306 145/414/45 345/294/307
f 346/295/308 19/471/58 151/55/309 348/296/310
f 349/297/311 18/475/54 134/410/312 351/299/313
f 355/300/314 81/301/315 343/302/316 353/303/317
f 354/304/318 82/305/319 347/406/320 356/307/321
f 357/308/322 83/309/323 350/310/324 358/311/325
f 359/312/326 84/313/327 352/403/328 360/315/329
f 363/316/330 90/74/74 205/400/331 361/318/332
f 363/316/330 25/112/113 159/319/333 364/320/334
f 365/321/335 26/322/336 163/323/337 366/324/338
f 367/325/339 27/326/340 166/327/341 368/328/342
f 371/329/343 94/330/344 195/397/345 370/332/346
f 373/333/347 95/334/348 109/335/349 372/336/350
f 375/337/351 96/338/352 105/339/353 374/340/354
f 362/341/355 89/342/356 100/343/357 376/344/358
s 1
f 98/3/3 2/6/6 99/5/5 97/4/4
s 3
f 99/5/359 96/338/352 100/343/357 97/4/360
f 100/343/357 89/342/356 101/1/361 97/4/360
s 1
f 103/7/7 3/10/10 104/9/9 102/8/362
s 3
f 104/9/363 95/334/348 105/339/353 102/8/364
f 105/339/353 96/338/352 99/5/359 102/8/364
s 1
f 107/11/11 4/98/365 108/97/366 106/12/12
s 3
f 108/97/367 94/330/344 109/335/349 106/12/368
f 109/335/349 95/334/348 104/9/363 106/12/368
f 111/15/15 6/18/18 112/17/17 110/16/16
f 112/17/17 10/30/30 113/27/27 110/16/16
f 113/27/27 9/26/26 114/13/13 110/16/16
f 116/19/19 7/22/22 117/21/21 115/20/20
f 117/21/21 11/34/34 118/31/31 115/20/20
f 118/31/31 10/30/30 112/17/17 115/20/20
f 120/23/23 8/102/102 121/101/101 119/24/24
f 121/101/101 12/233/245 122/35/35 119/24/24
f 122/35/35 11/34/34 117/21/21 119/24/24
f 113/27/27 10/30/30 124/29/29 123/28/28
f 124/29/29 14/290/369 125/39/39 123/28/28
f 125/39/39 13/38/38 126/25/25 123/28/28
f 118/31/31 11/34/34 128/33/33 127/32/32
f 128/33/33 15/477/46 129/476/370 127/32/32
f 129/476/370 14/290/369 124/29/29 127/32/32
f 122/35/35 12/233/245 131/246/258 130/36/36
f 131/246/258 16/245/257 132/47/47 130/36/36
f 132/47/47 15/477/46 128/33/33 130/36/36
f 125/39/39 14/290/369 134/408/312 133/474/40
f 134/409/312 18/54/54 135/51/51 133/40/40
f 135/51/51 17/50/50 136/37/37 133/40/40
f 138/43/43 86/345/371 139/346/372 137/473/44
f 139/404/372 87/347/373 140/348/374 137/44/44
f 140/348/374 88/349/375 141/41/41 137/44/44
f 132/47/47 16/245/257 143/242/254 142/472/48
f 143/428/254 20/241/253 144/59/59 142/48/48
f 144/59/59 19/58/58 145/412/45 142/48/48
f 135/51/51 18/54/54 147/53/53 146/52/52
f 147/53/53 22/66/66 148/63/63 146/52/52
f 148/63/63 21/62/62 149/49/49 146/52/52
f 151/470/55 19/58/58 152/57/57 150/56/56
f 152/57/57 23/70/70 153/67/67 150/56/56
f 153/67/67 22/66/66 147/53/53 150/56/56
f 144/59/59 20/241/253 155/238/250 154/60/60
f 155/238/250 24/237/249 156/71/71 154/60/60
f 156/71/71 23/70/70 152/57/57 154/60/60
f 148/63/63 22/66/66 158/65/65 157/64/64
f 158/65/65 26/322/336 159/319/333 157/64/64
f 159/319/333 25/112/113 160/61/61 157/64/64
f 153/67/67 23/70/70 162/69/69 161/68/68
f 162/69/69 27/326/340 163/323/337 161/68/68
f 163/323/337 26/322/336 158/65/65 161/68/68
f 156/71/71 24/237/249 165/350/376 164/72/72
f 165/350/376 28/351/377 166/327/341 164/72/72
f 166/327/341 27/326/340 162/69/69 164/72/72
f 168/75/75 91/78/78 169/77/77 167/76/76
s 1
f 169/77/378 30/90/90 170/120/379 167/76/380
f 170/120/379 29/109/381 171/73/382 167/76/380
s 3
f 173/79/79 92/82/82 174/81/81 172/80/80
s 1
f 174/81/383 31/129/384 175/91/91 172/80/385
f 175/91/91 30/90/90 169/77/378 172/80/386
s 3
f 177/83/83 93/352/387 178/353/388 176/84/84
s 1
f 178/353/389 32/133/390 179/130/391 176/84/392
f 179/130/391 31/129/384 174/81/383 176/84/392
s 10
f 181/87/87 50/354/393 182/355/394 180/88/88
f 182/355/394 51/215/395 183/212/222 180/88/88
f 183/212/222 52/211/221 184/85/85 180/88/88
s 1
f 175/91/91 31/129/384 186/138/146 185/469/92
f 186/458/146 3/10/10 103/7/7 185/92/92
f 103/7/7 2/6/6 187/89/89 185/92/92
s 12
f 189/95/95 54/356/396 190/357/397 188/96/96
f 190/357/397 55/229/398 191/226/238 188/96/96
f 191/226/238 56/225/237 192/93/93 188/96/96
s off
f 194/460/399 32/133/400 178/353/401 193/468/402
s 3
f 178/353/388 93/352/387 195/331/345 193/468/403
f 195/397/345 94/330/344 108/97/367 193/100/403
f 197/395/103 28/351/377 165/350/376 196/467/104
f 165/350/376 24/237/249 198/234/404 196/467/104
f 198/430/404 12/233/245 121/101/101 196/104/104
s 41
f 379/107/405 381/358/406 382/503/407 380/108/408
f 382/359/407 383/360/409 384/361/410 380/108/408
s 13
f 384/361/411 385/362/412 378/105/105 380/108/108
s off
f 204/462/413 1/2/414 101/1/415 203/466/416
s 3
f 101/1/361 89/342/356 205/317/331 203/466/417
f 205/400/331 90/74/74 171/73/73 203/111/417
f 207/398/114 5/14/14 114/13/13 206/465/115
f 114/13/13 9/26/26 208/249/418 206/465/115
f 208/426/418 21/62/62 160/61/61 206/114/115
s 42
f 388/117/419 390/363/420 391/364/421 389/118/422
f 391/364/421 392/365/423 393/366/424 389/118/422
s 14
f 393/366/425 394/367/426 386/115/116 389/118/119
s 15
f 170/120/122 30/90/427 214/122/428 213/121/123
f 214/122/428 34/145/429 215/142/430 213/121/123
f 215/142/430 33/141/431 216/119/120 213/121/123
s 1
f 187/89/89 2/6/6 218/124/126 217/463/432
f 218/124/126 35/149/433 219/146/434 217/463/432
f 219/454/435 34/145/436 214/122/124 217/123/125
f 98/3/127 1/2/437 221/126/438 220/125/128
f 221/126/438 36/153/439 222/150/440 220/125/128
f 222/150/440 35/149/441 218/124/126 220/125/128
s 43
f 204/110/442 29/109/443 216/119/444 223/461/445
f 216/119/444 33/141/446 224/154/447 223/461/445
s 17
f 224/447/448 36/153/449 221/126/129 223/127/132
s 18
f 179/130/135 32/133/450 226/132/451 225/131/136
f 226/132/451 38/161/452 227/158/453 225/131/136
f 227/158/453 37/157/454 228/128/133 225/131/136
s 44
f 194/99/455 4/98/456 230/135/457 229/459/458
f 230/135/457 39/165/459 231/162/460 229/459/458
s 19
f 231/441/461 38/161/462 226/132/137 229/134/140
s 1
f 107/11/143 3/10/10 233/137/145 232/136/144
f 233/137/145 40/169/463 234/166/464 232/136/144
f 234/166/464 39/165/465 230/135/141 232/136/144
f 186/138/146 31/129/384 228/128/466 235/457/467
f 228/128/466 37/157/468 236/170/469 235/457/467
f 236/434/470 40/169/471 233/137/145 235/139/147
s 21
f 215/142/150 34/145/153 238/144/152 237/143/151
f 238/144/152 42/456/472 239/455/473 237/143/151
f 239/455/473 41/173/474 240/140/148 237/143/151
f 219/146/154 35/149/157 242/148/156 241/453/155
f 242/148/156 43/205/475 243/451/476 241/453/155
f 243/452/476 42/456/472 238/144/152 241/147/155
f 222/150/158 36/153/161 245/152/160 244/151/159
f 245/152/160 44/185/477 246/449/478 244/151/159
f 246/449/478 43/205/475 242/148/156 244/151/159
f 224/154/162 33/141/149 240/140/148 247/446/163
f 240/140/148 41/173/474 248/444/479 247/446/163
f 248/445/479 44/185/477 245/152/160 247/155/163
s 22
f 227/158/166 38/161/169 250/160/168 249/159/167
f 250/160/168 46/443/480 251/442/481 249/159/167
f 251/442/481 45/189/482 252/156/164 249/159/167
f 231/162/170 39/165/173 254/164/172 253/440/171
f 254/164/172 47/219/483 255/438/484 253/440/171
f 255/439/484 46/443/480 250/160/168 253/163/171
f 234/166/174 40/169/177 257/168/176 256/167/175
f 257/168/176 48/201/485 258/436/486 256/167/175
f 258/436/486 47/219/483 254/164/172 256/167/175
f 236/170/178 37/157/165 252/156/164 259/433/179
f 252/156/164 45/189/482 260/431/487 259/433/179
f 260/432/487 48/201/485 257/168/176 259/171/179
s 23
f 239/174/182 42/177/488 262/176/489 261/528/183
s 45
f 262/526/490 50/354/491 181/87/492 261/175/493
f 181/87/492 49/86/494 263/172/495 261/175/493
s off
f 243/178/496 43/450/497 265/216/498 264/527/499
s 28
f 265/513/226 51/215/225 182/355/500 264/179/501
s off
f 182/355/502 50/354/503 262/526/504 264/179/505
s 24
f 267/182/190 57/368/506 268/369/507 266/525/191
s 46
f 268/514/508 59/370/509 269/371/510 266/183/511
f 269/371/510 60/372/512 270/180/513 266/183/511
s off
f 248/186/514 41/479/515 263/524/516 271/523/517
f 263/172/518 49/86/519 184/85/520 271/187/521
s 47
f 184/85/522 52/211/523 272/184/524 271/187/525
s 25
f 251/190/198 46/193/526 274/192/527 273/522/199
s 48
f 274/520/528 54/356/529 189/95/530 273/191/531
f 189/95/530 53/94/532 275/188/533 273/191/531
s off
f 255/194/534 47/437/535 277/230/536 276/521/537
s 30
f 277/507/242 55/229/241 190/357/538 276/195/539
s off
f 190/357/540 54/356/541 274/520/542 276/195/543
s 26
f 279/198/206 61/373/544 280/374/545 278/519/207
s 49
f 280/508/546 63/375/547 281/376/548 278/199/549
f 281/376/548 64/377/550 282/196/551 278/199/549
s off
f 260/202/552 45/478/553 275/518/554 283/517/555
f 275/188/556 53/94/557 192/93/558 283/203/559
s 50
f 192/93/560 56/225/561 284/200/562 283/203/563
s 27
f 246/206/214 44/448/564 286/208/565 285/207/215
s 51
f 286/208/566 57/368/567 267/182/568 285/207/569
f 267/182/568 58/181/570 287/204/571 285/207/569
s 47
f 272/184/524 52/211/523 289/210/572 288/515/573
s off
f 289/210/574 59/370/575 268/514/576 288/515/577
f 268/369/578 57/368/579 286/208/580 288/209/581
s 10
f 183/212/222 51/215/395 291/214/582 290/213/223
s 52
f 291/214/583 60/372/584 269/371/585 290/213/586
f 269/371/585 59/370/587 289/210/588 290/213/586
s off
f 265/216/589 43/450/590 287/204/591 292/512/592
f 287/204/593 58/181/594 270/511/595 292/512/596
f 270/180/597 60/372/598 291/214/599 292/217/600
s 29
f 258/220/230 48/435/601 294/222/602 293/221/231
s 53
f 294/222/603 61/373/604 279/198/605 293/221/606
f 279/198/605 62/197/607 295/218/608 293/221/606
s 50
f 284/200/562 56/225/561 297/224/609 296/509/610
s off
f 297/224/611 63/375/612 280/508/613 296/509/614
f 280/374/615 61/373/616 294/222/617 296/223/618
s 12
f 191/226/238 55/229/398 299/228/619 298/227/239
s 54
f 299/228/620 64/377/621 281/376/622 298/227/623
f 281/376/622 63/375/624 297/224/625 298/227/623
s off
f 277/230/626 47/437/627 295/218/628 300/506/629
f 295/218/630 62/197/631 282/505/632 300/506/633
f 282/196/634 64/377/635 299/228/636 300/231/637
s 3
f 198/234/246 24/237/249 302/236/248 301/429/247
f 302/236/248 65/262/274 303/259/271 301/429/247
f 303/422/271 66/258/270 304/232/244 301/235/247
f 155/238/250 20/241/253 306/240/252 305/239/251
f 306/240/252 67/266/278 307/263/275 305/239/251
f 307/263/275 65/262/274 302/236/248 305/239/251
f 143/242/254 16/245/257 309/244/256 308/427/255
f 309/244/256 68/270/282 310/267/279 308/427/255
f 310/420/279 67/266/278 306/240/252 308/243/255
f 131/246/258 12/233/245 304/232/244 311/247/259
f 304/232/244 66/258/270 312/271/283 311/247/259
f 312/271/283 68/270/282 309/244/256 311/247/259
f 208/249/261 9/26/26 314/251/263 313/425/262
f 314/251/263 70/278/290 315/275/287 313/425/262
f 315/418/287 69/274/286 316/248/260 313/250/262
f 126/25/25 13/38/38 318/253/265 317/252/264
f 318/253/265 71/282/294 319/279/291 317/252/264
f 319/279/291 70/278/290 314/251/263 317/252/264
f 136/37/37 17/50/50 321/255/267 320/423/266
f 321/255/267 72/286/298 322/283/295 320/423/266
f 322/416/295 71/282/294 318/253/265 320/254/266
f 149/49/49 21/62/62 316/248/260 323/256/268
f 316/248/260 69/274/286 324/287/299 323/256/268
f 324/287/299 72/286/298 321/255/267 323/256/268
f 303/259/271 65/262/274 326/261/273 325/421/272
f 326/261/273 73/497/638 199/498/639 325/421/272
f 199/499/639 74/500/640 327/257/269 325/260/272
f 307/263/275 67/266/278 329/265/277 328/264/276
f 329/265/277 75/495/641 200/496/642 328/264/276
f 200/496/642 73/497/638 326/261/273 328/264/276
f 310/267/279 68/270/282 331/269/281 330/419/280
f 331/269/281 76/492/643 201/493/644 330/419/280
f 201/494/644 75/495/641 329/265/277 330/268/280
f 312/271/283 66/258/270 327/257/269 332/272/284
f 327/257/269 74/500/640 202/491/645 332/272/284
f 202/491/645 76/492/643 331/269/281 332/272/284
f 315/275/287 70/278/290 334/277/289 333/417/288
f 334/277/289 78/490/646 209/488/647 333/417/288
f 209/489/647 77/482/648 335/273/285 333/276/288
f 319/279/291 71/282/294 337/281/293 336/280/292
f 337/281/293 79/487/649 210/486/650 336/280/292
f 210/486/650 78/490/646 334/277/289 336/280/292
f 322/283/295 72/286/298 339/285/297 338/415/296
f 339/285/297 80/485/651 211/483/652 338/415/296
f 211/484/652 79/487/649 337/281/293 338/284/296
f 324/287/299 69/274/286 335/273/285 340/288/300
f 335/273/285 77/482/648 212/481/653 340/288/300
f 212/481/653 80/485/651 339/285/297 340/288/300
s off
f 129/291/654 15/46/655 342/293/656 341/292/657
s 3
f 342/293/658 82/305/319 343/302/316 341/292/659
f 343/302/316 81/301/315 344/289/660 341/292/659
f 145/45/45 19/471/58 346/295/308 345/411/307
f 346/295/308 83/309/323 347/306/320 345/411/661
f 347/406/320 82/305/319 342/293/658 345/294/661
f 151/55/309 18/475/54 349/297/311 348/296/310
f 349/297/311 84/313/327 350/310/324 348/296/310
f 350/310/324 83/309/323 346/295/308 348/296/310
f 134/298/312 14/480/662 344/289/663 351/407/313
f 344/289/660 81/301/315 352/314/328 351/407/664
f 352/403/328 84/313/327 349/297/311 351/299/664
f 343/302/316 82/305/319 354/304/318 353/303/317
f 354/304/318 86/345/371 138/43/43 353/303/317
f 138/43/43 85/42/42 355/300/314 353/303/317
f 347/306/320 83/309/323 357/308/322 356/405/321
f 357/308/322 87/347/373 139/404/372 356/405/321
f 139/346/372 86/345/371 354/304/318 356/307/321
f 350/310/324 84/313/327 359/312/326 358/311/325
f 359/312/326 88/349/375 140/348/374 358/311/325
f 140/348/374 87/347/373 357/308/322 358/311/325
f 352/314/328 81/301/315 355/300/314 360/402/329
f 355/300/314 85/42/42 141/401/41 360/402/329
f 141/41/41 88/349/375 359/312/326 360/315/329
f 205/317/331 89/342/356 362/341/355 361/399/332
f 362/341/355 5/14/14 207/398/114 361/399/332
f 207/113/114 25/112/113 363/316/330 361/318/332
f 159/319/333 26/322/336 365/321/335 364/320/334
f 365/321/335 91/78/78 168/75/75 364/320/334
f 168/75/75 90/74/74 363/316/330 364/320/334
f 163/323/337 27/326/340 367/325/339 366/324/338
f 367/325/339 92/82/82 173/79/79 366/324/338
f 173/79/79 91/78/78 365/321/335 366/324/338
f 166/327/341 28/351/377 369/394/665 368/328/342
f 369/394/665 93/352/387 177/83/83 368/328/342
f 177/83/83 92/82/82 367/325/339 368/328/342
f 195/331/345 93/352/387 369/394/665 370/396/346
f 369/394/665 28/351/377 197/395/103 370/396/346
f 197/103/103 8/102/102 371/329/343 370/332/346
f 109/335/349 94/330/344 371/329/343 372/336/350
f 371/329/343 8/102/102 120/23/23 372/336/350
f 120/23/23 7/22/22 373/333/347 372/336/350
f 105/339/353 95/334/348 373/333/347 374/340/354
f 373/333/347 7/22/22 116/19/19 374/340/354
f 116/19/19 6/18/18 375/337/351 374/340/354
f 100/343/357 96/338/352 375/337/351 376/344/358
f 375/337/351 6/18/18 111/15/15 376/344/358
f 111/15/15 5/14/14 362/341/355 376/344/358
s 55
f 202/385/666 74/380/667 377/106/668 378/105/669
s off
f 74/380/670 199/379/671 379/107/672 377/106/673
f 199/379/674 73/378/675 381/358/676 379/107/677
s 56
f 73/378/678 200/504/679 382/503/680 381/358/681
f 200/382/679 75/381/682 383/360/683 382/359/680
s off
f 75/381/684 201/384/685 384/361/686 383/360/687
f 201/384/688 76/383/689 385/362/690 384/361/691
s 55
f 76/383/692 202/385/666 378/105/669 385/362/693
s 57
f 212/393/694 77/388/695 387/116/696 386/501/697
s off
f 77/388/698 209/387/699 388/117/700 387/116/701
f 209/387/702 78/386/703 390/363/704 388/117/705
s 58
f 78/386/706 210/390/707 391/364/708 390/363/709
f 210/390/707 79/389/710 392/365/711 391/364/708
s off
f 79/389/712 211/392/713 393/366/714 392/365/715
f 211/392/716 80/391/717 394/367/718 393/366/719
s 57
f 80/391/720 212/502/694 386/115/697 394/367/721
