# This file uses centimeters as units for non-parametric coordinates.

mtllib my_animation.0011.mtl
g default
v -17.588182 44.008587 -8.767976
v -4.042131 43.059990 -7.345109
v 7.742159 43.541798 -6.741527
v 21.795271 44.313038 -7.689502
v -18.064682 58.118790 2.735899
v -7.142860 48.249504 6.944863
v 11.040649 47.322113 7.542864
v 23.285532 55.879810 4.115024
v -15.723009 70.895851 27.734629
v -6.017480 61.001965 29.484936
v 9.141941 60.621799 30.607946
v 20.000408 70.314346 31.099346
v -21.315346 74.905815 34.911274
v -4.766971 75.782845 43.316448
v 6.654481 75.561638 44.159607
v 23.880493 73.452232 39.664009
v -18.570524 84.496803 32.315884
v -6.028583 86.819115 38.290951
v 9.113501 86.460800 39.453053
v 23.282806 83.545776 37.043198
v -14.162986 78.179626 25.562431
v -4.750509 82.596161 19.707319
v 10.407753 82.214584 20.826511
v 19.183437 78.122124 29.145130
v -17.294168 70.015717 -2.187295
v -4.012690 72.749504 -3.516246
v 11.147900 72.024712 -2.910991
v 24.073950 68.038734 -0.927566
v -15.063638 37.677391 -16.754948
v -2.360314 36.624355 -12.444008
v 8.151800 35.946339 -9.999079
v 21.344385 37.420177 -14.296039
v -18.678230 21.501614 15.516949
v -11.247190 22.501148 17.034803
v -13.702809 30.265091 23.455915
v -21.061016 28.981302 21.903307
v 16.968740 27.942804 21.994289
v 24.683809 27.757101 20.760571
v 25.824734 37.793335 25.609243
v 18.113478 37.913319 26.847645
v -12.789240 6.824960 -10.436291
v -5.805303 7.114917 -8.207550
v -9.139476 4.519598 1.087660
v -15.865839 4.382555 -1.742427
v 13.659479 6.876306 1.555083
v 20.970852 7.051495 -0.266205
v 23.596331 4.947118 9.887001
v 16.287384 4.880580 11.724232
v -12.251123 0.781119 -12.545829
v -4.187315 0.897166 -9.084491
v -8.870535 -0.815871 5.213613
v -19.498272 -0.907609 0.213626
v 12.598230 0.969030 0.192485
v 21.351004 1.046576 -2.011520
v 26.427589 -0.483610 12.285514
v 14.993149 -0.502070 15.184464
v -24.813845 6.017202 13.878684
v -16.443611 6.011350 17.908712
v -25.122063 2.535925 14.519214
v -16.750647 2.530394 18.546782
v 19.923580 5.253022 29.592518
v 28.923529 5.287766 27.289715
v 20.006721 1.722160 29.917452
v 29.010397 1.762549 27.629320
v 28.372368 84.907234 9.725446
v 28.495689 76.297737 14.521143
v 36.165474 88.878525 16.039309
v 36.980747 79.955513 19.881481
v -15.494347 83.646233 4.114044
v -19.257713 76.349159 9.798053
v -27.114199 83.222939 12.034205
v -22.517849 90.788284 8.221734
v 46.929947 63.945229 -2.295787
v 44.803772 57.605667 4.829412
v 49.749771 65.338020 -0.215154
v 47.623688 58.997433 6.910713
v -36.918175 67.751099 -10.365084
v -38.506954 62.219509 -2.467067
v -41.079010 64.694572 -1.250987
v -39.490231 70.226166 -9.149003
v -7.061152 78.290535 55.721432
v 8.571022 79.309517 56.082146
v 11.006590 91.556252 45.562965
v -10.666821 89.858292 44.757168
v -7.915348 93.901810 70.803795
v 6.882069 95.285461 70.881516
v 5.241145 109.697418 60.338310
v -8.864964 108.378410 60.264225
v -17.088301 46.442329 -8.808675
v -15.780439 48.739471 -19.081600
v -2.681568 49.750641 -20.291416
v 9.081460 49.158936 -19.540028
v 21.981611 47.417912 -17.264980
v 21.517506 44.783005 -6.945820
v 9.272863 42.837467 -2.714188
v -5.432979 43.718147 -3.379730
v -11.956156 45.046917 -7.855486
v -12.216937 44.686512 -6.883533
v -5.026497 43.068596 -6.305678
v -12.260377 45.481483 -5.692105
v -17.257944 45.051624 -10.461614
v 1.839637 41.509624 -5.533794
v 1.743924 42.100262 -6.248387
v 8.713403 42.163742 -6.031095
v 1.953689 42.481037 -2.486825
v 15.694902 44.042076 -7.135647
v 15.968060 44.802170 -6.419529
v 21.503002 44.133717 -9.034359
v 16.175915 43.950813 -4.366675
v -13.766017 58.769745 16.436352
v -14.137739 52.875446 4.945052
v -7.421778 54.593647 18.201653
v -13.086079 64.909019 27.705809
v -17.763483 63.427380 14.391321
v 1.989300 53.468929 17.742722
v 1.899097 46.991783 7.575491
v 11.362520 53.905575 19.255499
v 1.628195 61.939671 29.532055
v 18.207918 57.591045 18.246534
v 18.579767 51.201630 6.011855
v 23.137318 61.845642 16.913725
v 16.850292 64.174995 30.066936
v -12.492666 69.740105 36.593853
v -5.618981 69.075325 39.486588
v -13.940785 75.466995 42.517780
v -19.799477 71.183571 30.773836
v 1.060467 68.509140 39.380028
v 7.670619 68.744110 40.474396
v 0.891147 75.158447 46.866859
v 14.911431 69.109581 38.902878
v 22.911768 70.195801 35.164288
v 15.395123 74.735359 45.042027
v -13.961256 82.055275 41.646599
v -5.575626 82.132133 43.173512
v -14.352096 87.247345 37.322506
v -20.503246 80.136246 33.848129
v -1.047932 100.146622 73.137497
v -0.491385 94.306946 71.138641
v 7.351671 102.208153 68.653328
v -1.978058 110.867401 59.364212
v -10.570828 100.519791 68.571983
v 15.956623 81.259468 44.246735
v 24.081762 78.754234 38.675755
v 17.521505 86.427406 40.262707
v 7.711740 81.948402 44.144234
v -12.010004 85.556084 30.198355
v -5.485207 87.167931 31.232046
v -11.823618 81.798370 20.328438
v -15.388838 82.644867 28.795307
v 2.084742 86.976822 31.792160
v 1.207657 88.288353 40.760887
v 9.668086 86.791992 32.362400
v 2.830621 82.405533 20.269949
v 16.486088 85.015938 32.714581
v 20.843706 82.677177 32.873714
v 17.690125 81.163208 22.739338
v -11.752756 77.124001 8.525363
v -4.145668 77.504929 8.226860
v -11.669962 72.647621 -3.248075
v -16.946939 74.379555 9.577927
v 3.451334 77.232231 8.681684
v 11.008425 76.986961 9.122705
v 3.596837 72.230629 -3.728894
v 18.596661 76.036278 10.310327
v 23.841789 73.068031 12.048532
v 18.684902 71.090736 -2.271519
v -9.396806 43.255108 -20.639555
v -9.905242 49.271969 -20.764740
v -2.360878 44.462914 -20.308418
v -9.056440 37.736713 -17.967186
v -15.305767 42.736729 -19.326857
v 3.127558 44.393497 -19.568480
v 3.200247 50.266647 -19.809116
v 8.652783 43.508530 -19.288519
v 3.069831 39.320789 -17.140520
v 15.753461 42.087414 -18.883192
v 16.313801 48.135754 -19.293852
v 21.493721 41.794010 -17.343206
v 15.468249 36.647930 -15.260536
v -10.527757 -0.333000 -5.288484
v -7.349655 1.247007 -13.064377
v -5.146713 -0.053181 -3.002100
v -14.206694 -0.921778 2.741938
v -15.849918 -0.213664 -7.747186
v 1.885445 43.239941 -4.627175
v 10.284266 37.016434 3.983131
v -5.073340 34.794300 0.414043
v 18.548025 -0.008488 5.173548
v 16.421640 1.355935 -3.151357
v 24.252941 0.136074 3.658880
v 20.714609 -0.516177 13.757048
v 12.818069 0.051966 6.552007
v 22.952543 42.755554 -13.428520
v 22.915483 40.586926 -11.286289
v 23.325861 46.130730 -12.397248
v 25.534014 67.452240 13.877941
v 25.713919 62.167530 1.522272
v 19.829668 74.155968 28.952429
v 45.259716 60.401737 0.939574
v 48.283836 65.130226 -2.145278
v 48.708015 62.104954 3.483934
v 45.683857 57.377125 6.568321
v -17.735231 43.477501 -15.305235
v -17.662241 40.307098 -13.061336
v -18.055679 47.626106 -14.432853
v -19.284512 69.042664 11.015804
v -19.820782 64.518845 0.071328
v -14.763047 73.728073 25.573118
v -37.207603 64.401573 -6.555818
v -39.751701 62.532696 -0.983104
v -40.352913 67.428276 -5.068700
v -37.808815 69.297150 -10.641414
v -11.098044 27.028017 -1.468798
v -7.548853 28.850691 1.305933
v -14.589590 21.428904 15.675705
v -16.476713 27.548035 -0.139397
v -7.273787 34.160603 4.766276
v -10.586775 39.012825 8.009582
v -11.117691 26.669334 20.843895
v -15.170049 40.697014 7.468645
v -19.554264 38.003635 6.432528
v -17.758739 31.470440 23.961956
v -19.250587 32.643787 2.803293
v -20.985182 25.066925 18.826242
v 17.757156 29.551109 3.154670
v 22.971491 30.974154 4.090095
v 20.565300 26.969473 20.973339
v 13.636773 31.231766 5.535893
v 24.607538 36.895260 5.940082
v 23.903362 42.881981 8.556533
v 26.339184 32.981430 23.314995
v 18.976576 45.110538 9.048376
v 14.578757 43.215191 10.020025
v 22.006973 39.804234 27.107351
v 12.411201 37.322002 7.947551
v 16.247349 33.159317 24.844984
v -14.167683 21.768274 2.515613
v -10.084253 21.269024 4.583772
v -8.825099 7.655395 -11.069927
v -18.147840 19.565044 3.946227
v -8.085684 17.013588 8.835600
v -9.126189 12.535558 13.141611
v -5.972113 5.619933 -3.582253
v -12.847589 9.973308 13.963614
v -17.149551 10.733344 12.577952
v -13.872646 4.419809 2.365896
v -18.882042 14.680726 8.126970
v -15.075980 5.108376 -6.821923
v 18.250031 23.681747 8.978108
v 22.879192 23.099899 9.819064
v 16.869289 7.471155 -1.128992
v 14.701408 22.722895 11.794063
v 25.486805 19.598017 14.628795
v 25.731285 16.401791 20.150295
v 23.339762 5.697380 4.145968
v 21.976521 15.002425 22.472267
v 17.543131 16.212692 22.085289
v 20.677698 4.888855 13.641920
v 14.791284 19.239628 17.207165
v 13.788207 5.545411 6.540357
v -7.645302 4.368344 -12.786994
v -4.376826 3.985583 -8.963707
v -12.501308 3.791837 -12.228850
v -5.129108 2.814941 -3.039564
v -8.768525 1.975277 5.041936
v -21.553061 6.172248 17.815174
v -20.543652 6.970314 15.716897
v -26.868349 6.172382 15.258229
v -21.020658 1.582602 16.708197
v -16.237772 6.172114 20.372118
v -15.881951 2.570522 -7.573956
v -19.402346 1.882471 0.069005
v 16.472467 4.419913 -2.853115
v 21.395744 4.038764 -1.750406
v 12.642488 3.936890 0.450454
v 24.273977 2.973073 3.788934
v 26.411695 2.318315 12.250572
v 24.949051 5.208195 30.509918
v 24.401184 6.232022 28.353699
v 19.233709 5.191127 31.967714
v 24.531961 0.771942 28.864857
v 30.663361 5.236647 29.048079
v 12.836907 2.860708 6.668675
v 14.976459 2.290646 15.142351
v -17.318445 5.398289 9.067670
v -22.035465 5.429365 6.812681
v -12.631495 5.408912 11.337002
v -22.839882 2.783766 6.906385
v -23.037859 0.016755 7.320966
v -17.701786 -0.000863 9.857205
v -12.388064 0.007505 12.406776
v -12.190180 2.765793 12.004130
v 22.536865 5.471076 21.009867
v 17.490858 5.462796 22.313639
v 27.583420 5.491899 19.710058
v 16.872456 2.781400 22.661970
v 16.922834 -0.023163 22.854239
v 22.641661 -0.015784 21.411304
v 28.361628 0.004609 19.976841
v 28.303436 2.803039 19.751183
v 23.318712 78.547905 20.514364
v 22.553726 83.157951 21.602562
v 27.418587 79.909149 10.959927
v 26.148312 74.733040 20.978794
v 25.404034 85.249840 23.869417
v 29.621763 85.632950 26.398952
v 31.748003 87.808876 12.349055
v 31.881363 81.546745 26.538088
v 33.051983 77.164040 25.879417
v 37.512096 84.541733 17.879181
v 29.709267 74.949997 23.237099
v 32.336315 77.082466 17.610567
v -15.191119 77.573471 16.173628
v -19.106121 74.852173 16.073765
v -16.507570 78.823288 5.995940
v -13.429033 81.776505 17.258841
v -22.971542 76.301834 17.479002
v -26.045591 79.638634 19.436001
v -23.202374 78.768745 11.547125
v -23.835892 83.498100 20.215689
v -20.413462 86.758469 20.299551
v -25.608362 87.419792 9.787917
v -16.016783 84.863098 18.748636
v -18.056406 87.874512 5.796975
v 32.512962 72.455345 6.970373
v 34.745831 76.756599 4.250883
v 32.788719 69.764786 11.539968
v 37.995811 79.295761 5.847904
v 41.969513 80.614159 9.603424
v 41.441162 77.043343 13.455120
v 40.119335 73.414604 16.873083
v 35.719761 70.574753 14.694541
v -22.764904 72.802078 1.465748
v -24.842937 71.035713 6.049648
v -22.820761 77.149857 -2.049163
v -27.915575 73.183105 8.295484
v -31.448061 77.595818 8.992462
v -30.639240 81.054237 5.035718
v -29.050171 84.064583 1.049851
v -25.198181 80.881783 -1.480313
v 0.957903 71.450340 51.090977
v 7.066944 79.385437 48.420631
v 0.852919 76.419991 57.541012
v -5.432611 79.197067 47.674629
v 9.616040 82.598984 46.679771
v 7.199538 87.190811 43.911037
v 12.531100 85.600502 50.934917
v 0.826032 89.972107 42.490665
v -5.262450 86.957527 43.156113
v 0.158400 91.478149 44.749466
v -7.859091 82.307411 45.658894
v -11.580626 83.978210 50.279114
v 0.235795 86.489487 67.648567
v 10.676450 90.709679 66.859520
v -10.753572 88.705826 66.746964
v 11.604565 97.891922 60.454395
v 9.473745 103.240692 53.643097
v -1.263416 103.643669 51.904926
v -11.757253 101.255455 53.531593
v -12.930349 95.597748 60.325539
v -18.977869 57.932167 -8.283888
v -17.477413 54.351032 -2.385915
v -16.686722 60.992329 -13.250478
v -10.967937 62.440197 -15.356907
v -3.482293 62.118755 -15.483813
v 3.424784 62.626064 -14.744665
v 10.292038 61.760113 -14.770096
v 17.730324 61.152550 -14.109271
v 23.219505 59.179508 -11.688297
v 24.629110 55.885681 -6.412876
v 22.415724 52.411083 -0.763208
v 17.450130 50.947620 2.845856
v 11.249336 49.742325 4.419351
v 2.018150 50.668468 4.173835
v -7.229244 50.486153 3.310503
v -13.136113 52.307053 1.322487
v 53.292450 47.925987 -0.601983
v 54.293812 47.701801 1.318182
v 54.061878 51.095016 -4.617817
v 55.742607 51.925167 -3.377682
v 55.597954 54.801659 -8.329203
v 57.113167 56.109909 -8.131264
v 58.771511 56.369171 -5.987564
v 57.643929 52.864292 -1.974769
v 56.466007 49.493500 1.739656
v -47.672039 62.556381 -17.882566
v -46.663303 60.838543 -17.603216
v -47.228092 57.447823 -13.353842
v -48.725471 58.888737 -12.645872
v -48.386162 54.840145 -9.038684
v -49.778885 55.221085 -7.409181
v -51.280876 57.625713 -7.670042
v -50.495396 60.591930 -11.809038
v -49.558014 63.624096 -16.234583
vt 0.208431 0.494797
vt 0.208575 0.478116
vt 0.229443 0.475893
vt 0.229271 0.493426
vt 0.252729 0.492198
vt 0.256170 0.471571
vt 0.275357 0.475888
vt 0.275429 0.493819
vt 0.298111 0.492176
vt 0.294163 0.471736
vt 0.321331 0.475953
vt 0.321541 0.493432
vt 0.198757 0.641525
vt 0.200055 0.589825
vt 0.221664 0.590600
vt 0.219751 0.640956
vt 0.244967 0.639373
vt 0.247968 0.591507
vt 0.275466 0.591669
vt 0.275481 0.635804
vt 0.305994 0.639365
vt 0.302966 0.591494
vt 0.329276 0.590573
vt 0.331197 0.640955
vt 0.199789 0.728809
vt 0.197393 0.704590
vt 0.219517 0.692482
vt 0.227784 0.730211
vt 0.252859 0.733034
vt 0.249003 0.687406
vt 0.275511 0.688085
vt 0.275516 0.730408
vt 0.298175 0.733010
vt 0.302021 0.687396
vt 0.331536 0.692451
vt 0.323246 0.730162
vt 0.805511 0.686057
vt 0.204711 0.752714
vt 0.229559 0.760254
vt 0.782889 0.696424
vt 0.784986 0.875584
vt 0.254181 0.941082
vt 0.275435 0.940431
vt 0.742298 0.896742
vt 0.699334 0.736241
vt 0.297037 0.807427
vt 0.321459 0.760204
vt 0.696358 0.696343
vt 0.808954 0.641287
vt 0.805193 0.664541
vt 0.784300 0.671779
vt 0.785729 0.644267
vt 0.763331 0.647822
vt 0.762442 0.673765
vt 0.742276 0.741120
vt 0.739609 0.647377
vt 0.715889 0.647774
vt 0.716786 0.673709
vt 0.694936 0.671695
vt 0.693494 0.644181
vt 0.806875 0.557726
vt 0.810121 0.617205
vt 0.790367 0.607046
vt 0.787575 0.557696
vt 0.763367 0.556090
vt 0.764746 0.603486
vt 0.739627 0.603152
vt 0.739688 0.556093
vt 0.716014 0.556064
vt 0.714496 0.603455
vt 0.688836 0.606971
vt 0.691820 0.557642
vt 0.803405 0.420481
vt 0.802841 0.435733
vt 0.782960 0.432290
vt 0.783371 0.416064
vt 0.759505 0.410786
vt 0.759570 0.428509
vt 0.739756 0.426992
vt 0.739743 0.409699
vt 0.720007 0.410786
vt 0.719946 0.428500
vt 0.696571 0.432245
vt 0.696182 0.416016
vt 0.819305 0.093413
vt 0.797386 0.086157
vt 0.790779 0.072322
vt 0.822344 0.073237
vt 0.265809 0.416173
vt 0.762697 0.377789
vt 0.739788 0.389948
vt 0.275377 0.462947
vt 0.364323 0.097210
vt 0.342669 0.089884
vt 0.336664 0.075169
vt 0.367299 0.076188
vt 0.342559 0.494848
vt 0.342402 0.478170
vt 0.366070 0.480227
vt 0.366198 0.495669
vt 0.352247 0.641476
vt 0.350872 0.589816
vt 0.374237 0.588973
vt 0.374011 0.638442
vt 0.936729 0.462892
vt 0.940585 0.464321
vt 0.946953 0.476690
vt 0.936605 0.482861
vt 0.804780 0.405462
vt 0.824266 0.410023
vt 0.823186 0.423812
vt 0.805355 0.509178
vt 0.825584 0.509339
vt 0.825621 0.554997
vt 0.118742 0.522844
vt 0.058006 0.517789
vt 0.074507 0.510871
vt 0.084702 0.516921
vt 0.822269 0.350445
vt 0.784755 0.399833
vt 0.805305 0.347137
vt 0.793942 0.336256
vt 0.777469 0.322538
vt 0.236211 0.409364
vt 0.220899 0.415267
vt 0.203041 0.415110
vt 0.182178 0.419746
vt 0.685950 0.336155
vt 0.717407 0.377787
vt 0.694840 0.399772
vt 0.674409 0.347030
vt 0.657366 0.350391
vt 0.674734 0.405426
vt 0.637625 0.358046
vt 0.347747 0.415166
vt 0.329799 0.415381
vt 0.314324 0.409429
vt 0.706215 0.336018
vt 0.292514 0.404556
vt 0.870618 0.237836
vt 0.844433 0.293934
vt 0.832214 0.287148
vt 0.858351 0.228645
vt 0.844944 0.223065
vt 0.821107 0.280742
vt 0.243727 0.342391
vt 0.826584 0.212775
vt 0.214622 0.282882
vt 0.224361 0.346790
vt 0.210147 0.349538
vt 0.199596 0.284960
vt 0.184434 0.288656
vt 0.194986 0.352422
vt 0.864110 0.304875
vt 0.163133 0.290367
vt 0.634803 0.222910
vt 0.658751 0.280554
vt 0.647480 0.287052
vt 0.621343 0.228556
vt 0.609012 0.237734
vt 0.635143 0.293889
vt 0.375465 0.356065
vt 0.590820 0.249121
vt 0.366326 0.288752
vt 0.355651 0.352469
vt 0.340563 0.349608
vt 0.351134 0.285011
vt 0.336042 0.282967
vt 0.326383 0.346874
vt 0.678330 0.268182
vt 0.315081 0.275917
vt 0.789900 0.091626
vt 0.894734 0.181072
vt 0.223763 0.023658
vt 0.779683 0.072008
vt 0.205625 0.023651
vt 0.212375 0.030485
vt 0.208733 0.046428
vt 0.818124 0.043214
vt 0.919973 0.054113
vt 0.218394 0.124576
vt 0.231547 0.124829
vt 0.925982 0.076298
vt 0.853028 0.105343
vt 0.173602 0.224408
vt 0.245023 0.044913
vt 0.815784 0.102925
vt 0.335499 0.095534
vt 0.609223 0.166963
vt 0.147562 0.023794
vt 0.325939 0.074804
vt 0.129108 0.019171
vt 0.133886 0.026698
vt 0.125138 0.040618
vt 0.363323 0.044920
vt 0.461211 0.056389
vt 0.114656 0.083148
vt 0.128082 0.110700
vt 0.466974 0.079440
vt 0.396801 0.109583
vt 0.345740 0.218419
vt 0.158805 0.046562
vt 0.361009 0.107136
vt 0.212264 0.093809
vt 0.204982 0.218327
vt 0.226791 0.056935
vt 0.229179 0.093286
vt 0.246067 0.092223
vt 0.255137 0.092099
vt 0.884191 0.095549
vt 0.853655 0.095653
vt 0.854753 0.074189
vt 0.884265 0.075061
vt 0.885799 0.054616
vt 0.855335 0.052709
vt 0.203340 0.068369
vt 0.888472 0.044995
vt 0.116537 0.064410
vt 0.377147 0.224500
vt 0.136900 0.057215
vt 0.135301 0.068971
vt 0.159593 0.072808
vt 0.169578 0.075371
vt 0.426769 0.099419
vt 0.397393 0.099512
vt 0.398467 0.077209
vt 0.426850 0.078134
vt 0.428347 0.056895
vt 0.399054 0.054890
vt 0.111199 0.052142
vt 0.430928 0.046902
vt 0.398347 0.732496
vt 0.353774 0.704759
vt 0.655189 0.607952
vt 0.404645 0.715309
vt 0.625247 0.642548
vt 0.669008 0.617360
vt 0.670290 0.641156
vt 0.629866 0.657272
vt 0.633967 0.675274
vt 0.674058 0.664432
vt 0.345812 0.774768
vt 0.637449 0.692485
vt 0.387906 0.765553
vt 0.346295 0.752641
vt 0.351218 0.728717
vt 0.392980 0.747350
vt 0.854032 0.642643
vt 0.181252 0.694641
vt 0.859345 0.625630
vt 0.152631 0.732602
vt 0.157999 0.747449
vt 0.163074 0.765647
vt 0.167481 0.783084
vt 0.845329 0.675366
vt 0.849419 0.657366
vt 0.462802 0.754848
vt 0.433121 0.744888
vt 0.586158 0.633072
vt 0.469035 0.736153
vt 0.562716 0.661102
vt 0.591598 0.653084
vt 0.596668 0.669873
vt 0.567525 0.676181
vt 0.573571 0.695803
vt 0.602326 0.689166
vt 0.414557 0.801264
vt 0.575415 0.714705
vt 0.450039 0.789809
vt 0.420413 0.781867
vt 0.427222 0.762131
vt 0.457315 0.770152
vt 0.916571 0.661069
vt 0.887682 0.653104
vt 0.112049 0.724515
vt 0.922852 0.642462
vt 0.088177 0.754903
vt 0.117860 0.744959
vt 0.123753 0.762207
vt 0.093657 0.770210
vt 0.100926 0.789871
vt 0.130556 0.781946
vt 0.872833 0.708772
vt 0.104321 0.808576
vt 0.905760 0.695791
vt 0.876995 0.689207
vt 0.882631 0.669903
vt 0.911782 0.676158
vt 0.245118 0.820265
vt 0.256063 0.761423
vt 0.275458 0.816348
vt 0.275456 0.817082
vt 0.305796 0.819611
vt 0.322444 0.827635
vt 0.716707 0.746651
vt 0.742277 0.751635
vt 0.767846 0.746640
vt 0.232576 0.815700
vt 0.789238 0.746868
vt 0.242805 0.909093
vt 0.242913 0.847487
vt 0.275453 0.850080
vt 0.275444 0.899369
vt 0.308078 0.909112
vt 0.307992 0.847504
vt 0.685718 0.768892
vt 0.335635 0.923345
vt 0.710517 0.826756
vt 0.709025 0.772272
vt 0.742280 0.767854
vt 0.742288 0.823907
vt 0.774059 0.826743
vt 0.775535 0.772258
vt 0.216918 0.852154
vt 0.800161 0.835727
vt 0.803587 0.472219
vt 0.184266 0.511368
vt 0.823748 0.473030
vt 0.786007 0.508646
vt 0.783967 0.470951
vt 0.760849 0.468488
vt 0.762764 0.507838
vt 0.739729 0.507585
vt 0.739749 0.469813
vt 0.718652 0.468468
vt 0.716699 0.507812
vt 0.693463 0.508589
vt 0.695538 0.470900
vt 0.347089 0.550471
vt 0.343449 0.511536
vt 0.656251 0.437958
vt 0.370672 0.549455
vt 0.305626 0.550928
vt 0.300328 0.509969
vt 0.323635 0.511057
vt 0.326613 0.553291
vt 0.245263 0.550946
vt 0.250519 0.509979
vt 0.275426 0.509223
vt 0.275447 0.553833
vt 0.203857 0.550446
vt 0.207534 0.511493
vt 0.227207 0.511082
vt 0.224277 0.553331
vt 0.296688 0.941095
vt 0.317831 0.963343
vt 0.722395 0.859395
vt 0.742293 0.859091
vt 0.762190 0.859387
vt 0.672412 0.557619
vt 0.673996 0.509116
vt 0.676597 0.435714
vt 0.676064 0.420456
vt 0.798456 0.058765
vt 0.820876 0.052919
vt 0.343747 0.061021
vt 0.365907 0.055032
vt 0.963235 0.483911
vt 0.902883 0.489040
vt 0.909072 0.482168
vt 0.925033 0.475729
vt 0.931354 0.463643
vt 0.080884 0.498420
vt 0.084741 0.496992
vt 0.090126 0.497750
vt 0.096539 0.509638
vt 0.112499 0.516024
vt 0.245369 0.109349
vt 0.249130 0.116712
vt 0.914174 0.091435
vt 0.914507 0.075957
vt 0.915392 0.060496
vt 0.143488 0.116794
vt 0.145270 0.126440
vt 0.455609 0.095160
vt 0.455938 0.079081
vt 0.456800 0.063019
vt 0.982240 0.434188
vt 0.963585 0.427947
vt 0.946509 0.423110
vt 0.890921 0.433118
vt 0.882130 0.436526
vt 0.926679 0.423006
vt 0.909612 0.427375
vt 0.937930 0.422313
vt 0.075163 0.457134
vt 0.058225 0.461798
vt 0.039557 0.467684
vt 0.094859 0.456979
vt 0.083682 0.456346
vt 0.130564 0.466891
vt 0.111877 0.461251
vt 0.033116 0.470128
vt 0.675805 0.472192
vt 0.653419 0.509254
vt 0.655248 0.472962
vt 0.367019 0.511392
vt 0.176921 0.588998
vt 0.180547 0.549455
vt 0.822760 0.437993
vt 0.233028 0.963316
vt 0.215241 0.923308
vt 0.798841 0.768868
vt 0.699605 0.875602
vt 0.684417 0.835751
vt 0.333987 0.852188
vt 0.228471 0.827609
vt 0.254212 0.785439
vt 0.759269 0.697501
vt 0.785216 0.736222
vt 0.695315 0.746888
vt 0.719972 0.697428
vt 0.296799 0.785396
vt 0.318344 0.815723
vt 0.903939 0.714697
vt 0.136407 0.801345
vt 0.081951 0.736203
vt 0.893090 0.633076
vt 0.446638 0.808511
vt 0.606509 0.708725
vt 0.556410 0.642507
vt 0.438944 0.724452
vt 0.841861 0.692578
vt 0.205190 0.774839
vt 0.146366 0.715395
vt 0.823906 0.608060
vt 0.383498 0.782992
vt 0.673752 0.685953
vt 0.619881 0.625562
vt 0.369876 0.694574
vt 0.624476 0.158216
vt 0.327082 0.211968
vt 0.653476 0.212425
vt 0.306569 0.342322
vt 0.153133 0.050558
vt 0.361352 0.222428
vt 0.125968 0.045756
vt 0.396618 0.225899
vt 0.569871 0.190223
vt 0.388031 0.290471
vt 0.615162 0.304972
vt 0.596954 0.173816
vt 0.584932 0.180968
vt 0.909456 0.190131
vt 0.154402 0.225852
vt 0.888489 0.249012
vt 0.175675 0.355943
vt 0.241882 0.047343
vt 0.189385 0.222364
vt 0.213528 0.046751
vt 0.223402 0.212053
vt 0.855547 0.158550
vt 0.235225 0.276013
vt 0.801766 0.268578
vt 0.882733 0.173912
vt 0.870470 0.167071
vt 0.702590 0.322102
vt 0.284431 0.416033
vt 0.369025 0.419829
vt 0.654789 0.409992
vt 0.841623 0.358035
vt 0.185243 0.480200
vt 0.257695 0.404697
vt 0.773758 0.336466
vt 0.177136 0.638471
vt 0.185108 0.495641
vt 0.653403 0.554919
vt 0.655840 0.423782
vt 0.740026 0.329135
vt 0.739609 0.679991
vt 0.717946 0.727940
vt 0.321543 0.784229
vt 0.275425 0.981496
vt 0.229466 0.784279
vt 0.766602 0.727930
vt 0.275513 0.766895
vt 0.294962 0.761394
vt 0.158494 0.031032
vt 0.235614 0.029385
vt 0.253884 0.807420
vt 0.968218 0.693073
vt 0.970279 0.686813
vt 0.964692 0.720144
vt 0.041234 0.817480
vt 0.965692 0.701614
vt 0.035620 0.790589
vt 0.038855 0.799577
vt 0.026837 0.766821
vt 0.976742 0.669618
vt 0.033170 0.783659
vt 0.515345 0.790561
vt 0.512107 0.799546
vt 0.509721 0.817448
vt 0.514670 0.720260
vt 0.513647 0.701731
vt 0.511110 0.693195
vt 0.509040 0.686939
vt 0.502555 0.669755
vt 0.524137 0.766797
vt 0.517798 0.783632
vt 0.052820 0.522857
vt 0.139366 0.470253
vt 0.968347 0.489050
vt 0.988625 0.436785
vt 0.108883 0.091107
vt 0.106409 0.062482
vt 0.399209 0.044805
vt 0.459518 0.102060
vt 0.428604 0.109556
vt 0.167704 0.057128
vt 0.215342 0.132259
vt 0.203222 0.094543
vt 0.855471 0.043005
vt 0.918242 0.098075
vt 0.886101 0.105305
vt 0.255511 0.067846
vt 0.169019 0.047690
vt 0.166893 0.025823
vt 0.125973 0.120002
vt 0.337008 0.054912
vt 0.115292 0.038211
vt 0.149847 0.015689
vt 0.254586 0.043904
vt 0.241676 0.021944
vt 0.231922 0.132778
vt 0.791425 0.052872
vt 0.199112 0.046316
vt 0.223332 0.014444
vn -0.229414 0.881297 0.413140
vn -0.229414 0.881297 0.413140
vn -0.245767 0.837933 0.487306
vn -0.245628 0.838352 0.486654
vn -0.167493 -0.980127 -0.106286
vn 0.268462 0.844368 0.463650
vn -0.140363 0.885792 0.442348
vn -0.128445 -0.919972 -0.370344
vn -0.019758 -0.233664 -0.972117
vn -0.301572 0.943222 0.139240
vn -0.076055 0.570899 -0.817490
vn -0.070966 0.419597 -0.904932
vn -0.922633 -0.295888 0.247382
vn -0.911304 -0.372496 0.175418
vn -0.675362 -0.686767 0.268770
vn -0.688813 -0.621199 0.373695
vn -0.316670 -0.811801 0.490612
vn -0.318491 -0.910624 0.263299
vn -0.053532 -0.966920 0.249399
vn -0.059961 -0.849286 0.524517
vn 0.206652 -0.835459 0.509218
vn 0.215984 -0.934071 0.284364
vn 0.572514 -0.760504 0.306367
vn 0.580471 -0.692085 0.429036
vn -0.661941 -0.739918 0.119814
vn -0.754772 -0.650909 0.081474
vn -0.633800 -0.654299 0.412542
vn -0.426506 -0.719692 0.547847
vn -0.202472 -0.718700 0.665188
vn -0.228166 -0.807327 0.544209
vn -0.063019 -0.825158 0.561375
vn -0.067868 -0.750661 0.657193
vn 0.058977 -0.728777 0.682207
vn 0.108024 -0.819051 0.563459
vn 0.522070 -0.699959 0.487340
vn 0.271773 -0.748875 0.604421
vn -0.824971 0.345489 0.447281
vn -0.836110 -0.294477 0.462821
vn -0.449511 -0.292037 0.844189
vn -0.444173 0.365512 0.817992
vn -0.677155 0.455700 0.577753
vn -0.490835 -0.244421 0.836266
vn 0.022763 -0.293358 0.955732
vn -0.055353 0.522752 0.850686
vn 0.378151 0.292910 0.878183
vn 0.040460 -0.437240 0.898434
vn 0.237587 -0.320642 0.916919
vn 0.266232 0.328667 0.906145
vn 0.145078 0.976661 -0.158387
vn -0.576229 0.785917 0.224263
vn -0.389082 0.854030 0.345324
vn -0.236914 0.916656 -0.321891
vn -0.050266 0.966373 -0.252184
vn -0.151347 0.975103 0.162076
vn 0.027361 0.997943 -0.057972
vn 0.042971 0.967968 -0.247371
vn 0.132757 0.962335 -0.237249
vn 0.162531 0.971205 0.174194
vn 0.323204 0.840465 0.434923
vn 0.328999 0.905777 -0.267072
vn -0.806443 0.581875 -0.105216
vn -0.379831 0.917459 -0.118313
vn -0.410087 0.856876 -0.312397
vn -0.323301 0.890187 -0.321005
vn -0.005645 0.923727 -0.383010
vn -0.029790 0.923347 -0.382810
vn 0.052185 0.921385 -0.385133
vn 0.055312 0.919430 -0.389344
vn 0.119038 0.916690 -0.381456
vn 0.133055 0.917909 -0.373817
vn 0.479586 0.835626 -0.267819
vn 0.409216 0.860906 -0.302296
vn -0.518959 -0.013611 -0.854691
vn -0.605965 0.204831 -0.768668
vn -0.130921 0.262820 -0.955921
vn -0.092243 -0.007927 -0.995705
vn 0.078944 -0.010655 -0.996822
vn 0.049131 0.268121 -0.962132
vn 0.069305 0.274650 -0.959043
vn 0.071758 -0.031859 -0.996913
vn 0.037272 -0.053338 -0.997881
vn 0.073662 0.242003 -0.967475
vn 0.215842 0.226262 -0.949851
vn 0.157126 -0.057195 -0.985921
vn 0.037412 -0.993561 -0.106946
vn 0.064942 -0.983906 -0.166467
vn 0.083266 -0.983940 -0.157890
vn 0.058276 -0.993139 -0.101384
vn 0.923482 -0.133445 0.359686
vn 0.680014 -0.728256 -0.084996
vn 0.022053 -0.923052 -0.384043
vn -0.163357 -0.798725 0.579096
vn -0.027681 -0.995366 -0.092094
vn -0.039046 -0.988319 -0.147314
vn -0.029925 -0.988199 -0.150227
vn -0.018851 -0.994991 -0.098175
vn 0.945181 0.308568 0.106855
vn 0.945181 0.308568 0.106855
vn 0.945181 0.308568 0.106855
vn 0.945181 0.308568 0.106855
vn 0.859430 -0.397686 0.321289
vn 0.849128 -0.482388 0.215135
vn 0.999022 -0.039708 -0.019467
vn 0.989130 0.021361 0.145482
vn 0.627303 -0.665295 -0.404814
vn 0.627301 -0.665297 -0.404814
vn 0.627301 -0.665297 -0.404814
vn 0.627303 -0.665295 -0.404814
vn -0.855159 -0.285805 -0.432456
vn -0.855159 -0.285805 -0.432456
vn -0.855159 -0.285805 -0.432456
vn -0.855159 -0.285805 -0.432456
vn -0.700530 0.607525 -0.374396
vn -0.994197 0.083464 -0.067864
vn -0.988090 0.128198 0.085105
vn -0.712991 -0.498809 -0.492781
vn -0.712991 -0.498810 -0.492782
vn -0.712991 -0.498810 -0.492781
vn -0.712991 -0.498809 -0.492781
vn -0.127875 -0.886698 -0.444314
vn -0.153576 -0.829023 -0.537713
vn 0.091709 -0.860702 -0.500781
vn 0.146780 -0.890434 -0.430794
vn 0.955058 -0.235548 0.179947
vn 0.960858 -0.215370 0.174262
vn 0.571193 0.694360 0.437726
vn -0.034561 0.952938 0.301188
vn -0.116775 0.919759 0.374709
vn -0.995251 0.037214 -0.089948
vn -0.994479 0.053648 -0.090182
vn -0.994479 0.053648 -0.090182
vn -0.995135 0.040102 -0.089991
vn -0.303300 -0.933453 -0.191506
vn -0.256459 -0.929606 -0.264690
vn 0.010290 -0.945626 -0.325092
vn -0.031236 -0.963829 -0.264684
vn 0.958918 -0.239075 -0.152704
vn 0.954577 -0.251078 -0.160442
vn 0.954577 -0.251078 -0.160442
vn 0.959378 -0.237766 -0.151859
vn 0.365364 0.925405 0.100671
vn 0.244227 0.969705 -0.005075
vn -0.032707 0.998624 0.040991
vn 0.020960 0.989373 0.143883
vn -0.650488 0.708150 0.274570
vn -0.922154 -0.203983 0.328669
vn -0.911744 0.245169 0.329569
vn -0.725705 0.521980 -0.448207
vn -0.649160 0.731357 -0.209065
vn -0.155654 0.986310 -0.054450
vn -0.039057 0.845154 -0.533095
vn 0.640971 0.723108 -0.257432
vn 0.402496 0.906348 -0.128568
vn 0.899751 -0.082363 0.428562
vn 0.983670 0.078832 0.161800
vn 0.629036 -0.446555 0.636320
vn 0.291694 -0.391061 0.872918
vn -0.029960 -0.452117 0.891455
vn 0.008086 -0.657139 0.753726
vn -0.660271 -0.547328 0.514270
vn -0.328158 -0.472754 0.817812
vn -0.937246 -0.300936 0.176087
vn -0.987809 -0.100768 -0.118653
vn -0.836347 0.454433 -0.306618
vn -0.691656 0.676544 -0.252786
vn -0.079802 0.941997 -0.325996
vn -0.184751 0.697849 -0.692007
vn 0.558928 0.549735 -0.620799
vn 0.427286 0.765449 -0.481160
vn 0.999591 -0.022079 0.018183
vn 0.972010 0.065316 -0.225679
vn 0.832518 -0.263083 0.487546
vn 0.479103 -0.190593 0.856817
vn 0.184425 -0.201851 0.961896
vn 0.193207 -0.412298 0.890327
vn -0.512535 -0.323955 0.795211
vn -0.148627 -0.199524 0.968556
vn -0.816857 -0.140905 0.559367
vn -0.959040 -0.072483 0.273840
vn -0.189060 0.442799 -0.876462
vn -0.189060 0.442799 -0.876462
vn 0.243611 0.521809 -0.817539
vn 0.305807 0.524898 -0.794333
vn 0.922637 0.347111 0.168090
vn 0.922637 0.347111 0.168090
vn 0.922637 0.347111 0.168090
vn 0.922637 0.347111 0.168090
vn 0.028530 0.989277 0.143236
vn 0.028530 0.989277 0.143236
vn -0.050875 0.993036 0.106261
vn -0.050848 0.993036 0.106274
vn -0.763066 0.617804 -0.189862
vn -0.763066 0.617804 -0.189862
vn -0.763066 0.617804 -0.189862
vn -0.763066 0.617804 -0.189862
vn -0.617496 0.450270 -0.644946
vn -0.617496 0.450270 -0.644946
vn -0.211574 0.503687 -0.837577
vn -0.214428 0.503673 -0.836860
vn 0.866548 0.326449 -0.377526
vn 0.866548 0.326449 -0.377526
vn 0.866548 0.326449 -0.377526
vn 0.866548 0.326449 -0.377526
vn 0.133672 0.972832 0.189021
vn 0.133672 0.972832 0.189021
vn 0.050377 0.976146 0.211190
vn 0.050059 0.976145 0.211272
vn -0.778015 0.544450 0.313477
vn -0.778015 0.544450 0.313477
vn -0.778015 0.544450 0.313477
vn -0.778015 0.544450 0.313477
vn -0.000122 0.993979 -0.109574
vn -0.000122 0.993979 -0.109574
vn 0.037721 0.994598 -0.096703
vn 0.039139 0.994591 -0.096217
vn -0.739256 0.432542 -0.516147
vn -0.739256 0.432542 -0.516147
vn -0.739256 0.432542 -0.516147
vn -0.739256 0.432542 -0.516147
vn -0.052104 -0.993305 0.103103
vn -0.014085 -0.999826 0.012206
vn -0.000008 -0.999869 0.016201
vn -0.044963 -0.993676 0.102893
vn 0.897778 -0.002934 0.440440
vn 0.904885 -0.003511 0.425641
vn 0.905445 -0.003557 0.424448
vn 0.897778 -0.002934 0.440439
vn -0.042292 0.997801 -0.051031
vn -0.042292 0.997801 -0.051031
vn -0.019848 0.998113 -0.058116
vn -0.019763 0.998113 -0.058142
vn -0.898018 0.420690 0.128775
vn -0.898018 0.420690 0.128775
vn -0.898018 0.420690 0.128775
vn -0.898018 0.420690 0.128775
vn 0.014501 -0.998085 0.060134
vn -0.003953 -0.999991 -0.001609
vn 0.002320 -0.999990 -0.003829
vn 0.017106 -0.998068 0.059737
vn 0.969700 0.001459 -0.244293
vn 0.969677 0.002393 -0.244380
vn 0.969676 0.002414 -0.244382
vn 0.969700 0.001459 -0.244293
vn -0.220261 -0.883956 -0.412439
vn 0.711072 -0.682003 0.171020
vn -0.767153 -0.346952 -0.539537
vn -0.851170 -0.239736 -0.466944
vn -0.843893 0.461537 -0.273548
vn 0.430580 0.854833 -0.289588
vn -0.003590 0.987275 -0.158979
vn -0.464394 0.885622 -0.003533
vn 0.289832 0.863041 0.413713
vn 0.568376 0.687309 0.452277
vn 0.716781 0.199481 0.668156
vn 0.778550 0.257398 0.572369
vn 0.836506 -0.393811 0.381012
vn 0.657456 -0.406553 0.634402
vn 0.511952 -0.830530 0.219374
vn 0.480800 -0.875748 -0.043542
vn 0.983046 0.177969 -0.044126
vn 0.770321 -0.568489 -0.288834
vn 0.845538 -0.492836 -0.205371
vn 0.023706 -0.952820 -0.302610
vn -0.656355 -0.741884 -0.137134
vn -0.974658 -0.163794 0.152358
vn -0.801886 0.499956 0.327145
vn -0.096431 0.953391 0.285914
vn 0.704088 0.703342 0.097830
vn -0.751006 -0.659828 0.024857
vn -0.687906 -0.718232 -0.104536
vn -0.839096 -0.172913 -0.515771
vn -0.740935 -0.366248 -0.562919
vn -0.431097 0.129521 -0.892961
vn -0.572555 0.515449 -0.637568
vn -0.117691 0.913637 -0.389123
vn 0.231546 0.633546 -0.738246
vn 0.800786 0.577889 -0.157433
vn 0.381019 0.924482 0.012540
vn 0.813699 0.322715 0.483476
vn 0.889337 0.196288 0.412979
vn 0.565957 -0.187953 0.802725
vn 0.733578 -0.183828 0.654271
vn 0.055494 -0.876227 0.478692
vn -0.241510 -0.604652 0.758992
vn 0.626622 -0.145954 -0.765534
vn 0.833082 0.226100 -0.504830
vn 0.829641 -0.485077 -0.276398
vn 0.678885 -0.653783 -0.334190
vn 0.467828 -0.845967 0.255883
vn 0.410217 -0.906452 0.100333
vn -0.476223 -0.740645 0.473980
vn -0.151333 -0.516703 0.842684
vn -0.755420 0.129423 0.642332
vn -0.887022 0.152056 0.435972
vn -0.747977 0.620325 0.236065
vn -0.839615 0.518049 0.163318
vn -0.499636 0.767015 -0.402556
vn -0.025317 0.992583 -0.118906
vn 0.513211 0.770057 -0.378980
vn 0.157036 0.551280 -0.819408
vn -0.543074 -0.837043 -0.066561
vn -0.543074 -0.837043 -0.066561
vn -0.543074 -0.837043 -0.066561
vn -0.543074 -0.837043 -0.066561
vn 0.928557 -0.362998 -0.077547
vn 0.928557 -0.362998 -0.077547
vn 0.983727 -0.171541 -0.053438
vn 0.667718 0.353980 -0.654867
vn 0.031227 0.966284 -0.255579
vn 0.017139 0.727767 -0.685610
vn -0.597414 0.337767 -0.727331
vn -0.509153 0.288784 0.810782
vn -0.955771 -0.206934 -0.209000
vn -0.695054 -0.495635 0.520812
vn -0.632669 -0.681829 0.367205
vn 0.048654 -0.823036 0.565902
vn 0.050878 -0.662374 0.747443
vn 0.763167 -0.353459 0.540965
vn 0.701012 -0.586503 0.405704
vn 0.990697 -0.130404 -0.038915
vn 0.978961 0.160305 0.126245
vn 0.646186 0.581245 -0.494569
vn 0.668195 0.391780 -0.632474
vn -0.025221 0.539742 -0.841453
vn -0.044080 0.621063 -0.782520
vn -0.727177 0.458284 -0.511067
vn -0.687070 0.285607 -0.668105
vn -0.953833 -0.288853 -0.082264
vn -0.995771 -0.025955 0.088124
vn -0.655503 0.435798 -0.616763
vn -0.979155 0.000805 -0.203113
vn -0.987002 0.046006 -0.153984
vn -0.212084 0.831077 -0.514131
vn -0.170647 0.589496 -0.789540
vn 0.022214 0.589669 -0.807340
vn 0.007948 0.846801 -0.531851
vn 0.058247 0.841340 -0.537359
vn 0.062647 0.612055 -0.788330
vn 0.103602 0.583104 -0.805765
vn 0.112760 0.843735 -0.524782
vn 0.319788 0.805789 -0.498437
vn 0.274224 0.561418 -0.780776
vn 0.815967 -0.482264 0.318778
vn 0.763370 -0.523469 0.378479
vn 0.991369 -0.110484 -0.070582
vn 0.995124 -0.072615 -0.066749
vn 0.148842 -0.918512 0.366308
vn 0.114612 -0.786330 0.607082
vn 0.360274 -0.769155 0.527830
vn 0.438708 -0.787161 0.433490
vn -0.277065 -0.888119 0.366715
vn -0.242514 -0.755818 0.608215
vn -0.070736 -0.755527 0.651288
vn -0.064939 -0.932331 0.355728
vn -0.887255 -0.380779 0.260358
vn -0.868171 -0.378378 0.321108
vn -0.475780 -0.698719 0.534251
vn -0.556440 -0.723752 0.408114
vn -0.253632 -0.944939 0.206787
vn -0.306377 -0.915098 0.262162
vn -0.919942 -0.317424 0.230105
vn 0.030726 -0.575098 -0.817507
vn 0.146657 -0.976717 0.156575
vn -0.067667 -0.966791 0.246449
vn -0.076602 0.915024 -0.396060
vn -0.076602 0.915024 -0.396060
vn 0.708548 -0.655578 0.261108
vn 0.180802 -0.980720 0.074160
vn -0.213258 -0.430151 0.877207
vn -0.068413 -0.633303 0.770874
vn 0.534305 -0.116000 0.837295
vn 0.561803 0.575094 0.594680
vn 0.440403 0.891288 0.107940
vn -0.093301 0.994887 0.038670
vn -0.579923 0.807154 0.110415
vn 0.848542 0.524681 -0.068460
vn 0.778010 0.529612 -0.337951
vn 0.133872 -0.612326 -0.779189
vn 0.172529 -0.554641 -0.814007
vn 0.161714 -0.552180 -0.817891
vn -0.164879 -0.445384 -0.880028
vn -0.164879 -0.445384 -0.880028
vn -0.045492 -0.690670 -0.721738
vn -0.635538 -0.770908 -0.042337
vn 0.227939 -0.667483 -0.708880
vn -0.132395 -0.617495 -0.775352
vn 0.678576 0.150881 -0.718866
vn 0.562332 -0.059321 -0.824781
vn 0.196905 -0.557068 -0.806786
vn 0.196905 -0.557068 -0.806786
vn -0.139810 -0.655144 -0.742455
vn -0.130466 -0.653504 -0.745594
vn 0.101446 -0.983574 -0.149301
vn 0.075997 -0.992958 -0.090883
vn 0.014233 -0.999714 0.019202
vn -0.020709 -0.987985 -0.153156
vn -0.008989 -0.995010 -0.099372
vn 0.008464 -0.999942 -0.006635
vn 0.933905 -0.238131 -0.266676
vn 0.933905 -0.238131 -0.266676
vn 0.933905 -0.238131 -0.266676
vn 0.933905 -0.238131 -0.266676
vn 0.975811 -0.112033 -0.187726
vn 0.958210 0.120537 0.259432
vn 0.627302 -0.665294 -0.404816
vn 0.627302 -0.665294 -0.404816
vn 0.627305 -0.665292 -0.404816
vn 0.627305 -0.665292 -0.404816
vn 0.627307 -0.665290 -0.404815
vn 0.627307 -0.665290 -0.404815
vn 0.627304 -0.665293 -0.404814
vn 0.627304 -0.665293 -0.404814
vn -0.996971 0.076053 0.016247
vn -0.996971 0.076053 0.016247
vn -0.996971 0.076053 0.016247
vn -0.996971 0.076053 0.016247
vn -0.938772 -0.035260 -0.342730
vn -0.966181 0.193452 0.170500
vn -0.712992 -0.498808 -0.492781
vn -0.712992 -0.498808 -0.492781
vn -0.712992 -0.498809 -0.492780
vn -0.712992 -0.498809 -0.492781
vn -0.712992 -0.498809 -0.492780
vn -0.712992 -0.498809 -0.492780
vn -0.712991 -0.498809 -0.492781
vn -0.712991 -0.498809 -0.492781
vn 0.389679 -0.824371 -0.410564
vn 0.433036 -0.842279 -0.321007
vn 0.480908 -0.852542 -0.204696
vn 0.180517 -0.938391 -0.294679
vn -0.101425 -0.931828 -0.348438
vn 0.853463 0.322656 0.409261
vn 0.862480 0.346471 0.368899
vn 0.862480 0.346471 0.368899
vn 0.973493 -0.163901 0.159521
vn 0.973494 -0.163901 0.159521
vn -0.380285 0.893490 0.238870
vn -0.517354 0.804054 0.292987
vn -0.615448 0.715845 0.329834
vn -0.220699 0.857389 0.464948
vn 0.271299 0.817276 0.508386
vn -0.884193 -0.370402 -0.284613
vn -0.884193 -0.370402 -0.284613
vn -0.892924 -0.357794 -0.273260
vn -0.894233 -0.355849 -0.271511
vn -0.903005 -0.342438 -0.259458
vn -0.903005 -0.342438 -0.259458
vn -0.995672 0.024152 -0.089745
vn -0.995672 0.024152 -0.089745
vn 0.239916 -0.902510 -0.357652
vn 0.240981 -0.929948 -0.277713
vn 0.240242 -0.951639 -0.191488
vn -0.050263 -0.987085 -0.152111
vn -0.360699 -0.927902 -0.094308
vn 0.970260 0.230177 -0.074927
vn 0.970260 0.230177 -0.074927
vn 0.981627 0.177280 -0.070579
vn 0.979461 0.188527 -0.071517
vn 0.987529 0.142185 -0.067604
vn 0.987529 0.142185 -0.067604
vn 0.963019 -0.227101 -0.144984
vn 0.963019 -0.227101 -0.144984
vn -0.367831 0.868146 0.333202
vn 0.073878 0.955598 0.285264
vn 0.463062 0.865516 0.190934
vn -0.929985 -0.316116 0.187612
vn -0.937024 -0.299115 0.180321
vn -0.959439 -0.236573 0.153332
vn -0.959439 -0.236573 0.153332
vn -0.929631 0.247808 0.272722
vn -0.929631 0.247808 0.272722
vn 0.750048 0.553592 -0.361890
vn 0.050307 0.705919 -0.706504
vn -0.684118 0.398366 -0.610973
vn 0.809635 -0.463731 0.359786
vn 0.990743 0.118321 0.066550
vn -0.933743 -0.356558 0.031485
vn -0.069138 -0.892623 0.445471
vn -0.961990 -0.015803 -0.272627
vn 0.611297 0.371945 -0.698551
vn -0.207534 0.529993 -0.822215
vn -0.888029 0.289180 -0.357462
vn 0.964889 -0.246290 0.091267
vn 0.949613 0.073175 -0.304763
vn -0.770132 -0.374348 0.516488
vn 0.200013 -0.672579 0.712483
vn -0.986613 -0.051707 0.154662
vn 0.668406 0.488056 -0.561280
vn 0.668406 0.488056 -0.561279
vn 0.772405 0.100558 -0.627120
vn 0.772405 0.100558 -0.627120
vn 0.391912 0.106320 -0.913838
vn 0.372138 0.106004 -0.922105
vn -0.118284 0.085361 -0.989304
vn -0.118284 0.085361 -0.989304
vn 0.702733 0.544464 0.457958
vn 0.702733 0.544464 0.457958
vn 0.702733 0.544464 0.457958
vn 0.702733 0.544464 0.457958
vn 0.911446 -0.004061 0.411401
vn 0.911446 -0.004061 0.411401
vn 0.988978 0.026504 0.145673
vn 0.988978 0.026504 0.145673
vn 0.988978 0.026504 0.145673
vn 0.988978 0.026504 0.145673
vn -0.129765 0.989174 0.068530
vn -0.129765 0.989174 0.068530
vn -0.452547 -0.312759 0.835094
vn -0.452547 -0.312759 0.835094
vn -0.411802 -0.312961 0.855847
vn -0.411818 -0.312961 0.855840
vn -0.370254 -0.312509 0.874786
vn -0.370254 -0.312509 0.874786
vn -0.834194 0.291418 -0.468184
vn -0.834194 0.291418 -0.468184
vn -0.834194 0.291418 -0.468184
vn -0.834194 0.291418 -0.468184
vn -0.805668 0.010865 -0.592268
vn -0.805668 0.010865 -0.592268
vn -0.805668 0.010865 -0.592268
vn -0.805668 0.010865 -0.592268
vn -0.909039 0.012558 -0.416522
vn -0.901862 0.007473 -0.431960
vn -0.902272 0.007758 -0.431097
vn -0.909039 0.012558 -0.416522
vn 0.227826 0.456183 -0.860228
vn 0.227826 0.456183 -0.860228
vn 0.226838 0.086023 -0.970126
vn 0.226838 0.086023 -0.970126
vn -0.243078 0.092946 -0.965543
vn -0.241824 0.092956 -0.965857
vn -0.658804 0.079371 -0.748116
vn -0.658804 0.079371 -0.748116
vn 0.830853 0.549858 -0.085670
vn 0.830853 0.549858 -0.085670
vn 0.830853 0.549858 -0.085670
vn 0.830853 0.549858 -0.085670
vn 0.969654 0.003239 -0.244459
vn 0.969654 0.003239 -0.244459
vn 0.890080 0.020511 -0.455343
vn 0.890080 0.020511 -0.455343
vn 0.890080 0.020511 -0.455343
vn 0.890080 0.020511 -0.455343
vn -0.033657 0.972163 0.231874
vn -0.033657 0.972163 0.231874
vn 0.181807 -0.409684 0.893927
vn 0.181807 -0.409684 0.893927
vn 0.226735 -0.409561 0.883658
vn 0.226939 -0.409558 0.883607
vn 0.271460 -0.408558 0.871430
vn 0.271460 -0.408558 0.871430
vn -0.944634 0.314150 0.094742
vn -0.944634 0.314150 0.094742
vn -0.944634 0.314150 0.094742
vn -0.944634 0.314150 0.094742
vn -0.999374 0.008693 0.034293
vn -0.999374 0.008692 0.034293
vn -0.999374 0.008692 0.034293
vn -0.999374 0.008693 0.034293
vn -0.969673 -0.002881 0.244389
vn -0.969683 -0.002170 0.244356
vn -0.969683 -0.002186 0.244357
vn -0.969673 -0.002881 0.244389
vn 0.077710 0.993523 -0.082911
vn 0.077710 0.993523 -0.082911
vn -0.025372 0.985742 -0.166340
vn -0.025372 0.985742 -0.166340
vn 0.061627 0.990194 -0.125375
vn 0.061986 0.990193 -0.125204
vn 0.148504 0.985420 -0.083026
vn 0.148504 0.985420 -0.083026
vn -0.894185 0.002242 -0.447691
vn -0.894185 0.002242 -0.447691
vn -0.934327 -0.211374 -0.286975
vn -0.934327 -0.211374 -0.286975
vn -0.934327 -0.211374 -0.286975
vn -0.934327 -0.211374 -0.286975
vn -0.706842 0.543850 -0.452330
vn -0.706842 0.543850 -0.452330
vn -0.706842 0.543850 -0.452330
vn -0.706842 0.543850 -0.452330
vn -0.037744 -0.993999 0.102676
vn -0.033916 -0.958540 0.282933
vn -0.033916 -0.958540 0.282933
vn -0.117684 -0.962633 0.243903
vn -0.117240 -0.962633 0.244116
vn -0.200206 -0.958512 0.202907
vn -0.200206 -0.958512 0.202908
vn 0.860542 0.407285 0.305919
vn 0.860542 0.407285 0.305919
vn 0.860542 0.407285 0.305919
vn 0.860542 0.407285 0.305919
vn 0.792316 0.547099 0.270032
vn 0.792316 0.547099 0.270032
vn 0.792316 0.547099 0.270032
vn 0.792316 0.547099 0.270032
vn 0.805208 -0.212489 0.553614
vn 0.805208 -0.212489 0.553614
vn 0.805208 -0.212489 0.553614
vn 0.805208 -0.212489 0.553614
vn 0.002487 0.997874 -0.065131
vn 0.002487 0.997874 -0.065131
vn -0.104872 0.994463 -0.006666
vn -0.104872 0.994463 -0.006666
vn -0.011306 0.999459 -0.030882
vn -0.011004 0.999460 -0.030960
vn 0.082482 0.995083 -0.054839
vn 0.082482 0.995083 -0.054839
vn -0.969693 -0.001388 0.244321
vn -0.969693 -0.001388 0.244321
vn -0.905983 -0.225088 0.358511
vn -0.905983 -0.225087 0.358511
vn -0.905983 -0.225088 0.358511
vn -0.905983 -0.225087 0.358511
vn -0.817747 0.551968 0.163160
vn -0.817747 0.551968 0.163160
vn -0.817747 0.551968 0.163160
vn -0.817747 0.551968 0.163160
vn 0.019706 -0.998043 0.059339
vn 0.134551 -0.980588 0.142633
vn 0.134551 -0.980588 0.142633
vn 0.044990 -0.985209 0.165344
vn 0.044869 -0.985210 0.165374
vn -0.044864 -0.981407 0.186620
vn -0.044864 -0.981407 0.186620
vn 0.849988 0.423291 -0.313601
vn 0.849988 0.423291 -0.313601
vn 0.849988 0.423291 -0.313601
vn 0.849988 0.423291 -0.313601
vn 0.796133 0.552195 -0.247493
vn 0.796133 0.552195 -0.247493
vn 0.796133 0.552195 -0.247493
vn 0.796133 0.552195 -0.247493
vn 0.967641 -0.223880 -0.116402
vn 0.967641 -0.223880 -0.116402
vn 0.967641 -0.223880 -0.116402
vn 0.967641 -0.223880 -0.116402
vn -0.454827 0.008641 -0.890538
vn -0.702407 -0.415619 -0.577828
vn -0.721287 -0.691068 -0.046572
vn 0.858700 0.503331 -0.096399
vn 0.242789 0.585457 -0.773495
vn 0.580755 -0.224359 0.782551
vn 0.894878 0.173107 0.411372
vn -0.225892 -0.656085 0.720087
vn 0.447042 -0.875459 0.183645
vn 0.630441 -0.690065 -0.355463
vn 0.606319 -0.265573 -0.749565
vn -0.773492 0.094504 0.626720
vn -0.165527 -0.568515 0.805849
vn -0.605356 0.716762 -0.346116
vn -0.851338 0.498107 0.164663
vn 0.134980 0.496630 -0.857403
vn 0.568264 -0.822581 -0.020878
vn 0.568264 -0.822581 -0.020878
vn 0.568264 -0.822581 -0.020878
vn 0.568264 -0.822581 -0.020878
vn 0.711623 -0.701028 0.046394
vn 0.011585 -0.975670 0.218939
vn -0.635911 -0.770569 -0.042918
vn 0.808823 -0.454975 -0.372563
vn -0.910927 -0.358232 -0.204650
vn -0.910927 -0.358232 -0.204650
vn -0.679920 -0.544977 -0.490621
vn 0.735687 0.365817 -0.570038
vn -0.244731 -0.619908 0.745534
vn -0.654086 -0.714644 0.247902
vn -0.654086 -0.714644 0.247902
vn -0.244059 -0.619578 0.746028
vn -0.773792 -0.442174 -0.453573
vn -0.773792 -0.442174 -0.453573
vn -0.773792 -0.442174 -0.453573
vn -0.773792 -0.442174 -0.453573
vn -0.720899 -0.286034 -0.631260
vn -0.720899 -0.286034 -0.631260
vn -0.720899 -0.286034 -0.631260
vn -0.720899 -0.286034 -0.631260
vn -0.221667 0.380558 -0.897797
vn 0.197149 0.669979 -0.715724
vn 0.197176 0.669992 -0.715704
vn -0.221667 0.380558 -0.897797
vn 0.470710 0.760010 -0.448127
vn 0.470710 0.760009 -0.448127
vn 0.739124 0.390326 0.548946
vn 0.739124 0.390326 0.548946
vn 0.739124 0.390326 0.548946
vn 0.739124 0.390326 0.548946
vn 0.732858 0.372032 0.569659
vn 0.732858 0.372032 0.569659
vn 0.732858 0.372032 0.569659
vn 0.732858 0.372032 0.569659
vn 0.138605 -0.372478 0.917632
vn 0.138605 -0.372478 0.917632
vn 0.185557 0.581850 -0.791846
vn 0.514319 0.155720 -0.843343
vn 0.514319 0.155720 -0.843343
vn 0.185531 0.581874 -0.791834
vn 0.701012 -0.581850 -0.412352
vn 0.701012 -0.581850 -0.412352
vn 0.701012 -0.581850 -0.412352
vn 0.701011 -0.581850 -0.412352
vn 0.661927 -0.717892 -0.215600
vn 0.661927 -0.717892 -0.215600
vn 0.661927 -0.717892 -0.215600
vn 0.661927 -0.717892 -0.215600
vn 0.317466 -0.832265 0.454478
vn -0.131578 -0.544418 0.828430
vn -0.132158 -0.543863 0.828703
vn 0.317466 -0.832265 0.454478
vn -0.439267 -0.170021 0.882121
vn -0.439267 -0.170021 0.882121
vn -0.671131 0.657099 0.343226
vn -0.671131 0.657099 0.343226
vn -0.671131 0.657099 0.343226
vn -0.671131 0.657099 0.343226
vn -0.666637 0.673074 0.320258
vn -0.666637 0.673074 0.320258
vn -0.666637 0.673074 0.320258
vn -0.666637 0.673074 0.320258
vn -0.092313 0.789460 -0.606820
vn -0.092313 0.789460 -0.606820
s 1
g pCube1
usemtl pCube1SG
f 101/1/1 1/2/2 98/3/3 97/4/4
f 99/5/5 2/6/6 103/7/7 102/8/8
f 104/9/9 3/10/10 107/11/11 106/12/12
s 3
f 114/13/13 5/14/14 111/15/15 110/16/16
f 112/17/17 6/18/18 116/19/19 115/20/20
f 117/21/21 7/22/22 120/23/23 119/24/24
f 126/25/25 9/26/26 113/27/27 123/28/28
f 124/29/29 10/30/30 118/31/31 127/32/32
f 128/33/33 11/34/34 122/35/35 130/36/36
f 136/424/37 13/38/38 125/39/39 133/474/40
f 141/401/41 85/42/42 138/43/43 137/473/44
f 145/413/45 15/477/46 132/47/47 142/472/48
f 149/49/49 17/50/50 135/51/51 146/52/52
f 147/53/53 18/54/54 151/470/55 150/56/56
f 152/57/57 19/58/58 144/59/59 154/60/60
f 160/61/61 21/62/62 148/63/63 157/64/64
f 158/65/65 22/66/66 153/67/67 161/68/68
f 162/69/69 23/70/70 156/71/71 164/72/72
f 171/73/73 90/74/74 168/75/75 167/76/76
f 169/77/77 91/78/78 173/79/79 172/80/80
f 174/81/81 92/82/82 177/83/83 176/84/84
s 10
f 184/85/85 49/86/86 181/87/87 180/88/88
s 1
f 187/464/89 30/90/90 175/91/91 185/469/92
s 12
f 192/93/93 53/94/94 189/95/95 188/96/96
s off
f 108/97/97 4/98/98 194/99/99 193/100/100
s 3
f 121/101/101 8/102/102 197/103/103 196/104/104
s 13
f 378/105/105 377/106/106 379/107/107 380/108/108
s off
f 171/73/109 29/109/110 204/110/111 203/111/112
s 3
f 160/61/61 25/112/113 207/113/114 206/114/115
s 14
f 386/501/116 387/116/117 388/117/118 389/118/119
s 15
f 216/119/120 29/109/121 170/120/122 213/121/123
s 1
f 214/122/124 30/90/90 187/464/89 217/123/125
f 218/124/126 2/6/6 98/3/127 220/125/128
s 17
f 221/126/129 1/2/130 204/462/131 223/127/132
s 18
f 228/128/133 31/129/134 179/130/135 225/131/136
s 19
f 226/132/137 32/133/138 194/460/139 229/134/140
s 1
f 230/135/141 4/98/142 107/11/143 232/136/144
f 233/137/145 3/10/10 186/458/146 235/139/147
s 21
f 240/140/148 33/141/149 215/142/150 237/143/151
f 238/144/152 34/145/153 219/454/154 241/147/155
f 242/148/156 35/149/157 222/150/158 244/151/159
f 245/152/160 36/153/161 224/447/162 247/155/163
s 22
f 252/156/164 37/157/165 227/158/166 249/159/167
f 250/160/168 38/161/169 231/441/170 253/163/171
f 254/164/172 39/165/173 234/166/174 256/167/175
f 257/168/176 40/169/177 236/434/178 259/171/179
s 23
f 263/524/180 41/479/181 239/174/182 261/528/183
s off
f 262/176/184 42/177/185 243/178/186 264/527/187
s 24
f 270/511/188 58/181/189 267/182/190 266/525/191
s off
f 272/516/192 44/448/193 248/186/194 271/523/195
s 25
f 275/518/196 45/478/197 251/190/198 273/522/199
s off
f 274/192/200 46/193/201 255/194/202 276/521/203
s 26
f 282/505/204 62/197/205 279/198/206 278/519/207
s off
f 284/510/208 48/435/209 260/202/210 283/517/211
s 27
f 287/204/212 43/450/213 246/206/214 285/207/215
s off
f 286/208/216 44/448/217 272/516/218 288/209/219
s 10
f 289/210/220 52/211/221 183/212/222 290/213/223
s 28
f 291/214/224 51/215/225 265/513/226 292/217/227
s 29
f 295/218/228 47/437/229 258/220/230 293/221/231
s off
f 294/222/232 48/435/233 284/510/234 296/223/235
s 12
f 297/224/236 56/225/237 191/226/238 298/227/239
s 30
f 299/228/240 55/229/241 277/507/242 300/231/243
s 3
f 304/232/244 12/233/245 198/430/246 301/235/247
f 302/236/248 24/237/249 155/238/250 305/239/251
f 306/240/252 20/241/253 143/428/254 308/243/255
f 309/244/256 16/245/257 131/246/258 311/247/259
f 316/248/260 21/62/62 208/426/261 313/250/262
f 314/251/263 9/26/26 126/25/25 317/252/264
f 318/253/265 13/38/38 136/424/37 320/254/266
f 321/255/267 17/50/50 149/49/49 323/256/268
f 327/257/269 66/258/270 303/422/271 325/260/272
f 326/261/273 65/262/274 307/263/275 328/264/276
f 329/265/277 67/266/278 310/420/279 330/268/280
f 331/269/281 68/270/282 312/271/283 332/272/284
f 335/273/285 69/274/286 315/418/287 333/276/288
f 334/277/289 70/278/290 319/279/291 336/280/292
f 337/281/293 71/282/294 322/416/295 338/284/296
f 339/285/297 72/286/298 324/287/299 340/288/300
s off
f 344/289/301 14/480/302 129/291/303 341/292/304
s 3
f 342/293/305 15/46/306 145/414/45 345/294/307
f 346/295/308 19/471/58 151/55/309 348/296/310
f 349/297/311 18/475/54 134/410/312 351/299/313
f 355/300/314 81/301/315 343/302/316 353/303/317
f 354/304/318 82/305/319 347/406/320 356/307/321
f 357/308/322 83/309/323 350/310/324 358/311/325
f 359/312/326 84/313/327 352/403/328 360/315/329
f 363/316/330 90/74/74 205/400/331 361/318/332
f 363/316/330 25/112/113 159/319/333 364/320/334
f 365/321/335 26/322/336 163/323/337 366/324/338
f 367/325/339 27/326/340 166/327/341 368/328/342
f 371/329/343 94/330/344 195/397/345 370/332/346
f 373/333/347 95/334/348 109/335/349 372/336/350
f 375/337/351 96/338/352 105/339/353 374/340/354
f 362/341/355 89/342/356 100/343/357 376/344/358
s 1
f 98/3/3 2/6/6 99/5/5 97/4/4
s 3
f 99/5/359 96/338/352 100/343/357 97/4/360
f 100/343/357 89/342/356 101/1/361 97/4/360
s 1
f 103/7/7 3/10/10 104/9/9 102/8/362
s 3
f 104/9/363 95/334/348 105/339/353 102/8/364
f 105/339/353 96/338/352 99/5/359 102/8/364
s 1
f 107/11/11 4/98/365 108/97/366 106/12/12
s 3
f 108/97/367 94/330/344 109/335/349 106/12/368
f 109/335/349 95/334/348 104/9/363 106/12/368
f 111/15/15 6/18/18 112/17/17 110/16/16
f 112/17/17 10/30/30 113/27/27 110/16/16
f 113/27/27 9/26/26 114/13/13 110/16/16
f 116/19/19 7/22/22 117/21/21 115/20/20
f 117/21/21 11/34/34 118/31/31 115/20/20
f 118/31/31 10/30/30 112/17/17 115/20/20
f 120/23/23 8/102/102 121/101/101 119/24/24
f 121/101/101 12/233/245 122/35/35 119/24/24
f 122/35/35 11/34/34 117/21/21 119/24/24
f 113/27/27 10/30/30 124/29/29 123/28/28
f 124/29/29 14/290/369 125/39/39 123/28/28
f 125/39/39 13/38/38 126/25/25 123/28/28
f 118/31/31 11/34/34 128/33/33 127/32/32
f 128/33/33 15/477/46 129/476/370 127/32/32
f 129/476/370 14/290/369 124/29/29 127/32/32
f 122/35/35 12/233/245 131/246/258 130/36/36
f 131/246/258 16/245/257 132/47/47 130/36/36
f 132/47/47 15/477/46 128/33/33 130/36/36
f 125/39/39 14/290/369 134/408/312 133/474/40
f 134/409/312 18/54/54 135/51/51 133/40/40
f 135/51/51 17/50/50 136/37/37 133/40/40
f 138/43/43 86/345/371 139/346/372 137/473/44
f 139/404/372 87/347/373 140/348/374 137/44/44
f 140/348/374 88/349/375 141/41/41 137/44/44
f 132/47/47 16/245/257 143/242/254 142/472/48
f 143/428/254 20/241/253 144/59/59 142/48/48
f 144/59/59 19/58/58 145/412/45 142/48/48
f 135/51/51 18/54/54 147/53/53 146/52/52
f 147/53/53 22/66/66 148/63/63 146/52/52
f 148/63/63 21/62/62 149/49/49 146/52/52
f 151/470/55 19/58/58 152/57/57 150/56/56
f 152/57/57 23/70/70 153/67/67 150/56/56
f 153/67/67 22/66/66 147/53/53 150/56/56
f 144/59/59 20/241/253 155/238/250 154/60/60
f 155/238/250 24/237/249 156/71/71 154/60/60
f 156/71/71 23/70/70 152/57/57 154/60/60
f 148/63/63 22/66/66 158/65/65 157/64/64
f 158/65/65 26/322/336 159/319/333 157/64/64
f 159/319/333 25/112/113 160/61/61 157/64/64
f 153/67/67 23/70/70 162/69/69 161/68/68
f 162/69/69 27/326/340 163/323/337 161/68/68
f 163/323/337 26/322/336 158/65/65 161/68/68
f 156/71/71 24/237/249 165/350/376 164/72/72
f 165/350/376 28/351/377 166/327/341 164/72/72
f 166/327/341 27/326/340 162/69/69 164/72/72
f 168/75/75 91/78/78 169/77/77 167/76/76
s 1
f 169/77/378 30/90/90 170/120/379 167/76/380
f 170/120/379 29/109/381 171/73/382 167/76/380
s 3
f 173/79/79 92/82/82 174/81/81 172/80/80
s 1
f 174/81/383 31/129/384 175/91/91 172/80/385
f 175/91/91 30/90/90 169/77/378 172/80/386
s 3
f 177/83/83 93/352/387 178/353/388 176/84/84
s 1
f 178/353/389 32/133/390 179/130/391 176/84/392
f 179/130/391 31/129/384 174/81/383 176/84/392
s 10
f 181/87/87 50/354/393 182/355/394 180/88/88
f 182/355/394 51/215/395 183/212/222 180/88/88
f 183/212/222 52/211/221 184/85/85 180/88/88
s 1
f 175/91/91 31/129/384 186/138/146 185/469/92
f 186/458/146 3/10/10 103/7/7 185/92/92
f 103/7/7 2/6/6 187/89/89 185/92/92
s 12
f 189/95/95 54/356/396 190/357/397 188/96/96
f 190/357/397 55/229/398 191/226/238 188/96/96
f 191/226/238 56/225/237 192/93/93 188/96/96
s off
f 194/460/399 32/133/400 178/353/401 193/468/402
s 3
f 178/353/388 93/352/387 195/331/345 193/468/403
f 195/397/345 94/330/344 108/97/367 193/100/403
f 197/395/103 28/351/377 165/350/376 196/467/104
f 165/350/376 24/237/249 198/234/404 196/467/104
f 198/430/404 12/233/245 121/101/101 196/104/104
s 41
f 379/107/405 381/358/406 382/503/407 380/108/408
f 382/359/407 383/360/409 384/361/410 380/108/408
s 13
f 384/361/411 385/362/412 378/105/105 380/108/108
s off
f 204/462/413 1/2/414 101/1/415 203/466/416
s 3
f 101/1/361 89/342/356 205/317/331 203/466/417
f 205/400/331 90/74/74 171/73/73 203/111/417
f 207/398/114 5/14/14 114/13/13 206/465/115
f 114/13/13 9/26/26 208/249/418 206/465/115
f 208/426/418 21/62/62 160/61/61 206/114/115
s 42
f 388/117/419 390/363/420 391/364/421 389/118/422
f 391/364/421 392/365/423 393/366/424 389/118/422
s 14
f 393/366/425 394/367/426 386/115/116 389/118/119
s 15
f 170/120/122 30/90/427 214/122/428 213/121/123
f 214/122/428 34/145/429 215/142/430 213/121/123
f 215/142/430 33/141/431 216/119/120 213/121/123
s 1
f 187/89/89 2/6/6 218/124/126 217/463/432
f 218/124/126 35/149/433 219/146/434 217/463/432
f 219/454/435 34/145/436 214/122/124 217/123/125
f 98/3/127 1/2/437 221/126/438 220/125/128
f 221/126/438 36/153/439 222/150/440 220/125/128
f 222/150/440 35/149/441 218/124/126 220/125/128
s 43
f 204/110/442 29/109/443 216/119/444 223/461/445
f 216/119/444 33/141/446 224/154/447 223/461/445
s 17
f 224/447/448 36/153/449 221/126/129 223/127/132
s 18
f 179/130/135 32/133/450 226/132/451 225/131/136
f 226/132/451 38/161/452 227/158/453 225/131/136
f 227/158/453 37/157/454 228/128/133 225/131/136
s 44
f 194/99/455 4/98/456 230/135/457 229/459/458
f 230/135/457 39/165/459 231/162/460 229/459/458
s 19
f 231/441/461 38/161/462 226/132/137 229/134/140
s 1
f 107/11/143 3/10/10 233/137/145 232/136/144
f 233/137/145 40/169/463 234/166/464 232/136/144
f 234/166/464 39/165/465 230/135/141 232/136/144
f 186/138/146 31/129/384 228/128/466 235/457/467
f 228/128/466 37/157/468 236/170/469 235/457/467
f 236/434/470 40/169/471 233/137/145 235/139/147
s 21
f 215/142/150 34/145/153 238/144/152 237/143/151
f 238/144/152 42/456/472 239/455/473 237/143/151
f 239/455/473 41/173/474 240/140/148 237/143/151
f 219/146/154 35/149/157 242/148/156 241/453/155
f 242/148/156 43/205/475 243/451/476 241/453/155
f 243/452/476 42/456/472 238/144/152 241/147/155
f 222/150/158 36/153/161 245/152/160 244/151/159
f 245/152/160 44/185/477 246/449/478 244/151/159
f 246/449/478 43/205/475 242/148/156 244/151/159
f 224/154/162 33/141/149 240/140/148 247/446/163
f 240/140/148 41/173/474 248/444/479 247/446/163
f 248/445/479 44/185/477 245/152/160 247/155/163
s 22
f 227/158/166 38/161/169 250/160/168 249/159/167
f 250/160/168 46/443/480 251/442/481 249/159/167
f 251/442/481 45/189/482 252/156/164 249/159/167
f 231/162/170 39/165/173 254/164/172 253/440/171
f 254/164/172 47/219/483 255/438/484 253/440/171
f 255/439/484 46/443/480 250/160/168 253/163/171
f 234/166/174 40/169/177 257/168/176 256/167/175
f 257/168/176 48/201/485 258/436/486 256/167/175
f 258/436/486 47/219/483 254/164/172 256/167/175
f 236/170/178 37/157/165 252/156/164 259/433/179
f 252/156/164 45/189/482 260/431/487 259/433/179
f 260/432/487 48/201/485 257/168/176 259/171/179
s 23
f 239/174/182 42/177/488 262/176/489 261/528/183
s 45
f 262/526/490 50/354/491 181/87/492 261/175/493
f 181/87/492 49/86/494 263/172/495 261/175/493
s off
f 243/178/496 43/450/497 265/216/498 264/527/499
s 28
f 265/513/226 51/215/225 182/355/500 264/179/501
s off
f 182/355/502 50/354/503 262/526/504 264/179/505
s 24
f 267/182/190 57/368/506 268/369/507 266/525/191
s 46
f 268/514/508 59/370/509 269/371/510 266/183/511
f 269/371/510 60/372/512 270/180/513 266/183/511
s off
f 248/186/514 41/479/515 263/524/516 271/523/517
f 263/172/518 49/86/519 184/85/520 271/187/521
s 47
f 184/85/522 52/211/523 272/184/524 271/187/525
s 25
f 251/190/198 46/193/526 274/192/527 273/522/199
s 48
f 274/520/528 54/356/529 189/95/530 273/191/531
f 189/95/530 53/94/532 275/188/533 273/191/531
s off
f 255/194/534 47/437/535 277/230/536 276/521/537
s 30
f 277/507/242 55/229/241 190/357/538 276/195/539
s off
f 190/357/540 54/356/541 274/520/542 276/195/543
s 26
f 279/198/206 61/373/544 280/374/545 278/519/207
s 49
f 280/508/546 63/375/547 281/376/548 278/199/549
f 281/376/548 64/377/550 282/196/551 278/199/549
s off
f 260/202/552 45/478/553 275/518/554 283/517/555
f 275/188/556 53/94/557 192/93/558 283/203/559
s 50
f 192/93/560 56/225/561 284/200/562 283/203/563
s 27
f 246/206/214 44/448/564 286/208/565 285/207/215
s 51
f 286/208/566 57/368/567 267/182/568 285/207/569
f 267/182/568 58/181/570 287/204/571 285/207/569
s 47
f 272/184/524 52/211/523 289/210/572 288/515/573
s off
f 289/210/574 59/370/575 268/514/576 288/515/577
f 268/369/578 57/368/579 286/208/580 288/209/581
s 10
f 183/212/222 51/215/395 291/214/582 290/213/223
s 52
f 291/214/583 60/372/584 269/371/585 290/213/586
f 269/371/585 59/370/587 289/210/588 290/213/586
s off
f 265/216/589 43/450/590 287/204/591 292/512/592
f 287/204/593 58/181/594 270/511/595 292/512/596
f 270/180/597 60/372/598 291/214/599 292/217/600
s 29
f 258/220/230 48/435/601 294/222/602 293/221/231
s 53
f 294/222/603 61/373/604 279/198/605 293/221/606
f 279/198/605 62/197/607 295/218/608 293/221/606
s 50
f 284/200/562 56/225/561 297/224/609 296/509/610
s off
f 297/224/611 63/375/612 280/508/613 296/509/614
f 280/374/615 61/373/616 294/222/617 296/223/618
s 12
f 191/226/238 55/229/398 299/228/619 298/227/239
s 54
f 299/228/620 64/377/621 281/376/622 298/227/623
f 281/376/622 63/375/624 297/224/625 298/227/623
s off
f 277/230/626 47/437/627 295/218/628 300/506/629
f 295/218/630 62/197/631 282/505/632 300/506/633
f 282/196/634 64/377/635 299/228/636 300/231/637
s 3
f 198/234/246 24/237/249 302/236/248 301/429/247
f 302/236/248 65/262/274 303/259/271 301/429/247
f 303/422/271 66/258/270 304/232/244 301/235/247
f 155/238/250 20/241/253 306/240/252 305/239/251
f 306/240/252 67/266/278 307/263/275 305/239/251
f 307/263/275 65/262/274 302/236/248 305/239/251
f 143/242/254 16/245/257 309/244/256 308/427/255
f 309/244/256 68/270/282 310/267/279 308/427/255
f 310/420/279 67/266/278 306/240/252 308/243/255
f 131/246/258 12/233/245 304/232/244 311/247/259
f 304/232/244 66/258/270 312/271/283 311/247/259
f 312/271/283 68/270/282 309/244/256 311/247/259
f 208/249/261 9/26/26 314/251/263 313/425/262
f 314/251/263 70/278/290 315/275/287 313/425/262
f 315/418/287 69/274/286 316/248/260 313/250/262
f 126/25/25 13/38/38 318/253/265 317/252/264
f 318/253/265 71/282/294 319/279/291 317/252/264
f 319/279/291 70/278/290 314/251/263 317/252/264
f 136/37/37 17/50/50 321/255/267 320/423/266
f 321/255/267 72/286/298 322/283/295 320/423/266
f 322/416/295 71/282/294 318/253/265 320/254/266
f 149/49/49 21/62/62 316/248/260 323/256/268
f 316/248/260 69/274/286 324/287/299 323/256/268
f 324/287/299 72/286/298 321/255/267 323/256/268
f 303/259/271 65/262/274 326/261/273 325/421/272
f 326/261/273 73/497/638 199/498/639 325/421/272
f 199/499/639 74/500/640 327/257/269 325/260/272
f 307/263/275 67/266/278 329/265/277 328/264/276
f 329/265/277 75/495/641 200/496/642 328/264/276
f 200/496/642 73/497/638 326/261/273 328/264/276
f 310/267/279 68/270/282 331/269/281 330/419/280
f 331/269/281 76/492/643 201/493/644 330/419/280
f 201/494/644 75/495/641 329/265/277 330/268/280
f 312/271/283 66/258/270 327/257/269 332/272/284
f 327/257/269 74/500/640 202/491/645 332/272/284
f 202/491/645 76/492/643 331/269/281 332/272/284
f 315/275/287 70/278/290 334/277/289 333/417/288
f 334/277/289 78/490/646 209/488/647 333/417/288
f 209/489/647 77/482/648 335/273/285 333/276/288
f 319/279/291 71/282/294 337/281/293 336/280/292
f 337/281/293 79/487/649 210/486/650 336/280/292
f 210/486/650 78/490/646 334/277/289 336/280/292
f 322/283/295 72/286/298 339/285/297 338/415/296
f 339/285/297 80/485/651 211/483/652 338/415/296
f 211/484/652 79/487/649 337/281/293 338/284/296
f 324/287/299 69/274/286 335/273/285 340/288/300
f 335/273/285 77/482/648 212/481/653 340/288/300
f 212/481/653 80/485/651 339/285/297 340/288/300
s off
f 129/291/654 15/46/655 342/293/656 341/292/657
s 3
f 342/293/658 82/305/319 343/302/316 341/292/659
f 343/302/316 81/301/315 344/289/660 341/292/659
f 145/45/45 19/471/58 346/295/308 345/411/307
f 346/295/308 83/309/323 347/306/320 345/411/661
f 347/406/320 82/305/319 342/293/658 345/294/661
f 151/55/309 18/475/54 349/297/311 348/296/310
f 349/297/311 84/313/327 350/310/324 348/296/310
f 350/310/324 83/309/323 346/295/308 348/296/310
f 134/298/312 14/480/662 344/289/663 351/407/313
f 344/289/660 81/301/315 352/314/328 351/407/664
f 352/403/328 84/313/327 349/297/311 351/299/664
f 343/302/316 82/305/319 354/304/318 353/303/317
f 354/304/318 86/345/371 138/43/43 353/303/317
f 138/43/43 85/42/42 355/300/314 353/303/317
f 347/306/320 83/309/323 357/308/322 356/405/321
f 357/308/322 87/347/373 139/404/372 356/405/321
f 139/346/372 86/345/371 354/304/318 356/307/321
f 350/310/324 84/313/327 359/312/326 358/311/325
f 359/312/326 88/349/375 140/348/374 358/311/325
f 140/348/374 87/347/373 357/308/322 358/311/325
f 352/314/328 81/301/315 355/300/314 360/402/329
f 355/300/314 85/42/42 141/401/41 360/402/329
f 141/41/41 88/349/375 359/312/326 360/315/329
f 205/317/331 89/342/356 362/341/355 361/399/332
f 362/341/355 5/14/14 207/398/114 361/399/332
f 207/113/114 25/112/113 363/316/330 361/318/332
f 159/319/333 26/322/336 365/321/335 364/320/334
f 365/321/335 91/78/78 168/75/75 364/320/334
f 168/75/75 90/74/74 363/316/330 364/320/334
f 163/323/337 27/326/340 367/325/339 366/324/338
f 367/325/339 92/82/82 173/79/79 366/324/338
f 173/79/79 91/78/78 365/321/335 366/324/338
f 166/327/341 28/351/377 369/394/665 368/328/342
f 369/394/665 93/352/387 177/83/83 368/328/342
f 177/83/83 92/82/82 367/325/339 368/328/342
f 195/331/345 93/352/387 369/394/665 370/396/346
f 369/394/665 28/351/377 197/395/103 370/396/346
f 197/103/103 8/102/102 371/329/343 370/332/346
f 109/335/349 94/330/344 371/329/343 372/336/350
f 371/329/343 8/102/102 120/23/23 372/336/350
f 120/23/23 7/22/22 373/333/347 372/336/350
f 105/339/353 95/334/348 373/333/347 374/340/354
f 373/333/347 7/22/22 116/19/19 374/340/354
f 116/19/19 6/18/18 375/337/351 374/340/354
f 100/343/357 96/338/352 375/337/351 376/344/358
f 375/337/351 6/18/18 111/15/15 376/344/358
f 111/15/15 5/14/14 362/341/355 376/344/358
s 55
f 202/385/666 74/380/667 377/106/668 378/105/669
s off
f 74/380/670 199/379/671 379/107/672 377/106/673
f 199/379/674 73/378/675 381/358/676 379/107/677
s 56
f 73/378/678 200/504/679 382/503/680 381/358/681
f 200/382/679 75/381/682 383/360/683 382/359/680
s off
f 75/381/684 201/384/685 384/361/686 383/360/687
f 201/384/688 76/383/689 385/362/690 384/361/691
s 55
f 76/383/692 202/385/666 378/105/669 385/362/693
s 57
f 212/393/694 77/388/695 387/116/696 386/501/697
s off
f 77/388/698 209/387/699 388/117/700 387/116/701
f 209/387/702 78/386/703 390/363/704 388/117/705
s 58
f 78/386/706 210/390/707 391/364/708 390/363/709
f 210/390/707 79/389/710 392/365/711 391/364/708
s off
f 79/389/712 211/392/713 393/366/714 392/365/715
f 211/392/716 80/391/717 394/367/718 393/366/719
s 57
f 80/391/720 212/502/694 386/115/697 394/367/721
