# This file uses centimeters as units for non-parametric coordinates.

mtllib my_animation.0008.mtl
g default
v -17.681890 50.931759 -9.190310
v -4.223237 50.111431 -7.411706
v 7.358774 50.370811 -6.160496
v 21.384726 51.093216 -6.542626
v -18.742800 68.707985 -0.865211
v -8.396111 59.738483 5.969570
v 9.693907 58.523087 7.748647
v 22.387636 65.832420 3.233639
v -17.361818 87.055000 21.486197
v -7.830813 76.815086 25.194700
v 7.247058 76.094818 27.028328
v 18.681976 85.385002 26.263165
v -22.629126 91.912056 28.721518
v -6.409454 93.916740 36.003307
v 4.954431 93.425468 37.358173
v 22.000311 89.927834 34.725273
v -20.494957 101.219986 24.497538
v -6.996175 103.824203 28.920620
v 8.064638 103.129532 30.786001
v 22.046591 99.322365 30.350115
v -15.794093 94.025742 17.844913
v -5.250998 96.067375 11.548797
v 9.826235 95.345894 13.380645
v 18.408445 92.714661 22.719181
v -17.315275 79.219971 -8.201056
v -3.916655 81.332527 -9.324201
v 11.171459 80.370415 -7.766933
v 23.848007 76.577713 -4.270795
v -15.044243 44.750706 -18.204363
v -2.307264 43.242550 -13.792213
v 7.911021 42.304474 -11.143233
v 21.201120 44.297997 -14.721536
v -17.889463 25.606031 11.922746
v -10.441549 26.457769 13.448521
v -13.028364 33.717251 21.044968
v -20.417692 32.594307 19.493780
v 15.518335 29.794485 19.116186
v 23.269072 29.774538 18.124350
v 24.273140 39.161724 24.739836
v 16.527159 39.124870 25.729359
v -12.487872 6.552324 -10.655078
v -5.521247 6.707500 -8.312029
v -9.161827 4.511734 1.187208
v -15.865123 4.429958 -1.725677
v 13.829870 6.578860 1.325155
v 21.157677 6.768289 -0.401902
v 23.716572 4.993037 9.906240
v 16.391941 5.005038 11.664777
v -12.040723 0.489893 -12.543361
v -4.007827 0.552835 -8.984342
v -8.920609 -0.824641 5.301408
v -19.499233 -0.894892 0.184661
v 12.778273 0.734849 0.131870
v 21.550938 0.740015 -1.972108
v 26.452860 -0.455998 12.391387
v 14.991776 -0.307575 15.171871
v -24.955431 5.974445 13.758457
v -16.632828 5.973889 17.885954
v -25.259266 2.488553 14.375556
v -16.935537 2.488294 18.500778
v 19.848078 5.429523 29.592751
v 28.870230 5.303783 27.381922
v 19.867163 1.896286 29.917795
v 28.892378 1.775302 27.719212
v 33.152927 95.976875 5.407409
v 30.449594 89.837448 11.402261
v 39.743713 100.582306 12.642139
v 38.095238 93.648949 17.821840
v -25.351820 98.397385 -2.658062
v -25.031834 91.619827 4.205806
v -33.770210 96.408089 8.069520
v -32.779709 103.999527 2.917959
v 47.859379 68.813705 6.636619
v 42.303188 66.086212 14.197409
v 50.348839 70.346039 9.018813
v 44.792305 67.617516 16.580652
v -43.816330 74.637207 -7.952622
v -41.253239 70.537712 0.540084
v -44.037228 72.395729 2.277168
v -46.600319 76.495224 -6.215537
v -8.811549 98.392998 47.635384
v 6.834470 98.804344 48.211727
v 9.973691 109.369637 36.058666
v -11.739500 108.505562 35.061737
v -9.083163 115.683022 60.592106
v 5.759655 116.429901 60.722385
v 4.863425 129.473328 48.449570
v -9.285965 128.761337 48.325378
v -17.414433 54.636932 -9.806807
v -15.737966 55.812325 -20.885578
v -2.560669 56.442936 -21.858498
v 9.219000 55.815426 -20.623949
v 22.006336 54.454472 -17.621824
v 21.111868 53.037907 -6.361098
v 8.711293 51.652431 -2.567874
v -5.947587 52.508976 -3.882904
v -12.241914 52.748070 -8.059257
v -12.344543 51.638943 -7.069122
v -5.395315 51.079777 -6.325565
v -12.689461 53.977230 -6.393229
v -17.479660 52.607883 -10.925922
v 1.383820 49.759182 -5.284375
v 1.402510 49.314972 -5.786232
v 8.238798 50.190922 -5.314144
v 1.393125 51.399693 -2.744092
v 15.262706 51.767921 -6.078580
v 15.508763 51.571751 -5.270361
v 21.143847 51.728867 -7.941713
v 15.670953 52.511166 -3.863191
v -15.190344 72.285782 12.586329
v -15.117172 63.984299 2.638111
v -9.028270 68.352959 15.438259
v -14.912259 80.647972 22.519724
v -19.155359 76.599991 9.544475
v 0.345554 66.861946 15.682009
v 0.554468 58.429260 7.349825
v 9.658515 67.300682 17.524317
v -0.156898 77.461601 25.397465
v 16.736824 70.484116 16.171751
v 17.432245 61.793652 5.834000
v 21.972275 74.210243 14.329264
v 15.193892 79.211777 26.265785
v -14.196467 87.069328 30.444023
v -7.425664 86.636627 33.485920
v -15.349673 93.829956 35.230003
v -21.172937 87.814606 24.927385
v -0.778769 85.812103 33.779011
v 5.792273 86.006248 35.094559
v -0.890432 93.713203 39.769920
v 13.076278 85.819435 33.885513
v 21.306339 85.962128 30.628832
v 13.464701 92.534904 38.900040
v -15.038952 100.085976 33.183773
v -6.920387 100.152992 34.632553
v -15.225176 104.401047 28.092943
v -22.024641 96.906334 26.887369
v -1.968140 121.869682 62.237385
v -1.652146 115.808052 60.986847
v 6.558038 122.994583 57.660275
v -2.286839 130.821289 47.228355
v -11.420132 122.079178 57.516712
v 14.293147 98.743034 36.922443
v 22.462669 94.900215 32.895947
v 16.226284 102.950325 32.170254
v 6.305570 99.641304 36.166580
v -12.955839 101.455009 21.179325
v -6.196846 102.791405 21.953251
v -12.762836 95.812111 12.059713
v -17.621803 99.459671 20.610739
v 1.341529 102.429955 22.868849
v 0.205279 105.538185 31.412821
v 8.892753 102.071625 23.791037
v 2.288624 95.706299 12.464890
v 15.589975 100.134140 24.863091
v 20.101440 97.877808 25.915182
v 17.115585 94.400658 15.828090
v -12.207508 88.601173 1.249886
v -4.433113 88.690300 1.226319
v -11.559170 81.431648 -9.491029
v -17.816193 86.334328 2.682895
v 3.118167 88.273857 2.082920
v 10.643884 87.860962 2.929109
v 3.650475 80.645142 -8.971042
v 18.222599 86.900085 4.697088
v 23.369421 84.170815 7.345146
v 18.639769 79.395203 -6.537568
v -9.319755 50.143177 -22.107653
v -9.792286 56.077751 -22.556196
v -2.257255 51.143631 -21.544853
v -8.987901 44.662815 -19.478304
v -15.294950 49.856430 -20.745541
v 3.221761 51.018097 -20.626011
v 3.341888 56.827438 -21.149134
v 8.733418 50.152309 -20.106998
v 3.105331 45.850674 -18.204632
v 15.807768 48.932495 -19.487638
v 16.429426 54.923584 -20.070999
v 21.477379 48.853973 -17.525784
v 15.369318 43.428696 -16.130865
v -10.447575 -0.473543 -5.212819
v -7.098917 0.860662 -13.037865
v -5.089712 -0.244676 -2.854955
v -14.229506 -0.915904 2.766235
v -15.753949 -0.344395 -7.719919
v 1.625462 49.612598 -4.595104
v 9.528857 41.710884 2.805389
v -4.822259 40.521767 -1.257886
v 18.668686 -0.068750 5.207381
v 16.630159 1.015565 -3.186134
v 24.396030 -0.001051 3.762458
v 20.723982 -0.400236 13.800708
v 12.934016 0.032159 6.528213
v 22.772808 50.094234 -12.955823
v 22.648397 47.444244 -10.916317
v 23.145609 53.746765 -12.239008
v 24.775303 78.995575 10.391546
v 25.160103 71.344597 -0.518827
v 19.142326 88.906464 23.216852
v 44.494087 67.097694 10.034221
v 49.413719 69.702942 6.867185
v 47.538391 68.971550 12.947353
v 42.619015 66.366951 16.113680
v -17.841740 50.851368 -16.305063
v -17.703487 47.355488 -14.059841
v -18.185511 55.237568 -15.901661
v -20.523346 81.509079 5.122344
v -20.140060 74.408852 -4.947447
v -16.601683 90.411224 18.340191
v -41.928883 72.149994 -3.944519
v -42.063950 70.779465 2.310373
v -45.333363 74.422119 -1.820276
v -45.198296 75.792648 -8.075168
v -10.787641 32.983780 -4.101016
v -7.208399 34.540977 -1.175064
v -13.770083 25.488333 11.969158
v -16.156235 33.368034 -2.689351
v -6.933905 39.489773 2.879812
v -10.243096 43.982769 6.651199
v -10.385027 30.342915 17.879841
v -14.853071 45.677994 6.340567
v -19.222031 43.058620 5.021314
v -17.112520 34.869915 21.790365
v -18.930616 38.113613 0.826058
v -20.289913 28.965513 15.854413
v 17.004309 34.389774 1.034652
v 22.180239 35.641113 2.370936
v 19.144651 28.958643 18.057972
v 12.800170 35.717945 3.491223
v 23.741047 41.208389 5.233237
v 22.937401 46.743813 8.740682
v 24.850695 34.682682 21.625832
v 17.993647 48.898716 9.409262
v 13.567326 46.885208 9.877420
v 20.411081 40.962662 26.440960
v 11.482468 41.385231 6.799152
v 14.718940 34.651012 22.849798
v -13.052024 22.743902 0.135019
v -9.097566 22.233641 2.437800
v -8.450230 7.217607 -11.305081
v -17.233881 21.047470 1.662364
v -7.605223 18.438898 7.352245
v -9.147549 14.619397 12.214790
v -5.869415 5.412538 -3.520288
v -13.081265 12.462209 13.211594
v -17.243128 13.352248 11.509076
v -13.907269 4.462799 2.398888
v -18.492069 16.812147 6.440701
v -14.966866 5.076180 -6.875461
v 17.499344 23.742922 7.535828
v 22.128429 23.448334 8.511809
v 17.053453 7.098244 -1.352505
v 13.938062 22.818001 10.342376
v 24.796474 20.430939 13.643002
v 25.083374 17.634024 19.424641
v 23.511156 5.619665 4.128593
v 21.362143 16.217697 21.787231
v 16.887115 17.182894 21.217382
v 20.760174 5.016336 13.634929
v 14.089383 19.731091 16.032373
v 13.937509 5.478568 6.402884
v -7.347274 3.962600 -12.850671
v -4.157916 3.614109 -8.933329
v -12.255997 3.503336 -12.303484
v -5.058237 2.620338 -2.920805
v -8.814460 1.976182 5.120012
v -21.741430 6.117858 17.733673
v -20.710285 6.931271 15.651924
v -27.026438 6.114880 15.114711
v -21.180511 1.536418 16.606962
v -16.456425 6.120836 20.352634
v -15.778868 2.470336 -7.580797
v -19.399399 1.907493 0.028749
v 16.686464 4.058449 -2.972267
v 21.605110 3.731580 -1.785226
v 12.831696 3.678623 0.311643
v 24.439226 2.850827 3.841714
v 26.471004 2.349128 12.325812
v 24.863064 5.293485 30.562006
v 24.354179 6.329789 28.399664
v 19.133905 5.377475 31.962076
v 24.385462 0.865336 28.909618
v 30.591539 5.218987 29.158484
v 12.975922 2.829193 6.590487
v 15.010230 2.488420 15.100099
v -17.402086 5.413656 9.028347
v -22.089329 5.438599 6.714350
v -12.740714 5.425128 11.350626
v -22.889566 2.790037 6.790935
v -23.086636 0.019848 7.194705
v -17.783358 0.006140 9.797646
v -12.498997 0.015996 12.408421
v -12.302605 2.778656 12.016754
v 22.548042 5.606218 21.025745
v 17.489336 5.684752 22.275862
v 27.606850 5.538008 19.778473
v 16.824850 3.013685 22.628111
v 16.828556 0.207747 22.830486
v 22.560108 0.117730 21.443251
v 28.291666 0.038710 20.062984
v 28.282309 2.838635 19.832369
v 25.164764 92.302948 15.188650
v 24.557335 97.038101 15.590246
v 31.027994 92.017868 7.153933
v 27.532858 88.461205 16.655184
v 27.030943 99.233627 18.184946
v 30.652781 99.699234 21.503729
v 36.215248 99.018280 8.259798
v 32.525299 95.563828 22.552521
v 33.469273 91.097153 22.655018
v 39.956112 97.037262 15.304977
v 30.573191 88.783340 19.587599
v 33.569359 91.014030 15.080641
v -20.433535 94.046257 8.890977
v -23.471964 90.481918 9.792355
v -24.327681 93.957520 -0.355535
v -19.576265 98.623650 9.442814
v -27.215134 91.129578 12.051229
v -30.543159 93.854172 14.595654
v -28.928194 93.177811 6.802453
v -29.162498 98.196335 14.692056
v -26.668064 102.079277 13.927586
v -34.249134 100.325096 5.323719
v -22.423901 101.119301 11.444124
v -28.474249 102.000496 -0.498273
v 34.633389 82.695969 7.545310
v 38.544716 85.268356 4.604211
v 33.000645 81.883278 12.514063
v 41.825916 87.660690 6.380340
v 44.957653 89.542435 10.651051
v 42.579639 87.731476 14.928349
v 39.501812 85.883095 18.619518
v 35.165077 83.278030 16.054981
v -29.328510 85.633240 -1.964824
v -29.359886 84.285851 3.191984
v -31.738119 89.056587 -5.658389
v -32.201393 85.909103 6.085088
v -36.619831 89.242928 7.447986
v -38.083553 91.994606 3.134385
v -38.685745 94.524254 -1.371943
v -34.897087 92.068985 -4.691212
v -1.078732 90.711357 44.473564
v 5.430868 97.893753 40.741432
v -1.025608 96.474487 49.903767
v -7.036161 98.079491 39.591518
v 8.168257 100.662888 38.550442
v 6.039365 104.806717 34.937733
v 11.147725 104.154488 42.287045
v -0.166915 107.611687 32.857506
v -6.392493 104.947182 33.785587
v -0.849780 109.635460 35.014992
v -9.262870 100.896774 36.972805
v -12.989076 103.464119 41.314365
v -1.243940 107.607399 58.506496
v 9.385992 111.230331 57.357010
v -12.109782 110.148674 57.168331
v 10.694631 117.512360 50.125469
v 8.869999 122.057449 42.671848
v -1.821216 122.700722 40.734226
v -12.426142 120.985840 42.484924
v -13.915563 116.273994 49.909458
v -19.110371 66.026878 -11.459425
v -17.880768 63.324932 -5.018625
v -16.590075 68.306686 -16.759539
v -10.772231 69.371796 -18.854513
v -3.296327 68.973862 -18.633204
v 3.598746 69.482201 -17.734819
v 10.445715 68.561470 -17.348665
v 17.838411 68.005592 -16.303978
v 23.197998 66.381729 -13.392926
v 24.361790 63.880569 -7.612236
v 21.887760 61.285709 -1.565584
v 16.768307 60.414677 2.046851
v 10.510021 59.498985 3.495489
v 1.283108 60.491066 2.845270
v -7.913053 60.247604 1.614571
v -13.722257 61.829891 -0.840699
v 48.739483 53.714161 15.074376
v 49.123611 54.044579 17.191755
v 51.358521 54.961617 10.791131
v 52.842339 55.874939 12.211012
v 54.764935 56.672939 6.874393
v 56.491997 57.662804 7.164178
v 57.566685 58.397499 9.555423
v 54.520905 56.908154 13.817255
v 51.541237 55.438721 17.755405
v -53.965263 65.313095 -10.986307
v -52.420204 64.029137 -10.882414
v -50.645084 61.513298 -6.366592
v -52.265842 62.594982 -5.355308
v -49.640812 59.583687 -1.673007
v -50.566410 59.876865 0.275681
v -52.774048 61.674793 0.281997
v -54.181610 63.873558 -4.159954
v -55.553432 66.120232 -8.927419
vt 0.208431 0.494797
vt 0.208575 0.478116
vt 0.229443 0.475893
vt 0.229271 0.493426
vt 0.252729 0.492198
vt 0.256170 0.471571
vt 0.275357 0.475888
vt 0.275429 0.493819
vt 0.298111 0.492176
vt 0.294163 0.471736
vt 0.321331 0.475953
vt 0.321541 0.493432
vt 0.198757 0.641525
vt 0.200055 0.589825
vt 0.221664 0.590600
vt 0.219751 0.640956
vt 0.244967 0.639373
vt 0.247968 0.591507
vt 0.275466 0.591669
vt 0.275481 0.635804
vt 0.305994 0.639365
vt 0.302966 0.591494
vt 0.329276 0.590573
vt 0.331197 0.640955
vt 0.199789 0.728809
vt 0.197393 0.704590
vt 0.219517 0.692482
vt 0.227784 0.730211
vt 0.252859 0.733034
vt 0.249003 0.687406
vt 0.275511 0.688085
vt 0.275516 0.730408
vt 0.298175 0.733010
vt 0.302021 0.687396
vt 0.331536 0.692451
vt 0.323246 0.730162
vt 0.805511 0.686057
vt 0.204711 0.752714
vt 0.229559 0.760254
vt 0.782889 0.696424
vt 0.784986 0.875584
vt 0.254181 0.941082
vt 0.275435 0.940431
vt 0.742298 0.896742
vt 0.699334 0.736241
vt 0.297037 0.807427
vt 0.321459 0.760204
vt 0.696358 0.696343
vt 0.808954 0.641287
vt 0.805193 0.664541
vt 0.784300 0.671779
vt 0.785729 0.644267
vt 0.763331 0.647822
vt 0.762442 0.673765
vt 0.742276 0.741120
vt 0.739609 0.647377
vt 0.715889 0.647774
vt 0.716786 0.673709
vt 0.694936 0.671695
vt 0.693494 0.644181
vt 0.806875 0.557726
vt 0.810121 0.617205
vt 0.790367 0.607046
vt 0.787575 0.557696
vt 0.763367 0.556090
vt 0.764746 0.603486
vt 0.739627 0.603152
vt 0.739688 0.556093
vt 0.716014 0.556064
vt 0.714496 0.603455
vt 0.688836 0.606971
vt 0.691820 0.557642
vt 0.803405 0.420481
vt 0.802841 0.435733
vt 0.782960 0.432290
vt 0.783371 0.416064
vt 0.759505 0.410786
vt 0.759570 0.428509
vt 0.739756 0.426992
vt 0.739743 0.409699
vt 0.720007 0.410786
vt 0.719946 0.428500
vt 0.696571 0.432245
vt 0.696182 0.416016
vt 0.819305 0.093413
vt 0.797386 0.086157
vt 0.790779 0.072322
vt 0.822344 0.073237
vt 0.265809 0.416173
vt 0.762697 0.377789
vt 0.739788 0.389948
vt 0.275377 0.462947
vt 0.364323 0.097210
vt 0.342669 0.089884
vt 0.336664 0.075169
vt 0.367299 0.076188
vt 0.342559 0.494848
vt 0.342402 0.478170
vt 0.366070 0.480227
vt 0.366198 0.495669
vt 0.352247 0.641476
vt 0.350872 0.589816
vt 0.374237 0.588973
vt 0.374011 0.638442
vt 0.936729 0.462892
vt 0.940585 0.464321
vt 0.946953 0.476690
vt 0.936605 0.482861
vt 0.804780 0.405462
vt 0.824266 0.410023
vt 0.823186 0.423812
vt 0.805355 0.509178
vt 0.825584 0.509339
vt 0.825621 0.554997
vt 0.118742 0.522844
vt 0.058006 0.517789
vt 0.074507 0.510871
vt 0.084702 0.516921
vt 0.822269 0.350445
vt 0.784755 0.399833
vt 0.805305 0.347137
vt 0.793942 0.336256
vt 0.777469 0.322538
vt 0.236211 0.409364
vt 0.220899 0.415267
vt 0.203041 0.415110
vt 0.182178 0.419746
vt 0.685950 0.336155
vt 0.717407 0.377787
vt 0.694840 0.399772
vt 0.674409 0.347030
vt 0.657366 0.350391
vt 0.674734 0.405426
vt 0.637625 0.358046
vt 0.347747 0.415166
vt 0.329799 0.415381
vt 0.314324 0.409429
vt 0.706215 0.336018
vt 0.292514 0.404556
vt 0.870618 0.237836
vt 0.844433 0.293934
vt 0.832214 0.287148
vt 0.858351 0.228645
vt 0.844944 0.223065
vt 0.821107 0.280742
vt 0.243727 0.342391
vt 0.826584 0.212775
vt 0.214622 0.282882
vt 0.224361 0.346790
vt 0.210147 0.349538
vt 0.199596 0.284960
vt 0.184434 0.288656
vt 0.194986 0.352422
vt 0.864110 0.304875
vt 0.163133 0.290367
vt 0.634803 0.222910
vt 0.658751 0.280554
vt 0.647480 0.287052
vt 0.621343 0.228556
vt 0.609012 0.237734
vt 0.635143 0.293889
vt 0.375465 0.356065
vt 0.590820 0.249121
vt 0.366326 0.288752
vt 0.355651 0.352469
vt 0.340563 0.349608
vt 0.351134 0.285011
vt 0.336042 0.282967
vt 0.326383 0.346874
vt 0.678330 0.268182
vt 0.315081 0.275917
vt 0.789900 0.091626
vt 0.894734 0.181072
vt 0.223763 0.023658
vt 0.779683 0.072008
vt 0.205625 0.023651
vt 0.212375 0.030485
vt 0.208733 0.046428
vt 0.818124 0.043214
vt 0.919973 0.054113
vt 0.218394 0.124576
vt 0.231547 0.124829
vt 0.925982 0.076298
vt 0.853028 0.105343
vt 0.173602 0.224408
vt 0.245023 0.044913
vt 0.815784 0.102925
vt 0.335499 0.095534
vt 0.609223 0.166963
vt 0.147562 0.023794
vt 0.325939 0.074804
vt 0.129108 0.019171
vt 0.133886 0.026698
vt 0.125138 0.040618
vt 0.363323 0.044920
vt 0.461211 0.056389
vt 0.114656 0.083148
vt 0.128082 0.110700
vt 0.466974 0.079440
vt 0.396801 0.109583
vt 0.345740 0.218419
vt 0.158805 0.046562
vt 0.361009 0.107136
vt 0.212264 0.093809
vt 0.204982 0.218327
vt 0.226791 0.056935
vt 0.229179 0.093286
vt 0.246067 0.092223
vt 0.255137 0.092099
vt 0.884191 0.095549
vt 0.853655 0.095653
vt 0.854753 0.074189
vt 0.884265 0.075061
vt 0.885799 0.054616
vt 0.855335 0.052709
vt 0.203340 0.068369
vt 0.888472 0.044995
vt 0.116537 0.064410
vt 0.377147 0.224500
vt 0.136900 0.057215
vt 0.135301 0.068971
vt 0.159593 0.072808
vt 0.169578 0.075371
vt 0.426769 0.099419
vt 0.397393 0.099512
vt 0.398467 0.077209
vt 0.426850 0.078134
vt 0.428347 0.056895
vt 0.399054 0.054890
vt 0.111199 0.052142
vt 0.430928 0.046902
vt 0.398347 0.732496
vt 0.353774 0.704759
vt 0.655189 0.607952
vt 0.404645 0.715309
vt 0.625247 0.642548
vt 0.669008 0.617360
vt 0.670290 0.641156
vt 0.629866 0.657272
vt 0.633967 0.675274
vt 0.674058 0.664432
vt 0.345812 0.774768
vt 0.637449 0.692485
vt 0.387906 0.765553
vt 0.346295 0.752641
vt 0.351218 0.728717
vt 0.392980 0.747350
vt 0.854032 0.642643
vt 0.181252 0.694641
vt 0.859345 0.625630
vt 0.152631 0.732602
vt 0.157999 0.747449
vt 0.163074 0.765647
vt 0.167481 0.783084
vt 0.845329 0.675366
vt 0.849419 0.657366
vt 0.462802 0.754848
vt 0.433121 0.744888
vt 0.586158 0.633072
vt 0.469035 0.736153
vt 0.562716 0.661102
vt 0.591598 0.653084
vt 0.596668 0.669873
vt 0.567525 0.676181
vt 0.573571 0.695803
vt 0.602326 0.689166
vt 0.414557 0.801264
vt 0.575415 0.714705
vt 0.450039 0.789809
vt 0.420413 0.781867
vt 0.427222 0.762131
vt 0.457315 0.770152
vt 0.916571 0.661069
vt 0.887682 0.653104
vt 0.112049 0.724515
vt 0.922852 0.642462
vt 0.088177 0.754903
vt 0.117860 0.744959
vt 0.123753 0.762207
vt 0.093657 0.770210
vt 0.100926 0.789871
vt 0.130556 0.781946
vt 0.872833 0.708772
vt 0.104321 0.808576
vt 0.905760 0.695791
vt 0.876995 0.689207
vt 0.882631 0.669903
vt 0.911782 0.676158
vt 0.245118 0.820265
vt 0.256063 0.761423
vt 0.275458 0.816348
vt 0.275456 0.817082
vt 0.305796 0.819611
vt 0.322444 0.827635
vt 0.716707 0.746651
vt 0.742277 0.751635
vt 0.767846 0.746640
vt 0.232576 0.815700
vt 0.789238 0.746868
vt 0.242805 0.909093
vt 0.242913 0.847487
vt 0.275453 0.850080
vt 0.275444 0.899369
vt 0.308078 0.909112
vt 0.307992 0.847504
vt 0.685718 0.768892
vt 0.335635 0.923345
vt 0.710517 0.826756
vt 0.709025 0.772272
vt 0.742280 0.767854
vt 0.742288 0.823907
vt 0.774059 0.826743
vt 0.775535 0.772258
vt 0.216918 0.852154
vt 0.800161 0.835727
vt 0.803587 0.472219
vt 0.184266 0.511368
vt 0.823748 0.473030
vt 0.786007 0.508646
vt 0.783967 0.470951
vt 0.760849 0.468488
vt 0.762764 0.507838
vt 0.739729 0.507585
vt 0.739749 0.469813
vt 0.718652 0.468468
vt 0.716699 0.507812
vt 0.693463 0.508589
vt 0.695538 0.470900
vt 0.347089 0.550471
vt 0.343449 0.511536
vt 0.656251 0.437958
vt 0.370672 0.549455
vt 0.305626 0.550928
vt 0.300328 0.509969
vt 0.323635 0.511057
vt 0.326613 0.553291
vt 0.245263 0.550946
vt 0.250519 0.509979
vt 0.275426 0.509223
vt 0.275447 0.553833
vt 0.203857 0.550446
vt 0.207534 0.511493
vt 0.227207 0.511082
vt 0.224277 0.553331
vt 0.296688 0.941095
vt 0.317831 0.963343
vt 0.722395 0.859395
vt 0.742293 0.859091
vt 0.762190 0.859387
vt 0.672412 0.557619
vt 0.673996 0.509116
vt 0.676597 0.435714
vt 0.676064 0.420456
vt 0.798456 0.058765
vt 0.820876 0.052919
vt 0.343747 0.061021
vt 0.365907 0.055032
vt 0.963235 0.483911
vt 0.902883 0.489040
vt 0.909072 0.482168
vt 0.925033 0.475729
vt 0.931354 0.463643
vt 0.080884 0.498420
vt 0.084741 0.496992
vt 0.090126 0.497750
vt 0.096539 0.509638
vt 0.112499 0.516024
vt 0.245369 0.109349
vt 0.249130 0.116712
vt 0.914174 0.091435
vt 0.914507 0.075957
vt 0.915392 0.060496
vt 0.143488 0.116794
vt 0.145270 0.126440
vt 0.455609 0.095160
vt 0.455938 0.079081
vt 0.456800 0.063019
vt 0.982240 0.434188
vt 0.963585 0.427947
vt 0.946509 0.423110
vt 0.890921 0.433118
vt 0.882130 0.436526
vt 0.926679 0.423006
vt 0.909612 0.427375
vt 0.937930 0.422313
vt 0.075163 0.457134
vt 0.058225 0.461798
vt 0.039557 0.467684
vt 0.094859 0.456979
vt 0.083682 0.456346
vt 0.130564 0.466891
vt 0.111877 0.461251
vt 0.033116 0.470128
vt 0.675805 0.472192
vt 0.653419 0.509254
vt 0.655248 0.472962
vt 0.367019 0.511392
vt 0.176921 0.588998
vt 0.180547 0.549455
vt 0.822760 0.437993
vt 0.233028 0.963316
vt 0.215241 0.923308
vt 0.798841 0.768868
vt 0.699605 0.875602
vt 0.684417 0.835751
vt 0.333987 0.852188
vt 0.228471 0.827609
vt 0.254212 0.785439
vt 0.759269 0.697501
vt 0.785216 0.736222
vt 0.695315 0.746888
vt 0.719972 0.697428
vt 0.296799 0.785396
vt 0.318344 0.815723
vt 0.903939 0.714697
vt 0.136407 0.801345
vt 0.081951 0.736203
vt 0.893090 0.633076
vt 0.446638 0.808511
vt 0.606509 0.708725
vt 0.556410 0.642507
vt 0.438944 0.724452
vt 0.841861 0.692578
vt 0.205190 0.774839
vt 0.146366 0.715395
vt 0.823906 0.608060
vt 0.383498 0.782992
vt 0.673752 0.685953
vt 0.619881 0.625562
vt 0.369876 0.694574
vt 0.624476 0.158216
vt 0.327082 0.211968
vt 0.653476 0.212425
vt 0.306569 0.342322
vt 0.153133 0.050558
vt 0.361352 0.222428
vt 0.125968 0.045756
vt 0.396618 0.225899
vt 0.569871 0.190223
vt 0.388031 0.290471
vt 0.615162 0.304972
vt 0.596954 0.173816
vt 0.584932 0.180968
vt 0.909456 0.190131
vt 0.154402 0.225852
vt 0.888489 0.249012
vt 0.175675 0.355943
vt 0.241882 0.047343
vt 0.189385 0.222364
vt 0.213528 0.046751
vt 0.223402 0.212053
vt 0.855547 0.158550
vt 0.235225 0.276013
vt 0.801766 0.268578
vt 0.882733 0.173912
vt 0.870470 0.167071
vt 0.702590 0.322102
vt 0.284431 0.416033
vt 0.369025 0.419829
vt 0.654789 0.409992
vt 0.841623 0.358035
vt 0.185243 0.480200
vt 0.257695 0.404697
vt 0.773758 0.336466
vt 0.177136 0.638471
vt 0.185108 0.495641
vt 0.653403 0.554919
vt 0.655840 0.423782
vt 0.740026 0.329135
vt 0.739609 0.679991
vt 0.717946 0.727940
vt 0.321543 0.784229
vt 0.275425 0.981496
vt 0.229466 0.784279
vt 0.766602 0.727930
vt 0.275513 0.766895
vt 0.294962 0.761394
vt 0.158494 0.031032
vt 0.235614 0.029385
vt 0.253884 0.807420
vt 0.968218 0.693073
vt 0.970279 0.686813
vt 0.964692 0.720144
vt 0.041234 0.817480
vt 0.965692 0.701614
vt 0.035620 0.790589
vt 0.038855 0.799577
vt 0.026837 0.766821
vt 0.976742 0.669618
vt 0.033170 0.783659
vt 0.515345 0.790561
vt 0.512107 0.799546
vt 0.509721 0.817448
vt 0.514670 0.720260
vt 0.513647 0.701731
vt 0.511110 0.693195
vt 0.509040 0.686939
vt 0.502555 0.669755
vt 0.524137 0.766797
vt 0.517798 0.783632
vt 0.052820 0.522857
vt 0.139366 0.470253
vt 0.968347 0.489050
vt 0.988625 0.436785
vt 0.108883 0.091107
vt 0.106409 0.062482
vt 0.399209 0.044805
vt 0.459518 0.102060
vt 0.428604 0.109556
vt 0.167704 0.057128
vt 0.215342 0.132259
vt 0.203222 0.094543
vt 0.855471 0.043005
vt 0.918242 0.098075
vt 0.886101 0.105305
vt 0.255511 0.067846
vt 0.169019 0.047690
vt 0.166893 0.025823
vt 0.125973 0.120002
vt 0.337008 0.054912
vt 0.115292 0.038211
vt 0.149847 0.015689
vt 0.254586 0.043904
vt 0.241676 0.021944
vt 0.231922 0.132778
vt 0.791425 0.052872
vt 0.199112 0.046316
vt 0.223332 0.014444
vn -0.359094 0.672562 0.647080
vn -0.359094 0.672562 0.647080
vn -0.288790 0.398518 0.870508
vn -0.310550 0.474200 0.823829
vn -0.167937 -0.338499 0.925859
vn 0.244100 0.707673 0.663034
vn -0.170134 0.585922 0.792307
vn -0.252179 -0.809184 0.530685
vn 0.124565 -0.986332 -0.107854
vn -0.322752 0.825855 0.462380
vn 0.133558 0.946421 0.294023
vn 0.136278 0.950642 0.278763
vn -0.938403 -0.231924 0.256149
vn -0.927341 -0.317536 0.198015
vn -0.709457 -0.589324 0.386482
vn -0.721566 -0.517971 0.459400
vn -0.369036 -0.682025 0.631390
vn -0.364232 -0.808116 0.462908
vn -0.101987 -0.875087 0.473098
vn -0.116568 -0.716214 0.688076
vn 0.147668 -0.715858 0.682452
vn 0.161231 -0.850594 0.500494
vn 0.525160 -0.692872 0.494101
vn 0.526581 -0.608784 0.593376
vn -0.580193 -0.773862 0.253994
vn -0.788148 -0.601046 0.132539
vn -0.671956 -0.542046 0.504639
vn -0.447947 -0.601088 0.661843
vn -0.249033 -0.573206 0.780652
vn -0.280834 -0.676807 0.680489
vn -0.119586 -0.694920 0.709074
vn -0.124828 -0.607146 0.784724
vn -0.002603 -0.586703 0.809798
vn 0.047033 -0.695070 0.717402
vn 0.463388 -0.611888 0.640987
vn 0.204364 -0.633223 0.746502
vn -0.750449 0.377028 0.542842
vn -0.759889 -0.267034 0.592673
vn -0.431639 -0.123491 0.893554
vn -0.392387 0.521689 0.757544
vn -0.661836 0.552726 0.506426
vn -0.509475 -0.117029 0.852490
vn 0.000426 -0.172759 0.984964
vn -0.040357 0.626532 0.778350
vn 0.344891 0.449047 0.824261
vn -0.022545 -0.259942 0.965361
vn 0.161789 -0.151784 0.975083
vn 0.215461 0.491046 0.844068
vn 0.133915 0.923805 -0.358679
vn -0.509340 0.826018 0.241386
vn -0.312578 0.929676 0.194933
vn -0.181569 0.856297 -0.483517
vn 0.002561 0.901590 -0.432584
vn -0.105420 0.993414 -0.044900
vn 0.074638 0.965652 -0.248890
vn 0.095294 0.899769 -0.425834
vn 0.187864 0.892675 -0.409680
vn 0.201066 0.979408 -0.018246
vn 0.325877 0.904329 0.275669
vn 0.384874 0.825656 -0.412510
vn -0.755197 0.576520 -0.311933
vn -0.238269 0.755993 -0.609674
vn -0.328436 0.794805 -0.510308
vn -0.258713 0.808229 -0.528992
vn 0.046242 0.821576 -0.568220
vn 0.027145 0.830505 -0.556349
vn 0.106997 0.826048 -0.553351
vn 0.109276 0.815742 -0.568001
vn 0.174168 0.813223 -0.555278
vn 0.188888 0.822025 -0.537212
vn 0.518096 0.752165 -0.407215
vn 0.451875 0.767050 -0.455461
vn -0.537646 -0.067780 -0.840442
vn -0.599843 0.123219 -0.790573
vn -0.099454 0.165885 -0.981117
vn -0.069555 -0.064615 -0.995483
vn 0.115334 -0.065867 -0.991141
vn 0.090977 0.167895 -0.981598
vn 0.107115 0.169617 -0.979672
vn 0.107016 -0.083775 -0.990722
vn 0.070324 -0.097560 -0.992742
vn 0.106240 0.147625 -0.983321
vn 0.256164 0.139059 -0.956579
vn 0.202968 -0.096618 -0.974407
vn 0.027374 -0.995701 -0.088492
vn 0.051006 -0.988691 -0.141026
vn 0.068044 -0.988840 -0.132534
vn 0.046300 -0.995502 -0.082659
vn 0.916966 -0.191750 0.349865
vn 0.689203 -0.716990 -0.104525
vn 0.024508 -0.905954 -0.422667
vn -0.208950 -0.779615 0.590373
vn -0.029405 -0.997454 -0.064973
vn -0.036782 -0.992743 -0.114492
vn -0.029419 -0.992631 -0.117550
vn -0.022303 -0.997193 -0.071482
vn 0.960640 0.216379 0.174217
vn 0.960640 0.216379 0.174217
vn 0.960640 0.216379 0.174217
vn 0.960640 0.216379 0.174217
vn 0.821814 -0.359930 0.441670
vn 0.817932 -0.453974 0.353405
vn 0.996682 -0.070309 0.040999
vn 0.983064 0.012985 0.182803
vn 0.490806 -0.870015 0.046725
vn 0.490805 -0.870016 0.046724
vn 0.490805 -0.870016 0.046724
vn 0.490806 -0.870015 0.046725
vn -0.869355 -0.269732 -0.414086
vn -0.869355 -0.269732 -0.414086
vn -0.869355 -0.269732 -0.414086
vn -0.869355 -0.269732 -0.414086
vn -0.661115 0.523855 -0.537125
vn -0.986110 0.073344 -0.149023
vn -0.989823 0.141912 -0.010563
vn -0.621428 -0.762403 -0.180470
vn -0.621428 -0.762403 -0.180470
vn -0.621428 -0.762403 -0.180470
vn -0.621428 -0.762403 -0.180470
vn -0.143271 -0.835885 -0.529877
vn -0.173234 -0.781324 -0.599602
vn 0.080871 -0.817857 -0.569711
vn 0.145184 -0.845944 -0.513128
vn 0.960316 -0.237882 0.145621
vn 0.966376 -0.215289 0.140599
vn 0.576210 0.636218 0.513039
vn -0.071730 0.899697 0.430582
vn -0.132678 0.863487 0.486608
vn -0.996967 0.029530 -0.072009
vn -0.996656 0.042610 -0.069722
vn -0.996656 0.042610 -0.069722
vn -0.996925 0.031821 -0.071609
vn -0.305770 -0.893481 -0.328932
vn -0.259629 -0.886748 -0.382453
vn 0.029748 -0.897874 -0.439247
vn -0.018306 -0.918334 -0.395382
vn 0.966447 -0.208348 -0.150235
vn 0.964393 -0.213683 -0.155837
vn 0.964393 -0.213683 -0.155837
vn 0.966697 -0.207689 -0.149543
vn 0.373363 0.887826 0.269009
vn 0.263768 0.946430 0.186272
vn -0.028206 0.971706 0.234504
vn 0.020051 0.947620 0.318769
vn -0.671093 0.639906 0.374372
vn -0.922287 -0.268489 0.278029
vn -0.923667 0.181980 0.337227
vn -0.704381 0.455626 -0.544291
vn -0.719192 0.583865 -0.376650
vn -0.064144 0.950561 -0.303841
vn 0.035954 0.748786 -0.661836
vn 0.745611 0.584674 -0.319720
vn 0.707724 0.672103 -0.217727
vn 0.897252 -0.072764 0.435483
vn 0.981108 0.026779 0.191596
vn 0.634281 -0.377820 0.674492
vn 0.348093 -0.314879 0.882996
vn -0.066807 -0.385793 0.920163
vn -0.051019 -0.570719 0.819559
vn -0.762363 -0.428288 0.485151
vn -0.470920 -0.395793 0.788405
vn -0.977274 -0.189758 0.094481
vn -0.987168 -0.049982 -0.151660
vn -0.873587 0.343898 -0.344354
vn -0.858574 0.443487 -0.257236
vn -0.124212 0.859812 -0.495272
vn -0.196525 0.611592 -0.766376
vn 0.583885 0.485215 -0.650880
vn 0.584986 0.604103 -0.541158
vn 0.999588 0.028393 0.004207
vn 0.973485 0.089925 -0.210335
vn 0.859761 -0.197109 0.471126
vn 0.551004 -0.158205 0.819369
vn 0.160813 -0.191650 0.968199
vn 0.185995 -0.371765 0.909504
vn -0.558422 -0.306487 0.770864
vn -0.261721 -0.197694 0.944680
vn -0.860189 -0.137584 0.491065
vn -0.962147 -0.100381 0.253370
vn -0.171793 0.416055 -0.892964
vn -0.171793 0.416055 -0.892964
vn 0.264829 0.492333 -0.829140
vn 0.330201 0.495449 -0.803429
vn 0.923128 0.340399 0.178781
vn 0.923128 0.340399 0.178781
vn 0.923128 0.340399 0.178781
vn 0.923128 0.340399 0.178781
vn 0.023409 0.988523 0.149244
vn 0.023409 0.988523 0.149244
vn -0.055528 0.992231 0.111331
vn -0.055503 0.992231 0.111343
vn -0.766360 0.605715 -0.214014
vn -0.766360 0.605715 -0.214014
vn -0.766360 0.605715 -0.214014
vn -0.766360 0.605715 -0.214014
vn -0.612026 0.433795 -0.661246
vn -0.612026 0.433795 -0.661246
vn -0.198961 0.481851 -0.853366
vn -0.203332 0.481871 -0.852324
vn 0.869145 0.315494 -0.380855
vn 0.869145 0.315494 -0.380855
vn 0.869145 0.315494 -0.380855
vn 0.869145 0.315494 -0.380855
vn 0.149461 0.970051 0.191474
vn 0.149461 0.970051 0.191474
vn 0.065832 0.974866 0.212842
vn 0.065564 0.974870 0.212908
vn -0.780403 0.555412 0.287209
vn -0.780403 0.555412 0.287209
vn -0.780403 0.555412 0.287209
vn -0.780403 0.555412 0.287209
vn 0.006331 0.994163 -0.107700
vn 0.006331 0.994163 -0.107700
vn 0.040347 0.994724 -0.094319
vn 0.041586 0.994720 -0.093829
vn -0.735134 0.430894 -0.523363
vn -0.735134 0.430894 -0.523363
vn -0.735134 0.430894 -0.523363
vn -0.735134 0.430894 -0.523363
vn -0.053605 -0.993270 0.102668
vn -0.018784 -0.999636 0.019356
vn -0.006151 -0.999701 0.023687
vn -0.047192 -0.993560 0.103014
vn 0.892670 -0.002118 0.450705
vn 0.899467 -0.002829 0.436979
vn 0.899933 -0.002879 0.436018
vn 0.892670 -0.002118 0.450705
vn -0.024362 0.998043 -0.057597
vn -0.024362 0.998043 -0.057597
vn -0.005809 0.997868 -0.065013
vn -0.005732 0.997866 -0.065044
vn -0.892808 0.435670 0.114388
vn -0.892808 0.435670 0.114388
vn -0.892809 0.435670 0.114388
vn -0.892808 0.435670 0.114388
vn 0.000296 -0.997732 0.067306
vn -0.012900 -0.999815 0.014255
vn -0.008054 -0.999906 0.011080
vn 0.002190 -0.997807 0.066157
vn 0.972391 -0.013834 -0.232948
vn 0.972424 -0.011806 -0.232920
vn 0.972425 -0.011765 -0.232919
vn 0.972391 -0.013834 -0.232948
vn -0.111147 -0.925757 -0.361414
vn 0.678679 -0.663017 0.315916
vn -0.617129 -0.414795 -0.668653
vn -0.720672 -0.260031 -0.642663
vn -0.686005 0.496834 -0.531557
vn 0.478265 0.700953 -0.529082
vn 0.044793 0.935037 -0.351710
vn -0.355582 0.902794 -0.241918
vn 0.248249 0.914912 0.318292
vn 0.505376 0.764196 0.400749
vn 0.617601 0.299051 0.727418
vn 0.658105 0.318309 0.682332
vn 0.734158 -0.401542 0.547519
vn 0.550066 -0.328575 0.767767
vn 0.431085 -0.812665 0.392098
vn 0.443974 -0.888933 0.112629
vn 0.846247 0.410100 -0.340124
vn 0.707324 -0.503715 -0.495948
vn 0.826746 -0.346172 -0.443458
vn 0.131474 -0.942366 -0.307671
vn -0.516776 -0.856053 0.010783
vn -0.876584 -0.314359 0.364388
vn -0.768704 0.405710 0.494464
vn -0.225118 0.939969 0.256477
vn 0.504409 0.852366 -0.137998
vn -0.896592 -0.442474 -0.018399
vn -0.792400 -0.584523 -0.174459
vn -0.700410 -0.170596 -0.693053
vn -0.649561 -0.406941 -0.642238
vn -0.125352 -0.112937 -0.985663
vn -0.259444 0.417054 -0.871065
vn 0.148045 0.789177 -0.596056
vn 0.567747 0.291390 -0.769906
vn 0.933706 0.349425 -0.078072
vn 0.504201 0.856025 -0.114031
vn 0.721592 0.334584 0.606101
vn 0.777507 0.173799 0.604381
vn 0.250548 0.043301 0.967135
vn 0.534337 -0.025365 0.844891
vn -0.256523 -0.685006 0.681882
vn -0.595320 -0.194982 0.779471
vn 0.395619 -0.103074 -0.912612
vn 0.552352 0.369710 -0.747142
vn 0.832880 -0.273418 -0.481201
vn 0.731331 -0.492579 -0.471721
vn 0.769644 -0.613354 0.177330
vn 0.689854 -0.723514 0.025092
vn -0.084858 -0.745288 0.661321
vn 0.269663 -0.351330 0.896576
vn -0.538041 0.046156 0.841654
vn -0.751885 0.008551 0.659238
vn -0.807619 0.432897 0.400440
vn -0.880757 0.289464 0.374803
vn -0.800110 0.517691 -0.303019
vn -0.327284 0.927015 -0.183108
vn 0.149579 0.812310 -0.563719
vn -0.259475 0.414913 -0.872078
vn -0.579329 -0.813106 0.056895
vn -0.579329 -0.813106 0.056895
vn -0.579329 -0.813106 0.056895
vn -0.579329 -0.813106 0.056895
vn 0.912651 -0.408320 0.018523
vn 0.912651 -0.408320 0.018523
vn 0.976976 -0.213000 0.012195
vn 0.689914 0.224872 -0.688078
vn 0.081151 0.893932 -0.440794
vn 0.060012 0.604375 -0.794437
vn -0.563460 0.260468 -0.784008
vn -0.507524 0.464502 0.725711
vn -0.958570 -0.198778 -0.204036
vn -0.723638 -0.394914 0.566031
vn -0.671543 -0.597811 0.437780
vn 0.002422 -0.742180 0.670197
vn 0.012704 -0.564013 0.825669
vn 0.742378 -0.314276 0.591697
vn 0.669915 -0.557500 0.490314
vn 0.984250 -0.176672 -0.006248
vn 0.983859 0.132610 0.120151
vn 0.676754 0.487996 -0.551238
vn 0.689571 0.282339 -0.666915
vn 0.008652 0.435217 -0.900284
vn -0.008153 0.523366 -0.852069
vn -0.701227 0.423924 -0.573210
vn -0.664415 0.233891 -0.709823
vn -0.965131 -0.254240 -0.062333
vn -0.996793 0.028051 0.074940
vn -0.635280 0.328793 -0.698795
vn -0.975792 -0.016328 -0.218089
vn -0.981387 0.023251 -0.190630
vn -0.164326 0.709083 -0.685710
vn -0.130471 0.452999 -0.881912
vn 0.069279 0.451745 -0.889453
vn 0.057518 0.719905 -0.691686
vn 0.109270 0.716579 -0.688894
vn 0.107462 0.474616 -0.873608
vn 0.143637 0.455334 -0.878658
vn 0.163554 0.722965 -0.671247
vn 0.369076 0.689021 -0.623725
vn 0.317957 0.441482 -0.839045
vn 0.800647 -0.426587 0.420700
vn 0.759625 -0.432390 0.485808
vn 0.992581 -0.120998 -0.011905
vn 0.995455 -0.095021 -0.006341
vn 0.114394 -0.827592 0.549550
vn 0.067917 -0.661951 0.746464
vn 0.332566 -0.647563 0.685611
vn 0.415203 -0.696913 0.584739
vn -0.295456 -0.793122 0.532600
vn -0.260427 -0.630125 0.731519
vn -0.103856 -0.630863 0.768912
vn -0.093472 -0.846317 0.524415
vn -0.905676 -0.311105 0.288035
vn -0.894056 -0.283677 0.346685
vn -0.506606 -0.565275 0.651010
vn -0.587520 -0.621422 0.518319
vn -0.268622 -0.836350 0.477872
vn -0.383388 -0.746916 0.543259
vn -0.931109 -0.235835 0.278240
vn 0.118202 -0.985979 0.117790
vn 0.111359 -0.887235 0.447676
vn -0.094245 -0.859251 0.502798
vn 0.127901 0.937054 0.324918
vn 0.127901 0.937054 0.324918
vn 0.784086 -0.467044 0.408754
vn 0.211348 -0.892501 0.398465
vn -0.242314 -0.251459 0.937045
vn -0.124039 -0.468540 0.874691
vn 0.520534 -0.033608 0.853179
vn 0.580980 0.620070 0.527233
vn 0.478494 0.878085 0.003250
vn -0.049380 0.995033 -0.086432
vn -0.544538 0.838736 0.000642
vn 0.864442 0.479962 -0.149589
vn 0.811763 0.435325 -0.389273
vn 0.147416 -0.603899 -0.783310
vn 0.168705 -0.550514 -0.817602
vn 0.148834 -0.546208 -0.824321
vn -0.185305 -0.439489 -0.878926
vn -0.185305 -0.439489 -0.878927
vn -0.008561 -0.667540 -0.744524
vn -0.654147 -0.749570 -0.101176
vn 0.251682 -0.647427 -0.719371
vn -0.112785 -0.609489 -0.784731
vn 0.724591 0.074789 -0.685109
vn 0.637412 -0.096039 -0.764515
vn 0.273372 -0.516431 -0.811521
vn 0.273372 -0.516431 -0.811521
vn -0.085303 -0.629640 -0.772189
vn -0.069437 -0.626486 -0.776333
vn 0.084908 -0.988634 -0.124068
vn 0.062358 -0.995439 -0.072198
vn 0.006578 -0.999606 0.027273
vn -0.021988 -0.992454 -0.120627
vn -0.014522 -0.997193 -0.073455
vn -0.003267 -0.999967 0.007478
vn 0.957701 -0.195308 -0.211336
vn 0.957701 -0.195308 -0.211336
vn 0.957702 -0.195308 -0.211336
vn 0.957701 -0.195308 -0.211336
vn 0.988434 -0.116125 -0.097539
vn 0.953929 0.134300 0.268295
vn 0.490806 -0.870015 0.046727
vn 0.490806 -0.870015 0.046727
vn 0.490807 -0.870014 0.046726
vn 0.490807 -0.870014 0.046726
vn 0.490808 -0.870014 0.046725
vn 0.490808 -0.870014 0.046725
vn 0.490808 -0.870014 0.046726
vn 0.490808 -0.870014 0.046726
vn -0.999323 0.029387 0.022120
vn -0.999323 0.029387 0.022120
vn -0.999323 0.029387 0.022120
vn -0.999323 0.029387 0.022120
vn -0.948434 -0.061166 -0.311016
vn -0.969688 0.234901 0.067276
vn -0.621429 -0.762402 -0.180469
vn -0.621429 -0.762402 -0.180469
vn -0.621429 -0.762402 -0.180470
vn -0.621429 -0.762402 -0.180470
vn -0.621429 -0.762402 -0.180470
vn -0.621429 -0.762402 -0.180470
vn -0.621428 -0.762403 -0.180470
vn -0.621428 -0.762403 -0.180470
vn 0.406692 -0.782145 -0.472072
vn 0.448056 -0.798436 -0.402177
vn 0.495224 -0.811052 -0.311366
vn 0.183037 -0.894149 -0.408650
vn -0.112349 -0.882741 -0.456230
vn 0.857388 0.276614 0.434017
vn 0.866470 0.311888 0.389815
vn 0.866470 0.311888 0.389815
vn 0.978839 -0.159648 0.128009
vn 0.978839 -0.159648 0.128009
vn -0.413846 0.836806 0.358452
vn -0.532864 0.751859 0.388282
vn -0.619711 0.671683 0.405956
vn -0.218913 0.804253 0.552499
vn 0.278745 0.761662 0.584955
vn -0.889496 -0.343424 -0.301425
vn -0.889496 -0.343424 -0.301425
vn -0.896575 -0.333878 -0.290996
vn -0.897645 -0.332402 -0.289385
vn -0.904895 -0.322138 -0.278194
vn -0.904895 -0.322138 -0.278194
vn -0.997091 0.018761 -0.073881
vn -0.997091 0.018761 -0.073881
vn 0.276912 -0.844948 -0.457584
vn 0.265584 -0.877292 -0.399780
vn 0.252465 -0.906855 -0.337454
vn -0.045491 -0.948163 -0.314512
vn -0.363029 -0.895513 -0.257423
vn 0.974397 0.224748 -0.006318
vn 0.974397 0.224748 -0.006318
vn 0.984070 0.177525 -0.009583
vn 0.982260 0.187311 -0.008910
vn 0.989463 0.144302 -0.011850
vn 0.989463 0.144302 -0.011850
vn 0.968512 -0.202803 -0.144417
vn 0.968512 -0.202803 -0.144417
vn -0.386693 0.806079 0.448000
vn 0.061762 0.900901 0.429608
vn 0.459596 0.822796 0.334333
vn -0.936797 -0.332446 0.109046
vn -0.943758 -0.314152 0.103105
vn -0.965042 -0.248960 0.081931
vn -0.965042 -0.248960 0.081931
vn -0.939906 0.202788 0.274689
vn -0.939906 0.202788 0.274689
vn 0.815387 0.443554 -0.372027
vn 0.115265 0.613011 -0.781621
vn -0.662146 0.348953 -0.663170
vn 0.775775 -0.439676 0.452612
vn 0.993251 0.048142 0.105522
vn -0.956386 -0.287127 0.053704
vn -0.159295 -0.791724 0.589744
vn -0.957461 0.002311 -0.288554
vn 0.625873 0.343953 -0.699985
vn -0.200173 0.464521 -0.862642
vn -0.895475 0.220478 -0.386670
vn 0.973983 -0.187745 0.126924
vn 0.954067 0.091947 -0.285135
vn -0.758653 -0.374311 0.533233
vn 0.220981 -0.600279 0.768657
vn -0.984830 -0.091774 0.147268
vn 0.692721 0.458994 -0.556294
vn 0.692721 0.458994 -0.556294
vn 0.786263 0.074538 -0.613379
vn 0.786263 0.074538 -0.613380
vn 0.404924 0.077793 -0.911035
vn 0.382518 0.077466 -0.920695
vn -0.110044 0.060938 -0.992057
vn -0.110044 0.060938 -0.992057
vn 0.706189 0.541555 0.456087
vn 0.706189 0.541555 0.456087
vn 0.706189 0.541555 0.456087
vn 0.706189 0.541555 0.456087
vn 0.905669 -0.003497 0.423971
vn 0.905669 -0.003497 0.423971
vn 0.986257 0.020150 0.163982
vn 0.986257 0.020150 0.163982
vn 0.986257 0.020150 0.163982
vn 0.986257 0.020150 0.163982
vn -0.133922 0.988327 0.072622
vn -0.133922 0.988327 0.072622
vn -0.461212 -0.319037 0.827949
vn -0.461212 -0.319037 0.827949
vn -0.420707 -0.319228 0.849176
vn -0.420721 -0.319228 0.849169
vn -0.379376 -0.318752 0.868603
vn -0.379376 -0.318752 0.868603
vn -0.820138 0.289547 -0.493494
vn -0.820138 0.289547 -0.493494
vn -0.820138 0.289547 -0.493494
vn -0.820138 0.289547 -0.493494
vn -0.797507 0.006363 -0.603276
vn -0.797507 0.006363 -0.603276
vn -0.797507 0.006363 -0.603276
vn -0.797507 0.006363 -0.603276
vn -0.903601 0.010771 -0.428240
vn -0.896762 0.006222 -0.442470
vn -0.897125 0.006460 -0.441729
vn -0.903601 0.010771 -0.428240
vn 0.237530 0.432904 -0.869583
vn 0.237530 0.432904 -0.869583
vn 0.240105 0.059949 -0.968894
vn 0.240105 0.059949 -0.968894
vn -0.231085 0.068412 -0.970526
vn -0.228309 0.068407 -0.971183
vn -0.652381 0.061626 -0.755382
vn -0.652381 0.061626 -0.755382
vn 0.839504 0.535967 -0.089287
vn 0.839504 0.535967 -0.089287
vn 0.839504 0.535967 -0.089287
vn 0.839504 0.535967 -0.089287
vn 0.972451 -0.009981 -0.232894
vn 0.972451 -0.009981 -0.232894
vn 0.894772 0.005426 -0.446490
vn 0.894772 0.005426 -0.446490
vn 0.894772 0.005426 -0.446490
vn 0.894772 0.005426 -0.446490
vn -0.018595 0.972373 0.232689
vn -0.018595 0.972374 0.232689
vn 0.165492 -0.413183 0.895485
vn 0.165492 -0.413183 0.895485
vn 0.210471 -0.413926 0.885645
vn 0.210641 -0.413927 0.885604
vn 0.255237 -0.413788 0.873861
vn 0.255237 -0.413788 0.873861
vn -0.943698 0.321913 0.076196
vn -0.943698 0.321913 0.076196
vn -0.943698 0.321913 0.076196
vn -0.943698 0.321913 0.076196
vn -0.999553 0.015521 0.025556
vn -0.999553 0.015521 0.025556
vn -0.999553 0.015521 0.025556
vn -0.999553 0.015521 0.025556
vn -0.972549 0.010891 0.232442
vn -0.972486 0.012344 0.232634
vn -0.972487 0.012325 0.232632
vn -0.972549 0.010891 0.232442
vn 0.076334 0.993868 -0.080002
vn 0.076334 0.993868 -0.080002
vn -0.027300 0.986647 -0.160569
vn -0.027300 0.986647 -0.160569
vn 0.059366 0.991181 -0.118478
vn 0.059684 0.991180 -0.118320
vn 0.145912 0.986446 -0.075064
vn 0.145912 0.986446 -0.075064
vn -0.889348 0.001462 -0.457228
vn -0.889348 0.001462 -0.457228
vn -0.930228 -0.212654 -0.299088
vn -0.930228 -0.212654 -0.299088
vn -0.930228 -0.212654 -0.299088
vn -0.930228 -0.212654 -0.299088
vn -0.703473 0.544101 -0.457253
vn -0.703473 0.544101 -0.457253
vn -0.703473 0.544101 -0.457253
vn -0.703473 0.544101 -0.457253
vn -0.040723 -0.993810 0.103359
vn -0.034117 -0.960213 0.277178
vn -0.034117 -0.960213 0.277178
vn -0.117374 -0.964369 0.237098
vn -0.116967 -0.964369 0.237300
vn -0.199395 -0.960299 0.195111
vn -0.199395 -0.960299 0.195111
vn 0.857058 0.408526 0.313941
vn 0.857058 0.408526 0.313941
vn 0.857058 0.408526 0.313941
vn 0.857058 0.408526 0.313941
vn 0.787375 0.547853 0.282661
vn 0.787376 0.547853 0.282661
vn 0.787376 0.547853 0.282661
vn 0.787376 0.547853 0.282661
vn 0.799506 -0.212708 0.561734
vn 0.799506 -0.212708 0.561734
vn 0.799506 -0.212708 0.561734
vn 0.799506 -0.212708 0.561734
vn 0.012640 0.997299 -0.072361
vn 0.012640 0.997298 -0.072361
vn -0.087367 0.996152 -0.006989
vn -0.087367 0.996152 -0.006989
vn 0.006771 0.999521 -0.030197
vn 0.007041 0.999517 -0.030264
vn 0.100961 0.993470 -0.053150
vn 0.100961 0.993470 -0.053150
vn -0.972413 0.013955 0.232846
vn -0.972413 0.013955 0.232846
vn -0.913398 -0.209344 0.349113
vn -0.913398 -0.209344 0.349113
vn -0.913398 -0.209344 0.349113
vn -0.913398 -0.209344 0.349113
vn -0.809993 0.565458 0.155462
vn -0.809993 0.565458 0.155462
vn -0.809993 0.565458 0.155462
vn -0.809993 0.565458 0.155462
vn 0.004087 -0.997877 0.065006
vn 0.115659 -0.982954 0.142916
vn 0.115659 -0.982954 0.142916
vn 0.025930 -0.985966 0.164922
vn 0.025870 -0.985965 0.164936
vn -0.063890 -0.980567 0.185490
vn -0.063890 -0.980567 0.185490
vn 0.859234 0.409764 -0.306286
vn 0.859234 0.409764 -0.306286
vn 0.859234 0.409764 -0.306286
vn 0.859234 0.409764 -0.306286
vn 0.808019 0.538594 -0.238791
vn 0.808019 0.538594 -0.238791
vn 0.808019 0.538594 -0.238791
vn 0.808019 0.538594 -0.238791
vn 0.964758 -0.240388 -0.107036
vn 0.964758 -0.240388 -0.107036
vn 0.964758 -0.240388 -0.107036
vn 0.964758 -0.240388 -0.107036
vn -0.192679 -0.237690 -0.952039
vn -0.624765 -0.465142 -0.627146
vn -0.854632 -0.514021 -0.073389
vn 0.962013 0.269620 0.042854
vn 0.584628 0.203745 -0.785301
vn 0.277002 -0.015658 0.960742
vn 0.775627 0.150311 0.613032
vn -0.576759 -0.284607 0.765734
vn 0.738674 -0.664282 0.114410
vn 0.693354 -0.544545 -0.471944
vn 0.422651 -0.227146 -0.877366
vn -0.554224 -0.000175 0.832367
vn 0.259170 -0.421235 0.869133
vn -0.874219 0.441659 -0.201692
vn -0.884344 0.267324 0.382719
vn -0.278751 0.338527 -0.898720
vn 0.532489 -0.835983 0.132619
vn 0.532489 -0.835983 0.132619
vn 0.532489 -0.835983 0.132619
vn 0.532489 -0.835983 0.132619
vn 0.678792 -0.717053 0.158359
vn -0.045686 -0.933329 0.356104
vn -0.671496 -0.739292 0.050408
vn 0.793475 -0.537182 -0.286064
vn -0.920329 -0.352757 -0.168987
vn -0.920329 -0.352757 -0.168987
vn -0.705867 -0.569416 -0.421329
vn 0.775252 0.268379 -0.571802
vn -0.589564 -0.241886 0.770653
vn -0.871466 -0.439440 0.217808
vn -0.871466 -0.439440 0.217808
vn -0.588954 -0.241513 0.771236
vn -0.729538 -0.431312 -0.530796
vn -0.729538 -0.431312 -0.530796
vn -0.729538 -0.431312 -0.530796
vn -0.729538 -0.431312 -0.530796
vn -0.591654 -0.365042 -0.718811
vn -0.591654 -0.365042 -0.718811
vn -0.591654 -0.365042 -0.718812
vn -0.591654 -0.365042 -0.718811
vn 0.127417 0.051780 -0.990497
vn 0.552412 0.307172 -0.774911
vn 0.552436 0.307186 -0.774888
vn 0.127417 0.051780 -0.990497
vn 0.764643 0.439306 -0.471519
vn 0.764643 0.439306 -0.471519
vn 0.658866 0.425964 0.620041
vn 0.658866 0.425964 0.620041
vn 0.658866 0.425964 0.620041
vn 0.658866 0.425964 0.620041
vn 0.642675 0.418173 0.641950
vn 0.642675 0.418173 0.641950
vn 0.642675 0.418173 0.641950
vn 0.642675 0.418173 0.641950
vn -0.206911 -0.021990 0.978113
vn -0.206911 -0.021990 0.978113
vn -0.242034 0.443907 -0.862767
vn 0.178393 0.123438 -0.976186
vn 0.178393 0.123438 -0.976186
vn -0.242060 0.443925 -0.862750
vn 0.706155 -0.434954 -0.558714
vn 0.706155 -0.434954 -0.558714
vn 0.706155 -0.434954 -0.558714
vn 0.706155 -0.434954 -0.558714
vn 0.769884 -0.535288 -0.347485
vn 0.769883 -0.535288 -0.347485
vn 0.769883 -0.535288 -0.347485
vn 0.769883 -0.535288 -0.347485
vn 0.683147 -0.606863 0.406236
vn 0.288984 -0.386641 0.875784
vn 0.288357 -0.386225 0.876174
vn 0.683147 -0.606863 0.406236
vn -0.095066 -0.108622 0.989527
vn -0.095066 -0.108622 0.989527
vn -0.722816 0.500494 0.476490
vn -0.722816 0.500494 0.476490
vn -0.722816 0.500494 0.476490
vn -0.722816 0.500494 0.476490
vn -0.730348 0.512277 0.451846
vn -0.730348 0.512277 0.451846
vn -0.730348 0.512277 0.451846
vn -0.730348 0.512277 0.451846
vn -0.508460 0.598866 -0.618731
vn -0.508460 0.598866 -0.618731
s 1
g pCube1
usemtl pCube1SG
f 101/1/1 1/2/2 98/3/3 97/4/4
f 99/5/5 2/6/6 103/7/7 102/8/8
f 104/9/9 3/10/10 107/11/11 106/12/12
s 3
f 114/13/13 5/14/14 111/15/15 110/16/16
f 112/17/17 6/18/18 116/19/19 115/20/20
f 117/21/21 7/22/22 120/23/23 119/24/24
f 126/25/25 9/26/26 113/27/27 123/28/28
f 124/29/29 10/30/30 118/31/31 127/32/32
f 128/33/33 11/34/34 122/35/35 130/36/36
f 136/424/37 13/38/38 125/39/39 133/474/40
f 141/401/41 85/42/42 138/43/43 137/473/44
f 145/413/45 15/477/46 132/47/47 142/472/48
f 149/49/49 17/50/50 135/51/51 146/52/52
f 147/53/53 18/54/54 151/470/55 150/56/56
f 152/57/57 19/58/58 144/59/59 154/60/60
f 160/61/61 21/62/62 148/63/63 157/64/64
f 158/65/65 22/66/66 153/67/67 161/68/68
f 162/69/69 23/70/70 156/71/71 164/72/72
f 171/73/73 90/74/74 168/75/75 167/76/76
f 169/77/77 91/78/78 173/79/79 172/80/80
f 174/81/81 92/82/82 177/83/83 176/84/84
s 10
f 184/85/85 49/86/86 181/87/87 180/88/88
s 1
f 187/464/89 30/90/90 175/91/91 185/469/92
s 12
f 192/93/93 53/94/94 189/95/95 188/96/96
s off
f 108/97/97 4/98/98 194/99/99 193/100/100
s 3
f 121/101/101 8/102/102 197/103/103 196/104/104
s 13
f 378/105/105 377/106/106 379/107/107 380/108/108
s off
f 171/73/109 29/109/110 204/110/111 203/111/112
s 3
f 160/61/61 25/112/113 207/113/114 206/114/115
s 14
f 386/501/116 387/116/117 388/117/118 389/118/119
s 15
f 216/119/120 29/109/121 170/120/122 213/121/123
s 1
f 214/122/124 30/90/90 187/464/89 217/123/125
f 218/124/126 2/6/6 98/3/127 220/125/128
s 17
f 221/126/129 1/2/130 204/462/131 223/127/132
s 18
f 228/128/133 31/129/134 179/130/135 225/131/136
s 19
f 226/132/137 32/133/138 194/460/139 229/134/140
s 1
f 230/135/141 4/98/142 107/11/143 232/136/144
f 233/137/145 3/10/10 186/458/146 235/139/147
s 21
f 240/140/148 33/141/149 215/142/150 237/143/151
f 238/144/152 34/145/153 219/454/154 241/147/155
f 242/148/156 35/149/157 222/150/158 244/151/159
f 245/152/160 36/153/161 224/447/162 247/155/163
s 22
f 252/156/164 37/157/165 227/158/166 249/159/167
f 250/160/168 38/161/169 231/441/170 253/163/171
f 254/164/172 39/165/173 234/166/174 256/167/175
f 257/168/176 40/169/177 236/434/178 259/171/179
s 23
f 263/524/180 41/479/181 239/174/182 261/528/183
s off
f 262/176/184 42/177/185 243/178/186 264/527/187
s 24
f 270/511/188 58/181/189 267/182/190 266/525/191
s off
f 272/516/192 44/448/193 248/186/194 271/523/195
s 25
f 275/518/196 45/478/197 251/190/198 273/522/199
s off
f 274/192/200 46/193/201 255/194/202 276/521/203
s 26
f 282/505/204 62/197/205 279/198/206 278/519/207
s off
f 284/510/208 48/435/209 260/202/210 283/517/211
s 27
f 287/204/212 43/450/213 246/206/214 285/207/215
s off
f 286/208/216 44/448/217 272/516/218 288/209/219
s 10
f 289/210/220 52/211/221 183/212/222 290/213/223
s 28
f 291/214/224 51/215/225 265/513/226 292/217/227
s 29
f 295/218/228 47/437/229 258/220/230 293/221/231
s off
f 294/222/232 48/435/233 284/510/234 296/223/235
s 12
f 297/224/236 56/225/237 191/226/238 298/227/239
s 30
f 299/228/240 55/229/241 277/507/242 300/231/243
s 3
f 304/232/244 12/233/245 198/430/246 301/235/247
f 302/236/248 24/237/249 155/238/250 305/239/251
f 306/240/252 20/241/253 143/428/254 308/243/255
f 309/244/256 16/245/257 131/246/258 311/247/259
f 316/248/260 21/62/62 208/426/261 313/250/262
f 314/251/263 9/26/26 126/25/25 317/252/264
f 318/253/265 13/38/38 136/424/37 320/254/266
f 321/255/267 17/50/50 149/49/49 323/256/268
f 327/257/269 66/258/270 303/422/271 325/260/272
f 326/261/273 65/262/274 307/263/275 328/264/276
f 329/265/277 67/266/278 310/420/279 330/268/280
f 331/269/281 68/270/282 312/271/283 332/272/284
f 335/273/285 69/274/286 315/418/287 333/276/288
f 334/277/289 70/278/290 319/279/291 336/280/292
f 337/281/293 71/282/294 322/416/295 338/284/296
f 339/285/297 72/286/298 324/287/299 340/288/300
s off
f 344/289/301 14/480/302 129/291/303 341/292/304
s 3
f 342/293/305 15/46/306 145/414/45 345/294/307
f 346/295/308 19/471/58 151/55/309 348/296/310
f 349/297/311 18/475/54 134/410/312 351/299/313
f 355/300/314 81/301/315 343/302/316 353/303/317
f 354/304/318 82/305/319 347/406/320 356/307/321
f 357/308/322 83/309/323 350/310/324 358/311/325
f 359/312/326 84/313/327 352/403/328 360/315/329
f 363/316/330 90/74/74 205/400/331 361/318/332
f 363/316/330 25/112/113 159/319/333 364/320/334
f 365/321/335 26/322/336 163/323/337 366/324/338
f 367/325/339 27/326/340 166/327/341 368/328/342
f 371/329/343 94/330/344 195/397/345 370/332/346
f 373/333/347 95/334/348 109/335/349 372/336/350
f 375/337/351 96/338/352 105/339/353 374/340/354
f 362/341/355 89/342/356 100/343/357 376/344/358
s 1
f 98/3/3 2/6/6 99/5/5 97/4/4
s 3
f 99/5/359 96/338/352 100/343/357 97/4/360
f 100/343/357 89/342/356 101/1/361 97/4/360
s 1
f 103/7/7 3/10/10 104/9/9 102/8/362
s 3
f 104/9/363 95/334/348 105/339/353 102/8/364
f 105/339/353 96/338/352 99/5/359 102/8/364
s 1
f 107/11/11 4/98/365 108/97/366 106/12/12
s 3
f 108/97/367 94/330/344 109/335/349 106/12/368
f 109/335/349 95/334/348 104/9/363 106/12/368
f 111/15/15 6/18/18 112/17/17 110/16/16
f 112/17/17 10/30/30 113/27/27 110/16/16
f 113/27/27 9/26/26 114/13/13 110/16/16
f 116/19/19 7/22/22 117/21/21 115/20/20
f 117/21/21 11/34/34 118/31/31 115/20/20
f 118/31/31 10/30/30 112/17/17 115/20/20
f 120/23/23 8/102/102 121/101/101 119/24/24
f 121/101/101 12/233/245 122/35/35 119/24/24
f 122/35/35 11/34/34 117/21/21 119/24/24
f 113/27/27 10/30/30 124/29/29 123/28/28
f 124/29/29 14/290/369 125/39/39 123/28/28
f 125/39/39 13/38/38 126/25/25 123/28/28
f 118/31/31 11/34/34 128/33/33 127/32/32
f 128/33/33 15/477/46 129/476/370 127/32/32
f 129/476/370 14/290/369 124/29/29 127/32/32
f 122/35/35 12/233/245 131/246/258 130/36/36
f 131/246/258 16/245/257 132/47/47 130/36/36
f 132/47/47 15/477/46 128/33/33 130/36/36
f 125/39/39 14/290/369 134/408/312 133/474/40
f 134/409/312 18/54/54 135/51/51 133/40/40
f 135/51/51 17/50/50 136/37/37 133/40/40
f 138/43/43 86/345/371 139/346/372 137/473/44
f 139/404/372 87/347/373 140/348/374 137/44/44
f 140/348/374 88/349/375 141/41/41 137/44/44
f 132/47/47 16/245/257 143/242/254 142/472/48
f 143/428/254 20/241/253 144/59/59 142/48/48
f 144/59/59 19/58/58 145/412/45 142/48/48
f 135/51/51 18/54/54 147/53/53 146/52/52
f 147/53/53 22/66/66 148/63/63 146/52/52
f 148/63/63 21/62/62 149/49/49 146/52/52
f 151/470/55 19/58/58 152/57/57 150/56/56
f 152/57/57 23/70/70 153/67/67 150/56/56
f 153/67/67 22/66/66 147/53/53 150/56/56
f 144/59/59 20/241/253 155/238/250 154/60/60
f 155/238/250 24/237/249 156/71/71 154/60/60
f 156/71/71 23/70/70 152/57/57 154/60/60
f 148/63/63 22/66/66 158/65/65 157/64/64
f 158/65/65 26/322/336 159/319/333 157/64/64
f 159/319/333 25/112/113 160/61/61 157/64/64
f 153/67/67 23/70/70 162/69/69 161/68/68
f 162/69/69 27/326/340 163/323/337 161/68/68
f 163/323/337 26/322/336 158/65/65 161/68/68
f 156/71/71 24/237/249 165/350/376 164/72/72
f 165/350/376 28/351/377 166/327/341 164/72/72
f 166/327/341 27/326/340 162/69/69 164/72/72
f 168/75/75 91/78/78 169/77/77 167/76/76
s 1
f 169/77/378 30/90/90 170/120/379 167/76/380
f 170/120/379 29/109/381 171/73/382 167/76/380
s 3
f 173/79/79 92/82/82 174/81/81 172/80/80
s 1
f 174/81/383 31/129/384 175/91/91 172/80/385
f 175/91/91 30/90/90 169/77/378 172/80/386
s 3
f 177/83/83 93/352/387 178/353/388 176/84/84
s 1
f 178/353/389 32/133/390 179/130/391 176/84/392
f 179/130/391 31/129/384 174/81/383 176/84/392
s 10
f 181/87/87 50/354/393 182/355/394 180/88/88
f 182/355/394 51/215/395 183/212/222 180/88/88
f 183/212/222 52/211/221 184/85/85 180/88/88
s 1
f 175/91/91 31/129/384 186/138/146 185/469/92
f 186/458/146 3/10/10 103/7/7 185/92/92
f 103/7/7 2/6/6 187/89/89 185/92/92
s 12
f 189/95/95 54/356/396 190/357/397 188/96/96
f 190/357/397 55/229/398 191/226/238 188/96/96
f 191/226/238 56/225/237 192/93/93 188/96/96
s off
f 194/460/399 32/133/400 178/353/401 193/468/402
s 3
f 178/353/388 93/352/387 195/331/345 193/468/403
f 195/397/345 94/330/344 108/97/367 193/100/403
f 197/395/103 28/351/377 165/350/376 196/467/104
f 165/350/376 24/237/249 198/234/404 196/467/104
f 198/430/404 12/233/245 121/101/101 196/104/104
s 41
f 379/107/405 381/358/406 382/503/407 380/108/408
f 382/359/407 383/360/409 384/361/410 380/108/408
s 13
f 384/361/411 385/362/412 378/105/105 380/108/108
s off
f 204/462/413 1/2/414 101/1/415 203/466/416
s 3
f 101/1/361 89/342/356 205/317/331 203/466/417
f 205/400/331 90/74/74 171/73/73 203/111/417
f 207/398/114 5/14/14 114/13/13 206/465/115
f 114/13/13 9/26/26 208/249/418 206/465/115
f 208/426/418 21/62/62 160/61/61 206/114/115
s 42
f 388/117/419 390/363/420 391/364/421 389/118/422
f 391/364/421 392/365/423 393/366/424 389/118/422
s 14
f 393/366/425 394/367/426 386/115/116 389/118/119
s 15
f 170/120/122 30/90/427 214/122/428 213/121/123
f 214/122/428 34/145/429 215/142/430 213/121/123
f 215/142/430 33/141/431 216/119/120 213/121/123
s 1
f 187/89/89 2/6/6 218/124/126 217/463/432
f 218/124/126 35/149/433 219/146/434 217/463/432
f 219/454/435 34/145/436 214/122/124 217/123/125
f 98/3/127 1/2/437 221/126/438 220/125/128
f 221/126/438 36/153/439 222/150/440 220/125/128
f 222/150/440 35/149/441 218/124/126 220/125/128
s 43
f 204/110/442 29/109/443 216/119/444 223/461/445
f 216/119/444 33/141/446 224/154/447 223/461/445
s 17
f 224/447/448 36/153/449 221/126/129 223/127/132
s 18
f 179/130/135 32/133/450 226/132/451 225/131/136
f 226/132/451 38/161/452 227/158/453 225/131/136
f 227/158/453 37/157/454 228/128/133 225/131/136
s 44
f 194/99/455 4/98/456 230/135/457 229/459/458
f 230/135/457 39/165/459 231/162/460 229/459/458
s 19
f 231/441/461 38/161/462 226/132/137 229/134/140
s 1
f 107/11/143 3/10/10 233/137/145 232/136/144
f 233/137/145 40/169/463 234/166/464 232/136/144
f 234/166/464 39/165/465 230/135/141 232/136/144
f 186/138/146 31/129/384 228/128/466 235/457/467
f 228/128/466 37/157/468 236/170/469 235/457/467
f 236/434/470 40/169/471 233/137/145 235/139/147
s 21
f 215/142/150 34/145/153 238/144/152 237/143/151
f 238/144/152 42/456/472 239/455/473 237/143/151
f 239/455/473 41/173/474 240/140/148 237/143/151
f 219/146/154 35/149/157 242/148/156 241/453/155
f 242/148/156 43/205/475 243/451/476 241/453/155
f 243/452/476 42/456/472 238/144/152 241/147/155
f 222/150/158 36/153/161 245/152/160 244/151/159
f 245/152/160 44/185/477 246/449/478 244/151/159
f 246/449/478 43/205/475 242/148/156 244/151/159
f 224/154/162 33/141/149 240/140/148 247/446/163
f 240/140/148 41/173/474 248/444/479 247/446/163
f 248/445/479 44/185/477 245/152/160 247/155/163
s 22
f 227/158/166 38/161/169 250/160/168 249/159/167
f 250/160/168 46/443/480 251/442/481 249/159/167
f 251/442/481 45/189/482 252/156/164 249/159/167
f 231/162/170 39/165/173 254/164/172 253/440/171
f 254/164/172 47/219/483 255/438/484 253/440/171
f 255/439/484 46/443/480 250/160/168 253/163/171
f 234/166/174 40/169/177 257/168/176 256/167/175
f 257/168/176 48/201/485 258/436/486 256/167/175
f 258/436/486 47/219/483 254/164/172 256/167/175
f 236/170/178 37/157/165 252/156/164 259/433/179
f 252/156/164 45/189/482 260/431/487 259/433/179
f 260/432/487 48/201/485 257/168/176 259/171/179
s 23
f 239/174/182 42/177/488 262/176/489 261/528/183
s 45
f 262/526/490 50/354/491 181/87/492 261/175/493
f 181/87/492 49/86/494 263/172/495 261/175/493
s off
f 243/178/496 43/450/497 265/216/498 264/527/499
s 28
f 265/513/226 51/215/225 182/355/500 264/179/501
s off
f 182/355/502 50/354/503 262/526/504 264/179/505
s 24
f 267/182/190 57/368/506 268/369/507 266/525/191
s 46
f 268/514/508 59/370/509 269/371/510 266/183/511
f 269/371/510 60/372/512 270/180/513 266/183/511
s off
f 248/186/514 41/479/515 263/524/516 271/523/517
f 263/172/518 49/86/519 184/85/520 271/187/521
s 47
f 184/85/522 52/211/523 272/184/524 271/187/525
s 25
f 251/190/198 46/193/526 274/192/527 273/522/199
s 48
f 274/520/528 54/356/529 189/95/530 273/191/531
f 189/95/530 53/94/532 275/188/533 273/191/531
s off
f 255/194/534 47/437/535 277/230/536 276/521/537
s 30
f 277/507/242 55/229/241 190/357/538 276/195/539
s off
f 190/357/540 54/356/541 274/520/542 276/195/543
s 26
f 279/198/206 61/373/544 280/374/545 278/519/207
s 49
f 280/508/546 63/375/547 281/376/548 278/199/549
f 281/376/548 64/377/550 282/196/551 278/199/549
s off
f 260/202/552 45/478/553 275/518/554 283/517/555
f 275/188/556 53/94/557 192/93/558 283/203/559
s 50
f 192/93/560 56/225/561 284/200/562 283/203/563
s 27
f 246/206/214 44/448/564 286/208/565 285/207/215
s 51
f 286/208/566 57/368/567 267/182/568 285/207/569
f 267/182/568 58/181/570 287/204/571 285/207/569
s 47
f 272/184/524 52/211/523 289/210/572 288/515/573
s off
f 289/210/574 59/370/575 268/514/576 288/515/577
f 268/369/578 57/368/579 286/208/580 288/209/581
s 10
f 183/212/222 51/215/395 291/214/582 290/213/223
s 52
f 291/214/583 60/372/584 269/371/585 290/213/586
f 269/371/585 59/370/587 289/210/588 290/213/586
s off
f 265/216/589 43/450/590 287/204/591 292/512/592
f 287/204/593 58/181/594 270/511/595 292/512/596
f 270/180/597 60/372/598 291/214/599 292/217/600
s 29
f 258/220/230 48/435/601 294/222/602 293/221/231
s 53
f 294/222/603 61/373/604 279/198/605 293/221/606
f 279/198/605 62/197/607 295/218/608 293/221/606
s 50
f 284/200/562 56/225/561 297/224/609 296/509/610
s off
f 297/224/611 63/375/612 280/508/613 296/509/614
f 280/374/615 61/373/616 294/222/617 296/223/618
s 12
f 191/226/238 55/229/398 299/228/619 298/227/239
s 54
f 299/228/620 64/377/621 281/376/622 298/227/623
f 281/376/622 63/375/624 297/224/625 298/227/623
s off
f 277/230/626 47/437/627 295/218/628 300/506/629
f 295/218/630 62/197/631 282/505/632 300/506/633
f 282/196/634 64/377/635 299/228/636 300/231/637
s 3
f 198/234/246 24/237/249 302/236/248 301/429/247
f 302/236/248 65/262/274 303/259/271 301/429/247
f 303/422/271 66/258/270 304/232/244 301/235/247
f 155/238/250 20/241/253 306/240/252 305/239/251
f 306/240/252 67/266/278 307/263/275 305/239/251
f 307/263/275 65/262/274 302/236/248 305/239/251
f 143/242/254 16/245/257 309/244/256 308/427/255
f 309/244/256 68/270/282 310/267/279 308/427/255
f 310/420/279 67/266/278 306/240/252 308/243/255
f 131/246/258 12/233/245 304/232/244 311/247/259
f 304/232/244 66/258/270 312/271/283 311/247/259
f 312/271/283 68/270/282 309/244/256 311/247/259
f 208/249/261 9/26/26 314/251/263 313/425/262
f 314/251/263 70/278/290 315/275/287 313/425/262
f 315/418/287 69/274/286 316/248/260 313/250/262
f 126/25/25 13/38/38 318/253/265 317/252/264
f 318/253/265 71/282/294 319/279/291 317/252/264
f 319/279/291 70/278/290 314/251/263 317/252/264
f 136/37/37 17/50/50 321/255/267 320/423/266
f 321/255/267 72/286/298 322/283/295 320/423/266
f 322/416/295 71/282/294 318/253/265 320/254/266
f 149/49/49 21/62/62 316/248/260 323/256/268
f 316/248/260 69/274/286 324/287/299 323/256/268
f 324/287/299 72/286/298 321/255/267 323/256/268
f 303/259/271 65/262/274 326/261/273 325/421/272
f 326/261/273 73/497/638 199/498/639 325/421/272
f 199/499/639 74/500/640 327/257/269 325/260/272
f 307/263/275 67/266/278 329/265/277 328/264/276
f 329/265/277 75/495/641 200/496/642 328/264/276
f 200/496/642 73/497/638 326/261/273 328/264/276
f 310/267/279 68/270/282 331/269/281 330/419/280
f 331/269/281 76/492/643 201/493/644 330/419/280
f 201/494/644 75/495/641 329/265/277 330/268/280
f 312/271/283 66/258/270 327/257/269 332/272/284
f 327/257/269 74/500/640 202/491/645 332/272/284
f 202/491/645 76/492/643 331/269/281 332/272/284
f 315/275/287 70/278/290 334/277/289 333/417/288
f 334/277/289 78/490/646 209/488/647 333/417/288
f 209/489/647 77/482/648 335/273/285 333/276/288
f 319/279/291 71/282/294 337/281/293 336/280/292
f 337/281/293 79/487/649 210/486/650 336/280/292
f 210/486/650 78/490/646 334/277/289 336/280/292
f 322/283/295 72/286/298 339/285/297 338/415/296
f 339/285/297 80/485/651 211/483/652 338/415/296
f 211/484/652 79/487/649 337/281/293 338/284/296
f 324/287/299 69/274/286 335/273/285 340/288/300
f 335/273/285 77/482/648 212/481/653 340/288/300
f 212/481/653 80/485/651 339/285/297 340/288/300
s off
f 129/291/654 15/46/655 342/293/656 341/292/657
s 3
f 342/293/658 82/305/319 343/302/316 341/292/659
f 343/302/316 81/301/315 344/289/660 341/292/659
f 145/45/45 19/471/58 346/295/308 345/411/307
f 346/295/308 83/309/323 347/306/320 345/411/661
f 347/406/320 82/305/319 342/293/658 345/294/661
f 151/55/309 18/475/54 349/297/311 348/296/310
f 349/297/311 84/313/327 350/310/324 348/296/310
f 350/310/324 83/309/323 346/295/308 348/296/310
f 134/298/312 14/480/662 344/289/663 351/407/313
f 344/289/660 81/301/315 352/314/328 351/407/664
f 352/403/328 84/313/327 349/297/311 351/299/664
f 343/302/316 82/305/319 354/304/318 353/303/317
f 354/304/318 86/345/371 138/43/43 353/303/317
f 138/43/43 85/42/42 355/300/314 353/303/317
f 347/306/320 83/309/323 357/308/322 356/405/321
f 357/308/322 87/347/373 139/404/372 356/405/321
f 139/346/372 86/345/371 354/304/318 356/307/321
f 350/310/324 84/313/327 359/312/326 358/311/325
f 359/312/326 88/349/375 140/348/374 358/311/325
f 140/348/374 87/347/373 357/308/322 358/311/325
f 352/314/328 81/301/315 355/300/314 360/402/329
f 355/300/314 85/42/42 141/401/41 360/402/329
f 141/41/41 88/349/375 359/312/326 360/315/329
f 205/317/331 89/342/356 362/341/355 361/399/332
f 362/341/355 5/14/14 207/398/114 361/399/332
f 207/113/114 25/112/113 363/316/330 361/318/332
f 159/319/333 26/322/336 365/321/335 364/320/334
f 365/321/335 91/78/78 168/75/75 364/320/334
f 168/75/75 90/74/74 363/316/330 364/320/334
f 163/323/337 27/326/340 367/325/339 366/324/338
f 367/325/339 92/82/82 173/79/79 366/324/338
f 173/79/79 91/78/78 365/321/335 366/324/338
f 166/327/341 28/351/377 369/394/665 368/328/342
f 369/394/665 93/352/387 177/83/83 368/328/342
f 177/83/83 92/82/82 367/325/339 368/328/342
f 195/331/345 93/352/387 369/394/665 370/396/346
f 369/394/665 28/351/377 197/395/103 370/396/346
f 197/103/103 8/102/102 371/329/343 370/332/346
f 109/335/349 94/330/344 371/329/343 372/336/350
f 371/329/343 8/102/102 120/23/23 372/336/350
f 120/23/23 7/22/22 373/333/347 372/336/350
f 105/339/353 95/334/348 373/333/347 374/340/354
f 373/333/347 7/22/22 116/19/19 374/340/354
f 116/19/19 6/18/18 375/337/351 374/340/354
f 100/343/357 96/338/352 375/337/351 376/344/358
f 375/337/351 6/18/18 111/15/15 376/344/358
f 111/15/15 5/14/14 362/341/355 376/344/358
s 55
f 202/385/666 74/380/667 377/106/668 378/105/669
s off
f 74/380/670 199/379/671 379/107/672 377/106/673
f 199/379/674 73/378/675 381/358/676 379/107/677
s 56
f 73/378/678 200/504/679 382/503/680 381/358/681
f 200/382/679 75/381/682 383/360/683 382/359/680
s off
f 75/381/684 201/384/685 384/361/686 383/360/687
f 201/384/688 76/383/689 385/362/690 384/361/691
s 55
f 76/383/692 202/385/666 378/105/669 385/362/693
s 57
f 212/393/694 77/388/695 387/116/696 386/501/697
s off
f 77/388/698 209/387/699 388/117/700 387/116/701
f 209/387/702 78/386/703 390/363/704 388/117/705
s 58
f 78/386/706 210/390/707 391/364/708 390/363/709
f 210/390/707 79/389/710 392/365/711 391/364/708
s off
f 79/389/712 211/392/713 393/366/714 392/365/715
f 211/392/716 80/391/717 394/367/718 393/366/719
s 57
f 80/391/720 212/502/694 386/115/697 394/367/721
