# This file uses centimeters as units for non-parametric coordinates.

mtllib my_animation.0009.mtl
g default
v -17.679779 48.142838 -9.644704
v -4.199048 47.202229 -8.061918
v 7.476409 47.394047 -7.113611
v 21.522644 48.044365 -7.774115
v -18.384027 64.336960 -0.048435
v -7.948910 54.720760 5.686791
v 10.161870 53.366791 7.120536
v 22.794399 61.140369 3.253056
v -17.080450 80.368843 23.994703
v -7.186885 69.819901 26.665024
v 7.911026 68.955734 28.255465
v 19.633299 78.393906 28.353083
v -22.204758 84.961952 31.501518
v -5.658171 85.816391 39.017876
v 5.719329 85.230057 40.208267
v 22.980614 82.407837 37.090740
v -19.450272 94.185829 28.850685
v -6.330615 96.356674 32.921013
v 8.745772 95.518951 34.551655
v 22.382761 91.947945 34.087124
v -15.293562 87.412674 21.317883
v -4.773254 90.282196 14.876220
v 10.324018 89.417000 16.464304
v 19.048466 85.860268 25.766468
v -17.053442 75.567390 -6.250374
v -3.669339 77.798195 -7.312691
v 11.436277 76.717659 -6.035402
v 24.155720 72.619431 -3.093757
v -15.086021 41.844330 -18.142967
v -2.368344 40.519398 -13.797068
v 7.965743 39.503170 -11.244491
v 21.208694 41.153969 -15.193617
v -18.183104 24.255247 13.183313
v -10.738968 25.194061 14.676564
v -13.263295 32.771549 21.701942
v -20.642061 31.555809 20.182116
v 16.169775 29.169298 19.976822
v 23.903597 29.060944 18.859964
v 24.999069 38.829834 24.619736
v 17.269539 38.877346 25.738459
v -12.599155 6.623297 -10.577964
v -5.625411 6.843667 -8.293202
v -9.145077 4.517362 1.155982
v -15.853467 4.411598 -1.725122
v 13.770116 6.601999 1.371289
v 21.092236 6.762879 -0.396762
v 23.676510 4.937614 9.875874
v 16.357183 4.932794 11.665119
v -12.107545 0.574500 -12.542300
v -4.066737 0.661906 -9.020376
v -8.905144 -0.822857 5.273370
v -19.494909 -0.899148 0.190559
v 12.712695 0.725937 0.148739
v 21.478619 0.740757 -1.994826
v 26.446995 -0.491720 12.351707
v 14.995047 -0.391264 15.175930
v -24.920822 5.983916 13.790166
v -16.586115 5.977564 17.893160
v -25.227087 2.499072 14.411963
v -16.891235 2.493024 18.512630
v 19.880304 5.395337 29.573313
v 28.894939 5.319703 27.329767
v 19.921978 1.863492 29.907570
v 28.939840 1.792870 27.676840
v 31.284363 94.956070 8.813432
v 30.070805 87.330025 13.592573
v 37.735142 99.078079 16.451080
v 37.587223 91.018936 20.231762
v -20.724823 97.708488 2.013998
v -22.028067 90.168037 7.462283
v -30.282726 95.692833 11.430714
v -27.652826 103.504112 8.044057
v 50.033062 71.018875 3.417234
v 45.690563 65.919044 10.531348
v 52.463970 72.444427 5.922986
v 48.121380 67.343369 13.037924
v -42.015816 78.073196 -8.090469
v -40.741310 72.463402 -0.190652
v -43.360176 74.458275 1.648454
v -44.634682 80.068069 -6.251364
v -8.096434 89.152046 51.004288
v 7.540531 89.740158 51.672512
v 10.578165 101.256935 40.439041
v -11.118916 100.141319 39.259689
v -8.769501 105.480209 65.184738
v 6.055853 106.481972 65.483749
v 4.998893 120.351631 54.166874
v -9.133848 119.396675 53.881836
v -17.285780 51.290169 -10.003769
v -15.740131 52.972969 -20.717276
v -2.589405 53.656876 -21.820774
v 9.177509 52.871498 -20.818539
v 22.000582 51.192684 -18.161221
v 21.268417 49.220589 -7.322301
v 8.929876 47.706280 -3.298331
v -5.746396 48.765965 -4.304851
v -12.163804 49.580540 -8.641936
v -12.334116 48.835285 -7.654748
v -5.289528 47.708973 -6.993976
v -12.522715 50.447346 -6.729109
v -17.423634 49.527672 -11.375367
v 1.524677 46.176769 -6.071988
v 1.484762 46.239712 -6.683807
v 8.390317 46.615620 -6.325128
v 1.612784 47.498444 -3.277184
v 15.404430 48.278522 -7.263720
v 15.666553 48.557022 -6.496941
v 21.256470 48.256794 -9.152123
v 15.866512 48.606850 -4.774811
v -14.692769 66.515953 13.708096
v -14.712801 59.278259 2.897131
v -8.484487 62.326870 16.090357
v -14.359679 73.894485 24.438906
v -18.726654 71.123177 11.157716
v 0.893011 60.837345 16.074377
v 1.018501 53.294342 6.819500
v 10.225835 61.110107 17.847797
v 0.488428 70.456978 26.842205
v 17.341068 64.436607 16.758846
v 17.873938 56.838676 5.470996
v 22.631933 68.373642 15.289598
v 15.948022 72.172997 27.745760
v -13.577903 79.547356 32.913334
v -6.696687 78.813484 35.843597
v -14.655404 85.837555 38.325466
v -20.994057 81.183647 27.256237
v -0.046340 77.976776 35.984142
v 6.538790 78.057266 37.239738
v -0.108239 85.263031 42.714443
v 13.876026 78.031036 35.970917
v 22.445784 78.825905 32.587345
v 14.238091 84.275452 41.608742
v -14.338234 92.242363 36.903221
v -6.198040 92.141190 38.247036
v -14.512438 96.953346 32.346508
v -21.328451 89.967407 30.416359
v -1.780658 111.659973 67.322945
v -1.344776 105.709953 65.645332
v 6.752871 113.262115 62.904457
v -2.166937 121.655014 52.989292
v -11.204041 112.037010 62.555721
v 14.981973 90.641190 40.235977
v 23.168587 87.469345 35.921734
v 16.794821 95.248573 35.971050
v 7.040778 91.536957 39.615047
v -12.355008 94.567001 25.208065
v -5.606934 95.989601 25.879292
v -12.303798 89.939728 15.491897
v -16.556971 92.438667 25.048990
v 1.940246 95.556213 26.673029
v 0.876836 97.806099 35.497208
v 9.500061 95.126755 27.474792
v 2.776317 89.849792 15.671758
v 16.168411 93.047913 28.456448
v 20.323486 90.741249 29.710178
v 17.699961 88.262726 18.811289
v -11.856909 83.879631 4.015566
v -4.067879 83.967110 3.913245
v -11.314972 77.913422 -7.367162
v -17.474869 81.498207 5.286990
v 3.493023 83.480614 4.641473
v 11.027851 83.009209 5.358091
v 3.904495 77.071350 -7.145721
v 18.681707 81.912849 6.958270
v 23.937363 78.984787 9.316265
v 18.918558 75.645866 -4.992527
v -9.370902 47.312855 -22.086607
v -9.819492 53.307510 -22.403328
v -2.318959 48.360611 -21.650686
v -9.050927 41.808701 -19.403786
v -15.322326 46.951096 -20.734676
v 3.160369 48.174313 -20.820963
v 3.306228 54.022663 -21.223690
v 8.670368 47.203857 -20.414091
v 3.043714 43.054756 -18.374561
v 15.749720 45.815475 -19.895599
v 16.390522 51.835976 -20.412704
v 21.445702 45.597820 -18.135712
v 15.356359 40.348763 -16.384733
v -10.468651 -0.430515 -5.237240
v -7.182861 0.978949 -13.048583
v -5.105034 -0.182890 -2.904241
v -14.220810 -0.917995 2.756436
v -15.777885 -0.309295 -7.725665
v 1.696013 46.957695 -5.283806
v 9.846963 39.718506 2.766917
v -4.938873 38.333721 -1.065371
v 18.626242 -0.110699 5.193601
v 16.554291 1.023865 -3.182914
v 24.345232 -0.026949 3.722026
v 20.723667 -0.460944 13.783752
v 12.892560 -0.017248 6.537234
v 22.809126 46.712502 -13.875341
v 22.715754 44.326263 -11.773588
v 23.216724 50.204617 -13.012012
v 25.415623 73.554504 11.841961
v 25.517042 67.023941 0.070240
v 19.939459 82.182060 25.852732
v 47.303555 68.105606 6.559879
v 51.445137 72.096230 3.741643
v 50.276260 69.848885 9.624108
v 46.134769 65.859047 12.441776
v -17.826935 47.844341 -16.491280
v -17.720690 44.481544 -14.219234
v -18.126844 52.168411 -15.882506
v -20.167057 76.462524 7.267801
v -19.834936 70.433800 -3.490349
v -16.215992 83.787216 21.446222
v -40.824345 74.781868 -4.407926
v -41.646336 72.571564 1.546831
v -44.026897 77.221352 -2.158924
v -43.204903 79.431664 -8.113681
v -10.916732 30.661194 -3.378743
v -7.347918 32.368790 -0.543336
v -14.075925 24.159096 13.266728
v -16.284777 31.114429 -1.989708
v -7.073126 37.522186 3.196180
v -10.380495 42.215065 6.698773
v -10.646670 29.260921 18.801765
v -14.980017 43.901283 6.280014
v -19.351702 41.230415 5.127500
v -17.335806 33.955101 22.342527
v -19.057215 36.053364 1.231567
v -20.539782 27.755672 16.822645
v 17.306469 32.283695 1.464729
v 22.505304 33.622345 2.602743
v 19.779678 28.257099 18.933054
v 13.147639 33.797104 3.891965
v 24.114597 39.385029 4.965094
v 23.372686 45.167229 8.035521
v 25.534119 34.158543 21.902054
v 18.440912 47.369808 8.618142
v 14.025663 45.411980 9.341684
v 21.162994 40.748363 26.226322
v 11.887932 39.697075 6.759749
v 15.421300 34.238613 23.285292
v -13.517071 22.469265 0.878662
v -9.497329 22.000729 3.076411
v -8.592732 7.352383 -11.237311
v -17.610245 20.578447 2.425094
v -7.770178 18.077162 7.791333
v -9.082726 14.043567 12.512463
v -5.898373 5.487980 -3.549837
v -12.923736 11.725250 13.497999
v -17.153955 12.538510 11.929900
v -13.889580 4.449358 2.390301
v -18.627893 16.133734 7.050064
v -14.995371 5.071805 -6.843646
v 17.847395 23.698318 7.861292
v 22.478703 23.288954 8.786039
v 16.988798 7.125583 -1.316656
v 14.292300 22.803417 10.688496
v 25.124294 20.132345 13.832037
v 25.396128 17.243494 19.552389
v 23.451748 5.569633 4.102775
v 21.660122 15.869566 21.921719
v 17.201769 16.937986 21.414619
v 20.734043 4.951341 13.616158
v 14.420322 19.624594 16.315191
v 13.885695 5.450738 6.427520
v -7.451702 4.087110 -12.833844
v -4.232872 3.734107 -8.950239
v -12.338014 3.584650 -12.275836
v -5.077284 2.685645 -2.962723
v -8.799438 1.975255 5.096436
v -21.694942 6.127727 17.755733
v -20.668949 6.937613 15.670068
v -26.987648 6.128358 15.152364
v -21.142933 1.544381 16.632376
v -16.402239 6.127095 20.359102
v -15.804566 2.493350 -7.571896
v -19.395395 1.899476 0.039854
v 16.609264 4.074690 -2.955403
v 21.529987 3.731640 -1.797584
v 12.763448 3.680411 0.341452
v 24.380844 2.818357 3.805705
v 26.453274 2.312536 12.286470
v 24.899357 5.293353 30.524387
v 24.376503 6.320071 28.361414
v 19.174894 5.345720 31.945059
v 24.442833 0.857965 28.885944
v 30.623037 5.250925 29.100096
v 12.926497 2.786061 6.606593
v 15.001160 2.403808 15.104253
v -17.381199 5.407023 9.039479
v -22.076786 5.436152 6.740505
v -12.713490 5.416070 11.348301
v -22.878855 2.788535 6.820307
v -23.076982 0.019044 7.225646
v -17.764755 0.001574 9.811514
v -12.473109 0.008532 12.406722
v -12.275305 2.770125 12.013438
v 22.548746 5.564649 20.998734
v 17.494276 5.616046 22.267714
v 27.603487 5.524417 19.732920
v 16.846222 2.942113 22.626787
v 16.866537 0.136988 22.834026
v 22.593733 0.077411 21.426620
v 28.321413 0.029654 20.026623
v 28.294752 2.828667 19.789902
v 24.739136 88.216049 18.159781
v 23.527473 92.664459 19.479628
v 29.933855 90.401031 9.845786
v 27.701811 84.564087 18.757242
v 25.877504 94.705734 22.306580
v 29.658775 95.103943 25.452166
v 34.105812 97.850143 12.042418
v 32.146091 91.172775 25.602858
v 33.673714 86.964241 24.814672
v 38.691936 95.128899 18.347357
v 30.880503 84.809937 21.537859
v 33.288944 88.253502 17.261480
v -18.026533 90.320671 12.672228
v -21.698149 87.315407 12.491077
v -20.599863 92.955139 3.470003
v -16.489851 94.396843 14.331868
v -25.504673 88.161385 14.552427
v -28.603331 90.868446 17.380106
v -25.868876 91.955681 9.977335
v -26.588989 94.711952 18.553293
v -23.423895 98.128647 18.871353
v -29.909229 99.916260 9.487206
v -19.112974 96.910439 16.603603
v -23.417690 101.363220 4.633027
v 34.957130 81.958138 8.031447
v 38.139530 85.695251 5.479458
v 33.934799 79.897690 12.800453
v 41.165577 88.203270 7.526932
v 44.347664 89.695625 11.913125
v 42.676186 86.686989 15.844552
v 40.272991 83.640091 19.231483
v 36.174385 80.900703 16.426558
v -26.614546 85.778389 0.321282
v -27.249998 83.727654 5.195770
v -28.189854 90.034851 -2.913148
v -30.047653 85.345192 8.132795
v -34.032539 89.099083 9.733508
v -34.718216 92.653069 5.833633
v -34.562584 95.869133 1.788979
v -30.925257 93.345642 -1.650274
v -0.261706 81.851601 47.157890
v 6.189866 89.377907 44.058220
v -0.292504 87.172356 53.134735
v -6.281579 89.572960 42.979523
v 8.900777 92.351685 42.123863
v 6.731925 96.783257 38.911144
v 11.802007 95.590736 46.222561
v 0.489538 99.690552 37.119125
v -5.704955 96.932983 37.829128
v -0.244094 101.445618 39.376060
v -8.536374 92.593033 40.640965
v -12.320135 94.632729 45.100494
v -0.767070 97.710030 62.587940
v 9.799279 101.602310 61.784119
v -11.671203 100.151535 61.351086
v 11.038753 108.407944 55.029961
v 9.179040 113.441048 47.905857
v -1.509410 114.029396 45.935799
v -12.092044 112.003754 47.476845
v -13.542485 106.746979 54.534191
v -18.915607 62.813480 -10.665843
v -17.598028 59.672836 -4.452022
v -16.469679 65.436180 -15.823853
v -10.681166 66.611176 -17.928503
v -3.205753 66.151321 -17.862835
v 3.706540 66.575081 -17.032040
v 10.552613 65.588150 -16.830278
v 17.957611 64.910172 -15.957566
v 23.353992 63.047237 -13.270186
v 24.598066 60.149746 -7.710263
v 22.209419 57.163532 -1.833244
v 17.146297 56.075687 1.784555
v 10.903588 55.104107 3.287896
v 1.681383 56.181168 2.821502
v -7.538840 56.086761 1.755293
v -13.374788 57.859905 -0.499745
v 54.022175 54.910343 8.373915
v 54.544445 54.869556 10.487110
v 56.008553 57.421844 4.310866
v 57.457470 58.271523 5.804390
v 58.731239 60.441887 0.658545
v 60.303051 61.633957 1.052156
v 61.467094 62.046268 3.478633
v 59.096558 59.232738 7.493947
v 56.758030 56.514725 11.194002
v -53.119308 70.936401 -13.082638
v -51.786160 69.430000 -13.088164
v -50.749641 66.055534 -8.915423
v -52.274269 67.216896 -7.844746
v -50.404099 63.346790 -4.521680
v -51.429218 63.497387 -2.606862
v -53.351494 65.591919 -2.451855
v -54.076405 68.589645 -6.579186
v -54.733551 71.675125 -11.018351
vt 0.208431 0.494797
vt 0.208575 0.478116
vt 0.229443 0.475893
vt 0.229271 0.493426
vt 0.252729 0.492198
vt 0.256170 0.471571
vt 0.275357 0.475888
vt 0.275429 0.493819
vt 0.298111 0.492176
vt 0.294163 0.471736
vt 0.321331 0.475953
vt 0.321541 0.493432
vt 0.198757 0.641525
vt 0.200055 0.589825
vt 0.221664 0.590600
vt 0.219751 0.640956
vt 0.244967 0.639373
vt 0.247968 0.591507
vt 0.275466 0.591669
vt 0.275481 0.635804
vt 0.305994 0.639365
vt 0.302966 0.591494
vt 0.329276 0.590573
vt 0.331197 0.640955
vt 0.199789 0.728809
vt 0.197393 0.704590
vt 0.219517 0.692482
vt 0.227784 0.730211
vt 0.252859 0.733034
vt 0.249003 0.687406
vt 0.275511 0.688085
vt 0.275516 0.730408
vt 0.298175 0.733010
vt 0.302021 0.687396
vt 0.331536 0.692451
vt 0.323246 0.730162
vt 0.805511 0.686057
vt 0.204711 0.752714
vt 0.229559 0.760254
vt 0.782889 0.696424
vt 0.784986 0.875584
vt 0.254181 0.941082
vt 0.275435 0.940431
vt 0.742298 0.896742
vt 0.699334 0.736241
vt 0.297037 0.807427
vt 0.321459 0.760204
vt 0.696358 0.696343
vt 0.808954 0.641287
vt 0.805193 0.664541
vt 0.784300 0.671779
vt 0.785729 0.644267
vt 0.763331 0.647822
vt 0.762442 0.673765
vt 0.742276 0.741120
vt 0.739609 0.647377
vt 0.715889 0.647774
vt 0.716786 0.673709
vt 0.694936 0.671695
vt 0.693494 0.644181
vt 0.806875 0.557726
vt 0.810121 0.617205
vt 0.790367 0.607046
vt 0.787575 0.557696
vt 0.763367 0.556090
vt 0.764746 0.603486
vt 0.739627 0.603152
vt 0.739688 0.556093
vt 0.716014 0.556064
vt 0.714496 0.603455
vt 0.688836 0.606971
vt 0.691820 0.557642
vt 0.803405 0.420481
vt 0.802841 0.435733
vt 0.782960 0.432290
vt 0.783371 0.416064
vt 0.759505 0.410786
vt 0.759570 0.428509
vt 0.739756 0.426992
vt 0.739743 0.409699
vt 0.720007 0.410786
vt 0.719946 0.428500
vt 0.696571 0.432245
vt 0.696182 0.416016
vt 0.819305 0.093413
vt 0.797386 0.086157
vt 0.790779 0.072322
vt 0.822344 0.073237
vt 0.265809 0.416173
vt 0.762697 0.377789
vt 0.739788 0.389948
vt 0.275377 0.462947
vt 0.364323 0.097210
vt 0.342669 0.089884
vt 0.336664 0.075169
vt 0.367299 0.076188
vt 0.342559 0.494848
vt 0.342402 0.478170
vt 0.366070 0.480227
vt 0.366198 0.495669
vt 0.352247 0.641476
vt 0.350872 0.589816
vt 0.374237 0.588973
vt 0.374011 0.638442
vt 0.936729 0.462892
vt 0.940585 0.464321
vt 0.946953 0.476690
vt 0.936605 0.482861
vt 0.804780 0.405462
vt 0.824266 0.410023
vt 0.823186 0.423812
vt 0.805355 0.509178
vt 0.825584 0.509339
vt 0.825621 0.554997
vt 0.118742 0.522844
vt 0.058006 0.517789
vt 0.074507 0.510871
vt 0.084702 0.516921
vt 0.822269 0.350445
vt 0.784755 0.399833
vt 0.805305 0.347137
vt 0.793942 0.336256
vt 0.777469 0.322538
vt 0.236211 0.409364
vt 0.220899 0.415267
vt 0.203041 0.415110
vt 0.182178 0.419746
vt 0.685950 0.336155
vt 0.717407 0.377787
vt 0.694840 0.399772
vt 0.674409 0.347030
vt 0.657366 0.350391
vt 0.674734 0.405426
vt 0.637625 0.358046
vt 0.347747 0.415166
vt 0.329799 0.415381
vt 0.314324 0.409429
vt 0.706215 0.336018
vt 0.292514 0.404556
vt 0.870618 0.237836
vt 0.844433 0.293934
vt 0.832214 0.287148
vt 0.858351 0.228645
vt 0.844944 0.223065
vt 0.821107 0.280742
vt 0.243727 0.342391
vt 0.826584 0.212775
vt 0.214622 0.282882
vt 0.224361 0.346790
vt 0.210147 0.349538
vt 0.199596 0.284960
vt 0.184434 0.288656
vt 0.194986 0.352422
vt 0.864110 0.304875
vt 0.163133 0.290367
vt 0.634803 0.222910
vt 0.658751 0.280554
vt 0.647480 0.287052
vt 0.621343 0.228556
vt 0.609012 0.237734
vt 0.635143 0.293889
vt 0.375465 0.356065
vt 0.590820 0.249121
vt 0.366326 0.288752
vt 0.355651 0.352469
vt 0.340563 0.349608
vt 0.351134 0.285011
vt 0.336042 0.282967
vt 0.326383 0.346874
vt 0.678330 0.268182
vt 0.315081 0.275917
vt 0.789900 0.091626
vt 0.894734 0.181072
vt 0.223763 0.023658
vt 0.779683 0.072008
vt 0.205625 0.023651
vt 0.212375 0.030485
vt 0.208733 0.046428
vt 0.818124 0.043214
vt 0.919973 0.054113
vt 0.218394 0.124576
vt 0.231547 0.124829
vt 0.925982 0.076298
vt 0.853028 0.105343
vt 0.173602 0.224408
vt 0.245023 0.044913
vt 0.815784 0.102925
vt 0.335499 0.095534
vt 0.609223 0.166963
vt 0.147562 0.023794
vt 0.325939 0.074804
vt 0.129108 0.019171
vt 0.133886 0.026698
vt 0.125138 0.040618
vt 0.363323 0.044920
vt 0.461211 0.056389
vt 0.114656 0.083148
vt 0.128082 0.110700
vt 0.466974 0.079440
vt 0.396801 0.109583
vt 0.345740 0.218419
vt 0.158805 0.046562
vt 0.361009 0.107136
vt 0.212264 0.093809
vt 0.204982 0.218327
vt 0.226791 0.056935
vt 0.229179 0.093286
vt 0.246067 0.092223
vt 0.255137 0.092099
vt 0.884191 0.095549
vt 0.853655 0.095653
vt 0.854753 0.074189
vt 0.884265 0.075061
vt 0.885799 0.054616
vt 0.855335 0.052709
vt 0.203340 0.068369
vt 0.888472 0.044995
vt 0.116537 0.064410
vt 0.377147 0.224500
vt 0.136900 0.057215
vt 0.135301 0.068971
vt 0.159593 0.072808
vt 0.169578 0.075371
vt 0.426769 0.099419
vt 0.397393 0.099512
vt 0.398467 0.077209
vt 0.426850 0.078134
vt 0.428347 0.056895
vt 0.399054 0.054890
vt 0.111199 0.052142
vt 0.430928 0.046902
vt 0.398347 0.732496
vt 0.353774 0.704759
vt 0.655189 0.607952
vt 0.404645 0.715309
vt 0.625247 0.642548
vt 0.669008 0.617360
vt 0.670290 0.641156
vt 0.629866 0.657272
vt 0.633967 0.675274
vt 0.674058 0.664432
vt 0.345812 0.774768
vt 0.637449 0.692485
vt 0.387906 0.765553
vt 0.346295 0.752641
vt 0.351218 0.728717
vt 0.392980 0.747350
vt 0.854032 0.642643
vt 0.181252 0.694641
vt 0.859345 0.625630
vt 0.152631 0.732602
vt 0.157999 0.747449
vt 0.163074 0.765647
vt 0.167481 0.783084
vt 0.845329 0.675366
vt 0.849419 0.657366
vt 0.462802 0.754848
vt 0.433121 0.744888
vt 0.586158 0.633072
vt 0.469035 0.736153
vt 0.562716 0.661102
vt 0.591598 0.653084
vt 0.596668 0.669873
vt 0.567525 0.676181
vt 0.573571 0.695803
vt 0.602326 0.689166
vt 0.414557 0.801264
vt 0.575415 0.714705
vt 0.450039 0.789809
vt 0.420413 0.781867
vt 0.427222 0.762131
vt 0.457315 0.770152
vt 0.916571 0.661069
vt 0.887682 0.653104
vt 0.112049 0.724515
vt 0.922852 0.642462
vt 0.088177 0.754903
vt 0.117860 0.744959
vt 0.123753 0.762207
vt 0.093657 0.770210
vt 0.100926 0.789871
vt 0.130556 0.781946
vt 0.872833 0.708772
vt 0.104321 0.808576
vt 0.905760 0.695791
vt 0.876995 0.689207
vt 0.882631 0.669903
vt 0.911782 0.676158
vt 0.245118 0.820265
vt 0.256063 0.761423
vt 0.275458 0.816348
vt 0.275456 0.817082
vt 0.305796 0.819611
vt 0.322444 0.827635
vt 0.716707 0.746651
vt 0.742277 0.751635
vt 0.767846 0.746640
vt 0.232576 0.815700
vt 0.789238 0.746868
vt 0.242805 0.909093
vt 0.242913 0.847487
vt 0.275453 0.850080
vt 0.275444 0.899369
vt 0.308078 0.909112
vt 0.307992 0.847504
vt 0.685718 0.768892
vt 0.335635 0.923345
vt 0.710517 0.826756
vt 0.709025 0.772272
vt 0.742280 0.767854
vt 0.742288 0.823907
vt 0.774059 0.826743
vt 0.775535 0.772258
vt 0.216918 0.852154
vt 0.800161 0.835727
vt 0.803587 0.472219
vt 0.184266 0.511368
vt 0.823748 0.473030
vt 0.786007 0.508646
vt 0.783967 0.470951
vt 0.760849 0.468488
vt 0.762764 0.507838
vt 0.739729 0.507585
vt 0.739749 0.469813
vt 0.718652 0.468468
vt 0.716699 0.507812
vt 0.693463 0.508589
vt 0.695538 0.470900
vt 0.347089 0.550471
vt 0.343449 0.511536
vt 0.656251 0.437958
vt 0.370672 0.549455
vt 0.305626 0.550928
vt 0.300328 0.509969
vt 0.323635 0.511057
vt 0.326613 0.553291
vt 0.245263 0.550946
vt 0.250519 0.509979
vt 0.275426 0.509223
vt 0.275447 0.553833
vt 0.203857 0.550446
vt 0.207534 0.511493
vt 0.227207 0.511082
vt 0.224277 0.553331
vt 0.296688 0.941095
vt 0.317831 0.963343
vt 0.722395 0.859395
vt 0.742293 0.859091
vt 0.762190 0.859387
vt 0.672412 0.557619
vt 0.673996 0.509116
vt 0.676597 0.435714
vt 0.676064 0.420456
vt 0.798456 0.058765
vt 0.820876 0.052919
vt 0.343747 0.061021
vt 0.365907 0.055032
vt 0.963235 0.483911
vt 0.902883 0.489040
vt 0.909072 0.482168
vt 0.925033 0.475729
vt 0.931354 0.463643
vt 0.080884 0.498420
vt 0.084741 0.496992
vt 0.090126 0.497750
vt 0.096539 0.509638
vt 0.112499 0.516024
vt 0.245369 0.109349
vt 0.249130 0.116712
vt 0.914174 0.091435
vt 0.914507 0.075957
vt 0.915392 0.060496
vt 0.143488 0.116794
vt 0.145270 0.126440
vt 0.455609 0.095160
vt 0.455938 0.079081
vt 0.456800 0.063019
vt 0.982240 0.434188
vt 0.963585 0.427947
vt 0.946509 0.423110
vt 0.890921 0.433118
vt 0.882130 0.436526
vt 0.926679 0.423006
vt 0.909612 0.427375
vt 0.937930 0.422313
vt 0.075163 0.457134
vt 0.058225 0.461798
vt 0.039557 0.467684
vt 0.094859 0.456979
vt 0.083682 0.456346
vt 0.130564 0.466891
vt 0.111877 0.461251
vt 0.033116 0.470128
vt 0.675805 0.472192
vt 0.653419 0.509254
vt 0.655248 0.472962
vt 0.367019 0.511392
vt 0.176921 0.588998
vt 0.180547 0.549455
vt 0.822760 0.437993
vt 0.233028 0.963316
vt 0.215241 0.923308
vt 0.798841 0.768868
vt 0.699605 0.875602
vt 0.684417 0.835751
vt 0.333987 0.852188
vt 0.228471 0.827609
vt 0.254212 0.785439
vt 0.759269 0.697501
vt 0.785216 0.736222
vt 0.695315 0.746888
vt 0.719972 0.697428
vt 0.296799 0.785396
vt 0.318344 0.815723
vt 0.903939 0.714697
vt 0.136407 0.801345
vt 0.081951 0.736203
vt 0.893090 0.633076
vt 0.446638 0.808511
vt 0.606509 0.708725
vt 0.556410 0.642507
vt 0.438944 0.724452
vt 0.841861 0.692578
vt 0.205190 0.774839
vt 0.146366 0.715395
vt 0.823906 0.608060
vt 0.383498 0.782992
vt 0.673752 0.685953
vt 0.619881 0.625562
vt 0.369876 0.694574
vt 0.624476 0.158216
vt 0.327082 0.211968
vt 0.653476 0.212425
vt 0.306569 0.342322
vt 0.153133 0.050558
vt 0.361352 0.222428
vt 0.125968 0.045756
vt 0.396618 0.225899
vt 0.569871 0.190223
vt 0.388031 0.290471
vt 0.615162 0.304972
vt 0.596954 0.173816
vt 0.584932 0.180968
vt 0.909456 0.190131
vt 0.154402 0.225852
vt 0.888489 0.249012
vt 0.175675 0.355943
vt 0.241882 0.047343
vt 0.189385 0.222364
vt 0.213528 0.046751
vt 0.223402 0.212053
vt 0.855547 0.158550
vt 0.235225 0.276013
vt 0.801766 0.268578
vt 0.882733 0.173912
vt 0.870470 0.167071
vt 0.702590 0.322102
vt 0.284431 0.416033
vt 0.369025 0.419829
vt 0.654789 0.409992
vt 0.841623 0.358035
vt 0.185243 0.480200
vt 0.257695 0.404697
vt 0.773758 0.336466
vt 0.177136 0.638471
vt 0.185108 0.495641
vt 0.653403 0.554919
vt 0.655840 0.423782
vt 0.740026 0.329135
vt 0.739609 0.679991
vt 0.717946 0.727940
vt 0.321543 0.784229
vt 0.275425 0.981496
vt 0.229466 0.784279
vt 0.766602 0.727930
vt 0.275513 0.766895
vt 0.294962 0.761394
vt 0.158494 0.031032
vt 0.235614 0.029385
vt 0.253884 0.807420
vt 0.968218 0.693073
vt 0.970279 0.686813
vt 0.964692 0.720144
vt 0.041234 0.817480
vt 0.965692 0.701614
vt 0.035620 0.790589
vt 0.038855 0.799577
vt 0.026837 0.766821
vt 0.976742 0.669618
vt 0.033170 0.783659
vt 0.515345 0.790561
vt 0.512107 0.799546
vt 0.509721 0.817448
vt 0.514670 0.720260
vt 0.513647 0.701731
vt 0.511110 0.693195
vt 0.509040 0.686939
vt 0.502555 0.669755
vt 0.524137 0.766797
vt 0.517798 0.783632
vt 0.052820 0.522857
vt 0.139366 0.470253
vt 0.968347 0.489050
vt 0.988625 0.436785
vt 0.108883 0.091107
vt 0.106409 0.062482
vt 0.399209 0.044805
vt 0.459518 0.102060
vt 0.428604 0.109556
vt 0.167704 0.057128
vt 0.215342 0.132259
vt 0.203222 0.094543
vt 0.855471 0.043005
vt 0.918242 0.098075
vt 0.886101 0.105305
vt 0.255511 0.067846
vt 0.169019 0.047690
vt 0.166893 0.025823
vt 0.125973 0.120002
vt 0.337008 0.054912
vt 0.115292 0.038211
vt 0.149847 0.015689
vt 0.254586 0.043904
vt 0.241676 0.021944
vt 0.231922 0.132778
vt 0.791425 0.052872
vt 0.199112 0.046316
vt 0.223332 0.014444
vn -0.302818 0.772609 0.558011
vn -0.302818 0.772609 0.558011
vn -0.281689 0.574630 0.768408
vn -0.288327 0.621970 0.728025
vn -0.188907 -0.566171 0.802350
vn 0.268128 0.781205 0.563761
vn -0.143275 0.736054 0.661587
vn -0.215692 -0.968923 0.121101
vn 0.019880 -0.367854 -0.929671
vn -0.305168 0.900414 0.310044
vn 0.025081 0.890607 -0.454081
vn 0.017794 0.763666 -0.645367
vn -0.933301 -0.268363 0.238600
vn -0.924127 -0.340303 0.173736
vn -0.703819 -0.631437 0.325463
vn -0.713263 -0.567306 0.411607
vn -0.360918 -0.744153 0.562116
vn -0.358866 -0.857472 0.368723
vn -0.095700 -0.925136 0.367375
vn -0.107883 -0.783666 0.611743
vn 0.155763 -0.782189 0.603257
vn 0.169218 -0.901687 0.397902
vn 0.529564 -0.743465 0.408437
vn 0.530071 -0.668954 0.521081
vn -0.671467 -0.732505 0.112109
vn -0.819889 -0.569564 0.058119
vn -0.661473 -0.594921 0.456644
vn -0.450874 -0.657858 0.603271
vn -0.241246 -0.644732 0.725342
vn -0.272772 -0.740315 0.614433
vn -0.111024 -0.760777 0.639447
vn -0.115637 -0.679213 0.724774
vn 0.007162 -0.661062 0.750297
vn 0.055592 -0.761623 0.645631
vn 0.466525 -0.673525 0.573340
vn 0.220132 -0.699498 0.679885
vn -0.750112 0.344374 0.564570
vn -0.798416 -0.310402 0.515928
vn -0.426705 -0.217197 0.877923
vn -0.375920 0.446861 0.811788
vn -0.675195 0.503128 0.539420
vn -0.512695 -0.186843 0.837994
vn -0.002798 -0.242713 0.970094
vn -0.056964 0.568431 0.820757
vn 0.353914 0.366110 0.860644
vn -0.013356 -0.353425 0.935367
vn 0.169564 -0.252598 0.952598
vn 0.206532 0.409075 0.888821
vn 0.223986 0.959284 -0.172062
vn -0.474958 0.802489 0.361147
vn -0.304714 0.912288 0.273642
vn -0.221059 0.889605 -0.399669
vn -0.010392 0.938118 -0.346161
vn -0.107478 0.993120 0.046484
vn 0.070815 0.985372 -0.155006
vn 0.089809 0.936509 -0.338949
vn 0.186821 0.927037 -0.325116
vn 0.199304 0.977619 0.067373
vn 0.316380 0.882282 0.348542
vn 0.402732 0.853266 -0.331277
vn -0.757414 0.606279 -0.242383
vn -0.275013 0.837829 -0.471605
vn -0.350734 0.839111 -0.415785
vn -0.268197 0.857872 -0.438322
vn 0.039203 0.875419 -0.481773
vn 0.016054 0.881142 -0.472579
vn 0.100062 0.875548 -0.472656
vn 0.101769 0.869461 -0.483405
vn 0.166248 0.866070 -0.471470
vn 0.184165 0.870690 -0.456051
vn 0.519121 0.788843 -0.328999
vn 0.445495 0.810952 -0.379331
vn -0.529995 -0.041513 -0.846984
vn -0.600970 0.165824 -0.781880
vn -0.112640 0.210551 -0.971072
vn -0.082186 -0.040487 -0.995794
vn 0.096912 -0.043192 -0.994355
vn 0.073763 0.213195 -0.974221
vn 0.092519 0.217545 -0.971655
vn 0.088866 -0.062177 -0.994101
vn 0.053155 -0.079185 -0.995442
vn 0.093372 0.190561 -0.977225
vn 0.238806 0.177574 -0.954693
vn 0.180006 -0.081618 -0.980274
vn 0.030937 -0.995116 -0.093738
vn 0.056071 -0.987334 -0.148415
vn 0.073450 -0.987422 -0.140013
vn 0.050474 -0.994825 -0.088185
vn 0.921572 -0.159588 0.353888
vn 0.678711 -0.728269 -0.094740
vn 0.001577 -0.915541 -0.402222
vn -0.197513 -0.794096 0.574805
vn -0.028691 -0.997179 -0.069359
vn -0.037614 -0.992010 -0.120423
vn -0.029814 -0.991923 -0.123291
vn -0.021152 -0.996921 -0.075504
vn 0.955223 0.257851 0.145127
vn 0.955223 0.257851 0.145127
vn 0.955223 0.257851 0.145127
vn 0.955223 0.257851 0.145127
vn 0.824169 -0.410465 0.390211
vn 0.821015 -0.491031 0.291244
vn 0.997093 -0.074865 0.014182
vn 0.986636 -0.003147 0.162907
vn 0.622078 -0.764608 -0.168502
vn 0.622077 -0.764609 -0.168502
vn 0.622077 -0.764609 -0.168502
vn 0.622078 -0.764608 -0.168502
vn -0.862636 -0.277682 -0.422790
vn -0.862636 -0.277682 -0.422790
vn -0.862636 -0.277682 -0.422790
vn -0.862636 -0.277682 -0.422790
vn -0.664152 0.574899 -0.477906
vn -0.987472 0.086562 -0.131936
vn -0.989576 0.143826 0.007258
vn -0.707596 -0.625003 -0.329666
vn -0.707595 -0.625003 -0.329667
vn -0.707595 -0.625003 -0.329667
vn -0.707596 -0.625003 -0.329666
vn -0.137373 -0.864145 -0.484131
vn -0.165985 -0.808079 -0.565205
vn 0.081527 -0.842461 -0.532554
vn 0.143276 -0.871223 -0.469513
vn 0.958789 -0.234125 0.160967
vn 0.964728 -0.212561 0.155296
vn 0.575693 0.669186 0.469860
vn -0.051179 0.930493 0.362717
vn -0.122596 0.895549 0.427740
vn -0.996500 0.030805 -0.077712
vn -0.996070 0.044701 -0.076461
vn -0.996070 0.044701 -0.076461
vn -0.996439 0.033244 -0.077493
vn -0.308729 -0.914966 -0.259853
vn -0.263855 -0.909062 -0.322471
vn 0.014837 -0.924403 -0.381129
vn -0.028776 -0.943669 -0.329639
vn 0.962659 -0.223893 -0.152181
vn 0.959679 -0.232014 -0.158698
vn 0.959679 -0.232014 -0.158698
vn 0.963005 -0.222930 -0.151409
vn 0.372133 0.909859 0.183507
vn 0.257373 0.962298 0.087985
vn -0.024816 0.990316 0.136596
vn 0.024949 0.972692 0.230753
vn -0.659133 0.677285 0.326846
vn -0.922466 -0.237885 0.304083
vn -0.917292 0.213708 0.336013
vn -0.715744 0.475319 -0.511646
vn -0.696997 0.639823 -0.323761
vn -0.105064 0.970934 -0.215055
vn 0.003086 0.782730 -0.622354
vn 0.704278 0.639154 -0.308989
vn 0.597274 0.774319 -0.209031
vn 0.898242 -0.072976 0.433401
vn 0.983301 0.049110 0.175238
vn 0.636082 -0.393951 0.663477
vn 0.326831 -0.331455 0.885053
vn -0.049289 -0.398952 0.915646
vn -0.025145 -0.594101 0.803998
vn -0.723830 -0.467233 0.507703
vn -0.410034 -0.416362 0.811489
vn -0.962978 -0.232856 0.135837
vn -0.988469 -0.071998 -0.133212
vn -0.859381 0.386843 -0.334391
vn -0.802614 0.534356 -0.265092
vn -0.107192 0.893388 -0.436311
vn -0.192556 0.639178 -0.744563
vn 0.573526 0.502511 -0.646955
vn 0.524258 0.662436 -0.535100
vn 0.999937 0.005197 0.009956
vn 0.973078 0.074957 -0.217947
vn 0.849702 -0.218612 0.479807
vn 0.522520 -0.161244 0.837242
vn 0.172821 -0.182223 0.967950
vn 0.190259 -0.375957 0.906895
vn -0.540104 -0.301135 0.785879
vn -0.212612 -0.184197 0.959618
vn -0.841973 -0.130700 0.523450
vn -0.961014 -0.083665 0.263539
vn -0.180205 0.423799 -0.887649
vn -0.180205 0.423799 -0.887649
vn 0.255254 0.501883 -0.826413
vn 0.321166 0.505178 -0.801029
vn 0.923038 0.343571 0.173087
vn 0.923038 0.343571 0.173087
vn 0.923038 0.343571 0.173087
vn 0.923038 0.343571 0.173087
vn 0.025076 0.988658 0.148076
vn 0.025076 0.988658 0.148076
vn -0.053980 0.992420 0.110401
vn -0.053954 0.992420 0.110414
vn -0.764126 0.611002 -0.206853
vn -0.764126 0.611002 -0.206853
vn -0.764126 0.611002 -0.206853
vn -0.764126 0.611002 -0.206853
vn -0.613932 0.436390 -0.657762
vn -0.613932 0.436390 -0.657762
vn -0.204075 0.485153 -0.850282
vn -0.207516 0.485163 -0.849443
vn 0.868176 0.317262 -0.381596
vn 0.868176 0.317262 -0.381596
vn 0.868176 0.317262 -0.381596
vn 0.868176 0.317262 -0.381596
vn 0.144033 0.971520 0.188159
vn 0.144033 0.971520 0.188159
vn 0.060499 0.975869 0.209809
vn 0.060219 0.975871 0.209879
vn -0.779743 0.552620 0.294301
vn -0.779743 0.552620 0.294301
vn -0.779743 0.552620 0.294301
vn -0.779743 0.552620 0.294301
vn 0.004172 0.994160 -0.107834
vn 0.004172 0.994160 -0.107834
vn 0.039413 0.994708 -0.094886
vn 0.040752 0.994701 -0.094391
vn -0.735141 0.432181 -0.522290
vn -0.735141 0.432181 -0.522290
vn -0.735141 0.432181 -0.522290
vn -0.735141 0.432181 -0.522290
vn -0.053329 -0.993294 0.102583
vn -0.017294 -0.999700 0.017324
vn -0.004169 -0.999764 0.021317
vn -0.046650 -0.993626 0.102620
vn 0.893818 -0.002804 0.448420
vn 0.900951 -0.003378 0.433909
vn 0.901463 -0.003420 0.432843
vn 0.893818 -0.002804 0.448420
vn -0.030408 0.997775 -0.059331
vn -0.030408 0.997775 -0.059331
vn -0.010766 0.997737 -0.066365
vn -0.010688 0.997736 -0.066393
vn -0.894649 0.430862 0.118160
vn -0.894649 0.430862 0.118160
vn -0.894649 0.430862 0.118160
vn -0.894649 0.430862 0.118160
vn 0.005415 -0.997656 0.068221
vn -0.009590 -0.999871 0.012861
vn -0.004334 -0.999939 0.010202
vn 0.007530 -0.997695 0.067445
vn 0.971420 -0.009248 -0.237187
vn 0.971413 -0.007764 -0.237270
vn 0.971413 -0.007735 -0.237271
vn 0.971420 -0.009248 -0.237187
vn 0.006547 -0.863221 -0.504784
vn 0.718433 -0.655369 0.233120
vn -0.596863 -0.384437 -0.704246
vn -0.733124 -0.241549 -0.635754
vn -0.800722 0.471044 -0.370085
vn 0.478658 0.758376 -0.442439
vn -0.048444 0.977771 -0.204002
vn -0.514692 0.856624 -0.035890
vn 0.128237 0.870071 0.475953
vn 0.464627 0.725474 0.507749
vn 0.621162 0.236869 0.747028
vn 0.662004 0.273842 0.697683
vn 0.810119 -0.399067 0.429480
vn 0.590827 -0.401759 0.699652
vn 0.517663 -0.811946 0.269755
vn 0.568047 -0.821358 -0.051900
vn 0.941256 0.308933 -0.136374
vn 0.658757 -0.524540 -0.539348
vn 0.817338 -0.384852 -0.428775
vn -0.046021 -0.864841 -0.499933
vn -0.655443 -0.723334 -0.217215
vn -0.947498 -0.252506 0.196185
vn -0.756797 0.414316 0.505570
vn -0.068335 0.894434 0.441949
vn 0.669698 0.733908 0.113506
vn -0.814211 -0.577274 -0.061758
vn -0.702941 -0.667570 -0.245406
vn -0.726049 -0.146906 -0.671768
vn -0.635077 -0.374877 -0.675385
vn -0.197743 0.065061 -0.978092
vn -0.397913 0.527711 -0.750458
vn -0.024154 0.903148 -0.428649
vn 0.443536 0.530144 -0.722650
vn 0.858719 0.509625 -0.053708
vn 0.361903 0.931434 0.038158
vn 0.714151 0.324023 0.620482
vn 0.793574 0.179041 0.581537
vn 0.331210 -0.110682 0.937043
vn 0.604634 -0.110011 0.788869
vn -0.079561 -0.843475 0.531244
vn -0.481986 -0.448745 0.752541
vn 0.446415 -0.022423 -0.894545
vn 0.671132 0.402637 -0.622467
vn 0.826793 -0.317363 -0.464429
vn 0.688722 -0.525586 -0.499421
vn 0.659135 -0.740745 0.129761
vn 0.571484 -0.816920 -0.077769
vn -0.278641 -0.821207 0.497974
vn 0.148701 -0.505036 0.850192
vn -0.584966 0.010936 0.810984
vn -0.809224 0.046312 0.585673
vn -0.764545 0.491604 0.416888
vn -0.857115 0.365342 0.363151
vn -0.680951 0.680215 -0.271318
vn -0.136257 0.990371 -0.024491
vn 0.339827 0.860233 -0.380154
vn -0.122630 0.577923 -0.806825
vn -0.572895 -0.819401 -0.019306
vn -0.572895 -0.819401 -0.019306
vn -0.572895 -0.819401 -0.019306
vn -0.572895 -0.819401 -0.019306
vn 0.914901 -0.403149 -0.020688
vn 0.914900 -0.403149 -0.020688
vn 0.978033 -0.208208 -0.010083
vn 0.694033 0.292476 -0.657857
vn 0.077124 0.935503 -0.344798
vn 0.058214 0.677557 -0.733163
vn -0.563418 0.319024 -0.762092
vn -0.493082 0.390337 0.777501
vn -0.957036 -0.189016 -0.219897
vn -0.719142 -0.447924 0.531223
vn -0.662020 -0.641025 0.388352
vn 0.013009 -0.790548 0.612262
vn 0.018219 -0.622020 0.782790
vn 0.743545 -0.343367 0.573794
vn 0.675811 -0.581786 0.452553
vn 0.987221 -0.159046 -0.010002
vn 0.980417 0.140915 0.137573
vn 0.671197 0.537604 -0.510369
vn 0.691319 0.340795 -0.637132
vn 0.006752 0.497990 -0.867157
vn -0.012221 0.581298 -0.813599
vn -0.704833 0.450436 -0.548013
vn -0.663587 0.270443 -0.697505
vn -0.959715 -0.266738 -0.088308
vn -0.997621 0.004954 0.068758
vn -0.637796 0.384056 -0.667620
vn -0.977081 0.003596 -0.212839
vn -0.982993 0.044344 -0.178206
vn -0.170279 0.772160 -0.612188
vn -0.140297 0.516902 -0.844470
vn 0.056181 0.515689 -0.854932
vn 0.049394 0.783127 -0.619897
vn 0.100625 0.778937 -0.618976
vn 0.096433 0.540302 -0.835928
vn 0.134225 0.517908 -0.844840
vn 0.155034 0.783969 -0.601130
vn 0.359586 0.745640 -0.560998
vn 0.306305 0.499877 -0.810124
vn 0.802888 -0.464651 0.373458
vn 0.754954 -0.490338 0.435446
vn 0.990725 -0.130129 -0.039120
vn 0.994949 -0.095300 -0.031529
vn 0.124033 -0.876400 0.465338
vn 0.082595 -0.725824 0.682903
vn 0.338668 -0.715382 0.611174
vn 0.419629 -0.747883 0.514376
vn -0.293400 -0.840526 0.455449
vn -0.260270 -0.688608 0.676815
vn -0.096397 -0.691186 0.716219
vn -0.088881 -0.890553 0.446112
vn -0.901194 -0.333731 0.276538
vn -0.887352 -0.313651 0.337979
vn -0.499062 -0.623400 0.601921
vn -0.578433 -0.667097 0.469464
vn -0.271859 -0.896871 0.348878
vn -0.357542 -0.833643 0.420954
vn -0.931797 -0.259154 0.254153
vn 0.073854 -0.831822 -0.550107
vn 0.121447 -0.944568 0.305028
vn -0.092254 -0.920464 0.379784
vn 0.034935 0.998614 -0.039370
vn 0.034935 0.998614 -0.039370
vn 0.745071 -0.571727 0.343506
vn 0.189288 -0.954255 0.231448
vn -0.232886 -0.340893 0.910800
vn -0.113925 -0.550393 0.827097
vn 0.515472 -0.085200 0.852660
vn 0.566005 0.591093 0.574672
vn 0.462183 0.884044 0.069663
vn -0.067165 0.997621 -0.015554
vn -0.559911 0.826640 0.056275
vn 0.858467 0.499664 -0.115631
vn 0.803400 0.472741 -0.362029
vn 0.133895 -0.612303 -0.779203
vn 0.165382 -0.556933 -0.813925
vn 0.149645 -0.553370 -0.819383
vn -0.179091 -0.445440 -0.877217
vn -0.179091 -0.445440 -0.877217
vn -0.034773 -0.680739 -0.731700
vn -0.653181 -0.753937 -0.070234
vn 0.229062 -0.661610 -0.714005
vn -0.134494 -0.615456 -0.776612
vn 0.703918 0.102721 -0.702814
vn 0.601751 -0.086480 -0.793988
vn 0.233963 -0.540911 -0.807884
vn 0.233963 -0.540911 -0.807884
vn -0.117960 -0.644083 -0.755806
vn -0.105806 -0.641946 -0.759414
vn 0.090662 -0.987145 -0.131628
vn 0.067002 -0.994707 -0.077902
vn 0.009056 -0.999658 0.024521
vn -0.021937 -0.991765 -0.126178
vn -0.012789 -0.996948 -0.077012
vn 0.000839 -0.999975 0.007075
vn 0.947859 -0.217715 -0.232731
vn 0.947859 -0.217715 -0.232731
vn 0.947859 -0.217715 -0.232731
vn 0.947859 -0.217715 -0.232731
vn 0.982492 -0.127175 -0.136147
vn 0.958032 0.121065 0.259841
vn 0.622076 -0.764610 -0.168503
vn 0.622076 -0.764610 -0.168503
vn 0.622078 -0.764608 -0.168503
vn 0.622078 -0.764608 -0.168503
vn 0.622079 -0.764607 -0.168504
vn 0.622079 -0.764607 -0.168504
vn 0.622079 -0.764608 -0.168502
vn 0.622079 -0.764608 -0.168502
vn -0.998666 0.047869 0.019378
vn -0.998666 0.047869 0.019378
vn -0.998666 0.047869 0.019378
vn -0.998666 0.047869 0.019378
vn -0.943674 -0.042448 -0.328142
vn -0.967666 0.235545 0.090224
vn -0.707595 -0.625003 -0.329666
vn -0.707595 -0.625003 -0.329666
vn -0.707595 -0.625003 -0.329667
vn -0.707595 -0.625003 -0.329667
vn -0.707595 -0.625003 -0.329667
vn -0.707595 -0.625003 -0.329667
vn -0.707597 -0.625002 -0.329665
vn -0.707597 -0.625002 -0.329665
vn 0.394836 -0.806824 -0.439478
vn 0.439211 -0.823067 -0.360075
vn 0.489098 -0.833451 -0.257183
vn 0.181774 -0.919093 -0.349609
vn -0.107826 -0.910399 -0.399435
vn 0.856628 0.304243 0.416684
vn 0.865450 0.332417 0.374828
vn 0.865450 0.332417 0.374828
vn 0.977118 -0.159209 0.141042
vn 0.977118 -0.159209 0.141042
vn -0.396937 0.867960 0.298475
vn -0.525125 0.780256 0.339771
vn -0.617638 0.695889 0.366418
vn -0.218976 0.834599 0.505463
vn 0.276489 0.793618 0.541963
vn -0.886909 -0.360050 -0.289407
vn -0.886909 -0.360050 -0.289407
vn -0.895014 -0.348702 -0.278131
vn -0.896230 -0.346954 -0.276397
vn -0.904452 -0.334797 -0.264345
vn -0.904452 -0.334797 -0.264345
vn -0.996705 0.019564 -0.078712
vn -0.996705 0.019564 -0.078712
vn 0.255880 -0.876867 -0.406976
vn 0.251122 -0.906694 -0.338885
vn 0.244644 -0.932541 -0.265549
vn -0.049963 -0.970945 -0.234027
vn -0.364255 -0.914476 -0.176214
vn 0.972447 0.229312 -0.041985
vn 0.972447 0.229312 -0.041985
vn 0.983155 0.178090 -0.041110
vn 0.981123 0.188923 -0.041303
vn 0.988867 0.143196 -0.040455
vn 0.988867 0.143196 -0.040455
vn 0.965570 -0.215618 -0.145545
vn 0.965570 -0.215618 -0.145545
vn -0.376036 0.840075 0.390987
vn 0.069811 0.931426 0.357172
vn 0.463322 0.846595 0.261934
vn -0.934165 -0.324349 0.148774
vn -0.941076 -0.306822 0.142257
vn -0.962790 -0.242930 0.118407
vn -0.962790 -0.242930 0.118407
vn -0.934535 0.226158 0.274765
vn -0.934535 0.226158 0.274765
vn 0.791119 0.482581 -0.375828
vn 0.088035 0.642590 -0.761136
vn -0.674389 0.359211 -0.645110
vn 0.790445 -0.445079 0.420835
vn 0.993440 0.074879 0.086427
vn -0.948372 -0.312695 0.053021
vn -0.126413 -0.825819 0.549584
vn -0.960521 -0.010317 -0.278016
vn 0.620625 0.345150 -0.704057
vn -0.204102 0.481503 -0.852348
vn -0.893393 0.245192 -0.376472
vn 0.970141 -0.212900 0.116194
vn 0.952658 0.078043 -0.293856
vn -0.764066 -0.365490 0.531620
vn 0.211973 -0.620224 0.755242
vn -0.985795 -0.071730 0.151867
vn 0.683051 0.469305 -0.559638
vn 0.683051 0.469305 -0.559638
vn 0.781316 0.083499 -0.618525
vn 0.781316 0.083499 -0.618525
vn 0.400410 0.087284 -0.912170
vn 0.378493 0.086937 -0.921513
vn -0.113863 0.068659 -0.991121
vn -0.113863 0.068659 -0.991121
vn 0.706118 0.541089 0.456750
vn 0.706118 0.541089 0.456750
vn 0.706118 0.541089 0.456750
vn 0.706118 0.541089 0.456750
vn 0.907473 -0.003920 0.420093
vn 0.907473 -0.003920 0.420093
vn 0.987318 0.022691 0.157125
vn 0.987318 0.022691 0.157125
vn 0.987318 0.022691 0.157125
vn 0.987318 0.022691 0.157125
vn -0.132503 0.988569 0.071937
vn -0.132503 0.988569 0.071937
vn -0.459156 -0.317572 0.829652
vn -0.459156 -0.317572 0.829652
vn -0.418591 -0.317788 0.850760
vn -0.418606 -0.317788 0.850753
vn -0.377205 -0.317340 0.870064
vn -0.377205 -0.317340 0.870064
vn -0.826189 0.289394 -0.483387
vn -0.826189 0.289394 -0.483387
vn -0.826189 0.289394 -0.483387
vn -0.826189 0.289394 -0.483387
vn -0.800899 0.007855 -0.598747
vn -0.800899 0.007855 -0.598747
vn -0.800900 0.007855 -0.598747
vn -0.800899 0.007855 -0.598747
vn -0.905093 0.012002 -0.425044
vn -0.897939 0.007147 -0.440061
vn -0.898321 0.007402 -0.439277
vn -0.905093 0.012002 -0.425044
vn 0.234150 0.436403 -0.868750
vn 0.234150 0.436403 -0.868750
vn 0.235170 0.064044 -0.969842
vn 0.235170 0.064044 -0.969842
vn -0.235789 0.072146 -0.969123
vn -0.233825 0.072145 -0.969598
vn -0.654983 0.064217 -0.752910
vn -0.654983 0.064217 -0.752910
vn 0.836360 0.540466 -0.091646
vn 0.836360 0.540466 -0.091646
vn 0.836360 0.540466 -0.091646
vn 0.836360 0.540466 -0.091646
vn 0.971404 -0.006428 -0.237344
vn 0.971404 -0.006428 -0.237344
vn 0.893076 0.008342 -0.449828
vn 0.893076 0.008342 -0.449828
vn 0.893076 0.008342 -0.449828
vn 0.893076 0.008342 -0.449828
vn -0.023808 0.972907 0.229966
vn -0.023808 0.972907 0.229966
vn 0.171285 -0.409700 0.895995
vn 0.171285 -0.409700 0.895995
vn 0.216243 -0.410174 0.886000
vn 0.216421 -0.410175 0.885956
vn 0.260985 -0.409774 0.874055
vn 0.260985 -0.409774 0.874055
vn -0.943993 0.319861 0.081027
vn -0.943993 0.319861 0.081027
vn -0.943993 0.319861 0.081027
vn -0.943993 0.319861 0.081027
vn -0.999495 0.013390 0.028819
vn -0.999495 0.013390 0.028819
vn -0.999495 0.013390 0.028819
vn -0.999495 0.013390 0.028819
vn -0.971457 0.007047 0.237113
vn -0.971442 0.008140 0.237140
vn -0.971442 0.008123 0.237139
vn -0.971457 0.007047 0.237113
vn 0.076735 0.993756 -0.081004
vn 0.076735 0.993756 -0.081004
vn -0.026411 0.986485 -0.161708
vn -0.026411 0.986485 -0.161708
vn 0.060308 0.990953 -0.119898
vn 0.060652 0.990952 -0.119729
vn 0.146921 0.986167 -0.076744
vn 0.146921 0.986167 -0.076744
vn -0.890211 0.002094 -0.455545
vn -0.890210 0.002094 -0.455545
vn -0.931337 -0.211902 -0.296158
vn -0.931337 -0.211902 -0.296158
vn -0.931337 -0.211902 -0.296158
vn -0.931337 -0.211902 -0.296158
vn -0.704138 0.544397 -0.455875
vn -0.704138 0.544397 -0.455875
vn -0.704137 0.544397 -0.455875
vn -0.704137 0.544397 -0.455875
vn -0.039907 -0.993916 0.102653
vn -0.034398 -0.959878 0.278302
vn -0.034398 -0.959878 0.278302
vn -0.117800 -0.963976 0.238483
vn -0.117369 -0.963976 0.238695
vn -0.199947 -0.959849 0.196753
vn -0.199947 -0.959849 0.196753
vn 0.857964 0.407408 0.312915
vn 0.857965 0.407408 0.312915
vn 0.857964 0.407408 0.312915
vn 0.857964 0.407408 0.312915
vn 0.788769 0.547365 0.279707
vn 0.788769 0.547365 0.279707
vn 0.788769 0.547365 0.279707
vn 0.788769 0.547365 0.279707
vn 0.800823 -0.213164 0.559681
vn 0.800823 -0.213164 0.559681
vn 0.800823 -0.213164 0.559681
vn 0.800823 -0.213164 0.559681
vn 0.008777 0.997269 -0.073334
vn 0.008777 0.997269 -0.073334
vn -0.093489 0.995576 -0.009436
vn -0.093489 0.995576 -0.009436
vn 0.000465 0.999455 -0.033009
vn 0.000740 0.999453 -0.033077
vn 0.094528 0.993929 -0.056300
vn 0.094528 0.993929 -0.056300
vn -0.971424 0.009349 0.237169
vn -0.971423 0.009349 0.237169
vn -0.910806 -0.213946 0.353073
vn -0.910805 -0.213946 0.353073
vn -0.910805 -0.213946 0.353073
vn -0.910805 -0.213946 0.353073
vn -0.812739 0.561126 0.156819
vn -0.812739 0.561126 0.156819
vn -0.812739 0.561126 0.156819
vn -0.812739 0.561126 0.156819
vn 0.009646 -0.997729 0.066668
vn 0.122269 -0.981800 0.145324
vn 0.122269 -0.981800 0.145324
vn 0.032602 -0.985314 0.167613
vn 0.032519 -0.985313 0.167633
vn -0.057231 -0.980415 0.188445
vn -0.057231 -0.980415 0.188445
vn 0.855771 0.413718 -0.310635
vn 0.855771 0.413718 -0.310635
vn 0.855771 0.413718 -0.310635
vn 0.855771 0.413718 -0.310635
vn 0.803906 0.542717 -0.243297
vn 0.803906 0.542717 -0.243297
vn 0.803906 0.542717 -0.243297
vn 0.803906 0.542717 -0.243297
vn 0.965802 -0.234864 -0.109840
vn 0.965802 -0.234864 -0.109840
vn 0.965802 -0.234864 -0.109840
vn 0.965802 -0.234864 -0.109840
vn -0.240932 -0.071590 -0.967898
vn -0.600257 -0.429740 -0.674548
vn -0.767487 -0.627364 -0.131827
vn 0.908493 0.415570 0.044065
vn 0.470882 0.453836 -0.756507
vn 0.363832 -0.160769 0.917485
vn 0.796197 0.154411 0.585003
vn -0.452230 -0.527185 0.719419
vn 0.625248 -0.778547 0.054129
vn 0.643839 -0.570770 -0.509600
vn 0.453175 -0.159591 -0.877020
vn -0.612292 -0.033103 0.789939
vn 0.126849 -0.574175 0.808846
vn -0.781979 0.595784 -0.183168
vn -0.864411 0.342799 0.367808
vn -0.155881 0.503266 -0.849956
vn 0.538039 -0.841181 0.054122
vn 0.538039 -0.841181 0.054122
vn 0.538039 -0.841181 0.054122
vn 0.538039 -0.841181 0.054122
vn 0.687632 -0.718251 0.106193
vn -0.028031 -0.960276 0.277641
vn -0.658858 -0.752076 -0.016965
vn 0.805263 -0.499407 -0.319600
vn -0.917971 -0.341602 -0.201585
vn -0.917971 -0.341602 -0.201585
vn -0.685869 -0.550597 -0.475843
vn 0.762526 0.310052 -0.567822
vn -0.471077 -0.488943 0.734180
vn -0.768791 -0.616705 0.169218
vn -0.768791 -0.616705 0.169218
vn -0.470483 -0.488597 0.734792
vn -0.699665 -0.434247 -0.567361
vn -0.699665 -0.434247 -0.567361
vn -0.699665 -0.434247 -0.567361
vn -0.699665 -0.434247 -0.567361
vn -0.591717 -0.308978 -0.744583
vn -0.591717 -0.308978 -0.744583
vn -0.591717 -0.308978 -0.744583
vn -0.591717 -0.308978 -0.744583
vn 0.025717 0.270658 -0.962332
vn 0.424012 0.546416 -0.722248
vn 0.424036 0.546430 -0.722224
vn 0.025717 0.270658 -0.962332
vn 0.640293 0.649252 -0.410485
vn 0.640293 0.649252 -0.410485
vn 0.639237 0.399076 0.657355
vn 0.639237 0.399076 0.657355
vn 0.639237 0.399076 0.657355
vn 0.639237 0.399076 0.657355
vn 0.626547 0.384390 0.678000
vn 0.626547 0.384390 0.678000
vn 0.626547 0.384390 0.678000
vn 0.626547 0.384390 0.678000
vn -0.109671 -0.253036 0.961221
vn -0.109671 -0.253036 0.961221
vn -0.107459 0.593931 -0.797307
vn 0.270600 0.232470 -0.934202
vn 0.270600 0.232470 -0.934202
vn -0.107485 0.593950 -0.797289
vn 0.678766 -0.453651 -0.577475
vn 0.678766 -0.453651 -0.577475
vn 0.678766 -0.453651 -0.577475
vn 0.678766 -0.453651 -0.577475
vn 0.710678 -0.591584 -0.380744
vn 0.710678 -0.591584 -0.380744
vn 0.710678 -0.591584 -0.380744
vn 0.710678 -0.591584 -0.380744
vn 0.555450 -0.755654 0.347077
vn 0.160921 -0.546950 0.821553
vn 0.160331 -0.546503 0.821966
vn 0.555450 -0.755654 0.347077
vn -0.187326 -0.232606 0.954360
vn -0.187326 -0.232606 0.954360
vn -0.679375 0.531999 0.505398
vn -0.679375 0.531999 0.505398
vn -0.679375 0.531999 0.505398
vn -0.679375 0.531999 0.505398
vn -0.683182 0.548181 0.482452
vn -0.683182 0.548181 0.482452
vn -0.683182 0.548181 0.482452
vn -0.683182 0.548181 0.482452
vn -0.367478 0.751414 -0.548030
vn -0.367478 0.751414 -0.548030
s 1
g pCube1
usemtl pCube1SG
f 101/1/1 1/2/2 98/3/3 97/4/4
f 99/5/5 2/6/6 103/7/7 102/8/8
f 104/9/9 3/10/10 107/11/11 106/12/12
s 3
f 114/13/13 5/14/14 111/15/15 110/16/16
f 112/17/17 6/18/18 116/19/19 115/20/20
f 117/21/21 7/22/22 120/23/23 119/24/24
f 126/25/25 9/26/26 113/27/27 123/28/28
f 124/29/29 10/30/30 118/31/31 127/32/32
f 128/33/33 11/34/34 122/35/35 130/36/36
f 136/424/37 13/38/38 125/39/39 133/474/40
f 141/401/41 85/42/42 138/43/43 137/473/44
f 145/413/45 15/477/46 132/47/47 142/472/48
f 149/49/49 17/50/50 135/51/51 146/52/52
f 147/53/53 18/54/54 151/470/55 150/56/56
f 152/57/57 19/58/58 144/59/59 154/60/60
f 160/61/61 21/62/62 148/63/63 157/64/64
f 158/65/65 22/66/66 153/67/67 161/68/68
f 162/69/69 23/70/70 156/71/71 164/72/72
f 171/73/73 90/74/74 168/75/75 167/76/76
f 169/77/77 91/78/78 173/79/79 172/80/80
f 174/81/81 92/82/82 177/83/83 176/84/84
s 10
f 184/85/85 49/86/86 181/87/87 180/88/88
s 1
f 187/464/89 30/90/90 175/91/91 185/469/92
s 12
f 192/93/93 53/94/94 189/95/95 188/96/96
s off
f 108/97/97 4/98/98 194/99/99 193/100/100
s 3
f 121/101/101 8/102/102 197/103/103 196/104/104
s 13
f 378/105/105 377/106/106 379/107/107 380/108/108
s off
f 171/73/109 29/109/110 204/110/111 203/111/112
s 3
f 160/61/61 25/112/113 207/113/114 206/114/115
s 14
f 386/501/116 387/116/117 388/117/118 389/118/119
s 15
f 216/119/120 29/109/121 170/120/122 213/121/123
s 1
f 214/122/124 30/90/90 187/464/89 217/123/125
f 218/124/126 2/6/6 98/3/127 220/125/128
s 17
f 221/126/129 1/2/130 204/462/131 223/127/132
s 18
f 228/128/133 31/129/134 179/130/135 225/131/136
s 19
f 226/132/137 32/133/138 194/460/139 229/134/140
s 1
f 230/135/141 4/98/142 107/11/143 232/136/144
f 233/137/145 3/10/10 186/458/146 235/139/147
s 21
f 240/140/148 33/141/149 215/142/150 237/143/151
f 238/144/152 34/145/153 219/454/154 241/147/155
f 242/148/156 35/149/157 222/150/158 244/151/159
f 245/152/160 36/153/161 224/447/162 247/155/163
s 22
f 252/156/164 37/157/165 227/158/166 249/159/167
f 250/160/168 38/161/169 231/441/170 253/163/171
f 254/164/172 39/165/173 234/166/174 256/167/175
f 257/168/176 40/169/177 236/434/178 259/171/179
s 23
f 263/524/180 41/479/181 239/174/182 261/528/183
s off
f 262/176/184 42/177/185 243/178/186 264/527/187
s 24
f 270/511/188 58/181/189 267/182/190 266/525/191
s off
f 272/516/192 44/448/193 248/186/194 271/523/195
s 25
f 275/518/196 45/478/197 251/190/198 273/522/199
s off
f 274/192/200 46/193/201 255/194/202 276/521/203
s 26
f 282/505/204 62/197/205 279/198/206 278/519/207
s off
f 284/510/208 48/435/209 260/202/210 283/517/211
s 27
f 287/204/212 43/450/213 246/206/214 285/207/215
s off
f 286/208/216 44/448/217 272/516/218 288/209/219
s 10
f 289/210/220 52/211/221 183/212/222 290/213/223
s 28
f 291/214/224 51/215/225 265/513/226 292/217/227
s 29
f 295/218/228 47/437/229 258/220/230 293/221/231
s off
f 294/222/232 48/435/233 284/510/234 296/223/235
s 12
f 297/224/236 56/225/237 191/226/238 298/227/239
s 30
f 299/228/240 55/229/241 277/507/242 300/231/243
s 3
f 304/232/244 12/233/245 198/430/246 301/235/247
f 302/236/248 24/237/249 155/238/250 305/239/251
f 306/240/252 20/241/253 143/428/254 308/243/255
f 309/244/256 16/245/257 131/246/258 311/247/259
f 316/248/260 21/62/62 208/426/261 313/250/262
f 314/251/263 9/26/26 126/25/25 317/252/264
f 318/253/265 13/38/38 136/424/37 320/254/266
f 321/255/267 17/50/50 149/49/49 323/256/268
f 327/257/269 66/258/270 303/422/271 325/260/272
f 326/261/273 65/262/274 307/263/275 328/264/276
f 329/265/277 67/266/278 310/420/279 330/268/280
f 331/269/281 68/270/282 312/271/283 332/272/284
f 335/273/285 69/274/286 315/418/287 333/276/288
f 334/277/289 70/278/290 319/279/291 336/280/292
f 337/281/293 71/282/294 322/416/295 338/284/296
f 339/285/297 72/286/298 324/287/299 340/288/300
s off
f 344/289/301 14/480/302 129/291/303 341/292/304
s 3
f 342/293/305 15/46/306 145/414/45 345/294/307
f 346/295/308 19/471/58 151/55/309 348/296/310
f 349/297/311 18/475/54 134/410/312 351/299/313
f 355/300/314 81/301/315 343/302/316 353/303/317
f 354/304/318 82/305/319 347/406/320 356/307/321
f 357/308/322 83/309/323 350/310/324 358/311/325
f 359/312/326 84/313/327 352/403/328 360/315/329
f 363/316/330 90/74/74 205/400/331 361/318/332
f 363/316/330 25/112/113 159/319/333 364/320/334
f 365/321/335 26/322/336 163/323/337 366/324/338
f 367/325/339 27/326/340 166/327/341 368/328/342
f 371/329/343 94/330/344 195/397/345 370/332/346
f 373/333/347 95/334/348 109/335/349 372/336/350
f 375/337/351 96/338/352 105/339/353 374/340/354
f 362/341/355 89/342/356 100/343/357 376/344/358
s 1
f 98/3/3 2/6/6 99/5/5 97/4/4
s 3
f 99/5/359 96/338/352 100/343/357 97/4/360
f 100/343/357 89/342/356 101/1/361 97/4/360
s 1
f 103/7/7 3/10/10 104/9/9 102/8/362
s 3
f 104/9/363 95/334/348 105/339/353 102/8/364
f 105/339/353 96/338/352 99/5/359 102/8/364
s 1
f 107/11/11 4/98/365 108/97/366 106/12/12
s 3
f 108/97/367 94/330/344 109/335/349 106/12/368
f 109/335/349 95/334/348 104/9/363 106/12/368
f 111/15/15 6/18/18 112/17/17 110/16/16
f 112/17/17 10/30/30 113/27/27 110/16/16
f 113/27/27 9/26/26 114/13/13 110/16/16
f 116/19/19 7/22/22 117/21/21 115/20/20
f 117/21/21 11/34/34 118/31/31 115/20/20
f 118/31/31 10/30/30 112/17/17 115/20/20
f 120/23/23 8/102/102 121/101/101 119/24/24
f 121/101/101 12/233/245 122/35/35 119/24/24
f 122/35/35 11/34/34 117/21/21 119/24/24
f 113/27/27 10/30/30 124/29/29 123/28/28
f 124/29/29 14/290/369 125/39/39 123/28/28
f 125/39/39 13/38/38 126/25/25 123/28/28
f 118/31/31 11/34/34 128/33/33 127/32/32
f 128/33/33 15/477/46 129/476/370 127/32/32
f 129/476/370 14/290/369 124/29/29 127/32/32
f 122/35/35 12/233/245 131/246/258 130/36/36
f 131/246/258 16/245/257 132/47/47 130/36/36
f 132/47/47 15/477/46 128/33/33 130/36/36
f 125/39/39 14/290/369 134/408/312 133/474/40
f 134/409/312 18/54/54 135/51/51 133/40/40
f 135/51/51 17/50/50 136/37/37 133/40/40
f 138/43/43 86/345/371 139/346/372 137/473/44
f 139/404/372 87/347/373 140/348/374 137/44/44
f 140/348/374 88/349/375 141/41/41 137/44/44
f 132/47/47 16/245/257 143/242/254 142/472/48
f 143/428/254 20/241/253 144/59/59 142/48/48
f 144/59/59 19/58/58 145/412/45 142/48/48
f 135/51/51 18/54/54 147/53/53 146/52/52
f 147/53/53 22/66/66 148/63/63 146/52/52
f 148/63/63 21/62/62 149/49/49 146/52/52
f 151/470/55 19/58/58 152/57/57 150/56/56
f 152/57/57 23/70/70 153/67/67 150/56/56
f 153/67/67 22/66/66 147/53/53 150/56/56
f 144/59/59 20/241/253 155/238/250 154/60/60
f 155/238/250 24/237/249 156/71/71 154/60/60
f 156/71/71 23/70/70 152/57/57 154/60/60
f 148/63/63 22/66/66 158/65/65 157/64/64
f 158/65/65 26/322/336 159/319/333 157/64/64
f 159/319/333 25/112/113 160/61/61 157/64/64
f 153/67/67 23/70/70 162/69/69 161/68/68
f 162/69/69 27/326/340 163/323/337 161/68/68
f 163/323/337 26/322/336 158/65/65 161/68/68
f 156/71/71 24/237/249 165/350/376 164/72/72
f 165/350/376 28/351/377 166/327/341 164/72/72
f 166/327/341 27/326/340 162/69/69 164/72/72
f 168/75/75 91/78/78 169/77/77 167/76/76
s 1
f 169/77/378 30/90/90 170/120/379 167/76/380
f 170/120/379 29/109/381 171/73/382 167/76/380
s 3
f 173/79/79 92/82/82 174/81/81 172/80/80
s 1
f 174/81/383 31/129/384 175/91/91 172/80/385
f 175/91/91 30/90/90 169/77/378 172/80/386
s 3
f 177/83/83 93/352/387 178/353/388 176/84/84
s 1
f 178/353/389 32/133/390 179/130/391 176/84/392
f 179/130/391 31/129/384 174/81/383 176/84/392
s 10
f 181/87/87 50/354/393 182/355/394 180/88/88
f 182/355/394 51/215/395 183/212/222 180/88/88
f 183/212/222 52/211/221 184/85/85 180/88/88
s 1
f 175/91/91 31/129/384 186/138/146 185/469/92
f 186/458/146 3/10/10 103/7/7 185/92/92
f 103/7/7 2/6/6 187/89/89 185/92/92
s 12
f 189/95/95 54/356/396 190/357/397 188/96/96
f 190/357/397 55/229/398 191/226/238 188/96/96
f 191/226/238 56/225/237 192/93/93 188/96/96
s off
f 194/460/399 32/133/400 178/353/401 193/468/402
s 3
f 178/353/388 93/352/387 195/331/345 193/468/403
f 195/397/345 94/330/344 108/97/367 193/100/403
f 197/395/103 28/351/377 165/350/376 196/467/104
f 165/350/376 24/237/249 198/234/404 196/467/104
f 198/430/404 12/233/245 121/101/101 196/104/104
s 41
f 379/107/405 381/358/406 382/503/407 380/108/408
f 382/359/407 383/360/409 384/361/410 380/108/408
s 13
f 384/361/411 385/362/412 378/105/105 380/108/108
s off
f 204/462/413 1/2/414 101/1/415 203/466/416
s 3
f 101/1/361 89/342/356 205/317/331 203/466/417
f 205/400/331 90/74/74 171/73/73 203/111/417
f 207/398/114 5/14/14 114/13/13 206/465/115
f 114/13/13 9/26/26 208/249/418 206/465/115
f 208/426/418 21/62/62 160/61/61 206/114/115
s 42
f 388/117/419 390/363/420 391/364/421 389/118/422
f 391/364/421 392/365/423 393/366/424 389/118/422
s 14
f 393/366/425 394/367/426 386/115/116 389/118/119
s 15
f 170/120/122 30/90/427 214/122/428 213/121/123
f 214/122/428 34/145/429 215/142/430 213/121/123
f 215/142/430 33/141/431 216/119/120 213/121/123
s 1
f 187/89/89 2/6/6 218/124/126 217/463/432
f 218/124/126 35/149/433 219/146/434 217/463/432
f 219/454/435 34/145/436 214/122/124 217/123/125
f 98/3/127 1/2/437 221/126/438 220/125/128
f 221/126/438 36/153/439 222/150/440 220/125/128
f 222/150/440 35/149/441 218/124/126 220/125/128
s 43
f 204/110/442 29/109/443 216/119/444 223/461/445
f 216/119/444 33/141/446 224/154/447 223/461/445
s 17
f 224/447/448 36/153/449 221/126/129 223/127/132
s 18
f 179/130/135 32/133/450 226/132/451 225/131/136
f 226/132/451 38/161/452 227/158/453 225/131/136
f 227/158/453 37/157/454 228/128/133 225/131/136
s 44
f 194/99/455 4/98/456 230/135/457 229/459/458
f 230/135/457 39/165/459 231/162/460 229/459/458
s 19
f 231/441/461 38/161/462 226/132/137 229/134/140
s 1
f 107/11/143 3/10/10 233/137/145 232/136/144
f 233/137/145 40/169/463 234/166/464 232/136/144
f 234/166/464 39/165/465 230/135/141 232/136/144
f 186/138/146 31/129/384 228/128/466 235/457/467
f 228/128/466 37/157/468 236/170/469 235/457/467
f 236/434/470 40/169/471 233/137/145 235/139/147
s 21
f 215/142/150 34/145/153 238/144/152 237/143/151
f 238/144/152 42/456/472 239/455/473 237/143/151
f 239/455/473 41/173/474 240/140/148 237/143/151
f 219/146/154 35/149/157 242/148/156 241/453/155
f 242/148/156 43/205/475 243/451/476 241/453/155
f 243/452/476 42/456/472 238/144/152 241/147/155
f 222/150/158 36/153/161 245/152/160 244/151/159
f 245/152/160 44/185/477 246/449/478 244/151/159
f 246/449/478 43/205/475 242/148/156 244/151/159
f 224/154/162 33/141/149 240/140/148 247/446/163
f 240/140/148 41/173/474 248/444/479 247/446/163
f 248/445/479 44/185/477 245/152/160 247/155/163
s 22
f 227/158/166 38/161/169 250/160/168 249/159/167
f 250/160/168 46/443/480 251/442/481 249/159/167
f 251/442/481 45/189/482 252/156/164 249/159/167
f 231/162/170 39/165/173 254/164/172 253/440/171
f 254/164/172 47/219/483 255/438/484 253/440/171
f 255/439/484 46/443/480 250/160/168 253/163/171
f 234/166/174 40/169/177 257/168/176 256/167/175
f 257/168/176 48/201/485 258/436/486 256/167/175
f 258/436/486 47/219/483 254/164/172 256/167/175
f 236/170/178 37/157/165 252/156/164 259/433/179
f 252/156/164 45/189/482 260/431/487 259/433/179
f 260/432/487 48/201/485 257/168/176 259/171/179
s 23
f 239/174/182 42/177/488 262/176/489 261/528/183
s 45
f 262/526/490 50/354/491 181/87/492 261/175/493
f 181/87/492 49/86/494 263/172/495 261/175/493
s off
f 243/178/496 43/450/497 265/216/498 264/527/499
s 28
f 265/513/226 51/215/225 182/355/500 264/179/501
s off
f 182/355/502 50/354/503 262/526/504 264/179/505
s 24
f 267/182/190 57/368/506 268/369/507 266/525/191
s 46
f 268/514/508 59/370/509 269/371/510 266/183/511
f 269/371/510 60/372/512 270/180/513 266/183/511
s off
f 248/186/514 41/479/515 263/524/516 271/523/517
f 263/172/518 49/86/519 184/85/520 271/187/521
s 47
f 184/85/522 52/211/523 272/184/524 271/187/525
s 25
f 251/190/198 46/193/526 274/192/527 273/522/199
s 48
f 274/520/528 54/356/529 189/95/530 273/191/531
f 189/95/530 53/94/532 275/188/533 273/191/531
s off
f 255/194/534 47/437/535 277/230/536 276/521/537
s 30
f 277/507/242 55/229/241 190/357/538 276/195/539
s off
f 190/357/540 54/356/541 274/520/542 276/195/543
s 26
f 279/198/206 61/373/544 280/374/545 278/519/207
s 49
f 280/508/546 63/375/547 281/376/548 278/199/549
f 281/376/548 64/377/550 282/196/551 278/199/549
s off
f 260/202/552 45/478/553 275/518/554 283/517/555
f 275/188/556 53/94/557 192/93/558 283/203/559
s 50
f 192/93/560 56/225/561 284/200/562 283/203/563
s 27
f 246/206/214 44/448/564 286/208/565 285/207/215
s 51
f 286/208/566 57/368/567 267/182/568 285/207/569
f 267/182/568 58/181/570 287/204/571 285/207/569
s 47
f 272/184/524 52/211/523 289/210/572 288/515/573
s off
f 289/210/574 59/370/575 268/514/576 288/515/577
f 268/369/578 57/368/579 286/208/580 288/209/581
s 10
f 183/212/222 51/215/395 291/214/582 290/213/223
s 52
f 291/214/583 60/372/584 269/371/585 290/213/586
f 269/371/585 59/370/587 289/210/588 290/213/586
s off
f 265/216/589 43/450/590 287/204/591 292/512/592
f 287/204/593 58/181/594 270/511/595 292/512/596
f 270/180/597 60/372/598 291/214/599 292/217/600
s 29
f 258/220/230 48/435/601 294/222/602 293/221/231
s 53
f 294/222/603 61/373/604 279/198/605 293/221/606
f 279/198/605 62/197/607 295/218/608 293/221/606
s 50
f 284/200/562 56/225/561 297/224/609 296/509/610
s off
f 297/224/611 63/375/612 280/508/613 296/509/614
f 280/374/615 61/373/616 294/222/617 296/223/618
s 12
f 191/226/238 55/229/398 299/228/619 298/227/239
s 54
f 299/228/620 64/377/621 281/376/622 298/227/623
f 281/376/622 63/375/624 297/224/625 298/227/623
s off
f 277/230/626 47/437/627 295/218/628 300/506/629
f 295/218/630 62/197/631 282/505/632 300/506/633
f 282/196/634 64/377/635 299/228/636 300/231/637
s 3
f 198/234/246 24/237/249 302/236/248 301/429/247
f 302/236/248 65/262/274 303/259/271 301/429/247
f 303/422/271 66/258/270 304/232/244 301/235/247
f 155/238/250 20/241/253 306/240/252 305/239/251
f 306/240/252 67/266/278 307/263/275 305/239/251
f 307/263/275 65/262/274 302/236/248 305/239/251
f 143/242/254 16/245/257 309/244/256 308/427/255
f 309/244/256 68/270/282 310/267/279 308/427/255
f 310/420/279 67/266/278 306/240/252 308/243/255
f 131/246/258 12/233/245 304/232/244 311/247/259
f 304/232/244 66/258/270 312/271/283 311/247/259
f 312/271/283 68/270/282 309/244/256 311/247/259
f 208/249/261 9/26/26 314/251/263 313/425/262
f 314/251/263 70/278/290 315/275/287 313/425/262
f 315/418/287 69/274/286 316/248/260 313/250/262
f 126/25/25 13/38/38 318/253/265 317/252/264
f 318/253/265 71/282/294 319/279/291 317/252/264
f 319/279/291 70/278/290 314/251/263 317/252/264
f 136/37/37 17/50/50 321/255/267 320/423/266
f 321/255/267 72/286/298 322/283/295 320/423/266
f 322/416/295 71/282/294 318/253/265 320/254/266
f 149/49/49 21/62/62 316/248/260 323/256/268
f 316/248/260 69/274/286 324/287/299 323/256/268
f 324/287/299 72/286/298 321/255/267 323/256/268
f 303/259/271 65/262/274 326/261/273 325/421/272
f 326/261/273 73/497/638 199/498/639 325/421/272
f 199/499/639 74/500/640 327/257/269 325/260/272
f 307/263/275 67/266/278 329/265/277 328/264/276
f 329/265/277 75/495/641 200/496/642 328/264/276
f 200/496/642 73/497/638 326/261/273 328/264/276
f 310/267/279 68/270/282 331/269/281 330/419/280
f 331/269/281 76/492/643 201/493/644 330/419/280
f 201/494/644 75/495/641 329/265/277 330/268/280
f 312/271/283 66/258/270 327/257/269 332/272/284
f 327/257/269 74/500/640 202/491/645 332/272/284
f 202/491/645 76/492/643 331/269/281 332/272/284
f 315/275/287 70/278/290 334/277/289 333/417/288
f 334/277/289 78/490/646 209/488/647 333/417/288
f 209/489/647 77/482/648 335/273/285 333/276/288
f 319/279/291 71/282/294 337/281/293 336/280/292
f 337/281/293 79/487/649 210/486/650 336/280/292
f 210/486/650 78/490/646 334/277/289 336/280/292
f 322/283/295 72/286/298 339/285/297 338/415/296
f 339/285/297 80/485/651 211/483/652 338/415/296
f 211/484/652 79/487/649 337/281/293 338/284/296
f 324/287/299 69/274/286 335/273/285 340/288/300
f 335/273/285 77/482/648 212/481/653 340/288/300
f 212/481/653 80/485/651 339/285/297 340/288/300
s off
f 129/291/654 15/46/655 342/293/656 341/292/657
s 3
f 342/293/658 82/305/319 343/302/316 341/292/659
f 343/302/316 81/301/315 344/289/660 341/292/659
f 145/45/45 19/471/58 346/295/308 345/411/307
f 346/295/308 83/309/323 347/306/320 345/411/661
f 347/406/320 82/305/319 342/293/658 345/294/661
f 151/55/309 18/475/54 349/297/311 348/296/310
f 349/297/311 84/313/327 350/310/324 348/296/310
f 350/310/324 83/309/323 346/295/308 348/296/310
f 134/298/312 14/480/662 344/289/663 351/407/313
f 344/289/660 81/301/315 352/314/328 351/407/664
f 352/403/328 84/313/327 349/297/311 351/299/664
f 343/302/316 82/305/319 354/304/318 353/303/317
f 354/304/318 86/345/371 138/43/43 353/303/317
f 138/43/43 85/42/42 355/300/314 353/303/317
f 347/306/320 83/309/323 357/308/322 356/405/321
f 357/308/322 87/347/373 139/404/372 356/405/321
f 139/346/372 86/345/371 354/304/318 356/307/321
f 350/310/324 84/313/327 359/312/326 358/311/325
f 359/312/326 88/349/375 140/348/374 358/311/325
f 140/348/374 87/347/373 357/308/322 358/311/325
f 352/314/328 81/301/315 355/300/314 360/402/329
f 355/300/314 85/42/42 141/401/41 360/402/329
f 141/41/41 88/349/375 359/312/326 360/315/329
f 205/317/331 89/342/356 362/341/355 361/399/332
f 362/341/355 5/14/14 207/398/114 361/399/332
f 207/113/114 25/112/113 363/316/330 361/318/332
f 159/319/333 26/322/336 365/321/335 364/320/334
f 365/321/335 91/78/78 168/75/75 364/320/334
f 168/75/75 90/74/74 363/316/330 364/320/334
f 163/323/337 27/326/340 367/325/339 366/324/338
f 367/325/339 92/82/82 173/79/79 366/324/338
f 173/79/79 91/78/78 365/321/335 366/324/338
f 166/327/341 28/351/377 369/394/665 368/328/342
f 369/394/665 93/352/387 177/83/83 368/328/342
f 177/83/83 92/82/82 367/325/339 368/328/342
f 195/331/345 93/352/387 369/394/665 370/396/346
f 369/394/665 28/351/377 197/395/103 370/396/346
f 197/103/103 8/102/102 371/329/343 370/332/346
f 109/335/349 94/330/344 371/329/343 372/336/350
f 371/329/343 8/102/102 120/23/23 372/336/350
f 120/23/23 7/22/22 373/333/347 372/336/350
f 105/339/353 95/334/348 373/333/347 374/340/354
f 373/333/347 7/22/22 116/19/19 374/340/354
f 116/19/19 6/18/18 375/337/351 374/340/354
f 100/343/357 96/338/352 375/337/351 376/344/358
f 375/337/351 6/18/18 111/15/15 376/344/358
f 111/15/15 5/14/14 362/341/355 376/344/358
s 55
f 202/385/666 74/380/667 377/106/668 378/105/669
s off
f 74/380/670 199/379/671 379/107/672 377/106/673
f 199/379/674 73/378/675 381/358/676 379/107/677
s 56
f 73/378/678 200/504/679 382/503/680 381/358/681
f 200/382/679 75/381/682 383/360/683 382/359/680
s off
f 75/381/684 201/384/685 384/361/686 383/360/687
f 201/384/688 76/383/689 385/362/690 384/361/691
s 55
f 76/383/692 202/385/666 378/105/669 385/362/693
s 57
f 212/393/694 77/388/695 387/116/696 386/501/697
s off
f 77/388/698 209/387/699 388/117/700 387/116/701
f 209/387/702 78/386/703 390/363/704 388/117/705
s 58
f 78/386/706 210/390/707 391/364/708 390/363/709
f 210/390/707 79/389/710 392/365/711 391/364/708
s off
f 79/389/712 211/392/713 393/366/714 392/365/715
f 211/392/716 80/391/717 394/367/718 393/366/719
s 57
f 80/391/720 212/502/694 386/115/697 394/367/721
