# This file uses centimeters as units for non-parametric coordinates.

mtllib my_animation.0015.mtl
g default
v -16.582989 49.102333 -2.503390
v -3.113820 48.424332 -1.692917
v 8.087006 49.418335 -0.437515
v 21.955479 50.398098 -0.808311
v -18.674109 67.754791 4.499280
v -7.522428 60.215080 11.793456
v 10.673288 60.100323 12.679641
v 22.705946 67.383324 6.585448
v -16.009058 89.230385 24.368042
v -6.894747 80.026520 28.826641
v 8.260736 80.498283 29.966555
v 17.568888 90.202225 26.732874
v -21.919912 94.249573 30.540007
v -6.171587 98.739433 36.641438
v 5.248035 99.102768 37.465652
v 21.602554 95.332817 34.102604
v -21.812946 100.424034 21.318996
v -7.696026 107.282608 28.095415
v 7.460284 107.775955 29.269987
v 23.329401 102.123322 25.462164
v -15.610427 94.796310 18.390522
v -6.163720 96.896370 12.141818
v 8.990557 97.365105 13.277969
v 17.700068 96.348640 20.828411
v -18.190582 77.328094 -4.131858
v -4.977528 79.892036 -6.261182
v 10.188069 79.868446 -5.442474
v 23.200541 77.163116 -2.245913
v -14.942226 43.037582 -12.371535
v -1.759177 41.296047 -9.024117
v 8.339434 41.189915 -6.033245
v 21.558048 43.538643 -9.441008
v -14.729426 22.424650 16.628582
v -7.149696 22.820536 17.402802
v -8.853848 29.431019 25.584970
v -16.421164 28.702538 24.782944
v 15.913565 27.754225 23.691122
v 23.653175 27.691814 22.625177
v 24.840326 36.619270 29.555058
v 17.104500 36.622650 30.611931
v -11.534660 8.086823 -10.080833
v -4.638513 7.278851 -7.668050
v -8.751702 4.723517 1.358936
v -15.366088 5.449156 -1.672411
v 13.213266 7.817636 1.970111
v 20.497885 8.379049 0.115324
v 23.302670 5.761429 9.997394
v 16.030642 5.290052 11.924695
v -11.639676 1.970273 -12.457932
v -3.717580 1.052839 -8.756310
v -9.095963 -0.713751 5.303750
v -19.515171 0.417499 -0.029561
v 12.369473 1.890988 0.337195
v 21.078629 2.452072 -1.964902
v 26.449749 0.373084 12.173899
v 15.079433 -0.290277 15.243518
v -24.576965 7.342146 13.695619
v -16.390583 6.419930 17.989174
v -25.232643 3.888021 14.209107
v -17.044931 2.966102 18.500187
v 19.955263 5.485844 29.660522
v 28.897642 6.047487 27.206408
v 20.238688 1.966070 29.954491
v 29.185970 2.535026 27.519960
v 25.779030 76.050926 10.517440
v 22.621218 74.287682 20.701300
v 35.314358 79.668564 13.881695
v 32.334312 77.311348 23.968781
v -19.718863 71.643570 10.455841
v -19.872150 72.680229 21.189137
v -30.095091 75.562691 20.318680
v -29.643108 75.740440 9.704782
v 33.652386 48.418987 16.893553
v 30.256971 49.053082 26.034485
v 37.007553 49.692753 18.051434
v 33.612019 50.326813 27.193075
v -30.008753 46.058865 21.008987
v -29.534357 49.164627 30.262665
v -33.042812 50.519428 29.987823
v -33.517208 47.413666 20.734148
v -8.560966 104.665627 47.208019
v 7.117280 105.169441 47.296947
v 9.837168 114.699760 34.070675
v -11.868272 113.805946 33.810425
v -8.454079 122.636040 58.894573
v 6.397728 123.149338 58.683830
v 5.440178 135.467499 45.687592
v -8.717781 134.978180 45.888489
v -17.030468 53.184101 -3.884928
v -15.815821 53.737057 -15.443915
v -2.626035 54.570789 -16.872065
v 9.339755 54.574963 -15.546361
v 22.194637 53.906574 -12.522690
v 21.530615 53.223568 -0.899429
v 9.171070 51.701225 2.991160
v -5.461782 51.804867 1.749792
v -11.368628 51.253750 -1.836753
v -11.054748 49.751118 -0.774606
v -4.571609 49.918396 -0.437190
v -12.191301 52.840778 -0.565928
v -16.775320 51.007259 -4.428399
v 2.049687 49.128159 0.511407
v 2.362669 48.140633 0.014380
v 8.826866 49.879822 0.552980
v 1.836025 51.141289 2.815327
v 15.838266 51.494865 -0.257094
v 16.118118 50.874378 0.584836
v 21.679070 51.464363 -2.227576
v 16.129036 52.698769 1.680685
v -14.485419 73.194427 17.318794
v -14.624483 63.682915 8.349072
v -8.063548 70.054382 20.390532
v -13.893511 82.875336 25.851702
v -18.543119 76.733749 13.824531
v 1.375088 69.099632 20.304283
v 1.544522 59.520100 12.816377
v 10.723880 70.288666 21.544285
v 0.720952 81.140907 28.520630
v 17.241144 73.547119 19.234636
v 18.115126 63.470135 9.939205
v 21.714748 77.070946 16.333473
v 15.459132 83.741356 28.026152
v -13.432672 90.573921 32.546776
v -6.796515 91.083885 35.391399
v -15.180799 97.897079 36.097378
v -19.467377 90.342224 28.749825
v -0.103189 90.709297 35.469006
v 6.489564 91.501358 36.393761
v -0.583691 99.383736 39.996761
v 13.501250 91.424225 34.622967
v 19.712442 91.421715 31.584450
v 14.134822 98.673004 38.334255
v -15.592076 103.690819 32.770943
v -7.128107 104.662735 34.302952
v -16.530970 106.810974 26.278288
v -22.342005 97.817848 26.266579
v -1.214447 128.792374 60.031513
v -1.015392 122.663803 59.132545
v 7.229992 129.510483 55.226643
v -1.713103 136.857269 44.532730
v -10.758928 128.878845 55.496738
v 14.807061 104.474075 35.160439
v 22.794954 99.123093 30.218567
v 16.629595 107.772675 29.038675
v 6.162912 105.074905 35.221249
v -14.015949 103.130440 20.001986
v -7.123061 105.169495 21.355881
v -13.294863 96.202087 12.857312
v -18.552153 98.078415 18.032764
v 0.456962 105.403160 21.924385
v -0.399983 109.926117 29.921844
v 8.037045 105.648956 22.501905
v 1.415605 97.132935 12.714137
v 15.298552 104.121117 22.356920
v 20.991665 100.038773 21.303614
v 16.028255 97.160027 15.063152
v -12.946280 87.769394 3.592931
v -5.349065 88.217697 3.155692
v -12.634693 79.624153 -6.006217
v -18.048727 85.388496 5.557348
v 2.249118 88.330391 3.655923
v 9.805635 88.474533 4.128283
v 2.656227 79.626518 -6.223574
v 17.159977 88.167549 5.465388
v 22.129374 85.955086 7.907476
v 17.740276 79.419670 -4.539604
v -9.399575 48.227470 -16.770658
v -9.927069 54.029018 -17.378445
v -2.203333 49.260250 -16.472387
v -8.939062 42.825249 -14.224418
v -15.334278 48.012779 -14.967595
v 3.395291 49.441887 -15.543625
v 3.392139 55.195889 -16.157564
v 8.990342 48.952522 -14.836491
v 3.424293 44.259586 -13.195256
v 16.077435 48.057388 -14.218377
v 16.567753 54.021145 -15.013409
v 21.790295 48.214470 -12.223833
v 15.694336 42.583607 -10.870569
v -10.333413 0.333000 -5.218514
v -6.662054 1.922022 -12.801739
v -5.033933 -0.045229 -2.763069
v -14.330858 -0.211068 2.663547
v -15.550414 1.132430 -7.833733
v 2.726386 48.001377 0.847859
v 10.020408 40.346870 7.925507
v -3.000583 37.806843 3.234101
v 18.429926 0.832514 5.191918
v 16.128790 2.621015 -3.019808
v 24.095966 1.327746 3.602945
v 20.772654 0.006654 13.733799
v 12.720390 0.607296 6.637027
v 23.191753 49.673267 -7.468495
v 23.106985 46.733189 -5.429636
v 23.445011 53.601288 -6.974294
v 23.828953 81.270828 11.454834
v 24.982079 72.509766 2.035467
v 17.373301 92.610931 22.873522
v 31.220158 48.483829 21.353783
v 35.347801 48.874969 16.472202
v 35.323120 50.041485 22.769732
v 31.195562 49.650345 27.650845
v -17.568945 49.154255 -10.080050
v -17.170689 45.643818 -7.697515
v -18.059919 53.416286 -10.172072
v -20.198250 80.786140 8.754006
v -20.582771 72.831680 -0.162889
v -15.191069 91.217026 21.215733
v -29.046156 47.377193 25.820330
v -30.901299 50.104557 31.310339
v -33.336571 49.033951 25.484234
v -31.481426 46.306587 19.994223
v -9.555573 30.595913 0.441461
v -5.592813 31.869644 3.029120
v -10.605643 22.137516 16.251678
v -14.746096 31.025141 2.496555
v -4.681719 36.527874 7.389791
v -7.399131 40.821671 11.824818
v -6.611124 26.239601 21.994322
v -11.974502 42.632000 12.187244
v -16.566442 40.204563 11.199778
v -12.815534 30.651104 26.847528
v -16.938911 35.572002 6.656559
v -16.727854 25.461712 20.929590
v 17.325768 33.076103 5.800803
v 22.528313 34.211021 7.145212
v 19.518311 26.938353 22.568373
v 13.156917 34.350216 8.345449
v 24.192305 39.635059 10.258107
v 23.489826 45.025822 14.018205
v 25.331747 32.333214 26.281488
v 18.581186 47.210518 14.829997
v 14.127318 45.225437 15.232669
v 21.017990 38.365345 31.357939
v 11.941516 39.888599 11.919296
v 15.212297 32.361511 27.592140
v -9.937258 22.320578 3.812830
v -6.125074 20.799374 5.877796
v -7.415985 8.384020 -10.560770
v -14.326884 20.963127 5.052894
v -5.255466 15.957818 9.841047
v -7.384811 11.534307 13.830338
v -5.261354 5.589481 -3.155236
v -11.592785 9.780622 14.457945
v -15.542512 11.540565 13.096039
v -13.502308 5.083705 2.488807
v -16.218943 16.073097 8.893751
v -14.278013 6.449480 -6.655218
v 17.422955 24.187687 10.844619
v 22.060881 23.634882 11.656545
v 16.379694 8.704535 -0.677821
v 13.881248 22.888306 13.529265
v 24.724842 19.761892 16.128790
v 25.018812 16.083090 21.321220
v 22.942043 6.818092 4.367752
v 21.288851 14.401253 23.474453
v 16.827084 15.531797 23.172480
v 20.454060 5.403906 13.762233
v 14.021052 18.917336 18.579361
v 13.429671 6.157140 6.829289
v -6.615688 5.052011 -12.397908
v -3.578099 4.111587 -8.515112
v -11.574147 5.019506 -12.016489
v -4.735840 2.775428 -2.691914
v -8.722193 2.057930 5.238081
v -21.455931 7.067808 17.737474
v -20.303225 7.829689 15.700470
v -26.654915 7.649700 15.013097
v -21.317968 2.483998 16.495157
v -16.256947 6.485917 20.461849
v -15.318267 3.938482 -7.547830
v -19.148029 3.191028 -0.067663
v 16.061556 5.689427 -2.567758
v 21.004137 5.441551 -1.552617
v 12.291836 4.861511 0.732379
v 23.988079 4.159396 3.856030
v 26.292236 3.166689 12.215450
v 24.988667 5.722003 30.491102
v 24.349760 6.723548 28.354866
v 19.309080 5.372082 32.043736
v 24.791084 1.281957 28.820913
v 30.666016 6.087081 28.933474
v 12.607121 3.416496 6.860377
v 14.920676 2.495058 15.277351
v -17.017145 6.160123 9.111456
v -21.624113 6.708182 6.710001
v -12.431554 5.654881 11.529123
v -22.675724 4.149643 6.686604
v -23.146706 1.402910 6.999129
v -17.932119 0.800539 9.701589
v -12.732247 0.224793 12.418707
v -12.263856 2.962245 12.117866
v 22.413223 5.908907 21.062670
v 17.399538 5.610744 22.455410
v 27.427559 6.220704 19.674492
v 16.930338 2.898784 22.771347
v 17.133371 0.102430 22.920513
v 22.819016 0.437477 21.387440
v 28.506035 0.786141 19.863369
v 28.292122 3.576432 19.671364
v 20.089878 84.338547 19.296738
v 21.952757 87.041023 15.915051
v 22.807728 74.449409 15.086727
v 20.659203 82.373604 23.601482
v 25.776482 88.617020 16.481504
v 29.906914 89.387772 19.068083
v 30.461788 78.116875 10.945971
v 29.764191 87.313576 23.240126
v 28.460680 84.750801 26.842720
v 34.621567 78.374969 19.096901
v 24.146557 82.994751 25.934330
v 26.717236 75.569504 23.335846
v -16.832207 81.757423 18.806877
v -18.764952 80.508949 22.995848
v -18.368471 71.273773 15.949244
v -17.575283 83.888161 14.636308
v -22.930349 81.457916 23.994440
v -27.351255 83.437393 23.323101
v -24.560919 74.223145 21.946827
v -27.417679 85.495667 19.224039
v -26.146132 86.840187 14.885933
v -30.692514 75.496330 14.921804
v -21.415852 85.584785 13.762058
v -24.177242 73.746635 8.890216
v 24.411762 65.098640 17.063211
v 27.728680 65.525200 12.641817
v 24.231665 65.950836 22.312626
v 31.859720 67.012794 12.813522
v 36.441696 68.877655 15.503850
v 35.076962 69.125854 20.613882
v 32.946953 69.225304 25.277145
v 27.597797 67.432755 24.708582
v -20.762020 62.685059 19.662325
v -22.160204 64.857552 24.330582
v -22.550964 61.834576 14.449735
v -26.047279 66.717667 25.107866
v -31.255905 68.278053 23.470524
v -31.837139 66.922081 18.426872
v -31.547108 65.460724 13.341513
v -26.457201 63.174809 12.875070
v -0.591938 96.922264 44.936054
v 5.560252 103.865005 40.026405
v -0.675103 102.976410 49.447124
v -6.952459 103.454826 39.419010
v 8.093086 106.407883 37.342426
v 5.641233 109.965065 33.265671
v 11.223417 110.033989 40.735760
v -0.671416 112.335869 31.129030
v -6.829504 109.508713 32.660812
v -1.022453 114.859230 33.320286
v -9.402542 105.825500 36.513863
v -12.951046 109.200851 40.541336
v -0.773564 114.349892 57.130844
v 9.874688 117.704414 55.557301
v -11.634104 116.961044 55.862503
v 11.125591 123.531990 47.945061
v 9.213633 127.663475 40.275719
v -1.504956 128.365295 38.518002
v -12.095405 126.927010 40.578087
v -13.499506 122.680916 48.294479
v -19.317053 64.120071 -6.796424
v -17.923912 62.030117 -0.193697
v -16.939674 66.045555 -12.307279
v -11.195658 67.165482 -14.557646
v -3.701455 67.105675 -14.404770
v 3.144701 67.947983 -13.650661
v 10.035708 67.363739 -13.285092
v 17.464582 67.214874 -12.287366
v 22.922920 66.072449 -9.288991
v 24.237249 64.117966 -3.321196
v 21.923933 61.942589 2.960788
v 16.877848 61.169060 6.706360
v 10.659287 60.105892 8.309739
v 1.425086 60.675709 7.716244
v -7.780843 59.934711 6.606404
v -13.662151 61.061344 4.137294
v 34.027000 35.896778 28.852663
v 35.100842 36.565742 30.624493
v 35.398941 35.403790 23.889154
v 37.398750 36.162994 24.579298
v 37.709087 35.209206 18.939560
v 39.603580 35.724926 18.501976
v 41.485146 36.642757 20.242693
v 39.661041 37.021862 25.360023
v 37.803059 37.330326 30.155796
v -36.546230 33.905483 23.958540
v -34.890717 33.614243 25.063528
v -34.189178 35.176003 30.254086
v -36.231701 35.964729 30.094084
v -34.376286 36.982101 35.098125
v -35.917156 38.023979 36.229622
v -38.324875 38.506870 34.788803
v -38.646004 36.897026 29.904953
v -38.839294 35.138996 24.754210
vt 0.208431 0.494797
vt 0.208575 0.478116
vt 0.229443 0.475893
vt 0.229271 0.493426
vt 0.252729 0.492198
vt 0.256170 0.471571
vt 0.275357 0.475888
vt 0.275429 0.493819
vt 0.298111 0.492176
vt 0.294163 0.471736
vt 0.321331 0.475953
vt 0.321541 0.493432
vt 0.198757 0.641525
vt 0.200055 0.589825
vt 0.221664 0.590600
vt 0.219751 0.640956
vt 0.244967 0.639373
vt 0.247968 0.591507
vt 0.275466 0.591669
vt 0.275481 0.635804
vt 0.305994 0.639365
vt 0.302966 0.591494
vt 0.329276 0.590573
vt 0.331197 0.640955
vt 0.199789 0.728809
vt 0.197393 0.704590
vt 0.219517 0.692482
vt 0.227784 0.730211
vt 0.252859 0.733034
vt 0.249003 0.687406
vt 0.275511 0.688085
vt 0.275516 0.730408
vt 0.298175 0.733010
vt 0.302021 0.687396
vt 0.331536 0.692451
vt 0.323246 0.730162
vt 0.805511 0.686057
vt 0.204711 0.752714
vt 0.229559 0.760254
vt 0.782889 0.696424
vt 0.784986 0.875584
vt 0.254181 0.941082
vt 0.275435 0.940431
vt 0.742298 0.896742
vt 0.699334 0.736241
vt 0.297037 0.807427
vt 0.321459 0.760204
vt 0.696358 0.696343
vt 0.808954 0.641287
vt 0.805193 0.664541
vt 0.784300 0.671779
vt 0.785729 0.644267
vt 0.763331 0.647822
vt 0.762442 0.673765
vt 0.742276 0.741120
vt 0.739609 0.647377
vt 0.715889 0.647774
vt 0.716786 0.673709
vt 0.694936 0.671695
vt 0.693494 0.644181
vt 0.806875 0.557726
vt 0.810121 0.617205
vt 0.790367 0.607046
vt 0.787575 0.557696
vt 0.763367 0.556090
vt 0.764746 0.603486
vt 0.739627 0.603152
vt 0.739688 0.556093
vt 0.716014 0.556064
vt 0.714496 0.603455
vt 0.688836 0.606971
vt 0.691820 0.557642
vt 0.803405 0.420481
vt 0.802841 0.435733
vt 0.782960 0.432290
vt 0.783371 0.416064
vt 0.759505 0.410786
vt 0.759570 0.428509
vt 0.739756 0.426992
vt 0.739743 0.409699
vt 0.720007 0.410786
vt 0.719946 0.428500
vt 0.696571 0.432245
vt 0.696182 0.416016
vt 0.819305 0.093413
vt 0.797386 0.086157
vt 0.790779 0.072322
vt 0.822344 0.073237
vt 0.265809 0.416173
vt 0.762697 0.377789
vt 0.739788 0.389948
vt 0.275377 0.462947
vt 0.364323 0.097210
vt 0.342669 0.089884
vt 0.336664 0.075169
vt 0.367299 0.076188
vt 0.342559 0.494848
vt 0.342402 0.478170
vt 0.366070 0.480227
vt 0.366198 0.495669
vt 0.352247 0.641476
vt 0.350872 0.589816
vt 0.374237 0.588973
vt 0.374011 0.638442
vt 0.936729 0.462892
vt 0.940585 0.464321
vt 0.946953 0.476690
vt 0.936605 0.482861
vt 0.804780 0.405462
vt 0.824266 0.410023
vt 0.823186 0.423812
vt 0.805355 0.509178
vt 0.825584 0.509339
vt 0.825621 0.554997
vt 0.118742 0.522844
vt 0.058006 0.517789
vt 0.074507 0.510871
vt 0.084702 0.516921
vt 0.822269 0.350445
vt 0.784755 0.399833
vt 0.805305 0.347137
vt 0.793942 0.336256
vt 0.777469 0.322538
vt 0.236211 0.409364
vt 0.220899 0.415267
vt 0.203041 0.415110
vt 0.182178 0.419746
vt 0.685950 0.336155
vt 0.717407 0.377787
vt 0.694840 0.399772
vt 0.674409 0.347030
vt 0.657366 0.350391
vt 0.674734 0.405426
vt 0.637625 0.358046
vt 0.347747 0.415166
vt 0.329799 0.415381
vt 0.314324 0.409429
vt 0.706215 0.336018
vt 0.292514 0.404556
vt 0.870618 0.237836
vt 0.844433 0.293934
vt 0.832214 0.287148
vt 0.858351 0.228645
vt 0.844944 0.223065
vt 0.821107 0.280742
vt 0.243727 0.342391
vt 0.826584 0.212775
vt 0.214622 0.282882
vt 0.224361 0.346790
vt 0.210147 0.349538
vt 0.199596 0.284960
vt 0.184434 0.288656
vt 0.194986 0.352422
vt 0.864110 0.304875
vt 0.163133 0.290367
vt 0.634803 0.222910
vt 0.658751 0.280554
vt 0.647480 0.287052
vt 0.621343 0.228556
vt 0.609012 0.237734
vt 0.635143 0.293889
vt 0.375465 0.356065
vt 0.590820 0.249121
vt 0.366326 0.288752
vt 0.355651 0.352469
vt 0.340563 0.349608
vt 0.351134 0.285011
vt 0.336042 0.282967
vt 0.326383 0.346874
vt 0.678330 0.268182
vt 0.315081 0.275917
vt 0.789900 0.091626
vt 0.894734 0.181072
vt 0.223763 0.023658
vt 0.779683 0.072008
vt 0.205625 0.023651
vt 0.212375 0.030485
vt 0.208733 0.046428
vt 0.818124 0.043214
vt 0.919973 0.054113
vt 0.218394 0.124576
vt 0.231547 0.124829
vt 0.925982 0.076298
vt 0.853028 0.105343
vt 0.173602 0.224408
vt 0.245023 0.044913
vt 0.815784 0.102925
vt 0.335499 0.095534
vt 0.609223 0.166963
vt 0.147562 0.023794
vt 0.325939 0.074804
vt 0.129108 0.019171
vt 0.133886 0.026698
vt 0.125138 0.040618
vt 0.363323 0.044920
vt 0.461211 0.056389
vt 0.114656 0.083148
vt 0.128082 0.110700
vt 0.466974 0.079440
vt 0.396801 0.109583
vt 0.345740 0.218419
vt 0.158805 0.046562
vt 0.361009 0.107136
vt 0.212264 0.093809
vt 0.204982 0.218327
vt 0.226791 0.056935
vt 0.229179 0.093286
vt 0.246067 0.092223
vt 0.255137 0.092099
vt 0.884191 0.095549
vt 0.853655 0.095653
vt 0.854753 0.074189
vt 0.884265 0.075061
vt 0.885799 0.054616
vt 0.855335 0.052709
vt 0.203340 0.068369
vt 0.888472 0.044995
vt 0.116537 0.064410
vt 0.377147 0.224500
vt 0.136900 0.057215
vt 0.135301 0.068971
vt 0.159593 0.072808
vt 0.169578 0.075371
vt 0.426769 0.099419
vt 0.397393 0.099512
vt 0.398467 0.077209
vt 0.426850 0.078134
vt 0.428347 0.056895
vt 0.399054 0.054890
vt 0.111199 0.052142
vt 0.430928 0.046902
vt 0.398347 0.732496
vt 0.353774 0.704759
vt 0.655189 0.607952
vt 0.404645 0.715309
vt 0.625247 0.642548
vt 0.669008 0.617360
vt 0.670290 0.641156
vt 0.629866 0.657272
vt 0.633967 0.675274
vt 0.674058 0.664432
vt 0.345812 0.774768
vt 0.637449 0.692485
vt 0.387906 0.765553
vt 0.346295 0.752641
vt 0.351218 0.728717
vt 0.392980 0.747350
vt 0.854032 0.642643
vt 0.181252 0.694641
vt 0.859345 0.625630
vt 0.152631 0.732602
vt 0.157999 0.747449
vt 0.163074 0.765647
vt 0.167481 0.783084
vt 0.845329 0.675366
vt 0.849419 0.657366
vt 0.462802 0.754848
vt 0.433121 0.744888
vt 0.586158 0.633072
vt 0.469035 0.736153
vt 0.562716 0.661102
vt 0.591598 0.653084
vt 0.596668 0.669873
vt 0.567525 0.676181
vt 0.573571 0.695803
vt 0.602326 0.689166
vt 0.414557 0.801264
vt 0.575415 0.714705
vt 0.450039 0.789809
vt 0.420413 0.781867
vt 0.427222 0.762131
vt 0.457315 0.770152
vt 0.916571 0.661069
vt 0.887682 0.653104
vt 0.112049 0.724515
vt 0.922852 0.642462
vt 0.088177 0.754903
vt 0.117860 0.744959
vt 0.123753 0.762207
vt 0.093657 0.770210
vt 0.100926 0.789871
vt 0.130556 0.781946
vt 0.872833 0.708772
vt 0.104321 0.808576
vt 0.905760 0.695791
vt 0.876995 0.689207
vt 0.882631 0.669903
vt 0.911782 0.676158
vt 0.245118 0.820265
vt 0.256063 0.761423
vt 0.275458 0.816348
vt 0.275456 0.817082
vt 0.305796 0.819611
vt 0.322444 0.827635
vt 0.716707 0.746651
vt 0.742277 0.751635
vt 0.767846 0.746640
vt 0.232576 0.815700
vt 0.789238 0.746868
vt 0.242805 0.909093
vt 0.242913 0.847487
vt 0.275453 0.850080
vt 0.275444 0.899369
vt 0.308078 0.909112
vt 0.307992 0.847504
vt 0.685718 0.768892
vt 0.335635 0.923345
vt 0.710517 0.826756
vt 0.709025 0.772272
vt 0.742280 0.767854
vt 0.742288 0.823907
vt 0.774059 0.826743
vt 0.775535 0.772258
vt 0.216918 0.852154
vt 0.800161 0.835727
vt 0.803587 0.472219
vt 0.184266 0.511368
vt 0.823748 0.473030
vt 0.786007 0.508646
vt 0.783967 0.470951
vt 0.760849 0.468488
vt 0.762764 0.507838
vt 0.739729 0.507585
vt 0.739749 0.469813
vt 0.718652 0.468468
vt 0.716699 0.507812
vt 0.693463 0.508589
vt 0.695538 0.470900
vt 0.347089 0.550471
vt 0.343449 0.511536
vt 0.656251 0.437958
vt 0.370672 0.549455
vt 0.305626 0.550928
vt 0.300328 0.509969
vt 0.323635 0.511057
vt 0.326613 0.553291
vt 0.245263 0.550946
vt 0.250519 0.509979
vt 0.275426 0.509223
vt 0.275447 0.553833
vt 0.203857 0.550446
vt 0.207534 0.511493
vt 0.227207 0.511082
vt 0.224277 0.553331
vt 0.296688 0.941095
vt 0.317831 0.963343
vt 0.722395 0.859395
vt 0.742293 0.859091
vt 0.762190 0.859387
vt 0.672412 0.557619
vt 0.673996 0.509116
vt 0.676597 0.435714
vt 0.676064 0.420456
vt 0.798456 0.058765
vt 0.820876 0.052919
vt 0.343747 0.061021
vt 0.365907 0.055032
vt 0.963235 0.483911
vt 0.902883 0.489040
vt 0.909072 0.482168
vt 0.925033 0.475729
vt 0.931354 0.463643
vt 0.080884 0.498420
vt 0.084741 0.496992
vt 0.090126 0.497750
vt 0.096539 0.509638
vt 0.112499 0.516024
vt 0.245369 0.109349
vt 0.249130 0.116712
vt 0.914174 0.091435
vt 0.914507 0.075957
vt 0.915392 0.060496
vt 0.143488 0.116794
vt 0.145270 0.126440
vt 0.455609 0.095160
vt 0.455938 0.079081
vt 0.456800 0.063019
vt 0.982240 0.434188
vt 0.963585 0.427947
vt 0.946509 0.423110
vt 0.890921 0.433118
vt 0.882130 0.436526
vt 0.926679 0.423006
vt 0.909612 0.427375
vt 0.937930 0.422313
vt 0.075163 0.457134
vt 0.058225 0.461798
vt 0.039557 0.467684
vt 0.094859 0.456979
vt 0.083682 0.456346
vt 0.130564 0.466891
vt 0.111877 0.461251
vt 0.033116 0.470128
vt 0.675805 0.472192
vt 0.653419 0.509254
vt 0.655248 0.472962
vt 0.367019 0.511392
vt 0.176921 0.588998
vt 0.180547 0.549455
vt 0.822760 0.437993
vt 0.233028 0.963316
vt 0.215241 0.923308
vt 0.798841 0.768868
vt 0.699605 0.875602
vt 0.684417 0.835751
vt 0.333987 0.852188
vt 0.228471 0.827609
vt 0.254212 0.785439
vt 0.759269 0.697501
vt 0.785216 0.736222
vt 0.695315 0.746888
vt 0.719972 0.697428
vt 0.296799 0.785396
vt 0.318344 0.815723
vt 0.903939 0.714697
vt 0.136407 0.801345
vt 0.081951 0.736203
vt 0.893090 0.633076
vt 0.446638 0.808511
vt 0.606509 0.708725
vt 0.556410 0.642507
vt 0.438944 0.724452
vt 0.841861 0.692578
vt 0.205190 0.774839
vt 0.146366 0.715395
vt 0.823906 0.608060
vt 0.383498 0.782992
vt 0.673752 0.685953
vt 0.619881 0.625562
vt 0.369876 0.694574
vt 0.624476 0.158216
vt 0.327082 0.211968
vt 0.653476 0.212425
vt 0.306569 0.342322
vt 0.153133 0.050558
vt 0.361352 0.222428
vt 0.125968 0.045756
vt 0.396618 0.225899
vt 0.569871 0.190223
vt 0.388031 0.290471
vt 0.615162 0.304972
vt 0.596954 0.173816
vt 0.584932 0.180968
vt 0.909456 0.190131
vt 0.154402 0.225852
vt 0.888489 0.249012
vt 0.175675 0.355943
vt 0.241882 0.047343
vt 0.189385 0.222364
vt 0.213528 0.046751
vt 0.223402 0.212053
vt 0.855547 0.158550
vt 0.235225 0.276013
vt 0.801766 0.268578
vt 0.882733 0.173912
vt 0.870470 0.167071
vt 0.702590 0.322102
vt 0.284431 0.416033
vt 0.369025 0.419829
vt 0.654789 0.409992
vt 0.841623 0.358035
vt 0.185243 0.480200
vt 0.257695 0.404697
vt 0.773758 0.336466
vt 0.177136 0.638471
vt 0.185108 0.495641
vt 0.653403 0.554919
vt 0.655840 0.423782
vt 0.740026 0.329135
vt 0.739609 0.679991
vt 0.717946 0.727940
vt 0.321543 0.784229
vt 0.275425 0.981496
vt 0.229466 0.784279
vt 0.766602 0.727930
vt 0.275513 0.766895
vt 0.294962 0.761394
vt 0.158494 0.031032
vt 0.235614 0.029385
vt 0.253884 0.807420
vt 0.968218 0.693073
vt 0.970279 0.686813
vt 0.964692 0.720144
vt 0.041234 0.817480
vt 0.965692 0.701614
vt 0.035620 0.790589
vt 0.038855 0.799577
vt 0.026837 0.766821
vt 0.976742 0.669618
vt 0.033170 0.783659
vt 0.515345 0.790561
vt 0.512107 0.799546
vt 0.509721 0.817448
vt 0.514670 0.720260
vt 0.513647 0.701731
vt 0.511110 0.693195
vt 0.509040 0.686939
vt 0.502555 0.669755
vt 0.524137 0.766797
vt 0.517798 0.783632
vt 0.052820 0.522857
vt 0.139366 0.470253
vt 0.968347 0.489050
vt 0.988625 0.436785
vt 0.108883 0.091107
vt 0.106409 0.062482
vt 0.399209 0.044805
vt 0.459518 0.102060
vt 0.428604 0.109556
vt 0.167704 0.057128
vt 0.215342 0.132259
vt 0.203222 0.094543
vt 0.855471 0.043005
vt 0.918242 0.098075
vt 0.886101 0.105305
vt 0.255511 0.067846
vt 0.169019 0.047690
vt 0.166893 0.025823
vt 0.125973 0.120002
vt 0.337008 0.054912
vt 0.115292 0.038211
vt 0.149847 0.015689
vt 0.254586 0.043904
vt 0.241676 0.021944
vt 0.231922 0.132778
vt 0.791425 0.052872
vt 0.199112 0.046316
vt 0.223332 0.014444
vn -0.337690 0.591608 0.732097
vn -0.337690 0.591608 0.732097
vn -0.207076 0.262775 0.942374
vn -0.266842 0.407756 0.873230
vn -0.103705 -0.274766 0.955902
vn 0.273051 0.610295 0.743629
vn -0.223408 0.391370 0.892703
vn -0.216358 -0.661530 0.718030
vn 0.072728 -0.416768 0.906099
vn -0.357977 0.747977 0.558911
vn 0.168665 0.641326 0.748501
vn 0.160576 0.594228 0.788105
vn -0.920828 -0.195924 0.337178
vn -0.901669 -0.325274 0.284939
vn -0.659002 -0.574460 0.485502
vn -0.683408 -0.465593 0.562296
vn -0.298535 -0.605864 0.737432
vn -0.293360 -0.766577 0.571227
vn -0.030070 -0.808776 0.587347
vn -0.040118 -0.623292 0.780959
vn 0.229617 -0.603783 0.763362
vn 0.237351 -0.758504 0.606908
vn 0.599366 -0.574422 0.557495
vn 0.619604 -0.462351 0.634289
vn -0.266464 -0.539040 0.799020
vn -0.564126 -0.455620 0.688602
vn -0.645125 -0.461428 0.609014
vn -0.396965 -0.497449 0.771339
vn -0.185846 -0.447701 0.874657
vn -0.210230 -0.575249 0.790501
vn -0.043864 -0.582274 0.811809
vn -0.051432 -0.475387 0.878272
vn 0.079238 -0.441056 0.893975
vn 0.132508 -0.568642 0.811842
vn 0.580314 -0.438862 0.686029
vn 0.301227 -0.479932 0.823971
vn -0.886219 0.394048 0.243602
vn -0.769531 0.023591 0.638174
vn -0.428187 0.051969 0.902195
vn -0.486095 0.635307 0.600081
vn -0.642755 0.591944 0.486280
vn -0.493320 -0.058943 0.867848
vn 0.018389 -0.115063 0.993188
vn -0.014690 0.671435 0.740918
vn 0.388339 0.599783 0.699609
vn 0.061138 -0.079226 0.994980
vn 0.268871 0.063129 0.961105
vn 0.335106 0.643114 0.688556
vn -0.268354 0.456963 -0.848040
vn -0.752543 0.582795 -0.306640
vn -0.469880 0.882730 -0.000536
vn -0.204966 0.750863 -0.627849
vn -0.054062 0.821462 -0.567695
vn -0.190606 0.965189 -0.179110
vn 0.001762 0.911872 -0.410472
vn 0.017664 0.820303 -0.571656
vn 0.089753 0.827484 -0.554269
vn 0.154385 0.976282 -0.151787
vn 0.395035 0.913784 0.094584
vn 0.249644 0.776574 -0.578456
vn -0.833825 0.474492 -0.282121
vn -0.555236 0.473606 -0.683674
vn -0.375661 0.682271 -0.627204
vn -0.332628 0.717401 -0.612123
vn -0.025891 0.738086 -0.674210
vn -0.036389 0.729173 -0.683362
vn 0.029003 0.731988 -0.680700
vn 0.032313 0.734037 -0.678341
vn 0.093579 0.734809 -0.671788
vn 0.096228 0.731092 -0.675459
vn 0.418126 0.696162 -0.583549
vn 0.383112 0.716253 -0.583273
vn -0.597434 -0.124317 -0.792224
vn -0.633843 0.050943 -0.771782
vn -0.128348 0.108001 -0.985831
vn -0.107268 -0.100687 -0.989119
vn 0.100410 -0.084743 -0.991331
vn 0.072966 0.118561 -0.990262
vn 0.099597 0.115341 -0.988320
vn 0.122649 -0.102014 -0.987193
vn 0.081050 -0.126818 -0.988609
vn 0.097050 0.090746 -0.991134
vn 0.247483 0.086425 -0.965030
vn 0.205660 -0.126260 -0.970444
vn -0.059811 -0.986152 -0.154685
vn -0.033317 -0.976102 -0.214744
vn -0.014742 -0.978903 -0.203793
vn -0.039422 -0.988518 -0.145873
vn 0.939097 -0.245062 0.240920
vn 0.714131 -0.677299 -0.176867
vn 0.149148 -0.880594 -0.449788
vn -0.217897 -0.729775 0.648035
vn 0.008889 -0.989426 -0.144768
vn -0.005806 -0.978514 -0.206097
vn 0.006660 -0.977681 -0.209990
vn 0.020836 -0.988186 -0.151837
vn 0.969745 0.184435 0.159934
vn 0.969745 0.184435 0.159934
vn 0.969745 0.184435 0.159934
vn 0.969745 0.184435 0.159934
vn 0.880381 -0.188998 0.434982
vn 0.865344 -0.330735 0.376557
vn 0.999721 0.004269 0.023226
vn 0.980203 0.109958 0.164654
vn 0.296053 -0.938986 0.175094
vn 0.296051 -0.938987 0.175093
vn 0.296051 -0.938987 0.175093
vn 0.296053 -0.938986 0.175094
vn -0.908562 -0.271097 -0.317839
vn -0.908562 -0.271097 -0.317839
vn -0.908562 -0.271097 -0.317839
vn -0.908562 -0.271097 -0.317839
vn -0.722314 0.440253 -0.533329
vn -0.996174 0.023507 -0.084166
vn -0.991542 0.114436 0.061231
vn -0.363360 -0.877453 0.313123
vn -0.363360 -0.877453 0.313122
vn -0.363360 -0.877453 0.313122
vn -0.363360 -0.877453 0.313123
vn -0.226110 -0.800784 -0.554634
vn -0.257501 -0.745094 -0.615246
vn 0.013041 -0.786974 -0.616849
vn 0.071952 -0.816537 -0.572792
vn 0.964595 -0.263135 0.017783
vn 0.970922 -0.239048 0.012868
vn 0.644483 0.577368 0.501287
vn -0.040322 0.855861 0.515631
vn -0.068204 0.818217 0.570849
vn -0.997748 0.048774 0.046055
vn -0.997033 0.059382 0.048972
vn -0.997033 0.059382 0.048972
vn -0.997628 0.050680 0.046579
vn -0.307903 -0.881474 -0.358048
vn -0.252939 -0.876752 -0.409057
vn 0.038385 -0.881644 -0.470351
vn -0.018119 -0.903469 -0.428271
vn 0.962482 -0.213981 -0.166854
vn 0.961096 -0.216574 -0.171438
vn 0.961096 -0.216574 -0.171438
vn 0.962653 -0.213658 -0.166282
vn 0.387987 0.864314 0.320044
vn 0.280690 0.926809 0.249477
vn -0.030809 0.954075 0.297980
vn 0.024974 0.926328 0.375891
vn -0.667103 0.621081 0.411379
vn -0.922867 -0.262389 0.281902
vn -0.919759 0.180312 0.348613
vn -0.613660 0.666373 -0.423520
vn -0.585385 0.785500 -0.200783
vn -0.000000 0.998033 -0.062690
vn 0.117817 0.857423 -0.500943
vn 0.802521 0.553974 -0.221525
vn 0.724805 0.682393 -0.094855
vn 0.861591 -0.271208 0.429077
vn 0.968678 -0.158011 0.191562
vn 0.560784 -0.582523 0.588378
vn 0.325318 -0.491352 0.807924
vn -0.036046 -0.531206 0.846475
vn -0.072067 -0.710669 0.699826
vn -0.783473 -0.441169 0.437654
vn -0.413137 -0.504666 0.758044
vn -0.992492 -0.096807 0.074755
vn -0.978868 0.134032 -0.154446
vn -0.857043 0.437143 -0.272732
vn -0.784405 0.592995 -0.181842
vn -0.097136 0.952575 -0.288386
vn -0.200627 0.738519 -0.643691
vn 0.556833 0.598415 -0.576052
vn 0.505738 0.748232 -0.429392
vn 0.999979 -0.004957 0.004256
vn 0.969551 0.110301 -0.218641
vn 0.844355 -0.296005 0.446594
vn 0.508124 -0.290911 0.810667
vn 0.168605 -0.323723 0.931008
vn 0.191903 -0.507949 0.839739
vn -0.522683 -0.417934 0.743057
vn -0.203620 -0.320084 0.925249
vn -0.834140 -0.202268 0.513126
vn -0.957729 -0.122272 0.260395
vn -0.099858 0.496493 -0.862278
vn -0.099858 0.496493 -0.862278
vn 0.325120 0.521563 -0.788840
vn 0.385758 0.516773 -0.764288
vn 0.943915 0.235423 0.231520
vn 0.943915 0.235422 0.231520
vn 0.943915 0.235422 0.231520
vn 0.943915 0.235422 0.231520
vn 0.116204 0.977314 0.177070
vn 0.116204 0.977314 0.177070
vn 0.038828 0.989708 0.137732
vn 0.038855 0.989705 0.137745
vn -0.704896 0.685562 -0.182007
vn -0.704896 0.685562 -0.182007
vn -0.704896 0.685562 -0.182007
vn -0.704896 0.685562 -0.182007
vn -0.641590 0.456183 -0.616652
vn -0.641590 0.456183 -0.616652
vn -0.239069 0.535618 -0.809913
vn -0.245805 0.535221 -0.808158
vn 0.850082 0.378449 -0.366249
vn 0.850082 0.378449 -0.366249
vn 0.850082 0.378449 -0.366249
vn 0.850082 0.378449 -0.366249
vn 0.080844 0.977842 0.193105
vn 0.080844 0.977842 0.193105
vn -0.001730 0.976261 0.216591
vn -0.002141 0.976235 0.216704
vn -0.794187 0.493767 0.354206
vn -0.794186 0.493767 0.354206
vn -0.794186 0.493767 0.354206
vn -0.794187 0.493767 0.354206
vn 0.102265 0.991942 -0.074784
vn 0.102265 0.991942 -0.074784
vn 0.138694 0.988702 -0.056855
vn 0.139876 0.988569 -0.056269
vn -0.683086 0.515692 -0.517161
vn -0.683086 0.515692 -0.517161
vn -0.683086 0.515692 -0.517161
vn -0.683086 0.515692 -0.517161
vn -0.149579 -0.986730 0.063173
vn -0.111284 -0.993266 -0.032224
vn -0.097988 -0.994877 -0.024871
vn -0.142951 -0.987604 0.064835
vn 0.879406 -0.103517 0.464682
vn 0.885849 -0.105603 0.451796
vn 0.886337 -0.105762 0.450800
vn 0.879406 -0.103517 0.464682
vn -0.098572 0.994904 -0.021183
vn -0.098572 0.994904 -0.021183
vn -0.070054 0.997096 -0.029868
vn -0.070009 0.997099 -0.029882
vn -0.916672 0.367488 0.157052
vn -0.916672 0.367488 0.157052
vn -0.916672 0.367488 0.157052
vn -0.916672 0.367488 0.157052
vn 0.065057 -0.997226 0.036169
vn 0.040387 -0.998431 -0.038788
vn 0.048883 -0.997953 -0.041245
vn 0.068709 -0.996993 0.035822
vn 0.963605 0.057059 -0.261168
vn 0.963922 0.058087 -0.259771
vn 0.963933 0.058124 -0.259721
vn 0.963605 0.057059 -0.261168
vn -0.831760 -0.428959 0.352376
vn 0.534588 -0.484980 0.692105
vn -0.922911 -0.193627 -0.332781
vn -0.937726 -0.164109 -0.306168
vn -0.523378 0.211902 -0.825332
vn 0.589585 0.512175 -0.624553
vn 0.393303 0.561062 -0.728370
vn 0.177639 0.506053 -0.844011
vn 0.783046 0.552890 -0.284871
vn 0.767704 0.636966 -0.070035
vn 0.795857 0.386055 0.466448
vn 0.883545 0.307633 0.353143
vn 0.604309 -0.072388 0.793455
vn 0.634778 -0.008771 0.772645
vn 0.161586 -0.604195 0.780281
vn -0.232021 -0.500230 0.834228
vn 0.747415 0.097019 -0.657235
vn 0.982994 -0.159262 -0.091427
vn 0.986316 -0.164786 -0.005087
vn 0.673493 -0.335895 0.658469
vn -0.012372 -0.363477 0.931521
vn -0.800891 0.023592 0.598346
vn -0.944830 0.324856 0.042020
vn -0.656304 0.471407 -0.589101
vn 0.080470 0.358201 -0.930170
vn -0.926813 -0.209616 0.311575
vn -0.911390 -0.220462 0.347513
vn -0.909663 -0.175499 -0.376449
vn -0.885006 -0.346238 -0.311260
vn -0.480770 -0.326055 -0.813971
vn -0.416430 0.009969 -0.909113
vn 0.263427 0.229634 -0.936949
vn 0.359739 -0.126640 -0.924419
vn 0.949216 0.006778 -0.314553
vn 0.797013 0.338866 -0.499940
vn 0.925763 0.229808 0.300253
vn 0.940499 0.079142 0.330451
vn 0.561875 0.130789 0.816818
vn 0.572708 0.080250 0.815822
vn -0.291177 -0.140664 0.946271
vn -0.345115 0.078473 0.935274
vn 0.696597 -0.494579 -0.519754
vn 0.675066 -0.167043 -0.718598
vn 0.976310 -0.212713 -0.039650
vn 0.927065 -0.368352 0.069770
vn 0.780853 -0.075352 0.620154
vn 0.755344 -0.105513 0.646779
vn -0.037812 0.071286 0.996739
vn 0.035241 0.337274 0.940747
vn -0.786175 0.306666 0.536549
vn -0.815209 0.215262 0.537678
vn -0.969073 0.237945 -0.065419
vn -0.993745 0.111576 -0.004748
vn -0.795814 -0.121990 -0.593126
vn -0.572855 0.201288 -0.794557
vn 0.062685 0.027487 -0.997655
vn -0.053938 -0.371350 -0.926925
vn -0.541181 -0.820462 0.184297
vn -0.541181 -0.820462 0.184297
vn -0.541181 -0.820462 0.184297
vn -0.541181 -0.820462 0.184297
vn 0.931665 -0.362415 0.025596
vn 0.931665 -0.362415 0.025596
vn 0.984766 -0.173313 -0.014096
vn 0.634380 0.178160 -0.752211
vn 0.005994 0.802362 -0.596808
vn 0.004172 0.500953 -0.865465
vn -0.606322 0.158601 -0.779242
vn -0.546352 0.556221 0.626193
vn -0.959763 -0.251456 -0.125002
vn -0.717235 -0.348542 0.603400
vn -0.662277 -0.560820 0.496860
vn 0.017514 -0.692499 0.721206
vn 0.025126 -0.512373 0.858395
vn 0.754468 -0.286933 0.590295
vn 0.688733 -0.523656 0.501430
vn 0.982275 -0.185264 -0.028510
vn 0.988164 0.125618 0.088047
vn 0.670636 0.449668 -0.589954
vn 0.661812 0.241005 -0.709874
vn -0.015098 0.385359 -0.922643
vn -0.023123 0.478471 -0.877799
vn -0.709032 0.401752 -0.579542
vn -0.683588 0.203259 -0.700994
vn -0.969447 -0.244657 -0.017758
vn -0.994267 0.047214 0.095934
vn -0.668997 0.257461 -0.697249
vn -0.981485 -0.075419 -0.176065
vn -0.985985 -0.028940 -0.164306
vn -0.231763 0.633553 -0.738171
vn -0.171117 0.388382 -0.905472
vn 0.032066 0.388199 -0.921018
vn -0.005321 0.649151 -0.760641
vn 0.043630 0.641434 -0.765937
vn 0.068679 0.399468 -0.914171
vn 0.104977 0.371543 -0.922462
vn 0.096229 0.642665 -0.760080
vn 0.309696 0.618877 -0.721858
vn 0.283989 0.360219 -0.888590
vn 0.823458 -0.342273 0.452512
vn 0.789395 -0.328052 0.518881
vn 0.997096 -0.074904 -0.013777
vn 0.998028 -0.060962 -0.014945
vn 0.141729 -0.758613 0.635939
vn 0.091423 -0.577195 0.811473
vn 0.360240 -0.544739 0.757289
vn 0.447883 -0.609519 0.654132
vn -0.257951 -0.747777 0.611793
vn -0.219122 -0.564591 0.795753
vn -0.072042 -0.557777 0.826858
vn -0.053105 -0.792967 0.606946
vn -0.889615 -0.321879 0.324006
vn -0.876095 -0.282529 0.390686
vn -0.474913 -0.509336 0.717659
vn -0.560442 -0.594232 0.576883
vn -0.217408 -0.757910 0.615066
vn -0.350739 -0.661329 0.663044
vn -0.881654 -0.265742 0.389959
vn 0.140335 -0.729057 0.669912
vn 0.134496 -0.796892 0.588960
vn -0.051830 -0.776035 0.628557
vn 0.194994 0.808554 0.555174
vn 0.194994 0.808554 0.555174
vn 0.836589 -0.322101 0.443137
vn 0.256492 -0.777000 0.574876
vn -0.206505 -0.092436 0.974069
vn -0.058585 -0.321381 0.945136
vn 0.537946 0.007944 0.842942
vn 0.601093 0.640299 0.478231
vn 0.491539 0.868934 -0.057827
vn -0.036287 0.988966 -0.143633
vn -0.531798 0.846034 -0.037652
vn 0.853382 0.478305 -0.207280
vn 0.780234 0.420567 -0.462989
vn 0.140552 -0.585678 -0.798265
vn 0.112724 -0.544856 -0.830918
vn 0.090894 -0.541261 -0.835928
vn -0.262052 -0.445688 -0.855974
vn -0.262052 -0.445688 -0.855974
vn 0.043722 -0.664635 -0.745888
vn -0.646483 -0.756614 -0.097959
vn 0.319412 -0.627250 -0.710305
vn -0.065897 -0.597754 -0.798967
vn 0.725113 0.053702 -0.686533
vn 0.650408 -0.106043 -0.752147
vn 0.288843 -0.507761 -0.811634
vn 0.288843 -0.507761 -0.811634
vn -0.054408 -0.630097 -0.774608
vn -0.034068 -0.625158 -0.779754
vn 0.003623 -0.981217 -0.192874
vn -0.021913 -0.991008 -0.131998
vn -0.084449 -0.996253 -0.018676
vn 0.019258 -0.976668 -0.213888
vn 0.034058 -0.987519 -0.153776
vn 0.057170 -0.997370 -0.044554
vn 0.957065 -0.182448 -0.225253
vn 0.957065 -0.182448 -0.225253
vn 0.957065 -0.182448 -0.225253
vn 0.957065 -0.182448 -0.225253
vn 0.992066 -0.077776 -0.098775
vn 0.947826 0.201496 0.247033
vn 0.296052 -0.938987 0.175093
vn 0.296052 -0.938987 0.175093
vn 0.296054 -0.938986 0.175092
vn 0.296054 -0.938986 0.175092
vn 0.296055 -0.938986 0.175092
vn 0.296055 -0.938986 0.175092
vn 0.296054 -0.938986 0.175094
vn 0.296054 -0.938986 0.175094
vn -0.991629 -0.005532 0.129003
vn -0.991629 -0.005532 0.129003
vn -0.991629 -0.005532 0.129003
vn -0.991629 -0.005532 0.129003
vn -0.969303 -0.120163 -0.214506
vn -0.971701 0.190633 0.139483
vn -0.363362 -0.877452 0.313123
vn -0.363362 -0.877452 0.313123
vn -0.363361 -0.877452 0.313124
vn -0.363361 -0.877452 0.313124
vn -0.363361 -0.877452 0.313124
vn -0.363361 -0.877452 0.313124
vn -0.363361 -0.877453 0.313123
vn -0.363361 -0.877452 0.313123
vn 0.366055 -0.751841 -0.548397
vn 0.393195 -0.774277 -0.495877
vn 0.425403 -0.798311 -0.426301
vn 0.107456 -0.868398 -0.484086
vn -0.193465 -0.849577 -0.490704
vn 0.906719 0.224528 0.356999
vn 0.911103 0.267769 0.313355
vn 0.911103 0.267769 0.313355
vn 0.984214 -0.176981 0.000307
vn 0.984214 -0.176981 0.000307
vn -0.369709 0.801976 0.469200
vn -0.469331 0.724142 0.505318
vn -0.544474 0.651510 0.528283
vn -0.122014 0.760921 0.637270
vn 0.365792 0.704137 0.608595
vn -0.927257 -0.305121 -0.217013
vn -0.927257 -0.305121 -0.217013
vn -0.930198 -0.303891 -0.205868
vn -0.930693 -0.303675 -0.203940
vn -0.933766 -0.302264 -0.191619
vn -0.933766 -0.302264 -0.191619
vn -0.998264 0.039669 0.043547
vn -0.998264 0.039669 0.043547
vn 0.278771 -0.826135 -0.489682
vn 0.259246 -0.862235 -0.435135
vn 0.237558 -0.895660 -0.375979
vn -0.059584 -0.933905 -0.352521
vn -0.374182 -0.880375 -0.291424
vn 0.979395 0.201948 -0.001550
vn 0.979395 0.201948 -0.001550
vn 0.986856 0.161404 -0.008009
vn 0.985518 0.169438 -0.006734
vn 0.991228 0.131546 -0.012728
vn 0.991228 0.131546 -0.012728
vn 0.963935 -0.211199 -0.161940
vn 0.963935 -0.211199 -0.161940
vn -0.370816 0.786906 0.493228
vn 0.076077 0.876079 0.476127
vn 0.471541 0.798616 0.373981
vn -0.940045 -0.324575 0.104720
vn -0.947330 -0.304729 0.098518
vn -0.967455 -0.240571 0.078458
vn -0.967455 -0.240571 0.078458
vn -0.934107 0.203215 0.293510
vn -0.934107 0.203215 0.293510
vn 0.851194 0.414056 -0.322531
vn 0.173026 0.726400 -0.665136
vn -0.594482 0.556924 -0.580023
vn 0.681143 -0.652480 0.332136
vn 0.989850 -0.108872 0.091347
vn -0.991937 -0.126658 -0.004410
vn -0.250745 -0.883802 0.394996
vn -0.937484 0.207623 -0.279315
vn 0.592078 0.450695 -0.668070
vn -0.224722 0.591754 -0.774162
vn -0.893213 0.297465 -0.337173
vn 0.974089 -0.217542 0.061853
vn 0.944369 0.131605 -0.301410
vn -0.752860 -0.450654 0.479700
vn 0.225789 -0.733860 0.640678
vn -0.984878 -0.092699 0.146366
vn 0.746288 0.425171 -0.512136
vn 0.746288 0.425171 -0.512136
vn 0.801842 0.038073 -0.596322
vn 0.801842 0.038073 -0.596322
vn 0.428175 0.098212 -0.898343
vn 0.407467 0.100549 -0.907668
vn -0.071900 0.136458 -0.988033
vn -0.071900 0.136458 -0.988033
vn 0.729666 0.468575 0.498022
vn 0.729666 0.468575 0.498022
vn 0.729666 0.468575 0.498022
vn 0.729666 0.468575 0.498021
vn 0.891835 -0.107576 0.439383
vn 0.891835 -0.107576 0.439383
vn 0.978699 -0.082820 0.187856
vn 0.978699 -0.082820 0.187856
vn 0.978699 -0.082820 0.187856
vn 0.978699 -0.082820 0.187856
vn -0.038722 0.994492 0.097400
vn -0.038722 0.994492 0.097400
vn -0.508868 -0.293561 0.809244
vn -0.508868 -0.293561 0.809244
vn -0.469074 -0.298253 0.831273
vn -0.469090 -0.298252 0.831265
vn -0.428359 -0.302317 0.851536
vn -0.428359 -0.302317 0.851536
vn -0.770779 0.400433 -0.495534
vn -0.770779 0.400433 -0.495534
vn -0.770779 0.400433 -0.495534
vn -0.770779 0.400433 -0.495534
vn -0.771778 0.116881 -0.625058
vn -0.771778 0.116881 -0.625058
vn -0.771778 0.116881 -0.625058
vn -0.771778 0.116881 -0.625058
vn -0.889335 0.115174 -0.442513
vn -0.883191 0.109304 -0.456100
vn -0.883614 0.109703 -0.455182
vn -0.889335 0.115174 -0.442513
vn 0.199416 0.507375 -0.838334
vn 0.199416 0.507375 -0.838334
vn 0.208483 0.142923 -0.967527
vn 0.208483 0.142923 -0.967527
vn -0.260405 0.129212 -0.956814
vn -0.257872 0.129372 -0.957478
vn -0.669949 0.087361 -0.737249
vn -0.669949 0.087361 -0.737249
vn 0.801497 0.594389 -0.065601
vn 0.801497 0.594389 -0.065601
vn 0.801497 0.594389 -0.065601
vn 0.801497 0.594389 -0.065601
vn 0.964210 0.059030 -0.258487
vn 0.964210 0.059030 -0.258487
vn 0.881901 0.080721 -0.464473
vn 0.881901 0.080721 -0.464473
vn 0.881901 0.080721 -0.464473
vn 0.881901 0.080721 -0.464473
vn -0.084762 0.967412 0.238601
vn -0.084762 0.967412 0.238601
vn 0.219802 -0.404786 0.887601
vn 0.219802 -0.404786 0.887601
vn 0.264540 -0.401903 0.876637
vn 0.264813 -0.401883 0.876564
vn 0.309083 -0.398129 0.863690
vn 0.309083 -0.398129 0.863690
vn -0.956012 0.266891 0.121700
vn -0.956012 0.266891 0.121700
vn -0.956012 0.266891 0.121700
vn -0.956012 0.266891 0.121700
vn -0.998262 -0.037812 0.045210
vn -0.998262 -0.037812 0.045210
vn -0.998262 -0.037812 0.045211
vn -0.998262 -0.037812 0.045210
vn -0.964252 -0.058763 0.258389
vn -0.963951 -0.057949 0.259691
vn -0.963963 -0.057981 0.259641
vn -0.964252 -0.058763 0.258389
vn 0.177101 0.983469 -0.037724
vn 0.177101 0.983469 -0.037724
vn 0.073241 0.988266 -0.134041
vn 0.073241 0.988266 -0.134041
vn 0.158975 0.983145 -0.090292
vn 0.159237 0.983115 -0.090156
vn 0.243536 0.968822 -0.045541
vn 0.243536 0.968822 -0.045541
vn -0.876650 0.103251 -0.469918
vn -0.876651 0.103251 -0.469918
vn -0.939543 -0.112915 -0.323280
vn -0.939543 -0.112915 -0.323280
vn -0.939543 -0.112915 -0.323280
vn -0.939543 -0.112915 -0.323280
vn -0.636192 0.622329 -0.456034
vn -0.636192 0.622329 -0.456034
vn -0.636192 0.622329 -0.456034
vn -0.636192 0.622329 -0.456034
vn -0.136295 -0.988434 0.066498
vn -0.133878 -0.959063 0.249550
vn -0.133878 -0.959063 0.249550
vn -0.216152 -0.954003 0.207742
vn -0.215823 -0.954040 0.207915
vn -0.296496 -0.940812 0.164207
vn -0.296496 -0.940812 0.164207
vn 0.885164 0.316756 0.340808
vn 0.885164 0.316756 0.340808
vn 0.885164 0.316756 0.340808
vn 0.885164 0.316756 0.340808
vn 0.830852 0.460126 0.313001
vn 0.830852 0.460126 0.313001
vn 0.830852 0.460126 0.313001
vn 0.830852 0.460126 0.313001
vn 0.762210 -0.304642 0.571165
vn 0.762210 -0.304642 0.571165
vn 0.762210 -0.304642 0.571165
vn 0.762210 -0.304642 0.571165
vn -0.041777 0.998388 -0.038434
vn -0.041777 0.998388 -0.038434
vn -0.160353 0.987056 0.002727
vn -0.160353 0.987056 0.002727
vn -0.068020 0.997414 -0.023210
vn -0.067648 0.997437 -0.023314
vn 0.025049 0.998487 -0.048960
vn 0.025049 0.998487 -0.048960
vn -0.963622 -0.057065 0.261105
vn -0.963622 -0.057065 0.261105
vn -0.885688 -0.278043 0.371819
vn -0.885688 -0.278043 0.371819
vn -0.885688 -0.278043 0.371819
vn -0.885688 -0.278043 0.371819
vn -0.843688 0.505541 0.180606
vn -0.843688 0.505541 0.180606
vn -0.843688 0.505541 0.180606
vn -0.843688 0.505541 0.180606
vn 0.072348 -0.996748 0.035476
vn 0.191850 -0.972318 0.133385
vn 0.191849 -0.972318 0.133385
vn 0.102948 -0.982199 0.157118
vn 0.102751 -0.982212 0.157168
vn 0.013213 -0.983671 0.179493
vn 0.013213 -0.983671 0.179493
vn 0.822868 0.470888 -0.318046
vn 0.822868 0.470888 -0.318046
vn 0.822868 0.470888 -0.318046
vn 0.822868 0.470888 -0.318046
vn 0.759478 0.597609 -0.257013
vn 0.759478 0.597609 -0.257013
vn 0.759478 0.597609 -0.257013
vn 0.759478 0.597609 -0.257013
vn 0.976478 -0.169194 -0.133657
vn 0.976478 -0.169194 -0.133657
vn 0.976478 -0.169194 -0.133657
vn 0.976478 -0.169194 -0.133657
vn -0.526170 -0.381004 -0.760251
vn -0.867564 -0.403407 -0.290854
vn -0.919945 -0.268357 0.285807
vn 0.965324 -0.002614 -0.261043
vn 0.343726 -0.142230 -0.928237
vn 0.550169 0.113678 0.827280
vn 0.938591 0.059922 0.339788
vn -0.359272 0.050411 0.931870
vn 0.780886 -0.140199 0.608738
vn 0.902426 -0.419636 0.097636
vn 0.722049 -0.534837 -0.438856
vn -0.777511 0.293115 0.556382
vn 0.052061 0.307037 0.950273
vn -0.839232 -0.121363 -0.530057
vn -0.995170 0.097588 0.010696
vn -0.038684 -0.398437 -0.916379
vn 0.574329 -0.788866 0.218718
vn 0.574329 -0.788866 0.218718
vn 0.574329 -0.788866 0.218718
vn 0.574329 -0.788866 0.218718
vn 0.695739 -0.696015 0.177511
vn -0.011309 -0.897236 0.441406
vn -0.662197 -0.733354 0.153904
vn 0.778975 -0.555701 -0.290508
vn -0.907394 -0.414937 -0.066813
vn -0.907394 -0.414937 -0.066813
vn -0.740080 -0.592166 -0.318779
vn 0.758729 0.227243 -0.610484
vn -0.360305 0.104913 0.926916
vn -0.832089 -0.124064 0.540588
vn -0.832089 -0.124064 0.540588
vn -0.359535 0.105204 0.927182
vn -0.928295 -0.319919 -0.189529
vn -0.928295 -0.319919 -0.189529
vn -0.928295 -0.319918 -0.189529
vn -0.928295 -0.319919 -0.189529
vn -0.844443 -0.337073 -0.416290
vn -0.844443 -0.337073 -0.416290
vn -0.844443 -0.337073 -0.416290
vn -0.844443 -0.337073 -0.416290
vn -0.175182 -0.204164 -0.963135
vn 0.337685 -0.034504 -0.940627
vn 0.337717 -0.034492 -0.940616
vn -0.175182 -0.204163 -0.963135
vn 0.654818 0.097529 -0.749467
vn 0.654818 0.097529 -0.749467
vn 0.888884 0.353932 0.290889
vn 0.888884 0.353932 0.290889
vn 0.888884 0.353932 0.290889
vn 0.888884 0.353932 0.290890
vn 0.878984 0.355901 0.317366
vn 0.878984 0.355901 0.317366
vn 0.878984 0.355901 0.317366
vn 0.878984 0.355901 0.317366
vn 0.103479 0.251175 0.962395
vn 0.103479 0.251175 0.962394
vn -0.036751 -0.289287 -0.956537
vn 0.453356 -0.432954 -0.779114
vn 0.453356 -0.432954 -0.779114
vn -0.036784 -0.289274 -0.956539
vn 0.920475 -0.388620 -0.041246
vn 0.920475 -0.388620 -0.041246
vn 0.920475 -0.388620 -0.041246
vn 0.920475 -0.388620 -0.041246
vn 0.931927 -0.310221 0.187816
vn 0.931927 -0.310221 0.187816
vn 0.931927 -0.310221 0.187816
vn 0.931927 -0.310221 0.187816
vn 0.624296 0.059512 0.778918
vn 0.064468 0.354971 0.932652
vn 0.063679 0.355273 0.932591
vn 0.624296 0.059512 0.778918
vn -0.383514 0.481798 0.787901
vn -0.383514 0.481798 0.787901
vn -0.922737 0.379937 -0.064836
vn -0.922738 0.379936 -0.064836
vn -0.922737 0.379937 -0.064836
vn -0.922738 0.379937 -0.064836
vn -0.924178 0.370810 -0.091622
vn -0.924178 0.370810 -0.091622
vn -0.924178 0.370810 -0.091622
vn -0.924178 0.370810 -0.091622
vn -0.392855 -0.129237 -0.910474
vn -0.392856 -0.129237 -0.910474
s 1
g pCube1
usemtl pCube1SG
f 101/1/1 1/2/2 98/3/3 97/4/4
f 99/5/5 2/6/6 103/7/7 102/8/8
f 104/9/9 3/10/10 107/11/11 106/12/12
s 3
f 114/13/13 5/14/14 111/15/15 110/16/16
f 112/17/17 6/18/18 116/19/19 115/20/20
f 117/21/21 7/22/22 120/23/23 119/24/24
f 126/25/25 9/26/26 113/27/27 123/28/28
f 124/29/29 10/30/30 118/31/31 127/32/32
f 128/33/33 11/34/34 122/35/35 130/36/36
f 136/424/37 13/38/38 125/39/39 133/474/40
f 141/401/41 85/42/42 138/43/43 137/473/44
f 145/413/45 15/477/46 132/47/47 142/472/48
f 149/49/49 17/50/50 135/51/51 146/52/52
f 147/53/53 18/54/54 151/470/55 150/56/56
f 152/57/57 19/58/58 144/59/59 154/60/60
f 160/61/61 21/62/62 148/63/63 157/64/64
f 158/65/65 22/66/66 153/67/67 161/68/68
f 162/69/69 23/70/70 156/71/71 164/72/72
f 171/73/73 90/74/74 168/75/75 167/76/76
f 169/77/77 91/78/78 173/79/79 172/80/80
f 174/81/81 92/82/82 177/83/83 176/84/84
s 10
f 184/85/85 49/86/86 181/87/87 180/88/88
s 1
f 187/464/89 30/90/90 175/91/91 185/469/92
s 12
f 192/93/93 53/94/94 189/95/95 188/96/96
s off
f 108/97/97 4/98/98 194/99/99 193/100/100
s 3
f 121/101/101 8/102/102 197/103/103 196/104/104
s 13
f 378/105/105 377/106/106 379/107/107 380/108/108
s off
f 171/73/109 29/109/110 204/110/111 203/111/112
s 3
f 160/61/61 25/112/113 207/113/114 206/114/115
s 14
f 386/501/116 387/116/117 388/117/118 389/118/119
s 15
f 216/119/120 29/109/121 170/120/122 213/121/123
s 1
f 214/122/124 30/90/90 187/464/89 217/123/125
f 218/124/126 2/6/6 98/3/127 220/125/128
s 17
f 221/126/129 1/2/130 204/462/131 223/127/132
s 18
f 228/128/133 31/129/134 179/130/135 225/131/136
s 19
f 226/132/137 32/133/138 194/460/139 229/134/140
s 1
f 230/135/141 4/98/142 107/11/143 232/136/144
f 233/137/145 3/10/10 186/458/146 235/139/147
s 21
f 240/140/148 33/141/149 215/142/150 237/143/151
f 238/144/152 34/145/153 219/454/154 241/147/155
f 242/148/156 35/149/157 222/150/158 244/151/159
f 245/152/160 36/153/161 224/447/162 247/155/163
s 22
f 252/156/164 37/157/165 227/158/166 249/159/167
f 250/160/168 38/161/169 231/441/170 253/163/171
f 254/164/172 39/165/173 234/166/174 256/167/175
f 257/168/176 40/169/177 236/434/178 259/171/179
s 23
f 263/524/180 41/479/181 239/174/182 261/528/183
s off
f 262/176/184 42/177/185 243/178/186 264/527/187
s 24
f 270/511/188 58/181/189 267/182/190 266/525/191
s off
f 272/516/192 44/448/193 248/186/194 271/523/195
s 25
f 275/518/196 45/478/197 251/190/198 273/522/199
s off
f 274/192/200 46/193/201 255/194/202 276/521/203
s 26
f 282/505/204 62/197/205 279/198/206 278/519/207
s off
f 284/510/208 48/435/209 260/202/210 283/517/211
s 27
f 287/204/212 43/450/213 246/206/214 285/207/215
s off
f 286/208/216 44/448/217 272/516/218 288/209/219
s 10
f 289/210/220 52/211/221 183/212/222 290/213/223
s 28
f 291/214/224 51/215/225 265/513/226 292/217/227
s 29
f 295/218/228 47/437/229 258/220/230 293/221/231
s off
f 294/222/232 48/435/233 284/510/234 296/223/235
s 12
f 297/224/236 56/225/237 191/226/238 298/227/239
s 30
f 299/228/240 55/229/241 277/507/242 300/231/243
s 3
f 304/232/244 12/233/245 198/430/246 301/235/247
f 302/236/248 24/237/249 155/238/250 305/239/251
f 306/240/252 20/241/253 143/428/254 308/243/255
f 309/244/256 16/245/257 131/246/258 311/247/259
f 316/248/260 21/62/62 208/426/261 313/250/262
f 314/251/263 9/26/26 126/25/25 317/252/264
f 318/253/265 13/38/38 136/424/37 320/254/266
f 321/255/267 17/50/50 149/49/49 323/256/268
f 327/257/269 66/258/270 303/422/271 325/260/272
f 326/261/273 65/262/274 307/263/275 328/264/276
f 329/265/277 67/266/278 310/420/279 330/268/280
f 331/269/281 68/270/282 312/271/283 332/272/284
f 335/273/285 69/274/286 315/418/287 333/276/288
f 334/277/289 70/278/290 319/279/291 336/280/292
f 337/281/293 71/282/294 322/416/295 338/284/296
f 339/285/297 72/286/298 324/287/299 340/288/300
s off
f 344/289/301 14/480/302 129/291/303 341/292/304
s 3
f 342/293/305 15/46/306 145/414/45 345/294/307
f 346/295/308 19/471/58 151/55/309 348/296/310
f 349/297/311 18/475/54 134/410/312 351/299/313
f 355/300/314 81/301/315 343/302/316 353/303/317
f 354/304/318 82/305/319 347/406/320 356/307/321
f 357/308/322 83/309/323 350/310/324 358/311/325
f 359/312/326 84/313/327 352/403/328 360/315/329
f 363/316/330 90/74/74 205/400/331 361/318/332
f 363/316/330 25/112/113 159/319/333 364/320/334
f 365/321/335 26/322/336 163/323/337 366/324/338
f 367/325/339 27/326/340 166/327/341 368/328/342
f 371/329/343 94/330/344 195/397/345 370/332/346
f 373/333/347 95/334/348 109/335/349 372/336/350
f 375/337/351 96/338/352 105/339/353 374/340/354
f 362/341/355 89/342/356 100/343/357 376/344/358
s 1
f 98/3/3 2/6/6 99/5/5 97/4/4
s 3
f 99/5/359 96/338/352 100/343/357 97/4/360
f 100/343/357 89/342/356 101/1/361 97/4/360
s 1
f 103/7/7 3/10/10 104/9/9 102/8/362
s 3
f 104/9/363 95/334/348 105/339/353 102/8/364
f 105/339/353 96/338/352 99/5/359 102/8/364
s 1
f 107/11/11 4/98/365 108/97/366 106/12/12
s 3
f 108/97/367 94/330/344 109/335/349 106/12/368
f 109/335/349 95/334/348 104/9/363 106/12/368
f 111/15/15 6/18/18 112/17/17 110/16/16
f 112/17/17 10/30/30 113/27/27 110/16/16
f 113/27/27 9/26/26 114/13/13 110/16/16
f 116/19/19 7/22/22 117/21/21 115/20/20
f 117/21/21 11/34/34 118/31/31 115/20/20
f 118/31/31 10/30/30 112/17/17 115/20/20
f 120/23/23 8/102/102 121/101/101 119/24/24
f 121/101/101 12/233/245 122/35/35 119/24/24
f 122/35/35 11/34/34 117/21/21 119/24/24
f 113/27/27 10/30/30 124/29/29 123/28/28
f 124/29/29 14/290/369 125/39/39 123/28/28
f 125/39/39 13/38/38 126/25/25 123/28/28
f 118/31/31 11/34/34 128/33/33 127/32/32
f 128/33/33 15/477/46 129/476/370 127/32/32
f 129/476/370 14/290/369 124/29/29 127/32/32
f 122/35/35 12/233/245 131/246/258 130/36/36
f 131/246/258 16/245/257 132/47/47 130/36/36
f 132/47/47 15/477/46 128/33/33 130/36/36
f 125/39/39 14/290/369 134/408/312 133/474/40
f 134/409/312 18/54/54 135/51/51 133/40/40
f 135/51/51 17/50/50 136/37/37 133/40/40
f 138/43/43 86/345/371 139/346/372 137/473/44
f 139/404/372 87/347/373 140/348/374 137/44/44
f 140/348/374 88/349/375 141/41/41 137/44/44
f 132/47/47 16/245/257 143/242/254 142/472/48
f 143/428/254 20/241/253 144/59/59 142/48/48
f 144/59/59 19/58/58 145/412/45 142/48/48
f 135/51/51 18/54/54 147/53/53 146/52/52
f 147/53/53 22/66/66 148/63/63 146/52/52
f 148/63/63 21/62/62 149/49/49 146/52/52
f 151/470/55 19/58/58 152/57/57 150/56/56
f 152/57/57 23/70/70 153/67/67 150/56/56
f 153/67/67 22/66/66 147/53/53 150/56/56
f 144/59/59 20/241/253 155/238/250 154/60/60
f 155/238/250 24/237/249 156/71/71 154/60/60
f 156/71/71 23/70/70 152/57/57 154/60/60
f 148/63/63 22/66/66 158/65/65 157/64/64
f 158/65/65 26/322/336 159/319/333 157/64/64
f 159/319/333 25/112/113 160/61/61 157/64/64
f 153/67/67 23/70/70 162/69/69 161/68/68
f 162/69/69 27/326/340 163/323/337 161/68/68
f 163/323/337 26/322/336 158/65/65 161/68/68
f 156/71/71 24/237/249 165/350/376 164/72/72
f 165/350/376 28/351/377 166/327/341 164/72/72
f 166/327/341 27/326/340 162/69/69 164/72/72
f 168/75/75 91/78/78 169/77/77 167/76/76
s 1
f 169/77/378 30/90/90 170/120/379 167/76/380
f 170/120/379 29/109/381 171/73/382 167/76/380
s 3
f 173/79/79 92/82/82 174/81/81 172/80/80
s 1
f 174/81/383 31/129/384 175/91/91 172/80/385
f 175/91/91 30/90/90 169/77/378 172/80/386
s 3
f 177/83/83 93/352/387 178/353/388 176/84/84
s 1
f 178/353/389 32/133/390 179/130/391 176/84/392
f 179/130/391 31/129/384 174/81/383 176/84/392
s 10
f 181/87/87 50/354/393 182/355/394 180/88/88
f 182/355/394 51/215/395 183/212/222 180/88/88
f 183/212/222 52/211/221 184/85/85 180/88/88
s 1
f 175/91/91 31/129/384 186/138/146 185/469/92
f 186/458/146 3/10/10 103/7/7 185/92/92
f 103/7/7 2/6/6 187/89/89 185/92/92
s 12
f 189/95/95 54/356/396 190/357/397 188/96/96
f 190/357/397 55/229/398 191/226/238 188/96/96
f 191/226/238 56/225/237 192/93/93 188/96/96
s off
f 194/460/399 32/133/400 178/353/401 193/468/402
s 3
f 178/353/388 93/352/387 195/331/345 193/468/403
f 195/397/345 94/330/344 108/97/367 193/100/403
f 197/395/103 28/351/377 165/350/376 196/467/104
f 165/350/376 24/237/249 198/234/404 196/467/104
f 198/430/404 12/233/245 121/101/101 196/104/104
s 41
f 379/107/405 381/358/406 382/503/407 380/108/408
f 382/359/407 383/360/409 384/361/410 380/108/408
s 13
f 384/361/411 385/362/412 378/105/105 380/108/108
s off
f 204/462/413 1/2/414 101/1/415 203/466/416
s 3
f 101/1/361 89/342/356 205/317/331 203/466/417
f 205/400/331 90/74/74 171/73/73 203/111/417
f 207/398/114 5/14/14 114/13/13 206/465/115
f 114/13/13 9/26/26 208/249/418 206/465/115
f 208/426/418 21/62/62 160/61/61 206/114/115
s 42
f 388/117/419 390/363/420 391/364/421 389/118/422
f 391/364/421 392/365/423 393/366/424 389/118/422
s 14
f 393/366/425 394/367/426 386/115/116 389/118/119
s 15
f 170/120/122 30/90/427 214/122/428 213/121/123
f 214/122/428 34/145/429 215/142/430 213/121/123
f 215/142/430 33/141/431 216/119/120 213/121/123
s 1
f 187/89/89 2/6/6 218/124/126 217/463/432
f 218/124/126 35/149/433 219/146/434 217/463/432
f 219/454/435 34/145/436 214/122/124 217/123/125
f 98/3/127 1/2/437 221/126/438 220/125/128
f 221/126/438 36/153/439 222/150/440 220/125/128
f 222/150/440 35/149/441 218/124/126 220/125/128
s 43
f 204/110/442 29/109/443 216/119/444 223/461/445
f 216/119/444 33/141/446 224/154/447 223/461/445
s 17
f 224/447/448 36/153/449 221/126/129 223/127/132
s 18
f 179/130/135 32/133/450 226/132/451 225/131/136
f 226/132/451 38/161/452 227/158/453 225/131/136
f 227/158/453 37/157/454 228/128/133 225/131/136
s 44
f 194/99/455 4/98/456 230/135/457 229/459/458
f 230/135/457 39/165/459 231/162/460 229/459/458
s 19
f 231/441/461 38/161/462 226/132/137 229/134/140
s 1
f 107/11/143 3/10/10 233/137/145 232/136/144
f 233/137/145 40/169/463 234/166/464 232/136/144
f 234/166/464 39/165/465 230/135/141 232/136/144
f 186/138/146 31/129/384 228/128/466 235/457/467
f 228/128/466 37/157/468 236/170/469 235/457/467
f 236/434/470 40/169/471 233/137/145 235/139/147
s 21
f 215/142/150 34/145/153 238/144/152 237/143/151
f 238/144/152 42/456/472 239/455/473 237/143/151
f 239/455/473 41/173/474 240/140/148 237/143/151
f 219/146/154 35/149/157 242/148/156 241/453/155
f 242/148/156 43/205/475 243/451/476 241/453/155
f 243/452/476 42/456/472 238/144/152 241/147/155
f 222/150/158 36/153/161 245/152/160 244/151/159
f 245/152/160 44/185/477 246/449/478 244/151/159
f 246/449/478 43/205/475 242/148/156 244/151/159
f 224/154/162 33/141/149 240/140/148 247/446/163
f 240/140/148 41/173/474 248/444/479 247/446/163
f 248/445/479 44/185/477 245/152/160 247/155/163
s 22
f 227/158/166 38/161/169 250/160/168 249/159/167
f 250/160/168 46/443/480 251/442/481 249/159/167
f 251/442/481 45/189/482 252/156/164 249/159/167
f 231/162/170 39/165/173 254/164/172 253/440/171
f 254/164/172 47/219/483 255/438/484 253/440/171
f 255/439/484 46/443/480 250/160/168 253/163/171
f 234/166/174 40/169/177 257/168/176 256/167/175
f 257/168/176 48/201/485 258/436/486 256/167/175
f 258/436/486 47/219/483 254/164/172 256/167/175
f 236/170/178 37/157/165 252/156/164 259/433/179
f 252/156/164 45/189/482 260/431/487 259/433/179
f 260/432/487 48/201/485 257/168/176 259/171/179
s 23
f 239/174/182 42/177/488 262/176/489 261/528/183
s 45
f 262/526/490 50/354/491 181/87/492 261/175/493
f 181/87/492 49/86/494 263/172/495 261/175/493
s off
f 243/178/496 43/450/497 265/216/498 264/527/499
s 28
f 265/513/226 51/215/225 182/355/500 264/179/501
s off
f 182/355/502 50/354/503 262/526/504 264/179/505
s 24
f 267/182/190 57/368/506 268/369/507 266/525/191
s 46
f 268/514/508 59/370/509 269/371/510 266/183/511
f 269/371/510 60/372/512 270/180/513 266/183/511
s off
f 248/186/514 41/479/515 263/524/516 271/523/517
f 263/172/518 49/86/519 184/85/520 271/187/521
s 47
f 184/85/522 52/211/523 272/184/524 271/187/525
s 25
f 251/190/198 46/193/526 274/192/527 273/522/199
s 48
f 274/520/528 54/356/529 189/95/530 273/191/531
f 189/95/530 53/94/532 275/188/533 273/191/531
s off
f 255/194/534 47/437/535 277/230/536 276/521/537
s 30
f 277/507/242 55/229/241 190/357/538 276/195/539
s off
f 190/357/540 54/356/541 274/520/542 276/195/543
s 26
f 279/198/206 61/373/544 280/374/545 278/519/207
s 49
f 280/508/546 63/375/547 281/376/548 278/199/549
f 281/376/548 64/377/550 282/196/551 278/199/549
s off
f 260/202/552 45/478/553 275/518/554 283/517/555
f 275/188/556 53/94/557 192/93/558 283/203/559
s 50
f 192/93/560 56/225/561 284/200/562 283/203/563
s 27
f 246/206/214 44/448/564 286/208/565 285/207/215
s 51
f 286/208/566 57/368/567 267/182/568 285/207/569
f 267/182/568 58/181/570 287/204/571 285/207/569
s 47
f 272/184/524 52/211/523 289/210/572 288/515/573
s off
f 289/210/574 59/370/575 268/514/576 288/515/577
f 268/369/578 57/368/579 286/208/580 288/209/581
s 10
f 183/212/222 51/215/395 291/214/582 290/213/223
s 52
f 291/214/583 60/372/584 269/371/585 290/213/586
f 269/371/585 59/370/587 289/210/588 290/213/586
s off
f 265/216/589 43/450/590 287/204/591 292/512/592
f 287/204/593 58/181/594 270/511/595 292/512/596
f 270/180/597 60/372/598 291/214/599 292/217/600
s 29
f 258/220/230 48/435/601 294/222/602 293/221/231
s 53
f 294/222/603 61/373/604 279/198/605 293/221/606
f 279/198/605 62/197/607 295/218/608 293/221/606
s 50
f 284/200/562 56/225/561 297/224/609 296/509/610
s off
f 297/224/611 63/375/612 280/508/613 296/509/614
f 280/374/615 61/373/616 294/222/617 296/223/618
s 12
f 191/226/238 55/229/398 299/228/619 298/227/239
s 54
f 299/228/620 64/377/621 281/376/622 298/227/623
f 281/376/622 63/375/624 297/224/625 298/227/623
s off
f 277/230/626 47/437/627 295/218/628 300/506/629
f 295/218/630 62/197/631 282/505/632 300/506/633
f 282/196/634 64/377/635 299/228/636 300/231/637
s 3
f 198/234/246 24/237/249 302/236/248 301/429/247
f 302/236/248 65/262/274 303/259/271 301/429/247
f 303/422/271 66/258/270 304/232/244 301/235/247
f 155/238/250 20/241/253 306/240/252 305/239/251
f 306/240/252 67/266/278 307/263/275 305/239/251
f 307/263/275 65/262/274 302/236/248 305/239/251
f 143/242/254 16/245/257 309/244/256 308/427/255
f 309/244/256 68/270/282 310/267/279 308/427/255
f 310/420/279 67/266/278 306/240/252 308/243/255
f 131/246/258 12/233/245 304/232/244 311/247/259
f 304/232/244 66/258/270 312/271/283 311/247/259
f 312/271/283 68/270/282 309/244/256 311/247/259
f 208/249/261 9/26/26 314/251/263 313/425/262
f 314/251/263 70/278/290 315/275/287 313/425/262
f 315/418/287 69/274/286 316/248/260 313/250/262
f 126/25/25 13/38/38 318/253/265 317/252/264
f 318/253/265 71/282/294 319/279/291 317/252/264
f 319/279/291 70/278/290 314/251/263 317/252/264
f 136/37/37 17/50/50 321/255/267 320/423/266
f 321/255/267 72/286/298 322/283/295 320/423/266
f 322/416/295 71/282/294 318/253/265 320/254/266
f 149/49/49 21/62/62 316/248/260 323/256/268
f 316/248/260 69/274/286 324/287/299 323/256/268
f 324/287/299 72/286/298 321/255/267 323/256/268
f 303/259/271 65/262/274 326/261/273 325/421/272
f 326/261/273 73/497/638 199/498/639 325/421/272
f 199/499/639 74/500/640 327/257/269 325/260/272
f 307/263/275 67/266/278 329/265/277 328/264/276
f 329/265/277 75/495/641 200/496/642 328/264/276
f 200/496/642 73/497/638 326/261/273 328/264/276
f 310/267/279 68/270/282 331/269/281 330/419/280
f 331/269/281 76/492/643 201/493/644 330/419/280
f 201/494/644 75/495/641 329/265/277 330/268/280
f 312/271/283 66/258/270 327/257/269 332/272/284
f 327/257/269 74/500/640 202/491/645 332/272/284
f 202/491/645 76/492/643 331/269/281 332/272/284
f 315/275/287 70/278/290 334/277/289 333/417/288
f 334/277/289 78/490/646 209/488/647 333/417/288
f 209/489/647 77/482/648 335/273/285 333/276/288
f 319/279/291 71/282/294 337/281/293 336/280/292
f 337/281/293 79/487/649 210/486/650 336/280/292
f 210/486/650 78/490/646 334/277/289 336/280/292
f 322/283/295 72/286/298 339/285/297 338/415/296
f 339/285/297 80/485/651 211/483/652 338/415/296
f 211/484/652 79/487/649 337/281/293 338/284/296
f 324/287/299 69/274/286 335/273/285 340/288/300
f 335/273/285 77/482/648 212/481/653 340/288/300
f 212/481/653 80/485/651 339/285/297 340/288/300
s off
f 129/291/654 15/46/655 342/293/656 341/292/657
s 3
f 342/293/658 82/305/319 343/302/316 341/292/659
f 343/302/316 81/301/315 344/289/660 341/292/659
f 145/45/45 19/471/58 346/295/308 345/411/307
f 346/295/308 83/309/323 347/306/320 345/411/661
f 347/406/320 82/305/319 342/293/658 345/294/661
f 151/55/309 18/475/54 349/297/311 348/296/310
f 349/297/311 84/313/327 350/310/324 348/296/310
f 350/310/324 83/309/323 346/295/308 348/296/310
f 134/298/312 14/480/662 344/289/663 351/407/313
f 344/289/660 81/301/315 352/314/328 351/407/664
f 352/403/328 84/313/327 349/297/311 351/299/664
f 343/302/316 82/305/319 354/304/318 353/303/317
f 354/304/318 86/345/371 138/43/43 353/303/317
f 138/43/43 85/42/42 355/300/314 353/303/317
f 347/306/320 83/309/323 357/308/322 356/405/321
f 357/308/322 87/347/373 139/404/372 356/405/321
f 139/346/372 86/345/371 354/304/318 356/307/321
f 350/310/324 84/313/327 359/312/326 358/311/325
f 359/312/326 88/349/375 140/348/374 358/311/325
f 140/348/374 87/347/373 357/308/322 358/311/325
f 352/314/328 81/301/315 355/300/314 360/402/329
f 355/300/314 85/42/42 141/401/41 360/402/329
f 141/41/41 88/349/375 359/312/326 360/315/329
f 205/317/331 89/342/356 362/341/355 361/399/332
f 362/341/355 5/14/14 207/398/114 361/399/332
f 207/113/114 25/112/113 363/316/330 361/318/332
f 159/319/333 26/322/336 365/321/335 364/320/334
f 365/321/335 91/78/78 168/75/75 364/320/334
f 168/75/75 90/74/74 363/316/330 364/320/334
f 163/323/337 27/326/340 367/325/339 366/324/338
f 367/325/339 92/82/82 173/79/79 366/324/338
f 173/79/79 91/78/78 365/321/335 366/324/338
f 166/327/341 28/351/377 369/394/665 368/328/342
f 369/394/665 93/352/387 177/83/83 368/328/342
f 177/83/83 92/82/82 367/325/339 368/328/342
f 195/331/345 93/352/387 369/394/665 370/396/346
f 369/394/665 28/351/377 197/395/103 370/396/346
f 197/103/103 8/102/102 371/329/343 370/332/346
f 109/335/349 94/330/344 371/329/343 372/336/350
f 371/329/343 8/102/102 120/23/23 372/336/350
f 120/23/23 7/22/22 373/333/347 372/336/350
f 105/339/353 95/334/348 373/333/347 374/340/354
f 373/333/347 7/22/22 116/19/19 374/340/354
f 116/19/19 6/18/18 375/337/351 374/340/354
f 100/343/357 96/338/352 375/337/351 376/344/358
f 375/337/351 6/18/18 111/15/15 376/344/358
f 111/15/15 5/14/14 362/341/355 376/344/358
s 55
f 202/385/666 74/380/667 377/106/668 378/105/669
s off
f 74/380/670 199/379/671 379/107/672 377/106/673
f 199/379/674 73/378/675 381/358/676 379/107/677
s 56
f 73/378/678 200/504/679 382/503/680 381/358/681
f 200/382/679 75/381/682 383/360/683 382/359/680
s off
f 75/381/684 201/384/685 384/361/686 383/360/687
f 201/384/688 76/383/689 385/362/690 384/361/691
s 55
f 76/383/692 202/385/666 378/105/669 385/362/693
s 57
f 212/393/694 77/388/695 387/116/696 386/501/697
s off
f 77/388/698 209/387/699 388/117/700 387/116/701
f 209/387/702 78/386/703 390/363/704 388/117/705
s 58
f 78/386/706 210/390/707 391/364/708 390/363/709
f 210/390/707 79/389/710 392/365/711 391/364/708
s off
f 79/389/712 211/392/713 393/366/714 392/365/715
f 211/392/716 80/391/717 394/367/718 393/366/719
s 57
f 80/391/720 212/502/694 386/115/697 394/367/721
