# This file uses centimeters as units for non-parametric coordinates.

mtllib my_animation.0016.mtl
g default
v -16.652714 54.143711 -0.151608
v -3.197378 53.847252 0.474930
v 7.970055 55.035862 1.730763
v 21.807707 55.942223 1.146523
v -19.166752 75.103508 5.033981
v -7.961724 68.645317 13.230251
v 10.241229 68.610847 13.966125
v 22.229568 74.929314 6.797363
v -16.510824 99.521370 21.513962
v -7.142585 91.104668 27.325548
v 8.023328 91.682304 28.260864
v 17.803480 100.975357 23.684158
v -21.589415 106.206184 27.816978
v -6.288034 110.835510 31.844490
v 5.139001 111.264915 32.519501
v 20.956142 107.846718 30.794203
v -22.854208 110.869064 17.958197
v -7.843788 117.849182 22.004776
v 7.321179 118.461723 22.988495
v 23.491583 113.166153 21.539598
v -16.739353 103.952492 14.629817
v -6.477273 104.911850 8.028086
v 8.687416 105.485413 8.958939
v 18.459112 105.985184 16.856285
v -18.748173 83.365089 -4.862184
v -5.554803 85.560699 -7.426468
v 9.617735 85.622025 -6.752897
v 22.657816 83.363968 -3.327921
v -15.272751 48.623753 -10.875568
v -1.982012 46.735867 -7.965352
v 7.937356 46.823864 -5.160971
v 21.091438 49.486797 -8.526207
v -13.711979 25.175766 15.070879
v -6.139150 25.482235 15.703433
v -7.734219 31.271257 24.914303
v -15.319294 30.636057 24.269802
v 15.582192 29.914747 22.015804
v 23.297230 29.818226 20.784914
v 24.845318 37.923065 28.969868
v 17.133223 37.967014 30.189018
v -10.964464 8.278170 -10.078333
v -4.175471 7.183914 -7.465233
v -8.683563 4.797653 1.563762
v -15.196938 5.748108 -1.632883
v 12.908041 8.046849 2.150865
v 20.153057 8.665825 0.159547
v 23.162085 6.075804 10.055868
v 15.933949 5.503724 12.121263
v -11.220985 2.181347 -12.413286
v -3.423807 1.005647 -8.512464
v -9.231523 -0.699534 5.426153
v -19.486198 0.732748 -0.155655
v 12.102910 2.139100 0.534328
v 20.759806 2.819233 -1.929621
v 26.429693 0.657711 12.100504
v 15.130588 -0.191520 15.380727
v -24.694836 7.674795 13.441504
v -16.642237 6.534026 17.931076
v -25.447550 4.235877 13.922993
v -17.393501 3.095404 18.410034
v 20.189018 5.540947 29.687342
v 29.072002 6.265048 27.065691
v 20.536526 2.027128 29.963514
v 29.425230 2.759189 27.363491
v 31.757330 84.451103 15.014911
v 25.744856 86.454079 23.013227
v 39.837486 90.138260 19.306644
v 34.140301 91.192871 27.613401
v -28.545946 80.633698 14.264616
v -24.142616 84.999069 22.389006
v -33.687305 89.346466 24.345089
v -37.451649 86.620766 15.574570
v 33.828991 63.298717 36.453377
v 27.632624 68.111809 42.277504
v 36.719135 65.193657 37.962204
v 30.522213 70.007050 43.787209
v -33.559235 64.386292 39.190987
v -28.762865 70.844246 44.739948
v -31.965082 72.762390 45.275490
v -36.761452 66.304436 39.726532
v -8.605262 117.163841 41.281101
v 7.077154 117.636955 41.315208
v 9.813590 126.581673 27.562626
v -11.897748 125.801781 27.457676
v -8.427739 134.968948 52.615120
v 6.425647 135.425781 52.386433
v 5.501180 147.628143 39.279030
v -8.658283 147.192657 39.497032
v -17.340088 59.162003 -1.765411
v -16.307507 59.147301 -13.769247
v -3.137860 59.985489 -15.473332
v 8.847606 60.234615 -14.273092
v 21.736870 59.997066 -11.314121
v 21.271067 59.987217 0.775691
v 8.940337 58.632607 4.747496
v -5.709565 58.387894 3.651098
v -11.537704 56.944504 0.597747
v -11.088453 54.842068 1.585304
v -4.744774 55.985111 1.826110
v -12.455366 59.078743 1.527533
v -16.988586 56.561001 -1.975566
v 1.865257 55.573738 2.656373
v 2.279428 53.873055 2.318280
v 8.667112 56.331486 2.756042
v 1.588779 57.987793 4.559563
v 15.690922 57.770161 1.937034
v 16.019091 56.424698 2.785571
v 21.487978 57.691566 -0.221750
v 15.903538 59.574360 3.458562
v -14.901381 82.456558 17.045549
v -15.089229 71.607765 9.389344
v -8.415501 79.800850 20.515419
v -14.299760 93.479713 24.027018
v -19.146029 85.465469 13.136212
v 1.018327 78.788452 20.483810
v 1.112910 68.079582 14.264060
v 10.382753 80.111107 21.441877
v 0.475252 92.108215 26.779465
v 17.053659 82.967697 18.647490
v 17.663357 71.539978 10.710495
v 21.791805 86.084175 15.357320
v 15.448063 94.607773 25.877832
v -13.563019 102.246803 29.382099
v -6.949958 103.111526 31.926561
v -15.061077 110.145943 31.764122
v -19.347767 101.706284 26.157473
v -0.257734 102.720963 32.018997
v 6.345094 103.623909 32.749947
v -0.678114 111.785522 34.869648
v 13.331233 103.337440 31.106266
v 19.437462 103.330017 28.600864
v 13.694090 111.222649 33.663185
v -15.497746 115.342560 27.584221
v -7.235275 116.293884 28.575258
v -16.673702 117.424225 20.827229
v -22.533342 109.152313 23.266390
v -1.164557 141.108795 53.689289
v -0.988783 134.971573 52.846188
v 7.278001 141.751968 48.870518
v -1.648030 149.033554 38.117905
v -10.712855 141.188889 49.162441
v 14.292356 116.472145 29.638121
v 22.396194 111.052605 26.613794
v 16.262102 118.800735 23.216528
v 6.064656 116.770386 29.332035
v -14.527891 112.530846 14.948700
v -7.343777 114.625198 15.716229
v -13.964802 104.409470 8.947163
v -20.386454 107.467209 14.283210
v 0.253197 114.912209 16.182560
v -0.501944 120.913284 23.449102
v 7.863118 115.216118 16.661812
v 1.106978 105.204262 8.500029
v 15.362225 113.884491 17.022081
v 21.960001 110.008743 17.320372
v 16.169270 105.655846 10.852362
v -13.512547 94.676224 1.203005
v -5.790452 94.973831 0.630255
v -13.206909 85.356567 -7.087019
v -18.805061 92.722282 3.635993
v 1.812521 95.122017 1.048627
v 9.371026 95.321365 1.418607
v 2.072515 85.307861 -7.393485
v 16.976627 95.247597 2.777534
v 22.270645 93.542770 5.664745
v 17.179527 85.285324 -5.868989
v -9.865807 53.777897 -15.211411
v -10.450342 59.399651 -15.876207
v -2.652822 54.765064 -14.967609
v -9.306770 48.448212 -12.935084
v -15.769759 53.591942 -13.203218
v 2.941483 55.070435 -14.099349
v 2.899477 60.635044 -14.818664
v 8.523657 54.727646 -13.451933
v 3.027339 49.900986 -11.900822
v 15.589561 54.049595 -13.002305
v 16.072083 59.893124 -13.828426
v 21.338156 54.333878 -10.987089
v 15.187605 48.560375 -9.996099
v -10.172122 0.460906 -5.116585
v -6.223202 1.978061 -12.649343
v -4.950183 -0.083975 -2.525128
v -14.385257 -0.050039 2.658898
v -15.303203 1.430365 -7.853072
v 2.693038 53.124077 2.803450
v 9.771807 44.607861 8.370742
v -2.739433 42.126358 3.696485
v 18.268532 1.104869 5.288188
v 15.789966 2.931579 -2.904969
v 23.895687 1.688465 3.601597
v 20.789989 0.192545 13.763515
v 12.589375 0.805176 6.846252
v 22.860706 55.868279 -5.894372
v 22.788582 52.501453 -4.045963
v 23.081459 60.032532 -5.559298
v 24.050783 89.522583 9.959641
v 24.471947 79.358871 1.550123
v 18.380995 102.626419 19.432367
v 30.052536 65.383850 39.137440
v 35.608727 63.599396 36.498360
v 33.586834 67.701134 40.982552
v 28.031019 69.485359 43.621067
v -17.904482 54.741295 -7.971587
v -17.381264 50.992847 -5.790926
v -18.468449 59.072918 -8.257622
v -20.997593 88.724030 7.575734
v -21.110209 79.477890 -0.281009
v -16.527231 100.626823 17.560213
v -30.438522 67.311729 41.932613
v -29.463795 72.433212 45.652916
v -34.354443 69.657394 42.587521
v -35.329170 64.535919 38.867218
v -9.361500 35.215797 0.146313
v -5.305760 36.228256 2.730690
v -9.591664 24.905874 14.523353
v -14.477666 35.394142 2.380135
v -4.252605 40.390137 7.599085
v -6.822298 44.142132 12.576227
v -5.552780 28.454294 20.811222
v -11.392347 45.853970 13.299897
v -16.006144 43.498077 12.154155
v -11.667358 32.344204 26.469856
v -16.532246 39.418648 7.116066
v -15.678041 27.822161 19.929613
v 16.838326 37.523922 5.146758
v 22.088419 38.378510 6.517679
v 19.143709 29.155306 20.705582
v 12.743763 38.556744 7.907554
v 23.939489 43.334019 10.298708
v 23.430603 48.222595 14.736696
v 25.162949 34.023659 25.069431
v 18.590803 50.390244 15.929398
v 14.095366 48.452141 16.140060
v 21.102726 39.530647 31.093966
v 11.723217 43.625458 12.194986
v 15.075374 34.103172 26.602934
v -8.562703 23.020006 2.843649
v -4.944154 21.351826 5.129132
v -6.803340 8.383948 -10.481730
v -13.071430 22.101126 4.029745
v -4.585581 16.733173 9.462733
v -7.172565 12.740635 13.700720
v -5.031398 5.550001 -2.884253
v -11.518799 11.360929 14.320492
v -15.257671 13.333510 12.696707
v -13.440636 5.260854 2.557836
v -15.446225 17.631502 8.142012
v -13.921679 6.787473 -6.623389
v 17.089983 24.766396 10.007154
v 21.743055 24.299080 10.784165
v 16.018705 8.941977 -0.584142
v 13.594849 23.589695 12.812650
v 24.502214 20.705904 15.455441
v 24.901333 17.307220 20.878963
v 22.685829 7.171688 4.432160
v 21.217896 15.699519 23.197910
v 16.741152 16.766462 22.890097
v 20.390919 5.615174 13.852493
v 13.838530 19.888430 18.112465
v 13.226967 6.415214 7.069993
v -6.090562 5.089074 -12.250386
v -3.204643 4.039683 -8.262218
v -11.076630 5.229084 -11.971207
v -4.589062 2.728291 -2.423297
v -8.790693 2.070518 5.388168
v -21.682323 7.307724 17.557659
v -20.461277 8.048989 15.553126
v -26.796543 8.028261 14.708826
v -21.626198 2.726835 16.298290
v -16.568104 6.587186 20.406492
v -15.010298 4.255939 -7.543376
v -19.052448 3.507504 -0.166372
v 15.695926 5.979285 -2.444020
v 20.657867 5.792686 -1.501456
v 11.996701 5.104650 0.944879
v 23.755381 4.525337 3.885466
v 26.231941 3.454374 12.165386
v 25.231762 5.862756 30.422258
v 24.536520 6.857520 28.302896
v 19.589457 5.410420 32.080791
v 25.077450 1.425672 28.742579
v 30.871235 6.331867 28.758413
v 12.442317 3.630905 7.101108
v 14.931462 2.598829 15.440355
v -17.061501 6.328863 9.049014
v -21.590530 6.997152 6.534303
v -12.550846 5.699900 11.576678
v -22.702290 4.465719 6.470648
v -23.246780 1.730267 6.756396
v -18.118967 0.989825 9.586302
v -13.002975 0.274087 12.427183
v -12.462421 3.001191 12.154219
v 22.479946 6.034652 21.059961
v 17.499907 5.648973 22.549452
v 27.460676 6.432835 19.573942
v 17.079536 2.930294 22.858093
v 17.329641 0.138715 22.987894
v 22.979343 0.572972 21.349731
v 28.630491 1.019735 19.718304
v 28.367636 3.805806 19.543383
v 23.380653 94.167206 18.886795
v 25.855122 96.367805 15.567228
v 27.595261 84.368019 18.457350
v 22.952684 93.222374 23.473017
v 29.247229 98.555550 16.677168
v 32.465698 100.411415 19.935377
v 36.068027 87.115891 15.986260
v 31.409769 99.212982 24.270075
v 29.421183 97.280876 27.914370
v 37.753460 90.533112 23.931389
v 25.657887 94.788452 26.355440
v 28.916452 88.961052 25.963598
v -21.399935 91.395706 17.737831
v -21.855837 91.167038 22.437754
v -25.108938 81.602531 18.305937
v -23.272881 93.033279 13.723195
v -25.250690 93.043808 24.478321
v -29.388742 95.739044 24.889776
v -28.022453 87.573219 24.092428
v -30.616796 97.163864 20.706831
v -30.744146 97.649452 16.093758
v -36.426319 87.848770 20.284876
v -26.899118 95.336784 13.811255
v -32.998192 83.289703 13.729291
v 27.218864 77.283379 25.232117
v 31.870754 75.788521 22.577034
v 25.373579 80.559120 28.989941
v 35.854958 77.510338 23.388783
v 39.451622 80.731216 26.277744
v 36.479404 83.236458 29.872572
v 32.905785 85.425117 32.872589
v 27.892115 83.232185 31.383478
v -25.657513 76.183746 26.401678
v -24.675524 80.348976 29.588762
v -29.677795 73.770966 23.351900
v -27.725994 83.223015 30.832537
v -33.080227 85.152374 30.839901
v -35.983395 82.054222 27.653950
v -38.083225 78.742188 24.140739
v -33.831989 75.311562 22.910601
v -0.678445 109.660622 39.873402
v 5.490774 116.156860 34.236027
v -0.721201 115.580055 43.612362
v -7.028278 115.735832 33.747772
v 8.022633 118.363075 31.239676
v 5.565035 121.417824 26.755930
v 11.192573 122.200531 34.470707
v -0.737088 123.677940 24.473843
v -6.911590 120.955376 26.279528
v -1.047599 126.747688 26.831118
v -9.482044 117.759811 30.573757
v -12.988383 121.434387 34.382957
v -0.777823 126.669022 50.917606
v 9.879741 129.939789 49.306683
v -11.631337 129.278198 49.637875
v 11.144927 135.692963 41.640392
v 9.241009 139.761200 33.935329
v -1.476561 140.486282 32.180847
v -12.070293 139.105759 34.263443
v -13.482788 134.935516 42.019569
v -19.833179 69.819138 -5.903905
v -18.360231 68.328133 0.851174
v -17.522005 71.277695 -11.601186
v -11.809058 72.259560 -14.004363
v -4.314282 72.309685 -13.914083
v 2.528495 73.263054 -13.308436
v 9.428897 72.807129 -12.952895
v 16.865181 72.849968 -12.009135
v 22.358774 72.064217 -8.960471
v 23.742846 70.662148 -2.839064
v 21.504080 69.021507 3.652442
v 16.495590 68.523720 7.510708
v 10.310867 67.520241 9.239388
v 1.051573 67.949806 8.728706
v -8.144603 66.980850 7.748456
v -14.064001 67.831093 5.254697
v 28.591288 58.310349 52.190247
v 29.071741 59.831364 53.672039
v 31.497990 55.536728 48.931446
v 33.220627 56.666180 49.830772
v 35.311172 53.090755 45.873672
v 37.289337 53.448437 45.947636
v 38.563873 55.223408 47.571774
v 35.169373 57.943890 50.848125
v 31.843990 60.443001 53.888351
v -38.236992 56.527481 49.938122
v -36.264244 56.333210 50.280277
v -33.192589 59.692673 53.305519
v -35.056828 60.809364 53.617298
v -31.063107 63.336155 56.297516
v -31.876648 65.091240 57.296467
v -34.667038 65.494942 56.900238
v -37.260391 62.129318 53.985821
v -39.868164 58.491978 50.883003
vt 0.208431 0.494797
vt 0.208575 0.478116
vt 0.229443 0.475893
vt 0.229271 0.493426
vt 0.252729 0.492198
vt 0.256170 0.471571
vt 0.275357 0.475888
vt 0.275429 0.493819
vt 0.298111 0.492176
vt 0.294163 0.471736
vt 0.321331 0.475953
vt 0.321541 0.493432
vt 0.198757 0.641525
vt 0.200055 0.589825
vt 0.221664 0.590600
vt 0.219751 0.640956
vt 0.244967 0.639373
vt 0.247968 0.591507
vt 0.275466 0.591669
vt 0.275481 0.635804
vt 0.305994 0.639365
vt 0.302966 0.591494
vt 0.329276 0.590573
vt 0.331197 0.640955
vt 0.199789 0.728809
vt 0.197393 0.704590
vt 0.219517 0.692482
vt 0.227784 0.730211
vt 0.252859 0.733034
vt 0.249003 0.687406
vt 0.275511 0.688085
vt 0.275516 0.730408
vt 0.298175 0.733010
vt 0.302021 0.687396
vt 0.331536 0.692451
vt 0.323246 0.730162
vt 0.805511 0.686057
vt 0.204711 0.752714
vt 0.229559 0.760254
vt 0.782889 0.696424
vt 0.784986 0.875584
vt 0.254181 0.941082
vt 0.275435 0.940431
vt 0.742298 0.896742
vt 0.699334 0.736241
vt 0.297037 0.807427
vt 0.321459 0.760204
vt 0.696358 0.696343
vt 0.808954 0.641287
vt 0.805193 0.664541
vt 0.784300 0.671779
vt 0.785729 0.644267
vt 0.763331 0.647822
vt 0.762442 0.673765
vt 0.742276 0.741120
vt 0.739609 0.647377
vt 0.715889 0.647774
vt 0.716786 0.673709
vt 0.694936 0.671695
vt 0.693494 0.644181
vt 0.806875 0.557726
vt 0.810121 0.617205
vt 0.790367 0.607046
vt 0.787575 0.557696
vt 0.763367 0.556090
vt 0.764746 0.603486
vt 0.739627 0.603152
vt 0.739688 0.556093
vt 0.716014 0.556064
vt 0.714496 0.603455
vt 0.688836 0.606971
vt 0.691820 0.557642
vt 0.803405 0.420481
vt 0.802841 0.435733
vt 0.782960 0.432290
vt 0.783371 0.416064
vt 0.759505 0.410786
vt 0.759570 0.428509
vt 0.739756 0.426992
vt 0.739743 0.409699
vt 0.720007 0.410786
vt 0.719946 0.428500
vt 0.696571 0.432245
vt 0.696182 0.416016
vt 0.819305 0.093413
vt 0.797386 0.086157
vt 0.790779 0.072322
vt 0.822344 0.073237
vt 0.265809 0.416173
vt 0.762697 0.377789
vt 0.739788 0.389948
vt 0.275377 0.462947
vt 0.364323 0.097210
vt 0.342669 0.089884
vt 0.336664 0.075169
vt 0.367299 0.076188
vt 0.342559 0.494848
vt 0.342402 0.478170
vt 0.366070 0.480227
vt 0.366198 0.495669
vt 0.352247 0.641476
vt 0.350872 0.589816
vt 0.374237 0.588973
vt 0.374011 0.638442
vt 0.936729 0.462892
vt 0.940585 0.464321
vt 0.946953 0.476690
vt 0.936605 0.482861
vt 0.804780 0.405462
vt 0.824266 0.410023
vt 0.823186 0.423812
vt 0.805355 0.509178
vt 0.825584 0.509339
vt 0.825621 0.554997
vt 0.118742 0.522844
vt 0.058006 0.517789
vt 0.074507 0.510871
vt 0.084702 0.516921
vt 0.822269 0.350445
vt 0.784755 0.399833
vt 0.805305 0.347137
vt 0.793942 0.336256
vt 0.777469 0.322538
vt 0.236211 0.409364
vt 0.220899 0.415267
vt 0.203041 0.415110
vt 0.182178 0.419746
vt 0.685950 0.336155
vt 0.717407 0.377787
vt 0.694840 0.399772
vt 0.674409 0.347030
vt 0.657366 0.350391
vt 0.674734 0.405426
vt 0.637625 0.358046
vt 0.347747 0.415166
vt 0.329799 0.415381
vt 0.314324 0.409429
vt 0.706215 0.336018
vt 0.292514 0.404556
vt 0.870618 0.237836
vt 0.844433 0.293934
vt 0.832214 0.287148
vt 0.858351 0.228645
vt 0.844944 0.223065
vt 0.821107 0.280742
vt 0.243727 0.342391
vt 0.826584 0.212775
vt 0.214622 0.282882
vt 0.224361 0.346790
vt 0.210147 0.349538
vt 0.199596 0.284960
vt 0.184434 0.288656
vt 0.194986 0.352422
vt 0.864110 0.304875
vt 0.163133 0.290367
vt 0.634803 0.222910
vt 0.658751 0.280554
vt 0.647480 0.287052
vt 0.621343 0.228556
vt 0.609012 0.237734
vt 0.635143 0.293889
vt 0.375465 0.356065
vt 0.590820 0.249121
vt 0.366326 0.288752
vt 0.355651 0.352469
vt 0.340563 0.349608
vt 0.351134 0.285011
vt 0.336042 0.282967
vt 0.326383 0.346874
vt 0.678330 0.268182
vt 0.315081 0.275917
vt 0.789900 0.091626
vt 0.894734 0.181072
vt 0.223763 0.023658
vt 0.779683 0.072008
vt 0.205625 0.023651
vt 0.212375 0.030485
vt 0.208733 0.046428
vt 0.818124 0.043214
vt 0.919973 0.054113
vt 0.218394 0.124576
vt 0.231547 0.124829
vt 0.925982 0.076298
vt 0.853028 0.105343
vt 0.173602 0.224408
vt 0.245023 0.044913
vt 0.815784 0.102925
vt 0.335499 0.095534
vt 0.609223 0.166963
vt 0.147562 0.023794
vt 0.325939 0.074804
vt 0.129108 0.019171
vt 0.133886 0.026698
vt 0.125138 0.040618
vt 0.363323 0.044920
vt 0.461211 0.056389
vt 0.114656 0.083148
vt 0.128082 0.110700
vt 0.466974 0.079440
vt 0.396801 0.109583
vt 0.345740 0.218419
vt 0.158805 0.046562
vt 0.361009 0.107136
vt 0.212264 0.093809
vt 0.204982 0.218327
vt 0.226791 0.056935
vt 0.229179 0.093286
vt 0.246067 0.092223
vt 0.255137 0.092099
vt 0.884191 0.095549
vt 0.853655 0.095653
vt 0.854753 0.074189
vt 0.884265 0.075061
vt 0.885799 0.054616
vt 0.855335 0.052709
vt 0.203340 0.068369
vt 0.888472 0.044995
vt 0.116537 0.064410
vt 0.377147 0.224500
vt 0.136900 0.057215
vt 0.135301 0.068971
vt 0.159593 0.072808
vt 0.169578 0.075371
vt 0.426769 0.099419
vt 0.397393 0.099512
vt 0.398467 0.077209
vt 0.426850 0.078134
vt 0.428347 0.056895
vt 0.399054 0.054890
vt 0.111199 0.052142
vt 0.430928 0.046902
vt 0.398347 0.732496
vt 0.353774 0.704759
vt 0.655189 0.607952
vt 0.404645 0.715309
vt 0.625247 0.642548
vt 0.669008 0.617360
vt 0.670290 0.641156
vt 0.629866 0.657272
vt 0.633967 0.675274
vt 0.674058 0.664432
vt 0.345812 0.774768
vt 0.637449 0.692485
vt 0.387906 0.765553
vt 0.346295 0.752641
vt 0.351218 0.728717
vt 0.392980 0.747350
vt 0.854032 0.642643
vt 0.181252 0.694641
vt 0.859345 0.625630
vt 0.152631 0.732602
vt 0.157999 0.747449
vt 0.163074 0.765647
vt 0.167481 0.783084
vt 0.845329 0.675366
vt 0.849419 0.657366
vt 0.462802 0.754848
vt 0.433121 0.744888
vt 0.586158 0.633072
vt 0.469035 0.736153
vt 0.562716 0.661102
vt 0.591598 0.653084
vt 0.596668 0.669873
vt 0.567525 0.676181
vt 0.573571 0.695803
vt 0.602326 0.689166
vt 0.414557 0.801264
vt 0.575415 0.714705
vt 0.450039 0.789809
vt 0.420413 0.781867
vt 0.427222 0.762131
vt 0.457315 0.770152
vt 0.916571 0.661069
vt 0.887682 0.653104
vt 0.112049 0.724515
vt 0.922852 0.642462
vt 0.088177 0.754903
vt 0.117860 0.744959
vt 0.123753 0.762207
vt 0.093657 0.770210
vt 0.100926 0.789871
vt 0.130556 0.781946
vt 0.872833 0.708772
vt 0.104321 0.808576
vt 0.905760 0.695791
vt 0.876995 0.689207
vt 0.882631 0.669903
vt 0.911782 0.676158
vt 0.245118 0.820265
vt 0.256063 0.761423
vt 0.275458 0.816348
vt 0.275456 0.817082
vt 0.305796 0.819611
vt 0.322444 0.827635
vt 0.716707 0.746651
vt 0.742277 0.751635
vt 0.767846 0.746640
vt 0.232576 0.815700
vt 0.789238 0.746868
vt 0.242805 0.909093
vt 0.242913 0.847487
vt 0.275453 0.850080
vt 0.275444 0.899369
vt 0.308078 0.909112
vt 0.307992 0.847504
vt 0.685718 0.768892
vt 0.335635 0.923345
vt 0.710517 0.826756
vt 0.709025 0.772272
vt 0.742280 0.767854
vt 0.742288 0.823907
vt 0.774059 0.826743
vt 0.775535 0.772258
vt 0.216918 0.852154
vt 0.800161 0.835727
vt 0.803587 0.472219
vt 0.184266 0.511368
vt 0.823748 0.473030
vt 0.786007 0.508646
vt 0.783967 0.470951
vt 0.760849 0.468488
vt 0.762764 0.507838
vt 0.739729 0.507585
vt 0.739749 0.469813
vt 0.718652 0.468468
vt 0.716699 0.507812
vt 0.693463 0.508589
vt 0.695538 0.470900
vt 0.347089 0.550471
vt 0.343449 0.511536
vt 0.656251 0.437958
vt 0.370672 0.549455
vt 0.305626 0.550928
vt 0.300328 0.509969
vt 0.323635 0.511057
vt 0.326613 0.553291
vt 0.245263 0.550946
vt 0.250519 0.509979
vt 0.275426 0.509223
vt 0.275447 0.553833
vt 0.203857 0.550446
vt 0.207534 0.511493
vt 0.227207 0.511082
vt 0.224277 0.553331
vt 0.296688 0.941095
vt 0.317831 0.963343
vt 0.722395 0.859395
vt 0.742293 0.859091
vt 0.762190 0.859387
vt 0.672412 0.557619
vt 0.673996 0.509116
vt 0.676597 0.435714
vt 0.676064 0.420456
vt 0.798456 0.058765
vt 0.820876 0.052919
vt 0.343747 0.061021
vt 0.365907 0.055032
vt 0.963235 0.483911
vt 0.902883 0.489040
vt 0.909072 0.482168
vt 0.925033 0.475729
vt 0.931354 0.463643
vt 0.080884 0.498420
vt 0.084741 0.496992
vt 0.090126 0.497750
vt 0.096539 0.509638
vt 0.112499 0.516024
vt 0.245369 0.109349
vt 0.249130 0.116712
vt 0.914174 0.091435
vt 0.914507 0.075957
vt 0.915392 0.060496
vt 0.143488 0.116794
vt 0.145270 0.126440
vt 0.455609 0.095160
vt 0.455938 0.079081
vt 0.456800 0.063019
vt 0.982240 0.434188
vt 0.963585 0.427947
vt 0.946509 0.423110
vt 0.890921 0.433118
vt 0.882130 0.436526
vt 0.926679 0.423006
vt 0.909612 0.427375
vt 0.937930 0.422313
vt 0.075163 0.457134
vt 0.058225 0.461798
vt 0.039557 0.467684
vt 0.094859 0.456979
vt 0.083682 0.456346
vt 0.130564 0.466891
vt 0.111877 0.461251
vt 0.033116 0.470128
vt 0.675805 0.472192
vt 0.653419 0.509254
vt 0.655248 0.472962
vt 0.367019 0.511392
vt 0.176921 0.588998
vt 0.180547 0.549455
vt 0.822760 0.437993
vt 0.233028 0.963316
vt 0.215241 0.923308
vt 0.798841 0.768868
vt 0.699605 0.875602
vt 0.684417 0.835751
vt 0.333987 0.852188
vt 0.228471 0.827609
vt 0.254212 0.785439
vt 0.759269 0.697501
vt 0.785216 0.736222
vt 0.695315 0.746888
vt 0.719972 0.697428
vt 0.296799 0.785396
vt 0.318344 0.815723
vt 0.903939 0.714697
vt 0.136407 0.801345
vt 0.081951 0.736203
vt 0.893090 0.633076
vt 0.446638 0.808511
vt 0.606509 0.708725
vt 0.556410 0.642507
vt 0.438944 0.724452
vt 0.841861 0.692578
vt 0.205190 0.774839
vt 0.146366 0.715395
vt 0.823906 0.608060
vt 0.383498 0.782992
vt 0.673752 0.685953
vt 0.619881 0.625562
vt 0.369876 0.694574
vt 0.624476 0.158216
vt 0.327082 0.211968
vt 0.653476 0.212425
vt 0.306569 0.342322
vt 0.153133 0.050558
vt 0.361352 0.222428
vt 0.125968 0.045756
vt 0.396618 0.225899
vt 0.569871 0.190223
vt 0.388031 0.290471
vt 0.615162 0.304972
vt 0.596954 0.173816
vt 0.584932 0.180968
vt 0.909456 0.190131
vt 0.154402 0.225852
vt 0.888489 0.249012
vt 0.175675 0.355943
vt 0.241882 0.047343
vt 0.189385 0.222364
vt 0.213528 0.046751
vt 0.223402 0.212053
vt 0.855547 0.158550
vt 0.235225 0.276013
vt 0.801766 0.268578
vt 0.882733 0.173912
vt 0.870470 0.167071
vt 0.702590 0.322102
vt 0.284431 0.416033
vt 0.369025 0.419829
vt 0.654789 0.409992
vt 0.841623 0.358035
vt 0.185243 0.480200
vt 0.257695 0.404697
vt 0.773758 0.336466
vt 0.177136 0.638471
vt 0.185108 0.495641
vt 0.653403 0.554919
vt 0.655840 0.423782
vt 0.740026 0.329135
vt 0.739609 0.679991
vt 0.717946 0.727940
vt 0.321543 0.784229
vt 0.275425 0.981496
vt 0.229466 0.784279
vt 0.766602 0.727930
vt 0.275513 0.766895
vt 0.294962 0.761394
vt 0.158494 0.031032
vt 0.235614 0.029385
vt 0.253884 0.807420
vt 0.968218 0.693073
vt 0.970279 0.686813
vt 0.964692 0.720144
vt 0.041234 0.817480
vt 0.965692 0.701614
vt 0.035620 0.790589
vt 0.038855 0.799577
vt 0.026837 0.766821
vt 0.976742 0.669618
vt 0.033170 0.783659
vt 0.515345 0.790561
vt 0.512107 0.799546
vt 0.509721 0.817448
vt 0.514670 0.720260
vt 0.513647 0.701731
vt 0.511110 0.693195
vt 0.509040 0.686939
vt 0.502555 0.669755
vt 0.524137 0.766797
vt 0.517798 0.783632
vt 0.052820 0.522857
vt 0.139366 0.470253
vt 0.968347 0.489050
vt 0.988625 0.436785
vt 0.108883 0.091107
vt 0.106409 0.062482
vt 0.399209 0.044805
vt 0.459518 0.102060
vt 0.428604 0.109556
vt 0.167704 0.057128
vt 0.215342 0.132259
vt 0.203222 0.094543
vt 0.855471 0.043005
vt 0.918242 0.098075
vt 0.886101 0.105305
vt 0.255511 0.067846
vt 0.169019 0.047690
vt 0.166893 0.025823
vt 0.125973 0.120002
vt 0.337008 0.054912
vt 0.115292 0.038211
vt 0.149847 0.015689
vt 0.254586 0.043904
vt 0.241676 0.021944
vt 0.231922 0.132778
vt 0.791425 0.052872
vt 0.199112 0.046316
vt 0.223332 0.014444
vn -0.363832 0.445612 0.817959
vn -0.363832 0.445612 0.817959
vn -0.183363 0.153703 0.970955
vn -0.248559 0.256841 0.933944
vn -0.079015 -0.218655 0.972598
vn 0.241769 0.468015 0.850006
vn -0.199194 0.203999 0.958492
vn -0.204060 -0.479807 0.853314
vn 0.034091 -0.195600 0.980091
vn -0.329127 0.603131 0.726573
vn 0.172977 0.348022 0.921390
vn 0.162255 0.322412 0.932590
vn -0.907057 -0.168917 0.385635
vn -0.895461 -0.294319 0.333957
vn -0.652734 -0.500062 0.569101
vn -0.673046 -0.380934 0.633954
vn -0.291931 -0.489603 0.821624
vn -0.289526 -0.670532 0.683054
vn -0.025363 -0.711548 0.702179
vn -0.034518 -0.501687 0.864361
vn 0.231363 -0.487298 0.842029
vn 0.239326 -0.665122 0.707344
vn 0.596085 -0.503731 0.625250
vn 0.609724 -0.379732 0.695731
vn -0.112796 -0.421469 0.899800
vn -0.512853 -0.511385 0.689542
vn -0.634220 -0.356640 0.685983
vn -0.379946 -0.360131 0.852025
vn -0.173212 -0.293824 0.940035
vn -0.202835 -0.439121 0.875232
vn -0.039032 -0.442695 0.895822
vn -0.046417 -0.318815 0.946680
vn 0.075692 -0.286751 0.955010
vn 0.133484 -0.431770 0.892052
vn 0.567195 -0.333159 0.753190
vn 0.291482 -0.339560 0.894281
vn -0.784311 0.523564 0.332772
vn -0.619393 0.170640 0.766312
vn -0.368586 0.198948 0.908055
vn -0.419194 0.741594 0.523751
vn -0.640132 0.598717 0.481424
vn -0.492876 -0.049353 0.868699
vn 0.018880 -0.106320 0.994153
vn -0.011544 0.678224 0.734764
vn 0.361498 0.720084 0.592283
vn 0.040858 0.082033 0.995792
vn 0.214467 0.214930 0.952790
vn 0.265697 0.761862 0.590739
vn -0.366099 0.319018 -0.874185
vn -0.724967 0.614425 -0.311296
vn -0.422720 0.895164 -0.141385
vn -0.223357 0.635565 -0.739033
vn -0.058059 0.712566 -0.699199
vn -0.177504 0.918374 -0.353668
vn 0.002963 0.826974 -0.562232
vn 0.016398 0.711312 -0.702685
vn 0.090516 0.719081 -0.689006
vn 0.142207 0.930867 -0.336546
vn 0.345368 0.936022 -0.067696
vn 0.260164 0.667403 -0.697774
vn -0.823450 0.425745 -0.375062
vn -0.581610 0.241535 -0.776782
vn -0.364040 0.567416 -0.738590
vn -0.325406 0.616213 -0.717212
vn -0.028555 0.628540 -0.777253
vn -0.039942 0.606696 -0.793930
vn 0.025940 0.609102 -0.792668
vn 0.027650 0.623709 -0.781167
vn 0.088223 0.625544 -0.775185
vn 0.094186 0.609738 -0.786987
vn 0.403008 0.587663 -0.701595
vn 0.368963 0.615915 -0.696071
vn -0.634391 -0.148020 -0.758708
vn -0.658934 -0.004828 -0.752185
vn -0.143545 0.052611 -0.988244
vn -0.123735 -0.119788 -0.985059
vn 0.092022 -0.103371 -0.990377
vn 0.063999 0.063739 -0.995912
vn 0.088894 0.056127 -0.994458
vn 0.114797 -0.122809 -0.985768
vn 0.069263 -0.143826 -0.987176
vn 0.082581 0.037537 -0.995877
vn 0.238924 0.040502 -0.970193
vn 0.198469 -0.136858 -0.970505
vn -0.083115 -0.982786 -0.164998
vn -0.058113 -0.973500 -0.221182
vn -0.038994 -0.977109 -0.209134
vn -0.062792 -0.985967 -0.154682
vn 0.943533 -0.270240 0.191615
vn 0.730702 -0.644074 -0.226369
vn 0.183859 -0.851675 -0.490760
vn -0.212119 -0.652840 0.727190
vn 0.016199 -0.987584 -0.156257
vn 0.000306 -0.977060 -0.212962
vn 0.014317 -0.975994 -0.217325
vn 0.029354 -0.986134 -0.163334
vn 0.979666 0.138614 0.145058
vn 0.979665 0.138614 0.145058
vn 0.979666 0.138614 0.145058
vn 0.979666 0.138614 0.145058
vn 0.868181 -0.166094 0.467627
vn 0.861522 -0.303106 0.407317
vn 0.999880 -0.014575 0.005227
vn 0.986840 0.092523 0.132611
vn 0.102449 -0.710554 0.696145
vn 0.102446 -0.710555 0.696144
vn 0.102446 -0.710555 0.696144
vn 0.102448 -0.710554 0.696145
vn -0.921256 -0.258255 -0.290846
vn -0.921256 -0.258255 -0.290846
vn -0.921256 -0.258255 -0.290846
vn -0.921256 -0.258255 -0.290846
vn -0.727166 0.362399 -0.583007
vn -0.996661 -0.000712 -0.081653
vn -0.994066 0.095556 0.051971
vn -0.194977 -0.551875 0.810813
vn -0.194975 -0.551876 0.810813
vn -0.194975 -0.551876 0.810813
vn -0.194977 -0.551875 0.810813
vn -0.249756 -0.732525 -0.633269
vn -0.283509 -0.680461 -0.675719
vn -0.000255 -0.720769 -0.693176
vn 0.061413 -0.747620 -0.661282
vn 0.968687 -0.244455 -0.043440
vn 0.974463 -0.219797 -0.045945
vn 0.661668 0.507874 0.551598
vn -0.053785 0.767023 0.639361
vn -0.065959 0.732575 0.677483
vn -0.995951 0.027461 0.085603
vn -0.995087 0.037153 0.091770
vn -0.995087 0.037153 0.091770
vn -0.995809 0.029162 0.086686
vn -0.338391 -0.823584 -0.455194
vn -0.281880 -0.820675 -0.497027
vn 0.024866 -0.822519 -0.568193
vn -0.040383 -0.844469 -0.534080
vn 0.955908 -0.205861 -0.209433
vn 0.955400 -0.205791 -0.211805
vn 0.955400 -0.205791 -0.211805
vn 0.955969 -0.205869 -0.209144
vn 0.421728 0.796544 0.433201
vn 0.319731 0.862015 0.393322
vn -0.004883 0.890615 0.454733
vn 0.052000 0.858384 0.510366
vn -0.653295 0.560158 0.509342
vn -0.916370 -0.286490 0.279625
vn -0.909634 0.146362 0.388773
vn -0.586337 0.645403 -0.489554
vn -0.646274 0.700200 -0.303397
vn 0.060912 0.971768 -0.227940
vn 0.185344 0.797990 -0.573462
vn 0.870086 0.432443 -0.236524
vn 0.864444 0.487111 -0.124339
vn 0.869665 -0.260843 0.419099
vn 0.953905 -0.202763 0.221253
vn 0.557269 -0.563845 0.609533
vn 0.372134 -0.473553 0.798288
vn -0.053794 -0.514694 0.855684
vn -0.122475 -0.671841 0.730499
vn -0.851130 -0.344073 0.396473
vn -0.520349 -0.453501 0.723584
vn -0.999667 -0.011693 0.023003
vn -0.964947 0.183094 -0.188026
vn -0.885295 0.374510 -0.275671
vn -0.879887 0.444439 -0.168144
vn -0.126426 0.895247 -0.427258
vn -0.221364 0.681295 -0.697735
vn 0.571601 0.535893 -0.621362
vn 0.619738 0.608872 -0.495176
vn 0.999326 0.009977 -0.035328
vn 0.966995 0.100126 -0.234298
vn 0.874102 -0.263999 0.407738
vn 0.593770 -0.272839 0.756965
vn 0.183419 -0.321336 0.929032
vn 0.211689 -0.483005 0.849643
vn -0.545311 -0.388036 0.743010
vn -0.264036 -0.310821 0.913058
vn -0.858426 -0.168395 0.484508
vn -0.955876 -0.113831 0.270821
vn -0.062842 0.494424 -0.866946
vn -0.062842 0.494424 -0.866946
vn 0.363648 0.507537 -0.781132
vn 0.425227 0.500810 -0.753904
vn 0.942400 0.208496 0.261556
vn 0.942400 0.208496 0.261556
vn 0.942400 0.208496 0.261556
vn 0.942400 0.208496 0.261556
vn 0.135780 0.973450 0.184280
vn 0.135780 0.973450 0.184280
vn 0.059702 0.987902 0.143124
vn 0.059730 0.987899 0.143138
vn -0.692045 0.694406 -0.197164
vn -0.692045 0.694406 -0.197164
vn -0.692045 0.694406 -0.197164
vn -0.692045 0.694406 -0.197164
vn -0.658852 0.450503 -0.602463
vn -0.658852 0.450503 -0.602463
vn -0.260787 0.535663 -0.803154
vn -0.268147 0.535127 -0.801084
vn 0.839539 0.390538 -0.377697
vn 0.839539 0.390538 -0.377697
vn 0.839539 0.390538 -0.377697
vn 0.839539 0.390538 -0.377697
vn 0.067242 0.978650 0.194225
vn 0.067242 0.978650 0.194225
vn -0.014664 0.975566 0.219217
vn -0.015111 0.975529 0.219349
vn -0.796339 0.472508 0.377598
vn -0.796339 0.472508 0.377598
vn -0.796339 0.472508 0.377598
vn -0.796339 0.472508 0.377598
vn 0.126721 0.990079 -0.060700
vn 0.126721 0.990079 -0.060700
vn 0.162288 0.985924 -0.040216
vn 0.163400 0.985766 -0.039572
vn -0.661159 0.532987 -0.528009
vn -0.661159 0.532987 -0.528009
vn -0.661159 0.532987 -0.528009
vn -0.661159 0.532987 -0.528009
vn -0.174262 -0.983408 0.050408
vn -0.134824 -0.989842 -0.045117
vn -0.121786 -0.991885 -0.036493
vn -0.167794 -0.984398 0.052964
vn 0.865089 -0.126991 0.485277
vn 0.871445 -0.129218 0.473167
vn 0.871925 -0.129388 0.472235
vn 0.865089 -0.126991 0.485277
vn -0.112298 0.993669 -0.003245
vn -0.112298 0.993669 -0.003245
vn -0.082048 0.996553 -0.012270
vn -0.082016 0.996555 -0.012280
vn -0.918970 0.349862 0.181907
vn -0.918970 0.349862 0.181907
vn -0.918970 0.349862 0.181907
vn -0.918970 0.349862 0.181907
vn 0.078966 -0.996593 0.023807
vn 0.051208 -0.997314 -0.052376
vn 0.060558 -0.996665 -0.054687
vn 0.083130 -0.996259 0.023619
vn 0.957107 0.073442 -0.280271
vn 0.957595 0.074057 -0.278436
vn 0.957616 0.074083 -0.278359
vn 0.957107 0.073442 -0.280271
vn -0.828745 -0.496205 0.258771
vn 0.523052 -0.486389 0.699887
vn -0.739371 -0.441530 -0.508314
vn -0.774123 -0.387019 -0.500948
vn -0.229478 -0.058931 -0.971528
vn 0.633553 0.317600 -0.705507
vn 0.463282 0.432039 -0.773766
vn 0.365087 0.303387 -0.880152
vn 0.784341 0.560916 -0.264920
vn 0.715501 0.687566 -0.123737
vn 0.682573 0.537785 0.494855
vn 0.745152 0.489825 0.452571
vn 0.373588 0.134260 0.917827
vn 0.499706 0.158298 0.851608
vn 0.044429 -0.476043 0.878299
vn -0.387244 -0.379381 0.840305
vn 0.400790 -0.185822 -0.897128
vn 0.814769 -0.453948 -0.360669
vn 0.855106 -0.413898 -0.312222
vn 0.765764 -0.417003 0.489607
vn 0.237339 -0.256460 0.936962
vn -0.531084 0.218321 0.818710
vn -0.831729 0.498588 0.244206
vn -0.732960 0.466073 -0.495525
vn -0.198761 0.150679 -0.968396
vn -0.996977 -0.075551 0.018158
vn -0.985152 -0.161559 0.058086
vn -0.723485 -0.395703 -0.565675
vn -0.759164 -0.512723 -0.400981
vn -0.190993 -0.708438 -0.679439
vn -0.065123 -0.365781 -0.928420
vn 0.543875 -0.098994 -0.833307
vn 0.635326 -0.519984 -0.570944
vn 0.995028 -0.090879 0.040759
vn 0.903999 0.203444 -0.376028
vn 0.792949 0.410028 0.450675
vn 0.777742 0.291015 0.557160
vn 0.259527 0.568529 0.780654
vn 0.352198 0.448464 0.821485
vn -0.580551 0.219815 0.783991
vn -0.628468 0.528093 0.571092
vn 0.346511 -0.815926 -0.462812
vn 0.253353 -0.528514 -0.810238
vn 0.830212 -0.438843 -0.343752
vn 0.843098 -0.518796 -0.141552
vn 0.978751 0.016016 0.204427
vn 0.960678 -0.081902 0.265310
vn 0.387179 0.405412 0.828090
vn 0.470997 0.698464 0.538803
vn -0.438658 0.694241 0.570622
vn -0.545522 0.552053 0.630590
vn -0.885644 0.415054 0.208242
vn -0.881743 0.332088 0.335033
vn -0.975873 -0.176050 -0.129147
vn -0.805554 0.069260 -0.588461
vn -0.350693 -0.279468 -0.893819
vn -0.485881 -0.681733 -0.546955
vn -0.542704 -0.797878 0.262418
vn -0.542704 -0.797878 0.262418
vn -0.542704 -0.797878 0.262418
vn -0.542704 -0.797878 0.262418
vn 0.928535 -0.365880 0.062884
vn 0.928535 -0.365880 0.062884
vn 0.984356 -0.176143 -0.004100
vn 0.620755 0.145115 -0.770458
vn 0.003723 0.698474 -0.715626
vn 0.000601 0.435041 -0.900411
vn -0.600484 0.128621 -0.789224
vn -0.518088 0.669720 0.532034
vn -0.963283 -0.253135 -0.089492
vn -0.719888 -0.338943 0.605705
vn -0.667091 -0.547696 0.504993
vn 0.018390 -0.678025 0.734809
vn 0.024919 -0.503482 0.863646
vn 0.756528 -0.282606 0.589745
vn 0.693385 -0.515233 0.503738
vn 0.981872 -0.187346 -0.028796
vn 0.988740 0.122918 0.085351
vn 0.671083 0.445694 -0.592456
vn 0.655162 0.237786 -0.717092
vn -0.016803 0.381330 -0.924286
vn -0.023681 0.475906 -0.879177
vn -0.707874 0.401467 -0.581153
vn -0.678787 0.203832 -0.705479
vn -0.970676 -0.239994 -0.013801
vn -0.994037 0.051919 0.095892
vn -0.686149 0.180355 -0.704749
vn -0.984390 -0.101521 -0.143767
vn -0.987849 -0.057089 -0.144550
vn -0.238463 0.534683 -0.810709
vn -0.184658 0.300140 -0.935851
vn 0.023377 0.301797 -0.953086
vn -0.011000 0.549651 -0.835322
vn 0.035509 0.543145 -0.838888
vn 0.057845 0.310575 -0.948787
vn 0.091095 0.286821 -0.953643
vn 0.086499 0.545518 -0.833624
vn 0.300109 0.526308 -0.795572
vn 0.274314 0.281462 -0.919528
vn 0.833649 -0.281273 0.475305
vn 0.807656 -0.238540 0.539250
vn 0.998230 -0.057425 -0.015472
vn 0.998441 -0.053791 -0.014929
vn 0.146925 -0.676392 0.721739
vn 0.091494 -0.475735 0.874817
vn 0.368508 -0.431087 0.823629
vn 0.459439 -0.526419 0.715401
vn -0.240900 -0.668094 0.704001
vn -0.191661 -0.469323 0.861975
vn -0.057605 -0.464677 0.883605
vn -0.040650 -0.718110 0.694741
vn -0.886456 -0.287828 0.362423
vn -0.870643 -0.242999 0.427707
vn -0.459085 -0.415376 0.785305
vn -0.554726 -0.521889 0.648005
vn -0.181409 -0.610483 0.770974
vn -0.338535 -0.490741 0.802849
vn -0.866433 -0.215663 0.450316
vn 0.099779 -0.419881 0.902078
vn 0.119924 -0.644024 0.755547
vn -0.040833 -0.634617 0.771748
vn 0.275811 0.597227 0.753159
vn 0.275811 0.597227 0.753159
vn 0.860745 -0.204049 0.466350
vn 0.281046 -0.584381 0.761257
vn -0.178439 0.073800 0.981179
vn -0.053342 -0.150514 0.987168
vn 0.538960 0.013608 0.842222
vn 0.603877 0.642430 0.471823
vn 0.494665 0.866559 -0.066203
vn -0.032798 0.987739 -0.152631
vn -0.528730 0.847601 -0.044907
vn 0.843024 0.430937 -0.321876
vn 0.773302 0.352958 -0.526710
vn 0.137953 -0.556512 -0.819307
vn 0.091151 -0.515427 -0.852072
vn 0.064081 -0.510983 -0.857199
vn -0.294616 -0.415049 -0.860776
vn -0.294616 -0.415049 -0.860776
vn 0.043667 -0.634681 -0.771539
vn -0.655406 -0.744205 -0.128851
vn 0.320321 -0.600273 -0.732849
vn -0.049065 -0.573068 -0.818038
vn 0.730826 0.023735 -0.682151
vn 0.665205 -0.108812 -0.738690
vn 0.297915 -0.460861 -0.835975
vn 0.297915 -0.460861 -0.835975
vn -0.046822 -0.594304 -0.802876
vn -0.018632 -0.586405 -0.809804
vn -0.020068 -0.980175 -0.197113
vn -0.045240 -0.989180 -0.139555
vn -0.108495 -0.993674 -0.028984
vn 0.028466 -0.974703 -0.221685
vn 0.043905 -0.985218 -0.165581
vn 0.069677 -0.995893 -0.057818
vn 0.955883 -0.164709 -0.243225
vn 0.955883 -0.164708 -0.243225
vn 0.955883 -0.164709 -0.243225
vn 0.955883 -0.164709 -0.243225
vn 0.993732 -0.060677 -0.093893
vn 0.956121 0.198199 0.215753
vn 0.102448 -0.710555 0.696144
vn 0.102448 -0.710555 0.696144
vn 0.102451 -0.710554 0.696144
vn 0.102450 -0.710554 0.696144
vn 0.102453 -0.710553 0.696145
vn 0.102453 -0.710553 0.696145
vn 0.102450 -0.710553 0.696146
vn 0.102450 -0.710553 0.696146
vn -0.987197 -0.036737 0.155216
vn -0.987197 -0.036737 0.155216
vn -0.987197 -0.036737 0.155216
vn -0.987197 -0.036737 0.155216
vn -0.977399 -0.135864 -0.161963
vn -0.975329 0.176171 0.133032
vn -0.194976 -0.551875 0.810814
vn -0.194976 -0.551875 0.810814
vn -0.194976 -0.551875 0.810813
vn -0.194976 -0.551875 0.810813
vn -0.194976 -0.551875 0.810813
vn -0.194976 -0.551875 0.810813
vn -0.194978 -0.551875 0.810813
vn -0.194978 -0.551875 0.810813
vn 0.374792 -0.682165 -0.627839
vn 0.397523 -0.702125 -0.590758
vn 0.425064 -0.725145 -0.541743
vn 0.099949 -0.795909 -0.597109
vn -0.214768 -0.780223 -0.587475
vn 0.917845 0.184102 0.351663
vn 0.920633 0.237264 0.310066
vn 0.920633 0.237264 0.310066
vn 0.986770 -0.153399 -0.052475
vn 0.986770 -0.153399 -0.052475
vn -0.380709 0.713287 0.588457
vn -0.467277 0.643944 0.605796
vn -0.534191 0.580703 0.614348
vn -0.101961 0.682530 0.723710
vn 0.386950 0.631911 0.671534
vn -0.935104 -0.284640 -0.211092
vn -0.935104 -0.284640 -0.211092
vn -0.936194 -0.287797 -0.201776
vn -0.936364 -0.288313 -0.200244
vn -0.937438 -0.291739 -0.189995
vn -0.937438 -0.291739 -0.189995
vn -0.996604 0.018893 0.080144
vn -0.996604 0.018893 0.080144
vn 0.271013 -0.764639 -0.584704
vn 0.242922 -0.802554 -0.544881
vn 0.212655 -0.838819 -0.501159
vn -0.089294 -0.874459 -0.476810
vn -0.405440 -0.821579 -0.400783
vn 0.985375 0.170322 0.005119
vn 0.985375 0.170322 0.005119
vn 0.990692 0.135940 -0.007111
vn 0.989808 0.142329 -0.004844
vn 0.993882 0.109200 -0.016572
vn 0.993882 0.109200 -0.016572
vn 0.956453 -0.205936 -0.206852
vn 0.956453 -0.205936 -0.206852
vn -0.348365 0.724104 0.595243
vn 0.104693 0.806886 0.581355
vn 0.500476 0.732982 0.460718
vn -0.946271 -0.311947 0.085203
vn -0.953268 -0.291072 0.080982
vn -0.971975 -0.225160 0.067584
vn -0.971975 -0.225160 0.067584
vn -0.924671 0.181084 0.334952
vn -0.924671 0.181084 0.334952
vn 0.897062 0.318043 -0.306803
vn 0.238056 0.672636 -0.700635
vn -0.558491 0.553154 -0.618149
vn 0.637039 -0.659318 0.399352
vn 0.974050 -0.182540 0.133812
vn -0.998111 -0.059912 -0.013572
vn -0.334661 -0.815398 0.472365
vn -0.919406 0.247199 -0.305916
vn 0.588227 0.417102 -0.692831
vn -0.247683 0.549858 -0.797690
vn -0.909276 0.261972 -0.323400
vn 0.976305 -0.205361 0.068228
vn 0.942077 0.118570 -0.313740
vn -0.739768 -0.427882 0.519289
vn 0.249151 -0.683389 0.686224
vn -0.980010 -0.099237 0.172432
vn 0.778824 0.397097 -0.485538
vn 0.778824 0.397097 -0.485538
vn 0.820820 0.013336 -0.571031
vn 0.820820 0.013336 -0.571031
vn 0.453991 0.084498 -0.886991
vn 0.431523 0.087707 -0.897829
vn -0.046345 0.137204 -0.989458
vn -0.046345 0.137204 -0.989458
vn 0.730034 0.444804 0.518845
vn 0.730034 0.444804 0.518845
vn 0.730034 0.444804 0.518845
vn 0.730034 0.444804 0.518845
vn 0.877342 -0.131317 0.461548
vn 0.877342 -0.131317 0.461548
vn 0.970124 -0.109334 0.216579
vn 0.970124 -0.109334 0.216579
vn 0.970124 -0.109334 0.216579
vn 0.970124 -0.109334 0.216579
vn -0.016707 0.994752 0.100938
vn -0.016707 0.994752 0.100938
vn -0.535762 -0.284120 0.795132
vn -0.535762 -0.284120 0.795132
vn -0.496655 -0.289874 0.818112
vn -0.496670 -0.289872 0.818103
vn -0.456569 -0.295015 0.839352
vn -0.456569 -0.295015 0.839352
vn -0.743932 0.421463 -0.518590
vn -0.743931 0.421463 -0.518590
vn -0.743931 0.421463 -0.518590
vn -0.743931 0.421463 -0.518590
vn -0.752172 0.138462 -0.644256
vn -0.752172 0.138462 -0.644256
vn -0.752172 0.138462 -0.644256
vn -0.752172 0.138462 -0.644256
vn -0.874911 0.138299 -0.464116
vn -0.868889 0.132634 -0.476907
vn -0.869336 0.133050 -0.475975
vn -0.874911 0.138299 -0.464116
vn 0.181673 0.512137 -0.839470
vn 0.181673 0.512137 -0.839470
vn 0.191811 0.149475 -0.969982
vn 0.191811 0.149475 -0.969982
vn -0.280668 0.129882 -0.950977
vn -0.277939 0.130092 -0.951749
vn -0.686443 0.081861 -0.722561
vn -0.686443 0.081861 -0.722561
vn 0.794755 0.602288 -0.074923
vn 0.794755 0.602288 -0.074923
vn 0.794755 0.602288 -0.074923
vn 0.794755 0.602288 -0.074923
vn 0.958041 0.074622 -0.276747
vn 0.958041 0.074622 -0.276747
vn 0.873346 0.094960 -0.477754
vn 0.873346 0.094960 -0.477754
vn 0.873346 0.094960 -0.477754
vn 0.873346 0.094960 -0.477754
vn -0.096974 0.965232 0.242741
vn -0.096974 0.965232 0.242741
vn 0.243483 -0.403534 0.881973
vn 0.243483 -0.403534 0.881973
vn 0.287974 -0.399782 0.870198
vn 0.288276 -0.399754 0.870111
vn 0.332258 -0.395131 0.856432
vn 0.332257 -0.395131 0.856432
vn -0.957042 0.255207 0.137622
vn -0.957042 0.255207 0.137622
vn -0.957042 0.255207 0.137622
vn -0.957042 0.255207 0.137622
vn -0.996714 -0.050835 0.063064
vn -0.996714 -0.050835 0.063064
vn -0.996714 -0.050835 0.063064
vn -0.996714 -0.050835 0.063064
vn -0.958073 -0.074549 0.276656
vn -0.957624 -0.074050 0.278339
vn -0.957646 -0.074073 0.278259
vn -0.958073 -0.074549 0.276656
vn 0.199739 0.979676 -0.018398
vn 0.199739 0.979676 -0.018398
vn 0.100518 0.986711 -0.127663
vn 0.100518 0.986711 -0.127663
vn 0.185144 0.979305 -0.081748
vn 0.185363 0.979274 -0.081627
vn 0.268337 0.962693 -0.034903
vn 0.268337 0.962693 -0.034903
vn -0.862457 0.126751 -0.490002
vn -0.862457 0.126751 -0.490002
vn -0.933785 -0.088521 -0.346713
vn -0.933785 -0.088521 -0.346713
vn -0.933785 -0.088521 -0.346713
vn -0.933785 -0.088521 -0.346713
vn -0.609152 0.639772 -0.468643
vn -0.609152 0.639772 -0.468643
vn -0.609152 0.639772 -0.468643
vn -0.609152 0.639772 -0.468643
vn -0.161308 -0.985341 0.055521
vn -0.163557 -0.956471 0.241687
vn -0.163557 -0.956471 0.241687
vn -0.244570 -0.949221 0.197900
vn -0.244273 -0.949263 0.198066
vn -0.323426 -0.933890 0.152467
vn -0.323426 -0.933890 0.152467
vn 0.883660 0.293094 0.365023
vn 0.883660 0.293094 0.365023
vn 0.883660 0.293094 0.365023
vn 0.883660 0.293094 0.365023
vn 0.833938 0.438261 0.335373
vn 0.833938 0.438261 0.335373
vn 0.833938 0.438261 0.335373
vn 0.833938 0.438261 0.335373
vn 0.740162 -0.325622 0.588328
vn 0.740162 -0.325622 0.588329
vn 0.740162 -0.325622 0.588329
vn 0.740162 -0.325622 0.588329
vn -0.052053 0.998420 -0.021183
vn -0.052053 0.998420 -0.021183
vn -0.176722 0.984216 0.009395
vn -0.176722 0.984216 0.009395
vn -0.085202 0.996192 -0.018477
vn -0.084787 0.996226 -0.018602
vn 0.007175 0.998907 -0.046196
vn 0.007175 0.998907 -0.046196
vn -0.957134 -0.073508 0.280163
vn -0.957134 -0.073508 0.280163
vn -0.873616 -0.294146 0.387650
vn -0.873616 -0.294146 0.387650
vn -0.873616 -0.294146 0.387650
vn -0.873616 -0.294146 0.387650
vn -0.848001 0.491535 0.198209
vn -0.848001 0.491535 0.198209
vn -0.848001 0.491535 0.198209
vn -0.848001 0.491535 0.198209
vn 0.087274 -0.995909 0.023432
vn 0.210690 -0.969326 0.126556
vn 0.210690 -0.969326 0.126556
vn 0.122421 -0.980821 0.151669
vn 0.122200 -0.980839 0.151730
vn 0.033092 -0.983925 0.175488
vn 0.033092 -0.983925 0.175488
vn 0.810823 0.484024 -0.329069
vn 0.810823 0.484024 -0.329069
vn 0.810823 0.484024 -0.329069
vn 0.810823 0.484024 -0.329069
vn 0.743989 0.611411 -0.269551
vn 0.743989 0.611411 -0.269551
vn 0.743989 0.611411 -0.269551
vn 0.743989 0.611411 -0.269551
vn 0.976482 -0.152439 -0.152462
vn 0.976482 -0.152439 -0.152462
vn 0.976482 -0.152439 -0.152462
vn 0.976482 -0.152439 -0.152462
vn -0.276839 -0.739349 -0.613778
vn -0.758458 -0.550296 -0.349163
vn -0.988119 -0.150584 0.030749
vn 0.988640 -0.069614 0.133213
vn 0.617551 -0.559521 -0.552781
vn 0.246318 0.543193 0.802664
vn 0.768358 0.280234 0.575408
vn -0.644766 0.481547 0.593624
vn 0.971521 -0.055596 0.230338
vn 0.834063 -0.545236 -0.084006
vn 0.420382 -0.826180 -0.375108
vn -0.425572 0.676817 0.600672
vn 0.491371 0.656755 0.572038
vn -0.991364 -0.129030 -0.023421
vn -0.874599 0.328839 0.356289
vn -0.467776 -0.723535 -0.507625
vn 0.573388 -0.767701 0.286113
vn 0.573389 -0.767701 0.286113
vn 0.573389 -0.767701 0.286113
vn 0.573389 -0.767701 0.286113
vn 0.691902 -0.695393 0.194164
vn -0.008324 -0.879871 0.475140
vn -0.661398 -0.727911 0.180825
vn 0.781195 -0.563445 -0.268821
vn -0.907383 -0.420209 -0.009023
vn -0.907383 -0.420209 -0.009023
vn -0.751682 -0.592788 -0.289096
vn 0.758279 0.175116 -0.627971
vn -0.638383 0.522277 0.565414
vn -0.974820 0.102847 0.197859
vn -0.974820 0.102847 0.197859
vn -0.637704 0.522721 0.565770
vn -0.840159 -0.431851 -0.328081
vn -0.840159 -0.431851 -0.328081
vn -0.840159 -0.431851 -0.328081
vn -0.840159 -0.431851 -0.328081
vn -0.686963 -0.552518 -0.472024
vn -0.686963 -0.552518 -0.472024
vn -0.686963 -0.552518 -0.472024
vn -0.686963 -0.552518 -0.472024
vn 0.139206 -0.661433 -0.736972
vn 0.630458 -0.469332 -0.618264
vn 0.630486 -0.469314 -0.618249
vn 0.139206 -0.661433 -0.736972
vn 0.877275 -0.240017 -0.415668
vn 0.877275 -0.240017 -0.415668
vn 0.773083 0.508555 0.379097
vn 0.773083 0.508555 0.379097
vn 0.773083 0.508555 0.379097
vn 0.773083 0.508555 0.379097
vn 0.755089 0.522608 0.395881
vn 0.755089 0.522608 0.395881
vn 0.755089 0.522608 0.395881
vn 0.755089 0.522608 0.395881
vn -0.200142 0.697213 0.688359
vn -0.200142 0.697213 0.688359
vn -0.484223 -0.642659 -0.593732
vn 0.028835 -0.812811 -0.581814
vn 0.028835 -0.812811 -0.581814
vn -0.484254 -0.642641 -0.593726
vn 0.786625 -0.579479 -0.213133
vn 0.786625 -0.579479 -0.213133
vn 0.786625 -0.579479 -0.213133
vn 0.786625 -0.579479 -0.213133
vn 0.905129 -0.418218 -0.076389
vn 0.905129 -0.418218 -0.076389
vn 0.905129 -0.418218 -0.076389
vn 0.905129 -0.418218 -0.076389
vn 0.916296 0.225891 0.330720
vn 0.499070 0.683661 0.532481
vn 0.498350 0.684091 0.532603
vn 0.916296 0.225891 0.330720
vn 0.038119 0.842494 0.537355
vn 0.038119 0.842494 0.537355
vn -0.838208 0.528292 0.135332
vn -0.838208 0.528292 0.135332
vn -0.838208 0.528291 0.135332
vn -0.838208 0.528292 0.135332
vn -0.852155 0.509494 0.119362
vn -0.852155 0.509494 0.119362
vn -0.852155 0.509494 0.119362
vn -0.852155 0.509494 0.119362
vn -0.774316 -0.397445 -0.492415
vn -0.774316 -0.397445 -0.492415
s 1
g pCube1
usemtl pCube1SG
f 101/1/1 1/2/2 98/3/3 97/4/4
f 99/5/5 2/6/6 103/7/7 102/8/8
f 104/9/9 3/10/10 107/11/11 106/12/12
s 3
f 114/13/13 5/14/14 111/15/15 110/16/16
f 112/17/17 6/18/18 116/19/19 115/20/20
f 117/21/21 7/22/22 120/23/23 119/24/24
f 126/25/25 9/26/26 113/27/27 123/28/28
f 124/29/29 10/30/30 118/31/31 127/32/32
f 128/33/33 11/34/34 122/35/35 130/36/36
f 136/424/37 13/38/38 125/39/39 133/474/40
f 141/401/41 85/42/42 138/43/43 137/473/44
f 145/413/45 15/477/46 132/47/47 142/472/48
f 149/49/49 17/50/50 135/51/51 146/52/52
f 147/53/53 18/54/54 151/470/55 150/56/56
f 152/57/57 19/58/58 144/59/59 154/60/60
f 160/61/61 21/62/62 148/63/63 157/64/64
f 158/65/65 22/66/66 153/67/67 161/68/68
f 162/69/69 23/70/70 156/71/71 164/72/72
f 171/73/73 90/74/74 168/75/75 167/76/76
f 169/77/77 91/78/78 173/79/79 172/80/80
f 174/81/81 92/82/82 177/83/83 176/84/84
s 10
f 184/85/85 49/86/86 181/87/87 180/88/88
s 1
f 187/464/89 30/90/90 175/91/91 185/469/92
s 12
f 192/93/93 53/94/94 189/95/95 188/96/96
s off
f 108/97/97 4/98/98 194/99/99 193/100/100
s 3
f 121/101/101 8/102/102 197/103/103 196/104/104
s 13
f 378/105/105 377/106/106 379/107/107 380/108/108
s off
f 171/73/109 29/109/110 204/110/111 203/111/112
s 3
f 160/61/61 25/112/113 207/113/114 206/114/115
s 14
f 386/501/116 387/116/117 388/117/118 389/118/119
s 15
f 216/119/120 29/109/121 170/120/122 213/121/123
s 1
f 214/122/124 30/90/90 187/464/89 217/123/125
f 218/124/126 2/6/6 98/3/127 220/125/128
s 17
f 221/126/129 1/2/130 204/462/131 223/127/132
s 18
f 228/128/133 31/129/134 179/130/135 225/131/136
s 19
f 226/132/137 32/133/138 194/460/139 229/134/140
s 1
f 230/135/141 4/98/142 107/11/143 232/136/144
f 233/137/145 3/10/10 186/458/146 235/139/147
s 21
f 240/140/148 33/141/149 215/142/150 237/143/151
f 238/144/152 34/145/153 219/454/154 241/147/155
f 242/148/156 35/149/157 222/150/158 244/151/159
f 245/152/160 36/153/161 224/447/162 247/155/163
s 22
f 252/156/164 37/157/165 227/158/166 249/159/167
f 250/160/168 38/161/169 231/441/170 253/163/171
f 254/164/172 39/165/173 234/166/174 256/167/175
f 257/168/176 40/169/177 236/434/178 259/171/179
s 23
f 263/524/180 41/479/181 239/174/182 261/528/183
s off
f 262/176/184 42/177/185 243/178/186 264/527/187
s 24
f 270/511/188 58/181/189 267/182/190 266/525/191
s off
f 272/516/192 44/448/193 248/186/194 271/523/195
s 25
f 275/518/196 45/478/197 251/190/198 273/522/199
s off
f 274/192/200 46/193/201 255/194/202 276/521/203
s 26
f 282/505/204 62/197/205 279/198/206 278/519/207
s off
f 284/510/208 48/435/209 260/202/210 283/517/211
s 27
f 287/204/212 43/450/213 246/206/214 285/207/215
s off
f 286/208/216 44/448/217 272/516/218 288/209/219
s 10
f 289/210/220 52/211/221 183/212/222 290/213/223
s 28
f 291/214/224 51/215/225 265/513/226 292/217/227
s 29
f 295/218/228 47/437/229 258/220/230 293/221/231
s off
f 294/222/232 48/435/233 284/510/234 296/223/235
s 12
f 297/224/236 56/225/237 191/226/238 298/227/239
s 30
f 299/228/240 55/229/241 277/507/242 300/231/243
s 3
f 304/232/244 12/233/245 198/430/246 301/235/247
f 302/236/248 24/237/249 155/238/250 305/239/251
f 306/240/252 20/241/253 143/428/254 308/243/255
f 309/244/256 16/245/257 131/246/258 311/247/259
f 316/248/260 21/62/62 208/426/261 313/250/262
f 314/251/263 9/26/26 126/25/25 317/252/264
f 318/253/265 13/38/38 136/424/37 320/254/266
f 321/255/267 17/50/50 149/49/49 323/256/268
f 327/257/269 66/258/270 303/422/271 325/260/272
f 326/261/273 65/262/274 307/263/275 328/264/276
f 329/265/277 67/266/278 310/420/279 330/268/280
f 331/269/281 68/270/282 312/271/283 332/272/284
f 335/273/285 69/274/286 315/418/287 333/276/288
f 334/277/289 70/278/290 319/279/291 336/280/292
f 337/281/293 71/282/294 322/416/295 338/284/296
f 339/285/297 72/286/298 324/287/299 340/288/300
s off
f 344/289/301 14/480/302 129/291/303 341/292/304
s 3
f 342/293/305 15/46/306 145/414/45 345/294/307
f 346/295/308 19/471/58 151/55/309 348/296/310
f 349/297/311 18/475/54 134/410/312 351/299/313
f 355/300/314 81/301/315 343/302/316 353/303/317
f 354/304/318 82/305/319 347/406/320 356/307/321
f 357/308/322 83/309/323 350/310/324 358/311/325
f 359/312/326 84/313/327 352/403/328 360/315/329
f 363/316/330 90/74/74 205/400/331 361/318/332
f 363/316/330 25/112/113 159/319/333 364/320/334
f 365/321/335 26/322/336 163/323/337 366/324/338
f 367/325/339 27/326/340 166/327/341 368/328/342
f 371/329/343 94/330/344 195/397/345 370/332/346
f 373/333/347 95/334/348 109/335/349 372/336/350
f 375/337/351 96/338/352 105/339/353 374/340/354
f 362/341/355 89/342/356 100/343/357 376/344/358
s 1
f 98/3/3 2/6/6 99/5/5 97/4/4
s 3
f 99/5/359 96/338/352 100/343/357 97/4/360
f 100/343/357 89/342/356 101/1/361 97/4/360
s 1
f 103/7/7 3/10/10 104/9/9 102/8/362
s 3
f 104/9/363 95/334/348 105/339/353 102/8/364
f 105/339/353 96/338/352 99/5/359 102/8/364
s 1
f 107/11/11 4/98/365 108/97/366 106/12/12
s 3
f 108/97/367 94/330/344 109/335/349 106/12/368
f 109/335/349 95/334/348 104/9/363 106/12/368
f 111/15/15 6/18/18 112/17/17 110/16/16
f 112/17/17 10/30/30 113/27/27 110/16/16
f 113/27/27 9/26/26 114/13/13 110/16/16
f 116/19/19 7/22/22 117/21/21 115/20/20
f 117/21/21 11/34/34 118/31/31 115/20/20
f 118/31/31 10/30/30 112/17/17 115/20/20
f 120/23/23 8/102/102 121/101/101 119/24/24
f 121/101/101 12/233/245 122/35/35 119/24/24
f 122/35/35 11/34/34 117/21/21 119/24/24
f 113/27/27 10/30/30 124/29/29 123/28/28
f 124/29/29 14/290/369 125/39/39 123/28/28
f 125/39/39 13/38/38 126/25/25 123/28/28
f 118/31/31 11/34/34 128/33/33 127/32/32
f 128/33/33 15/477/46 129/476/370 127/32/32
f 129/476/370 14/290/369 124/29/29 127/32/32
f 122/35/35 12/233/245 131/246/258 130/36/36
f 131/246/258 16/245/257 132/47/47 130/36/36
f 132/47/47 15/477/46 128/33/33 130/36/36
f 125/39/39 14/290/369 134/408/312 133/474/40
f 134/409/312 18/54/54 135/51/51 133/40/40
f 135/51/51 17/50/50 136/37/37 133/40/40
f 138/43/43 86/345/371 139/346/372 137/473/44
f 139/404/372 87/347/373 140/348/374 137/44/44
f 140/348/374 88/349/375 141/41/41 137/44/44
f 132/47/47 16/245/257 143/242/254 142/472/48
f 143/428/254 20/241/253 144/59/59 142/48/48
f 144/59/59 19/58/58 145/412/45 142/48/48
f 135/51/51 18/54/54 147/53/53 146/52/52
f 147/53/53 22/66/66 148/63/63 146/52/52
f 148/63/63 21/62/62 149/49/49 146/52/52
f 151/470/55 19/58/58 152/57/57 150/56/56
f 152/57/57 23/70/70 153/67/67 150/56/56
f 153/67/67 22/66/66 147/53/53 150/56/56
f 144/59/59 20/241/253 155/238/250 154/60/60
f 155/238/250 24/237/249 156/71/71 154/60/60
f 156/71/71 23/70/70 152/57/57 154/60/60
f 148/63/63 22/66/66 158/65/65 157/64/64
f 158/65/65 26/322/336 159/319/333 157/64/64
f 159/319/333 25/112/113 160/61/61 157/64/64
f 153/67/67 23/70/70 162/69/69 161/68/68
f 162/69/69 27/326/340 163/323/337 161/68/68
f 163/323/337 26/322/336 158/65/65 161/68/68
f 156/71/71 24/237/249 165/350/376 164/72/72
f 165/350/376 28/351/377 166/327/341 164/72/72
f 166/327/341 27/326/340 162/69/69 164/72/72
f 168/75/75 91/78/78 169/77/77 167/76/76
s 1
f 169/77/378 30/90/90 170/120/379 167/76/380
f 170/120/379 29/109/381 171/73/382 167/76/380
s 3
f 173/79/79 92/82/82 174/81/81 172/80/80
s 1
f 174/81/383 31/129/384 175/91/91 172/80/385
f 175/91/91 30/90/90 169/77/378 172/80/386
s 3
f 177/83/83 93/352/387 178/353/388 176/84/84
s 1
f 178/353/389 32/133/390 179/130/391 176/84/392
f 179/130/391 31/129/384 174/81/383 176/84/392
s 10
f 181/87/87 50/354/393 182/355/394 180/88/88
f 182/355/394 51/215/395 183/212/222 180/88/88
f 183/212/222 52/211/221 184/85/85 180/88/88
s 1
f 175/91/91 31/129/384 186/138/146 185/469/92
f 186/458/146 3/10/10 103/7/7 185/92/92
f 103/7/7 2/6/6 187/89/89 185/92/92
s 12
f 189/95/95 54/356/396 190/357/397 188/96/96
f 190/357/397 55/229/398 191/226/238 188/96/96
f 191/226/238 56/225/237 192/93/93 188/96/96
s off
f 194/460/399 32/133/400 178/353/401 193/468/402
s 3
f 178/353/388 93/352/387 195/331/345 193/468/403
f 195/397/345 94/330/344 108/97/367 193/100/403
f 197/395/103 28/351/377 165/350/376 196/467/104
f 165/350/376 24/237/249 198/234/404 196/467/104
f 198/430/404 12/233/245 121/101/101 196/104/104
s 41
f 379/107/405 381/358/406 382/503/407 380/108/408
f 382/359/407 383/360/409 384/361/410 380/108/408
s 13
f 384/361/411 385/362/412 378/105/105 380/108/108
s off
f 204/462/413 1/2/414 101/1/415 203/466/416
s 3
f 101/1/361 89/342/356 205/317/331 203/466/417
f 205/400/331 90/74/74 171/73/73 203/111/417
f 207/398/114 5/14/14 114/13/13 206/465/115
f 114/13/13 9/26/26 208/249/418 206/465/115
f 208/426/418 21/62/62 160/61/61 206/114/115
s 42
f 388/117/419 390/363/420 391/364/421 389/118/422
f 391/364/421 392/365/423 393/366/424 389/118/422
s 14
f 393/366/425 394/367/426 386/115/116 389/118/119
s 15
f 170/120/122 30/90/427 214/122/428 213/121/123
f 214/122/428 34/145/429 215/142/430 213/121/123
f 215/142/430 33/141/431 216/119/120 213/121/123
s 1
f 187/89/89 2/6/6 218/124/126 217/463/432
f 218/124/126 35/149/433 219/146/434 217/463/432
f 219/454/435 34/145/436 214/122/124 217/123/125
f 98/3/127 1/2/437 221/126/438 220/125/128
f 221/126/438 36/153/439 222/150/440 220/125/128
f 222/150/440 35/149/441 218/124/126 220/125/128
s 43
f 204/110/442 29/109/443 216/119/444 223/461/445
f 216/119/444 33/141/446 224/154/447 223/461/445
s 17
f 224/447/448 36/153/449 221/126/129 223/127/132
s 18
f 179/130/135 32/133/450 226/132/451 225/131/136
f 226/132/451 38/161/452 227/158/453 225/131/136
f 227/158/453 37/157/454 228/128/133 225/131/136
s 44
f 194/99/455 4/98/456 230/135/457 229/459/458
f 230/135/457 39/165/459 231/162/460 229/459/458
s 19
f 231/441/461 38/161/462 226/132/137 229/134/140
s 1
f 107/11/143 3/10/10 233/137/145 232/136/144
f 233/137/145 40/169/463 234/166/464 232/136/144
f 234/166/464 39/165/465 230/135/141 232/136/144
f 186/138/146 31/129/384 228/128/466 235/457/467
f 228/128/466 37/157/468 236/170/469 235/457/467
f 236/434/470 40/169/471 233/137/145 235/139/147
s 21
f 215/142/150 34/145/153 238/144/152 237/143/151
f 238/144/152 42/456/472 239/455/473 237/143/151
f 239/455/473 41/173/474 240/140/148 237/143/151
f 219/146/154 35/149/157 242/148/156 241/453/155
f 242/148/156 43/205/475 243/451/476 241/453/155
f 243/452/476 42/456/472 238/144/152 241/147/155
f 222/150/158 36/153/161 245/152/160 244/151/159
f 245/152/160 44/185/477 246/449/478 244/151/159
f 246/449/478 43/205/475 242/148/156 244/151/159
f 224/154/162 33/141/149 240/140/148 247/446/163
f 240/140/148 41/173/474 248/444/479 247/446/163
f 248/445/479 44/185/477 245/152/160 247/155/163
s 22
f 227/158/166 38/161/169 250/160/168 249/159/167
f 250/160/168 46/443/480 251/442/481 249/159/167
f 251/442/481 45/189/482 252/156/164 249/159/167
f 231/162/170 39/165/173 254/164/172 253/440/171
f 254/164/172 47/219/483 255/438/484 253/440/171
f 255/439/484 46/443/480 250/160/168 253/163/171
f 234/166/174 40/169/177 257/168/176 256/167/175
f 257/168/176 48/201/485 258/436/486 256/167/175
f 258/436/486 47/219/483 254/164/172 256/167/175
f 236/170/178 37/157/165 252/156/164 259/433/179
f 252/156/164 45/189/482 260/431/487 259/433/179
f 260/432/487 48/201/485 257/168/176 259/171/179
s 23
f 239/174/182 42/177/488 262/176/489 261/528/183
s 45
f 262/526/490 50/354/491 181/87/492 261/175/493
f 181/87/492 49/86/494 263/172/495 261/175/493
s off
f 243/178/496 43/450/497 265/216/498 264/527/499
s 28
f 265/513/226 51/215/225 182/355/500 264/179/501
s off
f 182/355/502 50/354/503 262/526/504 264/179/505
s 24
f 267/182/190 57/368/506 268/369/507 266/525/191
s 46
f 268/514/508 59/370/509 269/371/510 266/183/511
f 269/371/510 60/372/512 270/180/513 266/183/511
s off
f 248/186/514 41/479/515 263/524/516 271/523/517
f 263/172/518 49/86/519 184/85/520 271/187/521
s 47
f 184/85/522 52/211/523 272/184/524 271/187/525
s 25
f 251/190/198 46/193/526 274/192/527 273/522/199
s 48
f 274/520/528 54/356/529 189/95/530 273/191/531
f 189/95/530 53/94/532 275/188/533 273/191/531
s off
f 255/194/534 47/437/535 277/230/536 276/521/537
s 30
f 277/507/242 55/229/241 190/357/538 276/195/539
s off
f 190/357/540 54/356/541 274/520/542 276/195/543
s 26
f 279/198/206 61/373/544 280/374/545 278/519/207
s 49
f 280/508/546 63/375/547 281/376/548 278/199/549
f 281/376/548 64/377/550 282/196/551 278/199/549
s off
f 260/202/552 45/478/553 275/518/554 283/517/555
f 275/188/556 53/94/557 192/93/558 283/203/559
s 50
f 192/93/560 56/225/561 284/200/562 283/203/563
s 27
f 246/206/214 44/448/564 286/208/565 285/207/215
s 51
f 286/208/566 57/368/567 267/182/568 285/207/569
f 267/182/568 58/181/570 287/204/571 285/207/569
s 47
f 272/184/524 52/211/523 289/210/572 288/515/573
s off
f 289/210/574 59/370/575 268/514/576 288/515/577
f 268/369/578 57/368/579 286/208/580 288/209/581
s 10
f 183/212/222 51/215/395 291/214/582 290/213/223
s 52
f 291/214/583 60/372/584 269/371/585 290/213/586
f 269/371/585 59/370/587 289/210/588 290/213/586
s off
f 265/216/589 43/450/590 287/204/591 292/512/592
f 287/204/593 58/181/594 270/511/595 292/512/596
f 270/180/597 60/372/598 291/214/599 292/217/600
s 29
f 258/220/230 48/435/601 294/222/602 293/221/231
s 53
f 294/222/603 61/373/604 279/198/605 293/221/606
f 279/198/605 62/197/607 295/218/608 293/221/606
s 50
f 284/200/562 56/225/561 297/224/609 296/509/610
s off
f 297/224/611 63/375/612 280/508/613 296/509/614
f 280/374/615 61/373/616 294/222/617 296/223/618
s 12
f 191/226/238 55/229/398 299/228/619 298/227/239
s 54
f 299/228/620 64/377/621 281/376/622 298/227/623
f 281/376/622 63/375/624 297/224/625 298/227/623
s off
f 277/230/626 47/437/627 295/218/628 300/506/629
f 295/218/630 62/197/631 282/505/632 300/506/633
f 282/196/634 64/377/635 299/228/636 300/231/637
s 3
f 198/234/246 24/237/249 302/236/248 301/429/247
f 302/236/248 65/262/274 303/259/271 301/429/247
f 303/422/271 66/258/270 304/232/244 301/235/247
f 155/238/250 20/241/253 306/240/252 305/239/251
f 306/240/252 67/266/278 307/263/275 305/239/251
f 307/263/275 65/262/274 302/236/248 305/239/251
f 143/242/254 16/245/257 309/244/256 308/427/255
f 309/244/256 68/270/282 310/267/279 308/427/255
f 310/420/279 67/266/278 306/240/252 308/243/255
f 131/246/258 12/233/245 304/232/244 311/247/259
f 304/232/244 66/258/270 312/271/283 311/247/259
f 312/271/283 68/270/282 309/244/256 311/247/259
f 208/249/261 9/26/26 314/251/263 313/425/262
f 314/251/263 70/278/290 315/275/287 313/425/262
f 315/418/287 69/274/286 316/248/260 313/250/262
f 126/25/25 13/38/38 318/253/265 317/252/264
f 318/253/265 71/282/294 319/279/291 317/252/264
f 319/279/291 70/278/290 314/251/263 317/252/264
f 136/37/37 17/50/50 321/255/267 320/423/266
f 321/255/267 72/286/298 322/283/295 320/423/266
f 322/416/295 71/282/294 318/253/265 320/254/266
f 149/49/49 21/62/62 316/248/260 323/256/268
f 316/248/260 69/274/286 324/287/299 323/256/268
f 324/287/299 72/286/298 321/255/267 323/256/268
f 303/259/271 65/262/274 326/261/273 325/421/272
f 326/261/273 73/497/638 199/498/639 325/421/272
f 199/499/639 74/500/640 327/257/269 325/260/272
f 307/263/275 67/266/278 329/265/277 328/264/276
f 329/265/277 75/495/641 200/496/642 328/264/276
f 200/496/642 73/497/638 326/261/273 328/264/276
f 310/267/279 68/270/282 331/269/281 330/419/280
f 331/269/281 76/492/643 201/493/644 330/419/280
f 201/494/644 75/495/641 329/265/277 330/268/280
f 312/271/283 66/258/270 327/257/269 332/272/284
f 327/257/269 74/500/640 202/491/645 332/272/284
f 202/491/645 76/492/643 331/269/281 332/272/284
f 315/275/287 70/278/290 334/277/289 333/417/288
f 334/277/289 78/490/646 209/488/647 333/417/288
f 209/489/647 77/482/648 335/273/285 333/276/288
f 319/279/291 71/282/294 337/281/293 336/280/292
f 337/281/293 79/487/649 210/486/650 336/280/292
f 210/486/650 78/490/646 334/277/289 336/280/292
f 322/283/295 72/286/298 339/285/297 338/415/296
f 339/285/297 80/485/651 211/483/652 338/415/296
f 211/484/652 79/487/649 337/281/293 338/284/296
f 324/287/299 69/274/286 335/273/285 340/288/300
f 335/273/285 77/482/648 212/481/653 340/288/300
f 212/481/653 80/485/651 339/285/297 340/288/300
s off
f 129/291/654 15/46/655 342/293/656 341/292/657
s 3
f 342/293/658 82/305/319 343/302/316 341/292/659
f 343/302/316 81/301/315 344/289/660 341/292/659
f 145/45/45 19/471/58 346/295/308 345/411/307
f 346/295/308 83/309/323 347/306/320 345/411/661
f 347/406/320 82/305/319 342/293/658 345/294/661
f 151/55/309 18/475/54 349/297/311 348/296/310
f 349/297/311 84/313/327 350/310/324 348/296/310
f 350/310/324 83/309/323 346/295/308 348/296/310
f 134/298/312 14/480/662 344/289/663 351/407/313
f 344/289/660 81/301/315 352/314/328 351/407/664
f 352/403/328 84/313/327 349/297/311 351/299/664
f 343/302/316 82/305/319 354/304/318 353/303/317
f 354/304/318 86/345/371 138/43/43 353/303/317
f 138/43/43 85/42/42 355/300/314 353/303/317
f 347/306/320 83/309/323 357/308/322 356/405/321
f 357/308/322 87/347/373 139/404/372 356/405/321
f 139/346/372 86/345/371 354/304/318 356/307/321
f 350/310/324 84/313/327 359/312/326 358/311/325
f 359/312/326 88/349/375 140/348/374 358/311/325
f 140/348/374 87/347/373 357/308/322 358/311/325
f 352/314/328 81/301/315 355/300/314 360/402/329
f 355/300/314 85/42/42 141/401/41 360/402/329
f 141/41/41 88/349/375 359/312/326 360/315/329
f 205/317/331 89/342/356 362/341/355 361/399/332
f 362/341/355 5/14/14 207/398/114 361/399/332
f 207/113/114 25/112/113 363/316/330 361/318/332
f 159/319/333 26/322/336 365/321/335 364/320/334
f 365/321/335 91/78/78 168/75/75 364/320/334
f 168/75/75 90/74/74 363/316/330 364/320/334
f 163/323/337 27/326/340 367/325/339 366/324/338
f 367/325/339 92/82/82 173/79/79 366/324/338
f 173/79/79 91/78/78 365/321/335 366/324/338
f 166/327/341 28/351/377 369/394/665 368/328/342
f 369/394/665 93/352/387 177/83/83 368/328/342
f 177/83/83 92/82/82 367/325/339 368/328/342
f 195/331/345 93/352/387 369/394/665 370/396/346
f 369/394/665 28/351/377 197/395/103 370/396/346
f 197/103/103 8/102/102 371/329/343 370/332/346
f 109/335/349 94/330/344 371/329/343 372/336/350
f 371/329/343 8/102/102 120/23/23 372/336/350
f 120/23/23 7/22/22 373/333/347 372/336/350
f 105/339/353 95/334/348 373/333/347 374/340/354
f 373/333/347 7/22/22 116/19/19 374/340/354
f 116/19/19 6/18/18 375/337/351 374/340/354
f 100/343/357 96/338/352 375/337/351 376/344/358
f 375/337/351 6/18/18 111/15/15 376/344/358
f 111/15/15 5/14/14 362/341/355 376/344/358
s 55
f 202/385/666 74/380/667 377/106/668 378/105/669
s off
f 74/380/670 199/379/671 379/107/672 377/106/673
f 199/379/674 73/378/675 381/358/676 379/107/677
s 56
f 73/378/678 200/504/679 382/503/680 381/358/681
f 200/382/679 75/381/682 383/360/683 382/359/680
s off
f 75/381/684 201/384/685 384/361/686 383/360/687
f 201/384/688 76/383/689 385/362/690 384/361/691
s 55
f 76/383/692 202/385/666 378/105/669 385/362/693
s 57
f 212/393/694 77/388/695 387/116/696 386/501/697
s off
f 77/388/698 209/387/699 388/117/700 387/116/701
f 209/387/702 78/386/703 390/363/704 388/117/705
s 58
f 78/386/706 210/390/707 391/364/708 390/363/709
f 210/390/707 79/389/710 392/365/711 391/364/708
s off
f 79/389/712 211/392/713 393/366/714 392/365/715
f 211/392/716 80/391/717 394/367/718 393/366/719
s 57
f 80/391/720 212/502/694 386/115/697 394/367/721
