# This file uses centimeters as units for non-parametric coordinates.

mtllib my_animation.0024.mtl
g default
v -18.396324 116.621765 -0.468726
v -4.732010 116.670425 0.773859
v 7.059954 117.786674 1.026405
v 21.042885 118.325371 -0.303464
v -19.846682 134.112656 6.910639
v -7.927460 127.215385 13.581535
v 10.259272 128.263321 13.656206
v 21.515390 136.422699 7.179463
v -20.131653 157.220367 28.331654
v -7.588250 147.806335 31.186298
v 7.569218 148.938217 31.649801
v 18.560768 159.869858 30.135494
v -21.319426 164.722977 36.601791
v -7.344997 166.917404 38.239574
v 4.075567 167.744354 38.543789
v 18.694107 168.238953 37.854141
v -23.404583 171.849106 28.416729
v -9.574906 174.952652 29.396894
v 5.577179 176.091095 29.870392
v 20.027519 174.063019 28.676191
v -21.234394 162.699142 22.307201
v -8.264774 163.983368 13.830596
v 6.891402 165.111206 14.286391
v 19.120363 164.786880 24.155737
v -20.378222 143.843292 -1.534327
v -7.473302 147.271774 -4.170375
v 7.678091 148.206573 -4.054275
v 20.973368 146.360947 -1.464287
v -15.994499 110.121155 -9.522285
v -3.128214 109.413559 -5.699459
v 6.638815 109.564766 -4.522582
v 19.744425 111.469330 -8.954878
v -16.964920 91.832848 20.850956
v -9.584310 92.772614 22.441725
v -12.578052 99.735840 29.558432
v -19.943783 98.439644 27.984064
v 14.439683 95.728943 24.464817
v 22.109442 95.276031 23.078651
v 24.055664 104.095741 29.951136
v 16.385883 104.489975 31.318447
v -7.089183 82.263977 -5.589639
v -0.491230 82.423042 -2.291588
v -4.297857 75.354553 4.996744
v -10.671233 75.122971 1.337408
v 8.093963 77.252785 4.006487
v 14.778675 78.262077 0.781494
v 19.816927 73.209641 8.741106
v 13.344053 71.894157 12.340927
v -5.182656 78.278564 -9.848074
v 2.474680 78.521881 -5.463798
v -1.927569 69.407722 5.532403
v -12.022569 69.045074 -0.541674
v 6.312919 72.392906 1.193672
v 14.088134 73.878738 -3.042532
v 22.828283 67.697266 7.227226
v 12.833858 65.507286 13.057824
v -18.544523 62.866291 12.906526
v -10.617993 63.146423 17.743214
v -17.285530 60.145260 10.999829
v -9.359200 60.424892 15.836874
v 22.651880 62.841789 25.767416
v 30.475533 64.619194 21.084110
v 22.324476 59.754223 24.038006
v 30.144529 61.532658 19.349073
v 45.619373 161.319077 30.794920
v 40.203285 159.993622 40.210426
v 45.158062 171.987320 31.829863
v 40.174839 170.607697 41.454399
v -48.418018 158.109650 32.098354
v -40.452873 154.120377 38.236557
v -40.349140 163.437500 43.408569
v -47.351864 167.801636 36.647022
v 66.648819 160.230316 50.959385
v 60.264000 159.271484 58.294552
v 66.465508 163.982285 51.290218
v 60.080360 163.023499 58.625877
v -61.550953 147.254822 56.144917
v -53.048275 144.546555 60.128761
v -52.737747 147.929459 61.765755
v -61.240425 150.637741 57.781910
v -9.543797 175.594116 48.392879
v 6.133575 175.975052 47.840187
v 8.356021 182.163635 32.935661
v -13.325444 181.314209 33.497669
v -9.093193 196.561340 54.774834
v 5.748539 196.809799 54.036381
v 4.473083 205.051636 38.161823
v -9.675272 204.814789 38.865780
v -18.145172 120.520576 -1.108279
v -17.459139 120.788818 -12.507640
v -4.504493 122.078484 -14.524069
v 7.208255 122.571259 -14.454688
v 20.308844 122.138977 -12.349530
v 20.699373 121.626274 -0.650474
v 8.658656 119.979446 4.146632
v -6.145888 119.672966 4.042975
v -12.804839 118.956108 0.479230
v -12.959707 117.674171 1.478887
v -5.723385 117.892632 1.851220
v -13.135607 120.449928 2.019526
v -18.227949 118.346069 -2.148461
v 1.272281 117.267403 2.359221
v 1.196426 116.508408 2.029331
v 8.217158 118.122292 1.774169
v 1.311568 119.208221 4.562634
v 15.153485 119.723831 0.499313
v 15.353162 118.978149 1.374250
v 20.807053 119.608833 -1.816555
v 15.523103 121.083397 2.314277
v -15.685448 140.263474 20.172426
v -15.382339 130.265427 10.515275
v -8.705484 137.389954 22.865469
v -15.830453 150.541824 28.896719
v -20.958303 143.873459 17.285749
v 0.745178 136.809296 22.254227
v 1.200122 127.092674 14.190363
v 10.087831 138.405991 22.976959
v -0.042503 149.208557 30.502686
v 16.917631 142.076263 20.514299
v 17.340919 132.156815 10.652740
v 22.036573 146.201965 18.003195
v 15.384708 152.784973 29.854252
v -14.579598 158.674164 35.353436
v -7.688438 159.123795 37.291702
v -15.277013 166.303558 38.835182
v -21.514961 159.730087 34.110188
v -0.987752 159.025543 37.096508
v 5.598000 160.123352 37.704494
v -1.685664 168.289719 41.525402
v 12.523938 160.653595 36.200050
v 19.453947 163.293060 36.010502
v 11.697769 168.346237 39.880314
v -15.721337 172.088425 35.438122
v -8.622630 172.721725 35.651917
v -17.092834 175.379395 29.419998
v -22.199280 168.971481 33.019371
v -1.794885 202.700226 53.966030
v -1.650686 196.560745 54.798527
v 6.510240 201.951721 48.928600
v -2.704025 206.156219 36.856579
v -11.466095 201.645386 49.840038
v 11.499405 174.197815 36.527401
v 19.192739 172.060013 33.751499
v 13.006141 177.543777 30.437296
v 4.674470 173.621521 35.955559
v -16.515432 170.829468 22.630999
v -9.223808 172.588638 22.737682
v -16.895824 163.357178 15.464273
v -24.271139 168.027298 23.968891
v -1.611178 173.149780 22.961533
v -2.218663 177.721100 30.568323
v 6.046892 173.748444 23.227991
v -0.686336 164.554550 14.068376
v 13.551156 172.801971 23.712786
v 20.974287 169.534164 24.973305
v 15.402575 165.601349 16.547106
v -15.797914 154.660751 6.254532
v -7.636237 155.248825 5.243498
v -15.080363 146.535721 -3.591429
v -21.661842 152.497833 9.044720
v -0.035256 155.686279 5.371225
v 7.504059 156.208939 5.441204
v 0.165605 147.434555 -4.512660
v 15.754556 156.495483 6.657603
v 21.985865 155.042862 9.574740
v 15.277286 148.275879 -3.478295
v -10.817917 115.448631 -13.873483
v -11.707765 121.245377 -14.654705
v -3.837836 116.835144 -13.808838
v -10.052971 110.180099 -11.057112
v -16.624523 115.001595 -12.131598
v 1.543723 117.366997 -13.497428
v 1.330146 122.976997 -14.411244
v 6.971268 117.030022 -13.594263
v 1.725769 112.375244 -10.842751
v 14.051866 116.158257 -13.530713
v 14.471853 122.143997 -14.444245
v 19.945490 116.291954 -11.866468
v 13.737593 110.668327 -10.107324
v -3.626625 74.561241 -3.488394
v -0.461782 80.028290 -9.373043
v 1.468410 74.726601 -0.564309
v -6.983456 69.243309 2.507770
v -8.713476 74.379425 -6.490847
v 1.214526 116.616142 3.071214
v 8.689974 108.688431 9.017859
v -5.040468 106.760391 7.067581
v 13.298560 70.323181 3.743629
v 9.087063 74.234627 -2.675613
v 18.342968 71.316223 0.898878
v 17.840355 66.620117 10.151367
v 8.231010 69.294647 6.524633
v 21.807720 117.774338 -7.172771
v 21.716429 114.628555 -5.001304
v 22.060270 121.932541 -6.875320
v 24.288042 150.686539 13.365321
v 23.248598 141.775421 2.643129
v 21.068008 161.378662 27.961697
v 63.405342 158.968918 54.661057
v 67.197388 161.849258 50.378033
v 63.181179 163.557129 55.065624
v 59.389370 160.676758 59.348331
v -18.879274 116.211800 -7.533079
v -18.524414 112.833611 -5.311708
v -19.444391 120.530029 -7.253936
v -23.796879 148.082336 12.687407
v -22.287191 139.125900 2.434825
v -23.425339 158.921768 25.292145
v -57.245449 145.170059 57.856632
v -51.856709 145.582565 61.293434
v -56.865707 149.306961 59.858479
v -62.254448 148.894455 56.421677
v -10.825274 98.947563 4.452250
v -7.220917 100.683578 7.255971
v -12.826241 91.804337 21.008606
v -16.159540 99.174133 5.987028
v -7.002264 105.713509 11.245763
v -10.364408 110.147659 15.042708
v -9.783179 96.471550 26.634890
v -15.043647 111.667793 14.835011
v -19.361397 108.866615 13.647436
v -16.709524 100.769493 30.244053
v -19.005760 103.873199 9.511062
v -19.622360 94.952682 24.474220
v 15.543757 101.029182 6.506800
v 20.842894 101.897804 7.668166
v 17.944077 94.735420 23.193249
v 11.534958 102.502747 9.198719
v 22.903023 107.223717 10.730003
v 22.612097 112.628731 14.522434
v 24.184465 99.806892 26.646915
v 17.855717 115.054466 15.511053
v 13.312035 113.293716 16.065804
v 20.408318 106.026794 31.906147
v 10.734074 108.084686 12.821776
v 14.151731 100.345573 28.385511
v -8.888152 93.860252 8.844304
v -5.525081 92.434837 11.630774
v -3.146354 83.799118 -5.305802
v -13.305327 92.114845 9.001098
v -5.209753 87.281258 15.495971
v -7.742478 82.293068 18.657217
v -1.071043 79.015915 1.586379
v -11.795403 80.222961 18.206034
v -15.469967 81.933670 16.078760
v -8.778088 73.402206 5.336983
v -15.588592 86.804764 12.077096
v -9.740920 78.711678 -2.988186
v 14.344415 92.348419 11.823506
v 19.004677 91.555595 12.166157
v 10.616625 78.765572 0.939396
v 11.022840 91.161865 14.875446
v 21.903137 87.454918 16.374817
v 22.563843 83.562851 21.530624
v 18.010883 75.838730 4.047451
v 19.041929 81.901421 24.075243
v 14.637612 83.240326 24.280254
v 18.240934 71.341934 12.754437
v 11.502573 86.989479 20.000006
v 9.371850 74.425407 8.398602
v -1.507424 82.311813 -7.822157
v 1.482910 80.779678 -3.991681
v -6.226604 80.540810 -8.272567
v 0.551385 76.905991 0.852209
v -2.883738 71.570953 7.009847
v -15.295494 61.432220 16.586193
v -14.925865 63.750679 15.846791
v -20.328358 61.255291 13.515484
v -12.977415 59.539543 12.895940
v -10.262633 61.609150 19.656902
v -9.672373 76.548309 -4.973724
v -12.976406 71.203011 0.939393
v 9.455460 76.797043 -1.334657
v 14.438001 76.366188 -1.659522
v 6.610484 74.955650 2.483297
v 18.600363 73.716751 2.273074
v 23.070089 70.145287 8.570470
v 27.666166 62.519852 24.804258
v 26.653233 64.578079 23.899925
v 22.699530 61.388660 27.778021
v 26.144449 59.799843 21.220016
v 32.633213 63.646130 21.829302
v 8.427353 71.783394 7.791138
v 13.065095 67.951256 14.394938
v -11.955413 68.697670 10.706931
v -16.415070 68.549706 8.004134
v -7.507131 68.858177 13.415752
v -16.056837 66.456711 6.219268
v -15.068322 64.289024 4.723128
v -10.026947 64.461456 7.782892
v -4.994877 64.638916 10.853115
v -5.978640 66.805573 12.344948
v 22.540039 68.090546 18.396406
v 18.141228 67.089775 21.011726
v 26.943981 69.099098 15.778771
v 17.322674 64.612274 20.064285
v 17.069630 62.159088 18.708168
v 22.039898 63.294453 15.740615
v 27.018200 64.437347 12.773217
v 27.272345 66.885017 14.134394
v 32.576057 160.713440 32.534122
v 33.459290 162.772247 28.367134
v 43.114952 159.026825 35.423763
v 31.723831 161.250107 37.117573
v 33.713459 166.960449 28.096682
v 33.566818 171.522202 29.962641
v 45.855049 166.396255 30.130177
v 32.671066 171.364120 34.545200
v 31.788017 169.896179 38.815857
v 42.931091 172.025040 36.852222
v 31.559803 165.048508 38.827183
v 39.523678 164.738861 41.785088
v -35.168949 157.592789 30.492533
v -33.507759 156.434235 34.766350
v -44.787296 154.554382 34.647385
v -36.666473 161.066071 27.602064
v -32.995762 159.405731 37.690819
v -33.122257 163.974762 39.464417
v -39.465637 158.009628 41.214470
v -34.610851 166.900635 36.200317
v -36.177299 168.691742 32.270107
v -44.127468 166.172394 40.591991
v -36.787693 165.098892 28.938677
v -48.583927 163.135071 33.295368
v 49.982086 157.649017 42.077297
v 53.210178 159.891586 38.187122
v 46.653683 158.886703 46.039436
v 53.682369 164.213470 37.611141
v 52.780506 169.614487 38.931133
v 49.476192 169.536896 43.053791
v 46.220592 168.610779 46.887169
v 45.697670 162.981018 47.307487
v -48.950809 150.067490 42.109634
v -44.449871 150.211197 44.970348
v -53.300945 153.170532 40.525066
v -43.120564 153.679840 47.289932
v -43.805847 158.994110 49.166950
v -48.239292 160.878418 47.081650
v -52.662788 162.093307 44.428486
v -53.925591 157.393387 41.659271
v -1.490584 166.899658 46.964092
v 4.329787 172.915649 40.908268
v -1.567841 174.366165 50.637314
v -8.186232 172.227386 40.879559
v 6.688925 175.128769 37.883568
v 3.978681 178.129089 33.579781
v 9.989591 179.167953 40.330421
v -2.407148 179.922134 31.331522
v -8.489103 177.381622 33.552433
v -2.524697 182.212158 32.534153
v -10.811356 174.178589 37.863518
v -14.178082 178.475311 41.120468
v -1.501510 187.973312 55.186901
v 9.107975 190.668243 52.453030
v -12.386227 190.308411 53.522480
v 10.165383 194.140030 43.491993
v 8.051679 196.006210 35.030720
v -2.709878 196.327377 33.431969
v -13.242904 195.649719 36.090237
v -14.443009 193.728073 44.716389
v -20.871792 131.332230 -3.658055
v -18.905767 129.430130 2.870483
v -18.999413 133.237320 -9.348223
v -13.488044 134.502594 -12.038419
v -6.009884 134.690811 -12.444688
v 0.844763 135.783463 -12.206306
v 7.765459 135.446060 -12.348780
v 15.245982 135.545868 -11.916498
v 20.953249 134.600403 -9.351966
v 22.797346 132.789352 -3.490040
v 21.061197 130.653122 2.965017
v 16.353653 129.778046 7.079865
v 10.306613 128.532516 9.162938
v 1.062970 128.786133 9.230470
v -8.181933 127.743492 8.852768
v -14.262767 128.603104 6.783440
v 70.514786 158.711075 67.773445
v 69.563393 160.297531 68.921486
v 73.903709 158.748978 63.865063
v 73.794456 160.985291 64.062256
v 77.438782 159.750763 59.818729
v 78.030594 161.568954 59.193840
v 77.232475 163.973404 60.191067
v 73.670853 163.515137 64.285324
v 70.308487 162.933701 68.145782
v -69.420189 144.180664 67.448357
v -68.662506 142.346191 67.120918
v -63.963364 140.415543 69.136795
v -63.782578 142.384979 70.089806
v -59.442287 139.409363 71.440956
v -58.144974 140.589294 72.731247
v -59.092796 143.216660 73.283310
v -63.568890 144.712891 71.216278
v -68.313026 146.153488 68.963264
vt 0.208431 0.494797
vt 0.208575 0.478116
vt 0.229443 0.475893
vt 0.229271 0.493426
vt 0.252729 0.492198
vt 0.256170 0.471571
vt 0.275357 0.475888
vt 0.275429 0.493819
vt 0.298111 0.492176
vt 0.294163 0.471736
vt 0.321331 0.475953
vt 0.321541 0.493432
vt 0.198757 0.641525
vt 0.200055 0.589825
vt 0.221664 0.590600
vt 0.219751 0.640956
vt 0.244967 0.639373
vt 0.247968 0.591507
vt 0.275466 0.591669
vt 0.275481 0.635804
vt 0.305994 0.639365
vt 0.302966 0.591494
vt 0.329276 0.590573
vt 0.331197 0.640955
vt 0.199789 0.728809
vt 0.197393 0.704590
vt 0.219517 0.692482
vt 0.227784 0.730211
vt 0.252859 0.733034
vt 0.249003 0.687406
vt 0.275511 0.688085
vt 0.275516 0.730408
vt 0.298175 0.733010
vt 0.302021 0.687396
vt 0.331536 0.692451
vt 0.323246 0.730162
vt 0.805511 0.686057
vt 0.204711 0.752714
vt 0.229559 0.760254
vt 0.782889 0.696424
vt 0.784986 0.875584
vt 0.254181 0.941082
vt 0.275435 0.940431
vt 0.742298 0.896742
vt 0.699334 0.736241
vt 0.297037 0.807427
vt 0.321459 0.760204
vt 0.696358 0.696343
vt 0.808954 0.641287
vt 0.805193 0.664541
vt 0.784300 0.671779
vt 0.785729 0.644267
vt 0.763331 0.647822
vt 0.762442 0.673765
vt 0.742276 0.741120
vt 0.739609 0.647377
vt 0.715889 0.647774
vt 0.716786 0.673709
vt 0.694936 0.671695
vt 0.693494 0.644181
vt 0.806875 0.557726
vt 0.810121 0.617205
vt 0.790367 0.607046
vt 0.787575 0.557696
vt 0.763367 0.556090
vt 0.764746 0.603486
vt 0.739627 0.603152
vt 0.739688 0.556093
vt 0.716014 0.556064
vt 0.714496 0.603455
vt 0.688836 0.606971
vt 0.691820 0.557642
vt 0.803405 0.420481
vt 0.802841 0.435733
vt 0.782960 0.432290
vt 0.783371 0.416064
vt 0.759505 0.410786
vt 0.759570 0.428509
vt 0.739756 0.426992
vt 0.739743 0.409699
vt 0.720007 0.410786
vt 0.719946 0.428500
vt 0.696571 0.432245
vt 0.696182 0.416016
vt 0.819305 0.093413
vt 0.797386 0.086157
vt 0.790779 0.072322
vt 0.822344 0.073237
vt 0.265809 0.416173
vt 0.762697 0.377789
vt 0.739788 0.389948
vt 0.275377 0.462947
vt 0.364323 0.097210
vt 0.342669 0.089884
vt 0.336664 0.075169
vt 0.367299 0.076188
vt 0.342559 0.494848
vt 0.342402 0.478170
vt 0.366070 0.480227
vt 0.366198 0.495669
vt 0.352247 0.641476
vt 0.350872 0.589816
vt 0.374237 0.588973
vt 0.374011 0.638442
vt 0.936729 0.462892
vt 0.940585 0.464321
vt 0.946953 0.476690
vt 0.936605 0.482861
vt 0.804780 0.405462
vt 0.824266 0.410023
vt 0.823186 0.423812
vt 0.805355 0.509178
vt 0.825584 0.509339
vt 0.825621 0.554997
vt 0.118742 0.522844
vt 0.058006 0.517789
vt 0.074507 0.510871
vt 0.084702 0.516921
vt 0.822269 0.350445
vt 0.784755 0.399833
vt 0.805305 0.347137
vt 0.793942 0.336256
vt 0.777469 0.322538
vt 0.236211 0.409364
vt 0.220899 0.415267
vt 0.203041 0.415110
vt 0.182178 0.419746
vt 0.685950 0.336155
vt 0.717407 0.377787
vt 0.694840 0.399772
vt 0.674409 0.347030
vt 0.657366 0.350391
vt 0.674734 0.405426
vt 0.637625 0.358046
vt 0.347747 0.415166
vt 0.329799 0.415381
vt 0.314324 0.409429
vt 0.706215 0.336018
vt 0.292514 0.404556
vt 0.870618 0.237836
vt 0.844433 0.293934
vt 0.832214 0.287148
vt 0.858351 0.228645
vt 0.844944 0.223065
vt 0.821107 0.280742
vt 0.243727 0.342391
vt 0.826584 0.212775
vt 0.214622 0.282882
vt 0.224361 0.346790
vt 0.210147 0.349538
vt 0.199596 0.284960
vt 0.184434 0.288656
vt 0.194986 0.352422
vt 0.864110 0.304875
vt 0.163133 0.290367
vt 0.634803 0.222910
vt 0.658751 0.280554
vt 0.647480 0.287052
vt 0.621343 0.228556
vt 0.609012 0.237734
vt 0.635143 0.293889
vt 0.375465 0.356065
vt 0.590820 0.249121
vt 0.366326 0.288752
vt 0.355651 0.352469
vt 0.340563 0.349608
vt 0.351134 0.285011
vt 0.336042 0.282967
vt 0.326383 0.346874
vt 0.678330 0.268182
vt 0.315081 0.275917
vt 0.789900 0.091626
vt 0.894734 0.181072
vt 0.223763 0.023658
vt 0.779683 0.072008
vt 0.205625 0.023651
vt 0.212375 0.030485
vt 0.208733 0.046428
vt 0.818124 0.043214
vt 0.919973 0.054113
vt 0.218394 0.124576
vt 0.231547 0.124829
vt 0.925982 0.076298
vt 0.853028 0.105343
vt 0.173602 0.224408
vt 0.245023 0.044913
vt 0.815784 0.102925
vt 0.335499 0.095534
vt 0.609223 0.166963
vt 0.147562 0.023794
vt 0.325939 0.074804
vt 0.129108 0.019171
vt 0.133886 0.026698
vt 0.125138 0.040618
vt 0.363323 0.044920
vt 0.461211 0.056389
vt 0.114656 0.083148
vt 0.128082 0.110700
vt 0.466974 0.079440
vt 0.396801 0.109583
vt 0.345740 0.218419
vt 0.158805 0.046562
vt 0.361009 0.107136
vt 0.212264 0.093809
vt 0.204982 0.218327
vt 0.226791 0.056935
vt 0.229179 0.093286
vt 0.246067 0.092223
vt 0.255137 0.092099
vt 0.884191 0.095549
vt 0.853655 0.095653
vt 0.854753 0.074189
vt 0.884265 0.075061
vt 0.885799 0.054616
vt 0.855335 0.052709
vt 0.203340 0.068369
vt 0.888472 0.044995
vt 0.116537 0.064410
vt 0.377147 0.224500
vt 0.136900 0.057215
vt 0.135301 0.068971
vt 0.159593 0.072808
vt 0.169578 0.075371
vt 0.426769 0.099419
vt 0.397393 0.099512
vt 0.398467 0.077209
vt 0.426850 0.078134
vt 0.428347 0.056895
vt 0.399054 0.054890
vt 0.111199 0.052142
vt 0.430928 0.046902
vt 0.398347 0.732496
vt 0.353774 0.704759
vt 0.655189 0.607952
vt 0.404645 0.715309
vt 0.625247 0.642548
vt 0.669008 0.617360
vt 0.670290 0.641156
vt 0.629866 0.657272
vt 0.633967 0.675274
vt 0.674058 0.664432
vt 0.345812 0.774768
vt 0.637449 0.692485
vt 0.387906 0.765553
vt 0.346295 0.752641
vt 0.351218 0.728717
vt 0.392980 0.747350
vt 0.854032 0.642643
vt 0.181252 0.694641
vt 0.859345 0.625630
vt 0.152631 0.732602
vt 0.157999 0.747449
vt 0.163074 0.765647
vt 0.167481 0.783084
vt 0.845329 0.675366
vt 0.849419 0.657366
vt 0.462802 0.754848
vt 0.433121 0.744888
vt 0.586158 0.633072
vt 0.469035 0.736153
vt 0.562716 0.661102
vt 0.591598 0.653084
vt 0.596668 0.669873
vt 0.567525 0.676181
vt 0.573571 0.695803
vt 0.602326 0.689166
vt 0.414557 0.801264
vt 0.575415 0.714705
vt 0.450039 0.789809
vt 0.420413 0.781867
vt 0.427222 0.762131
vt 0.457315 0.770152
vt 0.916571 0.661069
vt 0.887682 0.653104
vt 0.112049 0.724515
vt 0.922852 0.642462
vt 0.088177 0.754903
vt 0.117860 0.744959
vt 0.123753 0.762207
vt 0.093657 0.770210
vt 0.100926 0.789871
vt 0.130556 0.781946
vt 0.872833 0.708772
vt 0.104321 0.808576
vt 0.905760 0.695791
vt 0.876995 0.689207
vt 0.882631 0.669903
vt 0.911782 0.676158
vt 0.245118 0.820265
vt 0.256063 0.761423
vt 0.275458 0.816348
vt 0.275456 0.817082
vt 0.305796 0.819611
vt 0.322444 0.827635
vt 0.716707 0.746651
vt 0.742277 0.751635
vt 0.767846 0.746640
vt 0.232576 0.815700
vt 0.789238 0.746868
vt 0.242805 0.909093
vt 0.242913 0.847487
vt 0.275453 0.850080
vt 0.275444 0.899369
vt 0.308078 0.909112
vt 0.307992 0.847504
vt 0.685718 0.768892
vt 0.335635 0.923345
vt 0.710517 0.826756
vt 0.709025 0.772272
vt 0.742280 0.767854
vt 0.742288 0.823907
vt 0.774059 0.826743
vt 0.775535 0.772258
vt 0.216918 0.852154
vt 0.800161 0.835727
vt 0.803587 0.472219
vt 0.184266 0.511368
vt 0.823748 0.473030
vt 0.786007 0.508646
vt 0.783967 0.470951
vt 0.760849 0.468488
vt 0.762764 0.507838
vt 0.739729 0.507585
vt 0.739749 0.469813
vt 0.718652 0.468468
vt 0.716699 0.507812
vt 0.693463 0.508589
vt 0.695538 0.470900
vt 0.347089 0.550471
vt 0.343449 0.511536
vt 0.656251 0.437958
vt 0.370672 0.549455
vt 0.305626 0.550928
vt 0.300328 0.509969
vt 0.323635 0.511057
vt 0.326613 0.553291
vt 0.245263 0.550946
vt 0.250519 0.509979
vt 0.275426 0.509223
vt 0.275447 0.553833
vt 0.203857 0.550446
vt 0.207534 0.511493
vt 0.227207 0.511082
vt 0.224277 0.553331
vt 0.296688 0.941095
vt 0.317831 0.963343
vt 0.722395 0.859395
vt 0.742293 0.859091
vt 0.762190 0.859387
vt 0.672412 0.557619
vt 0.673996 0.509116
vt 0.676597 0.435714
vt 0.676064 0.420456
vt 0.798456 0.058765
vt 0.820876 0.052919
vt 0.343747 0.061021
vt 0.365907 0.055032
vt 0.963235 0.483911
vt 0.902883 0.489040
vt 0.909072 0.482168
vt 0.925033 0.475729
vt 0.931354 0.463643
vt 0.080884 0.498420
vt 0.084741 0.496992
vt 0.090126 0.497750
vt 0.096539 0.509638
vt 0.112499 0.516024
vt 0.245369 0.109349
vt 0.249130 0.116712
vt 0.914174 0.091435
vt 0.914507 0.075957
vt 0.915392 0.060496
vt 0.143488 0.116794
vt 0.145270 0.126440
vt 0.455609 0.095160
vt 0.455938 0.079081
vt 0.456800 0.063019
vt 0.982240 0.434188
vt 0.963585 0.427947
vt 0.946509 0.423110
vt 0.890921 0.433118
vt 0.882130 0.436526
vt 0.926679 0.423006
vt 0.909612 0.427375
vt 0.937930 0.422313
vt 0.075163 0.457134
vt 0.058225 0.461798
vt 0.039557 0.467684
vt 0.094859 0.456979
vt 0.083682 0.456346
vt 0.130564 0.466891
vt 0.111877 0.461251
vt 0.033116 0.470128
vt 0.675805 0.472192
vt 0.653419 0.509254
vt 0.655248 0.472962
vt 0.367019 0.511392
vt 0.176921 0.588998
vt 0.180547 0.549455
vt 0.822760 0.437993
vt 0.233028 0.963316
vt 0.215241 0.923308
vt 0.798841 0.768868
vt 0.699605 0.875602
vt 0.684417 0.835751
vt 0.333987 0.852188
vt 0.228471 0.827609
vt 0.254212 0.785439
vt 0.759269 0.697501
vt 0.785216 0.736222
vt 0.695315 0.746888
vt 0.719972 0.697428
vt 0.296799 0.785396
vt 0.318344 0.815723
vt 0.903939 0.714697
vt 0.136407 0.801345
vt 0.081951 0.736203
vt 0.893090 0.633076
vt 0.446638 0.808511
vt 0.606509 0.708725
vt 0.556410 0.642507
vt 0.438944 0.724452
vt 0.841861 0.692578
vt 0.205190 0.774839
vt 0.146366 0.715395
vt 0.823906 0.608060
vt 0.383498 0.782992
vt 0.673752 0.685953
vt 0.619881 0.625562
vt 0.369876 0.694574
vt 0.624476 0.158216
vt 0.327082 0.211968
vt 0.653476 0.212425
vt 0.306569 0.342322
vt 0.153133 0.050558
vt 0.361352 0.222428
vt 0.125968 0.045756
vt 0.396618 0.225899
vt 0.569871 0.190223
vt 0.388031 0.290471
vt 0.615162 0.304972
vt 0.596954 0.173816
vt 0.584932 0.180968
vt 0.909456 0.190131
vt 0.154402 0.225852
vt 0.888489 0.249012
vt 0.175675 0.355943
vt 0.241882 0.047343
vt 0.189385 0.222364
vt 0.213528 0.046751
vt 0.223402 0.212053
vt 0.855547 0.158550
vt 0.235225 0.276013
vt 0.801766 0.268578
vt 0.882733 0.173912
vt 0.870470 0.167071
vt 0.702590 0.322102
vt 0.284431 0.416033
vt 0.369025 0.419829
vt 0.654789 0.409992
vt 0.841623 0.358035
vt 0.185243 0.480200
vt 0.257695 0.404697
vt 0.773758 0.336466
vt 0.177136 0.638471
vt 0.185108 0.495641
vt 0.653403 0.554919
vt 0.655840 0.423782
vt 0.740026 0.329135
vt 0.739609 0.679991
vt 0.717946 0.727940
vt 0.321543 0.784229
vt 0.275425 0.981496
vt 0.229466 0.784279
vt 0.766602 0.727930
vt 0.275513 0.766895
vt 0.294962 0.761394
vt 0.158494 0.031032
vt 0.235614 0.029385
vt 0.253884 0.807420
vt 0.968218 0.693073
vt 0.970279 0.686813
vt 0.964692 0.720144
vt 0.041234 0.817480
vt 0.965692 0.701614
vt 0.035620 0.790589
vt 0.038855 0.799577
vt 0.026837 0.766821
vt 0.976742 0.669618
vt 0.033170 0.783659
vt 0.515345 0.790561
vt 0.512107 0.799546
vt 0.509721 0.817448
vt 0.514670 0.720260
vt 0.513647 0.701731
vt 0.511110 0.693195
vt 0.509040 0.686939
vt 0.502555 0.669755
vt 0.524137 0.766797
vt 0.517798 0.783632
vt 0.052820 0.522857
vt 0.139366 0.470253
vt 0.968347 0.489050
vt 0.988625 0.436785
vt 0.108883 0.091107
vt 0.106409 0.062482
vt 0.399209 0.044805
vt 0.459518 0.102060
vt 0.428604 0.109556
vt 0.167704 0.057128
vt 0.215342 0.132259
vt 0.203222 0.094543
vt 0.855471 0.043005
vt 0.918242 0.098075
vt 0.886101 0.105305
vt 0.255511 0.067846
vt 0.169019 0.047690
vt 0.166893 0.025823
vt 0.125973 0.120002
vt 0.337008 0.054912
vt 0.115292 0.038211
vt 0.149847 0.015689
vt 0.254586 0.043904
vt 0.241676 0.021944
vt 0.231922 0.132778
vt 0.791425 0.052872
vt 0.199112 0.046316
vt 0.223332 0.014444
vn -0.379885 0.637906 0.669898
vn -0.379885 0.637906 0.669898
vn -0.263850 0.382350 0.885546
vn -0.272561 0.400763 0.874700
vn -0.080968 -0.226092 0.970735
vn 0.216131 0.694079 0.686689
vn -0.101904 0.542357 0.833945
vn -0.143206 -0.616249 0.774422
vn 0.101082 -0.187933 0.976967
vn -0.277119 0.787751 0.550139
vn 0.222166 0.628476 0.745427
vn 0.224094 0.634766 0.739495
vn -0.802715 -0.424668 0.418694
vn -0.841625 -0.442539 0.309559
vn -0.585160 -0.642496 0.494760
vn -0.582286 -0.547009 0.601435
vn -0.226537 -0.625140 0.746915
vn -0.225762 -0.797608 0.559333
vn 0.041946 -0.827306 0.560183
vn 0.028714 -0.628508 0.777273
vn 0.282698 -0.604160 0.745032
vn 0.302906 -0.765552 0.567608
vn 0.634191 -0.584062 0.506630
vn 0.613755 -0.500934 0.610222
vn 0.000105 -0.652215 0.758034
vn -0.561779 -0.703590 0.435161
vn -0.520785 -0.522818 0.674866
vn -0.289590 -0.482152 0.826842
vn -0.111998 -0.423547 0.898924
vn -0.136896 -0.564856 0.813755
vn 0.018072 -0.561235 0.827459
vn 0.005120 -0.440312 0.897830
vn 0.114669 -0.409304 0.905164
vn 0.179775 -0.548521 0.816582
vn 0.540912 -0.465198 0.700718
vn 0.297369 -0.441167 0.846725
vn -0.203169 0.744557 0.635891
vn -0.062627 0.097663 0.993247
vn -0.193384 0.058075 0.979403
vn -0.229812 0.690605 0.685749
vn -0.625628 0.711594 0.319724
vn -0.467921 0.190244 0.863051
vn 0.046561 0.164776 0.985231
vn 0.009910 0.850702 0.525555
vn 0.286599 0.662447 0.692116
vn 0.049645 -0.082236 0.995376
vn 0.109522 0.087546 0.990122
vn 0.091123 0.734068 0.672934
vn -0.430091 0.483654 -0.762300
vn -0.375556 0.915933 -0.141508
vn -0.278357 0.959988 -0.030673
vn -0.280337 0.707772 -0.648437
vn -0.107367 0.786912 -0.607652
vn -0.174614 0.951293 -0.254071
vn -0.054046 0.896855 -0.439010
vn -0.041111 0.796420 -0.603345
vn 0.040181 0.797262 -0.602295
vn 0.045056 0.964946 -0.258551
vn 0.185483 0.982355 -0.023966
vn 0.241804 0.733804 -0.634872
vn -0.798077 0.442589 -0.408886
vn -0.709063 0.280528 -0.646941
vn -0.402252 0.641761 -0.652944
vn -0.358538 0.689967 -0.628805
vn -0.090920 0.732256 -0.674933
vn -0.099204 0.703446 -0.703792
vn -0.032597 0.708635 -0.704822
vn -0.037136 0.733472 -0.678704
vn 0.024626 0.741254 -0.670773
vn 0.046577 0.716348 -0.696187
vn 0.380433 0.698322 -0.606315
vn 0.305659 0.732909 -0.607797
vn -0.590620 -0.148685 -0.793134
vn -0.667577 0.018315 -0.744316
vn -0.180629 0.075342 -0.980661
vn -0.128553 -0.136330 -0.982287
vn 0.043299 -0.135684 -0.989806
vn 0.001038 0.083215 -0.996531
vn 0.002673 0.088224 -0.996097
vn 0.015540 -0.150709 -0.988456
vn -0.014443 -0.153886 -0.987983
vn 0.007293 0.076242 -0.997063
vn 0.175236 0.076727 -0.981532
vn 0.139152 -0.144013 -0.979743
vn 0.339022 -0.782311 -0.522546
vn 0.341883 -0.772470 -0.535169
vn 0.335410 -0.774018 -0.537025
vn 0.333565 -0.783665 -0.524026
vn 0.934169 -0.162643 0.317610
vn 0.733820 -0.672213 -0.098175
vn 0.066594 -0.913295 -0.401819
vn -0.075009 -0.727665 0.681819
vn -0.077156 -0.880654 -0.467435
vn -0.084822 -0.874544 -0.477470
vn -0.089787 -0.875885 -0.474093
vn -0.081359 -0.881690 -0.464762
vn 0.988127 0.116026 0.100712
vn 0.988127 0.116025 0.100712
vn 0.988127 0.116025 0.100712
vn 0.988127 0.116026 0.100712
vn 0.835634 -0.346470 0.426232
vn 0.884688 -0.356313 0.300612
vn 0.996439 0.006411 -0.084071
vn 0.997527 0.055101 0.043632
vn 0.755466 -0.020833 0.654856
vn 0.755466 -0.020835 0.654857
vn 0.755466 -0.020835 0.654857
vn 0.755466 -0.020833 0.654856
vn -0.886893 -0.307454 -0.344808
vn -0.886893 -0.307454 -0.344808
vn -0.886893 -0.307454 -0.344808
vn -0.886893 -0.307454 -0.344808
vn -0.753592 0.392589 -0.527231
vn -0.993444 -0.088583 -0.072260
vn -0.997490 -0.063529 0.031256
vn -0.486012 -0.344126 0.803349
vn -0.486010 -0.344124 0.803351
vn -0.486010 -0.344124 0.803351
vn -0.486012 -0.344126 0.803349
vn -0.127549 -0.855548 -0.501766
vn -0.168867 -0.799340 -0.576662
vn 0.102022 -0.826002 -0.554358
vn 0.163974 -0.851916 -0.497345
vn 0.973730 -0.192436 0.121728
vn 0.978927 -0.166748 0.117891
vn 0.557903 0.658195 0.505494
vn -0.096976 0.896372 0.432566
vn -0.157257 0.857784 0.489364
vn -0.998705 -0.007143 -0.050373
vn -0.999042 0.015824 -0.040793
vn -0.999042 0.015824 -0.040793
vn -0.998806 -0.003247 -0.048750
vn -0.373455 -0.860196 -0.347266
vn -0.326264 -0.856681 -0.399561
vn -0.014951 -0.879101 -0.476401
vn -0.079897 -0.899215 -0.430149
vn 0.941547 -0.269013 -0.202786
vn 0.938935 -0.272946 -0.209528
vn 0.938935 -0.272946 -0.209528
vn 0.941855 -0.268541 -0.201978
vn 0.441310 0.840486 0.314371
vn 0.332629 0.907975 0.254831
vn 0.034479 0.951127 0.306869
vn 0.082414 0.920853 0.381101
vn -0.614733 0.656522 0.437130
vn -0.917955 -0.229761 0.323371
vn -0.894613 0.228982 0.383712
vn -0.623753 0.639057 -0.450043
vn -0.566738 0.791074 -0.230239
vn -0.103128 0.993182 0.054360
vn 0.089557 0.932095 -0.350968
vn 0.757631 0.652076 0.028156
vn 0.503344 0.858850 0.094983
vn 0.781781 -0.197795 0.591351
vn 0.927161 -0.043333 0.372148
vn 0.531351 -0.506543 0.679029
vn 0.167909 -0.482877 0.859439
vn -0.153648 -0.549684 0.821121
vn -0.148365 -0.734682 0.661990
vn -0.819228 -0.522620 0.236081
vn -0.452510 -0.564643 0.690227
vn -0.970371 -0.222828 -0.093426
vn -0.946012 0.012243 -0.323900
vn -0.879210 0.460800 -0.121052
vn -0.753584 0.648136 -0.109688
vn -0.064191 0.961838 -0.265982
vn -0.254496 0.779111 -0.572904
vn 0.519300 0.594443 -0.613975
vn 0.527039 0.711075 -0.465406
vn 0.995110 -0.062747 -0.076276
vn 0.939305 0.097558 -0.328919
vn 0.900895 -0.287406 0.325248
vn 0.559614 -0.317746 0.765421
vn 0.227900 -0.329376 0.916282
vn 0.271886 -0.521619 0.808697
vn -0.472180 -0.415175 0.777609
vn -0.150032 -0.301843 0.941478
vn -0.804514 -0.145460 0.575845
vn -0.919157 -0.114592 0.376855
vn -0.243225 0.768637 -0.591642
vn -0.243225 0.768637 -0.591642
vn 0.155643 0.894726 -0.418617
vn 0.192376 0.897233 -0.397447
vn 0.767018 0.420906 0.484275
vn 0.767018 0.420906 0.484275
vn 0.767018 0.420906 0.484275
vn 0.767018 0.420906 0.484275
vn -0.380716 0.525126 0.761117
vn -0.380716 0.525125 0.761117
vn -0.456806 0.524623 0.718400
vn -0.456812 0.524623 0.718396
vn -0.928236 0.366418 -0.064158
vn -0.928236 0.366418 -0.064158
vn -0.928236 0.366418 -0.064158
vn -0.928236 0.366418 -0.064158
vn -0.715938 0.656168 -0.238486
vn -0.715938 0.656168 -0.238486
vn -0.356133 0.791256 -0.497074
vn -0.401834 0.784349 -0.472575
vn 0.756123 0.495429 -0.427585
vn 0.756122 0.495429 -0.427585
vn 0.756122 0.495429 -0.427585
vn 0.756122 0.495429 -0.427585
vn 0.329854 0.693537 0.640471
vn 0.329854 0.693537 0.640471
vn 0.257023 0.679388 0.687293
vn 0.257148 0.679416 0.687218
vn -0.656117 0.276184 0.702305
vn -0.656117 0.276184 0.702305
vn -0.656117 0.276184 0.702305
vn -0.656117 0.276184 0.702305
vn -0.323030 0.802243 0.502053
vn -0.323030 0.802243 0.502053
vn -0.327480 0.800419 0.502081
vn -0.327536 0.800396 0.502082
vn -0.877993 0.386703 -0.282115
vn -0.877993 0.386703 -0.282115
vn -0.877993 0.386703 -0.282115
vn -0.877993 0.386703 -0.282115
vn 0.340934 -0.786581 -0.514834
vn 0.338971 -0.787463 -0.514783
vn 0.335605 -0.788903 -0.514783
vn 0.339422 -0.787142 -0.514977
vn 0.854588 0.027254 0.518590
vn 0.857867 0.030137 0.512987
vn 0.857760 0.030042 0.513172
vn 0.854588 0.027254 0.518590
vn 0.072448 0.889495 0.451165
vn 0.072448 0.889495 0.451165
vn 0.068932 0.888133 0.454387
vn 0.069033 0.888173 0.454294
vn -0.756299 0.234545 0.610738
vn -0.756299 0.234545 0.610738
vn -0.756299 0.234545 0.610738
vn -0.756299 0.234545 0.610738
vn -0.075952 -0.881347 -0.466326
vn -0.073963 -0.883028 -0.463456
vn -0.075926 -0.884041 -0.461201
vn -0.076712 -0.881992 -0.464980
vn 0.834616 0.199151 -0.513572
vn 0.842129 0.194014 -0.503167
vn 0.841886 0.194183 -0.503509
vn 0.834616 0.199151 -0.513572
vn -0.183410 -0.867075 0.463187
vn 0.584614 -0.595717 0.550770
vn 0.099192 -0.918587 -0.382568
vn 0.002030 -0.958260 -0.285890
vn 0.149482 -0.520481 -0.840687
vn 0.762907 0.321208 -0.561069
vn 0.372237 0.402352 -0.836392
vn 0.216533 0.201476 -0.955260
vn 0.150292 0.843655 -0.515421
vn 0.312710 0.907926 -0.279076
vn 0.191021 0.849262 0.492205
vn -0.026649 0.964660 0.262145
vn -0.185123 0.543693 0.818613
vn 0.097390 0.257418 0.961380
vn 0.061461 -0.510592 0.857624
vn -0.236208 -0.324654 0.915863
vn -0.313517 -0.200949 -0.928077
vn -0.164889 -0.789850 -0.590718
vn -0.086349 -0.810548 -0.579272
vn 0.206400 -0.970379 0.125550
vn 0.359945 -0.557947 0.747753
vn 0.302770 0.273818 0.912882
vn 0.073528 0.841013 0.535996
vn -0.238321 0.951338 -0.195343
vn -0.381888 0.454673 -0.804633
vn -0.367127 -0.854889 0.366583
vn -0.386027 -0.829159 0.404324
vn -0.036029 -0.973017 -0.227904
vn 0.058377 -0.994636 -0.085389
vn 0.455438 -0.728031 -0.512393
vn 0.306314 -0.575134 -0.758546
vn 0.443319 0.124602 -0.887661
vn 0.704805 0.089428 -0.703742
vn 0.535732 0.807264 -0.247621
vn 0.342116 0.752106 -0.563288
vn 0.035233 0.988419 0.147602
vn 0.158219 0.955645 0.248414
vn -0.271223 0.728786 0.628736
vn -0.286783 0.708300 0.645033
vn -0.519808 -0.111885 0.846925
vn -0.656425 -0.093010 0.748635
vn -0.608658 -0.543782 -0.577785
vn -0.522219 -0.273609 -0.807728
vn -0.059421 -0.809596 -0.583972
vn -0.091324 -0.898311 -0.429764
vn 0.468032 -0.875507 -0.120139
vn 0.457733 -0.886693 -0.065237
vn 0.735570 -0.345699 0.582605
vn 0.877388 -0.255847 0.405874
vn 0.469563 0.498265 0.728864
vn 0.444943 0.485336 0.752645
vn 0.019874 0.859837 0.510181
vn -0.062380 0.780240 0.622362
vn -0.596177 0.768376 0.232746
vn -0.470483 0.866869 -0.164874
vn -0.655026 0.393507 -0.645053
vn -0.897538 0.242914 -0.367993
vn -0.511527 -0.788427 0.341648
vn -0.511527 -0.788427 0.341648
vn -0.511527 -0.788427 0.341648
vn -0.511527 -0.788427 0.341648
vn 0.943061 -0.332115 0.018298
vn 0.943061 -0.332115 0.018298
vn 0.984829 -0.168650 -0.040864
vn 0.606650 -0.021572 -0.794677
vn -0.052465 0.765965 -0.640738
vn -0.040826 0.316892 -0.947583
vn -0.660175 -0.042276 -0.749921
vn -0.491273 0.563732 0.663970
vn -0.959392 -0.279344 -0.039177
vn -0.695680 -0.162463 0.699740
vn -0.636515 -0.407045 0.655105
vn 0.038100 -0.483341 0.874603
vn 0.048395 -0.259777 0.964455
vn 0.766666 -0.123948 0.629969
vn 0.698216 -0.381511 0.605759
vn 0.979745 -0.200090 -0.007938
vn 0.990843 0.133198 0.022087
vn 0.653969 0.253369 -0.712831
vn 0.642553 0.015839 -0.766077
vn -0.041585 0.097744 -0.994343
vn -0.046256 0.205846 -0.977491
vn -0.724029 0.228220 -0.650921
vn -0.712920 0.003444 -0.701237
vn -0.969878 -0.228794 0.083606
vn -0.990585 0.083891 0.108180
vn -0.716040 0.217199 -0.663409
vn -0.986692 -0.101448 -0.127070
vn -0.990904 -0.080670 -0.107708
vn -0.294504 0.626366 -0.721757
vn -0.239144 0.367542 -0.898734
vn -0.045864 0.377145 -0.925018
vn -0.078562 0.657673 -0.749195
vn -0.033081 0.653157 -0.756500
vn -0.016363 0.399921 -0.916403
vn 0.022449 0.379621 -0.924870
vn 0.017098 0.660816 -0.750353
vn 0.225630 0.647098 -0.728255
vn 0.210674 0.378249 -0.901412
vn 0.874360 -0.285685 0.392275
vn 0.842356 -0.275899 0.462943
vn 0.994175 -0.046305 -0.097325
vn 0.996140 -0.002577 -0.087740
vn 0.226896 -0.747039 0.624861
vn 0.167125 -0.554017 0.815558
vn 0.428742 -0.506126 0.748343
vn 0.524387 -0.572220 0.630542
vn -0.173122 -0.777920 0.604045
vn -0.147447 -0.556665 0.817548
vn 0.007825 -0.542241 0.840187
vn 0.027111 -0.800857 0.598242
vn -0.846536 -0.374481 0.378339
vn -0.838601 -0.310870 0.447335
vn -0.412757 -0.521945 0.746462
vn -0.482466 -0.638717 0.599389
vn -0.164730 -0.760880 0.627635
vn -0.307482 -0.671155 0.674541
vn -0.895537 -0.250219 0.367972
vn 0.203270 -0.793593 0.573491
vn 0.194681 -0.779613 0.595234
vn 0.014120 -0.771881 0.635610
vn 0.261476 0.758542 0.596862
vn 0.261476 0.758542 0.596862
vn 0.885098 -0.261011 0.385325
vn 0.313492 -0.727893 0.609831
vn -0.113748 -0.089642 0.989457
vn -0.005996 -0.289450 0.957174
vn 0.561838 0.234672 0.793264
vn 0.617678 0.740219 0.265610
vn 0.493731 0.812580 -0.309747
vn -0.035788 0.910717 -0.411478
vn -0.528690 0.809006 -0.256897
vn 0.777232 0.521915 -0.351448
vn 0.707759 0.458369 -0.537564
vn 0.129774 -0.637966 -0.759051
vn 0.154633 -0.581906 -0.798419
vn 0.132059 -0.578279 -0.805080
vn -0.215833 -0.483255 -0.848458
vn -0.215833 -0.483255 -0.848458
vn -0.060713 -0.685774 -0.725278
vn -0.662579 -0.746135 -0.065356
vn 0.222588 -0.669658 -0.708529
vn -0.128010 -0.654976 -0.744728
vn 0.671420 0.055389 -0.739005
vn 0.603809 -0.117604 -0.788406
vn 0.235381 -0.517232 -0.822841
vn 0.235381 -0.517232 -0.822841
vn -0.119133 -0.639264 -0.759704
vn -0.095200 -0.633814 -0.767605
vn 0.328966 -0.775519 -0.538843
vn 0.327930 -0.786180 -0.523816
vn 0.332276 -0.790315 -0.514777
vn -0.094832 -0.877213 -0.470642
vn -0.084716 -0.883433 -0.460836
vn -0.077910 -0.885063 -0.458905
vn 0.929967 -0.221363 -0.293529
vn 0.929967 -0.221363 -0.293529
vn 0.929967 -0.221363 -0.293529
vn 0.929967 -0.221363 -0.293529
vn 0.981451 -0.068490 -0.179063
vn 0.976658 0.072755 0.202102
vn 0.755467 -0.020832 0.654855
vn 0.755467 -0.020832 0.654855
vn 0.755469 -0.020831 0.654853
vn 0.755469 -0.020831 0.654853
vn 0.755470 -0.020829 0.654852
vn 0.755471 -0.020829 0.654852
vn 0.755466 -0.020831 0.654856
vn 0.755466 -0.020831 0.654856
vn -0.997618 0.015017 0.067330
vn -0.997618 0.015017 0.067330
vn -0.997618 0.015017 0.067330
vn -0.997618 0.015017 0.067330
vn -0.965808 -0.128971 -0.224905
vn -0.990615 -0.051206 0.126726
vn -0.486008 -0.344125 0.803352
vn -0.486009 -0.344125 0.803352
vn -0.486011 -0.344126 0.803350
vn -0.486011 -0.344126 0.803350
vn -0.486012 -0.344127 0.803349
vn -0.486012 -0.344127 0.803349
vn -0.486014 -0.344127 0.803348
vn -0.486014 -0.344127 0.803348
vn 0.432863 -0.771162 -0.466838
vn 0.468935 -0.788310 -0.398331
vn 0.509259 -0.802600 -0.310625
vn 0.213974 -0.896815 -0.387218
vn -0.085839 -0.901859 -0.423418
vn 0.854493 0.306525 0.419385
vn 0.855482 0.355504 0.376519
vn 0.855482 0.355504 0.376519
vn 0.988710 -0.103668 0.108194
vn 0.988710 -0.103668 0.108194
vn -0.440886 0.821149 0.362401
vn -0.552453 0.732892 0.397070
vn -0.633332 0.650820 0.418717
vn -0.229903 0.796548 0.559156
vn 0.255262 0.771638 0.582594
vn -0.890416 -0.371579 -0.262848
vn -0.890416 -0.371579 -0.262848
vn -0.888000 -0.379781 -0.259275
vn -0.887613 -0.381067 -0.258711
vn -0.884882 -0.389956 -0.254791
vn -0.884882 -0.389956 -0.254791
vn -0.997922 -0.026861 -0.058573
vn -0.997922 -0.026861 -0.058573
vn 0.226040 -0.834690 -0.502194
vn 0.202985 -0.871514 -0.446386
vn 0.177425 -0.905804 -0.384758
vn -0.122098 -0.928320 -0.351160
vn -0.429550 -0.858596 -0.279821
vn 0.990410 0.134482 -0.031661
vn 0.990410 0.134482 -0.031661
vn 0.993963 0.101964 -0.040511
vn 0.993363 0.108278 -0.038799
vn 0.995872 0.077594 -0.047092
vn 0.995872 0.077594 -0.047092
vn 0.944318 -0.264710 -0.195429
vn 0.944318 -0.264710 -0.195429
vn -0.311169 0.803251 0.507899
vn 0.136710 0.868841 0.475841
vn 0.525640 0.771033 0.359458
vn -0.951943 -0.273464 0.137919
vn -0.958244 -0.253646 0.132031
vn -0.975930 -0.187088 0.112067
vn -0.975930 -0.187088 0.112067
vn -0.910607 0.252348 0.327286
vn -0.910607 0.252347 0.327286
vn 0.863053 0.502549 -0.050834
vn 0.158464 0.832887 -0.530272
vn -0.636766 0.493046 -0.592820
vn 0.734259 -0.497586 0.461813
vn 0.956154 -0.013393 0.292559
vn -0.929216 -0.337380 -0.150771
vn -0.224711 -0.896513 0.381798
vn -0.916314 0.057640 -0.396290
vn 0.533979 0.454073 -0.713221
vn -0.348102 0.639519 -0.685449
vn -0.952041 0.284012 -0.113822
vn 0.981375 -0.176376 -0.076119
vn 0.902432 0.125894 -0.412028
vn -0.621473 -0.516100 0.589417
vn 0.393772 -0.710816 0.582825
vn -0.937932 -0.136707 0.318738
vn 0.566093 0.815499 -0.120416
vn 0.566093 0.815499 -0.120416
vn 0.746218 0.566988 -0.348831
vn 0.746218 0.566988 -0.348831
vn 0.369790 0.630225 -0.682694
vn 0.353672 0.629443 -0.691895
vn -0.113939 0.526894 -0.842259
vn -0.113939 0.526894 -0.842259
vn 0.506286 0.423833 0.751026
vn 0.506286 0.423833 0.751026
vn 0.506286 0.423833 0.751026
vn 0.506286 0.423833 0.751026
vn 0.860661 0.032623 0.508132
vn 0.860661 0.032623 0.508132
vn 0.926154 0.184145 0.329135
vn 0.926154 0.184145 0.329135
vn 0.926154 0.184145 0.329135
vn 0.926154 0.184145 0.329135
vn -0.529448 0.520124 0.670192
vn -0.529448 0.520124 0.670192
vn -0.194936 -0.938312 0.285607
vn -0.194936 -0.938312 0.285607
vn -0.155985 -0.937936 0.309751
vn -0.155982 -0.937936 0.309753
vn -0.116694 -0.935589 0.333251
vn -0.116694 -0.935589 0.333251
vn -0.834741 0.329738 -0.441000
vn -0.834741 0.329738 -0.441000
vn -0.834741 0.329738 -0.441000
vn -0.834741 0.329738 -0.441000
vn -0.750645 0.114824 -0.650652
vn -0.750645 0.114824 -0.650652
vn -0.750645 0.114824 -0.650652
vn -0.750645 0.114824 -0.650652
vn -0.861492 -0.029583 -0.506908
vn -0.858051 -0.027875 -0.512807
vn -0.857959 -0.027829 -0.512965
vn -0.861492 -0.029583 -0.506908
vn 0.044358 0.765691 -0.641677
vn 0.044358 0.765691 -0.641677
vn -0.023269 0.477182 -0.878497
vn -0.023269 0.477182 -0.878497
vn -0.495222 0.456462 -0.739187
vn -0.476293 0.459828 -0.749468
vn -0.829758 0.336402 -0.445348
vn -0.829758 0.336402 -0.445348
vn 0.781506 0.616043 -0.098693
vn 0.781506 0.616043 -0.098693
vn 0.781506 0.616043 -0.098693
vn 0.781506 0.616043 -0.098693
vn 0.848586 0.189480 -0.493964
vn 0.848586 0.189480 -0.493964
vn 0.740401 0.258102 -0.620637
vn 0.740401 0.258102 -0.620637
vn 0.740401 0.258102 -0.620637
vn 0.740401 0.258102 -0.620637
vn 0.182358 0.660051 0.728751
vn 0.182358 0.660051 0.728751
vn 0.375540 -0.836121 0.399840
vn 0.375540 -0.836121 0.399840
vn 0.414337 -0.828330 0.377087
vn 0.414267 -0.828346 0.377129
vn 0.452173 -0.818840 0.353610
vn 0.452173 -0.818840 0.353610
vn -0.870391 0.243185 0.428112
vn -0.870391 0.243185 0.428112
vn -0.870391 0.243185 0.428112
vn -0.870391 0.243185 0.428112
vn -0.952213 -0.058583 0.299763
vn -0.952213 -0.058583 0.299763
vn -0.952213 -0.058583 0.299763
vn -0.952213 -0.058583 0.299763
vn -0.851122 -0.185449 0.491120
vn -0.844492 -0.191334 0.500225
vn -0.844312 -0.191491 0.500468
vn -0.851122 -0.185449 0.491120
vn -0.332030 0.798532 0.502098
vn -0.332030 0.798532 0.502098
vn -0.458686 0.716524 0.525548
vn -0.458686 0.716524 0.525548
vn -0.377458 0.723130 0.578453
vn -0.377293 0.723137 0.578553
vn -0.292576 0.722906 0.625945
vn -0.292576 0.722906 0.625945
vn -0.854054 -0.025916 -0.519538
vn -0.854054 -0.025916 -0.519538
vn -0.781016 -0.273288 -0.561540
vn -0.781016 -0.273288 -0.561540
vn -0.781016 -0.273288 -0.561540
vn -0.781016 -0.273288 -0.561540
vn -0.911115 0.391536 -0.128719
vn -0.911115 0.391536 -0.128719
vn -0.911115 0.391536 -0.128719
vn -0.911115 0.391536 -0.128719
vn 0.337914 -0.787698 -0.515118
vn 0.402295 -0.804673 -0.436646
vn 0.402295 -0.804673 -0.436646
vn 0.325087 -0.810631 -0.487028
vn 0.325164 -0.810628 -0.486981
vn 0.245131 -0.809671 -0.533239
vn 0.245131 -0.809671 -0.533239
vn 0.638649 0.425523 0.641138
vn 0.638649 0.425523 0.641138
vn 0.638649 0.425523 0.641139
vn 0.638649 0.425523 0.641138
vn 0.510643 0.441233 0.737941
vn 0.510643 0.441233 0.737941
vn 0.510643 0.441233 0.737941
vn 0.510643 0.441233 0.737941
vn 0.868789 -0.216597 0.445299
vn 0.868789 -0.216597 0.445299
vn 0.868789 -0.216597 0.445299
vn 0.868789 -0.216597 0.445299
vn 0.065564 0.886809 0.457461
vn 0.065564 0.886809 0.457461
vn 0.043749 0.814115 0.579053
vn 0.043749 0.814115 0.579053
vn 0.127240 0.836685 0.532699
vn 0.126892 0.836607 0.532904
vn 0.209317 0.851175 0.481340
vn 0.209317 0.851175 0.481340
vn -0.836625 -0.198125 0.510691
vn -0.836625 -0.198125 0.510691
vn -0.780167 -0.437536 0.447104
vn -0.780167 -0.437536 0.447104
vn -0.780167 -0.437536 0.447104
vn -0.780167 -0.437536 0.447104
vn -0.642728 0.314950 0.698361
vn -0.642728 0.314950 0.698361
vn -0.642728 0.314950 0.698361
vn -0.642728 0.314950 0.698361
vn -0.077468 -0.882631 -0.463639
vn 0.022698 -0.877339 -0.479333
vn 0.022698 -0.877339 -0.479333
vn -0.054186 -0.899183 -0.434205
vn -0.054505 -0.899258 -0.434010
vn -0.130846 -0.913483 -0.385265
vn -0.130846 -0.913483 -0.385265
vn 0.735030 0.604399 -0.307301
vn 0.735030 0.604399 -0.307301
vn 0.735030 0.604399 -0.307301
vn 0.735030 0.604399 -0.307301
vn 0.760209 0.633558 -0.143827
vn 0.760209 0.633558 -0.143827
vn 0.760210 0.633558 -0.143827
vn 0.760210 0.633558 -0.143827
vn 0.845789 -0.062362 -0.529861
vn 0.845789 -0.062362 -0.529861
vn 0.845789 -0.062362 -0.529861
vn 0.845789 -0.062362 -0.529860
vn 0.453360 -0.773134 -0.443542
vn 0.099910 -0.994264 -0.038168
vn -0.308977 -0.873914 0.375244
vn 0.523450 0.826055 -0.208886
vn 0.706181 0.070423 -0.704520
vn -0.271129 0.715442 0.643919
vn 0.168378 0.949279 0.265554
vn -0.644103 -0.115356 0.756191
vn 0.413444 -0.905004 -0.100161
vn -0.113988 -0.920068 -0.374808
vn -0.581178 -0.617690 -0.529802
vn 0.474610 0.476627 0.739981
vn 0.864722 -0.287420 0.411882
vn -0.560861 0.772784 0.297051
vn -0.062807 0.767117 0.638426
vn -0.907222 0.213993 -0.362154
vn 0.597748 -0.734411 0.321461
vn 0.597748 -0.734411 0.321461
vn 0.597748 -0.734411 0.321461
vn 0.597748 -0.734411 0.321461
vn 0.705014 -0.636358 0.313056
vn 0.008230 -0.768362 0.639962
vn -0.651645 -0.664212 0.366307
vn 0.749636 -0.632213 -0.195839
vn -0.902596 -0.429083 0.034771
vn -0.902596 -0.429083 0.034771
vn -0.750411 -0.648975 -0.125362
vn 0.704106 0.266732 -0.658095
vn -0.685149 -0.097630 0.721831
vn -0.510685 -0.689598 0.513474
vn -0.510685 -0.689598 0.513474
vn -0.685189 -0.096774 0.721908
vn -0.038859 -0.999244 0.001419
vn -0.038859 -0.999244 0.001419
vn -0.038859 -0.999244 0.001419
vn -0.038859 -0.999244 0.001419
vn 0.120468 -0.976302 -0.179782
vn 0.120468 -0.976302 -0.179782
vn 0.120468 -0.976302 -0.179782
vn 0.120468 -0.976302 -0.179782
vn 0.561108 -0.433608 -0.705083
vn 0.628621 0.098710 -0.771422
vn 0.628619 0.098746 -0.771419
vn 0.561108 -0.433608 -0.705083
vn 0.562001 0.474578 -0.677444
vn 0.562001 0.474578 -0.677444
vn -0.053382 0.996429 0.065418
vn -0.053382 0.996429 0.065418
vn -0.053382 0.996429 0.065418
vn -0.053382 0.996429 0.065418
vn -0.072005 0.993638 0.086593
vn -0.072005 0.993638 0.086593
vn -0.072005 0.993638 0.086593
vn -0.072005 0.993638 0.086593
vn -0.626063 0.384413 0.678434
vn -0.626063 0.384413 0.678434
vn -0.853901 0.288088 -0.433427
vn -0.771329 -0.220590 -0.596985
vn -0.771329 -0.220590 -0.596985
vn -0.853898 0.288121 -0.433411
vn -0.181232 -0.855954 -0.484250
vn -0.181232 -0.855954 -0.484250
vn -0.181232 -0.855954 -0.484250
vn -0.181232 -0.855954 -0.484250
vn 0.030314 -0.921969 -0.386077
vn 0.030314 -0.921969 -0.386077
vn 0.030314 -0.921969 -0.386077
vn 0.030314 -0.921969 -0.386077
vn 0.650900 -0.758752 0.024984
vn 0.890060 -0.262512 0.372667
vn 0.890129 -0.261752 0.373037
vn 0.650900 -0.758752 0.024984
vn 0.822896 0.192454 0.534606
vn 0.822896 0.192454 0.534606
vn 0.103931 0.899140 0.425143
vn 0.103931 0.899140 0.425143
vn 0.103931 0.899140 0.425143
vn 0.103931 0.899140 0.425143
vn 0.079209 0.906954 0.413715
vn 0.079209 0.906954 0.413715
vn 0.079209 0.906954 0.413715
vn 0.079209 0.906954 0.413715
vn -0.756639 0.611324 -0.231907
vn -0.756639 0.611324 -0.231907
s 1
g pCube1
usemtl pCube1SG
f 101/1/1 1/2/2 98/3/3 97/4/4
f 99/5/5 2/6/6 103/7/7 102/8/8
f 104/9/9 3/10/10 107/11/11 106/12/12
s 3
f 114/13/13 5/14/14 111/15/15 110/16/16
f 112/17/17 6/18/18 116/19/19 115/20/20
f 117/21/21 7/22/22 120/23/23 119/24/24
f 126/25/25 9/26/26 113/27/27 123/28/28
f 124/29/29 10/30/30 118/31/31 127/32/32
f 128/33/33 11/34/34 122/35/35 130/36/36
f 136/424/37 13/38/38 125/39/39 133/474/40
f 141/401/41 85/42/42 138/43/43 137/473/44
f 145/413/45 15/477/46 132/47/47 142/472/48
f 149/49/49 17/50/50 135/51/51 146/52/52
f 147/53/53 18/54/54 151/470/55 150/56/56
f 152/57/57 19/58/58 144/59/59 154/60/60
f 160/61/61 21/62/62 148/63/63 157/64/64
f 158/65/65 22/66/66 153/67/67 161/68/68
f 162/69/69 23/70/70 156/71/71 164/72/72
f 171/73/73 90/74/74 168/75/75 167/76/76
f 169/77/77 91/78/78 173/79/79 172/80/80
f 174/81/81 92/82/82 177/83/83 176/84/84
s 10
f 184/85/85 49/86/86 181/87/87 180/88/88
s 1
f 187/464/89 30/90/90 175/91/91 185/469/92
s 12
f 192/93/93 53/94/94 189/95/95 188/96/96
s off
f 108/97/97 4/98/98 194/99/99 193/100/100
s 3
f 121/101/101 8/102/102 197/103/103 196/104/104
s 13
f 378/105/105 377/106/106 379/107/107 380/108/108
s off
f 171/73/109 29/109/110 204/110/111 203/111/112
s 3
f 160/61/61 25/112/113 207/113/114 206/114/115
s 14
f 386/501/116 387/116/117 388/117/118 389/118/119
s 15
f 216/119/120 29/109/121 170/120/122 213/121/123
s 1
f 214/122/124 30/90/90 187/464/89 217/123/125
f 218/124/126 2/6/6 98/3/127 220/125/128
s 17
f 221/126/129 1/2/130 204/462/131 223/127/132
s 18
f 228/128/133 31/129/134 179/130/135 225/131/136
s 19
f 226/132/137 32/133/138 194/460/139 229/134/140
s 1
f 230/135/141 4/98/142 107/11/143 232/136/144
f 233/137/145 3/10/10 186/458/146 235/139/147
s 21
f 240/140/148 33/141/149 215/142/150 237/143/151
f 238/144/152 34/145/153 219/454/154 241/147/155
f 242/148/156 35/149/157 222/150/158 244/151/159
f 245/152/160 36/153/161 224/447/162 247/155/163
s 22
f 252/156/164 37/157/165 227/158/166 249/159/167
f 250/160/168 38/161/169 231/441/170 253/163/171
f 254/164/172 39/165/173 234/166/174 256/167/175
f 257/168/176 40/169/177 236/434/178 259/171/179
s 23
f 263/524/180 41/479/181 239/174/182 261/528/183
s off
f 262/176/184 42/177/185 243/178/186 264/527/187
s 24
f 270/511/188 58/181/189 267/182/190 266/525/191
s off
f 272/516/192 44/448/193 248/186/194 271/523/195
s 25
f 275/518/196 45/478/197 251/190/198 273/522/199
s off
f 274/192/200 46/193/201 255/194/202 276/521/203
s 26
f 282/505/204 62/197/205 279/198/206 278/519/207
s off
f 284/510/208 48/435/209 260/202/210 283/517/211
s 27
f 287/204/212 43/450/213 246/206/214 285/207/215
s off
f 286/208/216 44/448/217 272/516/218 288/209/219
s 10
f 289/210/220 52/211/221 183/212/222 290/213/223
s 28
f 291/214/224 51/215/225 265/513/226 292/217/227
s 29
f 295/218/228 47/437/229 258/220/230 293/221/231
s off
f 294/222/232 48/435/233 284/510/234 296/223/235
s 12
f 297/224/236 56/225/237 191/226/238 298/227/239
s 30
f 299/228/240 55/229/241 277/507/242 300/231/243
s 3
f 304/232/244 12/233/245 198/430/246 301/235/247
f 302/236/248 24/237/249 155/238/250 305/239/251
f 306/240/252 20/241/253 143/428/254 308/243/255
f 309/244/256 16/245/257 131/246/258 311/247/259
f 316/248/260 21/62/62 208/426/261 313/250/262
f 314/251/263 9/26/26 126/25/25 317/252/264
f 318/253/265 13/38/38 136/424/37 320/254/266
f 321/255/267 17/50/50 149/49/49 323/256/268
f 327/257/269 66/258/270 303/422/271 325/260/272
f 326/261/273 65/262/274 307/263/275 328/264/276
f 329/265/277 67/266/278 310/420/279 330/268/280
f 331/269/281 68/270/282 312/271/283 332/272/284
f 335/273/285 69/274/286 315/418/287 333/276/288
f 334/277/289 70/278/290 319/279/291 336/280/292
f 337/281/293 71/282/294 322/416/295 338/284/296
f 339/285/297 72/286/298 324/287/299 340/288/300
s off
f 344/289/301 14/480/302 129/291/303 341/292/304
s 3
f 342/293/305 15/46/306 145/414/45 345/294/307
f 346/295/308 19/471/58 151/55/309 348/296/310
f 349/297/311 18/475/54 134/410/312 351/299/313
f 355/300/314 81/301/315 343/302/316 353/303/317
f 354/304/318 82/305/319 347/406/320 356/307/321
f 357/308/322 83/309/323 350/310/324 358/311/325
f 359/312/326 84/313/327 352/403/328 360/315/329
f 363/316/330 90/74/74 205/400/331 361/318/332
f 363/316/330 25/112/113 159/319/333 364/320/334
f 365/321/335 26/322/336 163/323/337 366/324/338
f 367/325/339 27/326/340 166/327/341 368/328/342
f 371/329/343 94/330/344 195/397/345 370/332/346
f 373/333/347 95/334/348 109/335/349 372/336/350
f 375/337/351 96/338/352 105/339/353 374/340/354
f 362/341/355 89/342/356 100/343/357 376/344/358
s 1
f 98/3/3 2/6/6 99/5/5 97/4/4
s 3
f 99/5/359 96/338/352 100/343/357 97/4/360
f 100/343/357 89/342/356 101/1/361 97/4/360
s 1
f 103/7/7 3/10/10 104/9/9 102/8/362
s 3
f 104/9/363 95/334/348 105/339/353 102/8/364
f 105/339/353 96/338/352 99/5/359 102/8/364
s 1
f 107/11/11 4/98/365 108/97/366 106/12/12
s 3
f 108/97/367 94/330/344 109/335/349 106/12/368
f 109/335/349 95/334/348 104/9/363 106/12/368
f 111/15/15 6/18/18 112/17/17 110/16/16
f 112/17/17 10/30/30 113/27/27 110/16/16
f 113/27/27 9/26/26 114/13/13 110/16/16
f 116/19/19 7/22/22 117/21/21 115/20/20
f 117/21/21 11/34/34 118/31/31 115/20/20
f 118/31/31 10/30/30 112/17/17 115/20/20
f 120/23/23 8/102/102 121/101/101 119/24/24
f 121/101/101 12/233/245 122/35/35 119/24/24
f 122/35/35 11/34/34 117/21/21 119/24/24
f 113/27/27 10/30/30 124/29/29 123/28/28
f 124/29/29 14/290/369 125/39/39 123/28/28
f 125/39/39 13/38/38 126/25/25 123/28/28
f 118/31/31 11/34/34 128/33/33 127/32/32
f 128/33/33 15/477/46 129/476/370 127/32/32
f 129/476/370 14/290/369 124/29/29 127/32/32
f 122/35/35 12/233/245 131/246/258 130/36/36
f 131/246/258 16/245/257 132/47/47 130/36/36
f 132/47/47 15/477/46 128/33/33 130/36/36
f 125/39/39 14/290/369 134/408/312 133/474/40
f 134/409/312 18/54/54 135/51/51 133/40/40
f 135/51/51 17/50/50 136/37/37 133/40/40
f 138/43/43 86/345/371 139/346/372 137/473/44
f 139/404/372 87/347/373 140/348/374 137/44/44
f 140/348/374 88/349/375 141/41/41 137/44/44
f 132/47/47 16/245/257 143/242/254 142/472/48
f 143/428/254 20/241/253 144/59/59 142/48/48
f 144/59/59 19/58/58 145/412/45 142/48/48
f 135/51/51 18/54/54 147/53/53 146/52/52
f 147/53/53 22/66/66 148/63/63 146/52/52
f 148/63/63 21/62/62 149/49/49 146/52/52
f 151/470/55 19/58/58 152/57/57 150/56/56
f 152/57/57 23/70/70 153/67/67 150/56/56
f 153/67/67 22/66/66 147/53/53 150/56/56
f 144/59/59 20/241/253 155/238/250 154/60/60
f 155/238/250 24/237/249 156/71/71 154/60/60
f 156/71/71 23/70/70 152/57/57 154/60/60
f 148/63/63 22/66/66 158/65/65 157/64/64
f 158/65/65 26/322/336 159/319/333 157/64/64
f 159/319/333 25/112/113 160/61/61 157/64/64
f 153/67/67 23/70/70 162/69/69 161/68/68
f 162/69/69 27/326/340 163/323/337 161/68/68
f 163/323/337 26/322/336 158/65/65 161/68/68
f 156/71/71 24/237/249 165/350/376 164/72/72
f 165/350/376 28/351/377 166/327/341 164/72/72
f 166/327/341 27/326/340 162/69/69 164/72/72
f 168/75/75 91/78/78 169/77/77 167/76/76
s 1
f 169/77/378 30/90/90 170/120/379 167/76/380
f 170/120/379 29/109/381 171/73/382 167/76/380
s 3
f 173/79/79 92/82/82 174/81/81 172/80/80
s 1
f 174/81/383 31/129/384 175/91/91 172/80/385
f 175/91/91 30/90/90 169/77/378 172/80/386
s 3
f 177/83/83 93/352/387 178/353/388 176/84/84
s 1
f 178/353/389 32/133/390 179/130/391 176/84/392
f 179/130/391 31/129/384 174/81/383 176/84/392
s 10
f 181/87/87 50/354/393 182/355/394 180/88/88
f 182/355/394 51/215/395 183/212/222 180/88/88
f 183/212/222 52/211/221 184/85/85 180/88/88
s 1
f 175/91/91 31/129/384 186/138/146 185/469/92
f 186/458/146 3/10/10 103/7/7 185/92/92
f 103/7/7 2/6/6 187/89/89 185/92/92
s 12
f 189/95/95 54/356/396 190/357/397 188/96/96
f 190/357/397 55/229/398 191/226/238 188/96/96
f 191/226/238 56/225/237 192/93/93 188/96/96
s off
f 194/460/399 32/133/400 178/353/401 193/468/402
s 3
f 178/353/388 93/352/387 195/331/345 193/468/403
f 195/397/345 94/330/344 108/97/367 193/100/403
f 197/395/103 28/351/377 165/350/376 196/467/104
f 165/350/376 24/237/249 198/234/404 196/467/104
f 198/430/404 12/233/245 121/101/101 196/104/104
s 41
f 379/107/405 381/358/406 382/503/407 380/108/408
f 382/359/407 383/360/409 384/361/410 380/108/408
s 13
f 384/361/411 385/362/412 378/105/105 380/108/108
s off
f 204/462/413 1/2/414 101/1/415 203/466/416
s 3
f 101/1/361 89/342/356 205/317/331 203/466/417
f 205/400/331 90/74/74 171/73/73 203/111/417
f 207/398/114 5/14/14 114/13/13 206/465/115
f 114/13/13 9/26/26 208/249/418 206/465/115
f 208/426/418 21/62/62 160/61/61 206/114/115
s 42
f 388/117/419 390/363/420 391/364/421 389/118/422
f 391/364/421 392/365/423 393/366/424 389/118/422
s 14
f 393/366/425 394/367/426 386/115/116 389/118/119
s 15
f 170/120/122 30/90/427 214/122/428 213/121/123
f 214/122/428 34/145/429 215/142/430 213/121/123
f 215/142/430 33/141/431 216/119/120 213/121/123
s 1
f 187/89/89 2/6/6 218/124/126 217/463/432
f 218/124/126 35/149/433 219/146/434 217/463/432
f 219/454/435 34/145/436 214/122/124 217/123/125
f 98/3/127 1/2/437 221/126/438 220/125/128
f 221/126/438 36/153/439 222/150/440 220/125/128
f 222/150/440 35/149/441 218/124/126 220/125/128
s 43
f 204/110/442 29/109/443 216/119/444 223/461/445
f 216/119/444 33/141/446 224/154/447 223/461/445
s 17
f 224/447/448 36/153/449 221/126/129 223/127/132
s 18
f 179/130/135 32/133/450 226/132/451 225/131/136
f 226/132/451 38/161/452 227/158/453 225/131/136
f 227/158/453 37/157/454 228/128/133 225/131/136
s 44
f 194/99/455 4/98/456 230/135/457 229/459/458
f 230/135/457 39/165/459 231/162/460 229/459/458
s 19
f 231/441/461 38/161/462 226/132/137 229/134/140
s 1
f 107/11/143 3/10/10 233/137/145 232/136/144
f 233/137/145 40/169/463 234/166/464 232/136/144
f 234/166/464 39/165/465 230/135/141 232/136/144
f 186/138/146 31/129/384 228/128/466 235/457/467
f 228/128/466 37/157/468 236/170/469 235/457/467
f 236/434/470 40/169/471 233/137/145 235/139/147
s 21
f 215/142/150 34/145/153 238/144/152 237/143/151
f 238/144/152 42/456/472 239/455/473 237/143/151
f 239/455/473 41/173/474 240/140/148 237/143/151
f 219/146/154 35/149/157 242/148/156 241/453/155
f 242/148/156 43/205/475 243/451/476 241/453/155
f 243/452/476 42/456/472 238/144/152 241/147/155
f 222/150/158 36/153/161 245/152/160 244/151/159
f 245/152/160 44/185/477 246/449/478 244/151/159
f 246/449/478 43/205/475 242/148/156 244/151/159
f 224/154/162 33/141/149 240/140/148 247/446/163
f 240/140/148 41/173/474 248/444/479 247/446/163
f 248/445/479 44/185/477 245/152/160 247/155/163
s 22
f 227/158/166 38/161/169 250/160/168 249/159/167
f 250/160/168 46/443/480 251/442/481 249/159/167
f 251/442/481 45/189/482 252/156/164 249/159/167
f 231/162/170 39/165/173 254/164/172 253/440/171
f 254/164/172 47/219/483 255/438/484 253/440/171
f 255/439/484 46/443/480 250/160/168 253/163/171
f 234/166/174 40/169/177 257/168/176 256/167/175
f 257/168/176 48/201/485 258/436/486 256/167/175
f 258/436/486 47/219/483 254/164/172 256/167/175
f 236/170/178 37/157/165 252/156/164 259/433/179
f 252/156/164 45/189/482 260/431/487 259/433/179
f 260/432/487 48/201/485 257/168/176 259/171/179
s 23
f 239/174/182 42/177/488 262/176/489 261/528/183
s 45
f 262/526/490 50/354/491 181/87/492 261/175/493
f 181/87/492 49/86/494 263/172/495 261/175/493
s off
f 243/178/496 43/450/497 265/216/498 264/527/499
s 28
f 265/513/226 51/215/225 182/355/500 264/179/501
s off
f 182/355/502 50/354/503 262/526/504 264/179/505
s 24
f 267/182/190 57/368/506 268/369/507 266/525/191
s 46
f 268/514/508 59/370/509 269/371/510 266/183/511
f 269/371/510 60/372/512 270/180/513 266/183/511
s off
f 248/186/514 41/479/515 263/524/516 271/523/517
f 263/172/518 49/86/519 184/85/520 271/187/521
s 47
f 184/85/522 52/211/523 272/184/524 271/187/525
s 25
f 251/190/198 46/193/526 274/192/527 273/522/199
s 48
f 274/520/528 54/356/529 189/95/530 273/191/531
f 189/95/530 53/94/532 275/188/533 273/191/531
s off
f 255/194/534 47/437/535 277/230/536 276/521/537
s 30
f 277/507/242 55/229/241 190/357/538 276/195/539
s off
f 190/357/540 54/356/541 274/520/542 276/195/543
s 26
f 279/198/206 61/373/544 280/374/545 278/519/207
s 49
f 280/508/546 63/375/547 281/376/548 278/199/549
f 281/376/548 64/377/550 282/196/551 278/199/549
s off
f 260/202/552 45/478/553 275/518/554 283/517/555
f 275/188/556 53/94/557 192/93/558 283/203/559
s 50
f 192/93/560 56/225/561 284/200/562 283/203/563
s 27
f 246/206/214 44/448/564 286/208/565 285/207/215
s 51
f 286/208/566 57/368/567 267/182/568 285/207/569
f 267/182/568 58/181/570 287/204/571 285/207/569
s 47
f 272/184/524 52/211/523 289/210/572 288/515/573
s off
f 289/210/574 59/370/575 268/514/576 288/515/577
f 268/369/578 57/368/579 286/208/580 288/209/581
s 10
f 183/212/222 51/215/395 291/214/582 290/213/223
s 52
f 291/214/583 60/372/584 269/371/585 290/213/586
f 269/371/585 59/370/587 289/210/588 290/213/586
s off
f 265/216/589 43/450/590 287/204/591 292/512/592
f 287/204/593 58/181/594 270/511/595 292/512/596
f 270/180/597 60/372/598 291/214/599 292/217/600
s 29
f 258/220/230 48/435/601 294/222/602 293/221/231
s 53
f 294/222/603 61/373/604 279/198/605 293/221/606
f 279/198/605 62/197/607 295/218/608 293/221/606
s 50
f 284/200/562 56/225/561 297/224/609 296/509/610
s off
f 297/224/611 63/375/612 280/508/613 296/509/614
f 280/374/615 61/373/616 294/222/617 296/223/618
s 12
f 191/226/238 55/229/398 299/228/619 298/227/239
s 54
f 299/228/620 64/377/621 281/376/622 298/227/623
f 281/376/622 63/375/624 297/224/625 298/227/623
s off
f 277/230/626 47/437/627 295/218/628 300/506/629
f 295/218/630 62/197/631 282/505/632 300/506/633
f 282/196/634 64/377/635 299/228/636 300/231/637
s 3
f 198/234/246 24/237/249 302/236/248 301/429/247
f 302/236/248 65/262/274 303/259/271 301/429/247
f 303/422/271 66/258/270 304/232/244 301/235/247
f 155/238/250 20/241/253 306/240/252 305/239/251
f 306/240/252 67/266/278 307/263/275 305/239/251
f 307/263/275 65/262/274 302/236/248 305/239/251
f 143/242/254 16/245/257 309/244/256 308/427/255
f 309/244/256 68/270/282 310/267/279 308/427/255
f 310/420/279 67/266/278 306/240/252 308/243/255
f 131/246/258 12/233/245 304/232/244 311/247/259
f 304/232/244 66/258/270 312/271/283 311/247/259
f 312/271/283 68/270/282 309/244/256 311/247/259
f 208/249/261 9/26/26 314/251/263 313/425/262
f 314/251/263 70/278/290 315/275/287 313/425/262
f 315/418/287 69/274/286 316/248/260 313/250/262
f 126/25/25 13/38/38 318/253/265 317/252/264
f 318/253/265 71/282/294 319/279/291 317/252/264
f 319/279/291 70/278/290 314/251/263 317/252/264
f 136/37/37 17/50/50 321/255/267 320/423/266
f 321/255/267 72/286/298 322/283/295 320/423/266
f 322/416/295 71/282/294 318/253/265 320/254/266
f 149/49/49 21/62/62 316/248/260 323/256/268
f 316/248/260 69/274/286 324/287/299 323/256/268
f 324/287/299 72/286/298 321/255/267 323/256/268
f 303/259/271 65/262/274 326/261/273 325/421/272
f 326/261/273 73/497/638 199/498/639 325/421/272
f 199/499/639 74/500/640 327/257/269 325/260/272
f 307/263/275 67/266/278 329/265/277 328/264/276
f 329/265/277 75/495/641 200/496/642 328/264/276
f 200/496/642 73/497/638 326/261/273 328/264/276
f 310/267/279 68/270/282 331/269/281 330/419/280
f 331/269/281 76/492/643 201/493/644 330/419/280
f 201/494/644 75/495/641 329/265/277 330/268/280
f 312/271/283 66/258/270 327/257/269 332/272/284
f 327/257/269 74/500/640 202/491/645 332/272/284
f 202/491/645 76/492/643 331/269/281 332/272/284
f 315/275/287 70/278/290 334/277/289 333/417/288
f 334/277/289 78/490/646 209/488/647 333/417/288
f 209/489/647 77/482/648 335/273/285 333/276/288
f 319/279/291 71/282/294 337/281/293 336/280/292
f 337/281/293 79/487/649 210/486/650 336/280/292
f 210/486/650 78/490/646 334/277/289 336/280/292
f 322/283/295 72/286/298 339/285/297 338/415/296
f 339/285/297 80/485/651 211/483/652 338/415/296
f 211/484/652 79/487/649 337/281/293 338/284/296
f 324/287/299 69/274/286 335/273/285 340/288/300
f 335/273/285 77/482/648 212/481/653 340/288/300
f 212/481/653 80/485/651 339/285/297 340/288/300
s off
f 129/291/654 15/46/655 342/293/656 341/292/657
s 3
f 342/293/658 82/305/319 343/302/316 341/292/659
f 343/302/316 81/301/315 344/289/660 341/292/659
f 145/45/45 19/471/58 346/295/308 345/411/307
f 346/295/308 83/309/323 347/306/320 345/411/661
f 347/406/320 82/305/319 342/293/658 345/294/661
f 151/55/309 18/475/54 349/297/311 348/296/310
f 349/297/311 84/313/327 350/310/324 348/296/310
f 350/310/324 83/309/323 346/295/308 348/296/310
f 134/298/312 14/480/662 344/289/663 351/407/313
f 344/289/660 81/301/315 352/314/328 351/407/664
f 352/403/328 84/313/327 349/297/311 351/299/664
f 343/302/316 82/305/319 354/304/318 353/303/317
f 354/304/318 86/345/371 138/43/43 353/303/317
f 138/43/43 85/42/42 355/300/314 353/303/317
f 347/306/320 83/309/323 357/308/322 356/405/321
f 357/308/322 87/347/373 139/404/372 356/405/321
f 139/346/372 86/345/371 354/304/318 356/307/321
f 350/310/324 84/313/327 359/312/326 358/311/325
f 359/312/326 88/349/375 140/348/374 358/311/325
f 140/348/374 87/347/373 357/308/322 358/311/325
f 352/314/328 81/301/315 355/300/314 360/402/329
f 355/300/314 85/42/42 141/401/41 360/402/329
f 141/41/41 88/349/375 359/312/326 360/315/329
f 205/317/331 89/342/356 362/341/355 361/399/332
f 362/341/355 5/14/14 207/398/114 361/399/332
f 207/113/114 25/112/113 363/316/330 361/318/332
f 159/319/333 26/322/336 365/321/335 364/320/334
f 365/321/335 91/78/78 168/75/75 364/320/334
f 168/75/75 90/74/74 363/316/330 364/320/334
f 163/323/337 27/326/340 367/325/339 366/324/338
f 367/325/339 92/82/82 173/79/79 366/324/338
f 173/79/79 91/78/78 365/321/335 366/324/338
f 166/327/341 28/351/377 369/394/665 368/328/342
f 369/394/665 93/352/387 177/83/83 368/328/342
f 177/83/83 92/82/82 367/325/339 368/328/342
f 195/331/345 93/352/387 369/394/665 370/396/346
f 369/394/665 28/351/377 197/395/103 370/396/346
f 197/103/103 8/102/102 371/329/343 370/332/346
f 109/335/349 94/330/344 371/329/343 372/336/350
f 371/329/343 8/102/102 120/23/23 372/336/350
f 120/23/23 7/22/22 373/333/347 372/336/350
f 105/339/353 95/334/348 373/333/347 374/340/354
f 373/333/347 7/22/22 116/19/19 374/340/354
f 116/19/19 6/18/18 375/337/351 374/340/354
f 100/343/357 96/338/352 375/337/351 376/344/358
f 375/337/351 6/18/18 111/15/15 376/344/358
f 111/15/15 5/14/14 362/341/355 376/344/358
s 55
f 202/385/666 74/380/667 377/106/668 378/105/669
s off
f 74/380/670 199/379/671 379/107/672 377/106/673
f 199/379/674 73/378/675 381/358/676 379/107/677
s 56
f 73/378/678 200/504/679 382/503/680 381/358/681
f 200/382/679 75/381/682 383/360/683 382/359/680
s off
f 75/381/684 201/384/685 384/361/686 383/360/687
f 201/384/688 76/383/689 385/362/690 384/361/691
s 55
f 76/383/692 202/385/666 378/105/669 385/362/693
s 57
f 212/393/694 77/388/695 387/116/696 386/501/697
s off
f 77/388/698 209/387/699 388/117/700 387/116/701
f 209/387/702 78/386/703 390/363/704 388/117/705
s 58
f 78/386/706 210/390/707 391/364/708 390/363/709
f 210/390/707 79/389/710 392/365/711 391/364/708
s off
f 79/389/712 211/392/713 393/366/714 392/365/715
f 211/392/716 80/391/717 394/367/718 393/366/719
s 57
f 80/391/720 212/502/694 386/115/697 394/367/721
