# This file uses centimeters as units for non-parametric coordinates.

mtllib my_animation.0021.mtl
g default
v -16.468409 98.277802 8.144731
v -2.888004 98.852791 8.618364
v 8.239849 100.462952 8.971643
v 21.940475 101.085899 7.499284
v -20.064270 124.543472 11.810272
v -8.697027 121.776161 21.646839
v 9.498040 122.507126 22.175758
v 21.310894 126.186272 13.119753
v -20.081440 153.965866 19.152155
v -8.378623 146.458801 27.018841
v 6.782144 147.364029 27.792570
v 17.886293 155.587341 22.120249
v -21.779396 163.457016 24.442951
v -7.651806 166.608902 26.252863
v 3.770824 167.260208 26.811796
v 18.978146 165.404373 27.400402
v -23.288437 167.895294 14.638905
v -9.221980 170.906235 14.948915
v 5.931395 171.873459 15.792441
v 20.197819 169.546188 17.207056
v -20.617577 157.143219 11.515124
v -7.741162 154.786880 4.799130
v 7.418766 155.689270 5.571647
v 18.462244 158.898926 14.441078
v -19.879036 128.690582 -0.398652
v -6.793979 130.431885 -3.685878
v 8.378432 131.057526 -3.236130
v 21.501417 130.434067 0.636378
v -15.542649 96.433411 -4.408587
v -2.215615 94.102219 -2.836237
v 7.011889 94.686684 -1.769914
v 20.160534 98.098465 -4.737337
v -12.765541 64.746178 7.344475
v -5.217090 65.053802 8.190372
v -6.779758 67.358170 20.141939
v -14.361429 66.899086 19.329874
v 12.590629 67.737648 13.187341
v 20.255922 67.491020 11.688228
v 22.710194 71.807602 23.300829
v 15.046342 72.039734 24.786345
v -10.716545 36.821930 -3.221676
v -4.718328 36.997620 0.802770
v -9.426349 30.576475 7.904811
v -14.887847 30.329929 3.173689
v 12.294743 38.828667 9.082636
v 18.513515 38.540016 5.188189
v 22.908073 32.854729 12.423666
v 17.160788 33.413120 17.138807
v -7.745674 33.900646 -6.621865
v -1.141230 34.253456 -0.944465
v -6.593259 24.647335 8.296000
v -15.066548 24.130362 0.227351
v 9.006955 35.760628 7.569582
v 15.964887 35.184086 2.117220
v 23.256117 26.474812 10.189307
v 14.512674 27.443539 17.946472
v -23.162125 15.144025 10.550640
v -16.587997 15.600875 17.098469
v -21.121088 12.939346 8.653765
v -14.547360 13.395076 15.202072
v 24.672029 19.948393 27.875998
v 31.439486 19.096773 21.568975
v 22.813612 17.416172 26.212925
v 29.575575 16.568491 19.899479
v 44.493416 154.008102 16.022690
v 37.652641 152.933060 22.788277
v 45.731369 164.441406 18.498304
v 39.906063 162.895477 25.917747
v -47.666634 152.680801 21.391582
v -38.487091 151.230331 24.913187
v -39.701313 160.695404 29.703537
v -47.579308 162.975235 24.753176
v 54.355675 144.812408 43.471581
v 45.318012 145.370316 47.144142
v 54.953518 148.419434 44.394798
v 45.914963 148.977295 48.068291
v -47.733532 141.250519 49.543907
v -37.970318 141.464340 49.911697
v -38.098545 144.978973 51.272285
v -47.861759 144.765152 50.904495
v -9.923751 172.273621 34.098499
v 5.741775 173.158386 34.132210
v 8.272758 182.256104 20.375805
v -13.429543 181.057968 20.414949
v -10.169813 188.467422 46.557537
v 4.663868 189.363678 46.350941
v 3.350271 202.567307 34.288807
v -10.790408 201.712921 34.485752
v -17.141594 105.370766 8.119687
v -17.111906 106.294785 -4.526659
v -4.200441 107.634384 -7.245467
v 7.730536 108.527321 -7.363278
v 20.882515 108.846542 -5.339955
v 21.628092 108.079552 7.479732
v 9.645802 106.422333 12.089680
v -5.071949 105.312614 12.344124
v -11.175662 102.155342 10.136986
v -10.790750 98.728050 10.144376
v -4.212799 101.999947 10.778895
v -11.999484 105.380424 11.089461
v -16.807402 101.901222 7.593639
v 2.528984 102.501152 10.845533
v 2.779565 99.332870 10.280097
v 9.352702 103.301849 10.509761
v 2.284855 105.555534 12.330798
v 16.271017 104.368675 9.497725
v 16.343357 101.319115 9.755751
v 21.842201 104.557610 6.799256
v 16.515947 107.435768 10.555191
v -16.231888 135.698715 20.087420
v -15.899266 122.969521 17.075796
v -9.512665 134.178177 24.093807
v -16.342953 148.252365 23.324366
v -21.125841 137.677139 15.603499
v -0.067184 133.307236 24.354973
v 0.387019 121.862885 22.725239
v 9.287436 134.914886 24.805529
v -0.762613 147.351669 26.245102
v 16.184994 136.963272 21.352234
v 16.839045 124.290764 18.025686
v 21.329477 139.245880 17.534849
v 14.561110 149.905426 25.022295
v -15.176790 158.148300 26.220354
v -8.269860 159.248749 28.351736
v -15.842942 166.523499 26.540157
v -21.736324 157.817963 23.314911
v -1.575745 158.938507 28.550535
v 5.019531 160.042435 29.030756
v -2.021398 167.841507 28.725256
v 11.952920 159.590012 27.795244
v 19.306448 159.654648 26.550470
v 11.576922 168.063110 28.324232
v -15.888955 170.601364 21.248720
v -8.617588 171.067276 21.766720
v -16.818398 171.455200 14.434905
v -22.381052 166.364227 19.828651
v -3.079388 194.702728 48.123455
v -2.733156 188.662674 46.779968
v 5.325132 195.978256 43.364452
v -3.839715 203.859207 33.254547
v -12.641529 194.881714 43.628769
v 11.888518 172.223419 23.164356
v 19.603312 168.217300 22.627075
v 13.690676 173.168243 16.605864
v 4.678342 171.799683 22.407793
v -15.917236 164.784393 9.770555
v -8.687358 166.169296 9.711957
v -16.144428 154.948380 5.900809
v -23.835802 163.184967 11.240343
v -1.091195 166.613098 10.096650
v -1.902509 174.767929 15.911030
v 6.569728 167.090454 10.503345
v -0.161406 155.232269 5.182127
v 13.844204 166.405518 11.852850
v 20.360167 164.657410 14.003178
v 15.575196 156.672775 7.767708
v -15.162388 142.645432 1.249368
v -7.076080 142.772308 0.444109
v -14.402944 129.945251 -3.252156
v -21.045162 141.824799 4.350950
v 0.523343 143.115021 0.743694
v 8.073882 143.423645 1.055105
v 0.780859 130.668610 -3.550860
v 16.112673 143.907059 2.527107
v 21.949572 143.524475 6.118369
v 15.967205 131.172623 -2.375213
v -10.577543 101.877426 -7.313035
v -11.469122 106.927345 -7.143895
v -3.439286 102.742905 -7.274902
v -9.715625 96.765678 -6.660644
v -16.293949 101.322266 -4.937539
v 2.061924 103.373314 -7.020854
v 1.776211 108.348557 -7.180852
v 7.556052 103.426811 -7.167498
v 2.297406 98.270142 -6.044265
v 14.608238 103.256912 -7.519121
v 14.990405 108.679619 -7.547346
v 20.556643 103.379494 -5.674516
v 14.099913 97.724983 -6.250484
v -7.065769 30.283964 -0.279166
v -3.392445 35.669537 -5.294816
v -2.729213 30.437494 3.568047
v -10.838926 24.408060 4.255672
v -11.453946 29.970940 -4.118029
v 2.869215 97.428360 9.608431
v 8.510903 87.678619 8.700679
v -2.417468 85.544762 5.798972
v 15.124354 32.189285 8.918702
v 11.507592 36.720085 3.253390
v 19.658865 31.711660 5.275121
v 18.888334 26.966547 14.059184
v 10.659060 32.539097 12.587440
v 22.615196 103.936089 0.114954
v 22.358641 99.491089 0.883809
v 22.800339 108.574379 0.650806
v 23.850531 141.100555 11.541701
v 23.430149 128.505554 6.615776
v 20.057962 156.236832 18.119808
v 49.588692 144.360062 45.170067
v 55.480766 146.224426 43.488438
v 50.319786 148.770996 46.299046
v 44.428329 146.906631 47.980080
v -18.081989 101.405487 0.901812
v -17.425024 97.129059 1.453779
v -18.799438 105.731964 1.402901
v -23.470907 139.401154 9.415493
v -22.127428 126.642189 5.300735
v -22.882772 154.647018 14.567674
v -42.690403 140.640305 49.454132
v -36.799198 142.920029 50.510933
v -42.847210 144.938263 51.117970
v -48.738415 142.658554 50.061169
v -9.082319 80.691444 -0.581075
v -4.961692 80.607635 2.136900
v -8.652663 64.732315 6.628901
v -14.134634 79.902122 1.496613
v -3.805318 82.380531 8.360322
v -6.274754 83.665154 14.455956
v -4.624163 66.269676 14.769339
v -10.846754 84.812508 15.885922
v -15.479410 83.060013 13.793916
v -10.693593 67.679619 22.172428
v -16.100439 81.507469 7.510387
v -14.730821 65.775368 13.622680
v 14.767308 82.269394 2.195707
v 20.075726 81.982277 3.570422
v 16.050474 67.241104 11.456475
v 10.785300 82.331062 5.277367
v 22.422668 84.548325 9.145120
v 22.393829 86.970352 15.320501
v 22.580685 69.725166 17.682833
v 17.793550 88.787041 17.579123
v 13.109129 87.345970 17.041142
v 19.163111 72.761200 26.205801
v 10.267165 85.024162 11.427440
v 12.567459 70.021545 19.620090
v -7.819005 51.780037 0.686336
v -4.434361 51.255722 3.753876
v -6.898189 38.039059 -2.712865
v -12.373665 51.837833 1.862138
v -4.748479 49.200985 10.118097
v -7.757391 47.630192 15.718215
v -5.828264 34.208649 4.986285
v -12.098268 47.003166 16.604990
v -15.492069 48.335888 13.802914
v -13.656369 28.171555 7.093610
v -15.188622 50.048500 7.538265
v -13.581438 34.066387 -0.534818
v 15.426925 53.703438 7.316031
v 20.073101 53.963936 8.081161
v 14.638966 39.527538 5.638639
v 12.065361 53.580170 10.504027
v 23.155157 52.873165 13.912788
v 23.971983 51.836525 20.436728
v 21.451492 36.195080 8.327163
v 20.612572 50.859291 23.491404
v 16.126734 51.399227 22.956638
v 21.491850 31.140404 16.519447
v 12.832298 52.335030 17.208302
v 13.512835 36.633427 13.690052
v -4.869666 37.448071 -4.176144
v -2.544189 36.048923 0.126766
v -9.280022 35.746769 -5.328377
v -4.080469 32.346542 4.789649
v -8.075930 26.515350 9.696727
v -20.589100 13.539893 14.668772
v -20.433422 15.974757 14.343534
v -24.763777 13.251557 10.511945
v -17.274664 12.562742 11.407885
v -16.414425 13.828228 18.825598
v -12.916851 31.946943 -2.662810
v -16.540325 26.008595 1.632952
v 12.823483 38.642616 4.181931
v 17.313955 37.218102 3.210743
v 10.237517 37.726353 8.457597
v 20.985670 33.887131 6.529994
v 24.608868 28.558310 11.404809
v 28.845724 17.845396 25.792704
v 28.565804 20.218674 25.178774
v 24.548498 18.382277 29.797201
v 25.686209 16.301495 22.601006
v 33.140488 17.302219 21.786398
v 11.862642 34.635323 13.617390
v 15.861814 29.537008 19.169212
v -17.227070 22.077751 10.743367
v -20.929152 21.799772 7.056076
v -13.531974 22.332314 14.400702
v -19.893860 20.066580 5.166306
v -18.300966 18.288538 3.691857
v -14.122412 18.587116 7.859617
v -9.943919 18.867949 12.003625
v -11.529635 20.657822 13.479400
v 25.150635 25.623148 20.824917
v 21.337845 26.103027 24.350250
v 28.964169 25.128452 17.284067
v 19.450043 24.231546 23.584616
v 17.999409 22.209021 22.295212
v 22.305653 21.684412 18.300579
v 26.609016 21.144150 14.286287
v 28.068092 23.159040 15.589362
v 31.462065 155.074036 18.250240
v 31.847790 157.888550 14.421521
v 41.100456 151.784851 19.198854
v 31.488672 154.776276 22.964825
v 32.576878 162.015701 14.904449
v 33.327732 166.104019 17.579811
v 45.566219 159.061661 16.202957
v 33.210152 165.142380 22.145920
v 32.886211 162.963730 26.197414
v 43.472572 164.160049 22.730675
v 32.085117 158.231583 25.350519
v 37.841133 157.450150 24.888515
v -34.709324 153.625000 18.566513
v -33.107128 152.927963 22.919493
v -43.293236 150.229446 22.953115
v -36.283180 156.763412 15.406634
v -32.841301 156.203537 25.607988
v -33.237965 160.941330 26.974537
v -38.002495 155.487747 27.382160
v -34.757507 163.459396 23.412645
v -36.286591 164.761490 19.368366
v -44.069363 162.289963 27.960066
v -36.629402 160.869965 16.395288
v -48.400230 157.797882 22.147974
v 43.535683 147.931717 27.985863
v 48.541042 149.425262 26.100622
v 39.213692 149.841553 30.401531
v 50.201752 153.515503 26.411634
v 50.173836 158.835571 28.233269
v 45.581329 159.376785 30.757689
v 40.837868 159.182358 32.772324
v 38.844025 153.947754 31.882492
v -42.750942 145.667953 31.611301
v -37.775742 147.358017 32.525902
v -48.085663 147.338074 31.670197
v -36.823540 151.319733 34.104420
v -38.371727 156.454941 36.022358
v -43.659351 156.883026 35.647289
v -48.799603 156.650909 34.675999
v -49.481274 151.441772 32.733055
v -1.957074 165.890137 33.605705
v 4.124437 171.981461 27.286310
v -2.011034 170.939209 36.456902
v -8.389052 171.337769 26.868515
v 6.637675 173.759354 24.001345
v 4.153561 176.036163 19.119045
v 9.753302 177.856354 27.268618
v -2.176431 178.140930 16.760115
v -8.316777 175.365540 18.731325
v -2.590082 182.172897 19.660219
v -10.858101 172.824249 23.431805
v -14.405273 176.505859 27.216393
v -2.294366 180.615753 44.165417
v 8.261060 184.248825 42.828156
v -13.221481 182.950836 43.127354
v 9.337018 190.644180 35.657845
v 7.292631 195.274002 28.314226
v -3.447072 195.835236 26.636709
v -13.990400 193.988068 28.610645
v -15.258025 189.158127 36.000393
v -20.533943 115.938507 3.567312
v -18.444250 114.855499 10.296354
v -18.758160 117.178841 -2.437426
v -13.299972 118.250725 -5.386530
v -5.846668 118.714859 -5.886238
v 1.015494 119.814430 -5.907332
v 7.927852 119.761574 -6.036042
v 15.381042 120.300217 -5.680390
v 21.105505 120.052773 -3.039961
v 23.042463 119.056564 3.082675
v 21.413685 117.673477 9.912446
v 16.754496 117.168098 14.238706
v 10.821541 115.825150 16.353342
v 1.471524 116.057938 16.855721
v -7.669368 114.432220 16.526493
v -13.829945 114.958313 14.512012
v 49.670345 141.188751 59.746815
v 48.715866 142.914948 60.668339
v 54.360729 140.445175 57.695206
v 54.717068 142.595093 58.245487
v 59.471668 140.583801 55.763317
v 60.701687 142.175171 55.797005
v 60.144512 144.643295 56.802345
v 55.120178 145.027206 58.867977
v 50.343189 145.248245 60.785843
v -49.549633 137.568146 63.045204
v -48.457809 135.982635 62.461578
v -43.001598 135.663818 62.496971
v -43.076244 137.709930 63.289070
v -37.870674 136.214493 62.860409
v -36.602859 137.851700 63.532921
v -38.014988 140.170044 64.391678
v -43.164482 140.128494 64.225334
v -48.602119 139.938156 63.992847
vt 0.208431 0.494797
vt 0.208575 0.478116
vt 0.229443 0.475893
vt 0.229271 0.493426
vt 0.252729 0.492198
vt 0.256170 0.471571
vt 0.275357 0.475888
vt 0.275429 0.493819
vt 0.298111 0.492176
vt 0.294163 0.471736
vt 0.321331 0.475953
vt 0.321541 0.493432
vt 0.198757 0.641525
vt 0.200055 0.589825
vt 0.221664 0.590600
vt 0.219751 0.640956
vt 0.244967 0.639373
vt 0.247968 0.591507
vt 0.275466 0.591669
vt 0.275481 0.635804
vt 0.305994 0.639365
vt 0.302966 0.591494
vt 0.329276 0.590573
vt 0.331197 0.640955
vt 0.199789 0.728809
vt 0.197393 0.704590
vt 0.219517 0.692482
vt 0.227784 0.730211
vt 0.252859 0.733034
vt 0.249003 0.687406
vt 0.275511 0.688085
vt 0.275516 0.730408
vt 0.298175 0.733010
vt 0.302021 0.687396
vt 0.331536 0.692451
vt 0.323246 0.730162
vt 0.805511 0.686057
vt 0.204711 0.752714
vt 0.229559 0.760254
vt 0.782889 0.696424
vt 0.784986 0.875584
vt 0.254181 0.941082
vt 0.275435 0.940431
vt 0.742298 0.896742
vt 0.699334 0.736241
vt 0.297037 0.807427
vt 0.321459 0.760204
vt 0.696358 0.696343
vt 0.808954 0.641287
vt 0.805193 0.664541
vt 0.784300 0.671779
vt 0.785729 0.644267
vt 0.763331 0.647822
vt 0.762442 0.673765
vt 0.742276 0.741120
vt 0.739609 0.647377
vt 0.715889 0.647774
vt 0.716786 0.673709
vt 0.694936 0.671695
vt 0.693494 0.644181
vt 0.806875 0.557726
vt 0.810121 0.617205
vt 0.790367 0.607046
vt 0.787575 0.557696
vt 0.763367 0.556090
vt 0.764746 0.603486
vt 0.739627 0.603152
vt 0.739688 0.556093
vt 0.716014 0.556064
vt 0.714496 0.603455
vt 0.688836 0.606971
vt 0.691820 0.557642
vt 0.803405 0.420481
vt 0.802841 0.435733
vt 0.782960 0.432290
vt 0.783371 0.416064
vt 0.759505 0.410786
vt 0.759570 0.428509
vt 0.739756 0.426992
vt 0.739743 0.409699
vt 0.720007 0.410786
vt 0.719946 0.428500
vt 0.696571 0.432245
vt 0.696182 0.416016
vt 0.819305 0.093413
vt 0.797386 0.086157
vt 0.790779 0.072322
vt 0.822344 0.073237
vt 0.265809 0.416173
vt 0.762697 0.377789
vt 0.739788 0.389948
vt 0.275377 0.462947
vt 0.364323 0.097210
vt 0.342669 0.089884
vt 0.336664 0.075169
vt 0.367299 0.076188
vt 0.342559 0.494848
vt 0.342402 0.478170
vt 0.366070 0.480227
vt 0.366198 0.495669
vt 0.352247 0.641476
vt 0.350872 0.589816
vt 0.374237 0.588973
vt 0.374011 0.638442
vt 0.936729 0.462892
vt 0.940585 0.464321
vt 0.946953 0.476690
vt 0.936605 0.482861
vt 0.804780 0.405462
vt 0.824266 0.410023
vt 0.823186 0.423812
vt 0.805355 0.509178
vt 0.825584 0.509339
vt 0.825621 0.554997
vt 0.118742 0.522844
vt 0.058006 0.517789
vt 0.074507 0.510871
vt 0.084702 0.516921
vt 0.822269 0.350445
vt 0.784755 0.399833
vt 0.805305 0.347137
vt 0.793942 0.336256
vt 0.777469 0.322538
vt 0.236211 0.409364
vt 0.220899 0.415267
vt 0.203041 0.415110
vt 0.182178 0.419746
vt 0.685950 0.336155
vt 0.717407 0.377787
vt 0.694840 0.399772
vt 0.674409 0.347030
vt 0.657366 0.350391
vt 0.674734 0.405426
vt 0.637625 0.358046
vt 0.347747 0.415166
vt 0.329799 0.415381
vt 0.314324 0.409429
vt 0.706215 0.336018
vt 0.292514 0.404556
vt 0.870618 0.237836
vt 0.844433 0.293934
vt 0.832214 0.287148
vt 0.858351 0.228645
vt 0.844944 0.223065
vt 0.821107 0.280742
vt 0.243727 0.342391
vt 0.826584 0.212775
vt 0.214622 0.282882
vt 0.224361 0.346790
vt 0.210147 0.349538
vt 0.199596 0.284960
vt 0.184434 0.288656
vt 0.194986 0.352422
vt 0.864110 0.304875
vt 0.163133 0.290367
vt 0.634803 0.222910
vt 0.658751 0.280554
vt 0.647480 0.287052
vt 0.621343 0.228556
vt 0.609012 0.237734
vt 0.635143 0.293889
vt 0.375465 0.356065
vt 0.590820 0.249121
vt 0.366326 0.288752
vt 0.355651 0.352469
vt 0.340563 0.349608
vt 0.351134 0.285011
vt 0.336042 0.282967
vt 0.326383 0.346874
vt 0.678330 0.268182
vt 0.315081 0.275917
vt 0.789900 0.091626
vt 0.894734 0.181072
vt 0.223763 0.023658
vt 0.779683 0.072008
vt 0.205625 0.023651
vt 0.212375 0.030485
vt 0.208733 0.046428
vt 0.818124 0.043214
vt 0.919973 0.054113
vt 0.218394 0.124576
vt 0.231547 0.124829
vt 0.925982 0.076298
vt 0.853028 0.105343
vt 0.173602 0.224408
vt 0.245023 0.044913
vt 0.815784 0.102925
vt 0.335499 0.095534
vt 0.609223 0.166963
vt 0.147562 0.023794
vt 0.325939 0.074804
vt 0.129108 0.019171
vt 0.133886 0.026698
vt 0.125138 0.040618
vt 0.363323 0.044920
vt 0.461211 0.056389
vt 0.114656 0.083148
vt 0.128082 0.110700
vt 0.466974 0.079440
vt 0.396801 0.109583
vt 0.345740 0.218419
vt 0.158805 0.046562
vt 0.361009 0.107136
vt 0.212264 0.093809
vt 0.204982 0.218327
vt 0.226791 0.056935
vt 0.229179 0.093286
vt 0.246067 0.092223
vt 0.255137 0.092099
vt 0.884191 0.095549
vt 0.853655 0.095653
vt 0.854753 0.074189
vt 0.884265 0.075061
vt 0.885799 0.054616
vt 0.855335 0.052709
vt 0.203340 0.068369
vt 0.888472 0.044995
vt 0.116537 0.064410
vt 0.377147 0.224500
vt 0.136900 0.057215
vt 0.135301 0.068971
vt 0.159593 0.072808
vt 0.169578 0.075371
vt 0.426769 0.099419
vt 0.397393 0.099512
vt 0.398467 0.077209
vt 0.426850 0.078134
vt 0.428347 0.056895
vt 0.399054 0.054890
vt 0.111199 0.052142
vt 0.430928 0.046902
vt 0.398347 0.732496
vt 0.353774 0.704759
vt 0.655189 0.607952
vt 0.404645 0.715309
vt 0.625247 0.642548
vt 0.669008 0.617360
vt 0.670290 0.641156
vt 0.629866 0.657272
vt 0.633967 0.675274
vt 0.674058 0.664432
vt 0.345812 0.774768
vt 0.637449 0.692485
vt 0.387906 0.765553
vt 0.346295 0.752641
vt 0.351218 0.728717
vt 0.392980 0.747350
vt 0.854032 0.642643
vt 0.181252 0.694641
vt 0.859345 0.625630
vt 0.152631 0.732602
vt 0.157999 0.747449
vt 0.163074 0.765647
vt 0.167481 0.783084
vt 0.845329 0.675366
vt 0.849419 0.657366
vt 0.462802 0.754848
vt 0.433121 0.744888
vt 0.586158 0.633072
vt 0.469035 0.736153
vt 0.562716 0.661102
vt 0.591598 0.653084
vt 0.596668 0.669873
vt 0.567525 0.676181
vt 0.573571 0.695803
vt 0.602326 0.689166
vt 0.414557 0.801264
vt 0.575415 0.714705
vt 0.450039 0.789809
vt 0.420413 0.781867
vt 0.427222 0.762131
vt 0.457315 0.770152
vt 0.916571 0.661069
vt 0.887682 0.653104
vt 0.112049 0.724515
vt 0.922852 0.642462
vt 0.088177 0.754903
vt 0.117860 0.744959
vt 0.123753 0.762207
vt 0.093657 0.770210
vt 0.100926 0.789871
vt 0.130556 0.781946
vt 0.872833 0.708772
vt 0.104321 0.808576
vt 0.905760 0.695791
vt 0.876995 0.689207
vt 0.882631 0.669903
vt 0.911782 0.676158
vt 0.245118 0.820265
vt 0.256063 0.761423
vt 0.275458 0.816348
vt 0.275456 0.817082
vt 0.305796 0.819611
vt 0.322444 0.827635
vt 0.716707 0.746651
vt 0.742277 0.751635
vt 0.767846 0.746640
vt 0.232576 0.815700
vt 0.789238 0.746868
vt 0.242805 0.909093
vt 0.242913 0.847487
vt 0.275453 0.850080
vt 0.275444 0.899369
vt 0.308078 0.909112
vt 0.307992 0.847504
vt 0.685718 0.768892
vt 0.335635 0.923345
vt 0.710517 0.826756
vt 0.709025 0.772272
vt 0.742280 0.767854
vt 0.742288 0.823907
vt 0.774059 0.826743
vt 0.775535 0.772258
vt 0.216918 0.852154
vt 0.800161 0.835727
vt 0.803587 0.472219
vt 0.184266 0.511368
vt 0.823748 0.473030
vt 0.786007 0.508646
vt 0.783967 0.470951
vt 0.760849 0.468488
vt 0.762764 0.507838
vt 0.739729 0.507585
vt 0.739749 0.469813
vt 0.718652 0.468468
vt 0.716699 0.507812
vt 0.693463 0.508589
vt 0.695538 0.470900
vt 0.347089 0.550471
vt 0.343449 0.511536
vt 0.656251 0.437958
vt 0.370672 0.549455
vt 0.305626 0.550928
vt 0.300328 0.509969
vt 0.323635 0.511057
vt 0.326613 0.553291
vt 0.245263 0.550946
vt 0.250519 0.509979
vt 0.275426 0.509223
vt 0.275447 0.553833
vt 0.203857 0.550446
vt 0.207534 0.511493
vt 0.227207 0.511082
vt 0.224277 0.553331
vt 0.296688 0.941095
vt 0.317831 0.963343
vt 0.722395 0.859395
vt 0.742293 0.859091
vt 0.762190 0.859387
vt 0.672412 0.557619
vt 0.673996 0.509116
vt 0.676597 0.435714
vt 0.676064 0.420456
vt 0.798456 0.058765
vt 0.820876 0.052919
vt 0.343747 0.061021
vt 0.365907 0.055032
vt 0.963235 0.483911
vt 0.902883 0.489040
vt 0.909072 0.482168
vt 0.925033 0.475729
vt 0.931354 0.463643
vt 0.080884 0.498420
vt 0.084741 0.496992
vt 0.090126 0.497750
vt 0.096539 0.509638
vt 0.112499 0.516024
vt 0.245369 0.109349
vt 0.249130 0.116712
vt 0.914174 0.091435
vt 0.914507 0.075957
vt 0.915392 0.060496
vt 0.143488 0.116794
vt 0.145270 0.126440
vt 0.455609 0.095160
vt 0.455938 0.079081
vt 0.456800 0.063019
vt 0.982240 0.434188
vt 0.963585 0.427947
vt 0.946509 0.423110
vt 0.890921 0.433118
vt 0.882130 0.436526
vt 0.926679 0.423006
vt 0.909612 0.427375
vt 0.937930 0.422313
vt 0.075163 0.457134
vt 0.058225 0.461798
vt 0.039557 0.467684
vt 0.094859 0.456979
vt 0.083682 0.456346
vt 0.130564 0.466891
vt 0.111877 0.461251
vt 0.033116 0.470128
vt 0.675805 0.472192
vt 0.653419 0.509254
vt 0.655248 0.472962
vt 0.367019 0.511392
vt 0.176921 0.588998
vt 0.180547 0.549455
vt 0.822760 0.437993
vt 0.233028 0.963316
vt 0.215241 0.923308
vt 0.798841 0.768868
vt 0.699605 0.875602
vt 0.684417 0.835751
vt 0.333987 0.852188
vt 0.228471 0.827609
vt 0.254212 0.785439
vt 0.759269 0.697501
vt 0.785216 0.736222
vt 0.695315 0.746888
vt 0.719972 0.697428
vt 0.296799 0.785396
vt 0.318344 0.815723
vt 0.903939 0.714697
vt 0.136407 0.801345
vt 0.081951 0.736203
vt 0.893090 0.633076
vt 0.446638 0.808511
vt 0.606509 0.708725
vt 0.556410 0.642507
vt 0.438944 0.724452
vt 0.841861 0.692578
vt 0.205190 0.774839
vt 0.146366 0.715395
vt 0.823906 0.608060
vt 0.383498 0.782992
vt 0.673752 0.685953
vt 0.619881 0.625562
vt 0.369876 0.694574
vt 0.624476 0.158216
vt 0.327082 0.211968
vt 0.653476 0.212425
vt 0.306569 0.342322
vt 0.153133 0.050558
vt 0.361352 0.222428
vt 0.125968 0.045756
vt 0.396618 0.225899
vt 0.569871 0.190223
vt 0.388031 0.290471
vt 0.615162 0.304972
vt 0.596954 0.173816
vt 0.584932 0.180968
vt 0.909456 0.190131
vt 0.154402 0.225852
vt 0.888489 0.249012
vt 0.175675 0.355943
vt 0.241882 0.047343
vt 0.189385 0.222364
vt 0.213528 0.046751
vt 0.223402 0.212053
vt 0.855547 0.158550
vt 0.235225 0.276013
vt 0.801766 0.268578
vt 0.882733 0.173912
vt 0.870470 0.167071
vt 0.702590 0.322102
vt 0.284431 0.416033
vt 0.369025 0.419829
vt 0.654789 0.409992
vt 0.841623 0.358035
vt 0.185243 0.480200
vt 0.257695 0.404697
vt 0.773758 0.336466
vt 0.177136 0.638471
vt 0.185108 0.495641
vt 0.653403 0.554919
vt 0.655840 0.423782
vt 0.740026 0.329135
vt 0.739609 0.679991
vt 0.717946 0.727940
vt 0.321543 0.784229
vt 0.275425 0.981496
vt 0.229466 0.784279
vt 0.766602 0.727930
vt 0.275513 0.766895
vt 0.294962 0.761394
vt 0.158494 0.031032
vt 0.235614 0.029385
vt 0.253884 0.807420
vt 0.968218 0.693073
vt 0.970279 0.686813
vt 0.964692 0.720144
vt 0.041234 0.817480
vt 0.965692 0.701614
vt 0.035620 0.790589
vt 0.038855 0.799577
vt 0.026837 0.766821
vt 0.976742 0.669618
vt 0.033170 0.783659
vt 0.515345 0.790561
vt 0.512107 0.799546
vt 0.509721 0.817448
vt 0.514670 0.720260
vt 0.513647 0.701731
vt 0.511110 0.693195
vt 0.509040 0.686939
vt 0.502555 0.669755
vt 0.524137 0.766797
vt 0.517798 0.783632
vt 0.052820 0.522857
vt 0.139366 0.470253
vt 0.968347 0.489050
vt 0.988625 0.436785
vt 0.108883 0.091107
vt 0.106409 0.062482
vt 0.399209 0.044805
vt 0.459518 0.102060
vt 0.428604 0.109556
vt 0.167704 0.057128
vt 0.215342 0.132259
vt 0.203222 0.094543
vt 0.855471 0.043005
vt 0.918242 0.098075
vt 0.886101 0.105305
vt 0.255511 0.067846
vt 0.169019 0.047690
vt 0.166893 0.025823
vt 0.125973 0.120002
vt 0.337008 0.054912
vt 0.115292 0.038211
vt 0.149847 0.015689
vt 0.254586 0.043904
vt 0.241676 0.021944
vt 0.231922 0.132778
vt 0.791425 0.052872
vt 0.199112 0.046316
vt 0.223332 0.014444
vn -0.374396 0.034956 0.926610
vn -0.374396 0.034956 0.926610
vn -0.137870 -0.157568 0.977837
vn -0.160841 -0.139979 0.977004
vn 0.000006 -0.342813 0.939404
vn 0.206678 -0.003309 0.978404
vn -0.013519 -0.227811 0.973612
vn -0.093362 -0.414104 0.905429
vn 0.089649 -0.264707 0.960153
vn -0.183167 0.155360 0.970728
vn 0.218604 -0.050972 0.974481
vn 0.232453 -0.037009 0.971903
vn -0.855596 -0.142591 0.497617
vn -0.873297 -0.210987 0.439132
vn -0.628673 -0.275238 0.727334
vn -0.636685 -0.184954 0.748615
vn -0.284090 -0.193540 0.939061
vn -0.268771 -0.353148 0.896130
vn -0.004289 -0.386093 0.922450
vn -0.029770 -0.179627 0.983284
vn 0.228292 -0.185193 0.955817
vn 0.246433 -0.363042 0.898594
vn 0.596625 -0.266170 0.757095
vn 0.575944 -0.159881 0.801702
vn -0.074026 -0.408492 0.909755
vn -0.650093 -0.486795 0.583447
vn -0.588549 -0.177529 0.788729
vn -0.368393 -0.126110 0.921077
vn -0.163315 -0.041767 0.985689
vn -0.196669 -0.175533 0.964629
vn -0.037778 -0.171156 0.984519
vn -0.047473 -0.058892 0.997135
vn 0.051924 -0.032672 0.998116
vn 0.122728 -0.166705 0.978339
vn 0.500233 -0.146004 0.853493
vn 0.224117 -0.106492 0.968727
vn -0.288905 0.863707 0.412968
vn -0.191837 0.368616 0.909572
vn -0.273869 0.416423 0.866942
vn -0.254242 0.889520 0.379625
vn -0.655146 0.538829 0.529572
vn -0.488438 -0.134980 0.862096
vn 0.025305 -0.187831 0.981875
vn -0.028195 0.615165 0.787894
vn 0.311110 0.865992 0.391495
vn -0.017380 0.325869 0.945255
vn 0.093538 0.442659 0.891798
vn 0.121622 0.910227 0.395846
vn -0.377132 0.284581 -0.881354
vn -0.389835 0.842820 -0.371056
vn -0.240191 0.894099 -0.378016
vn -0.202529 0.430789 -0.879433
vn -0.048483 0.499935 -0.864705
vn -0.138302 0.781045 -0.608967
vn 0.001028 0.651369 -0.758761
vn 0.014309 0.506427 -0.862164
vn 0.105208 0.511509 -0.852813
vn 0.127504 0.788560 -0.601594
vn 0.236609 0.914081 -0.329350
vn 0.295957 0.464679 -0.834555
vn -0.751810 0.215023 -0.623336
vn -0.597029 0.057981 -0.800122
vn -0.332571 0.325007 -0.885306
vn -0.308399 0.318433 -0.896376
vn -0.040256 0.331820 -0.942483
vn -0.040450 0.363371 -0.930766
vn 0.024262 0.371031 -0.928303
vn 0.022318 0.334703 -0.942059
vn 0.090632 0.346089 -0.933814
vn 0.106992 0.377965 -0.919617
vn 0.426916 0.386440 -0.817562
vn 0.365232 0.366483 -0.855743
vn -0.707700 -0.071954 -0.702839
vn -0.741089 -0.021395 -0.671066
vn -0.222627 0.078348 -0.971750
vn -0.184777 0.003806 -0.982773
vn 0.009533 0.005772 -0.999938
vn -0.020421 0.088395 -0.995876
vn -0.013848 0.077183 -0.996921
vn 0.000451 -0.022891 -0.999738
vn -0.033249 -0.026502 -0.999096
vn -0.016544 0.081384 -0.996546
vn 0.164596 0.099868 -0.981292
vn 0.128383 -0.008157 -0.991691
vn 0.489469 -0.719291 -0.492991
vn 0.460040 -0.749197 -0.476515
vn 0.455602 -0.751277 -0.477503
vn 0.480456 -0.726843 -0.490775
vn 0.949474 -0.306536 0.067339
vn 0.761287 -0.508782 -0.401973
vn 0.165967 -0.684045 -0.710308
vn -0.020644 -0.787822 0.615557
vn -0.427905 -0.796521 -0.427144
vn -0.392530 -0.825540 -0.405467
vn -0.397088 -0.822161 -0.407888
vn -0.431417 -0.793096 -0.429974
vn 0.995960 -0.003260 0.089744
vn 0.995960 -0.003260 0.089744
vn 0.995960 -0.003260 0.089744
vn 0.995960 -0.003260 0.089744
vn 0.828482 -0.086887 0.553234
vn 0.860139 -0.174532 0.479270
vn 0.999732 -0.023151 -0.000458
vn 0.994191 0.080725 0.071189
vn 0.345581 -0.286030 0.893734
vn 0.345581 -0.286034 0.893733
vn 0.345581 -0.286034 0.893733
vn 0.345581 -0.286030 0.893734
vn -0.942212 -0.178228 -0.283675
vn -0.942212 -0.178228 -0.283675
vn -0.942212 -0.178228 -0.283675
vn -0.942212 -0.178228 -0.283675
vn -0.742917 0.107325 -0.660724
vn -0.993861 -0.096862 -0.053455
vn -0.999929 -0.011839 -0.001443
vn -0.027182 -0.361743 0.931882
vn -0.027183 -0.361745 0.931881
vn -0.027183 -0.361745 0.931881
vn -0.027182 -0.361743 0.931882
vn -0.277375 -0.366615 -0.888064
vn -0.316222 -0.344676 -0.883857
vn -0.005548 -0.369219 -0.929326
vn 0.068273 -0.377288 -0.923576
vn 0.975253 -0.163730 -0.148575
vn 0.979281 -0.144865 -0.141498
vn 0.679366 0.203237 0.705093
vn -0.061124 0.346764 0.935959
vn -0.080388 0.336284 0.938324
vn -0.993479 -0.035661 0.108299
vn -0.991662 -0.026529 0.126105
vn -0.991662 -0.026529 0.126105
vn -0.993237 -0.034320 0.110919
vn -0.446446 -0.484884 -0.752046
vn -0.395771 -0.494352 -0.773939
vn -0.034281 -0.494606 -0.868441
vn -0.124208 -0.504920 -0.854183
vn 0.934427 -0.167863 -0.314114
vn 0.932540 -0.170433 -0.318310
vn 0.932540 -0.170433 -0.318310
vn 0.934598 -0.167629 -0.313730
vn 0.516848 0.441292 0.733573
vn 0.434108 0.478954 0.762989
vn 0.116119 0.507805 0.853611
vn 0.142994 0.488146 0.860968
vn -0.613360 0.291139 0.734185
vn -0.921261 -0.336975 0.194233
vn -0.893902 0.025959 0.447510
vn -0.665414 0.241244 -0.706418
vn -0.770932 0.247353 -0.586925
vn 0.180665 0.389119 -0.903298
vn 0.272403 0.315316 -0.909051
vn 0.953338 0.096733 -0.285989
vn 0.957836 0.125762 -0.258331
vn 0.957289 -0.079287 0.278049
vn 0.956418 -0.118057 0.267073
vn 0.638156 -0.280725 0.716903
vn 0.645099 -0.206618 0.735634
vn -0.116089 -0.243442 0.962943
vn -0.300195 -0.327182 0.896011
vn -0.951838 -0.091782 0.292541
vn -0.849227 -0.099747 0.518521
vn -0.990954 0.077526 -0.109547
vn -0.967252 0.079415 -0.241073
vn -0.966717 0.050180 -0.250880
vn -0.977618 0.066849 -0.199486
vn -0.251067 0.260884 -0.932151
vn -0.316699 0.192345 -0.928819
vn 0.627400 0.154057 -0.763306
vn 0.731010 0.182067 -0.657629
vn 0.978949 0.080535 -0.187542
vn 0.952183 0.057561 -0.300057
vn 0.964314 -0.047264 0.260511
vn 0.879768 -0.011154 0.475273
vn 0.210807 -0.099952 0.972404
vn 0.351514 -0.203518 0.913794
vn -0.586273 -0.184977 0.788713
vn -0.572866 -0.110909 0.812111
vn -0.936435 -0.057876 0.346035
vn -0.940061 -0.087249 0.329656
vn -0.177393 0.814533 -0.552330
vn -0.177393 0.814533 -0.552330
vn 0.067182 0.947982 -0.311154
vn 0.173085 0.966330 -0.190391
vn 0.551628 0.585158 0.594388
vn 0.551628 0.585158 0.594388
vn 0.551628 0.585158 0.594388
vn 0.551628 0.585158 0.594388
vn -0.610606 0.345093 0.712791
vn -0.610606 0.345093 0.712791
vn -0.674763 0.342384 0.653811
vn -0.674774 0.342383 0.653800
vn -0.930815 0.277954 -0.237330
vn -0.930815 0.277954 -0.237330
vn -0.930815 0.277954 -0.237330
vn -0.930815 0.277954 -0.237330
vn -0.420838 0.903627 -0.079711
vn -0.420839 0.903627 -0.079711
vn -0.124529 0.903838 -0.409353
vn -0.215735 0.922742 -0.319385
vn 0.777149 0.245852 -0.579307
vn 0.777149 0.245852 -0.579307
vn 0.777149 0.245852 -0.579307
vn 0.777149 0.245852 -0.579307
vn 0.698880 0.444018 0.560728
vn 0.698880 0.444018 0.560728
vn 0.637382 0.453829 0.622722
vn 0.637532 0.453810 0.622582
vn -0.411989 0.467502 0.782117
vn -0.411989 0.467502 0.782117
vn -0.411989 0.467502 0.782117
vn -0.411989 0.467502 0.782117
vn -0.524490 0.660753 0.536950
vn -0.524490 0.660753 0.536950
vn -0.543538 0.650574 0.530396
vn -0.544286 0.650164 0.530131
vn -0.842524 0.327988 -0.427290
vn -0.842524 0.327988 -0.427290
vn -0.842524 0.327988 -0.427290
vn -0.842524 0.327988 -0.427290
vn 0.561047 -0.635229 -0.530764
vn 0.533577 -0.669581 -0.516679
vn 0.526577 -0.676960 -0.514239
vn 0.556255 -0.641201 -0.528623
vn 0.708154 0.039674 0.704942
vn 0.718681 0.057028 0.692997
vn 0.718389 0.056539 0.693340
vn 0.708154 0.039674 0.704942
vn 0.522995 0.710009 0.471554
vn 0.522995 0.710009 0.471554
vn 0.506140 0.719748 0.475169
vn 0.506815 0.719365 0.475029
vn -0.464734 0.428218 0.775017
vn -0.464734 0.428218 0.775017
vn -0.464735 0.428218 0.775017
vn -0.464735 0.428218 0.775017
vn -0.510415 -0.719616 -0.470775
vn -0.478878 -0.750710 -0.455094
vn -0.485003 -0.743681 -0.460120
vn -0.515030 -0.713643 -0.474824
vn 0.722065 -0.072596 -0.688006
vn 0.736737 -0.082883 -0.671081
vn 0.737475 -0.083407 -0.670205
vn 0.722065 -0.072596 -0.688006
vn -0.118705 -0.891398 0.437400
vn 0.585074 -0.422694 0.692112
vn -0.073072 -0.928347 -0.364462
vn -0.143298 -0.903284 -0.404406
vn -0.006307 -0.368552 -0.929586
vn 0.658307 0.102550 -0.745731
vn 0.291124 0.323325 -0.900393
vn 0.126408 0.273722 -0.953466
vn 0.210290 0.866073 -0.453537
vn 0.365404 0.871765 -0.326353
vn 0.307035 0.866524 0.393529
vn 0.166335 0.926563 0.337363
vn 0.128336 0.414329 0.901034
vn 0.218368 0.378728 0.899378
vn 0.133245 -0.349128 0.927554
vn 0.007400 -0.393403 0.919336
vn -0.307523 -0.290774 -0.906025
vn -0.074411 -0.883839 -0.461836
vn -0.029759 -0.870397 -0.491450
vn 0.224041 -0.932465 0.283397
vn 0.296894 -0.428610 0.853316
vn 0.194021 0.378100 0.905205
vn -0.028063 0.912229 0.408719
vn -0.332897 0.880906 -0.336429
vn -0.420182 0.303086 -0.855328
vn -0.706483 -0.707720 -0.003911
vn -0.589508 -0.804219 0.075582
vn -0.137720 -0.880167 -0.454245
vn -0.144976 -0.958964 -0.243659
vn 0.476524 -0.768021 -0.427865
vn 0.376240 -0.459148 -0.804753
vn 0.592199 0.145447 -0.792556
vn 0.930361 -0.060342 -0.361645
vn 0.794267 0.602078 0.081498
vn 0.574147 0.679939 -0.456112
vn 0.216148 0.922387 0.320128
vn 0.261826 0.847979 0.460845
vn -0.363962 0.752290 0.549173
vn -0.164298 0.753957 0.636046
vn -0.704095 -0.084307 0.705083
vn -0.942209 0.090367 0.322608
vn -0.612473 -0.731652 -0.299269
vn -0.647505 -0.399730 -0.648809
vn -0.053307 -0.839912 -0.540098
vn 0.023263 -0.934593 -0.354957
vn 0.637491 -0.710333 -0.298382
vn 0.564176 -0.804444 -0.185945
vn 0.909175 -0.108784 0.401953
vn 0.997216 0.074517 0.002850
vn 0.536745 0.708526 0.458144
vn 0.408439 0.704323 0.580609
vn -0.061105 0.891129 0.449616
vn -0.064913 0.805281 0.589330
vn -0.708311 0.588379 0.390007
vn -0.674361 0.716218 -0.179636
vn -0.821326 0.202288 -0.533389
vn -0.998999 -0.035549 -0.027139
vn -0.526501 -0.782997 0.331227
vn -0.526501 -0.782998 0.331227
vn -0.526501 -0.782997 0.331227
vn -0.526501 -0.782998 0.331227
vn 0.926402 -0.357403 0.118502
vn 0.926402 -0.357403 0.118502
vn 0.987017 -0.160176 0.011901
vn 0.596222 0.159417 -0.786833
vn -0.003333 0.539617 -0.841904
vn -0.008628 0.389237 -0.921097
vn -0.580525 0.128321 -0.804067
vn -0.486652 0.794579 0.363063
vn -0.964135 -0.260015 -0.053251
vn -0.710297 -0.408670 0.573121
vn -0.657165 -0.598769 0.457832
vn 0.042651 -0.729489 0.682661
vn 0.042857 -0.575554 0.816640
vn 0.768736 -0.308742 0.560111
vn 0.715600 -0.530427 0.454494
vn 0.987124 -0.154105 -0.042873
vn 0.985195 0.143576 0.093684
vn 0.653156 0.516493 -0.553735
vn 0.632670 0.319195 -0.705580
vn -0.030633 0.452232 -0.891374
vn -0.041186 0.551778 -0.832973
vn -0.718009 0.431783 -0.545918
vn -0.671017 0.250859 -0.697715
vn -0.964612 -0.261755 -0.031753
vn -0.994919 0.016031 0.099393
vn -0.763645 0.011948 -0.645526
vn -0.987992 -0.149089 -0.040548
vn -0.989420 -0.142618 -0.026617
vn -0.271120 0.232954 -0.933931
vn -0.257321 0.130452 -0.957480
vn -0.038296 0.154925 -0.987184
vn -0.040429 0.260277 -0.964687
vn 0.009753 0.273552 -0.961808
vn -0.009544 0.168362 -0.985679
vn 0.013892 0.186025 -0.982447
vn 0.059204 0.295341 -0.953556
vn 0.278725 0.305463 -0.910497
vn 0.210874 0.209165 -0.954873
vn 0.873049 -0.167010 0.458141
vn 0.867077 -0.136610 0.479078
vn 0.996566 -0.003909 -0.082710
vn 0.998802 -0.007251 -0.048392
vn 0.223057 -0.489865 0.842780
vn 0.157815 -0.404319 0.900900
vn 0.433908 -0.321045 0.841816
vn 0.533359 -0.356804 0.766954
vn -0.149690 -0.491932 0.857669
vn -0.069810 -0.408711 0.909990
vn 0.044569 -0.410342 0.910842
vn 0.036561 -0.537691 0.842349
vn -0.840348 -0.257498 0.476980
vn -0.818343 -0.256748 0.514194
vn -0.365489 -0.365120 0.856216
vn -0.495886 -0.388855 0.776460
vn -0.046518 -0.411371 0.910280
vn -0.260103 -0.340124 0.903694
vn -0.823412 -0.221455 0.522447
vn 0.177889 -0.347872 0.920511
vn 0.148736 -0.424729 0.893019
vn 0.053348 -0.436541 0.898101
vn 0.401824 0.143383 0.904422
vn 0.401824 0.143383 0.904422
vn 0.887729 -0.105228 0.448179
vn 0.341496 -0.325188 0.881835
vn -0.142070 0.317232 0.937646
vn -0.056602 0.128292 0.990120
vn 0.541522 -0.040585 0.839707
vn 0.587090 0.618543 0.522236
vn 0.469753 0.882786 0.004510
vn -0.061214 0.995588 -0.071122
vn -0.552618 0.833051 0.025291
vn 0.812097 0.298962 -0.501120
vn 0.765459 0.202309 -0.610854
vn 0.083361 -0.341368 -0.936226
vn 0.037627 -0.277934 -0.959863
vn -0.009486 -0.266947 -0.963665
vn -0.355907 -0.166048 -0.919651
vn -0.355907 -0.166048 -0.919651
vn -0.049781 -0.413970 -0.908928
vn -0.700112 -0.633194 -0.330015
vn 0.215319 -0.412391 -0.885196
vn -0.093257 -0.373541 -0.922914
vn 0.706307 0.078512 -0.703538
vn 0.663605 -0.006436 -0.748056
vn 0.271223 -0.214116 -0.938399
vn 0.271223 -0.214116 -0.938399
vn -0.076000 -0.353777 -0.932237
vn -0.026600 -0.336717 -0.941230
vn 0.451043 -0.753389 -0.478503
vn 0.475785 -0.729978 -0.490674
vn 0.520112 -0.683617 -0.512007
vn -0.401427 -0.818905 -0.410185
vn -0.440516 -0.784583 -0.436320
vn -0.491640 -0.735963 -0.465454
vn 0.936666 -0.120535 -0.328828
vn 0.936666 -0.120535 -0.328828
vn 0.936666 -0.120535 -0.328827
vn 0.936666 -0.120535 -0.328827
vn 0.990559 -0.019850 -0.135642
vn 0.971702 0.191340 0.138506
vn 0.345582 -0.286033 0.893733
vn 0.345582 -0.286033 0.893733
vn 0.345582 -0.286030 0.893734
vn 0.345582 -0.286030 0.893734
vn 0.345581 -0.286027 0.893735
vn 0.345581 -0.286027 0.893735
vn 0.345581 -0.286027 0.893735
vn 0.345581 -0.286027 0.893735
vn -0.979496 -0.098987 0.175467
vn -0.979496 -0.098987 0.175467
vn -0.979496 -0.098987 0.175467
vn -0.979496 -0.098987 0.175467
vn -0.986628 -0.145985 -0.072483
vn -0.997702 0.064103 0.021933
vn -0.027181 -0.361740 0.931883
vn -0.027181 -0.361740 0.931883
vn -0.027182 -0.361741 0.931882
vn -0.027182 -0.361741 0.931882
vn -0.027183 -0.361742 0.931882
vn -0.027183 -0.361742 0.931882
vn -0.027181 -0.361741 0.931882
vn -0.027181 -0.361741 0.931882
vn 0.396798 -0.346132 -0.850143
vn 0.431045 -0.343593 -0.834352
vn 0.471539 -0.339877 -0.813717
vn 0.114922 -0.390124 -0.913562
vn -0.238600 -0.387487 -0.890463
vn 0.925752 0.015106 0.377830
vn 0.929897 0.094638 0.355436
vn 0.929897 0.094638 0.355436
vn 0.989978 -0.079518 -0.116705
vn 0.989978 -0.079518 -0.116705
vn -0.407808 0.321129 0.854733
vn -0.486441 0.289540 0.824343
vn -0.550867 0.260520 0.792890
vn -0.106033 0.320795 0.941195
vn 0.404390 0.304512 0.862404
vn -0.945310 -0.181231 -0.271192
vn -0.945310 -0.181231 -0.271192
vn -0.946013 -0.183409 -0.267248
vn -0.946079 -0.183619 -0.266866
vn -0.946753 -0.185767 -0.262965
vn -0.946753 -0.185767 -0.262965
vn -0.994788 -0.043995 0.091988
vn -0.994788 -0.043995 0.091988
vn 0.222623 -0.453778 -0.862858
vn 0.183283 -0.475565 -0.860375
vn 0.142601 -0.496883 -0.856021
vn -0.178042 -0.513641 -0.839329
vn -0.503424 -0.472007 -0.723722
vn 0.999188 0.031620 0.024989
vn 0.999188 0.031620 0.024989
vn 0.999793 0.019645 0.005216
vn 0.999734 0.021523 0.008316
vn 0.999885 0.009184 -0.012043
vn 0.999885 0.009184 -0.012043
vn 0.936415 -0.165112 -0.309620
vn 0.936415 -0.165112 -0.309620
vn -0.293901 0.418114 0.859537
vn 0.183573 0.459894 0.868792
vn 0.583704 0.405979 0.703186
vn -0.976196 -0.216738 -0.008138
vn -0.980244 -0.197751 -0.004112
vn -0.991171 -0.132238 0.009666
vn -0.991171 -0.132238 0.009666
vn -0.906957 0.089626 0.411579
vn -0.906957 0.089626 0.411579
vn 0.985787 0.009291 -0.167746
vn 0.343404 0.248035 -0.905843
vn -0.668434 0.190916 -0.718852
vn 0.460008 -0.405262 0.790035
vn 0.911670 -0.203700 0.356882
vn -0.980064 -0.112366 0.163857
vn -0.578429 -0.364461 0.729786
vn -0.954361 0.060591 -0.292446
vn 0.633638 0.098010 -0.767396
vn -0.381104 0.130592 -0.915262
vn -0.990514 -0.006585 -0.137257
vn 0.982502 -0.103493 0.154850
vn 0.940030 0.024430 -0.340217
vn -0.429341 -0.296381 0.853127
vn 0.564307 -0.284813 0.774880
vn -0.902722 -0.143823 0.405472
vn 0.375298 0.924088 0.072197
vn 0.375298 0.924088 0.072197
vn 0.718501 0.676923 -0.159786
vn 0.718501 0.676923 -0.159786
vn 0.449801 0.714267 -0.536192
vn 0.388208 0.704187 -0.594487
vn 0.012077 0.560915 -0.827785
vn 0.012077 0.560915 -0.827786
vn 0.353473 0.411184 0.840229
vn 0.353473 0.411184 0.840229
vn 0.353473 0.411184 0.840229
vn 0.353473 0.411184 0.840229
vn 0.727966 0.072884 0.681728
vn 0.727966 0.072884 0.681728
vn 0.810572 0.286509 0.510770
vn 0.810572 0.286509 0.510770
vn 0.810572 0.286509 0.510770
vn 0.810572 0.286509 0.510770
vn -0.733839 0.337066 0.589803
vn -0.733839 0.337066 0.589803
vn -0.103847 -0.988723 0.107900
vn -0.103847 -0.988723 0.107900
vn -0.071414 -0.987531 0.140297
vn -0.071409 -0.987530 0.140303
vn -0.038811 -0.984259 0.172419
vn -0.038811 -0.984259 0.172419
vn -0.761429 0.276450 -0.586346
vn -0.761429 0.276450 -0.586346
vn -0.761429 0.276450 -0.586346
vn -0.761429 0.276450 -0.586346
vn -0.623207 0.071365 -0.778794
vn -0.623207 0.071365 -0.778794
vn -0.623207 0.071365 -0.778794
vn -0.623207 0.071365 -0.778794
vn -0.730405 -0.050965 -0.681111
vn -0.717086 -0.040453 -0.695810
vn -0.717493 -0.040771 -0.695372
vn -0.730405 -0.050965 -0.681111
vn 0.122023 0.782812 -0.610177
vn 0.122023 0.782812 -0.610177
vn -0.047587 0.479795 -0.876089
vn -0.047587 0.479795 -0.876089
vn -0.469136 0.620764 -0.628143
vn -0.405847 0.608221 -0.682170
vn -0.729218 0.616396 -0.297149
vn -0.729218 0.616396 -0.297149
vn 0.925845 0.280911 -0.252785
vn 0.925845 0.280911 -0.252785
vn 0.925845 0.280911 -0.252785
vn 0.925845 0.280911 -0.252785
vn 0.750718 -0.092942 -0.654052
vn 0.750718 -0.092942 -0.654052
vn 0.660086 -0.000526 -0.751190
vn 0.660086 -0.000526 -0.751190
vn 0.660086 -0.000526 -0.751190
vn 0.660086 -0.000526 -0.751190
vn 0.571146 0.460124 0.679763
vn 0.571146 0.460124 0.679763
vn 0.087989 -0.953123 0.289507
vn 0.087989 -0.953123 0.289507
vn 0.121148 -0.958339 0.258670
vn 0.121065 -0.958328 0.258748
vn 0.153938 -0.961555 0.227408
vn 0.153938 -0.961555 0.227408
vn -0.606924 0.611511 0.507640
vn -0.606924 0.611511 0.507640
vn -0.606924 0.611511 0.507640
vn -0.606924 0.611511 0.507640
vn -0.842889 0.291562 0.452250
vn -0.842889 0.291562 0.452250
vn -0.842889 0.291562 0.452250
vn -0.842889 0.291562 0.452250
vn -0.754203 0.111604 0.647087
vn -0.741448 0.095650 0.664159
vn -0.741332 0.095508 0.664308
vn -0.754204 0.111604 0.647087
vn -0.563081 0.639620 0.523284
vn -0.563081 0.639621 0.523284
vn -0.668214 0.558303 0.491719
vn -0.668214 0.558303 0.491719
vn -0.601343 0.565728 0.564215
vn -0.600874 0.565759 0.564684
vn -0.528112 0.567613 0.631596
vn -0.528112 0.567613 0.631596
vn -0.702656 -0.029352 -0.710924
vn -0.702656 -0.029352 -0.710924
vn -0.591431 -0.269955 -0.759824
vn -0.591431 -0.269955 -0.759824
vn -0.591431 -0.269955 -0.759824
vn -0.591431 -0.269955 -0.759824
vn -0.912326 0.294066 -0.284931
vn -0.912326 0.294066 -0.284931
vn -0.912326 0.294067 -0.284931
vn -0.912326 0.294066 -0.284931
vn 0.551408 -0.647156 -0.526440
vn 0.607214 -0.664876 -0.435008
vn 0.607214 -0.664876 -0.435008
vn 0.545317 -0.671767 -0.501357
vn 0.545602 -0.671749 -0.501071
vn 0.479269 -0.673104 -0.563234
vn 0.479269 -0.673104 -0.563234
vn 0.424715 0.373451 0.824713
vn 0.424715 0.373451 0.824713
vn 0.424715 0.373451 0.824713
vn 0.424715 0.373451 0.824713
vn 0.262738 0.373787 0.889523
vn 0.262738 0.373787 0.889523
vn 0.262738 0.373787 0.889523
vn 0.262738 0.373787 0.889523
vn 0.776532 -0.179390 0.604001
vn 0.776532 -0.179390 0.604001
vn 0.776532 -0.179390 0.604001
vn 0.776532 -0.179390 0.604001
vn 0.489833 0.728798 0.478453
vn 0.489833 0.728798 0.478453
vn 0.478438 0.667945 0.570041
vn 0.478438 0.667945 0.570041
vn 0.553515 0.662140 0.505165
vn 0.553042 0.662199 0.505605
vn 0.622864 0.649855 0.435580
vn 0.622864 0.649855 0.435580
vn -0.727344 0.078655 0.681750
vn -0.727344 0.078655 0.681750
vn -0.781767 -0.152665 0.604594
vn -0.781767 -0.152665 0.604594
vn -0.781767 -0.152665 0.604594
vn -0.781767 -0.152665 0.604594
vn -0.307394 0.459896 0.833069
vn -0.307394 0.459896 0.833069
vn -0.307394 0.459896 0.833069
vn -0.307394 0.459896 0.833069
vn -0.519579 -0.707654 -0.478814
vn -0.427023 -0.759962 -0.490009
vn -0.427023 -0.759962 -0.490009
vn -0.494311 -0.755527 -0.429924
vn -0.494650 -0.755488 -0.429603
vn -0.557885 -0.744858 -0.365992
vn -0.557885 -0.744858 -0.365992
vn 0.841798 0.301900 -0.447473
vn 0.841798 0.301900 -0.447473
vn 0.841798 0.301900 -0.447473
vn 0.841798 0.301900 -0.447473
vn 0.902696 0.310111 -0.298280
vn 0.902696 0.310110 -0.298280
vn 0.902696 0.310111 -0.298280
vn 0.902696 0.310111 -0.298280
vn 0.626577 -0.321099 -0.710138
vn 0.626577 -0.321099 -0.710138
vn 0.626577 -0.321099 -0.710138
vn 0.626577 -0.321099 -0.710138
vn 0.407766 -0.843285 -0.350140
vn -0.134888 -0.974053 -0.181730
vn -0.649833 -0.759173 0.037070
vn 0.747283 0.637849 0.186322
vn 0.943425 -0.106056 -0.314168
vn -0.353606 0.726751 0.588893
vn 0.255630 0.838041 0.482018
vn -0.926090 0.043318 0.374809
vn 0.597969 -0.761874 -0.248961
vn 0.032741 -0.954986 -0.294838
vn -0.527517 -0.810251 -0.255379
vn 0.545876 0.680001 0.489508
vn 0.998929 0.020249 0.041608
vn -0.619738 0.617763 0.484038
vn -0.050804 0.794874 0.604644
vn -0.995759 -0.089741 0.020271
vn 0.578938 -0.741787 0.338500
vn 0.578938 -0.741787 0.338500
vn 0.578938 -0.741787 0.338500
vn 0.578938 -0.741787 0.338500
vn 0.692983 -0.702435 0.162358
vn 0.016998 -0.900350 0.434834
vn -0.628774 -0.762760 0.151130
vn 0.806084 -0.526229 -0.270761
vn -0.898348 -0.434702 0.063288
vn -0.898348 -0.434702 0.063288
vn -0.753602 -0.586476 -0.296867
vn 0.737250 0.149238 -0.658931
vn -0.938975 0.068703 0.337056
vn -0.837529 -0.534499 0.113384
vn -0.837529 -0.534499 0.113384
vn -0.938831 0.069566 0.337279
vn -0.275085 -0.939763 -0.202913
vn -0.275085 -0.939763 -0.202913
vn -0.275085 -0.939763 -0.202913
vn -0.275085 -0.939763 -0.202913
vn -0.050611 -0.954734 -0.293124
vn -0.050611 -0.954734 -0.293124
vn -0.050611 -0.954734 -0.293124
vn -0.050611 -0.954734 -0.293124
vn 0.696776 -0.538400 -0.473950
vn 0.913241 -0.047834 -0.404601
vn 0.913247 -0.047799 -0.404593
vn 0.696776 -0.538400 -0.473950
vn 0.904122 0.324303 -0.278193
vn 0.904122 0.324303 -0.278193
vn 0.164932 0.960702 0.223269
vn 0.164932 0.960702 0.223269
vn 0.164932 0.960702 0.223269
vn 0.164932 0.960702 0.223269
vn 0.138672 0.962347 0.233791
vn 0.138672 0.962347 0.233791
vn 0.138672 0.962347 0.233791
vn 0.138672 0.962347 0.233791
vn -0.752301 0.512603 0.413861
vn -0.752301 0.512603 0.413861
vn -0.997650 -0.010198 -0.067747
vn -0.834049 -0.493425 -0.246767
vn -0.834049 -0.493425 -0.246767
vn -0.997652 -0.010164 -0.067734
vn -0.083826 -0.925775 -0.368666
vn -0.083826 -0.925775 -0.368666
vn -0.083826 -0.925775 -0.368666
vn -0.083826 -0.925775 -0.368666
vn 0.158320 -0.919266 -0.360396
vn 0.158320 -0.919266 -0.360396
vn 0.158320 -0.919266 -0.360396
vn 0.158320 -0.919266 -0.360396
vn 0.807950 -0.544397 -0.225497
vn 0.999313 0.036969 -0.002493
vn 0.999285 0.037758 -0.002186
vn 0.807950 -0.544397 -0.225497
vn 0.864670 0.472907 0.169425
vn 0.864670 0.472907 0.169425
vn -0.018950 0.938736 0.344115
vn -0.018950 0.938736 0.344115
vn -0.018950 0.938736 0.344115
vn -0.018950 0.938736 0.344115
vn -0.047262 0.938077 0.343188
vn -0.047262 0.938077 0.343188
vn -0.047262 0.938077 0.343188
vn -0.047262 0.938077 0.343188
vn -0.933726 0.349524 0.077385
vn -0.933726 0.349524 0.077385
s 1
g pCube1
usemtl pCube1SG
f 101/1/1 1/2/2 98/3/3 97/4/4
f 99/5/5 2/6/6 103/7/7 102/8/8
f 104/9/9 3/10/10 107/11/11 106/12/12
s 3
f 114/13/13 5/14/14 111/15/15 110/16/16
f 112/17/17 6/18/18 116/19/19 115/20/20
f 117/21/21 7/22/22 120/23/23 119/24/24
f 126/25/25 9/26/26 113/27/27 123/28/28
f 124/29/29 10/30/30 118/31/31 127/32/32
f 128/33/33 11/34/34 122/35/35 130/36/36
f 136/424/37 13/38/38 125/39/39 133/474/40
f 141/401/41 85/42/42 138/43/43 137/473/44
f 145/413/45 15/477/46 132/47/47 142/472/48
f 149/49/49 17/50/50 135/51/51 146/52/52
f 147/53/53 18/54/54 151/470/55 150/56/56
f 152/57/57 19/58/58 144/59/59 154/60/60
f 160/61/61 21/62/62 148/63/63 157/64/64
f 158/65/65 22/66/66 153/67/67 161/68/68
f 162/69/69 23/70/70 156/71/71 164/72/72
f 171/73/73 90/74/74 168/75/75 167/76/76
f 169/77/77 91/78/78 173/79/79 172/80/80
f 174/81/81 92/82/82 177/83/83 176/84/84
s 10
f 184/85/85 49/86/86 181/87/87 180/88/88
s 1
f 187/464/89 30/90/90 175/91/91 185/469/92
s 12
f 192/93/93 53/94/94 189/95/95 188/96/96
s off
f 108/97/97 4/98/98 194/99/99 193/100/100
s 3
f 121/101/101 8/102/102 197/103/103 196/104/104
s 13
f 378/105/105 377/106/106 379/107/107 380/108/108
s off
f 171/73/109 29/109/110 204/110/111 203/111/112
s 3
f 160/61/61 25/112/113 207/113/114 206/114/115
s 14
f 386/501/116 387/116/117 388/117/118 389/118/119
s 15
f 216/119/120 29/109/121 170/120/122 213/121/123
s 1
f 214/122/124 30/90/90 187/464/89 217/123/125
f 218/124/126 2/6/6 98/3/127 220/125/128
s 17
f 221/126/129 1/2/130 204/462/131 223/127/132
s 18
f 228/128/133 31/129/134 179/130/135 225/131/136
s 19
f 226/132/137 32/133/138 194/460/139 229/134/140
s 1
f 230/135/141 4/98/142 107/11/143 232/136/144
f 233/137/145 3/10/10 186/458/146 235/139/147
s 21
f 240/140/148 33/141/149 215/142/150 237/143/151
f 238/144/152 34/145/153 219/454/154 241/147/155
f 242/148/156 35/149/157 222/150/158 244/151/159
f 245/152/160 36/153/161 224/447/162 247/155/163
s 22
f 252/156/164 37/157/165 227/158/166 249/159/167
f 250/160/168 38/161/169 231/441/170 253/163/171
f 254/164/172 39/165/173 234/166/174 256/167/175
f 257/168/176 40/169/177 236/434/178 259/171/179
s 23
f 263/524/180 41/479/181 239/174/182 261/528/183
s off
f 262/176/184 42/177/185 243/178/186 264/527/187
s 24
f 270/511/188 58/181/189 267/182/190 266/525/191
s off
f 272/516/192 44/448/193 248/186/194 271/523/195
s 25
f 275/518/196 45/478/197 251/190/198 273/522/199
s off
f 274/192/200 46/193/201 255/194/202 276/521/203
s 26
f 282/505/204 62/197/205 279/198/206 278/519/207
s off
f 284/510/208 48/435/209 260/202/210 283/517/211
s 27
f 287/204/212 43/450/213 246/206/214 285/207/215
s off
f 286/208/216 44/448/217 272/516/218 288/209/219
s 10
f 289/210/220 52/211/221 183/212/222 290/213/223
s 28
f 291/214/224 51/215/225 265/513/226 292/217/227
s 29
f 295/218/228 47/437/229 258/220/230 293/221/231
s off
f 294/222/232 48/435/233 284/510/234 296/223/235
s 12
f 297/224/236 56/225/237 191/226/238 298/227/239
s 30
f 299/228/240 55/229/241 277/507/242 300/231/243
s 3
f 304/232/244 12/233/245 198/430/246 301/235/247
f 302/236/248 24/237/249 155/238/250 305/239/251
f 306/240/252 20/241/253 143/428/254 308/243/255
f 309/244/256 16/245/257 131/246/258 311/247/259
f 316/248/260 21/62/62 208/426/261 313/250/262
f 314/251/263 9/26/26 126/25/25 317/252/264
f 318/253/265 13/38/38 136/424/37 320/254/266
f 321/255/267 17/50/50 149/49/49 323/256/268
f 327/257/269 66/258/270 303/422/271 325/260/272
f 326/261/273 65/262/274 307/263/275 328/264/276
f 329/265/277 67/266/278 310/420/279 330/268/280
f 331/269/281 68/270/282 312/271/283 332/272/284
f 335/273/285 69/274/286 315/418/287 333/276/288
f 334/277/289 70/278/290 319/279/291 336/280/292
f 337/281/293 71/282/294 322/416/295 338/284/296
f 339/285/297 72/286/298 324/287/299 340/288/300
s off
f 344/289/301 14/480/302 129/291/303 341/292/304
s 3
f 342/293/305 15/46/306 145/414/45 345/294/307
f 346/295/308 19/471/58 151/55/309 348/296/310
f 349/297/311 18/475/54 134/410/312 351/299/313
f 355/300/314 81/301/315 343/302/316 353/303/317
f 354/304/318 82/305/319 347/406/320 356/307/321
f 357/308/322 83/309/323 350/310/324 358/311/325
f 359/312/326 84/313/327 352/403/328 360/315/329
f 363/316/330 90/74/74 205/400/331 361/318/332
f 363/316/330 25/112/113 159/319/333 364/320/334
f 365/321/335 26/322/336 163/323/337 366/324/338
f 367/325/339 27/326/340 166/327/341 368/328/342
f 371/329/343 94/330/344 195/397/345 370/332/346
f 373/333/347 95/334/348 109/335/349 372/336/350
f 375/337/351 96/338/352 105/339/353 374/340/354
f 362/341/355 89/342/356 100/343/357 376/344/358
s 1
f 98/3/3 2/6/6 99/5/5 97/4/4
s 3
f 99/5/359 96/338/352 100/343/357 97/4/360
f 100/343/357 89/342/356 101/1/361 97/4/360
s 1
f 103/7/7 3/10/10 104/9/9 102/8/362
s 3
f 104/9/363 95/334/348 105/339/353 102/8/364
f 105/339/353 96/338/352 99/5/359 102/8/364
s 1
f 107/11/11 4/98/365 108/97/366 106/12/12
s 3
f 108/97/367 94/330/344 109/335/349 106/12/368
f 109/335/349 95/334/348 104/9/363 106/12/368
f 111/15/15 6/18/18 112/17/17 110/16/16
f 112/17/17 10/30/30 113/27/27 110/16/16
f 113/27/27 9/26/26 114/13/13 110/16/16
f 116/19/19 7/22/22 117/21/21 115/20/20
f 117/21/21 11/34/34 118/31/31 115/20/20
f 118/31/31 10/30/30 112/17/17 115/20/20
f 120/23/23 8/102/102 121/101/101 119/24/24
f 121/101/101 12/233/245 122/35/35 119/24/24
f 122/35/35 11/34/34 117/21/21 119/24/24
f 113/27/27 10/30/30 124/29/29 123/28/28
f 124/29/29 14/290/369 125/39/39 123/28/28
f 125/39/39 13/38/38 126/25/25 123/28/28
f 118/31/31 11/34/34 128/33/33 127/32/32
f 128/33/33 15/477/46 129/476/370 127/32/32
f 129/476/370 14/290/369 124/29/29 127/32/32
f 122/35/35 12/233/245 131/246/258 130/36/36
f 131/246/258 16/245/257 132/47/47 130/36/36
f 132/47/47 15/477/46 128/33/33 130/36/36
f 125/39/39 14/290/369 134/408/312 133/474/40
f 134/409/312 18/54/54 135/51/51 133/40/40
f 135/51/51 17/50/50 136/37/37 133/40/40
f 138/43/43 86/345/371 139/346/372 137/473/44
f 139/404/372 87/347/373 140/348/374 137/44/44
f 140/348/374 88/349/375 141/41/41 137/44/44
f 132/47/47 16/245/257 143/242/254 142/472/48
f 143/428/254 20/241/253 144/59/59 142/48/48
f 144/59/59 19/58/58 145/412/45 142/48/48
f 135/51/51 18/54/54 147/53/53 146/52/52
f 147/53/53 22/66/66 148/63/63 146/52/52
f 148/63/63 21/62/62 149/49/49 146/52/52
f 151/470/55 19/58/58 152/57/57 150/56/56
f 152/57/57 23/70/70 153/67/67 150/56/56
f 153/67/67 22/66/66 147/53/53 150/56/56
f 144/59/59 20/241/253 155/238/250 154/60/60
f 155/238/250 24/237/249 156/71/71 154/60/60
f 156/71/71 23/70/70 152/57/57 154/60/60
f 148/63/63 22/66/66 158/65/65 157/64/64
f 158/65/65 26/322/336 159/319/333 157/64/64
f 159/319/333 25/112/113 160/61/61 157/64/64
f 153/67/67 23/70/70 162/69/69 161/68/68
f 162/69/69 27/326/340 163/323/337 161/68/68
f 163/323/337 26/322/336 158/65/65 161/68/68
f 156/71/71 24/237/249 165/350/376 164/72/72
f 165/350/376 28/351/377 166/327/341 164/72/72
f 166/327/341 27/326/340 162/69/69 164/72/72
f 168/75/75 91/78/78 169/77/77 167/76/76
s 1
f 169/77/378 30/90/90 170/120/379 167/76/380
f 170/120/379 29/109/381 171/73/382 167/76/380
s 3
f 173/79/79 92/82/82 174/81/81 172/80/80
s 1
f 174/81/383 31/129/384 175/91/91 172/80/385
f 175/91/91 30/90/90 169/77/378 172/80/386
s 3
f 177/83/83 93/352/387 178/353/388 176/84/84
s 1
f 178/353/389 32/133/390 179/130/391 176/84/392
f 179/130/391 31/129/384 174/81/383 176/84/392
s 10
f 181/87/87 50/354/393 182/355/394 180/88/88
f 182/355/394 51/215/395 183/212/222 180/88/88
f 183/212/222 52/211/221 184/85/85 180/88/88
s 1
f 175/91/91 31/129/384 186/138/146 185/469/92
f 186/458/146 3/10/10 103/7/7 185/92/92
f 103/7/7 2/6/6 187/89/89 185/92/92
s 12
f 189/95/95 54/356/396 190/357/397 188/96/96
f 190/357/397 55/229/398 191/226/238 188/96/96
f 191/226/238 56/225/237 192/93/93 188/96/96
s off
f 194/460/399 32/133/400 178/353/401 193/468/402
s 3
f 178/353/388 93/352/387 195/331/345 193/468/403
f 195/397/345 94/330/344 108/97/367 193/100/403
f 197/395/103 28/351/377 165/350/376 196/467/104
f 165/350/376 24/237/249 198/234/404 196/467/104
f 198/430/404 12/233/245 121/101/101 196/104/104
s 41
f 379/107/405 381/358/406 382/503/407 380/108/408
f 382/359/407 383/360/409 384/361/410 380/108/408
s 13
f 384/361/411 385/362/412 378/105/105 380/108/108
s off
f 204/462/413 1/2/414 101/1/415 203/466/416
s 3
f 101/1/361 89/342/356 205/317/331 203/466/417
f 205/400/331 90/74/74 171/73/73 203/111/417
f 207/398/114 5/14/14 114/13/13 206/465/115
f 114/13/13 9/26/26 208/249/418 206/465/115
f 208/426/418 21/62/62 160/61/61 206/114/115
s 42
f 388/117/419 390/363/420 391/364/421 389/118/422
f 391/364/421 392/365/423 393/366/424 389/118/422
s 14
f 393/366/425 394/367/426 386/115/116 389/118/119
s 15
f 170/120/122 30/90/427 214/122/428 213/121/123
f 214/122/428 34/145/429 215/142/430 213/121/123
f 215/142/430 33/141/431 216/119/120 213/121/123
s 1
f 187/89/89 2/6/6 218/124/126 217/463/432
f 218/124/126 35/149/433 219/146/434 217/463/432
f 219/454/435 34/145/436 214/122/124 217/123/125
f 98/3/127 1/2/437 221/126/438 220/125/128
f 221/126/438 36/153/439 222/150/440 220/125/128
f 222/150/440 35/149/441 218/124/126 220/125/128
s 43
f 204/110/442 29/109/443 216/119/444 223/461/445
f 216/119/444 33/141/446 224/154/447 223/461/445
s 17
f 224/447/448 36/153/449 221/126/129 223/127/132
s 18
f 179/130/135 32/133/450 226/132/451 225/131/136
f 226/132/451 38/161/452 227/158/453 225/131/136
f 227/158/453 37/157/454 228/128/133 225/131/136
s 44
f 194/99/455 4/98/456 230/135/457 229/459/458
f 230/135/457 39/165/459 231/162/460 229/459/458
s 19
f 231/441/461 38/161/462 226/132/137 229/134/140
s 1
f 107/11/143 3/10/10 233/137/145 232/136/144
f 233/137/145 40/169/463 234/166/464 232/136/144
f 234/166/464 39/165/465 230/135/141 232/136/144
f 186/138/146 31/129/384 228/128/466 235/457/467
f 228/128/466 37/157/468 236/170/469 235/457/467
f 236/434/470 40/169/471 233/137/145 235/139/147
s 21
f 215/142/150 34/145/153 238/144/152 237/143/151
f 238/144/152 42/456/472 239/455/473 237/143/151
f 239/455/473 41/173/474 240/140/148 237/143/151
f 219/146/154 35/149/157 242/148/156 241/453/155
f 242/148/156 43/205/475 243/451/476 241/453/155
f 243/452/476 42/456/472 238/144/152 241/147/155
f 222/150/158 36/153/161 245/152/160 244/151/159
f 245/152/160 44/185/477 246/449/478 244/151/159
f 246/449/478 43/205/475 242/148/156 244/151/159
f 224/154/162 33/141/149 240/140/148 247/446/163
f 240/140/148 41/173/474 248/444/479 247/446/163
f 248/445/479 44/185/477 245/152/160 247/155/163
s 22
f 227/158/166 38/161/169 250/160/168 249/159/167
f 250/160/168 46/443/480 251/442/481 249/159/167
f 251/442/481 45/189/482 252/156/164 249/159/167
f 231/162/170 39/165/173 254/164/172 253/440/171
f 254/164/172 47/219/483 255/438/484 253/440/171
f 255/439/484 46/443/480 250/160/168 253/163/171
f 234/166/174 40/169/177 257/168/176 256/167/175
f 257/168/176 48/201/485 258/436/486 256/167/175
f 258/436/486 47/219/483 254/164/172 256/167/175
f 236/170/178 37/157/165 252/156/164 259/433/179
f 252/156/164 45/189/482 260/431/487 259/433/179
f 260/432/487 48/201/485 257/168/176 259/171/179
s 23
f 239/174/182 42/177/488 262/176/489 261/528/183
s 45
f 262/526/490 50/354/491 181/87/492 261/175/493
f 181/87/492 49/86/494 263/172/495 261/175/493
s off
f 243/178/496 43/450/497 265/216/498 264/527/499
s 28
f 265/513/226 51/215/225 182/355/500 264/179/501
s off
f 182/355/502 50/354/503 262/526/504 264/179/505
s 24
f 267/182/190 57/368/506 268/369/507 266/525/191
s 46
f 268/514/508 59/370/509 269/371/510 266/183/511
f 269/371/510 60/372/512 270/180/513 266/183/511
s off
f 248/186/514 41/479/515 263/524/516 271/523/517
f 263/172/518 49/86/519 184/85/520 271/187/521
s 47
f 184/85/522 52/211/523 272/184/524 271/187/525
s 25
f 251/190/198 46/193/526 274/192/527 273/522/199
s 48
f 274/520/528 54/356/529 189/95/530 273/191/531
f 189/95/530 53/94/532 275/188/533 273/191/531
s off
f 255/194/534 47/437/535 277/230/536 276/521/537
s 30
f 277/507/242 55/229/241 190/357/538 276/195/539
s off
f 190/357/540 54/356/541 274/520/542 276/195/543
s 26
f 279/198/206 61/373/544 280/374/545 278/519/207
s 49
f 280/508/546 63/375/547 281/376/548 278/199/549
f 281/376/548 64/377/550 282/196/551 278/199/549
s off
f 260/202/552 45/478/553 275/518/554 283/517/555
f 275/188/556 53/94/557 192/93/558 283/203/559
s 50
f 192/93/560 56/225/561 284/200/562 283/203/563
s 27
f 246/206/214 44/448/564 286/208/565 285/207/215
s 51
f 286/208/566 57/368/567 267/182/568 285/207/569
f 267/182/568 58/181/570 287/204/571 285/207/569
s 47
f 272/184/524 52/211/523 289/210/572 288/515/573
s off
f 289/210/574 59/370/575 268/514/576 288/515/577
f 268/369/578 57/368/579 286/208/580 288/209/581
s 10
f 183/212/222 51/215/395 291/214/582 290/213/223
s 52
f 291/214/583 60/372/584 269/371/585 290/213/586
f 269/371/585 59/370/587 289/210/588 290/213/586
s off
f 265/216/589 43/450/590 287/204/591 292/512/592
f 287/204/593 58/181/594 270/511/595 292/512/596
f 270/180/597 60/372/598 291/214/599 292/217/600
s 29
f 258/220/230 48/435/601 294/222/602 293/221/231
s 53
f 294/222/603 61/373/604 279/198/605 293/221/606
f 279/198/605 62/197/607 295/218/608 293/221/606
s 50
f 284/200/562 56/225/561 297/224/609 296/509/610
s off
f 297/224/611 63/375/612 280/508/613 296/509/614
f 280/374/615 61/373/616 294/222/617 296/223/618
s 12
f 191/226/238 55/229/398 299/228/619 298/227/239
s 54
f 299/228/620 64/377/621 281/376/622 298/227/623
f 281/376/622 63/375/624 297/224/625 298/227/623
s off
f 277/230/626 47/437/627 295/218/628 300/506/629
f 295/218/630 62/197/631 282/505/632 300/506/633
f 282/196/634 64/377/635 299/228/636 300/231/637
s 3
f 198/234/246 24/237/249 302/236/248 301/429/247
f 302/236/248 65/262/274 303/259/271 301/429/247
f 303/422/271 66/258/270 304/232/244 301/235/247
f 155/238/250 20/241/253 306/240/252 305/239/251
f 306/240/252 67/266/278 307/263/275 305/239/251
f 307/263/275 65/262/274 302/236/248 305/239/251
f 143/242/254 16/245/257 309/244/256 308/427/255
f 309/244/256 68/270/282 310/267/279 308/427/255
f 310/420/279 67/266/278 306/240/252 308/243/255
f 131/246/258 12/233/245 304/232/244 311/247/259
f 304/232/244 66/258/270 312/271/283 311/247/259
f 312/271/283 68/270/282 309/244/256 311/247/259
f 208/249/261 9/26/26 314/251/263 313/425/262
f 314/251/263 70/278/290 315/275/287 313/425/262
f 315/418/287 69/274/286 316/248/260 313/250/262
f 126/25/25 13/38/38 318/253/265 317/252/264
f 318/253/265 71/282/294 319/279/291 317/252/264
f 319/279/291 70/278/290 314/251/263 317/252/264
f 136/37/37 17/50/50 321/255/267 320/423/266
f 321/255/267 72/286/298 322/283/295 320/423/266
f 322/416/295 71/282/294 318/253/265 320/254/266
f 149/49/49 21/62/62 316/248/260 323/256/268
f 316/248/260 69/274/286 324/287/299 323/256/268
f 324/287/299 72/286/298 321/255/267 323/256/268
f 303/259/271 65/262/274 326/261/273 325/421/272
f 326/261/273 73/497/638 199/498/639 325/421/272
f 199/499/639 74/500/640 327/257/269 325/260/272
f 307/263/275 67/266/278 329/265/277 328/264/276
f 329/265/277 75/495/641 200/496/642 328/264/276
f 200/496/642 73/497/638 326/261/273 328/264/276
f 310/267/279 68/270/282 331/269/281 330/419/280
f 331/269/281 76/492/643 201/493/644 330/419/280
f 201/494/644 75/495/641 329/265/277 330/268/280
f 312/271/283 66/258/270 327/257/269 332/272/284
f 327/257/269 74/500/640 202/491/645 332/272/284
f 202/491/645 76/492/643 331/269/281 332/272/284
f 315/275/287 70/278/290 334/277/289 333/417/288
f 334/277/289 78/490/646 209/488/647 333/417/288
f 209/489/647 77/482/648 335/273/285 333/276/288
f 319/279/291 71/282/294 337/281/293 336/280/292
f 337/281/293 79/487/649 210/486/650 336/280/292
f 210/486/650 78/490/646 334/277/289 336/280/292
f 322/283/295 72/286/298 339/285/297 338/415/296
f 339/285/297 80/485/651 211/483/652 338/415/296
f 211/484/652 79/487/649 337/281/293 338/284/296
f 324/287/299 69/274/286 335/273/285 340/288/300
f 335/273/285 77/482/648 212/481/653 340/288/300
f 212/481/653 80/485/651 339/285/297 340/288/300
s off
f 129/291/654 15/46/655 342/293/656 341/292/657
s 3
f 342/293/658 82/305/319 343/302/316 341/292/659
f 343/302/316 81/301/315 344/289/660 341/292/659
f 145/45/45 19/471/58 346/295/308 345/411/307
f 346/295/308 83/309/323 347/306/320 345/411/661
f 347/406/320 82/305/319 342/293/658 345/294/661
f 151/55/309 18/475/54 349/297/311 348/296/310
f 349/297/311 84/313/327 350/310/324 348/296/310
f 350/310/324 83/309/323 346/295/308 348/296/310
f 134/298/312 14/480/662 344/289/663 351/407/313
f 344/289/660 81/301/315 352/314/328 351/407/664
f 352/403/328 84/313/327 349/297/311 351/299/664
f 343/302/316 82/305/319 354/304/318 353/303/317
f 354/304/318 86/345/371 138/43/43 353/303/317
f 138/43/43 85/42/42 355/300/314 353/303/317
f 347/306/320 83/309/323 357/308/322 356/405/321
f 357/308/322 87/347/373 139/404/372 356/405/321
f 139/346/372 86/345/371 354/304/318 356/307/321
f 350/310/324 84/313/327 359/312/326 358/311/325
f 359/312/326 88/349/375 140/348/374 358/311/325
f 140/348/374 87/347/373 357/308/322 358/311/325
f 352/314/328 81/301/315 355/300/314 360/402/329
f 355/300/314 85/42/42 141/401/41 360/402/329
f 141/41/41 88/349/375 359/312/326 360/315/329
f 205/317/331 89/342/356 362/341/355 361/399/332
f 362/341/355 5/14/14 207/398/114 361/399/332
f 207/113/114 25/112/113 363/316/330 361/318/332
f 159/319/333 26/322/336 365/321/335 364/320/334
f 365/321/335 91/78/78 168/75/75 364/320/334
f 168/75/75 90/74/74 363/316/330 364/320/334
f 163/323/337 27/326/340 367/325/339 366/324/338
f 367/325/339 92/82/82 173/79/79 366/324/338
f 173/79/79 91/78/78 365/321/335 366/324/338
f 166/327/341 28/351/377 369/394/665 368/328/342
f 369/394/665 93/352/387 177/83/83 368/328/342
f 177/83/83 92/82/82 367/325/339 368/328/342
f 195/331/345 93/352/387 369/394/665 370/396/346
f 369/394/665 28/351/377 197/395/103 370/396/346
f 197/103/103 8/102/102 371/329/343 370/332/346
f 109/335/349 94/330/344 371/329/343 372/336/350
f 371/329/343 8/102/102 120/23/23 372/336/350
f 120/23/23 7/22/22 373/333/347 372/336/350
f 105/339/353 95/334/348 373/333/347 374/340/354
f 373/333/347 7/22/22 116/19/19 374/340/354
f 116/19/19 6/18/18 375/337/351 374/340/354
f 100/343/357 96/338/352 375/337/351 376/344/358
f 375/337/351 6/18/18 111/15/15 376/344/358
f 111/15/15 5/14/14 362/341/355 376/344/358
s 55
f 202/385/666 74/380/667 377/106/668 378/105/669
s off
f 74/380/670 199/379/671 379/107/672 377/106/673
f 199/379/674 73/378/675 381/358/676 379/107/677
s 56
f 73/378/678 200/504/679 382/503/680 381/358/681
f 200/382/679 75/381/682 383/360/683 382/359/680
s off
f 75/381/684 201/384/685 384/361/686 383/360/687
f 201/384/688 76/383/689 385/362/690 384/361/691
s 55
f 76/383/692 202/385/666 378/105/669 385/362/693
s 57
f 212/393/694 77/388/695 387/116/696 386/501/697
s off
f 77/388/698 209/387/699 388/117/700 387/116/701
f 209/387/702 78/386/703 390/363/704 388/117/705
s 58
f 78/386/706 210/390/707 391/364/708 390/363/709
f 210/390/707 79/389/710 392/365/711 391/364/708
s off
f 79/389/712 211/392/713 393/366/714 392/365/715
f 211/392/716 80/391/717 394/367/718 393/366/719
s 57
f 80/391/720 212/502/694 386/115/697 394/367/721
