# This file uses centimeters as units for non-parametric coordinates.

mtllib my_animation.0047.mtl
g default
v -19.334021 60.759861 -1.063616
v -5.669333 60.698051 0.219373
v 6.644894 60.915092 -1.045275
v 20.534916 60.796352 -4.660583
v -17.677509 81.560127 5.641107
v -5.807142 74.146881 11.789692
v 12.340394 73.655128 10.324747
v 23.596823 80.351959 2.339121
v -11.487589 104.054512 22.253820
v -3.788107 95.382751 27.229172
v 11.417140 94.969215 27.290703
v 20.690178 103.465446 22.574291
v -16.596956 109.420822 29.273254
v -1.419950 114.598824 33.580952
v 10.030470 114.284554 33.624031
v 25.963915 109.115707 28.758259
v -18.678371 114.474770 19.946283
v -3.045574 122.515930 24.525324
v 12.166021 122.104904 24.594389
v 26.656944 114.716751 19.110003
v -12.200380 109.009865 15.818823
v -3.295028 110.956917 9.330577
v 11.910804 110.542953 9.384160
v 20.337145 108.769379 16.132401
v -18.181541 90.680779 -3.456257
v -5.278881 92.840431 -7.443038
v 9.844353 92.480949 -8.589456
v 23.091200 89.667938 -6.976903
v -16.954086 56.605324 -12.057781
v -4.266540 54.495071 -8.657148
v 5.250512 53.125629 -8.510520
v 17.711250 54.976208 -14.562383
v -16.479252 29.447205 9.015851
v -9.169680 30.155420 11.011521
v -12.804901 34.776985 20.951660
v -20.109243 33.793484 18.949064
v 16.065672 33.323490 14.790520
v 23.457359 32.902920 12.287887
v 26.901476 40.589630 20.898081
v 19.509954 40.967129 23.394135
v -10.879867 6.942562 -10.801843
v -4.241140 6.549035 -7.584301
v -9.184897 4.641839 1.505253
v -15.608401 4.840467 -2.061265
v 11.684732 6.406285 2.148023
v 18.605684 6.537118 -0.837676
v 22.875795 4.954179 8.986900
v 15.955980 4.867101 11.976233
v -10.662744 0.803934 -12.586269
v -2.979234 0.539005 -8.254235
v -9.217954 -0.725171 5.483836
v -19.351925 -0.531238 -0.521777
v 10.553797 0.543305 1.248588
v 18.840887 0.657110 -2.331136
v 26.163811 -0.538696 11.039866
v 15.335260 -0.645038 15.718812
v -25.804443 5.915201 12.792717
v -17.843237 5.767463 17.578037
v -26.148941 2.410018 13.261312
v -18.186594 2.262579 18.044744
v 22.258640 5.813472 28.741642
v 30.773846 5.955335 25.030001
v 22.515392 2.318750 29.248959
v 31.039717 2.470343 25.558647
v 27.120955 87.662720 8.207832
v 27.183054 84.486511 18.904507
v 36.905800 91.821861 9.365154
v 36.951649 88.689262 20.074474
v -19.517742 86.281860 11.535769
v -16.094599 83.952034 21.898745
v -25.481615 87.286400 25.751270
v -28.942074 89.524506 15.387413
v 39.335846 62.771954 3.548787
v 39.229191 60.368660 13.020420
v 42.717556 64.379875 3.994808
v 42.611008 61.976589 13.466564
v -29.765537 60.261665 11.346718
v -26.671988 58.438072 20.435492
v -29.933870 59.741413 21.807245
v -33.027420 61.565006 12.718472
v -3.518542 121.321007 42.196953
v 12.173900 120.713615 42.523781
v 15.821175 130.296982 29.361456
v -5.842103 131.122864 28.854679
v -2.905314 137.443436 55.004196
v 11.936732 136.820251 55.461758
v 12.519803 150.389679 43.753361
v -1.628851 150.983749 43.317173
v -18.212240 67.173042 -0.569960
v -18.484112 67.714745 -12.638849
v -5.911681 67.830513 -15.932684
v 5.420714 66.688980 -17.527498
v 18.594099 65.354012 -17.120586
v 20.431122 64.988777 -5.045907
v 9.057668 64.538689 1.190395
v -5.719231 65.584000 3.143477
v -13.417207 64.109505 0.825340
v -13.935083 61.475288 1.313738
v -6.158992 63.026829 1.518150
v -12.958420 66.714119 2.162100
v -18.936531 63.902737 -1.843761
v 1.089710 62.159042 0.891394
v 0.590550 60.292698 0.962111
v 8.099850 62.212803 -0.666045
v 1.810910 64.561287 2.435705
v 14.897674 63.096733 -2.728029
v 15.161766 61.538452 -1.966954
v 20.182911 62.707260 -5.948327
v 15.664927 64.919128 -1.381274
v -12.153896 87.882553 17.031570
v -13.232160 77.599579 9.121310
v -5.707412 84.697800 19.678312
v -10.331485 98.278221 24.545767
v -16.120811 91.230698 13.733366
v 3.671387 83.329338 18.772604
v 3.298067 73.294250 11.669475
v 13.122200 84.197189 19.059355
v 3.849022 95.982651 26.319426
v 19.381964 87.020180 15.940517
v 19.419386 76.713707 6.466366
v 23.454945 90.076736 12.410599
v 18.468103 97.564018 24.561243
v -9.000091 106.340042 30.566376
v -2.567006 106.845039 32.929695
v -10.319279 113.896744 33.721779
v -13.938905 105.370544 26.973492
v 4.080898 106.052048 32.578270
v 10.758409 106.486343 32.989582
v 4.316400 115.406898 36.270069
v 17.559809 105.788536 30.681427
v 23.630560 105.020554 27.041185
v 19.063166 113.185333 33.653702
v -10.875424 119.387489 30.063023
v -2.182636 120.423637 30.691875
v -12.424366 121.870003 23.513065
v -17.933331 112.455803 25.058599
v 4.700700 142.877945 57.058430
v 4.494899 136.870102 55.551571
v 13.400121 143.405655 52.704967
v 5.552421 152.437119 42.450195
v -4.578429 144.149185 52.164505
v 19.845369 118.667374 29.897020
v 26.770584 112.405067 24.256531
v 21.182636 121.310326 23.243128
v 11.143476 120.045326 30.748268
v -10.472170 117.761887 17.137133
v -3.103778 119.898369 17.937487
v -10.258661 110.533409 10.506272
v -16.107716 111.851952 15.777657
v 4.513753 119.693367 17.969801
v 4.670647 125.021255 25.213289
v 12.103921 119.490776 18.004189
v 4.300156 110.756935 9.362327
v 18.889742 117.233833 17.161177
v 23.595907 112.028572 15.680708
v 18.722490 109.866692 10.615199
v -11.363229 101.523666 2.309958
v -3.903966 101.646996 1.140506
v -12.872065 92.759491 -6.174617
v -16.129644 99.310249 4.904603
v 3.708623 101.429489 0.955295
v 11.243105 101.283508 0.722010
v 2.287057 92.359871 -8.380096
v 18.483507 100.743996 1.357556
v 23.356270 98.370186 3.421974
v 17.424416 91.924683 -8.649618
v -12.192756 62.155537 -15.261112
v -12.995616 67.747040 -15.411360
v -5.432130 62.761787 -15.432631
v -11.219370 56.707375 -13.668603
v -17.768303 61.951519 -13.172720
v -0.279405 62.412567 -15.645867
v -0.256475 67.772285 -16.551092
v 4.876490 61.275517 -16.675470
v -0.065426 57.285755 -13.425117
v 11.801299 60.022270 -17.784567
v 12.563067 65.778549 -18.515379
v 17.843233 59.841751 -16.833656
v 11.575139 54.479679 -15.029305
v -9.845311 -0.244195 -5.112349
v -5.626633 0.985653 -12.604195
v -4.713625 -0.231293 -2.248564
v -14.299515 -0.679158 2.500228
v -14.928616 0.063778 -8.105749
v 0.624349 59.397636 1.665526
v 9.048640 49.573780 3.788129
v -5.735454 48.633869 2.477882
v 17.251253 -0.263491 5.288972
v 13.781271 0.849327 -2.708878
v 22.640491 -0.058778 2.892954
v 20.758484 -0.637154 13.399501
v 11.814072 -0.196961 7.576015
v 20.373568 61.047050 -11.957968
v 20.364401 57.616024 -10.216013
v 21.004831 65.097710 -11.673736
v 25.136631 93.814453 7.073942
v 25.338331 85.197990 -2.739007
v 20.087072 104.983124 18.748278
v 38.588234 61.207584 8.324496
v 40.721096 63.660187 2.805811
v 42.723656 63.173870 8.869925
v 40.590733 60.721252 14.388529
v -19.772324 62.639290 -7.979574
v -19.415371 58.290062 -7.070526
v -20.004526 67.467880 -6.932581
v -17.971060 94.912498 8.573369
v -20.101818 86.438782 1.023035
v -11.245883 105.471733 18.049133
v -27.507599 59.057571 15.735963
v -27.610525 58.739471 22.131937
v -31.496485 60.651398 17.413450
v -31.393559 60.969501 11.017477
v -11.003717 42.014050 -2.974597
v -7.507979 42.857750 0.334513
v -12.305809 29.474422 9.102127
v -16.271666 41.582470 -1.661644
v -7.542304 46.316364 5.828050
v -11.078985 49.157867 10.778004
v -9.721574 32.614208 16.757051
v -15.801915 50.480198 10.963044
v -19.939493 48.038532 8.700362
v -17.025827 35.405563 22.000362
v -19.332138 44.731720 3.145145
v -19.480898 31.489573 14.066854
v 15.079377 42.357979 -1.250101
v 20.529259 42.822559 -0.724046
v 19.306412 32.446301 12.836757
v 11.570794 43.378841 2.223577
v 23.291943 47.350647 3.047546
v 23.838373 51.884792 7.850397
v 26.294157 36.866341 16.610996
v 19.410978 54.200874 9.994856
v 14.894260 52.488102 10.810879
v 23.675816 42.275055 23.764288
v 11.599529 48.129475 6.977344
v 16.620657 37.373390 19.826101
v -9.919457 23.397152 -0.738780
v -6.689145 22.289112 2.332500
v -6.682581 7.272008 -10.953319
v -14.550719 22.604233 -0.083438
v -7.005543 18.564781 7.517565
v -10.198842 15.315535 12.074633
v -5.361286 5.315967 -2.816705
v -14.595297 13.957408 12.317508
v -18.041420 15.507635 9.759195
v -13.976532 4.721578 2.278557
v -17.527199 18.907400 4.422804
v -14.093275 5.634045 -7.253767
v 16.377848 23.954420 5.257516
v 21.105370 23.670321 5.430328
v 14.399737 6.827378 -1.103027
v 13.363754 23.501993 8.749899
v 24.635386 21.296522 10.415538
v 25.937492 19.255093 16.452436
v 21.702345 5.565549 3.329775
v 22.689045 18.228931 19.651361
v 18.181335 19.203989 19.744978
v 20.572361 4.853734 13.109081
v 14.507388 21.152321 14.756686
v 12.659774 5.433824 7.234260
v -5.739983 4.065642 -12.412509
v -3.023602 3.543609 -8.157455
v -10.767926 3.844014 -12.368208
v -4.646549 2.594877 -2.243914
v -9.081332 2.081946 5.373610
v -22.923225 5.918233 17.017796
v -21.728846 6.803402 15.056032
v -27.978796 6.009105 13.980820
v -22.262001 1.378694 15.781242
v -17.867657 5.827362 20.054770
v -14.920537 2.925615 -7.966197
v -19.222858 2.280740 -0.611657
v 13.814773 3.864471 -2.546456
v 18.866280 3.622467 -2.189887
v 10.578925 3.501741 1.389115
v 22.626846 2.816684 2.938147
v 26.070206 2.272795 10.896197
v 27.360964 5.969548 28.841570
v 26.447130 6.833365 26.749464
v 21.951557 5.886965 31.191574
v 26.849588 1.432179 27.546583
v 32.767349 6.069581 26.485025
v 11.797976 2.666242 7.614888
v 15.241769 2.163926 15.574931
v -17.895691 5.521235 8.657492
v -22.370480 5.627517 5.972968
v -13.435269 5.445796 11.348990
v -23.175919 2.978652 5.902437
v -23.406147 0.196097 6.202398
v -18.339516 0.088021 9.227038
v -13.282442 0.000409 12.258566
v -13.055715 2.775868 11.969007
v 23.499582 5.577308 19.901066
v 18.730310 5.523161 22.002571
v 28.269188 5.640066 17.800686
v 18.256445 2.857736 22.569895
v 18.423531 0.076492 22.887014
v 23.841593 0.139772 20.556665
v 29.260286 0.211773 18.228388
v 29.075142 2.985964 17.869040
v 22.954311 95.813454 16.892481
v 23.993206 97.823227 12.730101
v 25.695103 85.390312 13.366983
v 24.411062 94.748108 21.348860
v 27.741625 99.604912 12.230364
v 32.217415 101.017670 13.788478
v 31.593996 89.987968 7.562456
v 32.967361 99.813568 18.267382
v 32.493221 97.983284 22.496843
v 37.653385 90.486465 14.781137
v 28.206621 95.910316 22.827871
v 31.670630 86.101433 20.642248
v -13.990406 95.567345 17.802658
v -13.921011 94.835793 22.521402
v -16.402529 84.564453 16.130102
v -16.569866 97.096756 14.063911
v -17.425182 95.845390 24.972031
v -21.979548 97.664337 25.876209
v -20.012058 85.283051 24.828577
v -23.849104 99.145882 21.936174
v -24.513277 99.905029 17.435173
v -27.900774 88.585312 20.836678
v -20.552811 98.584953 14.648956
v -24.214972 88.093849 12.156823
v 28.900436 76.517021 11.637094
v 30.481930 78.553642 6.833474
v 30.418119 76.014641 16.699194
v 34.269657 80.623642 6.280201
v 39.243057 82.684158 7.953460
v 39.618195 81.583267 13.021692
v 39.189678 80.164520 17.844294
v 34.205555 77.516045 18.358263
v -18.984669 75.379715 15.643178
v -18.914135 75.038803 20.938915
v -22.090658 76.959816 11.465892
v -22.196255 76.271614 23.591877
v -27.364601 78.391861 24.476423
v -29.303085 79.462234 19.945793
v -30.522400 80.280121 14.970458
v -26.064920 78.615723 11.989264
v 4.185933 113.423546 41.040302
v 10.711398 119.486382 35.509628
v 4.215478 119.086082 44.591984
v -1.819046 119.882294 35.410542
v 13.302713 121.653877 32.523132
v 10.917710 125.041428 28.260139
v 16.743372 125.403175 35.994537
v 4.813259 127.914780 26.075281
v -1.564384 125.428978 28.161625
v 5.015152 131.272552 28.466499
v -4.220743 122.210045 32.375401
v -7.436695 126.330444 35.490444
v 4.253100 128.865311 52.725952
v 15.155161 131.454483 51.945805
v -6.339496 132.356995 51.283150
v 17.199970 137.885178 45.022190
v 15.972972 142.884262 37.738842
v 5.433326 144.585022 35.619049
v -5.322061 143.778397 37.082340
v -7.408943 138.918457 44.263531
v -20.081285 78.361198 -3.618824
v -17.449656 76.598137 2.736710
v -18.810797 79.799171 -9.615657
v -13.607574 80.392036 -13.057653
v -6.262763 79.844627 -14.401272
v 0.667737 80.271889 -15.101941
v 7.430629 79.262535 -16.074026
v 14.877142 78.669746 -16.583828
v 20.757490 77.309868 -14.705753
v 23.188150 75.613983 -9.013762
v 22.133797 73.968956 -2.259203
v 17.947817 73.752327 2.466351
v 12.141404 73.185829 5.337348
v 3.040301 74.349800 6.585379
v -6.225530 74.174255 7.416377
v -12.429336 75.517014 6.067771
v 45.199593 48.002560 10.437033
v 46.732437 48.411747 11.927998
v 44.834362 49.069138 5.388201
v 46.849995 50.027512 5.654047
v 45.315136 50.608654 0.165954
v 46.873734 51.598686 -0.632277
v 49.121067 52.418282 0.667927
v 49.130184 51.111694 5.954786
v 49.005527 49.812183 10.939005
v -36.939091 48.198383 9.876835
v -35.119236 47.409058 10.210964
v -32.988983 46.230511 15.104449
v -34.887959 46.989277 15.903049
v -31.764618 45.431576 20.066740
v -32.836815 45.780174 21.929253
v -35.435699 46.898426 21.610582
v -37.132584 47.886162 16.847004
v -38.790306 48.875896 11.754799
vt 0.208431 0.494797
vt 0.208575 0.478116
vt 0.229443 0.475893
vt 0.229271 0.493426
vt 0.252729 0.492198
vt 0.256170 0.471571
vt 0.275357 0.475888
vt 0.275429 0.493819
vt 0.298111 0.492176
vt 0.294163 0.471736
vt 0.321331 0.475953
vt 0.321541 0.493432
vt 0.198757 0.641525
vt 0.200055 0.589825
vt 0.221664 0.590600
vt 0.219751 0.640956
vt 0.244967 0.639373
vt 0.247968 0.591507
vt 0.275466 0.591669
vt 0.275481 0.635804
vt 0.305994 0.639365
vt 0.302966 0.591494
vt 0.329276 0.590573
vt 0.331197 0.640955
vt 0.199789 0.728809
vt 0.197393 0.704590
vt 0.219517 0.692482
vt 0.227784 0.730211
vt 0.252859 0.733034
vt 0.249003 0.687406
vt 0.275511 0.688085
vt 0.275516 0.730408
vt 0.298175 0.733010
vt 0.302021 0.687396
vt 0.331536 0.692451
vt 0.323246 0.730162
vt 0.805511 0.686057
vt 0.204711 0.752714
vt 0.229559 0.760254
vt 0.782889 0.696424
vt 0.784986 0.875584
vt 0.254181 0.941082
vt 0.275435 0.940431
vt 0.742298 0.896742
vt 0.699334 0.736241
vt 0.297037 0.807427
vt 0.321459 0.760204
vt 0.696358 0.696343
vt 0.808954 0.641287
vt 0.805193 0.664541
vt 0.784300 0.671779
vt 0.785729 0.644267
vt 0.763331 0.647822
vt 0.762442 0.673765
vt 0.742276 0.741120
vt 0.739609 0.647377
vt 0.715889 0.647774
vt 0.716786 0.673709
vt 0.694936 0.671695
vt 0.693494 0.644181
vt 0.806875 0.557726
vt 0.810121 0.617205
vt 0.790367 0.607046
vt 0.787575 0.557696
vt 0.763367 0.556090
vt 0.764746 0.603486
vt 0.739627 0.603152
vt 0.739688 0.556093
vt 0.716014 0.556064
vt 0.714496 0.603455
vt 0.688836 0.606971
vt 0.691820 0.557642
vt 0.803405 0.420481
vt 0.802841 0.435733
vt 0.782960 0.432290
vt 0.783371 0.416064
vt 0.759505 0.410786
vt 0.759570 0.428509
vt 0.739756 0.426992
vt 0.739743 0.409699
vt 0.720007 0.410786
vt 0.719946 0.428500
vt 0.696571 0.432245
vt 0.696182 0.416016
vt 0.819305 0.093413
vt 0.797386 0.086157
vt 0.790779 0.072322
vt 0.822344 0.073237
vt 0.265809 0.416173
vt 0.762697 0.377789
vt 0.739788 0.389948
vt 0.275377 0.462947
vt 0.364323 0.097210
vt 0.342669 0.089884
vt 0.336664 0.075169
vt 0.367299 0.076188
vt 0.342559 0.494848
vt 0.342402 0.478170
vt 0.366070 0.480227
vt 0.366198 0.495669
vt 0.352247 0.641476
vt 0.350872 0.589816
vt 0.374237 0.588973
vt 0.374011 0.638442
vt 0.936729 0.462892
vt 0.940585 0.464321
vt 0.946953 0.476690
vt 0.936605 0.482861
vt 0.804780 0.405462
vt 0.824266 0.410023
vt 0.823186 0.423812
vt 0.805355 0.509178
vt 0.825584 0.509339
vt 0.825621 0.554997
vt 0.118742 0.522844
vt 0.058006 0.517789
vt 0.074507 0.510871
vt 0.084702 0.516921
vt 0.822269 0.350445
vt 0.784755 0.399833
vt 0.805305 0.347137
vt 0.793942 0.336256
vt 0.777469 0.322538
vt 0.236211 0.409364
vt 0.220899 0.415267
vt 0.203041 0.415110
vt 0.182178 0.419746
vt 0.685950 0.336155
vt 0.717407 0.377787
vt 0.694840 0.399772
vt 0.674409 0.347030
vt 0.657366 0.350391
vt 0.674734 0.405426
vt 0.637625 0.358046
vt 0.347747 0.415166
vt 0.329799 0.415381
vt 0.314324 0.409429
vt 0.706215 0.336018
vt 0.292514 0.404556
vt 0.870618 0.237836
vt 0.844433 0.293934
vt 0.832214 0.287148
vt 0.858351 0.228645
vt 0.844944 0.223065
vt 0.821107 0.280742
vt 0.243727 0.342391
vt 0.826584 0.212775
vt 0.214622 0.282882
vt 0.224361 0.346790
vt 0.210147 0.349538
vt 0.199596 0.284960
vt 0.184434 0.288656
vt 0.194986 0.352422
vt 0.864110 0.304875
vt 0.163133 0.290367
vt 0.634803 0.222910
vt 0.658751 0.280554
vt 0.647480 0.287052
vt 0.621343 0.228556
vt 0.609012 0.237734
vt 0.635143 0.293889
vt 0.375465 0.356065
vt 0.590820 0.249121
vt 0.366326 0.288752
vt 0.355651 0.352469
vt 0.340563 0.349608
vt 0.351134 0.285011
vt 0.336042 0.282967
vt 0.326383 0.346874
vt 0.678330 0.268182
vt 0.315081 0.275917
vt 0.789900 0.091626
vt 0.894734 0.181072
vt 0.223763 0.023658
vt 0.779683 0.072008
vt 0.205625 0.023651
vt 0.212375 0.030485
vt 0.208733 0.046428
vt 0.818124 0.043214
vt 0.919973 0.054113
vt 0.218394 0.124576
vt 0.231547 0.124829
vt 0.925982 0.076298
vt 0.853028 0.105343
vt 0.173602 0.224408
vt 0.245023 0.044913
vt 0.815784 0.102925
vt 0.335499 0.095534
vt 0.609223 0.166963
vt 0.147562 0.023794
vt 0.325939 0.074804
vt 0.129108 0.019171
vt 0.133886 0.026698
vt 0.125138 0.040618
vt 0.363323 0.044920
vt 0.461211 0.056389
vt 0.114656 0.083148
vt 0.128082 0.110700
vt 0.466974 0.079440
vt 0.396801 0.109583
vt 0.345740 0.218419
vt 0.158805 0.046562
vt 0.361009 0.107136
vt 0.212264 0.093809
vt 0.204982 0.218327
vt 0.226791 0.056935
vt 0.229179 0.093286
vt 0.246067 0.092223
vt 0.255137 0.092099
vt 0.884191 0.095549
vt 0.853655 0.095653
vt 0.854753 0.074189
vt 0.884265 0.075061
vt 0.885799 0.054616
vt 0.855335 0.052709
vt 0.203340 0.068369
vt 0.888472 0.044995
vt 0.116537 0.064410
vt 0.377147 0.224500
vt 0.136900 0.057215
vt 0.135301 0.068971
vt 0.159593 0.072808
vt 0.169578 0.075371
vt 0.426769 0.099419
vt 0.397393 0.099512
vt 0.398467 0.077209
vt 0.426850 0.078134
vt 0.428347 0.056895
vt 0.399054 0.054890
vt 0.111199 0.052142
vt 0.430928 0.046902
vt 0.398347 0.732496
vt 0.353774 0.704759
vt 0.655189 0.607952
vt 0.404645 0.715309
vt 0.625247 0.642548
vt 0.669008 0.617360
vt 0.670290 0.641156
vt 0.629866 0.657272
vt 0.633967 0.675274
vt 0.674058 0.664432
vt 0.345812 0.774768
vt 0.637449 0.692485
vt 0.387906 0.765553
vt 0.346295 0.752641
vt 0.351218 0.728717
vt 0.392980 0.747350
vt 0.854032 0.642643
vt 0.181252 0.694641
vt 0.859345 0.625630
vt 0.152631 0.732602
vt 0.157999 0.747449
vt 0.163074 0.765647
vt 0.167481 0.783084
vt 0.845329 0.675366
vt 0.849419 0.657366
vt 0.462802 0.754848
vt 0.433121 0.744888
vt 0.586158 0.633072
vt 0.469035 0.736153
vt 0.562716 0.661102
vt 0.591598 0.653084
vt 0.596668 0.669873
vt 0.567525 0.676181
vt 0.573571 0.695803
vt 0.602326 0.689166
vt 0.414557 0.801264
vt 0.575415 0.714705
vt 0.450039 0.789809
vt 0.420413 0.781867
vt 0.427222 0.762131
vt 0.457315 0.770152
vt 0.916571 0.661069
vt 0.887682 0.653104
vt 0.112049 0.724515
vt 0.922852 0.642462
vt 0.088177 0.754903
vt 0.117860 0.744959
vt 0.123753 0.762207
vt 0.093657 0.770210
vt 0.100926 0.789871
vt 0.130556 0.781946
vt 0.872833 0.708772
vt 0.104321 0.808576
vt 0.905760 0.695791
vt 0.876995 0.689207
vt 0.882631 0.669903
vt 0.911782 0.676158
vt 0.245118 0.820265
vt 0.256063 0.761423
vt 0.275458 0.816348
vt 0.275456 0.817082
vt 0.305796 0.819611
vt 0.322444 0.827635
vt 0.716707 0.746651
vt 0.742277 0.751635
vt 0.767846 0.746640
vt 0.232576 0.815700
vt 0.789238 0.746868
vt 0.242805 0.909093
vt 0.242913 0.847487
vt 0.275453 0.850080
vt 0.275444 0.899369
vt 0.308078 0.909112
vt 0.307992 0.847504
vt 0.685718 0.768892
vt 0.335635 0.923345
vt 0.710517 0.826756
vt 0.709025 0.772272
vt 0.742280 0.767854
vt 0.742288 0.823907
vt 0.774059 0.826743
vt 0.775535 0.772258
vt 0.216918 0.852154
vt 0.800161 0.835727
vt 0.803587 0.472219
vt 0.184266 0.511368
vt 0.823748 0.473030
vt 0.786007 0.508646
vt 0.783967 0.470951
vt 0.760849 0.468488
vt 0.762764 0.507838
vt 0.739729 0.507585
vt 0.739749 0.469813
vt 0.718652 0.468468
vt 0.716699 0.507812
vt 0.693463 0.508589
vt 0.695538 0.470900
vt 0.347089 0.550471
vt 0.343449 0.511536
vt 0.656251 0.437958
vt 0.370672 0.549455
vt 0.305626 0.550928
vt 0.300328 0.509969
vt 0.323635 0.511057
vt 0.326613 0.553291
vt 0.245263 0.550946
vt 0.250519 0.509979
vt 0.275426 0.509223
vt 0.275447 0.553833
vt 0.203857 0.550446
vt 0.207534 0.511493
vt 0.227207 0.511082
vt 0.224277 0.553331
vt 0.296688 0.941095
vt 0.317831 0.963343
vt 0.722395 0.859395
vt 0.742293 0.859091
vt 0.762190 0.859387
vt 0.672412 0.557619
vt 0.673996 0.509116
vt 0.676597 0.435714
vt 0.676064 0.420456
vt 0.798456 0.058765
vt 0.820876 0.052919
vt 0.343747 0.061021
vt 0.365907 0.055032
vt 0.963235 0.483911
vt 0.902883 0.489040
vt 0.909072 0.482168
vt 0.925033 0.475729
vt 0.931354 0.463643
vt 0.080884 0.498420
vt 0.084741 0.496992
vt 0.090126 0.497750
vt 0.096539 0.509638
vt 0.112499 0.516024
vt 0.245369 0.109349
vt 0.249130 0.116712
vt 0.914174 0.091435
vt 0.914507 0.075957
vt 0.915392 0.060496
vt 0.143488 0.116794
vt 0.145270 0.126440
vt 0.455609 0.095160
vt 0.455938 0.079081
vt 0.456800 0.063019
vt 0.982240 0.434188
vt 0.963585 0.427947
vt 0.946509 0.423110
vt 0.890921 0.433118
vt 0.882130 0.436526
vt 0.926679 0.423006
vt 0.909612 0.427375
vt 0.937930 0.422313
vt 0.075163 0.457134
vt 0.058225 0.461798
vt 0.039557 0.467684
vt 0.094859 0.456979
vt 0.083682 0.456346
vt 0.130564 0.466891
vt 0.111877 0.461251
vt 0.033116 0.470128
vt 0.675805 0.472192
vt 0.653419 0.509254
vt 0.655248 0.472962
vt 0.367019 0.511392
vt 0.176921 0.588998
vt 0.180547 0.549455
vt 0.822760 0.437993
vt 0.233028 0.963316
vt 0.215241 0.923308
vt 0.798841 0.768868
vt 0.699605 0.875602
vt 0.684417 0.835751
vt 0.333987 0.852188
vt 0.228471 0.827609
vt 0.254212 0.785439
vt 0.759269 0.697501
vt 0.785216 0.736222
vt 0.695315 0.746888
vt 0.719972 0.697428
vt 0.296799 0.785396
vt 0.318344 0.815723
vt 0.903939 0.714697
vt 0.136407 0.801345
vt 0.081951 0.736203
vt 0.893090 0.633076
vt 0.446638 0.808511
vt 0.606509 0.708725
vt 0.556410 0.642507
vt 0.438944 0.724452
vt 0.841861 0.692578
vt 0.205190 0.774839
vt 0.146366 0.715395
vt 0.823906 0.608060
vt 0.383498 0.782992
vt 0.673752 0.685953
vt 0.619881 0.625562
vt 0.369876 0.694574
vt 0.624476 0.158216
vt 0.327082 0.211968
vt 0.653476 0.212425
vt 0.306569 0.342322
vt 0.153133 0.050558
vt 0.361352 0.222428
vt 0.125968 0.045756
vt 0.396618 0.225899
vt 0.569871 0.190223
vt 0.388031 0.290471
vt 0.615162 0.304972
vt 0.596954 0.173816
vt 0.584932 0.180968
vt 0.909456 0.190131
vt 0.154402 0.225852
vt 0.888489 0.249012
vt 0.175675 0.355943
vt 0.241882 0.047343
vt 0.189385 0.222364
vt 0.213528 0.046751
vt 0.223402 0.212053
vt 0.855547 0.158550
vt 0.235225 0.276013
vt 0.801766 0.268578
vt 0.882733 0.173912
vt 0.870470 0.167071
vt 0.702590 0.322102
vt 0.284431 0.416033
vt 0.369025 0.419829
vt 0.654789 0.409992
vt 0.841623 0.358035
vt 0.185243 0.480200
vt 0.257695 0.404697
vt 0.773758 0.336466
vt 0.177136 0.638471
vt 0.185108 0.495641
vt 0.653403 0.554919
vt 0.655840 0.423782
vt 0.740026 0.329135
vt 0.739609 0.679991
vt 0.717946 0.727940
vt 0.321543 0.784229
vt 0.275425 0.981496
vt 0.229466 0.784279
vt 0.766602 0.727930
vt 0.275513 0.766895
vt 0.294962 0.761394
vt 0.158494 0.031032
vt 0.235614 0.029385
vt 0.253884 0.807420
vt 0.968218 0.693073
vt 0.970279 0.686813
vt 0.964692 0.720144
vt 0.041234 0.817480
vt 0.965692 0.701614
vt 0.035620 0.790589
vt 0.038855 0.799577
vt 0.026837 0.766821
vt 0.976742 0.669618
vt 0.033170 0.783659
vt 0.515345 0.790561
vt 0.512107 0.799546
vt 0.509721 0.817448
vt 0.514670 0.720260
vt 0.513647 0.701731
vt 0.511110 0.693195
vt 0.509040 0.686939
vt 0.502555 0.669755
vt 0.524137 0.766797
vt 0.517798 0.783632
vt 0.052820 0.522857
vt 0.139366 0.470253
vt 0.968347 0.489050
vt 0.988625 0.436785
vt 0.108883 0.091107
vt 0.106409 0.062482
vt 0.399209 0.044805
vt 0.459518 0.102060
vt 0.428604 0.109556
vt 0.167704 0.057128
vt 0.215342 0.132259
vt 0.203222 0.094543
vt 0.855471 0.043005
vt 0.918242 0.098075
vt 0.886101 0.105305
vt 0.255511 0.067846
vt 0.169019 0.047690
vt 0.166893 0.025823
vt 0.125973 0.120002
vt 0.337008 0.054912
vt 0.115292 0.038211
vt 0.149847 0.015689
vt 0.254586 0.043904
vt 0.241676 0.021944
vt 0.231922 0.132778
vt 0.791425 0.052872
vt 0.199112 0.046316
vt 0.223332 0.014444
vn -0.423232 0.257784 0.868575
vn -0.423232 0.257784 0.868575
vn -0.232954 0.064381 0.970354
vn -0.197794 0.030121 0.979781
vn -0.007673 -0.202101 0.979335
vn 0.196434 0.340876 0.919357
vn 0.066855 0.228062 0.971349
vn -0.034691 -0.280704 0.959167
vn 0.208937 -0.026658 0.977566
vn -0.067804 0.559774 0.825866
vn 0.351529 0.320264 0.879692
vn 0.353612 0.323809 0.877557
vn -0.892556 -0.087417 0.442382
vn -0.865575 -0.254717 0.431160
vn -0.611579 -0.514546 0.601011
vn -0.651394 -0.378563 0.657553
vn -0.244449 -0.541953 0.804072
vn -0.242654 -0.721239 0.648794
vn 0.011985 -0.781004 0.624411
vn 0.015281 -0.579713 0.814677
vn 0.284231 -0.579241 0.763998
vn 0.288775 -0.747046 0.598774
vn 0.649699 -0.574767 0.497528
vn 0.670851 -0.454281 0.586164
vn -0.031523 -0.459042 0.887855
vn -0.460891 -0.327348 0.824877
vn -0.637884 -0.351887 0.685040
vn -0.357622 -0.420315 0.833932
vn -0.139734 -0.369792 0.918547
vn -0.177286 -0.503676 0.845506
vn -0.007723 -0.525979 0.850462
vn -0.014755 -0.402759 0.915187
vn 0.118967 -0.375993 0.918954
vn 0.166412 -0.527268 0.833244
vn 0.617021 -0.428460 0.660081
vn 0.345257 -0.432446 0.832939
vn -0.836336 0.383420 0.391830
vn -0.645900 0.042954 0.762213
vn -0.367663 0.127816 0.921133
vn -0.436285 0.675794 0.594103
vn -0.620788 0.589550 0.516772
vn -0.538356 -0.105878 0.836040
vn -0.038902 -0.213713 0.976121
vn -0.001813 0.594699 0.803946
vn 0.508022 0.604264 0.613823
vn 0.137099 -0.002553 0.990554
vn 0.374153 0.121721 0.919344
vn 0.461693 0.668496 0.583055
vn -0.468941 0.356399 -0.808130
vn -0.815160 0.538462 -0.213480
vn -0.479142 0.876996 -0.036073
vn -0.270842 0.708778 -0.651367
vn -0.070854 0.781123 -0.620344
vn -0.194401 0.946780 -0.256545
vn 0.025942 0.866700 -0.498155
vn 0.023188 0.768427 -0.639517
vn 0.102425 0.774835 -0.623811
vn 0.236275 0.940029 -0.246009
vn 0.481064 0.875903 -0.037042
vn 0.247945 0.703532 -0.666007
vn -0.851475 0.483066 -0.204053
vn -0.636885 0.357446 -0.683089
vn -0.397717 0.642727 -0.654769
vn -0.381076 0.679985 -0.626419
vn -0.066752 0.688203 -0.722441
vn -0.058283 0.678067 -0.732685
vn 0.014858 0.681961 -0.731238
vn -0.005656 0.694220 -0.719741
vn 0.054308 0.706897 -0.705228
vn 0.082974 0.683808 -0.724929
vn 0.429358 0.635951 -0.641263
vn 0.363881 0.687379 -0.628570
vn -0.683345 -0.032327 -0.729379
vn -0.759943 0.077170 -0.645393
vn -0.277413 0.098811 -0.955656
vn -0.212585 -0.047257 -0.975999
vn -0.062421 -0.098583 -0.993169
vn -0.100322 0.072482 -0.992312
vn -0.127088 0.059775 -0.990089
vn -0.152086 -0.142468 -0.978045
vn -0.182589 -0.130614 -0.974475
vn -0.130770 0.059299 -0.989638
vn 0.049336 0.057542 -0.997123
vn -0.006521 -0.118318 -0.992954
vn 0.009019 -0.995217 -0.097269
vn 0.029400 -0.989434 -0.141972
vn 0.043475 -0.990333 -0.131723
vn 0.023908 -0.995794 -0.088449
vn 0.929263 -0.242097 0.279032
vn 0.707386 -0.661435 -0.249218
vn -0.138137 -0.862838 -0.486239
vn -0.067961 -0.669565 0.739638
vn -0.034480 -0.997057 -0.068478
vn -0.052577 -0.992427 -0.111017
vn -0.037799 -0.992318 -0.117801
vn -0.021272 -0.996793 -0.077142
vn 0.998411 0.052580 -0.020269
vn 0.998411 0.052580 -0.020269
vn 0.998411 0.052580 -0.020269
vn 0.998411 0.052580 -0.020269
vn 0.916782 -0.194798 0.348662
vn 0.901974 -0.337280 0.269600
vn 0.993924 -0.014879 -0.109055
vn 0.993159 0.095398 0.067339
vn 0.442359 -0.870466 -0.215888
vn 0.442356 -0.870467 -0.215888
vn 0.442356 -0.870467 -0.215888
vn 0.442358 -0.870466 -0.215888
vn -0.915077 -0.185311 -0.358183
vn -0.915076 -0.185311 -0.358183
vn -0.915077 -0.185311 -0.358183
vn -0.915077 -0.185311 -0.358183
vn -0.783514 0.429425 -0.449111
vn -0.995302 0.068175 0.068746
vn -0.966718 0.172383 0.189050
vn -0.389324 -0.919632 -0.052002
vn -0.389323 -0.919632 -0.052003
vn -0.389323 -0.919632 -0.052003
vn -0.389324 -0.919632 -0.052002
vn -0.124418 -0.625547 -0.770202
vn -0.184513 -0.572535 -0.798849
vn 0.090897 -0.601599 -0.793609
vn 0.192851 -0.626172 -0.755459
vn 0.984639 -0.158902 0.072365
vn 0.987961 -0.134012 0.077291
vn 0.544583 0.447706 0.709216
vn -0.133923 0.643368 0.753752
vn -0.200820 0.612461 0.764567
vn -0.997276 -0.034535 -0.065181
vn -0.999138 -0.010655 -0.040131
vn -0.999138 -0.010655 -0.040131
vn -0.997617 -0.031110 -0.061591
vn -0.491628 -0.750313 -0.441963
vn -0.462369 -0.745619 -0.479862
vn -0.149547 -0.774942 -0.614085
vn -0.204581 -0.791179 -0.576353
vn 0.894099 -0.234397 -0.381634
vn 0.891726 -0.237322 -0.385360
vn 0.891726 -0.237322 -0.385360
vn 0.894386 -0.234041 -0.381181
vn 0.543799 0.734343 0.406231
vn 0.445831 0.802974 0.395559
vn 0.163529 0.841035 0.515673
vn 0.206600 0.807494 0.552512
vn -0.511752 0.548348 0.661381
vn -0.859498 -0.307601 0.408223
vn -0.818014 0.141797 0.557446
vn -0.567107 0.467393 -0.678184
vn -0.683479 0.480546 -0.549483
vn 0.159600 0.822708 -0.545600
vn 0.260045 0.654607 -0.709835
vn 0.919599 0.349976 -0.178476
vn 0.942109 0.332692 -0.041798
vn 0.852418 -0.131124 0.506152
vn 0.927398 -0.106355 0.358639
vn 0.536864 -0.411502 0.736508
vn 0.371935 -0.350145 0.859687
vn -0.181943 -0.428258 0.885151
vn -0.232852 -0.560474 0.794764
vn -0.920982 -0.294951 0.254552
vn -0.744683 -0.353470 0.566132
vn -0.984652 -0.004780 -0.174466
vn -0.938615 0.088776 -0.333348
vn -0.949324 0.251275 -0.188799
vn -0.960069 0.273401 -0.059328
vn -0.272548 0.643930 -0.714893
vn -0.345755 0.461975 -0.816721
vn 0.512292 0.315214 -0.798873
vn 0.633448 0.333597 -0.698181
vn 0.972379 0.006639 -0.233315
vn 0.924654 0.027855 -0.379789
vn 0.949758 -0.178616 0.257015
vn 0.806516 -0.145166 0.573113
vn 0.330477 -0.178362 0.926807
vn 0.350189 -0.312416 0.883042
vn -0.485187 -0.215042 0.847556
vn -0.251074 -0.150951 0.956125
vn -0.827718 -0.044037 0.559414
vn -0.911397 -0.040062 0.409573
vn -0.044630 0.426129 -0.903561
vn -0.044630 0.426129 -0.903561
vn 0.386859 0.480036 -0.787340
vn 0.432393 0.480020 -0.763294
vn 0.905377 0.305479 0.294915
vn 0.905377 0.305479 0.294915
vn 0.905377 0.305479 0.294915
vn 0.905377 0.305479 0.294915
vn 0.008750 0.982678 0.185116
vn 0.008750 0.982678 0.185116
vn -0.066789 0.987749 0.141037
vn -0.066768 0.987749 0.141049
vn -0.752777 0.595397 -0.280766
vn -0.752777 0.595397 -0.280766
vn -0.752777 0.595397 -0.280766
vn -0.752776 0.595397 -0.280766
vn -0.722297 0.415618 -0.552765
vn -0.722297 0.415618 -0.552765
vn -0.354336 0.467513 -0.809863
vn -0.356225 0.467493 -0.809046
vn 0.789585 0.325411 -0.520252
vn 0.789585 0.325411 -0.520252
vn 0.789585 0.325411 -0.520252
vn 0.789585 0.325411 -0.520252
vn 0.123700 0.986525 0.107082
vn 0.123700 0.986525 0.107082
vn 0.045508 0.988850 0.141789
vn 0.045057 0.988843 0.141986
vn -0.732278 0.525775 0.432815
vn -0.732278 0.525775 0.432815
vn -0.732278 0.525775 0.432815
vn -0.732278 0.525775 0.432815
vn 0.033612 0.996103 -0.081538
vn 0.033612 0.996103 -0.081538
vn 0.060207 0.996170 -0.063409
vn 0.060736 0.996161 -0.063047
vn -0.698885 0.444751 -0.560139
vn -0.698885 0.444751 -0.560139
vn -0.698885 0.444751 -0.560139
vn -0.698885 0.444751 -0.560139
vn -0.067122 -0.995273 0.070192
vn -0.033575 -0.999429 -0.003808
vn -0.024269 -0.999698 0.003788
vn -0.062478 -0.995390 0.072771
vn 0.855989 -0.018714 0.516655
vn 0.860467 -0.020343 0.509099
vn 0.860693 -0.020426 0.508715
vn 0.855989 -0.018714 0.516655
vn -0.069526 0.996177 -0.052902
vn -0.069526 0.996176 -0.052902
vn -0.040884 0.997027 -0.065310
vn -0.040731 0.997029 -0.065376
vn -0.876633 0.400701 0.266369
vn -0.876634 0.400701 0.266369
vn -0.876634 0.400701 0.266369
vn -0.876634 0.400701 0.266369
vn 0.043207 -0.995400 0.085507
vn 0.008196 -0.999797 0.018425
vn 0.017517 -0.999739 0.014681
vn 0.047553 -0.995284 0.084555
vn 0.917959 0.010099 -0.396546
vn 0.917980 0.010280 -0.396493
vn 0.917981 0.010290 -0.396490
vn 0.917959 0.010099 -0.396546
vn -0.717508 -0.391151 0.576354
vn 0.527981 -0.480516 0.700243
vn -0.944756 -0.268209 -0.188414
vn -0.962380 -0.259705 -0.079858
vn -0.695876 0.046683 -0.716643
vn 0.606028 0.391562 -0.692393
vn 0.298629 0.412695 -0.860525
vn 0.005982 0.372835 -0.927879
vn 0.700491 0.518002 -0.490904
vn 0.762484 0.581125 -0.284450
vn 0.859552 0.417591 0.294598
vn 0.911692 0.381513 0.152530
vn 0.707036 0.088557 0.701611
vn 0.717819 0.066914 0.693007
vn 0.218316 -0.499247 0.838505
vn -0.077396 -0.331516 0.940270
vn 0.416839 0.033386 -0.908367
vn 0.868835 -0.225437 -0.440800
vn 0.922634 -0.185845 -0.337947
vn 0.888730 -0.242477 0.389055
vn 0.386942 -0.198596 0.900464
vn -0.484233 0.079514 0.871319
vn -0.887007 0.306516 0.345350
vn -0.856212 0.397797 -0.329634
vn -0.316013 0.274367 -0.908217
vn -0.728648 -0.479560 0.488972
vn -0.707553 -0.374001 0.599576
vn -0.955823 -0.280683 -0.087294
vn -0.892546 -0.434860 -0.119407
vn -0.699121 -0.217654 -0.681070
vn -0.683020 -0.007826 -0.730358
vn -0.003524 0.296681 -0.954970
vn 0.041437 0.174470 -0.983790
vn 0.804153 0.266273 -0.531448
vn 0.660022 0.438363 -0.610089
vn 0.941741 0.325877 0.083239
vn 0.981581 0.183292 0.053873
vn 0.787452 0.014750 0.616199
vn 0.691496 0.066660 0.719298
vn -0.015351 -0.244820 0.969447
vn -0.002396 -0.260950 0.965349
vn 0.493972 -0.190227 -0.848414
vn 0.437320 -0.004826 -0.899293
vn 0.914896 -0.195720 -0.353070
vn 0.862021 -0.354475 -0.362309
vn 0.885632 -0.379254 0.267998
vn 0.885116 -0.251962 0.391260
vn 0.327851 -0.152243 0.932382
vn 0.307974 -0.204073 0.929250
vn -0.573054 -0.024738 0.819144
vn -0.436659 0.052487 0.898095
vn -0.911381 0.225331 0.344400
vn -0.938180 0.092182 0.333648
vn -0.947729 0.157054 -0.277748
vn -0.862684 0.306302 -0.402437
vn -0.312738 0.209258 -0.926502
vn -0.341418 0.112369 -0.933170
vn -0.586729 -0.742135 0.324014
vn -0.586729 -0.742135 0.324014
vn -0.586729 -0.742135 0.324014
vn -0.586729 -0.742135 0.324014
vn 0.915341 -0.401069 0.035982
vn 0.915341 -0.401069 0.035982
vn 0.972901 -0.225351 -0.051774
vn 0.611789 0.090824 -0.785789
vn 0.020763 0.660401 -0.750626
vn 0.026449 0.383541 -0.923145
vn -0.589173 0.123762 -0.798472
vn -0.476717 0.641957 0.600527
vn -0.986646 -0.152872 -0.056218
vn -0.769736 -0.349883 0.533937
vn -0.716813 -0.544505 0.435538
vn -0.044335 -0.735393 0.676189
vn -0.047521 -0.595162 0.802200
vn 0.710187 -0.396562 0.581699
vn 0.655496 -0.594178 0.466130
vn 0.970013 -0.241906 -0.023578
vn 0.989835 0.041588 0.136006
vn 0.726282 0.462201 -0.508808
vn 0.682582 0.271731 -0.678413
vn 0.041179 0.460689 -0.886606
vn 0.046895 0.573134 -0.818119
vn -0.649064 0.512698 -0.562011
vn -0.624411 0.321514 -0.711857
vn -0.983624 -0.165071 -0.072362
vn -0.991704 0.113290 0.060736
vn -0.778567 0.235922 -0.581528
vn -0.999915 -0.008683 -0.009726
vn -0.999836 0.004853 0.017443
vn -0.320062 0.582799 -0.746930
vn -0.312092 0.335517 -0.888835
vn -0.118082 0.327937 -0.937291
vn -0.095833 0.595400 -0.797693
vn -0.045765 0.600532 -0.798290
vn -0.090963 0.350562 -0.932112
vn -0.058982 0.340321 -0.938458
vn 0.005822 0.614622 -0.788800
vn 0.227460 0.592691 -0.772645
vn 0.134242 0.330566 -0.934187
vn 0.891752 -0.348346 0.288850
vn 0.872561 -0.320272 0.368868
vn 0.967559 -0.144723 -0.207086
vn 0.973395 -0.103512 -0.204420
vn 0.245337 -0.716910 0.652572
vn 0.217234 -0.492194 0.842944
vn 0.482073 -0.474096 0.736776
vn 0.557165 -0.578656 0.595587
vn -0.133323 -0.694787 0.706750
vn -0.057130 -0.439632 0.896359
vn 0.084346 -0.458021 0.884931
vn 0.044366 -0.751571 0.658159
vn -0.827923 -0.238451 0.507626
vn -0.817052 -0.163977 0.552755
vn -0.354204 -0.365689 0.860704
vn -0.448972 -0.513604 0.731187
vn -0.083974 -0.505551 0.858700
vn -0.312318 -0.380606 0.870400
vn -0.898015 -0.092024 0.430233
vn 0.266791 -0.255382 0.929302
vn 0.214675 -0.633439 0.743418
vn 0.074019 -0.574959 0.814828
vn 0.457905 0.510960 0.727491
vn 0.457905 0.510960 0.727491
vn 0.905077 -0.291992 0.309153
vn 0.373443 -0.602253 0.705572
vn -0.135990 0.001913 0.990708
vn -0.010541 -0.236142 0.971662
vn 0.495722 -0.116594 0.860619
vn 0.622164 0.541741 0.565180
vn 0.555996 0.829619 0.051001
vn 0.043194 0.998099 -0.043973
vn -0.466033 0.884375 0.026355
vn 0.856301 0.438440 -0.272981
vn 0.726928 0.387030 -0.567260
vn 0.035652 -0.526742 -0.849277
vn 0.083914 -0.432578 -0.897683
vn 0.031853 -0.415153 -0.909194
vn -0.291817 -0.277882 -0.915218
vn -0.291817 -0.277882 -0.915218
vn -0.249257 -0.602523 -0.758180
vn -0.709063 -0.700907 -0.077192
vn -0.019891 -0.616558 -0.787058
vn -0.273172 -0.555605 -0.785290
vn 0.587908 -0.012348 -0.808834
vn 0.513031 -0.133217 -0.847969
vn 0.115253 -0.435199 -0.892927
vn 0.115253 -0.435199 -0.892927
vn -0.264826 -0.551605 -0.790948
vn -0.236654 -0.545848 -0.803769
vn 0.057430 -0.990927 -0.121512
vn 0.036493 -0.996490 -0.075342
vn -0.014761 -0.999834 0.010689
vn -0.022884 -0.991942 -0.124612
vn -0.006452 -0.996621 -0.081881
vn 0.026574 -0.999593 0.010344
vn 0.886976 -0.213240 -0.409636
vn 0.886976 -0.213240 -0.409636
vn 0.886976 -0.213240 -0.409636
vn 0.886976 -0.213240 -0.409636
vn 0.953156 -0.140822 -0.267700
vn 0.970295 0.190911 0.148593
vn 0.442358 -0.870466 -0.215889
vn 0.442358 -0.870466 -0.215889
vn 0.442360 -0.870465 -0.215889
vn 0.442359 -0.870466 -0.215889
vn 0.442361 -0.870465 -0.215889
vn 0.442361 -0.870465 -0.215889
vn 0.442360 -0.870465 -0.215888
vn 0.442360 -0.870465 -0.215888
vn -0.997404 0.020931 0.068899
vn -0.997404 0.020931 0.068899
vn -0.997404 0.020931 0.068899
vn -0.997404 0.020931 0.068899
vn -0.990223 -0.026742 -0.136906
vn -0.933724 0.248784 0.257421
vn -0.389324 -0.919632 -0.052001
vn -0.389325 -0.919632 -0.052001
vn -0.389325 -0.919631 -0.052001
vn -0.389325 -0.919632 -0.052001
vn -0.389325 -0.919631 -0.052001
vn -0.389325 -0.919631 -0.052001
vn -0.389324 -0.919632 -0.052002
vn -0.389324 -0.919632 -0.052002
vn 0.468501 -0.562909 -0.680911
vn 0.522604 -0.573280 -0.631059
vn 0.581499 -0.581319 -0.569146
vn 0.268265 -0.667667 -0.694446
vn -0.062796 -0.674499 -0.735600
vn 0.844209 0.169012 0.508672
vn 0.844035 0.242184 0.478488
vn 0.844036 0.242184 0.478488
vn 0.993437 -0.071366 0.089391
vn 0.993437 -0.071366 0.089391
vn -0.503721 0.578021 0.641995
vn -0.604795 0.511423 0.610467
vn -0.679248 0.452039 0.578172
vn -0.273049 0.567636 0.776681
vn 0.231073 0.553200 0.800360
vn -0.888400 -0.283942 -0.360725
vn -0.888400 -0.283942 -0.360725
vn -0.881858 -0.295039 -0.367802
vn -0.881192 -0.296147 -0.368506
vn -0.874249 -0.307481 -0.375691
vn -0.874249 -0.307481 -0.375691
vn -0.994577 -0.055986 -0.087654
vn -0.994577 -0.055986 -0.087654
vn 0.118225 -0.732248 -0.670698
vn 0.097073 -0.764161 -0.637679
vn 0.074870 -0.795199 -0.601708
vn -0.225963 -0.818124 -0.528786
vn -0.527306 -0.753781 -0.392126
vn 0.981705 0.113769 -0.152680
vn 0.981705 0.113769 -0.152680
vn 0.982635 0.082012 -0.166442
vn 0.982550 0.087978 -0.163875
vn 0.982547 0.057466 -0.176914
vn 0.982547 0.057466 -0.176914
vn 0.896612 -0.231258 -0.377634
vn 0.896612 -0.231258 -0.377634
vn -0.206578 0.695378 0.688313
vn 0.250213 0.757351 0.603169
vn 0.618937 0.669549 0.410635
vn -0.938054 -0.266560 0.221359
vn -0.943588 -0.247238 0.220261
vn -0.960509 -0.176010 0.215505
vn -0.960509 -0.176010 0.215505
vn -0.846413 0.198144 0.494291
vn -0.846413 0.198144 0.494291
vn 0.929871 0.287412 -0.229642
vn 0.312308 0.553448 -0.772113
vn -0.513088 0.405436 -0.756546
vn 0.640565 -0.487834 0.593038
vn 0.954805 -0.099822 0.279971
vn -0.984275 -0.156641 -0.081654
vn -0.355391 -0.708139 0.610111
vn -0.892687 0.128252 -0.432043
vn 0.509514 0.234400 -0.827920
vn -0.368984 0.357977 -0.857731
vn -0.961110 0.177493 -0.211576
vn 0.979493 -0.201202 0.010587
vn 0.898467 0.023333 -0.438422
vn -0.648608 -0.274558 0.709877
vn 0.356628 -0.480100 0.801449
vn -0.939028 -0.053217 0.339699
vn 0.781360 0.422110 -0.459674
vn 0.781360 0.422110 -0.459674
vn 0.850062 0.046905 -0.524590
vn 0.850062 0.046905 -0.524590
vn 0.491391 0.064851 -0.868521
vn 0.472791 0.065274 -0.878754
vn -0.008834 0.066485 -0.997748
vn -0.008834 0.066485 -0.997748
vn 0.667920 0.536910 0.515374
vn 0.667920 0.536910 0.515374
vn 0.667920 0.536910 0.515374
vn 0.667920 0.536910 0.515374
vn 0.864563 -0.021853 0.502049
vn 0.864563 -0.021853 0.502049
vn 0.962827 -0.008446 0.269986
vn 0.962827 -0.008446 0.269986
vn 0.962827 -0.008446 0.269986
vn 0.962827 -0.008446 0.269986
vn -0.141718 0.985247 0.095935
vn -0.141718 0.985247 0.095935
vn -0.525975 -0.347556 0.776244
vn -0.525975 -0.347556 0.776244
vn -0.487314 -0.348519 0.800662
vn -0.487326 -0.348518 0.800655
vn -0.447679 -0.348753 0.823380
vn -0.447679 -0.348753 0.823380
vn -0.737560 0.323471 -0.592766
vn -0.737560 0.323471 -0.592766
vn -0.737560 0.323471 -0.592766
vn -0.737560 0.323471 -0.592766
vn -0.728241 0.029505 -0.684686
vn -0.728241 0.029505 -0.684686
vn -0.728241 0.029505 -0.684686
vn -0.728241 0.029505 -0.684686
vn -0.864126 0.025288 -0.502640
vn -0.859566 0.022115 -0.510546
vn -0.859812 0.022284 -0.510125
vn -0.864126 0.025288 -0.502640
vn 0.084957 0.424153 -0.901597
vn 0.084957 0.424153 -0.901597
vn 0.074472 0.049839 -0.995977
vn 0.074472 0.049839 -0.995977
vn -0.396684 0.050410 -0.916570
vn -0.395756 0.050422 -0.916970
vn -0.774734 0.039607 -0.631046
vn -0.774734 0.039607 -0.631046
vn 0.805456 0.547601 -0.226660
vn 0.805455 0.547601 -0.226660
vn 0.805455 0.547601 -0.226660
vn 0.805456 0.547601 -0.226660
vn 0.918000 0.010447 -0.396444
vn 0.918000 0.010447 -0.396444
vn 0.808651 0.017144 -0.588039
vn 0.808651 0.017144 -0.588039
vn 0.808651 0.017144 -0.588039
vn 0.808651 0.017144 -0.588039
vn -0.033537 0.983877 0.175677
vn -0.033537 0.983877 0.175677
vn 0.335479 -0.347563 0.875587
vn 0.335479 -0.347563 0.875587
vn 0.378318 -0.346590 0.858342
vn 0.378625 -0.346580 0.858210
vn 0.420760 -0.344856 0.839068
vn 0.420760 -0.344856 0.839068
vn -0.924468 0.305474 0.228134
vn -0.924468 0.305474 0.228134
vn -0.924468 0.305474 0.228134
vn -0.924468 0.305474 0.228134
vn -0.981144 -0.004432 0.193225
vn -0.981144 -0.004432 0.193225
vn -0.981144 -0.004432 0.193225
vn -0.981144 -0.004432 0.193225
vn -0.917998 -0.010397 0.396449
vn -0.917977 -0.010248 0.396501
vn -0.917978 -0.010256 0.396498
vn -0.917998 -0.010397 0.396449
vn 0.087835 0.995142 -0.044460
vn 0.087835 0.995142 -0.044460
vn -0.017097 0.991732 -0.127181
vn -0.017097 0.991732 -0.127181
vn 0.066269 0.994741 -0.078096
vn 0.066390 0.994739 -0.078024
vn 0.149209 0.988405 -0.028160
vn 0.149209 0.988405 -0.028160
vn -0.854609 0.018724 -0.518934
vn -0.854609 0.018724 -0.518934
vn -0.902715 -0.201276 -0.380254
vn -0.902715 -0.201276 -0.380254
vn -0.902715 -0.201276 -0.380254
vn -0.902715 -0.201276 -0.380254
vn -0.665495 0.560597 -0.492795
vn -0.665495 0.560597 -0.492795
vn -0.665495 0.560597 -0.492795
vn -0.665496 0.560597 -0.492795
vn -0.057825 -0.995479 0.075352
vn -0.054628 -0.969241 0.239975
vn -0.054628 -0.969241 0.239975
vn -0.134196 -0.971949 0.193149
vn -0.133999 -0.971953 0.193268
vn -0.212583 -0.966370 0.144699
vn -0.212583 -0.966370 0.144699
vn 0.832664 0.402943 0.379880
vn 0.832664 0.402943 0.379880
vn 0.832664 0.402943 0.379880
vn 0.832664 0.402943 0.379880
vn 0.761662 0.535871 0.364299
vn 0.761662 0.535871 0.364299
vn 0.761662 0.535871 0.364299
vn 0.761662 0.535871 0.364299
vn 0.752747 -0.231964 0.616088
vn 0.752747 -0.231964 0.616088
vn 0.752747 -0.231964 0.616088
vn 0.752747 -0.231964 0.616088
vn -0.012340 0.996909 -0.077595
vn -0.012340 0.996909 -0.077595
vn -0.139630 0.989134 -0.046023
vn -0.139630 0.989134 -0.046023
vn -0.051847 0.994963 -0.085798
vn -0.051369 0.994969 -0.086012
vn 0.036462 0.991513 -0.124792
vn 0.036462 0.991513 -0.124792
vn -0.917955 -0.010086 0.396557
vn -0.917955 -0.010086 0.396557
vn -0.829482 -0.226220 0.510669
vn -0.829482 -0.226220 0.510669
vn -0.829483 -0.226220 0.510669
vn -0.829482 -0.226220 0.510669
vn -0.799453 0.542129 0.258788
vn -0.799453 0.542129 0.258788
vn -0.799453 0.542129 0.258788
vn -0.799453 0.542129 0.258788
vn 0.051881 -0.995147 0.083605
vn 0.190549 -0.965810 0.175789
vn 0.190549 -0.965810 0.175789
vn 0.105695 -0.971587 0.211772
vn 0.105539 -0.971590 0.211836
vn 0.019900 -0.969075 0.245963
vn 0.019900 -0.969075 0.245963
vn 0.785205 0.420088 -0.454950
vn 0.785205 0.420088 -0.454950
vn 0.785205 0.420088 -0.454950
vn 0.785205 0.420088 -0.454950
vn 0.725461 0.557691 -0.403344
vn 0.725461 0.557691 -0.403344
vn 0.725461 0.557691 -0.403344
vn 0.725462 0.557691 -0.403344
vn 0.944711 -0.205937 -0.255168
vn 0.944711 -0.205937 -0.255168
vn 0.944711 -0.205937 -0.255168
vn 0.944711 -0.205937 -0.255168
vn -0.708215 -0.271542 -0.651687
vn -0.862939 -0.488647 -0.128687
vn -0.728497 -0.519345 0.446737
vn 0.807460 0.270929 -0.524028
vn 0.019409 0.185620 -0.982430
vn 0.783491 0.008477 0.621346
vn 0.985103 0.164326 0.050691
vn -0.020962 -0.268379 0.963085
vn 0.877899 -0.421073 0.228016
vn 0.836699 -0.411224 -0.361704
vn 0.515452 -0.240286 -0.822540
vn -0.568408 -0.028810 0.822242
vn 0.326300 -0.208835 0.921909
vn -0.948325 0.163836 -0.271731
vn -0.940436 0.074205 0.331774
vn -0.321220 0.126540 -0.938512
vn 0.535102 -0.777035 0.331485
vn 0.535102 -0.777035 0.331485
vn 0.535102 -0.777035 0.331485
vn 0.535102 -0.777035 0.331485
vn 0.658347 -0.729175 0.186771
vn -0.029969 -0.881038 0.472096
vn -0.713345 -0.679366 0.172051
vn 0.757634 -0.584326 -0.290781
vn -0.939655 -0.340495 0.033341
vn -0.939655 -0.340495 0.033341
vn -0.791999 -0.529488 -0.303941
vn 0.646495 0.177997 -0.741863
vn -0.030250 -0.208575 0.977539
vn -0.576750 -0.425630 0.697280
vn -0.576750 -0.425630 0.697279
vn -0.029485 -0.208213 0.977639
vn -0.894493 -0.447055 0.004943
vn -0.894493 -0.447055 0.004943
vn -0.894493 -0.447055 0.004943
vn -0.894493 -0.447055 0.004943
vn -0.892040 -0.388866 -0.230324
vn -0.892040 -0.388866 -0.230324
vn -0.892040 -0.388866 -0.230324
vn -0.892040 -0.388866 -0.230324
vn -0.470255 0.012959 -0.882436
vn -0.003424 0.273921 -0.961746
vn -0.003392 0.273937 -0.961742
vn -0.470255 0.012959 -0.882436
vn 0.342898 0.416350 -0.842065
vn 0.342898 0.416350 -0.842065
vn 0.888616 0.445553 0.108834
vn 0.888616 0.445553 0.108834
vn 0.888616 0.445553 0.108834
vn 0.888616 0.445553 0.108834
vn 0.888231 0.438704 0.136328
vn 0.888231 0.438704 0.136328
vn 0.888231 0.438704 0.136328
vn 0.888231 0.438704 0.136328
vn 0.397864 0.016842 0.917290
vn 0.397864 0.016842 0.917290
vn -0.303785 0.216226 -0.927880
vn 0.191359 0.005800 -0.981503
vn 0.191359 0.005800 -0.981503
vn -0.303817 0.216238 -0.927867
vn 0.824118 -0.315340 -0.470522
vn 0.824118 -0.315340 -0.470522
vn 0.824118 -0.315340 -0.470522
vn 0.824118 -0.315340 -0.470522
vn 0.900614 -0.359157 -0.244745
vn 0.900614 -0.359157 -0.244745
vn 0.900614 -0.359157 -0.244745
vn 0.900614 -0.359157 -0.244745
vn 0.795785 -0.327459 0.509408
vn 0.333321 -0.147165 0.931257
vn 0.332587 -0.146873 0.931565
vn 0.795785 -0.327459 0.509408
vn -0.115661 0.032725 0.992750
vn -0.115661 0.032725 0.992750
vn -0.852989 0.359726 0.378162
vn -0.852989 0.359726 0.378162
vn -0.852989 0.359726 0.378162
vn -0.852989 0.359726 0.378162
vn -0.862027 0.364886 0.351808
vn -0.862027 0.364886 0.351808
vn -0.862027 0.364886 0.351808
vn -0.862027 0.364886 0.351808
vn -0.614085 0.331934 -0.716044
vn -0.614085 0.331934 -0.716044
s 1
g pCube1
usemtl pCube1SG
f 101/1/1 1/2/2 98/3/3 97/4/4
f 99/5/5 2/6/6 103/7/7 102/8/8
f 104/9/9 3/10/10 107/11/11 106/12/12
s 3
f 114/13/13 5/14/14 111/15/15 110/16/16
f 112/17/17 6/18/18 116/19/19 115/20/20
f 117/21/21 7/22/22 120/23/23 119/24/24
f 126/25/25 9/26/26 113/27/27 123/28/28
f 124/29/29 10/30/30 118/31/31 127/32/32
f 128/33/33 11/34/34 122/35/35 130/36/36
f 136/424/37 13/38/38 125/39/39 133/474/40
f 141/401/41 85/42/42 138/43/43 137/473/44
f 145/413/45 15/477/46 132/47/47 142/472/48
f 149/49/49 17/50/50 135/51/51 146/52/52
f 147/53/53 18/54/54 151/470/55 150/56/56
f 152/57/57 19/58/58 144/59/59 154/60/60
f 160/61/61 21/62/62 148/63/63 157/64/64
f 158/65/65 22/66/66 153/67/67 161/68/68
f 162/69/69 23/70/70 156/71/71 164/72/72
f 171/73/73 90/74/74 168/75/75 167/76/76
f 169/77/77 91/78/78 173/79/79 172/80/80
f 174/81/81 92/82/82 177/83/83 176/84/84
s 10
f 184/85/85 49/86/86 181/87/87 180/88/88
s 1
f 187/464/89 30/90/90 175/91/91 185/469/92
s 12
f 192/93/93 53/94/94 189/95/95 188/96/96
s off
f 108/97/97 4/98/98 194/99/99 193/100/100
s 3
f 121/101/101 8/102/102 197/103/103 196/104/104
s 13
f 378/105/105 377/106/106 379/107/107 380/108/108
s off
f 171/73/109 29/109/110 204/110/111 203/111/112
s 3
f 160/61/61 25/112/113 207/113/114 206/114/115
s 14
f 386/501/116 387/116/117 388/117/118 389/118/119
s 15
f 216/119/120 29/109/121 170/120/122 213/121/123
s 1
f 214/122/124 30/90/90 187/464/89 217/123/125
f 218/124/126 2/6/6 98/3/127 220/125/128
s 17
f 221/126/129 1/2/130 204/462/131 223/127/132
s 18
f 228/128/133 31/129/134 179/130/135 225/131/136
s 19
f 226/132/137 32/133/138 194/460/139 229/134/140
s 1
f 230/135/141 4/98/142 107/11/143 232/136/144
f 233/137/145 3/10/10 186/458/146 235/139/147
s 21
f 240/140/148 33/141/149 215/142/150 237/143/151
f 238/144/152 34/145/153 219/454/154 241/147/155
f 242/148/156 35/149/157 222/150/158 244/151/159
f 245/152/160 36/153/161 224/447/162 247/155/163
s 22
f 252/156/164 37/157/165 227/158/166 249/159/167
f 250/160/168 38/161/169 231/441/170 253/163/171
f 254/164/172 39/165/173 234/166/174 256/167/175
f 257/168/176 40/169/177 236/434/178 259/171/179
s 23
f 263/524/180 41/479/181 239/174/182 261/528/183
s off
f 262/176/184 42/177/185 243/178/186 264/527/187
s 24
f 270/511/188 58/181/189 267/182/190 266/525/191
s off
f 272/516/192 44/448/193 248/186/194 271/523/195
s 25
f 275/518/196 45/478/197 251/190/198 273/522/199
s off
f 274/192/200 46/193/201 255/194/202 276/521/203
s 26
f 282/505/204 62/197/205 279/198/206 278/519/207
s off
f 284/510/208 48/435/209 260/202/210 283/517/211
s 27
f 287/204/212 43/450/213 246/206/214 285/207/215
s off
f 286/208/216 44/448/217 272/516/218 288/209/219
s 10
f 289/210/220 52/211/221 183/212/222 290/213/223
s 28
f 291/214/224 51/215/225 265/513/226 292/217/227
s 29
f 295/218/228 47/437/229 258/220/230 293/221/231
s off
f 294/222/232 48/435/233 284/510/234 296/223/235
s 12
f 297/224/236 56/225/237 191/226/238 298/227/239
s 30
f 299/228/240 55/229/241 277/507/242 300/231/243
s 3
f 304/232/244 12/233/245 198/430/246 301/235/247
f 302/236/248 24/237/249 155/238/250 305/239/251
f 306/240/252 20/241/253 143/428/254 308/243/255
f 309/244/256 16/245/257 131/246/258 311/247/259
f 316/248/260 21/62/62 208/426/261 313/250/262
f 314/251/263 9/26/26 126/25/25 317/252/264
f 318/253/265 13/38/38 136/424/37 320/254/266
f 321/255/267 17/50/50 149/49/49 323/256/268
f 327/257/269 66/258/270 303/422/271 325/260/272
f 326/261/273 65/262/274 307/263/275 328/264/276
f 329/265/277 67/266/278 310/420/279 330/268/280
f 331/269/281 68/270/282 312/271/283 332/272/284
f 335/273/285 69/274/286 315/418/287 333/276/288
f 334/277/289 70/278/290 319/279/291 336/280/292
f 337/281/293 71/282/294 322/416/295 338/284/296
f 339/285/297 72/286/298 324/287/299 340/288/300
s off
f 344/289/301 14/480/302 129/291/303 341/292/304
s 3
f 342/293/305 15/46/306 145/414/45 345/294/307
f 346/295/308 19/471/58 151/55/309 348/296/310
f 349/297/311 18/475/54 134/410/312 351/299/313
f 355/300/314 81/301/315 343/302/316 353/303/317
f 354/304/318 82/305/319 347/406/320 356/307/321
f 357/308/322 83/309/323 350/310/324 358/311/325
f 359/312/326 84/313/327 352/403/328 360/315/329
f 363/316/330 90/74/74 205/400/331 361/318/332
f 363/316/330 25/112/113 159/319/333 364/320/334
f 365/321/335 26/322/336 163/323/337 366/324/338
f 367/325/339 27/326/340 166/327/341 368/328/342
f 371/329/343 94/330/344 195/397/345 370/332/346
f 373/333/347 95/334/348 109/335/349 372/336/350
f 375/337/351 96/338/352 105/339/353 374/340/354
f 362/341/355 89/342/356 100/343/357 376/344/358
s 1
f 98/3/3 2/6/6 99/5/5 97/4/4
s 3
f 99/5/359 96/338/352 100/343/357 97/4/360
f 100/343/357 89/342/356 101/1/361 97/4/360
s 1
f 103/7/7 3/10/10 104/9/9 102/8/362
s 3
f 104/9/363 95/334/348 105/339/353 102/8/364
f 105/339/353 96/338/352 99/5/359 102/8/364
s 1
f 107/11/11 4/98/365 108/97/366 106/12/12
s 3
f 108/97/367 94/330/344 109/335/349 106/12/368
f 109/335/349 95/334/348 104/9/363 106/12/368
f 111/15/15 6/18/18 112/17/17 110/16/16
f 112/17/17 10/30/30 113/27/27 110/16/16
f 113/27/27 9/26/26 114/13/13 110/16/16
f 116/19/19 7/22/22 117/21/21 115/20/20
f 117/21/21 11/34/34 118/31/31 115/20/20
f 118/31/31 10/30/30 112/17/17 115/20/20
f 120/23/23 8/102/102 121/101/101 119/24/24
f 121/101/101 12/233/245 122/35/35 119/24/24
f 122/35/35 11/34/34 117/21/21 119/24/24
f 113/27/27 10/30/30 124/29/29 123/28/28
f 124/29/29 14/290/369 125/39/39 123/28/28
f 125/39/39 13/38/38 126/25/25 123/28/28
f 118/31/31 11/34/34 128/33/33 127/32/32
f 128/33/33 15/477/46 129/476/370 127/32/32
f 129/476/370 14/290/369 124/29/29 127/32/32
f 122/35/35 12/233/245 131/246/258 130/36/36
f 131/246/258 16/245/257 132/47/47 130/36/36
f 132/47/47 15/477/46 128/33/33 130/36/36
f 125/39/39 14/290/369 134/408/312 133/474/40
f 134/409/312 18/54/54 135/51/51 133/40/40
f 135/51/51 17/50/50 136/37/37 133/40/40
f 138/43/43 86/345/371 139/346/372 137/473/44
f 139/404/372 87/347/373 140/348/374 137/44/44
f 140/348/374 88/349/375 141/41/41 137/44/44
f 132/47/47 16/245/257 143/242/254 142/472/48
f 143/428/254 20/241/253 144/59/59 142/48/48
f 144/59/59 19/58/58 145/412/45 142/48/48
f 135/51/51 18/54/54 147/53/53 146/52/52
f 147/53/53 22/66/66 148/63/63 146/52/52
f 148/63/63 21/62/62 149/49/49 146/52/52
f 151/470/55 19/58/58 152/57/57 150/56/56
f 152/57/57 23/70/70 153/67/67 150/56/56
f 153/67/67 22/66/66 147/53/53 150/56/56
f 144/59/59 20/241/253 155/238/250 154/60/60
f 155/238/250 24/237/249 156/71/71 154/60/60
f 156/71/71 23/70/70 152/57/57 154/60/60
f 148/63/63 22/66/66 158/65/65 157/64/64
f 158/65/65 26/322/336 159/319/333 157/64/64
f 159/319/333 25/112/113 160/61/61 157/64/64
f 153/67/67 23/70/70 162/69/69 161/68/68
f 162/69/69 27/326/340 163/323/337 161/68/68
f 163/323/337 26/322/336 158/65/65 161/68/68
f 156/71/71 24/237/249 165/350/376 164/72/72
f 165/350/376 28/351/377 166/327/341 164/72/72
f 166/327/341 27/326/340 162/69/69 164/72/72
f 168/75/75 91/78/78 169/77/77 167/76/76
s 1
f 169/77/378 30/90/90 170/120/379 167/76/380
f 170/120/379 29/109/381 171/73/382 167/76/380
s 3
f 173/79/79 92/82/82 174/81/81 172/80/80
s 1
f 174/81/383 31/129/384 175/91/91 172/80/385
f 175/91/91 30/90/90 169/77/378 172/80/386
s 3
f 177/83/83 93/352/387 178/353/388 176/84/84
s 1
f 178/353/389 32/133/390 179/130/391 176/84/392
f 179/130/391 31/129/384 174/81/383 176/84/392
s 10
f 181/87/87 50/354/393 182/355/394 180/88/88
f 182/355/394 51/215/395 183/212/222 180/88/88
f 183/212/222 52/211/221 184/85/85 180/88/88
s 1
f 175/91/91 31/129/384 186/138/146 185/469/92
f 186/458/146 3/10/10 103/7/7 185/92/92
f 103/7/7 2/6/6 187/89/89 185/92/92
s 12
f 189/95/95 54/356/396 190/357/397 188/96/96
f 190/357/397 55/229/398 191/226/238 188/96/96
f 191/226/238 56/225/237 192/93/93 188/96/96
s off
f 194/460/399 32/133/400 178/353/401 193/468/402
s 3
f 178/353/388 93/352/387 195/331/345 193/468/403
f 195/397/345 94/330/344 108/97/367 193/100/403
f 197/395/103 28/351/377 165/350/376 196/467/104
f 165/350/376 24/237/249 198/234/404 196/467/104
f 198/430/404 12/233/245 121/101/101 196/104/104
s 41
f 379/107/405 381/358/406 382/503/407 380/108/408
f 382/359/407 383/360/409 384/361/410 380/108/408
s 13
f 384/361/411 385/362/412 378/105/105 380/108/108
s off
f 204/462/413 1/2/414 101/1/415 203/466/416
s 3
f 101/1/361 89/342/356 205/317/331 203/466/417
f 205/400/331 90/74/74 171/73/73 203/111/417
f 207/398/114 5/14/14 114/13/13 206/465/115
f 114/13/13 9/26/26 208/249/418 206/465/115
f 208/426/418 21/62/62 160/61/61 206/114/115
s 42
f 388/117/419 390/363/420 391/364/421 389/118/422
f 391/364/421 392/365/423 393/366/424 389/118/422
s 14
f 393/366/425 394/367/426 386/115/116 389/118/119
s 15
f 170/120/122 30/90/427 214/122/428 213/121/123
f 214/122/428 34/145/429 215/142/430 213/121/123
f 215/142/430 33/141/431 216/119/120 213/121/123
s 1
f 187/89/89 2/6/6 218/124/126 217/463/432
f 218/124/126 35/149/433 219/146/434 217/463/432
f 219/454/435 34/145/436 214/122/124 217/123/125
f 98/3/127 1/2/437 221/126/438 220/125/128
f 221/126/438 36/153/439 222/150/440 220/125/128
f 222/150/440 35/149/441 218/124/126 220/125/128
s 43
f 204/110/442 29/109/443 216/119/444 223/461/445
f 216/119/444 33/141/446 224/154/447 223/461/445
s 17
f 224/447/448 36/153/449 221/126/129 223/127/132
s 18
f 179/130/135 32/133/450 226/132/451 225/131/136
f 226/132/451 38/161/452 227/158/453 225/131/136
f 227/158/453 37/157/454 228/128/133 225/131/136
s 44
f 194/99/455 4/98/456 230/135/457 229/459/458
f 230/135/457 39/165/459 231/162/460 229/459/458
s 19
f 231/441/461 38/161/462 226/132/137 229/134/140
s 1
f 107/11/143 3/10/10 233/137/145 232/136/144
f 233/137/145 40/169/463 234/166/464 232/136/144
f 234/166/464 39/165/465 230/135/141 232/136/144
f 186/138/146 31/129/384 228/128/466 235/457/467
f 228/128/466 37/157/468 236/170/469 235/457/467
f 236/434/470 40/169/471 233/137/145 235/139/147
s 21
f 215/142/150 34/145/153 238/144/152 237/143/151
f 238/144/152 42/456/472 239/455/473 237/143/151
f 239/455/473 41/173/474 240/140/148 237/143/151
f 219/146/154 35/149/157 242/148/156 241/453/155
f 242/148/156 43/205/475 243/451/476 241/453/155
f 243/452/476 42/456/472 238/144/152 241/147/155
f 222/150/158 36/153/161 245/152/160 244/151/159
f 245/152/160 44/185/477 246/449/478 244/151/159
f 246/449/478 43/205/475 242/148/156 244/151/159
f 224/154/162 33/141/149 240/140/148 247/446/163
f 240/140/148 41/173/474 248/444/479 247/446/163
f 248/445/479 44/185/477 245/152/160 247/155/163
s 22
f 227/158/166 38/161/169 250/160/168 249/159/167
f 250/160/168 46/443/480 251/442/481 249/159/167
f 251/442/481 45/189/482 252/156/164 249/159/167
f 231/162/170 39/165/173 254/164/172 253/440/171
f 254/164/172 47/219/483 255/438/484 253/440/171
f 255/439/484 46/443/480 250/160/168 253/163/171
f 234/166/174 40/169/177 257/168/176 256/167/175
f 257/168/176 48/201/485 258/436/486 256/167/175
f 258/436/486 47/219/483 254/164/172 256/167/175
f 236/170/178 37/157/165 252/156/164 259/433/179
f 252/156/164 45/189/482 260/431/487 259/433/179
f 260/432/487 48/201/485 257/168/176 259/171/179
s 23
f 239/174/182 42/177/488 262/176/489 261/528/183
s 45
f 262/526/490 50/354/491 181/87/492 261/175/493
f 181/87/492 49/86/494 263/172/495 261/175/493
s off
f 243/178/496 43/450/497 265/216/498 264/527/499
s 28
f 265/513/226 51/215/225 182/355/500 264/179/501
s off
f 182/355/502 50/354/503 262/526/504 264/179/505
s 24
f 267/182/190 57/368/506 268/369/507 266/525/191
s 46
f 268/514/508 59/370/509 269/371/510 266/183/511
f 269/371/510 60/372/512 270/180/513 266/183/511
s off
f 248/186/514 41/479/515 263/524/516 271/523/517
f 263/172/518 49/86/519 184/85/520 271/187/521
s 47
f 184/85/522 52/211/523 272/184/524 271/187/525
s 25
f 251/190/198 46/193/526 274/192/527 273/522/199
s 48
f 274/520/528 54/356/529 189/95/530 273/191/531
f 189/95/530 53/94/532 275/188/533 273/191/531
s off
f 255/194/534 47/437/535 277/230/536 276/521/537
s 30
f 277/507/242 55/229/241 190/357/538 276/195/539
s off
f 190/357/540 54/356/541 274/520/542 276/195/543
s 26
f 279/198/206 61/373/544 280/374/545 278/519/207
s 49
f 280/508/546 63/375/547 281/376/548 278/199/549
f 281/376/548 64/377/550 282/196/551 278/199/549
s off
f 260/202/552 45/478/553 275/518/554 283/517/555
f 275/188/556 53/94/557 192/93/558 283/203/559
s 50
f 192/93/560 56/225/561 284/200/562 283/203/563
s 27
f 246/206/214 44/448/564 286/208/565 285/207/215
s 51
f 286/208/566 57/368/567 267/182/568 285/207/569
f 267/182/568 58/181/570 287/204/571 285/207/569
s 47
f 272/184/524 52/211/523 289/210/572 288/515/573
s off
f 289/210/574 59/370/575 268/514/576 288/515/577
f 268/369/578 57/368/579 286/208/580 288/209/581
s 10
f 183/212/222 51/215/395 291/214/582 290/213/223
s 52
f 291/214/583 60/372/584 269/371/585 290/213/586
f 269/371/585 59/370/587 289/210/588 290/213/586
s off
f 265/216/589 43/450/590 287/204/591 292/512/592
f 287/204/593 58/181/594 270/511/595 292/512/596
f 270/180/597 60/372/598 291/214/599 292/217/600
s 29
f 258/220/230 48/435/601 294/222/602 293/221/231
s 53
f 294/222/603 61/373/604 279/198/605 293/221/606
f 279/198/605 62/197/607 295/218/608 293/221/606
s 50
f 284/200/562 56/225/561 297/224/609 296/509/610
s off
f 297/224/611 63/375/612 280/508/613 296/509/614
f 280/374/615 61/373/616 294/222/617 296/223/618
s 12
f 191/226/238 55/229/398 299/228/619 298/227/239
s 54
f 299/228/620 64/377/621 281/376/622 298/227/623
f 281/376/622 63/375/624 297/224/625 298/227/623
s off
f 277/230/626 47/437/627 295/218/628 300/506/629
f 295/218/630 62/197/631 282/505/632 300/506/633
f 282/196/634 64/377/635 299/228/636 300/231/637
s 3
f 198/234/246 24/237/249 302/236/248 301/429/247
f 302/236/248 65/262/274 303/259/271 301/429/247
f 303/422/271 66/258/270 304/232/244 301/235/247
f 155/238/250 20/241/253 306/240/252 305/239/251
f 306/240/252 67/266/278 307/263/275 305/239/251
f 307/263/275 65/262/274 302/236/248 305/239/251
f 143/242/254 16/245/257 309/244/256 308/427/255
f 309/244/256 68/270/282 310/267/279 308/427/255
f 310/420/279 67/266/278 306/240/252 308/243/255
f 131/246/258 12/233/245 304/232/244 311/247/259
f 304/232/244 66/258/270 312/271/283 311/247/259
f 312/271/283 68/270/282 309/244/256 311/247/259
f 208/249/261 9/26/26 314/251/263 313/425/262
f 314/251/263 70/278/290 315/275/287 313/425/262
f 315/418/287 69/274/286 316/248/260 313/250/262
f 126/25/25 13/38/38 318/253/265 317/252/264
f 318/253/265 71/282/294 319/279/291 317/252/264
f 319/279/291 70/278/290 314/251/263 317/252/264
f 136/37/37 17/50/50 321/255/267 320/423/266
f 321/255/267 72/286/298 322/283/295 320/423/266
f 322/416/295 71/282/294 318/253/265 320/254/266
f 149/49/49 21/62/62 316/248/260 323/256/268
f 316/248/260 69/274/286 324/287/299 323/256/268
f 324/287/299 72/286/298 321/255/267 323/256/268
f 303/259/271 65/262/274 326/261/273 325/421/272
f 326/261/273 73/497/638 199/498/639 325/421/272
f 199/499/639 74/500/640 327/257/269 325/260/272
f 307/263/275 67/266/278 329/265/277 328/264/276
f 329/265/277 75/495/641 200/496/642 328/264/276
f 200/496/642 73/497/638 326/261/273 328/264/276
f 310/267/279 68/270/282 331/269/281 330/419/280
f 331/269/281 76/492/643 201/493/644 330/419/280
f 201/494/644 75/495/641 329/265/277 330/268/280
f 312/271/283 66/258/270 327/257/269 332/272/284
f 327/257/269 74/500/640 202/491/645 332/272/284
f 202/491/645 76/492/643 331/269/281 332/272/284
f 315/275/287 70/278/290 334/277/289 333/417/288
f 334/277/289 78/490/646 209/488/647 333/417/288
f 209/489/647 77/482/648 335/273/285 333/276/288
f 319/279/291 71/282/294 337/281/293 336/280/292
f 337/281/293 79/487/649 210/486/650 336/280/292
f 210/486/650 78/490/646 334/277/289 336/280/292
f 322/283/295 72/286/298 339/285/297 338/415/296
f 339/285/297 80/485/651 211/483/652 338/415/296
f 211/484/652 79/487/649 337/281/293 338/284/296
f 324/287/299 69/274/286 335/273/285 340/288/300
f 335/273/285 77/482/648 212/481/653 340/288/300
f 212/481/653 80/485/651 339/285/297 340/288/300
s off
f 129/291/654 15/46/655 342/293/656 341/292/657
s 3
f 342/293/658 82/305/319 343/302/316 341/292/659
f 343/302/316 81/301/315 344/289/660 341/292/659
f 145/45/45 19/471/58 346/295/308 345/411/307
f 346/295/308 83/309/323 347/306/320 345/411/661
f 347/406/320 82/305/319 342/293/658 345/294/661
f 151/55/309 18/475/54 349/297/311 348/296/310
f 349/297/311 84/313/327 350/310/324 348/296/310
f 350/310/324 83/309/323 346/295/308 348/296/310
f 134/298/312 14/480/662 344/289/663 351/407/313
f 344/289/660 81/301/315 352/314/328 351/407/664
f 352/403/328 84/313/327 349/297/311 351/299/664
f 343/302/316 82/305/319 354/304/318 353/303/317
f 354/304/318 86/345/371 138/43/43 353/303/317
f 138/43/43 85/42/42 355/300/314 353/303/317
f 347/306/320 83/309/323 357/308/322 356/405/321
f 357/308/322 87/347/373 139/404/372 356/405/321
f 139/346/372 86/345/371 354/304/318 356/307/321
f 350/310/324 84/313/327 359/312/326 358/311/325
f 359/312/326 88/349/375 140/348/374 358/311/325
f 140/348/374 87/347/373 357/308/322 358/311/325
f 352/314/328 81/301/315 355/300/314 360/402/329
f 355/300/314 85/42/42 141/401/41 360/402/329
f 141/41/41 88/349/375 359/312/326 360/315/329
f 205/317/331 89/342/356 362/341/355 361/399/332
f 362/341/355 5/14/14 207/398/114 361/399/332
f 207/113/114 25/112/113 363/316/330 361/318/332
f 159/319/333 26/322/336 365/321/335 364/320/334
f 365/321/335 91/78/78 168/75/75 364/320/334
f 168/75/75 90/74/74 363/316/330 364/320/334
f 163/323/337 27/326/340 367/325/339 366/324/338
f 367/325/339 92/82/82 173/79/79 366/324/338
f 173/79/79 91/78/78 365/321/335 366/324/338
f 166/327/341 28/351/377 369/394/665 368/328/342
f 369/394/665 93/352/387 177/83/83 368/328/342
f 177/83/83 92/82/82 367/325/339 368/328/342
f 195/331/345 93/352/387 369/394/665 370/396/346
f 369/394/665 28/351/377 197/395/103 370/396/346
f 197/103/103 8/102/102 371/329/343 370/332/346
f 109/335/349 94/330/344 371/329/343 372/336/350
f 371/329/343 8/102/102 120/23/23 372/336/350
f 120/23/23 7/22/22 373/333/347 372/336/350
f 105/339/353 95/334/348 373/333/347 374/340/354
f 373/333/347 7/22/22 116/19/19 374/340/354
f 116/19/19 6/18/18 375/337/351 374/340/354
f 100/343/357 96/338/352 375/337/351 376/344/358
f 375/337/351 6/18/18 111/15/15 376/344/358
f 111/15/15 5/14/14 362/341/355 376/344/358
s 55
f 202/385/666 74/380/667 377/106/668 378/105/669
s off
f 74/380/670 199/379/671 379/107/672 377/106/673
f 199/379/674 73/378/675 381/358/676 379/107/677
s 56
f 73/378/678 200/504/679 382/503/680 381/358/681
f 200/382/679 75/381/682 383/360/683 382/359/680
s off
f 75/381/684 201/384/685 384/361/686 383/360/687
f 201/384/688 76/383/689 385/362/690 384/361/691
s 55
f 76/383/692 202/385/666 378/105/669 385/362/693
s 57
f 212/393/694 77/388/695 387/116/696 386/501/697
s off
f 77/388/698 209/387/699 388/117/700 387/116/701
f 209/387/702 78/386/703 390/363/704 388/117/705
s 58
f 78/386/706 210/390/707 391/364/708 390/363/709
f 210/390/707 79/389/710 392/365/711 391/364/708
s off
f 79/389/712 211/392/713 393/366/714 392/365/715
f 211/392/716 80/391/717 394/367/718 393/366/719
s 57
f 80/391/720 212/502/694 386/115/697 394/367/721
