# This file uses centimeters as units for non-parametric coordinates.

mtllib my_animation.0012.mtl
g default
v -17.362640 43.046040 -7.344162
v -3.806330 42.046696 -5.991154
v 7.939931 42.616753 -5.406268
v 21.975456 43.448372 -6.368054
v -17.903383 57.078918 3.995507
v -6.866867 47.369652 8.278413
v 11.326351 46.652039 8.865734
v 23.470592 55.316059 5.350403
v -15.221593 70.003571 29.048800
v -5.866745 60.298187 30.678196
v 9.295152 60.127686 31.818243
v 19.309006 69.803841 31.894524
v -21.138113 73.815796 35.880772
v -4.828153 75.209740 44.412251
v 6.595265 75.137505 45.257881
v 23.614166 72.782768 40.146400
v -18.682690 83.510643 31.532139
v -6.229456 86.178459 39.289310
v 8.922438 86.026794 40.460453
v 23.480654 83.000648 36.087082
v -13.836920 77.350197 26.242353
v -4.876004 81.833252 20.739302
v 10.284655 81.661148 21.875443
v 18.612116 77.698257 29.303930
v -17.271143 68.940201 -1.032506
v -4.018573 71.813560 -2.399154
v 11.147923 71.261566 -1.802592
v 24.117613 67.438385 0.200758
v -14.954169 36.736969 -15.466187
v -2.204004 35.578102 -11.223840
v 8.341573 35.003857 -8.690082
v 21.526960 36.530994 -12.979114
v -18.436489 20.250557 16.683704
v -10.984103 21.181858 18.138355
v -13.285474 28.837847 24.625641
v -20.665285 27.621588 23.125320
v 17.216967 27.101591 23.350069
v 24.929712 26.932077 22.102177
v 26.060970 36.917423 26.900312
v 18.351999 37.020111 28.150896
v -12.823950 7.071174 -10.291486
v -5.838252 7.359585 -8.081074
v -9.145040 4.620620 1.105948
v -15.865447 4.478044 -1.730762
v 13.636683 7.170295 1.695886
v 20.940626 7.373164 -0.149108
v 23.597780 5.053333 9.909206
v 16.295145 4.972495 11.768245
v -12.246526 1.033382 -12.522062
v -4.187223 1.149137 -9.054601
v -8.867277 -0.722201 5.192481
v -19.484034 -0.815907 0.170176
v 12.556723 1.270904 0.221400
v 21.301718 1.365605 -2.011067
v 26.425056 -0.392485 12.241264
v 15.000082 -0.424170 15.176612
v -24.879814 5.894889 13.943007
v -16.518368 5.889444 17.991234
v -25.163261 2.401906 14.528925
v -16.800678 2.396803 18.574800
v 19.987911 5.172688 29.652012
v 28.980732 5.214638 27.321655
v 20.064837 1.638191 29.937414
v 29.061409 1.685573 27.621649
v 27.255098 76.497726 8.468176
v 27.943512 67.478798 14.294943
v 35.917202 80.568085 13.346126
v 36.926411 71.293747 18.642921
v -16.171476 73.106400 4.252915
v -21.246843 65.925621 10.696594
v -29.293610 72.869987 11.463861
v -23.880583 80.397224 5.976778
v 44.169594 57.728535 -6.783773
v 43.594112 50.853321 0.136278
v 47.214291 59.175152 -5.093381
v 46.638924 52.299377 1.827163
v -33.566319 57.940163 -13.831029
v -37.175964 52.491585 -6.565715
v -39.899216 55.039700 -6.007771
v -36.289566 60.488277 -13.273086
v -7.118004 78.135086 56.884911
v 8.528612 79.047615 57.088043
v 10.930518 91.058044 46.299614
v -10.753771 89.521713 45.722401
v -7.638859 94.123169 71.657494
v 7.175779 95.306213 71.552811
v 5.616401 109.514015 60.724010
v -8.506125 108.386246 60.823803
v -16.910992 45.514194 -7.444046
v -15.655972 47.770344 -17.784592
v -2.554497 48.772804 -19.030611
v 9.229838 48.218750 -18.258854
v 22.136417 46.531162 -15.981760
v 21.690485 43.955189 -5.632737
v 9.453701 41.998482 -1.384255
v -5.245494 42.824642 -2.035825
v -11.733730 44.093811 -6.453279
v -11.965508 43.683502 -5.476112
v -4.808552 42.123425 -4.933503
v -12.069992 44.564472 -4.328828
v -17.056824 44.117493 -9.048832
v 2.038279 40.608166 -4.181351
v 1.965637 41.137512 -4.894516
v 8.897525 41.296928 -4.687201
v 2.134892 41.620865 -1.153837
v 15.874400 43.185158 -5.803155
v 16.149492 43.929523 -5.088802
v 21.679745 43.281921 -7.711575
v 16.353380 43.122463 -3.043846
v -13.550976 57.876038 17.656940
v -13.915375 51.899151 6.245755
v -7.194877 53.794239 19.459984
v -12.818187 64.078995 28.833534
v -17.478483 62.449532 15.536939
v 2.228034 52.781975 19.010721
v 2.189303 46.219238 8.910600
v 11.595243 53.345753 20.519251
v 1.765634 61.337730 30.725594
v 18.220608 57.095585 19.412008
v 18.819658 50.602325 7.293074
v 22.822124 61.352074 17.864355
v 16.674381 63.733742 31.091011
v -12.357226 68.998016 37.673645
v -5.585753 68.451172 40.619064
v -14.005950 74.761726 43.486423
v -19.346870 69.990570 32.389553
v 1.100725 67.972908 40.523045
v 7.706038 68.303818 41.621799
v 0.820966 74.725952 47.995396
v 14.838829 68.709915 39.899517
v 22.186729 69.438484 36.102146
v 15.528274 74.327606 45.871826
v -14.147386 81.392357 42.452644
v -5.714036 81.562569 44.215149
v -14.589438 86.635437 37.758354
v -20.480692 79.096443 33.993122
v -0.663860 100.321503 73.787148
v -0.206990 94.433975 71.906868
v 7.714511 102.173401 69.173645
v -1.596401 110.761581 59.800053
v -10.228880 100.728294 69.313477
v 16.132889 80.880112 44.930031
v 24.033140 78.133377 38.487091
v 17.653648 86.116005 40.591572
v 7.576926 81.535225 45.173805
v -12.079152 84.968727 30.767033
v -5.682019 86.481598 32.228912
v -11.759048 80.956985 21.270479
v -15.354439 81.602577 28.153116
v 1.887799 86.394928 32.797123
v 1.010004 87.771492 41.708736
v 9.461487 86.315392 33.374012
v 2.706550 81.747261 21.310141
v 16.277603 84.741814 33.170975
v 20.829905 82.089241 31.921583
v 17.270304 80.711044 23.565630
v -11.726707 76.189445 9.596703
v -4.197711 76.664047 9.300632
v -11.677597 71.625526 -2.122565
v -16.756050 73.367874 10.626994
v 3.402594 76.490082 9.758624
v 10.960466 76.341019 10.201978
v 3.601386 71.378304 -2.612679
v 18.342962 75.483932 11.325583
v 23.336420 72.541618 12.892811
v 18.693636 70.417938 -1.163842
v -9.284937 42.283371 -19.370964
v -9.786610 48.294739 -19.492533
v -2.231466 43.470463 -19.051104
v -8.949692 36.756454 -16.726080
v -15.191035 41.792057 -18.021049
v 3.276153 43.413689 -18.293875
v 3.340169 49.299690 -18.540777
v 8.815219 42.562443 -17.986217
v 3.228694 38.323326 -15.872785
v 15.920237 41.170937 -17.576757
v 16.464592 47.220348 -18.013363
v 21.663090 40.901680 -16.037006
v 15.650988 35.740490 -13.938461
v -10.514776 -0.147372 -5.303513
v -7.351497 1.532009 -13.017879
v -5.140546 0.130901 -3.009746
v -14.197443 -0.826251 2.709455
v -15.835709 -0.031300 -7.769099
v 2.117966 42.226650 -3.301766
v 10.493394 36.117229 5.305916
v -4.828973 33.612095 1.609432
v 18.522093 0.192686 5.155707
v 16.369272 1.708279 -3.120565
v 24.221472 0.350311 3.620094
v 20.716888 -0.431178 13.732004
v 12.796656 0.245600 6.550370
v 23.125635 41.886524 -12.115351
v 23.096956 39.712387 -9.968407
v 23.489363 45.276417 -11.100718
v 25.008812 66.933434 14.678927
v 25.825611 61.607338 2.699958
v 18.927612 73.349426 29.384241
v 43.250130 53.899006 -3.573964
v 45.463577 58.987640 -6.771882
v 46.973423 55.668045 -1.506820
v 44.759911 50.579765 1.690756
v -17.584913 42.548668 -13.943219
v -17.503799 39.370571 -11.702229
v -17.908087 46.677483 -13.099816
v -18.969507 67.999153 12.078487
v -19.733839 63.435463 1.277064
v -14.249162 72.483833 26.874971
v -34.863197 54.618324 -10.212038
v -38.735378 52.844872 -5.428594
v -38.193401 57.734360 -9.529741
v -34.321220 59.507812 -14.313186
v -10.945486 25.916523 -0.337482
v -7.354095 27.675840 2.429632
v -14.352263 20.155664 16.809078
v -16.312197 26.468189 1.045721
v -7.002052 32.941471 5.959931
v -10.247581 37.781025 9.294877
v -10.767198 25.274258 21.966108
v -14.823906 39.509407 8.816956
v -19.243214 36.865517 7.782427
v -17.321701 30.059603 25.178768
v -19.017694 31.550047 4.080585
v -20.662416 23.758299 20.022863
v 17.975039 28.675814 4.478329
v 23.188276 30.108555 5.405578
v 20.813194 26.140415 22.326200
v 13.855083 30.351719 6.863853
v 24.817265 36.034119 7.249979
v 24.106777 42.022083 9.863278
v 26.580492 32.126713 24.628059
v 19.177011 44.242931 10.360513
v 14.783552 42.340755 11.338942
v 22.242332 38.912979 28.397251
v 12.622780 36.442154 9.273133
v 16.491251 32.283947 26.173752
v -14.143102 21.443665 3.486225
v -10.020120 20.862822 5.448859
v -8.870270 7.938350 -10.897816
v -18.083643 19.137461 4.864998
v -7.920648 16.405830 9.409945
v -8.858497 11.706438 13.469075
v -5.982545 5.784269 -3.533457
v -12.546874 9.075088 14.214586
v -16.875772 9.870760 12.960052
v -13.884951 4.499984 2.389123
v -18.712523 14.033094 8.778009
v -15.080993 5.263836 -6.768276
v 18.350960 23.672134 9.925131
v 22.982246 23.027458 10.706115
v 16.837551 7.825216 -0.973090
v 14.814905 22.591066 12.708980
v 25.600925 19.278433 15.306596
v 25.861280 15.819715 20.643349
v 23.322607 5.899035 4.190702
v 22.112307 14.333435 22.905928
v 17.682703 15.583370 22.607971
v 20.691334 4.961238 13.677218
v 14.918435 18.850353 17.920839
v 13.780387 5.718070 6.617376
v -7.664140 4.654531 -12.690900
v -4.391551 4.236994 -8.892920
v -12.512482 4.042636 -12.158442
v -5.132968 2.991497 -3.019144
v -8.778881 2.066721 5.055549
v -21.628714 6.013335 17.888767
v -20.620840 6.851309 15.805365
v -26.938374 6.013337 15.320150
v -21.059507 1.445483 16.712147
v -16.319056 6.013333 20.457382
v -15.877953 2.741640 -7.562888
v -19.401321 1.970409 0.060325
v 16.427805 4.777823 -2.767030
v 21.353817 4.360308 -1.700178
v 12.608632 4.237921 0.529723
v 24.249136 3.181552 3.787616
v 26.415140 2.406407 12.241292
v 25.016136 5.107302 30.553198
v 24.463646 6.156314 28.410170
v 19.305326 5.085664 32.028584
v 24.584818 0.690477 28.860115
v 30.725933 5.140271 29.073931
v 12.822331 3.045347 6.704504
v 14.989292 2.364877 15.168291
v -17.365799 5.404735 9.131281
v -22.078863 5.436987 6.868452
v -12.683705 5.415475 11.410545
v -22.865396 2.784145 6.922843
v -23.045273 0.009572 7.297409
v -17.714350 -0.008236 9.843415
v -12.406451 0.000513 12.405196
v -12.226148 2.765696 12.041443
v 22.574768 5.479471 21.062304
v 17.532806 5.466332 22.381229
v 27.617311 5.505794 19.748129
v 16.910089 2.782177 22.701376
v 16.955374 -0.024564 22.861822
v 22.669657 -0.012261 21.401310
v 28.385176 0.013578 19.950546
v 28.331987 2.814375 19.756277
v 22.474337 73.273285 20.612995
v 22.380627 78.050621 20.212868
v 26.382793 71.289536 10.503782
v 24.814993 69.373314 22.208263
v 25.590002 80.299232 21.707134
v 29.934492 80.822746 23.992846
v 31.054693 79.476158 10.229088
v 31.640316 76.668686 25.391020
v 32.206196 72.124344 26.097710
v 37.240654 76.070992 16.009106
v 28.490688 69.707001 24.268610
v 32.106735 68.279808 17.007189
v -15.823820 71.020317 17.541937
v -19.563454 68.254562 18.789551
v -17.645010 68.311333 7.009318
v -14.288681 75.433395 16.724543
v -23.447056 69.923988 19.749338
v -26.633024 73.562195 20.474846
v -25.457909 68.379364 11.834277
v -24.640308 77.584938 19.582981
v -21.441349 80.844147 18.164553
v -27.273792 77.019180 8.482698
v -17.003883 78.739594 17.091539
v -19.025242 77.392242 4.576506
v 31.075232 64.618797 5.249706
v 32.669285 69.111328 2.413273
v 32.223835 61.706676 9.552565
v 36.065239 71.658234 3.557600
v 40.516678 72.999245 6.734236
v 40.719612 69.293709 10.514227
v 40.129501 65.472054 13.887300
v 35.586082 62.494736 12.261132
v -22.652359 62.587635 1.093937
v -25.804564 60.927845 5.063393
v -21.835203 66.803162 -2.445870
v -29.295563 63.133724 6.526557
v -32.816792 67.581398 6.371837
v -31.107428 70.840157 2.651479
v -28.641088 73.658318 -1.096094
v -24.306189 70.451149 -2.607059
v 0.901600 71.119026 52.301918
v 6.967515 79.014938 49.464752
v 0.808776 76.242668 58.672421
v -5.537701 78.751862 48.773144
v 9.488577 82.210777 47.664558
v 7.028366 86.752487 44.843487
v 12.473115 85.207672 51.780163
v 0.648460 89.483330 43.386700
v -5.438012 86.443962 44.140911
v 0.072070 91.042480 45.582695
v -7.994881 81.822205 46.722466
v -11.658545 83.744247 51.367340
v 0.378320 86.534889 68.575768
v 10.865463 90.595428 67.589691
v -10.589499 88.882118 67.741295
v 11.821729 97.627892 61.024502
v 9.690591 102.860619 54.123756
v -1.058065 103.373306 52.488575
v -11.565118 101.163223 54.273952
v -12.741741 95.666344 61.198071
v -18.848196 56.951649 -7.034630
v -17.329540 53.419937 -1.114397
v -16.574192 59.987656 -12.023478
v -10.864162 61.442699 -14.143701
v -3.376766 61.151398 -14.273420
v 3.525497 61.689991 -13.543307
v 10.396944 60.852955 -13.567489
v 17.839437 60.279484 -12.907206
v 23.340046 58.340885 -10.475936
v 24.767710 55.086613 -5.179154
v 22.573965 51.641037 0.495583
v 17.618313 50.181805 4.118187
v 11.419372 48.959095 5.702747
v 2.193129 49.850273 5.459944
v -7.058825 49.625954 4.602429
v -12.971601 51.406254 2.607572
v 51.582371 42.082344 -7.246257
v 52.897316 41.810070 -5.532545
v 51.506283 45.526798 -11.105222
v 53.321045 46.389034 -10.097686
v 52.206291 49.538368 -14.750826
v 53.660297 50.927876 -14.709717
v 55.632935 51.166458 -12.848381
v 55.373989 47.364452 -8.957900
v 55.009010 43.710434 -5.343812
v -42.304382 52.994167 -23.747002
v -41.440323 51.251686 -23.233469
v -43.112331 47.898121 -19.254637
v -44.697731 49.381557 -18.929815
v -45.354588 45.343304 -15.355034
v -47.091061 45.768948 -14.112629
v -48.419464 48.211082 -14.727090
v -46.571697 51.135017 -18.545868
v -44.505192 54.119453 -22.605534
vt 0.208431 0.494797
vt 0.208575 0.478116
vt 0.229443 0.475893
vt 0.229271 0.493426
vt 0.252729 0.492198
vt 0.256170 0.471571
vt 0.275357 0.475888
vt 0.275429 0.493819
vt 0.298111 0.492176
vt 0.294163 0.471736
vt 0.321331 0.475953
vt 0.321541 0.493432
vt 0.198757 0.641525
vt 0.200055 0.589825
vt 0.221664 0.590600
vt 0.219751 0.640956
vt 0.244967 0.639373
vt 0.247968 0.591507
vt 0.275466 0.591669
vt 0.275481 0.635804
vt 0.305994 0.639365
vt 0.302966 0.591494
vt 0.329276 0.590573
vt 0.331197 0.640955
vt 0.199789 0.728809
vt 0.197393 0.704590
vt 0.219517 0.692482
vt 0.227784 0.730211
vt 0.252859 0.733034
vt 0.249003 0.687406
vt 0.275511 0.688085
vt 0.275516 0.730408
vt 0.298175 0.733010
vt 0.302021 0.687396
vt 0.331536 0.692451
vt 0.323246 0.730162
vt 0.805511 0.686057
vt 0.204711 0.752714
vt 0.229559 0.760254
vt 0.782889 0.696424
vt 0.784986 0.875584
vt 0.254181 0.941082
vt 0.275435 0.940431
vt 0.742298 0.896742
vt 0.699334 0.736241
vt 0.297037 0.807427
vt 0.321459 0.760204
vt 0.696358 0.696343
vt 0.808954 0.641287
vt 0.805193 0.664541
vt 0.784300 0.671779
vt 0.785729 0.644267
vt 0.763331 0.647822
vt 0.762442 0.673765
vt 0.742276 0.741120
vt 0.739609 0.647377
vt 0.715889 0.647774
vt 0.716786 0.673709
vt 0.694936 0.671695
vt 0.693494 0.644181
vt 0.806875 0.557726
vt 0.810121 0.617205
vt 0.790367 0.607046
vt 0.787575 0.557696
vt 0.763367 0.556090
vt 0.764746 0.603486
vt 0.739627 0.603152
vt 0.739688 0.556093
vt 0.716014 0.556064
vt 0.714496 0.603455
vt 0.688836 0.606971
vt 0.691820 0.557642
vt 0.803405 0.420481
vt 0.802841 0.435733
vt 0.782960 0.432290
vt 0.783371 0.416064
vt 0.759505 0.410786
vt 0.759570 0.428509
vt 0.739756 0.426992
vt 0.739743 0.409699
vt 0.720007 0.410786
vt 0.719946 0.428500
vt 0.696571 0.432245
vt 0.696182 0.416016
vt 0.819305 0.093413
vt 0.797386 0.086157
vt 0.790779 0.072322
vt 0.822344 0.073237
vt 0.265809 0.416173
vt 0.762697 0.377789
vt 0.739788 0.389948
vt 0.275377 0.462947
vt 0.364323 0.097210
vt 0.342669 0.089884
vt 0.336664 0.075169
vt 0.367299 0.076188
vt 0.342559 0.494848
vt 0.342402 0.478170
vt 0.366070 0.480227
vt 0.366198 0.495669
vt 0.352247 0.641476
vt 0.350872 0.589816
vt 0.374237 0.588973
vt 0.374011 0.638442
vt 0.936729 0.462892
vt 0.940585 0.464321
vt 0.946953 0.476690
vt 0.936605 0.482861
vt 0.804780 0.405462
vt 0.824266 0.410023
vt 0.823186 0.423812
vt 0.805355 0.509178
vt 0.825584 0.509339
vt 0.825621 0.554997
vt 0.118742 0.522844
vt 0.058006 0.517789
vt 0.074507 0.510871
vt 0.084702 0.516921
vt 0.822269 0.350445
vt 0.784755 0.399833
vt 0.805305 0.347137
vt 0.793942 0.336256
vt 0.777469 0.322538
vt 0.236211 0.409364
vt 0.220899 0.415267
vt 0.203041 0.415110
vt 0.182178 0.419746
vt 0.685950 0.336155
vt 0.717407 0.377787
vt 0.694840 0.399772
vt 0.674409 0.347030
vt 0.657366 0.350391
vt 0.674734 0.405426
vt 0.637625 0.358046
vt 0.347747 0.415166
vt 0.329799 0.415381
vt 0.314324 0.409429
vt 0.706215 0.336018
vt 0.292514 0.404556
vt 0.870618 0.237836
vt 0.844433 0.293934
vt 0.832214 0.287148
vt 0.858351 0.228645
vt 0.844944 0.223065
vt 0.821107 0.280742
vt 0.243727 0.342391
vt 0.826584 0.212775
vt 0.214622 0.282882
vt 0.224361 0.346790
vt 0.210147 0.349538
vt 0.199596 0.284960
vt 0.184434 0.288656
vt 0.194986 0.352422
vt 0.864110 0.304875
vt 0.163133 0.290367
vt 0.634803 0.222910
vt 0.658751 0.280554
vt 0.647480 0.287052
vt 0.621343 0.228556
vt 0.609012 0.237734
vt 0.635143 0.293889
vt 0.375465 0.356065
vt 0.590820 0.249121
vt 0.366326 0.288752
vt 0.355651 0.352469
vt 0.340563 0.349608
vt 0.351134 0.285011
vt 0.336042 0.282967
vt 0.326383 0.346874
vt 0.678330 0.268182
vt 0.315081 0.275917
vt 0.789900 0.091626
vt 0.894734 0.181072
vt 0.223763 0.023658
vt 0.779683 0.072008
vt 0.205625 0.023651
vt 0.212375 0.030485
vt 0.208733 0.046428
vt 0.818124 0.043214
vt 0.919973 0.054113
vt 0.218394 0.124576
vt 0.231547 0.124829
vt 0.925982 0.076298
vt 0.853028 0.105343
vt 0.173602 0.224408
vt 0.245023 0.044913
vt 0.815784 0.102925
vt 0.335499 0.095534
vt 0.609223 0.166963
vt 0.147562 0.023794
vt 0.325939 0.074804
vt 0.129108 0.019171
vt 0.133886 0.026698
vt 0.125138 0.040618
vt 0.363323 0.044920
vt 0.461211 0.056389
vt 0.114656 0.083148
vt 0.128082 0.110700
vt 0.466974 0.079440
vt 0.396801 0.109583
vt 0.345740 0.218419
vt 0.158805 0.046562
vt 0.361009 0.107136
vt 0.212264 0.093809
vt 0.204982 0.218327
vt 0.226791 0.056935
vt 0.229179 0.093286
vt 0.246067 0.092223
vt 0.255137 0.092099
vt 0.884191 0.095549
vt 0.853655 0.095653
vt 0.854753 0.074189
vt 0.884265 0.075061
vt 0.885799 0.054616
vt 0.855335 0.052709
vt 0.203340 0.068369
vt 0.888472 0.044995
vt 0.116537 0.064410
vt 0.377147 0.224500
vt 0.136900 0.057215
vt 0.135301 0.068971
vt 0.159593 0.072808
vt 0.169578 0.075371
vt 0.426769 0.099419
vt 0.397393 0.099512
vt 0.398467 0.077209
vt 0.426850 0.078134
vt 0.428347 0.056895
vt 0.399054 0.054890
vt 0.111199 0.052142
vt 0.430928 0.046902
vt 0.398347 0.732496
vt 0.353774 0.704759
vt 0.655189 0.607952
vt 0.404645 0.715309
vt 0.625247 0.642548
vt 0.669008 0.617360
vt 0.670290 0.641156
vt 0.629866 0.657272
vt 0.633967 0.675274
vt 0.674058 0.664432
vt 0.345812 0.774768
vt 0.637449 0.692485
vt 0.387906 0.765553
vt 0.346295 0.752641
vt 0.351218 0.728717
vt 0.392980 0.747350
vt 0.854032 0.642643
vt 0.181252 0.694641
vt 0.859345 0.625630
vt 0.152631 0.732602
vt 0.157999 0.747449
vt 0.163074 0.765647
vt 0.167481 0.783084
vt 0.845329 0.675366
vt 0.849419 0.657366
vt 0.462802 0.754848
vt 0.433121 0.744888
vt 0.586158 0.633072
vt 0.469035 0.736153
vt 0.562716 0.661102
vt 0.591598 0.653084
vt 0.596668 0.669873
vt 0.567525 0.676181
vt 0.573571 0.695803
vt 0.602326 0.689166
vt 0.414557 0.801264
vt 0.575415 0.714705
vt 0.450039 0.789809
vt 0.420413 0.781867
vt 0.427222 0.762131
vt 0.457315 0.770152
vt 0.916571 0.661069
vt 0.887682 0.653104
vt 0.112049 0.724515
vt 0.922852 0.642462
vt 0.088177 0.754903
vt 0.117860 0.744959
vt 0.123753 0.762207
vt 0.093657 0.770210
vt 0.100926 0.789871
vt 0.130556 0.781946
vt 0.872833 0.708772
vt 0.104321 0.808576
vt 0.905760 0.695791
vt 0.876995 0.689207
vt 0.882631 0.669903
vt 0.911782 0.676158
vt 0.245118 0.820265
vt 0.256063 0.761423
vt 0.275458 0.816348
vt 0.275456 0.817082
vt 0.305796 0.819611
vt 0.322444 0.827635
vt 0.716707 0.746651
vt 0.742277 0.751635
vt 0.767846 0.746640
vt 0.232576 0.815700
vt 0.789238 0.746868
vt 0.242805 0.909093
vt 0.242913 0.847487
vt 0.275453 0.850080
vt 0.275444 0.899369
vt 0.308078 0.909112
vt 0.307992 0.847504
vt 0.685718 0.768892
vt 0.335635 0.923345
vt 0.710517 0.826756
vt 0.709025 0.772272
vt 0.742280 0.767854
vt 0.742288 0.823907
vt 0.774059 0.826743
vt 0.775535 0.772258
vt 0.216918 0.852154
vt 0.800161 0.835727
vt 0.803587 0.472219
vt 0.184266 0.511368
vt 0.823748 0.473030
vt 0.786007 0.508646
vt 0.783967 0.470951
vt 0.760849 0.468488
vt 0.762764 0.507838
vt 0.739729 0.507585
vt 0.739749 0.469813
vt 0.718652 0.468468
vt 0.716699 0.507812
vt 0.693463 0.508589
vt 0.695538 0.470900
vt 0.347089 0.550471
vt 0.343449 0.511536
vt 0.656251 0.437958
vt 0.370672 0.549455
vt 0.305626 0.550928
vt 0.300328 0.509969
vt 0.323635 0.511057
vt 0.326613 0.553291
vt 0.245263 0.550946
vt 0.250519 0.509979
vt 0.275426 0.509223
vt 0.275447 0.553833
vt 0.203857 0.550446
vt 0.207534 0.511493
vt 0.227207 0.511082
vt 0.224277 0.553331
vt 0.296688 0.941095
vt 0.317831 0.963343
vt 0.722395 0.859395
vt 0.742293 0.859091
vt 0.762190 0.859387
vt 0.672412 0.557619
vt 0.673996 0.509116
vt 0.676597 0.435714
vt 0.676064 0.420456
vt 0.798456 0.058765
vt 0.820876 0.052919
vt 0.343747 0.061021
vt 0.365907 0.055032
vt 0.963235 0.483911
vt 0.902883 0.489040
vt 0.909072 0.482168
vt 0.925033 0.475729
vt 0.931354 0.463643
vt 0.080884 0.498420
vt 0.084741 0.496992
vt 0.090126 0.497750
vt 0.096539 0.509638
vt 0.112499 0.516024
vt 0.245369 0.109349
vt 0.249130 0.116712
vt 0.914174 0.091435
vt 0.914507 0.075957
vt 0.915392 0.060496
vt 0.143488 0.116794
vt 0.145270 0.126440
vt 0.455609 0.095160
vt 0.455938 0.079081
vt 0.456800 0.063019
vt 0.982240 0.434188
vt 0.963585 0.427947
vt 0.946509 0.423110
vt 0.890921 0.433118
vt 0.882130 0.436526
vt 0.926679 0.423006
vt 0.909612 0.427375
vt 0.937930 0.422313
vt 0.075163 0.457134
vt 0.058225 0.461798
vt 0.039557 0.467684
vt 0.094859 0.456979
vt 0.083682 0.456346
vt 0.130564 0.466891
vt 0.111877 0.461251
vt 0.033116 0.470128
vt 0.675805 0.472192
vt 0.653419 0.509254
vt 0.655248 0.472962
vt 0.367019 0.511392
vt 0.176921 0.588998
vt 0.180547 0.549455
vt 0.822760 0.437993
vt 0.233028 0.963316
vt 0.215241 0.923308
vt 0.798841 0.768868
vt 0.699605 0.875602
vt 0.684417 0.835751
vt 0.333987 0.852188
vt 0.228471 0.827609
vt 0.254212 0.785439
vt 0.759269 0.697501
vt 0.785216 0.736222
vt 0.695315 0.746888
vt 0.719972 0.697428
vt 0.296799 0.785396
vt 0.318344 0.815723
vt 0.903939 0.714697
vt 0.136407 0.801345
vt 0.081951 0.736203
vt 0.893090 0.633076
vt 0.446638 0.808511
vt 0.606509 0.708725
vt 0.556410 0.642507
vt 0.438944 0.724452
vt 0.841861 0.692578
vt 0.205190 0.774839
vt 0.146366 0.715395
vt 0.823906 0.608060
vt 0.383498 0.782992
vt 0.673752 0.685953
vt 0.619881 0.625562
vt 0.369876 0.694574
vt 0.624476 0.158216
vt 0.327082 0.211968
vt 0.653476 0.212425
vt 0.306569 0.342322
vt 0.153133 0.050558
vt 0.361352 0.222428
vt 0.125968 0.045756
vt 0.396618 0.225899
vt 0.569871 0.190223
vt 0.388031 0.290471
vt 0.615162 0.304972
vt 0.596954 0.173816
vt 0.584932 0.180968
vt 0.909456 0.190131
vt 0.154402 0.225852
vt 0.888489 0.249012
vt 0.175675 0.355943
vt 0.241882 0.047343
vt 0.189385 0.222364
vt 0.213528 0.046751
vt 0.223402 0.212053
vt 0.855547 0.158550
vt 0.235225 0.276013
vt 0.801766 0.268578
vt 0.882733 0.173912
vt 0.870470 0.167071
vt 0.702590 0.322102
vt 0.284431 0.416033
vt 0.369025 0.419829
vt 0.654789 0.409992
vt 0.841623 0.358035
vt 0.185243 0.480200
vt 0.257695 0.404697
vt 0.773758 0.336466
vt 0.177136 0.638471
vt 0.185108 0.495641
vt 0.653403 0.554919
vt 0.655840 0.423782
vt 0.740026 0.329135
vt 0.739609 0.679991
vt 0.717946 0.727940
vt 0.321543 0.784229
vt 0.275425 0.981496
vt 0.229466 0.784279
vt 0.766602 0.727930
vt 0.275513 0.766895
vt 0.294962 0.761394
vt 0.158494 0.031032
vt 0.235614 0.029385
vt 0.253884 0.807420
vt 0.968218 0.693073
vt 0.970279 0.686813
vt 0.964692 0.720144
vt 0.041234 0.817480
vt 0.965692 0.701614
vt 0.035620 0.790589
vt 0.038855 0.799577
vt 0.026837 0.766821
vt 0.976742 0.669618
vt 0.033170 0.783659
vt 0.515345 0.790561
vt 0.512107 0.799546
vt 0.509721 0.817448
vt 0.514670 0.720260
vt 0.513647 0.701731
vt 0.511110 0.693195
vt 0.509040 0.686939
vt 0.502555 0.669755
vt 0.524137 0.766797
vt 0.517798 0.783632
vt 0.052820 0.522857
vt 0.139366 0.470253
vt 0.968347 0.489050
vt 0.988625 0.436785
vt 0.108883 0.091107
vt 0.106409 0.062482
vt 0.399209 0.044805
vt 0.459518 0.102060
vt 0.428604 0.109556
vt 0.167704 0.057128
vt 0.215342 0.132259
vt 0.203222 0.094543
vt 0.855471 0.043005
vt 0.918242 0.098075
vt 0.886101 0.105305
vt 0.255511 0.067846
vt 0.169019 0.047690
vt 0.166893 0.025823
vt 0.125973 0.120002
vt 0.337008 0.054912
vt 0.115292 0.038211
vt 0.149847 0.015689
vt 0.254586 0.043904
vt 0.241676 0.021944
vt 0.231922 0.132778
vt 0.791425 0.052872
vt 0.199112 0.046316
vt 0.223332 0.014444
vn -0.230833 0.870494 0.434691
vn -0.230833 0.870494 0.434691
vn -0.245921 0.804806 0.540195
vn -0.244891 0.810340 0.532332
vn -0.179340 -0.980269 0.083128
vn 0.272844 0.831450 0.483991
vn -0.152322 0.869210 0.470395
vn -0.135109 -0.940643 -0.311347
vn -0.017267 -0.245840 -0.969157
vn -0.309391 0.939675 0.145905
vn -0.075957 0.584276 -0.807993
vn -0.071035 0.427792 -0.901081
vn -0.922948 -0.287589 0.255852
vn -0.908946 -0.374261 0.183701
vn -0.669317 -0.690623 0.273961
vn -0.686889 -0.618915 0.380956
vn -0.307511 -0.810593 0.498373
vn -0.308008 -0.912500 0.269211
vn -0.043109 -0.964952 0.258861
vn -0.049574 -0.845440 0.531764
vn 0.220077 -0.826741 0.517750
vn 0.227947 -0.927320 0.296846
vn 0.588590 -0.742150 0.320587
vn 0.603765 -0.666302 0.437618
vn -0.569230 -0.766478 0.297471
vn -0.663776 -0.712834 0.226427
vn -0.634562 -0.649826 0.418399
vn -0.417218 -0.717125 0.558266
vn -0.196748 -0.715067 0.670797
vn -0.219466 -0.805151 0.550968
vn -0.052808 -0.821479 0.567788
vn -0.058529 -0.746370 0.662952
vn 0.073387 -0.720803 0.689244
vn 0.121951 -0.811968 0.570820
vn 0.550730 -0.674809 0.491253
vn 0.288023 -0.736192 0.612425
vn -0.851794 0.381654 0.358870
vn -0.832533 -0.218222 0.509183
vn -0.464689 -0.263199 0.845453
vn -0.488226 0.386334 0.782548
vn -0.664801 0.476957 0.574936
vn -0.485146 -0.220044 0.846294
vn 0.028981 -0.273452 0.961449
vn -0.039290 0.541254 0.839940
vn 0.395817 0.305073 0.866176
vn 0.063020 -0.420731 0.904994
vn 0.278615 -0.286186 0.916772
vn 0.328794 0.350011 0.877147
vn 0.049128 0.912369 -0.406410
vn -0.622032 0.782337 0.032015
vn -0.437131 0.841475 0.317547
vn -0.195424 0.920718 -0.337768
vn -0.048928 0.964935 -0.257890
vn -0.166478 0.971821 0.166882
vn 0.014383 0.997702 -0.066206
vn 0.030390 0.966430 -0.255127
vn 0.109281 0.963875 -0.242905
vn 0.157533 0.969701 0.186715
vn 0.368114 0.830492 0.418062
vn 0.272003 0.919400 -0.284108
vn -0.823857 0.559704 -0.089397
vn -0.416420 0.881701 -0.221808
vn -0.411277 0.850825 -0.327029
vn -0.336782 0.883432 -0.325769
vn -0.016257 0.920390 -0.390664
vn -0.034684 0.919088 -0.392523
vn 0.040476 0.918996 -0.392184
vn 0.044116 0.916749 -0.397021
vn 0.107273 0.914637 -0.389784
vn 0.115658 0.915895 -0.384395
vn 0.463855 0.838476 -0.286000
vn 0.404267 0.861804 -0.306370
vn -0.524763 -0.014982 -0.851117
vn -0.609096 0.200978 -0.767209
vn -0.132884 0.259913 -0.956445
vn -0.094985 -0.007925 -0.995447
vn 0.078827 -0.010418 -0.996834
vn 0.048252 0.264954 -0.963053
vn 0.069078 0.270253 -0.960308
vn 0.074477 -0.033092 -0.996674
vn 0.038497 -0.056558 -0.997657
vn 0.072825 0.237138 -0.968742
vn 0.214610 0.221701 -0.951205
vn 0.156938 -0.060773 -0.985737
vn 0.042819 -0.992245 -0.116690
vn 0.070996 -0.981541 -0.177585
vn 0.088457 -0.981609 -0.169172
vn 0.063021 -0.991783 -0.111337
vn 0.924246 -0.148697 0.351652
vn 0.680867 -0.726477 -0.093011
vn 0.038664 -0.921360 -0.386784
vn -0.161821 -0.800469 0.577116
vn -0.030104 -0.993842 -0.106644
vn -0.042000 -0.985472 -0.164563
vn -0.033039 -0.985313 -0.167532
vn -0.021352 -0.993370 -0.112961
vn 0.945299 0.308752 0.105273
vn 0.945299 0.308752 0.105273
vn 0.945299 0.308752 0.105273
vn 0.945299 0.308752 0.105273
vn 0.875090 -0.351395 0.332774
vn 0.860345 -0.453438 0.232812
vn 0.999813 -0.019290 -0.001489
vn 0.984396 0.045664 0.169940
vn 0.587058 -0.598167 -0.545490
vn 0.587056 -0.598168 -0.545491
vn 0.587056 -0.598168 -0.545491
vn 0.587058 -0.598167 -0.545490
vn -0.862119 -0.279493 -0.422652
vn -0.862119 -0.279493 -0.422652
vn -0.862119 -0.279493 -0.422652
vn -0.862119 -0.279493 -0.422652
vn -0.710370 0.598502 -0.370366
vn -0.995343 0.077329 -0.057554
vn -0.986957 0.125889 0.100336
vn -0.584853 -0.482236 -0.652224
vn -0.584852 -0.482237 -0.652224
vn -0.584852 -0.482237 -0.652224
vn -0.584853 -0.482236 -0.652224
vn -0.138424 -0.881115 -0.452189
vn -0.165042 -0.822388 -0.544462
vn 0.082631 -0.856213 -0.509972
vn 0.137384 -0.886968 -0.440923
vn 0.954104 -0.247486 0.168630
vn 0.960085 -0.227313 0.162992
vn 0.579286 0.683752 0.443747
vn -0.028901 0.948573 0.315236
vn -0.108899 0.914716 0.389148
vn -0.995704 0.046837 -0.079871
vn -0.994745 0.063010 -0.080701
vn -0.994745 0.063010 -0.080701
vn -0.995555 0.049679 -0.080018
vn -0.299872 -0.934994 -0.189374
vn -0.252200 -0.931247 -0.263009
vn 0.013265 -0.946048 -0.323754
vn -0.028431 -0.964395 -0.262935
vn 0.959017 -0.237976 -0.153799
vn 0.954863 -0.249349 -0.161435
vn 0.954863 -0.249349 -0.161435
vn 0.959461 -0.236724 -0.152959
vn 0.363734 0.926018 0.100940
vn 0.242792 0.970063 -0.005459
vn -0.036056 0.998515 0.040841
vn 0.018595 0.989343 0.144412
vn -0.651357 0.706979 0.275527
vn -0.921281 -0.205033 0.330458
vn -0.911666 0.244228 0.330480
vn -0.728718 0.550054 -0.407936
vn -0.631969 0.761688 -0.142991
vn -0.163462 0.986374 0.018601
vn -0.053530 0.873291 -0.484249
vn 0.620935 0.749878 -0.228305
vn 0.346072 0.935026 -0.077205
vn 0.905526 -0.100024 0.412333
vn 0.985728 0.075319 0.150558
vn 0.628083 -0.487340 0.606639
vn 0.291978 -0.433825 0.852376
vn -0.015080 -0.491305 0.870857
vn 0.025824 -0.695775 0.717795
vn -0.634898 -0.581356 0.508851
vn -0.297462 -0.508933 0.807777
vn -0.927728 -0.321042 0.190402
vn -0.989320 -0.098261 -0.107659
vn -0.828183 0.484288 -0.282096
vn -0.644990 0.731409 -0.221424
vn -0.071530 0.963347 -0.258547
vn -0.183183 0.735454 -0.652343
vn 0.549656 0.586417 -0.594973
vn 0.385136 0.816347 -0.430404
vn 0.999518 -0.026620 0.016006
vn 0.970458 0.073617 -0.229764
vn 0.825462 -0.292648 0.482670
vn 0.462331 -0.225789 0.857479
vn 0.186829 -0.237356 0.953287
vn 0.193653 -0.451454 0.871027
vn -0.497542 -0.358979 0.789675
vn -0.126711 -0.234736 0.963765
vn -0.805248 -0.164978 0.569525
vn -0.957067 -0.081264 0.278244
vn -0.189340 0.458066 -0.868520
vn -0.189340 0.458066 -0.868520
vn 0.238515 0.536593 -0.809431
vn 0.299922 0.539543 -0.786728
vn 0.921115 0.348879 0.172718
vn 0.921115 0.348879 0.172718
vn 0.921115 0.348879 0.172718
vn 0.921115 0.348879 0.172718
vn 0.020750 0.987121 0.158623
vn 0.020750 0.987121 0.158624
vn -0.058576 0.990860 0.121513
vn -0.058550 0.990860 0.121525
vn -0.762487 0.620549 -0.183121
vn -0.762487 0.620549 -0.183121
vn -0.762487 0.620549 -0.183121
vn -0.762487 0.620549 -0.183121
vn -0.618411 0.463015 -0.634968
vn -0.618411 0.463015 -0.634968
vn -0.213497 0.518761 -0.827832
vn -0.216021 0.518743 -0.827189
vn 0.865794 0.330536 -0.375695
vn 0.865794 0.330536 -0.375695
vn 0.865794 0.330536 -0.375695
vn 0.865794 0.330536 -0.375695
vn 0.136302 0.970382 0.199452
vn 0.136302 0.970382 0.199452
vn 0.053073 0.973620 0.221920
vn 0.052758 0.973618 0.222001
vn -0.773620 0.545074 0.323120
vn -0.773620 0.545074 0.323120
vn -0.773620 0.545074 0.323120
vn -0.773620 0.545074 0.323120
vn -0.003244 0.994928 -0.100533
vn -0.003244 0.994928 -0.100533
vn 0.033738 0.995540 -0.088099
vn 0.035124 0.995534 -0.087630
vn -0.739513 0.436010 -0.512850
vn -0.739513 0.436010 -0.512850
vn -0.739513 0.436010 -0.512850
vn -0.739513 0.436010 -0.512850
vn -0.046490 -0.994714 0.091559
vn -0.008758 -0.999960 0.001995
vn 0.004893 -0.999971 0.005915
vn -0.039552 -0.995045 0.091226
vn 0.897114 -0.003575 0.441784
vn 0.904385 -0.004203 0.426696
vn 0.904940 -0.004252 0.425519
vn 0.897114 -0.003575 0.441784
vn -0.041702 0.998248 -0.041966
vn -0.041702 0.998248 -0.041966
vn -0.019125 0.998597 -0.049377
vn -0.019032 0.998597 -0.049407
vn -0.896677 0.421629 0.134903
vn -0.896677 0.421629 0.134903
vn -0.896677 0.421629 0.134903
vn -0.896677 0.421629 0.134903
vn 0.013142 -0.998668 0.049892
vn -0.005689 -0.999897 -0.013210
vn 0.000557 -0.999878 -0.015586
vn 0.015694 -0.998655 0.049411
vn 0.969039 0.002356 -0.246898
vn 0.968947 0.003383 -0.247244
vn 0.968945 0.003405 -0.247251
vn 0.969039 0.002356 -0.246898
vn -0.463632 -0.879747 -0.105311
vn 0.636992 -0.726204 0.258590
vn -0.867528 -0.314942 -0.384977
vn -0.901734 -0.262986 -0.343096
vn -0.811969 0.440958 -0.382443
vn 0.442115 0.842486 -0.307817
vn 0.110448 0.940199 -0.322223
vn -0.307479 0.923027 -0.231253
vn 0.470818 0.863773 0.179520
vn 0.656911 0.698291 0.284355
vn 0.774519 0.237415 0.586306
vn 0.836843 0.291577 0.463332
vn 0.794970 -0.348603 0.496487
vn 0.676583 -0.334001 0.656261
vn 0.418908 -0.845124 0.332088
vn 0.279680 -0.930519 0.236459
vn 0.976427 0.150386 -0.154838
vn 0.867990 -0.488942 -0.086775
vn 0.858587 -0.511229 -0.038391
vn 0.201968 -0.970726 0.130002
vn -0.543832 -0.801052 0.250125
vn -0.949403 -0.099816 0.297777
vn -0.826939 0.532586 0.180344
vn -0.242069 0.968953 -0.050324
vn 0.604979 0.768652 -0.207786
vn -0.694964 -0.714589 0.079924
vn -0.662968 -0.744976 0.074052
vn -0.892317 -0.236306 -0.384617
vn -0.801974 -0.384072 -0.457523
vn -0.586790 0.120146 -0.800776
vn -0.657208 0.430942 -0.618358
vn -0.114460 0.867773 -0.483600
vn 0.089671 0.663073 -0.743165
vn 0.769000 0.597741 -0.226595
vn 0.471333 0.875255 -0.108507
vn 0.868309 0.333210 0.367437
vn 0.933660 0.222764 0.280455
vn 0.716613 -0.211722 0.664560
vn 0.754055 -0.237491 0.612371
vn 0.076305 -0.834065 0.546364
vn -0.061791 -0.691890 0.719354
vn 0.785101 -0.203336 -0.585040
vn 0.900749 0.104648 -0.421545
vn 0.832928 -0.548440 -0.073783
vn 0.719005 -0.677014 -0.157110
vn 0.367958 -0.864887 0.341434
vn 0.327586 -0.884771 0.331462
vn -0.495418 -0.669430 0.553556
vn -0.376871 -0.542614 0.750692
vn -0.898769 0.133023 0.417756
vn -0.927681 0.095434 0.360971
vn -0.778780 0.625280 0.050261
vn -0.844366 0.534300 -0.039633
vn -0.431887 0.750517 -0.500198
vn -0.111481 0.943438 -0.312246
vn 0.522312 0.700078 -0.486910
vn 0.344039 0.516128 -0.784379
vn -0.538337 -0.841508 -0.045355
vn -0.538337 -0.841508 -0.045355
vn -0.538337 -0.841508 -0.045355
vn -0.538337 -0.841508 -0.045355
vn 0.931691 -0.355153 -0.076279
vn 0.931691 -0.355153 -0.076279
vn 0.984608 -0.165747 -0.055459
vn 0.657469 0.335651 -0.674591
vn 0.018905 0.961982 -0.272458
vn 0.007504 0.707949 -0.706224
vn -0.608427 0.313337 -0.729134
vn -0.531422 0.291804 0.795262
vn -0.955936 -0.214927 -0.199982
vn -0.695569 -0.475445 0.538642
vn -0.635144 -0.667261 0.389044
vn 0.044763 -0.811155 0.583116
vn 0.050152 -0.647085 0.760766
vn 0.764417 -0.351815 0.540271
vn 0.699543 -0.584752 0.410736
vn 0.988581 -0.142477 -0.049073
vn 0.982304 0.150400 0.111623
vn 0.648210 0.562045 -0.513741
vn 0.662802 0.369872 -0.651067
vn -0.028713 0.520601 -0.853317
vn -0.044550 0.604966 -0.795004
vn -0.726874 0.457014 -0.512633
vn -0.693332 0.279616 -0.664158
vn -0.958221 -0.278746 -0.064131
vn -0.994938 -0.011147 0.099866
vn -0.658668 0.430396 -0.617184
vn -0.980001 -0.003668 -0.198959
vn -0.987496 0.040117 -0.152457
vn -0.221675 0.826215 -0.517909
vn -0.174438 0.585469 -0.791705
vn 0.018263 0.585631 -0.810372
vn -0.000707 0.843235 -0.537544
vn 0.049730 0.837410 -0.544308
vn 0.058381 0.606836 -0.792680
vn 0.099317 0.577065 -0.810637
vn 0.104217 0.839221 -0.533711
vn 0.314132 0.802807 -0.506777
vn 0.270541 0.555803 -0.786060
vn 0.818808 -0.474491 0.323128
vn 0.765864 -0.517496 0.381641
vn 0.991687 -0.107459 -0.070774
vn 0.995410 -0.068455 -0.066885
vn 0.153569 -0.913798 0.376019
vn 0.117575 -0.781289 0.612996
vn 0.363354 -0.763632 0.533704
vn 0.443673 -0.779680 0.441874
vn -0.271789 -0.887586 0.371917
vn -0.238821 -0.751448 0.615053
vn -0.067333 -0.750542 0.657384
vn -0.059637 -0.929822 0.363145
vn -0.885096 -0.384537 0.262177
vn -0.866490 -0.378725 0.325213
vn -0.473658 -0.695259 0.540613
vn -0.552560 -0.724897 0.411343
vn -0.251118 -0.942235 0.221659
vn -0.308565 -0.911010 0.273586
vn -0.916027 -0.322132 0.239009
vn 0.037697 -0.598689 -0.800094
vn 0.150502 -0.974482 0.166538
vn -0.062546 -0.963794 0.259209
vn -0.075406 0.919406 -0.386014
vn -0.075406 0.919406 -0.386014
vn 0.714559 -0.646933 0.266240
vn 0.184635 -0.979237 0.083698
vn -0.217487 -0.421774 0.880231
vn -0.061089 -0.628308 0.775562
vn 0.541565 -0.105622 0.833997
vn 0.575758 0.579772 0.576513
vn 0.453444 0.887274 0.084460
vn -0.079528 0.996660 0.018534
vn -0.567835 0.817134 0.099273
vn 0.854809 0.517039 -0.044417
vn 0.778096 0.532814 -0.332679
vn 0.133770 -0.608358 -0.782309
vn 0.166743 -0.551614 -0.817263
vn 0.155423 -0.549056 -0.821207
vn -0.173890 -0.441849 -0.880075
vn -0.173890 -0.441849 -0.880075
vn -0.038112 -0.691483 -0.721387
vn -0.631340 -0.774448 -0.040516
vn 0.237167 -0.665423 -0.707788
vn -0.126004 -0.614543 -0.778755
vn 0.677957 0.148879 -0.719868
vn 0.562730 -0.061222 -0.824371
vn 0.198301 -0.558494 -0.805457
vn 0.198301 -0.558494 -0.805457
vn -0.136491 -0.657063 -0.741376
vn -0.126993 -0.655365 -0.744560
vn 0.105775 -0.981311 -0.160748
vn 0.080062 -0.991671 -0.100891
vn 0.018702 -0.999786 0.008843
vn -0.023979 -0.985063 -0.170516
vn -0.011536 -0.993387 -0.114233
vn 0.006661 -0.999805 -0.018594
vn 0.934389 -0.235862 -0.266997
vn 0.934389 -0.235862 -0.266997
vn 0.934389 -0.235862 -0.266997
vn 0.934389 -0.235862 -0.266997
vn 0.976155 -0.109457 -0.187461
vn 0.952491 0.126284 0.277152
vn 0.587055 -0.598167 -0.545492
vn 0.587055 -0.598167 -0.545492
vn 0.587057 -0.598167 -0.545490
vn 0.587057 -0.598167 -0.545490
vn 0.587058 -0.598167 -0.545489
vn 0.587058 -0.598167 -0.545489
vn 0.587060 -0.598166 -0.545489
vn 0.587060 -0.598166 -0.545489
vn -0.996540 0.078375 0.027659
vn -0.996540 0.078375 0.027659
vn -0.996540 0.078375 0.027659
vn -0.996540 0.078375 0.027659
vn -0.942349 -0.038958 -0.332357
vn -0.965802 0.183051 0.183625
vn -0.584854 -0.482236 -0.652223
vn -0.584854 -0.482236 -0.652223
vn -0.584853 -0.482237 -0.652223
vn -0.584853 -0.482236 -0.652223
vn -0.584853 -0.482237 -0.652222
vn -0.584853 -0.482237 -0.652222
vn -0.584853 -0.482236 -0.652224
vn -0.584853 -0.482236 -0.652224
vn 0.383376 -0.821802 -0.421503
vn 0.424773 -0.841767 -0.333160
vn 0.470579 -0.854974 -0.218114
vn 0.169666 -0.936694 -0.306298
vn -0.111021 -0.927279 -0.357530
vn 0.859429 0.309062 0.407262
vn 0.868411 0.334633 0.365901
vn 0.868411 0.334633 0.365901
vn 0.973167 -0.175850 0.148399
vn 0.973167 -0.175850 0.148399
vn -0.373338 0.892272 0.253908
vn -0.508985 0.803294 0.309277
vn -0.606392 0.715505 0.346903
vn -0.210496 0.851744 0.479816
vn 0.281242 0.807847 0.517963
vn -0.890139 -0.359226 -0.280373
vn -0.890139 -0.359226 -0.280373
vn -0.898444 -0.346878 -0.269211
vn -0.899712 -0.344940 -0.267461
vn -0.908105 -0.331731 -0.255539
vn -0.908105 -0.331731 -0.255539
vn -0.996282 0.033917 -0.079194
vn -0.996282 0.033917 -0.079194
vn 0.241626 -0.902365 -0.356868
vn 0.242347 -0.930039 -0.276216
vn 0.241206 -0.951821 -0.189359
vn -0.048549 -0.987543 -0.149675
vn -0.358143 -0.929134 -0.091892
vn 0.969834 0.231501 -0.076345
vn 0.969834 0.231501 -0.076345
vn 0.981226 0.178934 -0.071962
vn 0.979057 0.190086 -0.072906
vn 0.987187 0.143906 -0.068950
vn 0.987186 0.143905 -0.068950
vn 0.962966 -0.226579 -0.146147
vn 0.962966 -0.226579 -0.146147
vn -0.367779 0.867430 0.335117
vn 0.072642 0.955281 0.286637
vn 0.461235 0.866316 0.191724
vn -0.928979 -0.317984 0.189433
vn -0.936169 -0.300785 0.181976
vn -0.958768 -0.238365 0.154742
vn -0.958768 -0.238365 0.154742
vn -0.929312 0.247073 0.274473
vn -0.929311 0.247073 0.274473
vn 0.732453 0.581578 -0.353948
vn 0.030654 0.738480 -0.673579
vn -0.689026 0.428746 -0.584312
vn 0.809517 -0.493605 0.317862
vn 0.990941 0.122724 0.054550
vn -0.934425 -0.355549 0.020872
vn -0.049975 -0.923040 0.381445
vn -0.964367 -0.000282 -0.264569
vn 0.603430 0.403762 -0.687639
vn -0.207770 0.567892 -0.796449
vn -0.884145 0.314050 -0.345920
vn 0.964186 -0.255877 0.069809
vn 0.946679 0.085879 -0.310520
vn -0.770425 -0.396160 0.499503
vn 0.196310 -0.713698 0.672382
vn -0.986742 -0.051308 0.153976
vn 0.662980 0.500801 -0.556468
vn 0.662980 0.500801 -0.556468
vn 0.770470 0.113494 -0.627292
vn 0.770470 0.113494 -0.627292
vn 0.390845 0.122025 -0.912332
vn 0.371841 0.121766 -0.920276
vn -0.115730 0.100376 -0.988196
vn -0.115730 0.100376 -0.988196
vn 0.698130 0.545705 0.463487
vn 0.698130 0.545705 0.463487
vn 0.698130 0.545705 0.463487
vn 0.698130 0.545705 0.463487
vn 0.911099 -0.004802 0.412159
vn 0.911099 -0.004802 0.412159
vn 0.988845 0.028967 0.146108
vn 0.988845 0.028967 0.146108
vn 0.988845 0.028967 0.146108
vn 0.988845 0.028967 0.146108
vn -0.137333 0.986997 0.083527
vn -0.137333 0.986997 0.083527
vn -0.451972 -0.329023 0.829135
vn -0.451972 -0.329023 0.829135
vn -0.411269 -0.329246 0.849974
vn -0.411283 -0.329246 0.849967
vn -0.369761 -0.328780 0.869011
vn -0.369761 -0.328780 0.869011
vn -0.834581 0.295827 -0.464716
vn -0.834581 0.295827 -0.464716
vn -0.834581 0.295827 -0.464716
vn -0.834581 0.295827 -0.464716
vn -0.804131 0.015701 -0.594245
vn -0.804131 0.015701 -0.594245
vn -0.804131 0.015701 -0.594245
vn -0.804131 0.015701 -0.594245
vn -0.908642 0.013848 -0.417347
vn -0.901316 0.008529 -0.433078
vn -0.901716 0.008814 -0.432239
vn -0.908642 0.013848 -0.417347
vn 0.224036 0.471049 -0.853183
vn 0.224035 0.471049 -0.853183
vn 0.221948 0.102194 -0.969688
vn 0.221948 0.102194 -0.969688
vn -0.245984 0.110050 -0.963006
vn -0.244862 0.110061 -0.963291
vn -0.660233 0.093782 -0.745183
vn -0.660233 0.093782 -0.745183
vn 0.830687 0.550952 -0.080075
vn 0.830687 0.550952 -0.080075
vn 0.830687 0.550952 -0.080075
vn 0.830687 0.550952 -0.080075
vn 0.968864 0.004314 -0.247557
vn 0.968864 0.004314 -0.247557
vn 0.887904 0.025562 -0.459318
vn 0.887904 0.025562 -0.459318
vn 0.887904 0.025562 -0.459318
vn 0.887904 0.025562 -0.459318
vn -0.030912 0.969579 0.242821
vn -0.030912 0.969579 0.242821
vn 0.183732 -0.419987 0.888737
vn 0.183732 -0.419987 0.888737
vn 0.228626 -0.419845 0.878328
vn 0.228828 -0.419843 0.878277
vn 0.273310 -0.418802 0.865972
vn 0.273310 -0.418802 0.865972
vn -0.943547 0.314074 0.105251
vn -0.943547 0.314074 0.105251
vn -0.943547 0.314074 0.105251
vn -0.943547 0.314074 0.105251
vn -0.999220 0.010388 0.038094
vn -0.999220 0.010388 0.038094
vn -0.999220 0.010388 0.038094
vn -0.999220 0.010388 0.038094
vn -0.968889 -0.003875 0.247465
vn -0.968957 -0.003107 0.247212
vn -0.968955 -0.003124 0.247217
vn -0.968889 -0.003875 0.247465
vn 0.072845 0.994535 -0.074786
vn 0.072845 0.994535 -0.074786
vn -0.032302 0.987993 -0.151086
vn -0.032302 0.987993 -0.151086
vn 0.054522 0.992443 -0.109930
vn 0.054892 0.992442 -0.109752
vn 0.141269 0.987664 -0.067545
vn 0.141269 0.987664 -0.067545
vn -0.893499 0.003074 -0.449054
vn -0.893499 0.003074 -0.449054
vn -0.932115 -0.213770 -0.292343
vn -0.932115 -0.213770 -0.292343
vn -0.932115 -0.213770 -0.292343
vn -0.932115 -0.213770 -0.292343
vn -0.709995 0.545440 -0.445424
vn -0.709995 0.545440 -0.445424
vn -0.709995 0.545440 -0.445424
vn -0.709995 0.545440 -0.445424
vn -0.032546 -0.995330 0.090884
vn -0.027358 -0.962998 0.268118
vn -0.027358 -0.962997 0.268118
vn -0.111022 -0.967116 0.228827
vn -0.110584 -0.967116 0.229039
vn -0.193518 -0.962977 0.187688
vn -0.193518 -0.962977 0.187688
vn 0.857581 0.409597 0.311103
vn 0.857581 0.409597 0.311103
vn 0.857581 0.409597 0.311103
vn 0.857581 0.409597 0.311103
vn 0.787747 0.548534 0.280296
vn 0.787747 0.548534 0.280296
vn 0.787747 0.548534 0.280296
vn 0.787747 0.548534 0.280296
vn 0.805677 -0.214937 0.551984
vn 0.805677 -0.214937 0.551984
vn 0.805677 -0.214937 0.551984
vn 0.805677 -0.214937 0.551984
vn 0.003347 0.998384 -0.056722
vn 0.003347 0.998384 -0.056722
vn -0.102954 0.994676 0.004520
vn -0.102954 0.994676 0.004520
vn -0.009468 0.999758 -0.019862
vn -0.009173 0.999759 -0.019939
vn 0.084236 0.995470 -0.044091
vn 0.084236 0.995470 -0.044091
vn -0.969030 -0.002263 0.246933
vn -0.969030 -0.002263 0.246933
vn -0.905336 -0.227256 0.358778
vn -0.905336 -0.227257 0.358778
vn -0.905336 -0.227257 0.358778
vn -0.905336 -0.227256 0.358778
vn -0.816243 0.551593 0.171734
vn -0.816243 0.551593 0.171734
vn -0.816243 0.551593 0.171734
vn -0.816243 0.551593 0.171734
vn 0.018240 -0.998636 0.048930
vn 0.133071 -0.982358 0.131395
vn 0.133071 -0.982358 0.131395
vn 0.043553 -0.987051 0.154379
vn 0.043434 -0.987052 0.154409
vn -0.046227 -0.983302 0.176015
vn -0.046227 -0.983302 0.176015
vn 0.849592 0.425467 -0.311722
vn 0.849592 0.425467 -0.311721
vn 0.849593 0.425467 -0.311722
vn 0.849592 0.425467 -0.311722
vn 0.796538 0.553239 -0.243830
vn 0.796538 0.553239 -0.243830
vn 0.796538 0.553239 -0.243830
vn 0.796538 0.553239 -0.243830
vn 0.966815 -0.224528 -0.121884
vn 0.966815 -0.224528 -0.121884
vn 0.966815 -0.224528 -0.121884
vn 0.966815 -0.224528 -0.121884
vn -0.597266 0.029319 -0.801507
vn -0.763882 -0.427252 -0.483673
vn -0.679415 -0.733503 0.019213
vn 0.804600 0.561087 -0.194425
vn 0.079506 0.647000 -0.758333
vn 0.714498 -0.235181 0.658925
vn 0.940099 0.203272 0.273669
vn -0.066745 -0.715104 0.695824
vn 0.365040 -0.887251 0.282011
vn 0.677574 -0.710099 -0.191448
vn 0.763760 -0.288556 -0.577414
vn -0.901117 0.110112 0.419360
vn -0.368850 -0.568591 0.735292
vn -0.489363 0.730449 -0.476412
vn -0.854489 0.517502 -0.045163
vn 0.352009 0.493163 -0.795538
vn 0.572952 -0.819577 -0.004438
vn 0.572952 -0.819577 -0.004438
vn 0.572952 -0.819577 -0.004438
vn 0.572952 -0.819577 -0.004438
vn 0.709543 -0.702699 0.052572
vn 0.007208 -0.970202 0.242190
vn -0.641315 -0.767184 -0.012000
vn 0.797627 -0.469474 -0.378662
vn -0.909574 -0.368501 -0.192047
vn -0.909574 -0.368501 -0.192047
vn -0.696127 -0.548930 -0.462691
vn 0.733824 0.363645 -0.573816
vn -0.084430 -0.677490 0.730670
vn -0.564551 -0.768906 0.300109
vn -0.564551 -0.768906 0.300109
vn -0.083729 -0.677159 0.731058
vn -0.812895 -0.463662 -0.352449
vn -0.812895 -0.463662 -0.352449
vn -0.812895 -0.463662 -0.352449
vn -0.812895 -0.463662 -0.352449
vn -0.798563 -0.294180 -0.525124
vn -0.798563 -0.294180 -0.525124
vn -0.798563 -0.294180 -0.525124
vn -0.798563 -0.294180 -0.525124
vn -0.386961 0.417927 -0.821948
vn 0.039848 0.722545 -0.690175
vn 0.039878 0.722559 -0.690158
vn -0.386961 0.417927 -0.821948
vn 0.348508 0.814077 -0.464566
vn 0.348508 0.814077 -0.464566
vn 0.797289 0.404126 0.448345
vn 0.797289 0.404126 0.448345
vn 0.797289 0.404126 0.448345
vn 0.797289 0.404126 0.448345
vn 0.795525 0.384269 0.468484
vn 0.795525 0.384269 0.468484
vn 0.795525 0.384269 0.468484
vn 0.795525 0.384269 0.468484
vn 0.308028 -0.416405 0.855410
vn 0.308028 -0.416405 0.855410
vn 0.388099 0.572823 -0.721979
vn 0.707963 0.137910 -0.692654
vn 0.707963 0.137910 -0.692654
vn 0.388073 0.572847 -0.721974
vn 0.764384 -0.602192 -0.230396
vn 0.764384 -0.602192 -0.230396
vn 0.764384 -0.602192 -0.230396
vn 0.764384 -0.602192 -0.230396
vn 0.674988 -0.736181 -0.049284
vn 0.674988 -0.736181 -0.049284
vn 0.674988 -0.736181 -0.049284
vn 0.674988 -0.736181 -0.049284
vn 0.174966 -0.838101 0.516694
vn -0.343655 -0.536649 0.770655
vn -0.344268 -0.536077 0.770779
vn 0.174966 -0.838101 0.516695
vn -0.645008 -0.153997 0.748498
vn -0.645008 -0.153997 0.748498
vn -0.716582 0.676283 0.170736
vn -0.716582 0.676284 0.170736
vn -0.716582 0.676283 0.170736
vn -0.716582 0.676284 0.170736
vn -0.706210 0.692021 0.149579
vn -0.706210 0.692021 0.149579
vn -0.706210 0.692021 0.149579
vn -0.706210 0.692021 0.149579
vn 0.079245 0.788613 -0.609762
vn 0.079245 0.788613 -0.609762
s 1
g pCube1
usemtl pCube1SG
f 101/1/1 1/2/2 98/3/3 97/4/4
f 99/5/5 2/6/6 103/7/7 102/8/8
f 104/9/9 3/10/10 107/11/11 106/12/12
s 3
f 114/13/13 5/14/14 111/15/15 110/16/16
f 112/17/17 6/18/18 116/19/19 115/20/20
f 117/21/21 7/22/22 120/23/23 119/24/24
f 126/25/25 9/26/26 113/27/27 123/28/28
f 124/29/29 10/30/30 118/31/31 127/32/32
f 128/33/33 11/34/34 122/35/35 130/36/36
f 136/424/37 13/38/38 125/39/39 133/474/40
f 141/401/41 85/42/42 138/43/43 137/473/44
f 145/413/45 15/477/46 132/47/47 142/472/48
f 149/49/49 17/50/50 135/51/51 146/52/52
f 147/53/53 18/54/54 151/470/55 150/56/56
f 152/57/57 19/58/58 144/59/59 154/60/60
f 160/61/61 21/62/62 148/63/63 157/64/64
f 158/65/65 22/66/66 153/67/67 161/68/68
f 162/69/69 23/70/70 156/71/71 164/72/72
f 171/73/73 90/74/74 168/75/75 167/76/76
f 169/77/77 91/78/78 173/79/79 172/80/80
f 174/81/81 92/82/82 177/83/83 176/84/84
s 10
f 184/85/85 49/86/86 181/87/87 180/88/88
s 1
f 187/464/89 30/90/90 175/91/91 185/469/92
s 12
f 192/93/93 53/94/94 189/95/95 188/96/96
s off
f 108/97/97 4/98/98 194/99/99 193/100/100
s 3
f 121/101/101 8/102/102 197/103/103 196/104/104
s 13
f 378/105/105 377/106/106 379/107/107 380/108/108
s off
f 171/73/109 29/109/110 204/110/111 203/111/112
s 3
f 160/61/61 25/112/113 207/113/114 206/114/115
s 14
f 386/501/116 387/116/117 388/117/118 389/118/119
s 15
f 216/119/120 29/109/121 170/120/122 213/121/123
s 1
f 214/122/124 30/90/90 187/464/89 217/123/125
f 218/124/126 2/6/6 98/3/127 220/125/128
s 17
f 221/126/129 1/2/130 204/462/131 223/127/132
s 18
f 228/128/133 31/129/134 179/130/135 225/131/136
s 19
f 226/132/137 32/133/138 194/460/139 229/134/140
s 1
f 230/135/141 4/98/142 107/11/143 232/136/144
f 233/137/145 3/10/10 186/458/146 235/139/147
s 21
f 240/140/148 33/141/149 215/142/150 237/143/151
f 238/144/152 34/145/153 219/454/154 241/147/155
f 242/148/156 35/149/157 222/150/158 244/151/159
f 245/152/160 36/153/161 224/447/162 247/155/163
s 22
f 252/156/164 37/157/165 227/158/166 249/159/167
f 250/160/168 38/161/169 231/441/170 253/163/171
f 254/164/172 39/165/173 234/166/174 256/167/175
f 257/168/176 40/169/177 236/434/178 259/171/179
s 23
f 263/524/180 41/479/181 239/174/182 261/528/183
s off
f 262/176/184 42/177/185 243/178/186 264/527/187
s 24
f 270/511/188 58/181/189 267/182/190 266/525/191
s off
f 272/516/192 44/448/193 248/186/194 271/523/195
s 25
f 275/518/196 45/478/197 251/190/198 273/522/199
s off
f 274/192/200 46/193/201 255/194/202 276/521/203
s 26
f 282/505/204 62/197/205 279/198/206 278/519/207
s off
f 284/510/208 48/435/209 260/202/210 283/517/211
s 27
f 287/204/212 43/450/213 246/206/214 285/207/215
s off
f 286/208/216 44/448/217 272/516/218 288/209/219
s 10
f 289/210/220 52/211/221 183/212/222 290/213/223
s 28
f 291/214/224 51/215/225 265/513/226 292/217/227
s 29
f 295/218/228 47/437/229 258/220/230 293/221/231
s off
f 294/222/232 48/435/233 284/510/234 296/223/235
s 12
f 297/224/236 56/225/237 191/226/238 298/227/239
s 30
f 299/228/240 55/229/241 277/507/242 300/231/243
s 3
f 304/232/244 12/233/245 198/430/246 301/235/247
f 302/236/248 24/237/249 155/238/250 305/239/251
f 306/240/252 20/241/253 143/428/254 308/243/255
f 309/244/256 16/245/257 131/246/258 311/247/259
f 316/248/260 21/62/62 208/426/261 313/250/262
f 314/251/263 9/26/26 126/25/25 317/252/264
f 318/253/265 13/38/38 136/424/37 320/254/266
f 321/255/267 17/50/50 149/49/49 323/256/268
f 327/257/269 66/258/270 303/422/271 325/260/272
f 326/261/273 65/262/274 307/263/275 328/264/276
f 329/265/277 67/266/278 310/420/279 330/268/280
f 331/269/281 68/270/282 312/271/283 332/272/284
f 335/273/285 69/274/286 315/418/287 333/276/288
f 334/277/289 70/278/290 319/279/291 336/280/292
f 337/281/293 71/282/294 322/416/295 338/284/296
f 339/285/297 72/286/298 324/287/299 340/288/300
s off
f 344/289/301 14/480/302 129/291/303 341/292/304
s 3
f 342/293/305 15/46/306 145/414/45 345/294/307
f 346/295/308 19/471/58 151/55/309 348/296/310
f 349/297/311 18/475/54 134/410/312 351/299/313
f 355/300/314 81/301/315 343/302/316 353/303/317
f 354/304/318 82/305/319 347/406/320 356/307/321
f 357/308/322 83/309/323 350/310/324 358/311/325
f 359/312/326 84/313/327 352/403/328 360/315/329
f 363/316/330 90/74/74 205/400/331 361/318/332
f 363/316/330 25/112/113 159/319/333 364/320/334
f 365/321/335 26/322/336 163/323/337 366/324/338
f 367/325/339 27/326/340 166/327/341 368/328/342
f 371/329/343 94/330/344 195/397/345 370/332/346
f 373/333/347 95/334/348 109/335/349 372/336/350
f 375/337/351 96/338/352 105/339/353 374/340/354
f 362/341/355 89/342/356 100/343/357 376/344/358
s 1
f 98/3/3 2/6/6 99/5/5 97/4/4
s 3
f 99/5/359 96/338/352 100/343/357 97/4/360
f 100/343/357 89/342/356 101/1/361 97/4/360
s 1
f 103/7/7 3/10/10 104/9/9 102/8/362
s 3
f 104/9/363 95/334/348 105/339/353 102/8/364
f 105/339/353 96/338/352 99/5/359 102/8/364
s 1
f 107/11/11 4/98/365 108/97/366 106/12/12
s 3
f 108/97/367 94/330/344 109/335/349 106/12/368
f 109/335/349 95/334/348 104/9/363 106/12/368
f 111/15/15 6/18/18 112/17/17 110/16/16
f 112/17/17 10/30/30 113/27/27 110/16/16
f 113/27/27 9/26/26 114/13/13 110/16/16
f 116/19/19 7/22/22 117/21/21 115/20/20
f 117/21/21 11/34/34 118/31/31 115/20/20
f 118/31/31 10/30/30 112/17/17 115/20/20
f 120/23/23 8/102/102 121/101/101 119/24/24
f 121/101/101 12/233/245 122/35/35 119/24/24
f 122/35/35 11/34/34 117/21/21 119/24/24
f 113/27/27 10/30/30 124/29/29 123/28/28
f 124/29/29 14/290/369 125/39/39 123/28/28
f 125/39/39 13/38/38 126/25/25 123/28/28
f 118/31/31 11/34/34 128/33/33 127/32/32
f 128/33/33 15/477/46 129/476/370 127/32/32
f 129/476/370 14/290/369 124/29/29 127/32/32
f 122/35/35 12/233/245 131/246/258 130/36/36
f 131/246/258 16/245/257 132/47/47 130/36/36
f 132/47/47 15/477/46 128/33/33 130/36/36
f 125/39/39 14/290/369 134/408/312 133/474/40
f 134/409/312 18/54/54 135/51/51 133/40/40
f 135/51/51 17/50/50 136/37/37 133/40/40
f 138/43/43 86/345/371 139/346/372 137/473/44
f 139/404/372 87/347/373 140/348/374 137/44/44
f 140/348/374 88/349/375 141/41/41 137/44/44
f 132/47/47 16/245/257 143/242/254 142/472/48
f 143/428/254 20/241/253 144/59/59 142/48/48
f 144/59/59 19/58/58 145/412/45 142/48/48
f 135/51/51 18/54/54 147/53/53 146/52/52
f 147/53/53 22/66/66 148/63/63 146/52/52
f 148/63/63 21/62/62 149/49/49 146/52/52
f 151/470/55 19/58/58 152/57/57 150/56/56
f 152/57/57 23/70/70 153/67/67 150/56/56
f 153/67/67 22/66/66 147/53/53 150/56/56
f 144/59/59 20/241/253 155/238/250 154/60/60
f 155/238/250 24/237/249 156/71/71 154/60/60
f 156/71/71 23/70/70 152/57/57 154/60/60
f 148/63/63 22/66/66 158/65/65 157/64/64
f 158/65/65 26/322/336 159/319/333 157/64/64
f 159/319/333 25/112/113 160/61/61 157/64/64
f 153/67/67 23/70/70 162/69/69 161/68/68
f 162/69/69 27/326/340 163/323/337 161/68/68
f 163/323/337 26/322/336 158/65/65 161/68/68
f 156/71/71 24/237/249 165/350/376 164/72/72
f 165/350/376 28/351/377 166/327/341 164/72/72
f 166/327/341 27/326/340 162/69/69 164/72/72
f 168/75/75 91/78/78 169/77/77 167/76/76
s 1
f 169/77/378 30/90/90 170/120/379 167/76/380
f 170/120/379 29/109/381 171/73/382 167/76/380
s 3
f 173/79/79 92/82/82 174/81/81 172/80/80
s 1
f 174/81/383 31/129/384 175/91/91 172/80/385
f 175/91/91 30/90/90 169/77/378 172/80/386
s 3
f 177/83/83 93/352/387 178/353/388 176/84/84
s 1
f 178/353/389 32/133/390 179/130/391 176/84/392
f 179/130/391 31/129/384 174/81/383 176/84/392
s 10
f 181/87/87 50/354/393 182/355/394 180/88/88
f 182/355/394 51/215/395 183/212/222 180/88/88
f 183/212/222 52/211/221 184/85/85 180/88/88
s 1
f 175/91/91 31/129/384 186/138/146 185/469/92
f 186/458/146 3/10/10 103/7/7 185/92/92
f 103/7/7 2/6/6 187/89/89 185/92/92
s 12
f 189/95/95 54/356/396 190/357/397 188/96/96
f 190/357/397 55/229/398 191/226/238 188/96/96
f 191/226/238 56/225/237 192/93/93 188/96/96
s off
f 194/460/399 32/133/400 178/353/401 193/468/402
s 3
f 178/353/388 93/352/387 195/331/345 193/468/403
f 195/397/345 94/330/344 108/97/367 193/100/403
f 197/395/103 28/351/377 165/350/376 196/467/104
f 165/350/376 24/237/249 198/234/404 196/467/104
f 198/430/404 12/233/245 121/101/101 196/104/104
s 41
f 379/107/405 381/358/406 382/503/407 380/108/408
f 382/359/407 383/360/409 384/361/410 380/108/408
s 13
f 384/361/411 385/362/412 378/105/105 380/108/108
s off
f 204/462/413 1/2/414 101/1/415 203/466/416
s 3
f 101/1/361 89/342/356 205/317/331 203/466/417
f 205/400/331 90/74/74 171/73/73 203/111/417
f 207/398/114 5/14/14 114/13/13 206/465/115
f 114/13/13 9/26/26 208/249/418 206/465/115
f 208/426/418 21/62/62 160/61/61 206/114/115
s 42
f 388/117/419 390/363/420 391/364/421 389/118/422
f 391/364/421 392/365/423 393/366/424 389/118/422
s 14
f 393/366/425 394/367/426 386/115/116 389/118/119
s 15
f 170/120/122 30/90/427 214/122/428 213/121/123
f 214/122/428 34/145/429 215/142/430 213/121/123
f 215/142/430 33/141/431 216/119/120 213/121/123
s 1
f 187/89/89 2/6/6 218/124/126 217/463/432
f 218/124/126 35/149/433 219/146/434 217/463/432
f 219/454/435 34/145/436 214/122/124 217/123/125
f 98/3/127 1/2/437 221/126/438 220/125/128
f 221/126/438 36/153/439 222/150/440 220/125/128
f 222/150/440 35/149/441 218/124/126 220/125/128
s 43
f 204/110/442 29/109/443 216/119/444 223/461/445
f 216/119/444 33/141/446 224/154/447 223/461/445
s 17
f 224/447/448 36/153/449 221/126/129 223/127/132
s 18
f 179/130/135 32/133/450 226/132/451 225/131/136
f 226/132/451 38/161/452 227/158/453 225/131/136
f 227/158/453 37/157/454 228/128/133 225/131/136
s 44
f 194/99/455 4/98/456 230/135/457 229/459/458
f 230/135/457 39/165/459 231/162/460 229/459/458
s 19
f 231/441/461 38/161/462 226/132/137 229/134/140
s 1
f 107/11/143 3/10/10 233/137/145 232/136/144
f 233/137/145 40/169/463 234/166/464 232/136/144
f 234/166/464 39/165/465 230/135/141 232/136/144
f 186/138/146 31/129/384 228/128/466 235/457/467
f 228/128/466 37/157/468 236/170/469 235/457/467
f 236/434/470 40/169/471 233/137/145 235/139/147
s 21
f 215/142/150 34/145/153 238/144/152 237/143/151
f 238/144/152 42/456/472 239/455/473 237/143/151
f 239/455/473 41/173/474 240/140/148 237/143/151
f 219/146/154 35/149/157 242/148/156 241/453/155
f 242/148/156 43/205/475 243/451/476 241/453/155
f 243/452/476 42/456/472 238/144/152 241/147/155
f 222/150/158 36/153/161 245/152/160 244/151/159
f 245/152/160 44/185/477 246/449/478 244/151/159
f 246/449/478 43/205/475 242/148/156 244/151/159
f 224/154/162 33/141/149 240/140/148 247/446/163
f 240/140/148 41/173/474 248/444/479 247/446/163
f 248/445/479 44/185/477 245/152/160 247/155/163
s 22
f 227/158/166 38/161/169 250/160/168 249/159/167
f 250/160/168 46/443/480 251/442/481 249/159/167
f 251/442/481 45/189/482 252/156/164 249/159/167
f 231/162/170 39/165/173 254/164/172 253/440/171
f 254/164/172 47/219/483 255/438/484 253/440/171
f 255/439/484 46/443/480 250/160/168 253/163/171
f 234/166/174 40/169/177 257/168/176 256/167/175
f 257/168/176 48/201/485 258/436/486 256/167/175
f 258/436/486 47/219/483 254/164/172 256/167/175
f 236/170/178 37/157/165 252/156/164 259/433/179
f 252/156/164 45/189/482 260/431/487 259/433/179
f 260/432/487 48/201/485 257/168/176 259/171/179
s 23
f 239/174/182 42/177/488 262/176/489 261/528/183
s 45
f 262/526/490 50/354/491 181/87/492 261/175/493
f 181/87/492 49/86/494 263/172/495 261/175/493
s off
f 243/178/496 43/450/497 265/216/498 264/527/499
s 28
f 265/513/226 51/215/225 182/355/500 264/179/501
s off
f 182/355/502 50/354/503 262/526/504 264/179/505
s 24
f 267/182/190 57/368/506 268/369/507 266/525/191
s 46
f 268/514/508 59/370/509 269/371/510 266/183/511
f 269/371/510 60/372/512 270/180/513 266/183/511
s off
f 248/186/514 41/479/515 263/524/516 271/523/517
f 263/172/518 49/86/519 184/85/520 271/187/521
s 47
f 184/85/522 52/211/523 272/184/524 271/187/525
s 25
f 251/190/198 46/193/526 274/192/527 273/522/199
s 48
f 274/520/528 54/356/529 189/95/530 273/191/531
f 189/95/530 53/94/532 275/188/533 273/191/531
s off
f 255/194/534 47/437/535 277/230/536 276/521/537
s 30
f 277/507/242 55/229/241 190/357/538 276/195/539
s off
f 190/357/540 54/356/541 274/520/542 276/195/543
s 26
f 279/198/206 61/373/544 280/374/545 278/519/207
s 49
f 280/508/546 63/375/547 281/376/548 278/199/549
f 281/376/548 64/377/550 282/196/551 278/199/549
s off
f 260/202/552 45/478/553 275/518/554 283/517/555
f 275/188/556 53/94/557 192/93/558 283/203/559
s 50
f 192/93/560 56/225/561 284/200/562 283/203/563
s 27
f 246/206/214 44/448/564 286/208/565 285/207/215
s 51
f 286/208/566 57/368/567 267/182/568 285/207/569
f 267/182/568 58/181/570 287/204/571 285/207/569
s 47
f 272/184/524 52/211/523 289/210/572 288/515/573
s off
f 289/210/574 59/370/575 268/514/576 288/515/577
f 268/369/578 57/368/579 286/208/580 288/209/581
s 10
f 183/212/222 51/215/395 291/214/582 290/213/223
s 52
f 291/214/583 60/372/584 269/371/585 290/213/586
f 269/371/585 59/370/587 289/210/588 290/213/586
s off
f 265/216/589 43/450/590 287/204/591 292/512/592
f 287/204/593 58/181/594 270/511/595 292/512/596
f 270/180/597 60/372/598 291/214/599 292/217/600
s 29
f 258/220/230 48/435/601 294/222/602 293/221/231
s 53
f 294/222/603 61/373/604 279/198/605 293/221/606
f 279/198/605 62/197/607 295/218/608 293/221/606
s 50
f 284/200/562 56/225/561 297/224/609 296/509/610
s off
f 297/224/611 63/375/612 280/508/613 296/509/614
f 280/374/615 61/373/616 294/222/617 296/223/618
s 12
f 191/226/238 55/229/398 299/228/619 298/227/239
s 54
f 299/228/620 64/377/621 281/376/622 298/227/623
f 281/376/622 63/375/624 297/224/625 298/227/623
s off
f 277/230/626 47/437/627 295/218/628 300/506/629
f 295/218/630 62/197/631 282/505/632 300/506/633
f 282/196/634 64/377/635 299/228/636 300/231/637
s 3
f 198/234/246 24/237/249 302/236/248 301/429/247
f 302/236/248 65/262/274 303/259/271 301/429/247
f 303/422/271 66/258/270 304/232/244 301/235/247
f 155/238/250 20/241/253 306/240/252 305/239/251
f 306/240/252 67/266/278 307/263/275 305/239/251
f 307/263/275 65/262/274 302/236/248 305/239/251
f 143/242/254 16/245/257 309/244/256 308/427/255
f 309/244/256 68/270/282 310/267/279 308/427/255
f 310/420/279 67/266/278 306/240/252 308/243/255
f 131/246/258 12/233/245 304/232/244 311/247/259
f 304/232/244 66/258/270 312/271/283 311/247/259
f 312/271/283 68/270/282 309/244/256 311/247/259
f 208/249/261 9/26/26 314/251/263 313/425/262
f 314/251/263 70/278/290 315/275/287 313/425/262
f 315/418/287 69/274/286 316/248/260 313/250/262
f 126/25/25 13/38/38 318/253/265 317/252/264
f 318/253/265 71/282/294 319/279/291 317/252/264
f 319/279/291 70/278/290 314/251/263 317/252/264
f 136/37/37 17/50/50 321/255/267 320/423/266
f 321/255/267 72/286/298 322/283/295 320/423/266
f 322/416/295 71/282/294 318/253/265 320/254/266
f 149/49/49 21/62/62 316/248/260 323/256/268
f 316/248/260 69/274/286 324/287/299 323/256/268
f 324/287/299 72/286/298 321/255/267 323/256/268
f 303/259/271 65/262/274 326/261/273 325/421/272
f 326/261/273 73/497/638 199/498/639 325/421/272
f 199/499/639 74/500/640 327/257/269 325/260/272
f 307/263/275 67/266/278 329/265/277 328/264/276
f 329/265/277 75/495/641 200/496/642 328/264/276
f 200/496/642 73/497/638 326/261/273 328/264/276
f 310/267/279 68/270/282 331/269/281 330/419/280
f 331/269/281 76/492/643 201/493/644 330/419/280
f 201/494/644 75/495/641 329/265/277 330/268/280
f 312/271/283 66/258/270 327/257/269 332/272/284
f 327/257/269 74/500/640 202/491/645 332/272/284
f 202/491/645 76/492/643 331/269/281 332/272/284
f 315/275/287 70/278/290 334/277/289 333/417/288
f 334/277/289 78/490/646 209/488/647 333/417/288
f 209/489/647 77/482/648 335/273/285 333/276/288
f 319/279/291 71/282/294 337/281/293 336/280/292
f 337/281/293 79/487/649 210/486/650 336/280/292
f 210/486/650 78/490/646 334/277/289 336/280/292
f 322/283/295 72/286/298 339/285/297 338/415/296
f 339/285/297 80/485/651 211/483/652 338/415/296
f 211/484/652 79/487/649 337/281/293 338/284/296
f 324/287/299 69/274/286 335/273/285 340/288/300
f 335/273/285 77/482/648 212/481/653 340/288/300
f 212/481/653 80/485/651 339/285/297 340/288/300
s off
f 129/291/654 15/46/655 342/293/656 341/292/657
s 3
f 342/293/658 82/305/319 343/302/316 341/292/659
f 343/302/316 81/301/315 344/289/660 341/292/659
f 145/45/45 19/471/58 346/295/308 345/411/307
f 346/295/308 83/309/323 347/306/320 345/411/661
f 347/406/320 82/305/319 342/293/658 345/294/661
f 151/55/309 18/475/54 349/297/311 348/296/310
f 349/297/311 84/313/327 350/310/324 348/296/310
f 350/310/324 83/309/323 346/295/308 348/296/310
f 134/298/312 14/480/662 344/289/663 351/407/313
f 344/289/660 81/301/315 352/314/328 351/407/664
f 352/403/328 84/313/327 349/297/311 351/299/664
f 343/302/316 82/305/319 354/304/318 353/303/317
f 354/304/318 86/345/371 138/43/43 353/303/317
f 138/43/43 85/42/42 355/300/314 353/303/317
f 347/306/320 83/309/323 357/308/322 356/405/321
f 357/308/322 87/347/373 139/404/372 356/405/321
f 139/346/372 86/345/371 354/304/318 356/307/321
f 350/310/324 84/313/327 359/312/326 358/311/325
f 359/312/326 88/349/375 140/348/374 358/311/325
f 140/348/374 87/347/373 357/308/322 358/311/325
f 352/314/328 81/301/315 355/300/314 360/402/329
f 355/300/314 85/42/42 141/401/41 360/402/329
f 141/41/41 88/349/375 359/312/326 360/315/329
f 205/317/331 89/342/356 362/341/355 361/399/332
f 362/341/355 5/14/14 207/398/114 361/399/332
f 207/113/114 25/112/113 363/316/330 361/318/332
f 159/319/333 26/322/336 365/321/335 364/320/334
f 365/321/335 91/78/78 168/75/75 364/320/334
f 168/75/75 90/74/74 363/316/330 364/320/334
f 163/323/337 27/326/340 367/325/339 366/324/338
f 367/325/339 92/82/82 173/79/79 366/324/338
f 173/79/79 91/78/78 365/321/335 366/324/338
f 166/327/341 28/351/377 369/394/665 368/328/342
f 369/394/665 93/352/387 177/83/83 368/328/342
f 177/83/83 92/82/82 367/325/339 368/328/342
f 195/331/345 93/352/387 369/394/665 370/396/346
f 369/394/665 28/351/377 197/395/103 370/396/346
f 197/103/103 8/102/102 371/329/343 370/332/346
f 109/335/349 94/330/344 371/329/343 372/336/350
f 371/329/343 8/102/102 120/23/23 372/336/350
f 120/23/23 7/22/22 373/333/347 372/336/350
f 105/339/353 95/334/348 373/333/347 374/340/354
f 373/333/347 7/22/22 116/19/19 374/340/354
f 116/19/19 6/18/18 375/337/351 374/340/354
f 100/343/357 96/338/352 375/337/351 376/344/358
f 375/337/351 6/18/18 111/15/15 376/344/358
f 111/15/15 5/14/14 362/341/355 376/344/358
s 55
f 202/385/666 74/380/667 377/106/668 378/105/669
s off
f 74/380/670 199/379/671 379/107/672 377/106/673
f 199/379/674 73/378/675 381/358/676 379/107/677
s 56
f 73/378/678 200/504/679 382/503/680 381/358/681
f 200/382/679 75/381/682 383/360/683 382/359/680
s off
f 75/381/684 201/384/685 384/361/686 383/360/687
f 201/384/688 76/383/689 385/362/690 384/361/691
s 55
f 76/383/692 202/385/666 378/105/669 385/362/693
s 57
f 212/393/694 77/388/695 387/116/696 386/501/697
s off
f 77/388/698 209/387/699 388/117/700 387/116/701
f 209/387/702 78/386/703 390/363/704 388/117/705
s 58
f 78/386/706 210/390/707 391/364/708 390/363/709
f 210/390/707 79/389/710 392/365/711 391/364/708
s off
f 79/389/712 211/392/713 393/366/714 392/365/715
f 211/392/716 80/391/717 394/367/718 393/366/719
s 57
f 80/391/720 212/502/694 386/115/697 394/367/721
