# This file uses centimeters as units for non-parametric coordinates.

mtllib my_animation.0061.mtl
g default
v -19.402967 72.836266 3.658233
v -6.137723 73.167603 6.892438
v 5.472615 73.007774 8.740939
v 19.490128 72.955452 7.588468
v -19.673546 101.793777 3.716137
v -8.856806 101.843300 14.540678
v 9.316105 101.876686 15.808455
v 21.651157 101.836800 6.720647
v -14.042132 129.325836 2.531162
v -7.497106 126.731033 11.758368
v 7.658954 127.454872 12.755412
v 15.460371 131.140884 5.151222
v -18.791798 136.489929 6.227357
v -6.036736 145.597443 4.453208
v 5.379817 146.150406 5.205039
v 18.777849 138.637711 9.294061
v -22.900322 136.204865 -3.031059
v -7.134653 145.889511 -7.655353
v 8.050434 146.653961 -6.628523
v 24.115246 138.375443 0.205127
v -15.975957 129.818405 -5.343677
v -5.964942 127.301308 -11.924534
v 9.189966 128.023148 -10.926667
v 18.082909 132.019455 -2.637462
v -18.777025 101.720329 -9.149612
v -5.450190 101.691948 -12.083827
v 9.695479 101.724480 -11.004035
v 22.568626 101.761932 -6.434202
v -16.529211 72.529251 -8.774863
v -3.693743 69.176949 -5.326072
v 5.087171 67.676704 -3.181210
v 18.237913 70.817955 -5.221591
v -13.823357 39.203907 -5.678979
v -6.565573 39.488262 -3.421104
v -10.234043 39.404339 8.503741
v -17.540714 39.069855 6.284808
v 11.169820 38.422054 4.965199
v 18.845486 38.598751 3.498996
v 21.174776 40.794586 15.870255
v 13.500041 40.616081 17.329460
v -11.426848 5.700364 -11.273071
v -4.803000 5.577081 -8.019637
v -9.548876 5.025495 1.540260
v -16.150566 5.092915 -1.741544
v 13.704140 5.472870 1.203618
v 21.021847 5.782321 -0.559624
v 23.605524 5.342486 10.053287
v 16.288076 5.212662 11.847794
v -11.636744 0.006565 -12.434131
v -3.740753 -0.061848 -8.475822
v -9.089215 -0.499295 5.460826
v -19.622898 -0.477005 0.151699
v 12.852250 -0.056952 0.470249
v 21.614628 0.145228 -1.669994
v 26.488924 -0.199728 12.529078
v 15.036412 -0.318497 15.347501
v -25.174101 5.496476 13.931000
v -16.880989 5.492299 18.117432
v -25.376642 1.971865 14.331828
v -17.082788 1.967937 18.516788
v 19.804615 5.135644 29.670830
v 28.820538 5.218634 27.432800
v 19.891161 1.596708 29.926754
v 28.909626 1.683627 27.699121
v 22.633207 110.777672 -2.491735
v 15.491203 110.025818 6.015360
v 30.493818 113.102257 4.364638
v 23.318964 112.569481 12.857876
v -22.536674 108.329552 -5.289516
v -14.972716 107.884300 2.901515
v -22.479864 110.620430 9.989655
v -30.065092 110.959785 1.821220
v 28.635277 83.984253 1.763503
v 22.359058 83.262848 9.219416
v 31.364553 85.000160 4.159184
v 25.088448 84.278755 11.615144
v -27.682163 81.539955 0.811855
v -21.002934 81.358963 7.943227
v -23.622538 82.454842 10.424559
v -30.301767 82.635834 3.293185
v -8.788146 155.882553 8.012956
v 6.874082 156.654144 8.724015
v 10.628648 156.378113 -7.512686
v -11.043688 155.198685 -8.481510
v -9.293352 176.751282 7.722842
v 5.541743 177.474442 8.252961
v 5.677924 180.502075 -9.421065
v -8.464104 179.812698 -9.926418
v -19.533226 82.323547 4.019804
v -17.789766 81.537491 -8.693557
v -4.609017 80.964684 -9.825996
v 7.071074 79.940674 -8.646132
v 19.841545 79.666847 -5.290765
v 19.256077 80.966194 7.750519
v 6.819925 81.663345 10.964793
v -7.957303 82.300400 9.528427
v -14.422199 77.684616 7.265637
v -14.177513 73.093971 6.794823
v -7.572191 77.746483 8.921617
v -14.793779 82.403336 7.609022
v -19.616753 77.528763 3.820807
v -0.686234 77.924744 9.831512
v -0.562925 73.211693 9.695695
v 6.365063 77.391830 10.349617
v -0.555537 81.966484 10.226193
v 13.506036 77.291550 9.886341
v 13.760647 73.201187 9.816577
v 19.287287 76.976807 7.453731
v 13.849962 81.378281 10.310515
v -15.102373 114.325302 8.329234
v -15.802319 101.813377 9.436424
v -9.013887 114.154419 12.890408
v -13.371264 126.805603 7.614029
v -18.538393 114.297020 3.443881
v 0.380513 113.222069 13.840413
v 0.171392 101.862953 16.033115
v 9.763840 114.692184 14.161122
v 0.160989 127.127251 11.017795
v 15.961732 115.090897 10.436642
v 16.896017 101.863312 11.718474
v 20.047401 115.155128 6.361567
v 13.912547 128.079773 9.516961
v -12.465498 136.798309 7.414500
v -6.961995 139.244873 8.844899
v -14.349977 144.438354 5.307957
v -15.680527 132.014008 5.951136
v -0.291139 138.846878 9.381766
v 6.324557 139.879242 9.718988
v -0.534720 148.084549 6.513034
v 12.252679 138.125214 9.091898
v 16.309563 134.319443 8.795207
v 13.221046 145.658798 7.463030
v -15.177607 146.329483 -0.727971
v -6.725698 148.243011 -1.412522
v -16.910419 144.175873 -6.744243
v -20.972696 136.750961 1.819821
v -2.067952 182.705383 5.735991
v -1.890547 177.112869 8.400478
v 6.704808 180.876831 1.914192
v -1.355642 180.820343 -11.626122
v -11.265060 180.000885 1.289902
v 15.099454 147.552490 1.817612
v 21.598154 138.856110 5.063453
v 18.219671 145.616608 -3.860167
v 6.557487 148.899185 -0.527784
v -14.646539 137.371872 -9.537343
v -6.688411 139.675781 -11.025765
v -13.354647 127.335091 -10.833507
v -20.954077 132.679779 -5.963763
v 0.962247 140.038742 -10.535278
v 0.320752 149.007629 -8.075857
v 8.708451 140.412079 -9.990961
v 1.614286 127.656433 -11.425969
v 16.782169 138.798935 -7.128247
v 22.471771 134.934570 -2.852782
v 16.521469 128.808914 -8.693196
v -13.013695 114.635406 -11.630933
v -5.471624 114.507713 -12.130570
v -13.124288 101.698044 -11.941119
v -17.936573 114.340050 -8.414983
v 2.123174 114.744171 -11.628723
v 9.676173 114.957260 -11.101708
v 2.180188 101.673347 -11.574311
v 16.982470 115.449028 -9.546430
v 21.528952 115.338852 -5.647736
v 17.213442 101.743729 -9.823314
v -11.287937 76.908257 -10.230737
v -11.840199 81.217705 -10.597252
v -4.290420 76.713028 -9.143953
v -10.525957 72.561928 -9.928896
v -17.256536 77.025352 -8.706222
v 0.982079 76.256851 -8.107357
v 1.282985 80.499046 -9.145371
v 6.264447 75.432610 -7.751354
v 0.846579 71.743317 -7.014602
v 13.188342 75.087837 -7.665176
v 14.219470 79.624100 -8.077011
v 18.915606 75.229202 -5.418981
v 12.287431 70.487061 -6.961069
v -10.453902 -0.391163 -4.966347
v -6.577359 0.053879 -12.738692
v -5.173872 -0.323263 -2.341494
v -14.361319 -0.531569 2.816299
v -15.716582 -0.247060 -7.637587
v -0.107649 70.208908 8.374372
v 6.652926 59.024448 5.111825
v -4.667961 60.030525 0.531889
v 18.726019 -0.195381 5.513180
v 16.696800 0.094127 -2.904551
v 24.457546 -0.026362 4.096719
v 20.762844 -0.282439 13.944311
v 13.005801 -0.246261 6.901223
v 20.530256 76.019539 0.649415
v 20.178030 71.819344 0.726448
v 21.125187 80.230133 0.954059
v 22.493629 114.449745 0.358143
v 24.146013 101.792549 -0.052719
v 16.329008 130.441162 0.763690
v 24.851095 83.405411 5.103934
v 30.357338 84.467674 2.009884
v 28.188667 84.647743 8.033562
v 22.682352 83.585480 11.127582
v -19.870985 77.249008 -3.125646
v -19.265100 72.625610 -3.282167
v -20.270653 81.944839 -2.941560
v -19.909891 113.395363 -2.805679
v -21.361858 101.759079 -3.230026
v -14.702888 128.392456 -2.454261
v -23.713305 81.222420 3.967948
v -21.231092 81.781815 9.845530
v -26.916761 82.562546 7.002314
v -29.398973 82.003151 1.124732
v -9.849403 56.901554 -8.207599
v -6.235328 56.174297 -4.908272
v -9.655423 39.372047 -5.652932
v -15.057462 55.722149 -7.404830
v -6.186152 56.468403 1.701171
v -9.615825 56.320480 7.336185
v -7.159683 39.476353 3.389235
v -14.378111 57.093456 8.152681
v -18.480417 55.845516 4.821527
v -14.439541 39.243969 9.867991
v -18.014908 55.851261 -1.647653
v -16.880131 39.077679 0.355304
v 13.039116 55.040024 -2.404837
v 18.350134 54.569061 -1.110747
v 14.645681 38.314651 3.186355
v 9.063744 54.437904 0.569612
v 20.637466 55.987007 4.922363
v 20.572969 57.118183 11.438176
v 21.098978 39.781815 9.885015
v 15.942656 58.376793 14.008842
v 11.301361 56.992142 13.123358
v 17.602314 41.124466 18.906176
v 8.503941 55.820782 7.128312
v 11.073894 39.534412 11.789641
v -7.608521 22.975277 -9.190195
v -4.852843 23.006514 -5.510479
v -7.203546 5.762805 -11.544321
v -12.319435 23.191952 -8.980371
v -6.209074 22.121969 0.776720
v -10.215359 21.599075 5.890677
v -5.942755 5.245206 -2.954864
v -14.781029 21.068878 6.071784
v -17.681187 21.754406 2.465647
v -14.215366 5.020072 2.555708
v -16.194992 22.353468 -3.817652
v -14.778819 5.371935 -7.306838
v 15.463407 22.606853 0.066446
v 20.039316 23.246693 1.083710
v 16.916920 5.691813 -1.594584
v 11.874494 22.505381 2.980701
v 22.750860 22.872345 7.107003
v 23.067961 22.574760 13.701962
v 23.386824 5.601067 4.214943
v 19.427460 21.748590 16.556005
v 14.911494 21.880335 15.595997
v 20.661293 5.252640 13.774679
v 12.085772 21.933674 9.590977
v 13.825743 5.264864 6.529149
v -6.590531 2.946204 -12.726331
v -3.742787 2.813398 -8.480099
v -11.648091 2.900277 -12.420400
v -5.150139 2.519611 -2.379852
v -9.013855 2.329424 5.318315
v -21.990902 5.491634 17.933491
v -20.971684 6.461210 15.913665
v -27.256874 5.492077 15.276458
v -21.285141 1.006434 16.533997
v -16.724934 5.491192 20.590523
v -15.703925 2.627248 -7.651611
v -19.551353 2.359288 0.017979
v 16.658808 2.952035 -2.881729
v 21.575392 3.017755 -1.647162
v 12.812811 2.772633 0.485294
v 24.414845 2.843839 4.092235
v 26.435352 2.619852 12.438108
v 24.824883 5.071647 30.623661
v 24.289169 6.142493 28.482813
v 19.099724 5.022494 32.041615
v 24.424541 0.668599 28.884764
v 30.549292 5.128849 29.202904
v 12.964235 2.573169 6.886888
v 14.984093 2.501751 15.258343
v -17.582602 5.486331 9.200279
v -22.234138 5.491951 6.846710
v -12.933704 5.486829 11.556084
v -22.972708 2.822666 6.786445
v -23.106310 0.028591 7.050700
v -17.839031 0.024118 9.706302
v -12.571599 0.023684 12.360079
v -12.441995 2.816710 12.104587
v 22.469271 5.550126 21.098127
v 17.413410 5.514438 22.363644
v 27.525209 5.585829 19.832054
v 16.803352 2.829399 22.680517
v 16.863800 0.023750 22.844395
v 22.590927 0.065599 21.435415
v 28.317125 0.107259 20.025238
v 28.252768 2.911116 19.842255
v 17.130274 121.387177 0.617805
v 20.965981 121.798470 -2.116851
v 17.880308 110.020889 0.727969
v 15.327842 121.531418 5.081008
v 24.625986 122.633965 -0.315544
v 27.525436 123.633011 3.505123
v 27.040802 111.954506 -0.286664
v 25.156193 123.802956 7.457964
v 21.800825 123.515862 10.621297
v 27.466995 113.011993 9.101585
v 17.729790 122.438698 8.458217
v 18.291651 111.136993 10.110000
v -16.568428 118.953384 -2.606978
v -14.573780 119.011055 1.741268
v -17.627251 107.646713 -2.259951
v -20.597775 119.547325 -5.127360
v -17.035055 120.058815 5.247582
v -21.214214 121.530510 7.551782
v -17.573820 109.151398 7.065225
v -24.623383 122.020065 4.467672
v -26.995586 121.862473 0.637568
v -26.818451 110.927589 6.416785
v -24.224491 120.600037 -3.198809
v -26.833551 109.649261 -2.940138
v 19.211836 100.557312 1.471881
v 23.752203 101.403648 -1.360571
v 17.262779 100.653694 6.401161
v 27.480576 102.597626 0.513633
v 30.815619 103.976265 4.846136
v 27.853659 103.741409 9.063587
v 24.337746 103.270012 12.612589
v 19.555050 101.701210 10.009496
v -18.674074 98.247200 -0.912939
v -16.465681 98.652390 3.895484
v -23.386148 98.864876 -3.556975
v -18.586283 99.853966 7.554847
v -23.253927 101.466621 10.311736
v -26.966652 101.668953 6.908400
v -30.164042 101.642319 2.826002
v -27.040602 100.106697 -1.580258
v -0.867600 149.246246 11.716029
v 5.766023 151.301270 3.737815
v -1.087856 156.083298 11.308845
v -6.731024 150.673172 2.978182
v 8.480050 151.394821 0.138484
v 6.289182 151.318512 -5.398222
v 11.494396 156.661362 0.741079
v 0.167246 151.872009 -8.941142
v -6.168656 150.679092 -6.128848
v -0.162871 155.861908 -8.869383
v -8.997315 150.509567 -0.908432
v -12.651612 155.440598 -0.360314
v -1.612492 169.127441 11.335829
v 9.155779 171.308395 8.908796
v -12.328811 170.261078 8.141063
v 11.023379 171.977417 -0.553554
v 9.716941 171.115448 -9.333860
v -0.839442 170.428284 -11.895272
v -11.568119 170.077866 -10.094464
v -13.574009 170.778366 -1.432521
v -20.638609 92.394547 -3.362591
v -19.372574 92.820122 3.578161
v -18.158459 91.885727 -9.217213
v -12.363704 91.555222 -11.618916
v -4.894782 91.073547 -11.301742
v 1.995365 91.312027 -10.711033
v 8.822645 90.497757 -9.989242
v 16.226267 90.300438 -8.855532
v 21.601974 90.085663 -5.514729
v 22.802322 90.436745 0.869870
v 20.373703 90.999527 7.575232
v 15.311252 92.113472 11.288525
v 9.023112 91.936562 12.916913
v -0.109176 93.427765 12.198144
v -9.367858 92.747040 11.107009
v -15.149385 93.430908 8.336480
v 25.418442 69.760307 11.106840
v 25.814529 70.127129 13.216006
v 28.386932 70.014023 6.877730
v 30.013687 70.619537 8.305652
v 32.224190 70.542595 3.021671
v 34.137127 71.083771 3.328832
v 35.295841 71.685944 5.717881
v 31.853958 71.304543 9.920989
v 28.490093 70.903656 13.803050
v -32.804050 68.643929 3.381269
v -30.898632 68.123352 3.000572
v -26.850414 67.885933 6.665093
v -28.375473 68.523926 8.109655
v -23.655741 67.927078 10.733762
v -23.946886 68.403923 12.838027
v -26.603971 69.160446 13.526375
v -30.178122 69.278046 9.817151
v -33.846855 69.356705 5.793175
vt 0.208431 0.494797
vt 0.208575 0.478116
vt 0.229443 0.475893
vt 0.229271 0.493426
vt 0.252729 0.492198
vt 0.256170 0.471571
vt 0.275357 0.475888
vt 0.275429 0.493819
vt 0.298111 0.492176
vt 0.294163 0.471736
vt 0.321331 0.475953
vt 0.321541 0.493432
vt 0.198757 0.641525
vt 0.200055 0.589825
vt 0.221664 0.590600
vt 0.219751 0.640956
vt 0.244967 0.639373
vt 0.247968 0.591507
vt 0.275466 0.591669
vt 0.275481 0.635804
vt 0.305994 0.639365
vt 0.302966 0.591494
vt 0.329276 0.590573
vt 0.331197 0.640955
vt 0.199789 0.728809
vt 0.197393 0.704590
vt 0.219517 0.692482
vt 0.227784 0.730211
vt 0.252859 0.733034
vt 0.249003 0.687406
vt 0.275511 0.688085
vt 0.275516 0.730408
vt 0.298175 0.733010
vt 0.302021 0.687396
vt 0.331536 0.692451
vt 0.323246 0.730162
vt 0.805511 0.686057
vt 0.204711 0.752714
vt 0.229559 0.760254
vt 0.782889 0.696424
vt 0.784986 0.875584
vt 0.254181 0.941082
vt 0.275435 0.940431
vt 0.742298 0.896742
vt 0.699334 0.736241
vt 0.297037 0.807427
vt 0.321459 0.760204
vt 0.696358 0.696343
vt 0.808954 0.641287
vt 0.805193 0.664541
vt 0.784300 0.671779
vt 0.785729 0.644267
vt 0.763331 0.647822
vt 0.762442 0.673765
vt 0.742276 0.741120
vt 0.739609 0.647377
vt 0.715889 0.647774
vt 0.716786 0.673709
vt 0.694936 0.671695
vt 0.693494 0.644181
vt 0.806875 0.557726
vt 0.810121 0.617205
vt 0.790367 0.607046
vt 0.787575 0.557696
vt 0.763367 0.556090
vt 0.764746 0.603486
vt 0.739627 0.603152
vt 0.739688 0.556093
vt 0.716014 0.556064
vt 0.714496 0.603455
vt 0.688836 0.606971
vt 0.691820 0.557642
vt 0.803405 0.420481
vt 0.802841 0.435733
vt 0.782960 0.432290
vt 0.783371 0.416064
vt 0.759505 0.410786
vt 0.759570 0.428509
vt 0.739756 0.426992
vt 0.739743 0.409699
vt 0.720007 0.410786
vt 0.719946 0.428500
vt 0.696571 0.432245
vt 0.696182 0.416016
vt 0.819305 0.093413
vt 0.797386 0.086157
vt 0.790779 0.072322
vt 0.822344 0.073237
vt 0.265809 0.416173
vt 0.762697 0.377789
vt 0.739788 0.389948
vt 0.275377 0.462947
vt 0.364323 0.097210
vt 0.342669 0.089884
vt 0.336664 0.075169
vt 0.367299 0.076188
vt 0.342559 0.494848
vt 0.342402 0.478170
vt 0.366070 0.480227
vt 0.366198 0.495669
vt 0.352247 0.641476
vt 0.350872 0.589816
vt 0.374237 0.588973
vt 0.374011 0.638442
vt 0.936729 0.462892
vt 0.940585 0.464321
vt 0.946953 0.476690
vt 0.936605 0.482861
vt 0.804780 0.405462
vt 0.824266 0.410023
vt 0.823186 0.423812
vt 0.805355 0.509178
vt 0.825584 0.509339
vt 0.825621 0.554997
vt 0.118742 0.522844
vt 0.058006 0.517789
vt 0.074507 0.510871
vt 0.084702 0.516921
vt 0.822269 0.350445
vt 0.784755 0.399833
vt 0.805305 0.347137
vt 0.793942 0.336256
vt 0.777469 0.322538
vt 0.236211 0.409364
vt 0.220899 0.415267
vt 0.203041 0.415110
vt 0.182178 0.419746
vt 0.685950 0.336155
vt 0.717407 0.377787
vt 0.694840 0.399772
vt 0.674409 0.347030
vt 0.657366 0.350391
vt 0.674734 0.405426
vt 0.637625 0.358046
vt 0.347747 0.415166
vt 0.329799 0.415381
vt 0.314324 0.409429
vt 0.706215 0.336018
vt 0.292514 0.404556
vt 0.870618 0.237836
vt 0.844433 0.293934
vt 0.832214 0.287148
vt 0.858351 0.228645
vt 0.844944 0.223065
vt 0.821107 0.280742
vt 0.243727 0.342391
vt 0.826584 0.212775
vt 0.214622 0.282882
vt 0.224361 0.346790
vt 0.210147 0.349538
vt 0.199596 0.284960
vt 0.184434 0.288656
vt 0.194986 0.352422
vt 0.864110 0.304875
vt 0.163133 0.290367
vt 0.634803 0.222910
vt 0.658751 0.280554
vt 0.647480 0.287052
vt 0.621343 0.228556
vt 0.609012 0.237734
vt 0.635143 0.293889
vt 0.375465 0.356065
vt 0.590820 0.249121
vt 0.366326 0.288752
vt 0.355651 0.352469
vt 0.340563 0.349608
vt 0.351134 0.285011
vt 0.336042 0.282967
vt 0.326383 0.346874
vt 0.678330 0.268182
vt 0.315081 0.275917
vt 0.789900 0.091626
vt 0.894734 0.181072
vt 0.223763 0.023658
vt 0.779683 0.072008
vt 0.205625 0.023651
vt 0.212375 0.030485
vt 0.208733 0.046428
vt 0.818124 0.043214
vt 0.919973 0.054113
vt 0.218394 0.124576
vt 0.231547 0.124829
vt 0.925982 0.076298
vt 0.853028 0.105343
vt 0.173602 0.224408
vt 0.245023 0.044913
vt 0.815784 0.102925
vt 0.335499 0.095534
vt 0.609223 0.166963
vt 0.147562 0.023794
vt 0.325939 0.074804
vt 0.129108 0.019171
vt 0.133886 0.026698
vt 0.125138 0.040618
vt 0.363323 0.044920
vt 0.461211 0.056389
vt 0.114656 0.083148
vt 0.128082 0.110700
vt 0.466974 0.079440
vt 0.396801 0.109583
vt 0.345740 0.218419
vt 0.158805 0.046562
vt 0.361009 0.107136
vt 0.212264 0.093809
vt 0.204982 0.218327
vt 0.226791 0.056935
vt 0.229179 0.093286
vt 0.246067 0.092223
vt 0.255137 0.092099
vt 0.884191 0.095549
vt 0.853655 0.095653
vt 0.854753 0.074189
vt 0.884265 0.075061
vt 0.885799 0.054616
vt 0.855335 0.052709
vt 0.203340 0.068369
vt 0.888472 0.044995
vt 0.116537 0.064410
vt 0.377147 0.224500
vt 0.136900 0.057215
vt 0.135301 0.068971
vt 0.159593 0.072808
vt 0.169578 0.075371
vt 0.426769 0.099419
vt 0.397393 0.099512
vt 0.398467 0.077209
vt 0.426850 0.078134
vt 0.428347 0.056895
vt 0.399054 0.054890
vt 0.111199 0.052142
vt 0.430928 0.046902
vt 0.398347 0.732496
vt 0.353774 0.704759
vt 0.655189 0.607952
vt 0.404645 0.715309
vt 0.625247 0.642548
vt 0.669008 0.617360
vt 0.670290 0.641156
vt 0.629866 0.657272
vt 0.633967 0.675274
vt 0.674058 0.664432
vt 0.345812 0.774768
vt 0.637449 0.692485
vt 0.387906 0.765553
vt 0.346295 0.752641
vt 0.351218 0.728717
vt 0.392980 0.747350
vt 0.854032 0.642643
vt 0.181252 0.694641
vt 0.859345 0.625630
vt 0.152631 0.732602
vt 0.157999 0.747449
vt 0.163074 0.765647
vt 0.167481 0.783084
vt 0.845329 0.675366
vt 0.849419 0.657366
vt 0.462802 0.754848
vt 0.433121 0.744888
vt 0.586158 0.633072
vt 0.469035 0.736153
vt 0.562716 0.661102
vt 0.591598 0.653084
vt 0.596668 0.669873
vt 0.567525 0.676181
vt 0.573571 0.695803
vt 0.602326 0.689166
vt 0.414557 0.801264
vt 0.575415 0.714705
vt 0.450039 0.789809
vt 0.420413 0.781867
vt 0.427222 0.762131
vt 0.457315 0.770152
vt 0.916571 0.661069
vt 0.887682 0.653104
vt 0.112049 0.724515
vt 0.922852 0.642462
vt 0.088177 0.754903
vt 0.117860 0.744959
vt 0.123753 0.762207
vt 0.093657 0.770210
vt 0.100926 0.789871
vt 0.130556 0.781946
vt 0.872833 0.708772
vt 0.104321 0.808576
vt 0.905760 0.695791
vt 0.876995 0.689207
vt 0.882631 0.669903
vt 0.911782 0.676158
vt 0.245118 0.820265
vt 0.256063 0.761423
vt 0.275458 0.816348
vt 0.275456 0.817082
vt 0.305796 0.819611
vt 0.322444 0.827635
vt 0.716707 0.746651
vt 0.742277 0.751635
vt 0.767846 0.746640
vt 0.232576 0.815700
vt 0.789238 0.746868
vt 0.242805 0.909093
vt 0.242913 0.847487
vt 0.275453 0.850080
vt 0.275444 0.899369
vt 0.308078 0.909112
vt 0.307992 0.847504
vt 0.685718 0.768892
vt 0.335635 0.923345
vt 0.710517 0.826756
vt 0.709025 0.772272
vt 0.742280 0.767854
vt 0.742288 0.823907
vt 0.774059 0.826743
vt 0.775535 0.772258
vt 0.216918 0.852154
vt 0.800161 0.835727
vt 0.803587 0.472219
vt 0.184266 0.511368
vt 0.823748 0.473030
vt 0.786007 0.508646
vt 0.783967 0.470951
vt 0.760849 0.468488
vt 0.762764 0.507838
vt 0.739729 0.507585
vt 0.739749 0.469813
vt 0.718652 0.468468
vt 0.716699 0.507812
vt 0.693463 0.508589
vt 0.695538 0.470900
vt 0.347089 0.550471
vt 0.343449 0.511536
vt 0.656251 0.437958
vt 0.370672 0.549455
vt 0.305626 0.550928
vt 0.300328 0.509969
vt 0.323635 0.511057
vt 0.326613 0.553291
vt 0.245263 0.550946
vt 0.250519 0.509979
vt 0.275426 0.509223
vt 0.275447 0.553833
vt 0.203857 0.550446
vt 0.207534 0.511493
vt 0.227207 0.511082
vt 0.224277 0.553331
vt 0.296688 0.941095
vt 0.317831 0.963343
vt 0.722395 0.859395
vt 0.742293 0.859091
vt 0.762190 0.859387
vt 0.672412 0.557619
vt 0.673996 0.509116
vt 0.676597 0.435714
vt 0.676064 0.420456
vt 0.798456 0.058765
vt 0.820876 0.052919
vt 0.343747 0.061021
vt 0.365907 0.055032
vt 0.963235 0.483911
vt 0.902883 0.489040
vt 0.909072 0.482168
vt 0.925033 0.475729
vt 0.931354 0.463643
vt 0.080884 0.498420
vt 0.084741 0.496992
vt 0.090126 0.497750
vt 0.096539 0.509638
vt 0.112499 0.516024
vt 0.245369 0.109349
vt 0.249130 0.116712
vt 0.914174 0.091435
vt 0.914507 0.075957
vt 0.915392 0.060496
vt 0.143488 0.116794
vt 0.145270 0.126440
vt 0.455609 0.095160
vt 0.455938 0.079081
vt 0.456800 0.063019
vt 0.982240 0.434188
vt 0.963585 0.427947
vt 0.946509 0.423110
vt 0.890921 0.433118
vt 0.882130 0.436526
vt 0.926679 0.423006
vt 0.909612 0.427375
vt 0.937930 0.422313
vt 0.075163 0.457134
vt 0.058225 0.461798
vt 0.039557 0.467684
vt 0.094859 0.456979
vt 0.083682 0.456346
vt 0.130564 0.466891
vt 0.111877 0.461251
vt 0.033116 0.470128
vt 0.675805 0.472192
vt 0.653419 0.509254
vt 0.655248 0.472962
vt 0.367019 0.511392
vt 0.176921 0.588998
vt 0.180547 0.549455
vt 0.822760 0.437993
vt 0.233028 0.963316
vt 0.215241 0.923308
vt 0.798841 0.768868
vt 0.699605 0.875602
vt 0.684417 0.835751
vt 0.333987 0.852188
vt 0.228471 0.827609
vt 0.254212 0.785439
vt 0.759269 0.697501
vt 0.785216 0.736222
vt 0.695315 0.746888
vt 0.719972 0.697428
vt 0.296799 0.785396
vt 0.318344 0.815723
vt 0.903939 0.714697
vt 0.136407 0.801345
vt 0.081951 0.736203
vt 0.893090 0.633076
vt 0.446638 0.808511
vt 0.606509 0.708725
vt 0.556410 0.642507
vt 0.438944 0.724452
vt 0.841861 0.692578
vt 0.205190 0.774839
vt 0.146366 0.715395
vt 0.823906 0.608060
vt 0.383498 0.782992
vt 0.673752 0.685953
vt 0.619881 0.625562
vt 0.369876 0.694574
vt 0.624476 0.158216
vt 0.327082 0.211968
vt 0.653476 0.212425
vt 0.306569 0.342322
vt 0.153133 0.050558
vt 0.361352 0.222428
vt 0.125968 0.045756
vt 0.396618 0.225899
vt 0.569871 0.190223
vt 0.388031 0.290471
vt 0.615162 0.304972
vt 0.596954 0.173816
vt 0.584932 0.180968
vt 0.909456 0.190131
vt 0.154402 0.225852
vt 0.888489 0.249012
vt 0.175675 0.355943
vt 0.241882 0.047343
vt 0.189385 0.222364
vt 0.213528 0.046751
vt 0.223402 0.212053
vt 0.855547 0.158550
vt 0.235225 0.276013
vt 0.801766 0.268578
vt 0.882733 0.173912
vt 0.870470 0.167071
vt 0.702590 0.322102
vt 0.284431 0.416033
vt 0.369025 0.419829
vt 0.654789 0.409992
vt 0.841623 0.358035
vt 0.185243 0.480200
vt 0.257695 0.404697
vt 0.773758 0.336466
vt 0.177136 0.638471
vt 0.185108 0.495641
vt 0.653403 0.554919
vt 0.655840 0.423782
vt 0.740026 0.329135
vt 0.739609 0.679991
vt 0.717946 0.727940
vt 0.321543 0.784229
vt 0.275425 0.981496
vt 0.229466 0.784279
vt 0.766602 0.727930
vt 0.275513 0.766895
vt 0.294962 0.761394
vt 0.158494 0.031032
vt 0.235614 0.029385
vt 0.253884 0.807420
vt 0.968218 0.693073
vt 0.970279 0.686813
vt 0.964692 0.720144
vt 0.041234 0.817480
vt 0.965692 0.701614
vt 0.035620 0.790589
vt 0.038855 0.799577
vt 0.026837 0.766821
vt 0.976742 0.669618
vt 0.033170 0.783659
vt 0.515345 0.790561
vt 0.512107 0.799546
vt 0.509721 0.817448
vt 0.514670 0.720260
vt 0.513647 0.701731
vt 0.511110 0.693195
vt 0.509040 0.686939
vt 0.502555 0.669755
vt 0.524137 0.766797
vt 0.517798 0.783632
vt 0.052820 0.522857
vt 0.139366 0.470253
vt 0.968347 0.489050
vt 0.988625 0.436785
vt 0.108883 0.091107
vt 0.106409 0.062482
vt 0.399209 0.044805
vt 0.459518 0.102060
vt 0.428604 0.109556
vt 0.167704 0.057128
vt 0.215342 0.132259
vt 0.203222 0.094543
vt 0.855471 0.043005
vt 0.918242 0.098075
vt 0.886101 0.105305
vt 0.255511 0.067846
vt 0.169019 0.047690
vt 0.166893 0.025823
vt 0.125973 0.120002
vt 0.337008 0.054912
vt 0.115292 0.038211
vt 0.149847 0.015689
vt 0.254586 0.043904
vt 0.241676 0.021944
vt 0.231922 0.132778
vt 0.791425 0.052872
vt 0.199112 0.046316
vt 0.223332 0.014444
vn -0.529760 -0.083750 0.844003
vn -0.529760 -0.083750 0.844003
vn -0.305633 -0.198239 0.931284
vn -0.303936 -0.199015 0.931674
vn -0.176236 -0.273351 0.945632
vn -0.036111 -0.198922 0.979350
vn -0.171435 -0.317405 0.932665
vn -0.271369 -0.261325 0.926320
vn -0.011990 -0.190923 0.981532
vn -0.171197 -0.067352 0.982932
vn 0.153562 -0.094676 0.983593
vn 0.131502 -0.106240 0.985607
vn -0.925146 0.191554 0.327737
vn -0.915046 0.025109 0.402568
vn -0.686534 -0.007215 0.727062
vn -0.724340 0.138328 0.675424
vn -0.329746 0.141514 0.933403
vn -0.326284 -0.057537 0.943519
vn -0.077999 -0.069868 0.994502
vn -0.070023 0.152776 0.985777
vn 0.205201 0.145683 0.967817
vn 0.190964 -0.041922 0.980702
vn 0.569844 0.005089 0.821738
vn 0.611069 0.147606 0.777694
vn 0.139005 -0.057066 0.988646
vn -0.560441 0.266934 0.783998
vn -0.698682 0.157935 0.697782
vn -0.335430 0.184443 0.923833
vn -0.185947 0.288153 0.939357
vn -0.237415 0.159529 0.958220
vn -0.072796 0.161618 0.984165
vn -0.076119 0.269903 0.959874
vn 0.025951 0.293428 0.955629
vn 0.099202 0.168091 0.980767
vn 0.569253 0.175715 0.803166
vn 0.158978 0.206544 0.965436
vn -0.826639 0.419473 0.375114
vn -0.567568 0.281450 0.773726
vn -0.420026 0.640754 0.642661
vn -0.502273 0.859084 0.098471
vn -0.667337 0.744046 0.032505
vn -0.554477 0.417494 0.719899
vn -0.053673 0.454354 0.889203
vn -0.057850 0.968663 0.241548
vn 0.484524 0.872275 0.066132
vn 0.029395 0.644322 0.764189
vn 0.229856 0.686788 0.689556
vn 0.398917 0.902850 0.160395
vn -0.629848 0.017461 -0.776522
vn -0.914688 0.358725 -0.186178
vn -0.571470 0.638729 -0.515215
vn -0.371663 0.143937 -0.917142
vn -0.091730 0.208469 -0.973718
vn -0.235985 0.537564 -0.809528
vn 0.045128 0.361417 -0.931312
vn 0.056424 0.190912 -0.979984
vn 0.215320 0.227579 -0.949655
vn 0.308519 0.568811 -0.762410
vn 0.582434 0.696633 -0.418895
vn 0.482897 0.188644 -0.855116
vn -0.830608 0.137967 -0.539495
vn -0.607946 -0.032618 -0.793309
vn -0.401927 0.055401 -0.913994
vn -0.331574 0.057965 -0.941647
vn -0.002165 0.014787 -0.999888
vn -0.035017 0.051490 -0.998059
vn 0.064376 0.046330 -0.996850
vn 0.067830 0.006510 -0.997676
vn 0.143125 0.016483 -0.989568
vn 0.172354 0.060773 -0.983159
vn 0.537958 0.095821 -0.837508
vn 0.464575 0.073947 -0.882441
vn -0.638593 -0.085790 -0.764748
vn -0.685318 -0.077668 -0.724090
vn -0.107426 -0.101857 -0.988982
vn -0.047326 -0.094908 -0.994361
vn 0.129346 -0.151570 -0.979947
vn 0.094485 -0.135000 -0.986330
vn 0.088330 -0.161415 -0.982926
vn 0.087643 -0.209846 -0.973798
vn 0.042942 -0.183101 -0.982156
vn 0.080392 -0.145007 -0.986159
vn 0.259158 -0.127586 -0.957371
vn 0.189750 -0.139345 -0.971894
vn -0.002237 -0.999318 -0.036872
vn 0.002937 -0.998556 -0.053647
vn 0.015550 -0.998783 -0.046816
vn 0.009504 -0.999477 -0.030921
vn 0.920509 -0.339227 0.193879
vn 0.779668 -0.499053 -0.378238
vn 0.099759 -0.706727 -0.700418
vn -0.251216 -0.752427 0.608888
vn 0.004886 -0.999801 -0.019362
vn 0.004710 -0.999447 -0.032921
vn 0.012343 -0.999271 -0.036130
vn 0.011606 -0.999643 -0.024063
vn 0.989758 -0.014325 0.142034
vn 0.989758 -0.014325 0.142034
vn 0.989758 -0.014325 0.142034
vn 0.989758 -0.014325 0.142034
vn 0.858061 0.199356 0.473275
vn 0.847347 0.024532 0.530472
vn 0.997048 0.012534 0.075751
vn 0.969966 0.195863 0.144234
vn 0.252439 -0.960194 0.119590
vn 0.252438 -0.960195 0.119590
vn 0.252438 -0.960195 0.119590
vn 0.252439 -0.960194 0.119590
vn -0.895225 -0.120282 -0.429075
vn -0.895225 -0.120282 -0.429075
vn -0.895225 -0.120282 -0.429075
vn -0.895225 -0.120282 -0.429075
vn -0.739277 0.022160 -0.673037
vn -0.996744 0.032403 -0.073833
vn -0.983038 0.183336 -0.004837
vn -0.224256 -0.956662 0.185758
vn -0.224256 -0.956663 0.185757
vn -0.224256 -0.956663 0.185757
vn -0.224256 -0.956662 0.185758
vn -0.110734 -0.116041 -0.987052
vn -0.160078 -0.104054 -0.981605
vn 0.151759 -0.109410 -0.982343
vn 0.252647 -0.113042 -0.960932
vn 0.994881 -0.100994 -0.003540
vn 0.995838 -0.091081 0.003195
vn 0.538095 0.001164 0.842884
vn -0.250588 0.051807 0.966707
vn -0.265806 0.058983 0.962221
vn -0.995330 -0.069290 -0.067207
vn -0.996739 -0.067769 -0.043814
vn -0.996739 -0.067769 -0.043814
vn -0.995516 -0.069121 -0.064581
vn -0.455941 -0.310578 -0.834062
vn -0.418371 -0.315596 -0.851683
vn -0.051411 -0.295957 -0.953817
vn -0.127524 -0.305487 -0.943618
vn 0.943309 -0.068055 -0.324864
vn 0.945071 -0.066049 -0.320123
vn 0.945071 -0.066049 -0.320123
vn 0.943206 -0.068171 -0.325140
vn 0.515026 0.263091 0.815801
vn 0.436702 0.271452 0.857674
vn 0.090938 0.255302 0.962575
vn 0.140363 0.260464 0.955226
vn -0.618057 0.080570 0.781994
vn -0.910884 -0.387477 0.141957
vn -0.892201 -0.111563 0.437644
vn -0.540704 0.116802 -0.833065
vn -0.617840 0.128509 -0.775732
vn 0.352399 0.217971 -0.910112
vn 0.402989 0.168409 -0.899577
vn 0.984046 0.074545 -0.161543
vn 0.978551 0.119097 -0.168090
vn 0.922740 -0.007306 0.385353
vn 0.916793 -0.040352 0.397319
vn 0.564183 -0.148987 0.812096
vn 0.581772 -0.120470 0.804381
vn -0.310515 -0.174387 0.934435
vn -0.391331 -0.204710 0.897192
vn -0.986631 -0.070672 0.146853
vn -0.963698 -0.056795 0.260886
vn -0.943297 0.041626 -0.329329
vn -0.917988 0.026668 -0.395711
vn -0.937947 -0.025974 -0.345804
vn -0.957686 -0.001690 -0.287811
vn -0.231534 0.153605 -0.960623
vn -0.226975 0.108113 -0.967881
vn 0.683084 0.146676 -0.715460
vn 0.723402 0.176789 -0.667409
vn 0.977163 0.121515 -0.174315
vn 0.971020 0.097240 -0.218321
vn 0.941300 0.017195 0.337134
vn 0.898863 0.037889 0.436589
vn 0.180860 -0.090241 0.979360
vn 0.225710 -0.130900 0.965360
vn -0.688269 -0.159769 0.707644
vn -0.659241 -0.126286 0.741251
vn -0.961882 -0.085917 0.259618
vn -0.967542 -0.111052 0.227003
vn -0.061852 0.378663 -0.923466
vn -0.061852 0.378663 -0.923466
vn 0.397286 0.429469 -0.810999
vn 0.408416 0.429497 -0.805437
vn 0.921115 0.315664 0.227825
vn 0.921115 0.315664 0.227826
vn 0.921115 0.315664 0.227826
vn 0.921115 0.315664 0.227825
vn -0.007678 0.977723 0.209759
vn -0.007678 0.977723 0.209759
vn -0.086254 0.981426 0.171359
vn -0.086238 0.981426 0.171367
vn -0.786401 0.546722 -0.287522
vn -0.786401 0.546722 -0.287522
vn -0.786401 0.546722 -0.287522
vn -0.786401 0.546722 -0.287522
vn -0.619738 0.383394 -0.684787
vn -0.619738 0.383394 -0.684787
vn -0.216525 0.432282 -0.875357
vn -0.223952 0.432175 -0.873539
vn 0.849484 0.333009 -0.409246
vn 0.849484 0.333009 -0.409246
vn 0.849484 0.333009 -0.409247
vn 0.849484 0.333009 -0.409246
vn 0.132594 0.968527 0.210652
vn 0.132594 0.968527 0.210652
vn 0.048819 0.971399 0.232381
vn 0.048590 0.971397 0.232438
vn -0.813282 0.514950 0.270922
vn -0.813282 0.514950 0.270922
vn -0.813282 0.514950 0.270922
vn -0.813282 0.514950 0.270922
vn 0.006959 0.998582 -0.052777
vn 0.006959 0.998582 -0.052777
vn 0.024669 0.998829 -0.041619
vn 0.024697 0.998829 -0.041602
vn -0.758433 0.425901 -0.493344
vn -0.758433 0.425901 -0.493344
vn -0.758433 0.425901 -0.493344
vn -0.758433 0.425901 -0.493344
vn -0.035370 -0.997635 0.058928
vn -0.019513 -0.999717 0.013632
vn -0.012420 -0.999751 0.018541
vn -0.032129 -0.997609 0.061191
vn 0.892633 -0.000630 0.450783
vn 0.893228 -0.000986 0.449604
vn 0.893253 -0.001001 0.449554
vn 0.892633 -0.000630 0.450783
vn -0.029273 0.999334 -0.021799
vn -0.029273 0.999334 -0.021799
vn -0.017475 0.999476 -0.027230
vn -0.017450 0.999477 -0.027242
vn -0.901370 0.411957 0.133508
vn -0.901370 0.411957 0.133508
vn -0.901370 0.411957 0.133508
vn -0.901370 0.411957 0.133508
vn 0.017069 -0.998978 0.041846
vn 0.010699 -0.999843 0.014129
vn 0.014676 -0.999832 0.010992
vn 0.018730 -0.999013 0.040269
vn 0.971230 0.008774 -0.237980
vn 0.971661 0.010732 -0.236133
vn 0.971676 0.010798 -0.236071
vn 0.971230 0.008774 -0.237980
vn -0.997531 -0.026699 0.064959
vn 0.388976 0.304392 0.869507
vn -0.855510 -0.093976 -0.509186
vn -0.810240 -0.070559 -0.581836
vn -0.149830 -0.045499 -0.987664
vn 0.746260 0.038642 -0.664532
vn 0.710517 0.031983 -0.702952
vn 0.619407 0.064995 -0.782375
vn 0.971738 0.234961 -0.022756
vn 0.919290 0.387021 -0.071561
vn 0.767119 0.451111 0.456100
vn 0.774677 0.260430 0.576239
vn 0.227996 0.186111 0.955709
vn 0.471665 0.343803 0.811992
vn -0.231255 -0.030445 0.972417
vn -0.660346 0.022809 0.750615
vn 0.095940 -0.060449 -0.993550
vn 0.849778 -0.164598 -0.500784
vn 0.784570 -0.119121 -0.608490
vn 0.995940 -0.068341 0.058585
vn 0.648688 0.016363 0.760879
vn -0.212358 0.184543 0.959608
vn -0.779593 0.271696 0.564283
vn -0.966598 0.251525 -0.049221
vn -0.610729 0.073662 -0.788406
vn -0.966697 -0.251079 -0.049564
vn -0.993974 -0.089336 0.063521
vn -0.762671 -0.110185 -0.637333
vn -0.723097 -0.278706 -0.632024
vn -0.189849 -0.197288 -0.961787
vn -0.102654 -0.049056 -0.993507
vn 0.648180 0.059817 -0.759134
vn 0.657712 -0.000758 -0.753269
vn 0.996811 0.022340 0.076612
vn 0.986468 0.151633 -0.062362
vn 0.754301 0.158118 0.637204
vn 0.765481 0.007356 0.643416
vn 0.238747 -0.028105 0.970675
vn 0.089416 0.104120 0.990537
vn -0.653992 -0.006453 0.756474
vn -0.636766 -0.094176 0.765284
vn 0.142785 -0.247487 -0.958313
vn 0.045961 -0.083074 -0.995483
vn 0.722660 -0.136051 -0.677682
vn 0.694033 -0.299459 -0.654708
vn 0.968072 -0.234021 -0.089834
vn 0.995973 -0.088055 0.016859
vn 0.683819 0.026307 0.729177
vn 0.678259 -0.036953 0.733893
vn -0.190834 0.022797 0.981358
vn -0.052573 0.136257 0.989278
vn -0.728106 0.169340 0.664218
vn -0.731778 0.028704 0.680939
vn -0.992180 0.006911 0.124628
vn -0.989109 0.143045 -0.034658
vn -0.678819 0.033061 -0.733561
vn -0.695341 -0.057693 -0.716360
vn -0.577332 -0.486846 0.655491
vn -0.577332 -0.486846 0.655491
vn -0.577332 -0.486846 0.655491
vn -0.577332 -0.486846 0.655491
vn 0.919054 -0.245173 0.308592
vn 0.919054 -0.245173 0.308592
vn 0.980540 -0.137201 0.140419
vn 0.664881 -0.319309 -0.675259
vn 0.057778 0.130105 -0.989815
vn 0.063689 -0.187841 -0.980132
vn -0.545392 -0.381903 -0.746122
vn -0.560849 0.827834 0.011807
vn -0.967263 -0.252846 0.021693
vn -0.764726 0.024170 0.643902
vn -0.705490 -0.197098 0.680761
vn -0.034870 -0.155580 0.987208
vn -0.040234 0.050865 0.997895
vn 0.711235 0.109251 0.694413
vn 0.657122 -0.129281 0.742615
vn 0.980487 -0.140097 0.137905
vn 0.981243 0.180425 0.067892
vn 0.715299 0.073081 -0.694987
vn 0.702181 -0.173189 -0.690614
vn 0.050462 -0.192590 -0.979981
vn 0.042196 -0.079923 -0.995908
vn -0.660223 -0.002952 -0.751064
vn -0.620305 -0.239065 -0.747041
vn -0.969687 -0.237633 0.056899
vn -0.997823 0.064619 -0.013209
vn -0.697724 -0.062903 -0.713600
vn -0.991767 -0.036600 -0.122712
vn -0.993491 -0.043310 -0.105358
vn -0.223834 -0.004411 -0.974617
vn -0.152762 -0.075788 -0.985353
vn 0.062184 -0.097625 -0.993279
vn 0.025299 -0.026366 -0.999332
vn 0.074474 -0.039450 -0.996442
vn 0.083741 -0.110755 -0.990314
vn 0.108850 -0.111731 -0.987759
vn 0.124890 -0.041903 -0.991285
vn 0.360104 -0.032426 -0.932348
vn 0.315800 -0.115645 -0.941752
vn 0.806979 -0.099817 0.582084
vn 0.778516 -0.114586 0.617076
vn 0.988216 -0.141585 0.058163
vn 0.988723 -0.123623 0.084521
vn 0.087373 -0.219888 0.971604
vn -0.001852 -0.154481 0.987994
vn 0.296786 -0.130202 0.946026
vn 0.433689 -0.137280 0.890544
vn -0.267393 -0.223458 0.937320
vn -0.199333 -0.142180 0.969562
vn -0.103082 -0.152005 0.982990
vn -0.093822 -0.267742 0.958912
vn -0.902326 -0.039679 0.429224
vn -0.889322 -0.023343 0.456685
vn -0.487965 -0.081921 0.869011
vn -0.591271 -0.120070 0.797485
vn -0.182515 -0.118906 0.975986
vn -0.407012 -0.095182 0.908450
vn -0.893936 -0.053547 0.444985
vn 0.022046 -0.190084 0.981520
vn -0.013066 -0.121895 0.992457
vn -0.102744 -0.116008 0.987920
vn 0.376349 0.028641 0.926035
vn 0.376349 0.028641 0.926035
vn 0.811579 -0.099188 0.575762
vn 0.222658 -0.116924 0.967860
vn -0.196593 0.627988 0.752982
vn -0.079729 0.432573 0.898067
vn 0.477295 0.488206 0.730647
vn 0.574505 0.814394 0.081894
vn 0.506380 0.704766 -0.496875
vn -0.012329 0.742472 -0.669763
vn -0.516034 0.668444 -0.535623
vn 0.905205 0.166254 -0.391106
vn 0.832391 -0.010005 -0.554098
vn 0.201805 -0.319110 -0.925983
vn 0.155698 -0.225190 -0.961794
vn 0.074921 -0.192336 -0.978465
vn -0.218332 -0.062457 -0.973874
vn -0.218332 -0.062457 -0.973874
vn -0.030329 -0.395458 -0.917983
vn -0.725543 -0.578170 -0.373238
vn 0.170690 -0.427911 -0.887557
vn 0.019475 -0.376687 -0.926136
vn 0.784816 -0.158455 -0.599129
vn 0.718415 -0.150530 -0.679132
vn 0.324779 -0.150298 -0.933771
vn 0.324779 -0.150298 -0.933772
vn -0.037227 -0.311570 -0.949494
vn 0.035648 -0.282889 -0.958490
vn 0.028075 -0.998804 -0.040020
vn 0.020444 -0.999526 -0.023007
vn -0.005260 -0.999716 0.023257
vn 0.019978 -0.999026 -0.039338
vn 0.018244 -0.999460 -0.027312
vn 0.018668 -0.999796 0.007776
vn 0.956493 -0.122829 -0.264640
vn 0.956493 -0.122829 -0.264640
vn 0.956493 -0.122829 -0.264640
vn 0.956493 -0.122829 -0.264640
vn 0.991581 -0.128796 -0.013335
vn 0.934797 0.291474 0.202970
vn 0.252438 -0.960195 0.119587
vn 0.252438 -0.960195 0.119587
vn 0.252439 -0.960194 0.119588
vn 0.252439 -0.960194 0.119588
vn 0.252440 -0.960194 0.119589
vn 0.252440 -0.960194 0.119589
vn 0.252440 -0.960194 0.119590
vn 0.252440 -0.960194 0.119590
vn -0.996052 -0.088031 0.011455
vn -0.996052 -0.088031 0.011455
vn -0.996052 -0.088031 0.011455
vn -0.996052 -0.088031 0.011455
vn -0.983926 -0.061391 -0.167695
vn -0.959558 0.274748 0.061333
vn -0.224257 -0.956662 0.185760
vn -0.224257 -0.956662 0.185760
vn -0.224257 -0.956662 0.185758
vn -0.224257 -0.956662 0.185758
vn -0.224257 -0.956662 0.185758
vn -0.224257 -0.956662 0.185758
vn -0.224256 -0.956662 0.185758
vn -0.224256 -0.956662 0.185758
vn 0.575549 -0.098039 -0.811869
vn 0.600913 -0.096047 -0.793523
vn 0.628514 -0.093714 -0.772132
vn 0.290798 -0.119091 -0.949344
vn -0.063730 -0.127117 -0.989838
vn 0.849622 -0.083300 0.520772
vn 0.855544 0.003439 0.517720
vn 0.855543 0.003439 0.517720
vn 0.998543 -0.034765 0.041279
vn 0.998543 -0.034765 0.041279
vn -0.574523 0.049859 0.816968
vn -0.640721 0.049060 0.766205
vn -0.696600 0.048046 0.715849
vn -0.288907 0.069821 0.954808
vn 0.240484 0.075544 0.967709
vn -0.887542 -0.111926 -0.446924
vn -0.887542 -0.111926 -0.446924
vn -0.886305 -0.112734 -0.449171
vn -0.886250 -0.112769 -0.449270
vn -0.885069 -0.113536 -0.451401
vn -0.885069 -0.113536 -0.451401
vn -0.993398 -0.070755 -0.090301
vn -0.993398 -0.070755 -0.090301
vn 0.249012 -0.249132 -0.935909
vn 0.200528 -0.268038 -0.942308
vn 0.154206 -0.285227 -0.945974
vn -0.166771 -0.312050 -0.935314
vn -0.497889 -0.304180 -0.812146
vn 0.997131 0.060214 0.045876
vn 0.997131 0.060214 0.045876
vn 0.998801 0.045106 0.019027
vn 0.998658 0.046841 0.022106
vn 0.999504 0.030882 -0.006200
vn 0.999504 0.030882 -0.006200
vn 0.941525 -0.070052 -0.329580
vn 0.941525 -0.070052 -0.329580
vn -0.307650 0.215581 0.926756
vn 0.176186 0.264068 0.948276
vn 0.578816 0.254272 0.774802
vn -0.973101 -0.224053 -0.053624
vn -0.976447 -0.210435 -0.047630
vn -0.988634 -0.148911 -0.020676
vn -0.988635 -0.148911 -0.020676
vn -0.909300 -0.019908 0.415665
vn -0.909300 -0.019908 0.415665
vn 0.986400 0.028165 -0.161934
vn 0.422957 0.127063 -0.897197
vn -0.498666 0.095255 -0.861545
vn 0.571971 -0.176823 0.800988
vn 0.910842 -0.075736 0.405747
vn -0.995202 -0.089674 0.039149
vn -0.437230 -0.237747 0.867356
vn -0.891014 0.013831 -0.453766
vn 0.677709 0.113123 -0.726577
vn -0.213451 0.071774 -0.974314
vn -0.927235 -0.058320 -0.369910
vn 0.966529 -0.010671 0.256336
vn 0.966844 0.072138 -0.244968
vn -0.711539 -0.199225 0.673811
vn 0.268576 -0.174167 0.947382
vn -0.967585 -0.139487 0.210529
vn 0.773359 0.381026 -0.506690
vn 0.773359 0.381026 -0.506690
vn 0.831563 0.002971 -0.555423
vn 0.831563 0.002971 -0.555423
vn 0.449059 0.004154 -0.893493
vn 0.442880 0.004163 -0.896571
vn -0.060272 0.004246 -0.998173
vn -0.060272 0.004246 -0.998173
vn 0.710585 0.538045 0.453405
vn 0.710585 0.538045 0.453405
vn 0.710585 0.538045 0.453405
vn 0.710585 0.538045 0.453405
vn 0.893773 -0.001313 0.448517
vn 0.893773 -0.001313 0.448517
vn 0.974110 -0.002011 0.226065
vn 0.974110 -0.002011 0.226065
vn 0.974110 -0.002011 0.226065
vn 0.974110 -0.002011 0.226065
vn -0.164092 0.977616 0.131686
vn -0.164092 0.977616 0.131686
vn -0.456578 -0.382674 0.803179
vn -0.456578 -0.382674 0.803179
vn -0.416197 -0.382996 0.824678
vn -0.416206 -0.382996 0.824674
vn -0.374978 -0.382518 0.844436
vn -0.374978 -0.382518 0.844436
vn -0.734707 0.313752 -0.601470
vn -0.734706 0.313752 -0.601470
vn -0.734707 0.313752 -0.601470
vn -0.734707 0.313752 -0.601470
vn -0.761741 0.000140 -0.647882
vn -0.761741 0.000140 -0.647881
vn -0.761741 0.000140 -0.647882
vn -0.761741 0.000140 -0.647881
vn -0.893884 0.001582 -0.448296
vn -0.893244 0.001133 -0.449570
vn -0.893275 0.001155 -0.449509
vn -0.893884 0.001582 -0.448296
vn 0.217511 0.396462 -0.891912
vn 0.217511 0.396462 -0.891912
vn 0.243374 0.011007 -0.969870
vn 0.243374 0.011007 -0.969870
vn -0.237198 0.003933 -0.971453
vn -0.231475 0.004028 -0.972833
vn -0.659100 -0.003966 -0.752045
vn -0.659100 -0.003966 -0.752045
vn 0.833835 0.540271 -0.113254
vn 0.833835 0.540271 -0.113254
vn 0.833835 0.540271 -0.113254
vn 0.833835 0.540271 -0.113254
vn 0.972048 0.012515 -0.234450
vn 0.972048 0.012515 -0.234450
vn 0.896698 0.014208 -0.442414
vn 0.896698 0.014208 -0.442414
vn 0.896698 0.014208 -0.442414
vn 0.896698 0.014208 -0.442414
vn -0.035583 0.966961 0.252427
vn -0.035583 0.966962 0.252427
vn 0.175971 -0.427662 0.886645
vn 0.175971 -0.427662 0.886645
vn 0.220887 -0.427438 0.876645
vn 0.221029 -0.427436 0.876610
vn 0.265530 -0.426302 0.864732
vn 0.265530 -0.426302 0.864732
vn -0.951141 0.307008 0.032811
vn -0.951141 0.307008 0.032811
vn -0.951141 0.307008 0.032811
vn -0.951141 0.307008 0.032811
vn -0.999625 -0.014337 0.023322
vn -0.999625 -0.014337 0.023322
vn -0.999625 -0.014337 0.023322
vn -0.999625 -0.014337 0.023322
vn -0.972155 -0.011889 0.234037
vn -0.971739 -0.010406 0.235829
vn -0.971749 -0.010441 0.235787
vn -0.972155 -0.011889 0.234037
vn 0.042531 0.998634 -0.030340
vn 0.042531 0.998634 -0.030340
vn -0.059672 0.993407 -0.097887
vn -0.059672 0.993407 -0.097887
vn 0.027826 0.998149 -0.054086
vn 0.027766 0.998149 -0.054116
vn 0.115139 0.993302 -0.009724
vn 0.115139 0.993302 -0.009724
vn -0.892545 0.000645 -0.450957
vn -0.892545 0.000645 -0.450957
vn -0.921852 -0.220671 -0.318581
vn -0.921852 -0.220671 -0.318581
vn -0.921852 -0.220671 -0.318581
vn -0.921852 -0.220671 -0.318581
vn -0.716830 0.551111 -0.427120
vn -0.716830 0.551110 -0.427120
vn -0.716830 0.551110 -0.427120
vn -0.716830 0.551110 -0.427120
vn -0.028885 -0.997567 0.063455
vn -0.006660 -0.976374 0.215985
vn -0.006660 -0.976374 0.215985
vn -0.088915 -0.980469 0.175429
vn -0.088873 -0.980469 0.175450
vn -0.170420 -0.976300 0.133396
vn -0.170420 -0.976300 0.133396
vn 0.848733 0.420713 0.320394
vn 0.848733 0.420713 0.320394
vn 0.848733 0.420713 0.320394
vn 0.848733 0.420713 0.320394
vn 0.769323 0.551442 0.322574
vn 0.769323 0.551443 0.322574
vn 0.769323 0.551443 0.322574
vn 0.769323 0.551442 0.322574
vn 0.803718 -0.221052 0.552426
vn 0.803718 -0.221052 0.552426
vn 0.803718 -0.221052 0.552426
vn 0.803718 -0.221052 0.552426
vn -0.005731 0.999451 -0.032631
vn -0.005731 0.999451 -0.032631
vn -0.104665 0.994386 0.015545
vn -0.104665 0.994386 0.015545
vn -0.010187 0.999912 -0.008522
vn -0.009939 0.999914 -0.008585
vn 0.084405 0.995901 -0.032511
vn 0.084405 0.995901 -0.032511
vn -0.971274 -0.008773 0.237801
vn -0.971274 -0.008773 0.237801
vn -0.908312 -0.232948 0.347427
vn -0.908312 -0.232948 0.347427
vn -0.908312 -0.232948 0.347427
vn -0.908312 -0.232948 0.347427
vn -0.818603 0.548465 0.170515
vn -0.818603 0.548465 0.170515
vn -0.818603 0.548465 0.170515
vn -0.818603 0.548465 0.170515
vn 0.020394 -0.999043 0.038688
vn 0.132449 -0.983834 0.120530
vn 0.132449 -0.983834 0.120530
vn 0.043307 -0.988864 0.142379
vn 0.043280 -0.988865 0.142386
vn -0.046185 -0.985541 0.163023
vn -0.046185 -0.985541 0.163023
vn 0.852433 0.429612 -0.297980
vn 0.852433 0.429612 -0.297980
vn 0.852433 0.429612 -0.297980
vn 0.852433 0.429612 -0.297980
vn 0.796294 0.559609 -0.229683
vn 0.796294 0.559609 -0.229683
vn 0.796294 0.559609 -0.229683
vn 0.796294 0.559609 -0.229683
vn 0.968700 -0.219819 -0.115329
vn 0.968700 -0.219819 -0.115329
vn 0.968700 -0.219819 -0.115329
vn 0.968700 -0.219819 -0.115329
vn -0.223463 -0.240769 -0.944508
vn -0.707191 -0.337574 -0.621228
vn -0.951401 -0.296210 -0.084242
vn 0.996751 0.030460 0.074567
vn 0.642609 0.017040 -0.766005
vn 0.235548 -0.031529 0.971351
vn 0.766572 -0.011975 0.642046
vn -0.651888 -0.096475 0.752153
vn 0.952045 -0.281559 -0.119730
vn 0.680490 -0.358109 -0.639290
vn 0.180342 -0.290581 -0.939702
vn -0.184952 0.019784 0.982549
vn 0.692713 -0.040472 0.720077
vn -0.991498 0.014503 0.129308
vn -0.731715 0.010506 0.681530
vn -0.681470 -0.041982 -0.730641
vn 0.539090 -0.432323 0.722828
vn 0.539090 -0.432323 0.722828
vn 0.539090 -0.432323 0.722828
vn 0.539090 -0.432323 0.722828
vn 0.673592 -0.433482 0.598637
vn -0.031451 -0.443648 0.895649
vn -0.681809 -0.509937 0.524501
vn 0.799227 -0.584227 0.141118
vn -0.918739 -0.345950 0.190363
vn -0.918739 -0.345950 0.190363
vn -0.735851 -0.674544 0.059280
vn 0.815948 -0.141298 -0.560593
vn -0.652759 -0.032715 0.756859
vn -0.960163 -0.190329 0.204600
vn -0.960163 -0.190329 0.204600
vn -0.652141 -0.032487 0.757401
vn -0.799973 -0.269183 -0.536269
vn -0.799973 -0.269183 -0.536269
vn -0.799973 -0.269183 -0.536269
vn -0.799973 -0.269183 -0.536269
vn -0.644603 -0.252687 -0.721551
vn -0.644603 -0.252687 -0.721551
vn -0.644603 -0.252687 -0.721551
vn -0.644603 -0.252687 -0.721551
vn 0.164009 -0.049597 -0.985211
vn 0.633709 0.104813 -0.766438
vn 0.633736 0.104823 -0.766415
vn 0.164009 -0.049597 -0.985211
vn 0.863964 0.199710 -0.462257
vn 0.863964 0.199710 -0.462257
vn 0.727809 0.287869 0.622435
vn 0.727809 0.287869 0.622435
vn 0.727809 0.287869 0.622435
vn 0.727809 0.287869 0.622435
vn 0.709564 0.285912 0.644029
vn 0.709564 0.285912 0.644029
vn 0.709564 0.285912 0.644029
vn 0.709564 0.285912 0.644029
vn -0.232825 0.097514 0.967618
vn -0.232825 0.097514 0.967618
vn -0.675849 0.049428 -0.735381
vn -0.215160 -0.107928 -0.970597
vn -0.215160 -0.107928 -0.970597
vn -0.675875 0.049438 -0.735357
vn 0.610682 -0.280287 -0.740612
vn 0.610682 -0.280287 -0.740612
vn 0.610682 -0.280287 -0.740612
vn 0.610682 -0.280287 -0.740612
vn 0.776046 -0.283364 -0.563434
vn 0.776046 -0.283364 -0.563434
vn 0.776046 -0.283364 -0.563434
vn 0.776046 -0.283364 -0.563434
vn 0.973709 -0.160009 0.162136
vn 0.692753 0.022375 0.720828
vn 0.692163 0.022620 0.721386
vn 0.973709 -0.160009 0.162136
vn 0.281853 0.156100 0.946674
vn 0.281853 0.156100 0.946674
vn -0.680409 0.307854 0.665033
vn -0.680409 0.307854 0.665033
vn -0.680409 0.307854 0.665033
vn -0.680409 0.307854 0.665033
vn -0.699816 0.308245 0.644393
vn -0.699816 0.308245 0.644393
vn -0.699816 0.308245 0.644393
vn -0.699816 0.308245 0.644393
vn -0.891615 0.156780 -0.424785
vn -0.891615 0.156780 -0.424785
s 1
g pCube1
usemtl pCube1SG
f 101/1/1 1/2/2 98/3/3 97/4/4
f 99/5/5 2/6/6 103/7/7 102/8/8
f 104/9/9 3/10/10 107/11/11 106/12/12
s 3
f 114/13/13 5/14/14 111/15/15 110/16/16
f 112/17/17 6/18/18 116/19/19 115/20/20
f 117/21/21 7/22/22 120/23/23 119/24/24
f 126/25/25 9/26/26 113/27/27 123/28/28
f 124/29/29 10/30/30 118/31/31 127/32/32
f 128/33/33 11/34/34 122/35/35 130/36/36
f 136/424/37 13/38/38 125/39/39 133/474/40
f 141/401/41 85/42/42 138/43/43 137/473/44
f 145/413/45 15/477/46 132/47/47 142/472/48
f 149/49/49 17/50/50 135/51/51 146/52/52
f 147/53/53 18/54/54 151/470/55 150/56/56
f 152/57/57 19/58/58 144/59/59 154/60/60
f 160/61/61 21/62/62 148/63/63 157/64/64
f 158/65/65 22/66/66 153/67/67 161/68/68
f 162/69/69 23/70/70 156/71/71 164/72/72
f 171/73/73 90/74/74 168/75/75 167/76/76
f 169/77/77 91/78/78 173/79/79 172/80/80
f 174/81/81 92/82/82 177/83/83 176/84/84
s 10
f 184/85/85 49/86/86 181/87/87 180/88/88
s 1
f 187/464/89 30/90/90 175/91/91 185/469/92
s 12
f 192/93/93 53/94/94 189/95/95 188/96/96
s off
f 108/97/97 4/98/98 194/99/99 193/100/100
s 3
f 121/101/101 8/102/102 197/103/103 196/104/104
s 13
f 378/105/105 377/106/106 379/107/107 380/108/108
s off
f 171/73/109 29/109/110 204/110/111 203/111/112
s 3
f 160/61/61 25/112/113 207/113/114 206/114/115
s 14
f 386/501/116 387/116/117 388/117/118 389/118/119
s 15
f 216/119/120 29/109/121 170/120/122 213/121/123
s 1
f 214/122/124 30/90/90 187/464/89 217/123/125
f 218/124/126 2/6/6 98/3/127 220/125/128
s 17
f 221/126/129 1/2/130 204/462/131 223/127/132
s 18
f 228/128/133 31/129/134 179/130/135 225/131/136
s 19
f 226/132/137 32/133/138 194/460/139 229/134/140
s 1
f 230/135/141 4/98/142 107/11/143 232/136/144
f 233/137/145 3/10/10 186/458/146 235/139/147
s 21
f 240/140/148 33/141/149 215/142/150 237/143/151
f 238/144/152 34/145/153 219/454/154 241/147/155
f 242/148/156 35/149/157 222/150/158 244/151/159
f 245/152/160 36/153/161 224/447/162 247/155/163
s 22
f 252/156/164 37/157/165 227/158/166 249/159/167
f 250/160/168 38/161/169 231/441/170 253/163/171
f 254/164/172 39/165/173 234/166/174 256/167/175
f 257/168/176 40/169/177 236/434/178 259/171/179
s 23
f 263/524/180 41/479/181 239/174/182 261/528/183
s off
f 262/176/184 42/177/185 243/178/186 264/527/187
s 24
f 270/511/188 58/181/189 267/182/190 266/525/191
s off
f 272/516/192 44/448/193 248/186/194 271/523/195
s 25
f 275/518/196 45/478/197 251/190/198 273/522/199
s off
f 274/192/200 46/193/201 255/194/202 276/521/203
s 26
f 282/505/204 62/197/205 279/198/206 278/519/207
s off
f 284/510/208 48/435/209 260/202/210 283/517/211
s 27
f 287/204/212 43/450/213 246/206/214 285/207/215
s off
f 286/208/216 44/448/217 272/516/218 288/209/219
s 10
f 289/210/220 52/211/221 183/212/222 290/213/223
s 28
f 291/214/224 51/215/225 265/513/226 292/217/227
s 29
f 295/218/228 47/437/229 258/220/230 293/221/231
s off
f 294/222/232 48/435/233 284/510/234 296/223/235
s 12
f 297/224/236 56/225/237 191/226/238 298/227/239
s 30
f 299/228/240 55/229/241 277/507/242 300/231/243
s 3
f 304/232/244 12/233/245 198/430/246 301/235/247
f 302/236/248 24/237/249 155/238/250 305/239/251
f 306/240/252 20/241/253 143/428/254 308/243/255
f 309/244/256 16/245/257 131/246/258 311/247/259
f 316/248/260 21/62/62 208/426/261 313/250/262
f 314/251/263 9/26/26 126/25/25 317/252/264
f 318/253/265 13/38/38 136/424/37 320/254/266
f 321/255/267 17/50/50 149/49/49 323/256/268
f 327/257/269 66/258/270 303/422/271 325/260/272
f 326/261/273 65/262/274 307/263/275 328/264/276
f 329/265/277 67/266/278 310/420/279 330/268/280
f 331/269/281 68/270/282 312/271/283 332/272/284
f 335/273/285 69/274/286 315/418/287 333/276/288
f 334/277/289 70/278/290 319/279/291 336/280/292
f 337/281/293 71/282/294 322/416/295 338/284/296
f 339/285/297 72/286/298 324/287/299 340/288/300
s off
f 344/289/301 14/480/302 129/291/303 341/292/304
s 3
f 342/293/305 15/46/306 145/414/45 345/294/307
f 346/295/308 19/471/58 151/55/309 348/296/310
f 349/297/311 18/475/54 134/410/312 351/299/313
f 355/300/314 81/301/315 343/302/316 353/303/317
f 354/304/318 82/305/319 347/406/320 356/307/321
f 357/308/322 83/309/323 350/310/324 358/311/325
f 359/312/326 84/313/327 352/403/328 360/315/329
f 363/316/330 90/74/74 205/400/331 361/318/332
f 363/316/330 25/112/113 159/319/333 364/320/334
f 365/321/335 26/322/336 163/323/337 366/324/338
f 367/325/339 27/326/340 166/327/341 368/328/342
f 371/329/343 94/330/344 195/397/345 370/332/346
f 373/333/347 95/334/348 109/335/349 372/336/350
f 375/337/351 96/338/352 105/339/353 374/340/354
f 362/341/355 89/342/356 100/343/357 376/344/358
s 1
f 98/3/3 2/6/6 99/5/5 97/4/4
s 3
f 99/5/359 96/338/352 100/343/357 97/4/360
f 100/343/357 89/342/356 101/1/361 97/4/360
s 1
f 103/7/7 3/10/10 104/9/9 102/8/362
s 3
f 104/9/363 95/334/348 105/339/353 102/8/364
f 105/339/353 96/338/352 99/5/359 102/8/364
s 1
f 107/11/11 4/98/365 108/97/366 106/12/12
s 3
f 108/97/367 94/330/344 109/335/349 106/12/368
f 109/335/349 95/334/348 104/9/363 106/12/368
f 111/15/15 6/18/18 112/17/17 110/16/16
f 112/17/17 10/30/30 113/27/27 110/16/16
f 113/27/27 9/26/26 114/13/13 110/16/16
f 116/19/19 7/22/22 117/21/21 115/20/20
f 117/21/21 11/34/34 118/31/31 115/20/20
f 118/31/31 10/30/30 112/17/17 115/20/20
f 120/23/23 8/102/102 121/101/101 119/24/24
f 121/101/101 12/233/245 122/35/35 119/24/24
f 122/35/35 11/34/34 117/21/21 119/24/24
f 113/27/27 10/30/30 124/29/29 123/28/28
f 124/29/29 14/290/369 125/39/39 123/28/28
f 125/39/39 13/38/38 126/25/25 123/28/28
f 118/31/31 11/34/34 128/33/33 127/32/32
f 128/33/33 15/477/46 129/476/370 127/32/32
f 129/476/370 14/290/369 124/29/29 127/32/32
f 122/35/35 12/233/245 131/246/258 130/36/36
f 131/246/258 16/245/257 132/47/47 130/36/36
f 132/47/47 15/477/46 128/33/33 130/36/36
f 125/39/39 14/290/369 134/408/312 133/474/40
f 134/409/312 18/54/54 135/51/51 133/40/40
f 135/51/51 17/50/50 136/37/37 133/40/40
f 138/43/43 86/345/371 139/346/372 137/473/44
f 139/404/372 87/347/373 140/348/374 137/44/44
f 140/348/374 88/349/375 141/41/41 137/44/44
f 132/47/47 16/245/257 143/242/254 142/472/48
f 143/428/254 20/241/253 144/59/59 142/48/48
f 144/59/59 19/58/58 145/412/45 142/48/48
f 135/51/51 18/54/54 147/53/53 146/52/52
f 147/53/53 22/66/66 148/63/63 146/52/52
f 148/63/63 21/62/62 149/49/49 146/52/52
f 151/470/55 19/58/58 152/57/57 150/56/56
f 152/57/57 23/70/70 153/67/67 150/56/56
f 153/67/67 22/66/66 147/53/53 150/56/56
f 144/59/59 20/241/253 155/238/250 154/60/60
f 155/238/250 24/237/249 156/71/71 154/60/60
f 156/71/71 23/70/70 152/57/57 154/60/60
f 148/63/63 22/66/66 158/65/65 157/64/64
f 158/65/65 26/322/336 159/319/333 157/64/64
f 159/319/333 25/112/113 160/61/61 157/64/64
f 153/67/67 23/70/70 162/69/69 161/68/68
f 162/69/69 27/326/340 163/323/337 161/68/68
f 163/323/337 26/322/336 158/65/65 161/68/68
f 156/71/71 24/237/249 165/350/376 164/72/72
f 165/350/376 28/351/377 166/327/341 164/72/72
f 166/327/341 27/326/340 162/69/69 164/72/72
f 168/75/75 91/78/78 169/77/77 167/76/76
s 1
f 169/77/378 30/90/90 170/120/379 167/76/380
f 170/120/379 29/109/381 171/73/382 167/76/380
s 3
f 173/79/79 92/82/82 174/81/81 172/80/80
s 1
f 174/81/383 31/129/384 175/91/91 172/80/385
f 175/91/91 30/90/90 169/77/378 172/80/386
s 3
f 177/83/83 93/352/387 178/353/388 176/84/84
s 1
f 178/353/389 32/133/390 179/130/391 176/84/392
f 179/130/391 31/129/384 174/81/383 176/84/392
s 10
f 181/87/87 50/354/393 182/355/394 180/88/88
f 182/355/394 51/215/395 183/212/222 180/88/88
f 183/212/222 52/211/221 184/85/85 180/88/88
s 1
f 175/91/91 31/129/384 186/138/146 185/469/92
f 186/458/146 3/10/10 103/7/7 185/92/92
f 103/7/7 2/6/6 187/89/89 185/92/92
s 12
f 189/95/95 54/356/396 190/357/397 188/96/96
f 190/357/397 55/229/398 191/226/238 188/96/96
f 191/226/238 56/225/237 192/93/93 188/96/96
s off
f 194/460/399 32/133/400 178/353/401 193/468/402
s 3
f 178/353/388 93/352/387 195/331/345 193/468/403
f 195/397/345 94/330/344 108/97/367 193/100/403
f 197/395/103 28/351/377 165/350/376 196/467/104
f 165/350/376 24/237/249 198/234/404 196/467/104
f 198/430/404 12/233/245 121/101/101 196/104/104
s 41
f 379/107/405 381/358/406 382/503/407 380/108/408
f 382/359/407 383/360/409 384/361/410 380/108/408
s 13
f 384/361/411 385/362/412 378/105/105 380/108/108
s off
f 204/462/413 1/2/414 101/1/415 203/466/416
s 3
f 101/1/361 89/342/356 205/317/331 203/466/417
f 205/400/331 90/74/74 171/73/73 203/111/417
f 207/398/114 5/14/14 114/13/13 206/465/115
f 114/13/13 9/26/26 208/249/418 206/465/115
f 208/426/418 21/62/62 160/61/61 206/114/115
s 42
f 388/117/419 390/363/420 391/364/421 389/118/422
f 391/364/421 392/365/423 393/366/424 389/118/422
s 14
f 393/366/425 394/367/426 386/115/116 389/118/119
s 15
f 170/120/122 30/90/427 214/122/428 213/121/123
f 214/122/428 34/145/429 215/142/430 213/121/123
f 215/142/430 33/141/431 216/119/120 213/121/123
s 1
f 187/89/89 2/6/6 218/124/126 217/463/432
f 218/124/126 35/149/433 219/146/434 217/463/432
f 219/454/435 34/145/436 214/122/124 217/123/125
f 98/3/127 1/2/437 221/126/438 220/125/128
f 221/126/438 36/153/439 222/150/440 220/125/128
f 222/150/440 35/149/441 218/124/126 220/125/128
s 43
f 204/110/442 29/109/443 216/119/444 223/461/445
f 216/119/444 33/141/446 224/154/447 223/461/445
s 17
f 224/447/448 36/153/449 221/126/129 223/127/132
s 18
f 179/130/135 32/133/450 226/132/451 225/131/136
f 226/132/451 38/161/452 227/158/453 225/131/136
f 227/158/453 37/157/454 228/128/133 225/131/136
s 44
f 194/99/455 4/98/456 230/135/457 229/459/458
f 230/135/457 39/165/459 231/162/460 229/459/458
s 19
f 231/441/461 38/161/462 226/132/137 229/134/140
s 1
f 107/11/143 3/10/10 233/137/145 232/136/144
f 233/137/145 40/169/463 234/166/464 232/136/144
f 234/166/464 39/165/465 230/135/141 232/136/144
f 186/138/146 31/129/384 228/128/466 235/457/467
f 228/128/466 37/157/468 236/170/469 235/457/467
f 236/434/470 40/169/471 233/137/145 235/139/147
s 21
f 215/142/150 34/145/153 238/144/152 237/143/151
f 238/144/152 42/456/472 239/455/473 237/143/151
f 239/455/473 41/173/474 240/140/148 237/143/151
f 219/146/154 35/149/157 242/148/156 241/453/155
f 242/148/156 43/205/475 243/451/476 241/453/155
f 243/452/476 42/456/472 238/144/152 241/147/155
f 222/150/158 36/153/161 245/152/160 244/151/159
f 245/152/160 44/185/477 246/449/478 244/151/159
f 246/449/478 43/205/475 242/148/156 244/151/159
f 224/154/162 33/141/149 240/140/148 247/446/163
f 240/140/148 41/173/474 248/444/479 247/446/163
f 248/445/479 44/185/477 245/152/160 247/155/163
s 22
f 227/158/166 38/161/169 250/160/168 249/159/167
f 250/160/168 46/443/480 251/442/481 249/159/167
f 251/442/481 45/189/482 252/156/164 249/159/167
f 231/162/170 39/165/173 254/164/172 253/440/171
f 254/164/172 47/219/483 255/438/484 253/440/171
f 255/439/484 46/443/480 250/160/168 253/163/171
f 234/166/174 40/169/177 257/168/176 256/167/175
f 257/168/176 48/201/485 258/436/486 256/167/175
f 258/436/486 47/219/483 254/164/172 256/167/175
f 236/170/178 37/157/165 252/156/164 259/433/179
f 252/156/164 45/189/482 260/431/487 259/433/179
f 260/432/487 48/201/485 257/168/176 259/171/179
s 23
f 239/174/182 42/177/488 262/176/489 261/528/183
s 45
f 262/526/490 50/354/491 181/87/492 261/175/493
f 181/87/492 49/86/494 263/172/495 261/175/493
s off
f 243/178/496 43/450/497 265/216/498 264/527/499
s 28
f 265/513/226 51/215/225 182/355/500 264/179/501
s off
f 182/355/502 50/354/503 262/526/504 264/179/505
s 24
f 267/182/190 57/368/506 268/369/507 266/525/191
s 46
f 268/514/508 59/370/509 269/371/510 266/183/511
f 269/371/510 60/372/512 270/180/513 266/183/511
s off
f 248/186/514 41/479/515 263/524/516 271/523/517
f 263/172/518 49/86/519 184/85/520 271/187/521
s 47
f 184/85/522 52/211/523 272/184/524 271/187/525
s 25
f 251/190/198 46/193/526 274/192/527 273/522/199
s 48
f 274/520/528 54/356/529 189/95/530 273/191/531
f 189/95/530 53/94/532 275/188/533 273/191/531
s off
f 255/194/534 47/437/535 277/230/536 276/521/537
s 30
f 277/507/242 55/229/241 190/357/538 276/195/539
s off
f 190/357/540 54/356/541 274/520/542 276/195/543
s 26
f 279/198/206 61/373/544 280/374/545 278/519/207
s 49
f 280/508/546 63/375/547 281/376/548 278/199/549
f 281/376/548 64/377/550 282/196/551 278/199/549
s off
f 260/202/552 45/478/553 275/518/554 283/517/555
f 275/188/556 53/94/557 192/93/558 283/203/559
s 50
f 192/93/560 56/225/561 284/200/562 283/203/563
s 27
f 246/206/214 44/448/564 286/208/565 285/207/215
s 51
f 286/208/566 57/368/567 267/182/568 285/207/569
f 267/182/568 58/181/570 287/204/571 285/207/569
s 47
f 272/184/524 52/211/523 289/210/572 288/515/573
s off
f 289/210/574 59/370/575 268/514/576 288/515/577
f 268/369/578 57/368/579 286/208/580 288/209/581
s 10
f 183/212/222 51/215/395 291/214/582 290/213/223
s 52
f 291/214/583 60/372/584 269/371/585 290/213/586
f 269/371/585 59/370/587 289/210/588 290/213/586
s off
f 265/216/589 43/450/590 287/204/591 292/512/592
f 287/204/593 58/181/594 270/511/595 292/512/596
f 270/180/597 60/372/598 291/214/599 292/217/600
s 29
f 258/220/230 48/435/601 294/222/602 293/221/231
s 53
f 294/222/603 61/373/604 279/198/605 293/221/606
f 279/198/605 62/197/607 295/218/608 293/221/606
s 50
f 284/200/562 56/225/561 297/224/609 296/509/610
s off
f 297/224/611 63/375/612 280/508/613 296/509/614
f 280/374/615 61/373/616 294/222/617 296/223/618
s 12
f 191/226/238 55/229/398 299/228/619 298/227/239
s 54
f 299/228/620 64/377/621 281/376/622 298/227/623
f 281/376/622 63/375/624 297/224/625 298/227/623
s off
f 277/230/626 47/437/627 295/218/628 300/506/629
f 295/218/630 62/197/631 282/505/632 300/506/633
f 282/196/634 64/377/635 299/228/636 300/231/637
s 3
f 198/234/246 24/237/249 302/236/248 301/429/247
f 302/236/248 65/262/274 303/259/271 301/429/247
f 303/422/271 66/258/270 304/232/244 301/235/247
f 155/238/250 20/241/253 306/240/252 305/239/251
f 306/240/252 67/266/278 307/263/275 305/239/251
f 307/263/275 65/262/274 302/236/248 305/239/251
f 143/242/254 16/245/257 309/244/256 308/427/255
f 309/244/256 68/270/282 310/267/279 308/427/255
f 310/420/279 67/266/278 306/240/252 308/243/255
f 131/246/258 12/233/245 304/232/244 311/247/259
f 304/232/244 66/258/270 312/271/283 311/247/259
f 312/271/283 68/270/282 309/244/256 311/247/259
f 208/249/261 9/26/26 314/251/263 313/425/262
f 314/251/263 70/278/290 315/275/287 313/425/262
f 315/418/287 69/274/286 316/248/260 313/250/262
f 126/25/25 13/38/38 318/253/265 317/252/264
f 318/253/265 71/282/294 319/279/291 317/252/264
f 319/279/291 70/278/290 314/251/263 317/252/264
f 136/37/37 17/50/50 321/255/267 320/423/266
f 321/255/267 72/286/298 322/283/295 320/423/266
f 322/416/295 71/282/294 318/253/265 320/254/266
f 149/49/49 21/62/62 316/248/260 323/256/268
f 316/248/260 69/274/286 324/287/299 323/256/268
f 324/287/299 72/286/298 321/255/267 323/256/268
f 303/259/271 65/262/274 326/261/273 325/421/272
f 326/261/273 73/497/638 199/498/639 325/421/272
f 199/499/639 74/500/640 327/257/269 325/260/272
f 307/263/275 67/266/278 329/265/277 328/264/276
f 329/265/277 75/495/641 200/496/642 328/264/276
f 200/496/642 73/497/638 326/261/273 328/264/276
f 310/267/279 68/270/282 331/269/281 330/419/280
f 331/269/281 76/492/643 201/493/644 330/419/280
f 201/494/644 75/495/641 329/265/277 330/268/280
f 312/271/283 66/258/270 327/257/269 332/272/284
f 327/257/269 74/500/640 202/491/645 332/272/284
f 202/491/645 76/492/643 331/269/281 332/272/284
f 315/275/287 70/278/290 334/277/289 333/417/288
f 334/277/289 78/490/646 209/488/647 333/417/288
f 209/489/647 77/482/648 335/273/285 333/276/288
f 319/279/291 71/282/294 337/281/293 336/280/292
f 337/281/293 79/487/649 210/486/650 336/280/292
f 210/486/650 78/490/646 334/277/289 336/280/292
f 322/283/295 72/286/298 339/285/297 338/415/296
f 339/285/297 80/485/651 211/483/652 338/415/296
f 211/484/652 79/487/649 337/281/293 338/284/296
f 324/287/299 69/274/286 335/273/285 340/288/300
f 335/273/285 77/482/648 212/481/653 340/288/300
f 212/481/653 80/485/651 339/285/297 340/288/300
s off
f 129/291/654 15/46/655 342/293/656 341/292/657
s 3
f 342/293/658 82/305/319 343/302/316 341/292/659
f 343/302/316 81/301/315 344/289/660 341/292/659
f 145/45/45 19/471/58 346/295/308 345/411/307
f 346/295/308 83/309/323 347/306/320 345/411/661
f 347/406/320 82/305/319 342/293/658 345/294/661
f 151/55/309 18/475/54 349/297/311 348/296/310
f 349/297/311 84/313/327 350/310/324 348/296/310
f 350/310/324 83/309/323 346/295/308 348/296/310
f 134/298/312 14/480/662 344/289/663 351/407/313
f 344/289/660 81/301/315 352/314/328 351/407/664
f 352/403/328 84/313/327 349/297/311 351/299/664
f 343/302/316 82/305/319 354/304/318 353/303/317
f 354/304/318 86/345/371 138/43/43 353/303/317
f 138/43/43 85/42/42 355/300/314 353/303/317
f 347/306/320 83/309/323 357/308/322 356/405/321
f 357/308/322 87/347/373 139/404/372 356/405/321
f 139/346/372 86/345/371 354/304/318 356/307/321
f 350/310/324 84/313/327 359/312/326 358/311/325
f 359/312/326 88/349/375 140/348/374 358/311/325
f 140/348/374 87/347/373 357/308/322 358/311/325
f 352/314/328 81/301/315 355/300/314 360/402/329
f 355/300/314 85/42/42 141/401/41 360/402/329
f 141/41/41 88/349/375 359/312/326 360/315/329
f 205/317/331 89/342/356 362/341/355 361/399/332
f 362/341/355 5/14/14 207/398/114 361/399/332
f 207/113/114 25/112/113 363/316/330 361/318/332
f 159/319/333 26/322/336 365/321/335 364/320/334
f 365/321/335 91/78/78 168/75/75 364/320/334
f 168/75/75 90/74/74 363/316/330 364/320/334
f 163/323/337 27/326/340 367/325/339 366/324/338
f 367/325/339 92/82/82 173/79/79 366/324/338
f 173/79/79 91/78/78 365/321/335 366/324/338
f 166/327/341 28/351/377 369/394/665 368/328/342
f 369/394/665 93/352/387 177/83/83 368/328/342
f 177/83/83 92/82/82 367/325/339 368/328/342
f 195/331/345 93/352/387 369/394/665 370/396/346
f 369/394/665 28/351/377 197/395/103 370/396/346
f 197/103/103 8/102/102 371/329/343 370/332/346
f 109/335/349 94/330/344 371/329/343 372/336/350
f 371/329/343 8/102/102 120/23/23 372/336/350
f 120/23/23 7/22/22 373/333/347 372/336/350
f 105/339/353 95/334/348 373/333/347 374/340/354
f 373/333/347 7/22/22 116/19/19 374/340/354
f 116/19/19 6/18/18 375/337/351 374/340/354
f 100/343/357 96/338/352 375/337/351 376/344/358
f 375/337/351 6/18/18 111/15/15 376/344/358
f 111/15/15 5/14/14 362/341/355 376/344/358
s 55
f 202/385/666 74/380/667 377/106/668 378/105/669
s off
f 74/380/670 199/379/671 379/107/672 377/106/673
f 199/379/674 73/378/675 381/358/676 379/107/677
s 56
f 73/378/678 200/504/679 382/503/680 381/358/681
f 200/382/679 75/381/682 383/360/683 382/359/680
s off
f 75/381/684 201/384/685 384/361/686 383/360/687
f 201/384/688 76/383/689 385/362/690 384/361/691
s 55
f 76/383/692 202/385/666 378/105/669 385/362/693
s 57
f 212/393/694 77/388/695 387/116/696 386/501/697
s off
f 77/388/698 209/387/699 388/117/700 387/116/701
f 209/387/702 78/386/703 390/363/704 388/117/705
s 58
f 78/386/706 210/390/707 391/364/708 390/363/709
f 210/390/707 79/389/710 392/365/711 391/364/708
s off
f 79/389/712 211/392/713 393/366/714 392/365/715
f 211/392/716 80/391/717 394/367/718 393/366/719
s 57
f 80/391/720 212/502/694 386/115/697 394/367/721
