# This file uses centimeters as units for non-parametric coordinates.

mtllib my_animation.0034.mtl
g default
v -17.591280 60.094471 2.408918
v -4.106561 59.490730 5.433776
v 8.826046 59.844391 4.698881
v 23.036226 59.916965 1.367448
v -15.655710 79.135338 12.606885
v -3.593427 72.611176 19.362936
v 14.594629 73.340057 18.680235
v 25.713238 80.717079 11.105885
v -15.837809 103.790756 30.177685
v -3.376400 94.555313 34.760548
v 11.809978 95.191376 35.332874
v 23.750364 105.887230 32.185104
v -17.824358 111.789833 37.751839
v -2.515850 114.263039 40.429802
v 8.923575 114.717300 40.801151
v 25.168262 115.092621 37.726067
v -16.383587 118.591118 29.220320
v -4.373197 121.545715 30.940098
v 10.798423 122.148376 31.458630
v 23.031750 118.915840 28.157393
v -15.303509 108.945305 23.833582
v -3.302985 109.404297 16.249508
v 11.883780 110.038460 16.812637
v 22.635513 109.711967 26.135601
v -16.376947 88.122734 3.392569
v -3.480627 91.152405 -0.006253
v 11.662482 91.780540 -0.529062
v 24.985153 89.894608 1.670578
v -13.859165 56.735691 -8.163078
v -2.017283 54.015350 -3.284660
v 7.684935 52.773838 -3.109407
v 20.438244 54.960022 -8.876230
v -18.285475 28.129423 10.244273
v -11.315765 28.558969 13.349489
v -16.140043 32.524899 22.918318
v -23.032537 31.869587 19.729637
v 17.705679 31.496397 19.145065
v 25.152752 31.116034 16.805904
v 28.459923 38.097477 25.882524
v 21.011877 38.431751 28.210438
v -11.725833 8.137451 -11.422076
v -4.930494 7.665329 -8.566918
v -9.205703 4.919339 0.536870
v -15.803945 5.475199 -2.641720
v 12.417930 7.312085 2.137961
v 19.427116 7.551085 -0.626533
v 23.344473 5.076800 9.088489
v 16.334547 4.888631 11.854205
v -11.677360 2.230741 -13.647551
v -3.788665 1.532511 -9.776341
v -9.293775 -0.769440 4.188064
v -19.723871 0.176968 -1.186604
v 11.221049 1.464044 0.751428
v 19.614910 1.692943 -2.564273
v 26.518534 -0.515362 10.935720
v 15.549899 -0.768860 15.270014
v -25.045687 6.405517 12.724508
v -16.837736 5.606215 17.001495
v -25.582882 2.914285 13.108298
v -17.373596 2.115426 17.382801
v 22.129034 4.958442 28.867363
v 30.756155 5.217487 25.430662
v 22.344275 1.440320 29.199539
v 30.980080 1.708017 25.785326
v 46.788265 105.066299 19.561836
v 42.644882 106.816475 26.971161
v 45.489864 115.237160 16.091061
v 42.941563 117.060692 23.936445
v -40.641651 116.419792 18.408546
v -40.120979 110.046593 27.286694
v -38.892563 118.876923 33.124790
v -38.420643 125.126984 24.300508
v 62.799232 113.683075 44.695053
v 54.427387 114.906471 49.582886
v 62.622463 117.254753 43.498314
v 54.249939 118.478584 48.387524
v -68.115532 115.917831 28.396423
v -65.769318 110.236076 35.993412
v -65.026482 113.303108 38.057823
v -67.372696 118.984871 30.460835
v -4.545690 125.969604 48.339619
v 11.150616 125.793861 48.117874
v 13.874890 128.225830 32.225384
v -7.824830 128.103897 32.391514
v -3.673075 147.787598 49.609913
v 11.183657 147.506592 49.322495
v 10.581766 151.834183 31.930948
v -3.580887 152.102081 32.204941
v -15.856050 66.003151 4.358628
v -15.356945 67.811867 -7.356277
v -2.784573 68.140984 -9.737840
v 8.389679 67.172249 -11.157215
v 21.521391 65.638077 -10.420191
v 22.905096 63.944126 1.491691
v 11.282475 62.888786 7.236369
v -3.625118 63.816757 8.698887
v -11.534469 62.902950 5.511878
v -12.555969 60.405056 5.579460
v -4.278856 61.556206 6.762054
v -10.823138 65.171097 7.377021
v -16.729807 63.102001 2.256237
v 3.200246 60.664757 6.411531
v 2.417897 58.971607 6.407118
v 10.432567 60.908730 5.037284
v 3.980155 62.800568 8.210464
v 17.325361 61.978920 3.293951
v 17.595234 60.512501 3.922645
v 22.712975 61.836739 0.253205
v 18.000320 63.519474 4.943289
v -11.288467 86.231293 24.473406
v -11.111541 75.523766 16.333197
v -4.412850 83.464622 27.397751
v -11.421576 97.317604 31.975727
v -16.348003 89.651985 21.152563
v 5.050589 82.661484 26.822481
v 5.545928 72.378616 19.643665
v 14.415828 84.134880 27.394196
v 4.229302 95.639610 34.072628
v 21.233225 87.460396 24.518124
v 21.613873 76.837845 15.091239
v 26.191547 91.235275 21.356569
v 19.869053 98.678841 33.049065
v -10.238606 105.817535 37.831043
v -3.134594 106.292618 40.009178
v -10.864789 113.658066 40.794025
v -18.554838 106.703041 35.205467
v 3.559948 105.946457 39.908054
v 10.174152 106.856125 40.517773
v 3.177477 116.393822 43.615292
v 17.538130 107.138626 38.798950
v 26.193922 110.200745 36.651115
v 17.329138 115.188705 41.654499
v -10.856661 119.140160 37.053665
v -3.557509 119.881844 37.201729
v -11.449485 121.920471 30.837788
v -17.168470 115.845856 33.970379
v 3.828515 153.393234 47.632938
v 3.762690 147.617157 49.877892
v 12.237316 151.291656 43.184738
v 3.478897 152.771637 30.168831
v -5.757802 151.630753 43.550667
v 17.009197 120.698936 37.730392
v 24.232054 118.058418 33.128540
v 17.722326 123.280350 31.204712
v 9.761278 120.358727 37.555214
v -10.597340 116.909447 24.401970
v -4.015420 118.681305 24.475824
v -11.469997 109.123291 17.579458
v -16.515612 114.767357 24.710577
v 3.586514 118.991936 24.758963
v 3.082690 123.881981 31.368511
v 11.165493 119.325027 25.054510
v 4.283334 109.730263 16.538572
v 17.641779 117.906723 25.332409
v 23.003965 113.808105 25.726006
v 19.659725 110.267441 18.776567
v -11.067077 99.533989 9.431126
v -3.028271 99.920471 8.442113
v -11.110363 90.536407 0.891922
v -16.764481 97.632782 12.185948
v 4.584644 100.190567 8.525152
v 12.113895 100.548637 8.539689
v 4.164568 91.221268 -0.560015
v 20.023346 100.715958 9.540345
v 25.905416 99.320747 12.165507
v 19.254560 91.738930 -0.272259
v -8.906634 62.433361 -10.052048
v -9.769994 68.067337 -9.679241
v -2.347010 62.981857 -9.605509
v -8.122510 56.807266 -8.900727
v -14.501902 62.139675 -8.645121
v 2.660687 62.673401 -9.645372
v 2.748299 68.167511 -10.187122
v 7.777024 61.672699 -10.802354
v 2.660766 57.314678 -7.721872
v 14.708781 60.429604 -11.830585
v 15.550406 66.277710 -11.962848
v 20.706226 60.054974 -10.729369
v 14.320026 54.613934 -9.538372
v -10.467953 0.540489 -6.308966
v -6.679928 2.351689 -13.928908
v -5.174066 0.279837 -3.750647
v -14.532569 -0.361451 1.521941
v -15.663013 1.199694 -8.992212
v 2.149796 58.128864 7.290069
v 11.109373 48.411205 8.939855
v -5.517023 47.301071 7.098201
v 17.780605 0.232609 4.918607
v 14.576374 2.009148 -3.063565
v 23.238235 0.524534 2.691006
v 21.043350 -0.687816 13.124242
v 12.272426 0.234540 7.030104
v 23.084295 60.750847 -5.772007
v 22.991886 57.196609 -4.337760
v 23.725803 64.765251 -5.001863
v 28.216442 95.256325 16.151142
v 27.344738 85.630470 6.055106
v 25.466919 106.893402 29.690823
v 58.533199 113.580170 47.452583
v 63.544403 115.015732 43.731396
v 58.317036 117.947891 45.989117
v 53.306320 116.512047 49.709412
v -16.933182 62.408043 -3.855498
v -16.881971 58.107281 -3.610946
v -17.213577 66.988823 -1.941982
v -18.949697 93.507820 16.053123
v -18.198942 83.795570 7.828086
v -18.353619 105.752419 26.008348
v -67.062111 112.369858 31.877195
v -65.173355 110.771111 37.784554
v -66.153725 116.120468 34.401718
v -68.042488 117.719208 28.494364
v -9.945435 41.309086 0.380738
v -7.088636 41.759327 4.303195
v -14.197850 28.082724 10.944181
v -15.352748 41.023308 0.685679
v -7.992567 44.818176 9.933666
v -12.266142 47.457367 14.377131
v -12.545610 30.618250 19.086943
v -16.894629 48.977814 13.817679
v -20.640837 46.900177 10.666584
v -20.436068 33.195152 23.318159
v -19.131495 43.965721 5.080334
v -21.810625 29.854239 14.917898
v 17.246828 41.454365 3.588053
v 22.686436 41.800549 4.277612
v 20.984598 30.699999 17.227655
v 13.662755 42.312622 7.032091
v 25.413578 46.046219 8.377962
v 25.897213 50.267319 13.459439
v 27.922380 34.694160 21.398844
v 21.448160 52.514885 15.628357
v 16.888390 50.827370 16.232302
v 25.182072 39.638165 28.754032
v 13.633672 46.762093 12.064264
v 18.174942 35.153526 24.390350
v -12.385489 23.675817 0.010604
v -8.916800 22.741646 2.887558
v -7.602546 8.590300 -11.742235
v -16.860468 22.233400 0.709926
v -8.518579 18.573990 7.725471
v -11.097450 14.594784 12.054574
v -5.679686 6.015544 -3.878317
v -15.294004 12.688164 12.280110
v -19.049208 13.985142 9.946476
v -13.942189 5.027574 1.561347
v -19.182623 17.832920 4.930079
v -14.612132 6.527106 -7.840283
v 17.801903 24.257069 8.067875
v 22.504959 23.715748 8.300094
v 15.245767 7.973656 -0.960453
v 14.665760 23.418482 11.371692
v 25.765835 20.432140 12.907324
v 26.781673 17.451370 18.546473
v 22.358252 6.103889 3.469543
v 23.387247 16.131502 21.450867
v 18.927885 17.299297 21.595140
v 20.915529 4.779103 13.133730
v 15.507879 20.134727 16.921764
v 13.200625 5.840322 7.088611
v -6.727113 5.433872 -13.502328
v -3.756731 4.578833 -9.451763
v -11.700799 5.227494 -13.209667
v -5.003158 3.139131 -3.555465
v -9.031165 2.030211 4.216266
v -21.922031 6.088894 16.761244
v -20.793694 6.964788 14.756688
v -27.134598 6.592603 14.047259
v -21.625071 1.561672 15.350651
v -16.709469 5.585186 19.475227
v -15.543994 4.009883 -8.670012
v -19.469769 2.978944 -1.135682
v 14.649241 5.044854 -2.677374
v 19.676977 4.665618 -2.212450
v 11.283410 4.428113 1.103531
v 23.255850 3.383289 2.915300
v 26.456917 2.293720 10.953564
v 27.226635 5.064363 29.131351
v 26.384724 6.043052 27.060257
v 21.746387 4.907888 31.306999
v 26.722710 0.605077 27.587076
v 32.704155 5.238961 26.949913
v 12.287676 3.080239 7.247150
v 15.487638 2.035727 15.285151
v -17.450924 5.662075 8.129031
v -22.066568 6.134310 5.730723
v -12.853577 5.225205 10.539745
v -23.029049 3.543934 5.610281
v -23.404860 0.772708 5.820436
v -18.177950 0.253067 8.519919
v -12.964908 -0.243799 11.228297
v -12.592964 2.519593 11.031190
v 23.642666 5.165214 20.068457
v 18.810186 5.043472 22.017040
v 28.475878 5.297820 18.122824
v 18.298122 2.355981 22.426420
v 18.433481 -0.439498 22.599360
v 23.921919 -0.303165 20.443441
v 29.411783 -0.155959 18.292606
v 29.258839 2.634212 18.074360
v 36.129730 105.947128 26.743074
v 33.915089 106.473671 22.583704
v 45.241371 104.427887 23.911465
v 38.215824 107.955948 30.349619
v 33.396721 110.296829 20.947718
v 33.867294 115.189804 21.023634
v 46.250725 109.522240 16.989378
v 36.033802 116.561897 25.002857
v 38.128899 116.586250 29.021532
v 44.969685 116.911278 19.976971
v 38.604103 112.049759 30.542189
v 42.179218 111.708176 26.321888
v -30.322325 110.061287 24.073078
v -31.655645 108.669579 28.477209
v -40.955132 111.931038 21.975386
v -28.678921 113.558945 21.319305
v -31.551289 111.321121 31.783340
v -30.762148 115.621063 33.942329
v -39.400341 113.406662 30.931072
v -29.272285 118.587090 30.756227
v -27.844257 120.602852 26.704792
v -38.882111 122.670303 29.121664
v -27.945934 117.352242 22.990044
v -39.385662 121.122963 20.102434
v 49.667107 106.367630 32.721050
v 53.788246 107.252838 29.167700
v 45.383091 108.674095 34.786480
v 54.353989 111.025177 26.907848
v 53.296280 116.416466 25.729187
v 49.209282 117.621010 28.692625
v 44.999340 117.917755 31.630075
v 44.234947 112.826004 34.009167
v -50.092033 110.854492 24.805887
v -48.588036 109.342690 29.693718
v -50.838207 115.329613 21.591892
v -47.501137 112.112984 32.910271
v -46.738274 117.356575 34.938282
v -47.780190 120.718277 31.078365
v -48.812031 123.420959 26.641989
v -50.118484 119.478745 22.884418
v 3.270848 116.607056 49.191547
v 9.362695 120.752815 42.284588
v 3.347150 125.098297 51.019905
v -3.171772 120.467072 42.172646
v 11.832064 122.296745 38.985928
v 9.273102 124.550072 34.260445
v 15.260411 127.016548 40.157589
v 2.999433 126.051605 31.362848
v -3.211483 124.231842 34.136738
v 3.010089 128.467178 31.541826
v -5.693258 121.931183 38.839756
v -8.934510 127.173645 40.468151
v 3.644887 139.359634 52.261360
v 14.394339 141.087616 49.325737
v -7.121585 141.494598 49.741985
v 15.794387 142.341064 39.842049
v 13.963555 142.225540 31.114033
v 3.262973 142.417358 29.131363
v -7.352548 142.628738 31.526413
v -8.838877 142.807007 40.318604
v -17.583754 77.181061 2.945803
v -15.205297 74.777832 9.193996
v -16.093636 79.251587 -2.842139
v -10.770286 80.190468 -6.010662
v -3.376813 79.823746 -7.097579
v 3.553999 80.251572 -7.494304
v 10.362076 79.399719 -8.279088
v 17.827684 78.900482 -8.529897
v 23.642193 77.354721 -6.543640
v 25.862305 75.049553 -0.935876
v 24.563835 72.688171 5.601677
v 20.206564 71.965309 10.131647
v 14.265132 71.028290 12.632066
v 5.184122 72.131615 13.744624
v -4.136909 71.821091 14.109066
v -10.264162 73.283470 12.686621
v 61.204315 118.877396 61.140167
v 59.985897 120.677910 61.256870
v 65.640114 117.787155 58.711838
v 65.534752 119.916016 57.998543
v 70.283401 117.550285 55.838360
v 71.088509 119.055023 54.773403
v 70.084457 121.570015 54.491493
v 65.415558 122.324287 57.191608
v 61.005375 122.897125 59.793304
v -81.425453 118.247993 32.465752
v -81.517059 116.243408 32.325092
v -80.302277 112.695244 36.301014
v -79.869820 114.480782 37.502857
v -78.972847 110.082161 40.563190
v -78.314186 110.713554 42.539951
v -78.136826 113.533951 42.886581
v -79.358643 116.591324 38.923454
v -80.681046 119.695183 34.648472
vt 0.208431 0.494797
vt 0.208575 0.478116
vt 0.229443 0.475893
vt 0.229271 0.493426
vt 0.252729 0.492198
vt 0.256170 0.471571
vt 0.275357 0.475888
vt 0.275429 0.493819
vt 0.298111 0.492176
vt 0.294163 0.471736
vt 0.321331 0.475953
vt 0.321541 0.493432
vt 0.198757 0.641525
vt 0.200055 0.589825
vt 0.221664 0.590600
vt 0.219751 0.640956
vt 0.244967 0.639373
vt 0.247968 0.591507
vt 0.275466 0.591669
vt 0.275481 0.635804
vt 0.305994 0.639365
vt 0.302966 0.591494
vt 0.329276 0.590573
vt 0.331197 0.640955
vt 0.199789 0.728809
vt 0.197393 0.704590
vt 0.219517 0.692482
vt 0.227784 0.730211
vt 0.252859 0.733034
vt 0.249003 0.687406
vt 0.275511 0.688085
vt 0.275516 0.730408
vt 0.298175 0.733010
vt 0.302021 0.687396
vt 0.331536 0.692451
vt 0.323246 0.730162
vt 0.805511 0.686057
vt 0.204711 0.752714
vt 0.229559 0.760254
vt 0.782889 0.696424
vt 0.784986 0.875584
vt 0.254181 0.941082
vt 0.275435 0.940431
vt 0.742298 0.896742
vt 0.699334 0.736241
vt 0.297037 0.807427
vt 0.321459 0.760204
vt 0.696358 0.696343
vt 0.808954 0.641287
vt 0.805193 0.664541
vt 0.784300 0.671779
vt 0.785729 0.644267
vt 0.763331 0.647822
vt 0.762442 0.673765
vt 0.742276 0.741120
vt 0.739609 0.647377
vt 0.715889 0.647774
vt 0.716786 0.673709
vt 0.694936 0.671695
vt 0.693494 0.644181
vt 0.806875 0.557726
vt 0.810121 0.617205
vt 0.790367 0.607046
vt 0.787575 0.557696
vt 0.763367 0.556090
vt 0.764746 0.603486
vt 0.739627 0.603152
vt 0.739688 0.556093
vt 0.716014 0.556064
vt 0.714496 0.603455
vt 0.688836 0.606971
vt 0.691820 0.557642
vt 0.803405 0.420481
vt 0.802841 0.435733
vt 0.782960 0.432290
vt 0.783371 0.416064
vt 0.759505 0.410786
vt 0.759570 0.428509
vt 0.739756 0.426992
vt 0.739743 0.409699
vt 0.720007 0.410786
vt 0.719946 0.428500
vt 0.696571 0.432245
vt 0.696182 0.416016
vt 0.819305 0.093413
vt 0.797386 0.086157
vt 0.790779 0.072322
vt 0.822344 0.073237
vt 0.265809 0.416173
vt 0.762697 0.377789
vt 0.739788 0.389948
vt 0.275377 0.462947
vt 0.364323 0.097210
vt 0.342669 0.089884
vt 0.336664 0.075169
vt 0.367299 0.076188
vt 0.342559 0.494848
vt 0.342402 0.478170
vt 0.366070 0.480227
vt 0.366198 0.495669
vt 0.352247 0.641476
vt 0.350872 0.589816
vt 0.374237 0.588973
vt 0.374011 0.638442
vt 0.936729 0.462892
vt 0.940585 0.464321
vt 0.946953 0.476690
vt 0.936605 0.482861
vt 0.804780 0.405462
vt 0.824266 0.410023
vt 0.823186 0.423812
vt 0.805355 0.509178
vt 0.825584 0.509339
vt 0.825621 0.554997
vt 0.118742 0.522844
vt 0.058006 0.517789
vt 0.074507 0.510871
vt 0.084702 0.516921
vt 0.822269 0.350445
vt 0.784755 0.399833
vt 0.805305 0.347137
vt 0.793942 0.336256
vt 0.777469 0.322538
vt 0.236211 0.409364
vt 0.220899 0.415267
vt 0.203041 0.415110
vt 0.182178 0.419746
vt 0.685950 0.336155
vt 0.717407 0.377787
vt 0.694840 0.399772
vt 0.674409 0.347030
vt 0.657366 0.350391
vt 0.674734 0.405426
vt 0.637625 0.358046
vt 0.347747 0.415166
vt 0.329799 0.415381
vt 0.314324 0.409429
vt 0.706215 0.336018
vt 0.292514 0.404556
vt 0.870618 0.237836
vt 0.844433 0.293934
vt 0.832214 0.287148
vt 0.858351 0.228645
vt 0.844944 0.223065
vt 0.821107 0.280742
vt 0.243727 0.342391
vt 0.826584 0.212775
vt 0.214622 0.282882
vt 0.224361 0.346790
vt 0.210147 0.349538
vt 0.199596 0.284960
vt 0.184434 0.288656
vt 0.194986 0.352422
vt 0.864110 0.304875
vt 0.163133 0.290367
vt 0.634803 0.222910
vt 0.658751 0.280554
vt 0.647480 0.287052
vt 0.621343 0.228556
vt 0.609012 0.237734
vt 0.635143 0.293889
vt 0.375465 0.356065
vt 0.590820 0.249121
vt 0.366326 0.288752
vt 0.355651 0.352469
vt 0.340563 0.349608
vt 0.351134 0.285011
vt 0.336042 0.282967
vt 0.326383 0.346874
vt 0.678330 0.268182
vt 0.315081 0.275917
vt 0.789900 0.091626
vt 0.894734 0.181072
vt 0.223763 0.023658
vt 0.779683 0.072008
vt 0.205625 0.023651
vt 0.212375 0.030485
vt 0.208733 0.046428
vt 0.818124 0.043214
vt 0.919973 0.054113
vt 0.218394 0.124576
vt 0.231547 0.124829
vt 0.925982 0.076298
vt 0.853028 0.105343
vt 0.173602 0.224408
vt 0.245023 0.044913
vt 0.815784 0.102925
vt 0.335499 0.095534
vt 0.609223 0.166963
vt 0.147562 0.023794
vt 0.325939 0.074804
vt 0.129108 0.019171
vt 0.133886 0.026698
vt 0.125138 0.040618
vt 0.363323 0.044920
vt 0.461211 0.056389
vt 0.114656 0.083148
vt 0.128082 0.110700
vt 0.466974 0.079440
vt 0.396801 0.109583
vt 0.345740 0.218419
vt 0.158805 0.046562
vt 0.361009 0.107136
vt 0.212264 0.093809
vt 0.204982 0.218327
vt 0.226791 0.056935
vt 0.229179 0.093286
vt 0.246067 0.092223
vt 0.255137 0.092099
vt 0.884191 0.095549
vt 0.853655 0.095653
vt 0.854753 0.074189
vt 0.884265 0.075061
vt 0.885799 0.054616
vt 0.855335 0.052709
vt 0.203340 0.068369
vt 0.888472 0.044995
vt 0.116537 0.064410
vt 0.377147 0.224500
vt 0.136900 0.057215
vt 0.135301 0.068971
vt 0.159593 0.072808
vt 0.169578 0.075371
vt 0.426769 0.099419
vt 0.397393 0.099512
vt 0.398467 0.077209
vt 0.426850 0.078134
vt 0.428347 0.056895
vt 0.399054 0.054890
vt 0.111199 0.052142
vt 0.430928 0.046902
vt 0.398347 0.732496
vt 0.353774 0.704759
vt 0.655189 0.607952
vt 0.404645 0.715309
vt 0.625247 0.642548
vt 0.669008 0.617360
vt 0.670290 0.641156
vt 0.629866 0.657272
vt 0.633967 0.675274
vt 0.674058 0.664432
vt 0.345812 0.774768
vt 0.637449 0.692485
vt 0.387906 0.765553
vt 0.346295 0.752641
vt 0.351218 0.728717
vt 0.392980 0.747350
vt 0.854032 0.642643
vt 0.181252 0.694641
vt 0.859345 0.625630
vt 0.152631 0.732602
vt 0.157999 0.747449
vt 0.163074 0.765647
vt 0.167481 0.783084
vt 0.845329 0.675366
vt 0.849419 0.657366
vt 0.462802 0.754848
vt 0.433121 0.744888
vt 0.586158 0.633072
vt 0.469035 0.736153
vt 0.562716 0.661102
vt 0.591598 0.653084
vt 0.596668 0.669873
vt 0.567525 0.676181
vt 0.573571 0.695803
vt 0.602326 0.689166
vt 0.414557 0.801264
vt 0.575415 0.714705
vt 0.450039 0.789809
vt 0.420413 0.781867
vt 0.427222 0.762131
vt 0.457315 0.770152
vt 0.916571 0.661069
vt 0.887682 0.653104
vt 0.112049 0.724515
vt 0.922852 0.642462
vt 0.088177 0.754903
vt 0.117860 0.744959
vt 0.123753 0.762207
vt 0.093657 0.770210
vt 0.100926 0.789871
vt 0.130556 0.781946
vt 0.872833 0.708772
vt 0.104321 0.808576
vt 0.905760 0.695791
vt 0.876995 0.689207
vt 0.882631 0.669903
vt 0.911782 0.676158
vt 0.245118 0.820265
vt 0.256063 0.761423
vt 0.275458 0.816348
vt 0.275456 0.817082
vt 0.305796 0.819611
vt 0.322444 0.827635
vt 0.716707 0.746651
vt 0.742277 0.751635
vt 0.767846 0.746640
vt 0.232576 0.815700
vt 0.789238 0.746868
vt 0.242805 0.909093
vt 0.242913 0.847487
vt 0.275453 0.850080
vt 0.275444 0.899369
vt 0.308078 0.909112
vt 0.307992 0.847504
vt 0.685718 0.768892
vt 0.335635 0.923345
vt 0.710517 0.826756
vt 0.709025 0.772272
vt 0.742280 0.767854
vt 0.742288 0.823907
vt 0.774059 0.826743
vt 0.775535 0.772258
vt 0.216918 0.852154
vt 0.800161 0.835727
vt 0.803587 0.472219
vt 0.184266 0.511368
vt 0.823748 0.473030
vt 0.786007 0.508646
vt 0.783967 0.470951
vt 0.760849 0.468488
vt 0.762764 0.507838
vt 0.739729 0.507585
vt 0.739749 0.469813
vt 0.718652 0.468468
vt 0.716699 0.507812
vt 0.693463 0.508589
vt 0.695538 0.470900
vt 0.347089 0.550471
vt 0.343449 0.511536
vt 0.656251 0.437958
vt 0.370672 0.549455
vt 0.305626 0.550928
vt 0.300328 0.509969
vt 0.323635 0.511057
vt 0.326613 0.553291
vt 0.245263 0.550946
vt 0.250519 0.509979
vt 0.275426 0.509223
vt 0.275447 0.553833
vt 0.203857 0.550446
vt 0.207534 0.511493
vt 0.227207 0.511082
vt 0.224277 0.553331
vt 0.296688 0.941095
vt 0.317831 0.963343
vt 0.722395 0.859395
vt 0.742293 0.859091
vt 0.762190 0.859387
vt 0.672412 0.557619
vt 0.673996 0.509116
vt 0.676597 0.435714
vt 0.676064 0.420456
vt 0.798456 0.058765
vt 0.820876 0.052919
vt 0.343747 0.061021
vt 0.365907 0.055032
vt 0.963235 0.483911
vt 0.902883 0.489040
vt 0.909072 0.482168
vt 0.925033 0.475729
vt 0.931354 0.463643
vt 0.080884 0.498420
vt 0.084741 0.496992
vt 0.090126 0.497750
vt 0.096539 0.509638
vt 0.112499 0.516024
vt 0.245369 0.109349
vt 0.249130 0.116712
vt 0.914174 0.091435
vt 0.914507 0.075957
vt 0.915392 0.060496
vt 0.143488 0.116794
vt 0.145270 0.126440
vt 0.455609 0.095160
vt 0.455938 0.079081
vt 0.456800 0.063019
vt 0.982240 0.434188
vt 0.963585 0.427947
vt 0.946509 0.423110
vt 0.890921 0.433118
vt 0.882130 0.436526
vt 0.926679 0.423006
vt 0.909612 0.427375
vt 0.937930 0.422313
vt 0.075163 0.457134
vt 0.058225 0.461798
vt 0.039557 0.467684
vt 0.094859 0.456979
vt 0.083682 0.456346
vt 0.130564 0.466891
vt 0.111877 0.461251
vt 0.033116 0.470128
vt 0.675805 0.472192
vt 0.653419 0.509254
vt 0.655248 0.472962
vt 0.367019 0.511392
vt 0.176921 0.588998
vt 0.180547 0.549455
vt 0.822760 0.437993
vt 0.233028 0.963316
vt 0.215241 0.923308
vt 0.798841 0.768868
vt 0.699605 0.875602
vt 0.684417 0.835751
vt 0.333987 0.852188
vt 0.228471 0.827609
vt 0.254212 0.785439
vt 0.759269 0.697501
vt 0.785216 0.736222
vt 0.695315 0.746888
vt 0.719972 0.697428
vt 0.296799 0.785396
vt 0.318344 0.815723
vt 0.903939 0.714697
vt 0.136407 0.801345
vt 0.081951 0.736203
vt 0.893090 0.633076
vt 0.446638 0.808511
vt 0.606509 0.708725
vt 0.556410 0.642507
vt 0.438944 0.724452
vt 0.841861 0.692578
vt 0.205190 0.774839
vt 0.146366 0.715395
vt 0.823906 0.608060
vt 0.383498 0.782992
vt 0.673752 0.685953
vt 0.619881 0.625562
vt 0.369876 0.694574
vt 0.624476 0.158216
vt 0.327082 0.211968
vt 0.653476 0.212425
vt 0.306569 0.342322
vt 0.153133 0.050558
vt 0.361352 0.222428
vt 0.125968 0.045756
vt 0.396618 0.225899
vt 0.569871 0.190223
vt 0.388031 0.290471
vt 0.615162 0.304972
vt 0.596954 0.173816
vt 0.584932 0.180968
vt 0.909456 0.190131
vt 0.154402 0.225852
vt 0.888489 0.249012
vt 0.175675 0.355943
vt 0.241882 0.047343
vt 0.189385 0.222364
vt 0.213528 0.046751
vt 0.223402 0.212053
vt 0.855547 0.158550
vt 0.235225 0.276013
vt 0.801766 0.268578
vt 0.882733 0.173912
vt 0.870470 0.167071
vt 0.702590 0.322102
vt 0.284431 0.416033
vt 0.369025 0.419829
vt 0.654789 0.409992
vt 0.841623 0.358035
vt 0.185243 0.480200
vt 0.257695 0.404697
vt 0.773758 0.336466
vt 0.177136 0.638471
vt 0.185108 0.495641
vt 0.653403 0.554919
vt 0.655840 0.423782
vt 0.740026 0.329135
vt 0.739609 0.679991
vt 0.717946 0.727940
vt 0.321543 0.784229
vt 0.275425 0.981496
vt 0.229466 0.784279
vt 0.766602 0.727930
vt 0.275513 0.766895
vt 0.294962 0.761394
vt 0.158494 0.031032
vt 0.235614 0.029385
vt 0.253884 0.807420
vt 0.968218 0.693073
vt 0.970279 0.686813
vt 0.964692 0.720144
vt 0.041234 0.817480
vt 0.965692 0.701614
vt 0.035620 0.790589
vt 0.038855 0.799577
vt 0.026837 0.766821
vt 0.976742 0.669618
vt 0.033170 0.783659
vt 0.515345 0.790561
vt 0.512107 0.799546
vt 0.509721 0.817448
vt 0.514670 0.720260
vt 0.513647 0.701731
vt 0.511110 0.693195
vt 0.509040 0.686939
vt 0.502555 0.669755
vt 0.524137 0.766797
vt 0.517798 0.783632
vt 0.052820 0.522857
vt 0.139366 0.470253
vt 0.968347 0.489050
vt 0.988625 0.436785
vt 0.108883 0.091107
vt 0.106409 0.062482
vt 0.399209 0.044805
vt 0.459518 0.102060
vt 0.428604 0.109556
vt 0.167704 0.057128
vt 0.215342 0.132259
vt 0.203222 0.094543
vt 0.855471 0.043005
vt 0.918242 0.098075
vt 0.886101 0.105305
vt 0.255511 0.067846
vt 0.169019 0.047690
vt 0.166893 0.025823
vt 0.125973 0.120002
vt 0.337008 0.054912
vt 0.115292 0.038211
vt 0.149847 0.015689
vt 0.254586 0.043904
vt 0.241676 0.021944
vt 0.231922 0.132778
vt 0.791425 0.052872
vt 0.199112 0.046316
vt 0.223332 0.014444
vn -0.521529 0.211446 0.826619
vn -0.521529 0.211446 0.826619
vn -0.360483 0.015673 0.932634
vn -0.281739 -0.070103 0.956927
vn -0.092559 -0.275532 0.956826
vn 0.084203 0.269430 0.959332
vn 0.043354 0.226046 0.973151
vn -0.074454 -0.322499 0.943637
vn 0.173403 -0.040998 0.983997
vn -0.084107 0.527780 0.845207
vn 0.326473 0.296634 0.897454
vn 0.324644 0.293664 0.899093
vn -0.828505 -0.335966 0.448003
vn -0.841285 -0.382310 0.382202
vn -0.586700 -0.573431 0.571804
vn -0.594596 -0.469569 0.652657
vn -0.233799 -0.549254 0.802283
vn -0.221135 -0.727721 0.649247
vn 0.033023 -0.758593 0.650728
vn 0.023117 -0.564252 0.825279
vn 0.284749 -0.552136 0.783623
vn 0.307223 -0.705065 0.639138
vn 0.647960 -0.542763 0.534374
vn 0.626237 -0.456736 0.631838
vn -0.399890 -0.604268 0.689164
vn -0.685972 -0.581261 0.437696
vn -0.545942 -0.454065 0.704111
vn -0.329632 -0.419105 0.845987
vn -0.139382 -0.348214 0.926995
vn -0.165513 -0.492222 0.854589
vn -0.002804 -0.497198 0.867633
vn -0.019928 -0.366153 0.930341
vn 0.108981 -0.335026 0.935885
vn 0.167874 -0.490964 0.854853
vn 0.550362 -0.419865 0.721675
vn 0.337368 -0.359800 0.869901
vn -0.230240 0.759194 0.608781
vn -0.348977 0.042622 0.936162
vn -0.254194 0.120749 0.959586
vn -0.273782 0.740449 0.613823
vn -0.611807 0.781181 0.124289
vn -0.484544 0.397786 0.779091
vn 0.025438 0.389535 0.920660
vn 0.022016 0.949559 0.312815
vn 0.336817 0.675803 0.655625
vn 0.067898 0.001151 0.997692
vn 0.218512 0.178531 0.959364
vn 0.196192 0.797010 0.571212
vn -0.020631 0.548184 -0.836103
vn -0.129852 0.983200 -0.128281
vn -0.279561 0.956574 -0.082534
vn -0.239731 0.687480 -0.685492
vn -0.083684 0.743713 -0.663240
vn -0.171041 0.928780 -0.328804
vn -0.017785 0.859537 -0.510764
vn -0.006281 0.746317 -0.665561
vn 0.067658 0.745729 -0.662806
vn 0.093026 0.941578 -0.323692
vn 0.241775 0.963209 -0.117361
vn 0.234791 0.675475 -0.699004
vn -0.774648 0.438102 -0.456057
vn -0.558261 0.272293 -0.783710
vn -0.380298 0.606985 -0.697813
vn -0.349981 0.633610 -0.689965
vn -0.078041 0.667806 -0.740233
vn -0.072219 0.648385 -0.757879
vn -0.005041 0.654310 -0.756210
vn -0.025006 0.678138 -0.734509
vn 0.030674 0.694186 -0.719141
vn 0.067168 0.665491 -0.743378
vn 0.409689 0.661223 -0.628442
vn 0.313864 0.694023 -0.647936
vn -0.601638 0.068346 -0.795840
vn -0.714835 0.156358 -0.681589
vn -0.216533 0.201169 -0.955324
vn -0.130646 0.055528 -0.989873
vn -0.006952 -0.015581 -0.999855
vn -0.053617 0.166989 -0.984500
vn -0.099154 0.154393 -0.983022
vn -0.135175 -0.065901 -0.988628
vn -0.162557 -0.042286 -0.985793
vn -0.099591 0.160484 -0.982001
vn 0.088102 0.162167 -0.982823
vn 0.025787 -0.021483 -0.999437
vn -0.024202 -0.984431 -0.174095
vn 0.001488 -0.974431 -0.224680
vn 0.020258 -0.976452 -0.214783
vn -0.003800 -0.986016 -0.166608
vn 0.863396 -0.296666 0.408089
vn 0.707314 -0.676615 -0.204694
vn -0.133028 -0.833403 -0.536416
vn -0.079858 -0.751722 0.654627
vn -0.045565 -0.989600 -0.136437
vn -0.065093 -0.980166 -0.187185
vn -0.050194 -0.979825 -0.193449
vn -0.031981 -0.988910 -0.145031
vn 0.998779 0.047851 0.012314
vn 0.998779 0.047851 0.012314
vn 0.998779 0.047851 0.012314
vn 0.998779 0.047851 0.012314
vn 0.854149 -0.304145 0.421813
vn 0.896319 -0.336118 0.289201
vn 0.993722 -0.011898 -0.111247
vn 0.995713 0.092498 -0.000947
vn 0.513603 0.295345 0.805595
vn 0.513603 0.295342 0.805596
vn 0.513603 0.295342 0.805596
vn 0.513603 0.295345 0.805595
vn -0.866820 -0.098578 -0.488779
vn -0.866820 -0.098578 -0.488779
vn -0.866820 -0.098578 -0.488779
vn -0.866820 -0.098578 -0.488779
vn -0.772501 0.378562 -0.509837
vn -0.997998 -0.062987 -0.005765
vn -0.999469 -0.008035 0.031586
vn -0.950556 0.021701 0.309796
vn -0.950556 0.021702 0.309795
vn -0.950556 0.021702 0.309795
vn -0.950555 0.021701 0.309796
vn -0.008126 -0.559736 -0.828631
vn -0.065099 -0.496054 -0.865848
vn 0.208055 -0.539188 -0.816082
vn 0.301107 -0.576290 -0.759753
vn 0.950039 -0.221711 0.219704
vn 0.953149 -0.199889 0.227049
vn 0.427044 0.371577 0.824356
vn -0.210528 0.600453 0.771450
vn -0.306439 0.569678 0.762602
vn -0.971619 0.028648 -0.234812
vn -0.975710 0.058195 -0.211197
vn -0.975710 0.058195 -0.211197
vn -0.972271 0.032756 -0.231551
vn -0.486618 -0.714998 -0.501978
vn -0.455920 -0.705877 -0.542102
vn -0.141671 -0.730306 -0.668269
vn -0.199731 -0.750405 -0.630080
vn 0.899749 -0.226450 -0.373059
vn 0.897523 -0.228762 -0.376988
vn 0.897523 -0.228762 -0.376988
vn 0.900015 -0.226171 -0.372585
vn 0.539487 0.702516 0.464139
vn 0.439094 0.776499 0.451936
vn 0.155641 0.811300 0.563533
vn 0.199107 0.772318 0.603226
vn -0.514213 0.522098 0.680440
vn -0.866851 -0.336127 0.368223
vn -0.827259 0.118343 0.549216
vn -0.617575 0.477020 -0.625342
vn -0.672753 0.541039 -0.504658
vn 0.132922 0.901277 -0.412349
vn 0.189960 0.743611 -0.641060
vn 0.864299 0.473580 -0.169434
vn 0.922431 0.385717 0.018544
vn 0.838737 -0.137069 0.527003
vn 0.941806 -0.043172 0.333374
vn 0.556280 -0.435613 0.707668
vn 0.313202 -0.419574 0.851975
vn -0.228019 -0.514266 0.826763
vn -0.208052 -0.647305 0.733287
vn -0.876335 -0.415246 0.244149
vn -0.734964 -0.444768 0.511869
vn -0.980296 -0.062217 -0.187483
vn -0.950117 0.018732 -0.311332
vn -0.922614 0.340085 -0.182002
vn -0.933245 0.355976 -0.048315
vn -0.205564 0.792866 -0.573679
vn -0.297663 0.605103 -0.738409
vn 0.533488 0.424934 -0.731315
vn 0.648119 0.438694 -0.622486
vn 0.981110 -0.010859 -0.193145
vn 0.935281 0.042040 -0.351401
vn 0.925344 -0.264683 0.271444
vn 0.752343 -0.262220 0.604335
vn 0.295839 -0.311991 0.902851
vn 0.307801 -0.449852 0.838386
vn -0.499580 -0.317307 0.806062
vn -0.242336 -0.272092 0.931257
vn -0.830735 -0.095066 0.548490
vn -0.922941 -0.057546 0.380617
vn -0.093964 0.492159 -0.865419
vn -0.093964 0.492159 -0.865419
vn 0.356485 0.533446 -0.767042
vn 0.401544 0.531035 -0.746166
vn 0.930550 0.264927 0.252767
vn 0.930550 0.264927 0.252767
vn 0.930550 0.264927 0.252767
vn 0.930550 0.264927 0.252767
vn 0.082337 0.973498 0.213362
vn 0.082337 0.973498 0.213362
vn 0.004623 0.984678 0.174320
vn 0.004650 0.984676 0.174334
vn -0.736243 0.649600 -0.189648
vn -0.736243 0.649600 -0.189648
vn -0.736243 0.649600 -0.189648
vn -0.736243 0.649600 -0.189648
vn -0.699108 0.465205 -0.542985
vn -0.699108 0.465205 -0.542985
vn -0.322800 0.528991 -0.784837
vn -0.324431 0.528951 -0.784191
vn 0.811762 0.345806 -0.470595
vn 0.811762 0.345806 -0.470595
vn 0.811762 0.345806 -0.470595
vn 0.811762 0.345806 -0.470595
vn 0.127339 0.978550 0.161939
vn 0.127339 0.978550 0.161939
vn 0.048160 0.979760 0.194295
vn 0.047695 0.979746 0.194481
vn -0.734411 0.513828 0.443421
vn -0.734411 0.513828 0.443421
vn -0.734411 0.513828 0.443421
vn -0.734411 0.513828 0.443421
vn 0.062650 0.997598 -0.029555
vn 0.062650 0.997598 -0.029555
vn 0.099125 0.994987 -0.013238
vn 0.099992 0.994905 -0.012849
vn -0.704448 0.505167 -0.498557
vn -0.704448 0.505167 -0.498557
vn -0.704448 0.505168 -0.498557
vn -0.704448 0.505167 -0.498557
vn -0.114354 -0.993100 0.025999
vn -0.075454 -0.995143 -0.063218
vn -0.062017 -0.996419 -0.057465
vn -0.107543 -0.993830 0.027150
vn 0.880562 -0.086293 0.466009
vn 0.885046 -0.086074 0.457476
vn 0.885388 -0.086056 0.456818
vn 0.880562 -0.086293 0.466009
vn -0.064317 0.997910 -0.006289
vn -0.064317 0.997910 -0.006289
vn -0.033838 0.999257 -0.018468
vn -0.033671 0.999261 -0.018534
vn -0.881443 0.395323 0.258413
vn -0.881443 0.395323 0.258413
vn -0.881443 0.395324 0.258413
vn -0.881443 0.395323 0.258413
vn 0.033655 -0.998805 0.035446
vn -0.001685 -0.999261 -0.038408
vn 0.008012 -0.999089 -0.041906
vn 0.038100 -0.998672 0.034671
vn 0.929980 0.022504 -0.366920
vn 0.929930 0.022712 -0.367035
vn 0.929928 0.022722 -0.367040
vn 0.929980 0.022504 -0.366920
vn 0.337664 -0.629387 0.699896
vn 0.655344 -0.460326 0.598853
vn -0.102688 -0.993024 -0.057959
vn -0.093267 -0.995526 0.015137
vn -0.304219 -0.737113 -0.603420
vn 0.695228 0.280568 -0.661770
vn -0.015758 0.277503 -0.960596
vn -0.367670 -0.147625 -0.918164
vn -0.272188 0.566551 -0.777775
vn 0.197331 0.870827 -0.450245
vn 0.337267 0.907666 0.249787
vn 0.056597 0.997769 -0.035410
vn 0.425292 0.675907 0.601894
vn 0.451202 0.385821 0.804711
vn 0.446765 -0.279757 0.849787
vn 0.529171 -0.083500 0.844397
vn 0.148489 -0.178130 -0.972739
vn -0.177736 -0.799541 -0.573711
vn -0.098867 -0.788587 -0.606923
vn -0.279952 -0.952713 0.118175
vn -0.323633 -0.604249 0.728110
vn -0.152324 0.180098 0.971783
vn 0.114961 0.791853 0.599795
vn 0.304430 0.943406 -0.131556
vn 0.312086 0.503358 -0.805750
vn -0.527990 -0.678843 0.510294
vn -0.285592 -0.753398 0.592308
vn 0.008394 -0.998038 0.062053
vn 0.061752 -0.947479 0.313800
vn 0.598220 -0.793958 -0.108460
vn 0.280540 -0.748589 -0.600760
vn 0.277341 -0.241243 -0.929991
vn 0.844286 -0.122869 -0.521617
vn 0.635515 0.620331 -0.459685
vn 0.195394 0.348274 -0.916802
vn 0.018912 0.968953 -0.246520
vn 0.107642 0.988033 -0.110471
vn -0.486606 0.861374 0.145772
vn -0.196966 0.970560 0.138629
vn -0.493008 0.227059 0.839874
vn -0.902769 0.117069 0.413888
vn -0.322733 -0.288909 -0.901318
vn -0.036382 -0.119855 -0.992125
vn -0.061382 -0.771563 -0.633184
vn -0.206156 -0.810483 -0.548286
vn 0.005332 -0.999739 0.022223
vn -0.026579 -0.997574 0.064336
vn 0.023897 -0.567068 0.823324
vn 0.247958 -0.568954 0.784097
vn 0.113011 0.324018 0.939277
vn 0.089754 0.315148 0.944789
vn 0.100846 0.818826 0.565115
vn -0.062646 0.799056 0.597984
vn -0.211866 0.977236 -0.011090
vn 0.125356 0.963660 -0.235893
vn 0.058384 0.567179 -0.821523
vn -0.303156 0.568859 -0.764523
vn -0.539697 -0.653134 0.531171
vn -0.539697 -0.653134 0.531171
vn -0.539697 -0.653134 0.531171
vn -0.539697 -0.653134 0.531171
vn 0.936570 -0.333828 0.106749
vn 0.936570 -0.333828 0.106750
vn 0.980657 -0.195654 0.005706
vn 0.600587 -0.327561 -0.729383
vn -0.013393 0.598212 -0.801226
vn -0.009789 -0.075086 -0.997129
vn -0.638913 -0.291666 -0.711844
vn -0.490494 0.612731 0.619658
vn -0.972862 -0.231386 -0.000454
vn -0.717865 0.022502 0.695819
vn -0.661158 -0.219621 0.717382
vn 0.005732 -0.256403 0.966553
vn 0.016819 -0.027719 0.999474
vn 0.746660 0.008879 0.665146
vn 0.674312 -0.239968 0.698368
vn 0.973798 -0.218322 0.063661
vn 0.993540 0.111274 0.022296
vn 0.679676 0.065783 -0.730557
vn 0.654500 -0.184075 -0.733311
vn -0.015110 -0.160198 -0.986969
vn -0.015894 -0.026645 -0.999519
vn -0.699777 0.086133 -0.709149
vn -0.690735 -0.149277 -0.707532
vn -0.978956 -0.176080 0.103158
vn -0.990032 0.130286 0.053507
vn -0.760802 0.266292 -0.591835
vn -0.997295 -0.001809 -0.073488
vn -0.999253 -0.029618 -0.024808
vn -0.308851 0.590639 -0.745491
vn -0.277591 0.400940 -0.873035
vn -0.085709 0.396511 -0.914020
vn -0.091015 0.619006 -0.780095
vn -0.046486 0.621444 -0.782079
vn -0.068435 0.411832 -0.908686
vn -0.035807 0.404503 -0.913836
vn -0.000095 0.629790 -0.776766
vn 0.215796 0.610922 -0.761712
vn 0.167623 0.395485 -0.903047
vn 0.884973 -0.350366 0.306703
vn 0.855326 -0.374388 0.358121
vn 0.973848 -0.126865 -0.188484
vn 0.984393 -0.074433 -0.159469
vn 0.242218 -0.732975 0.635672
vn 0.185401 -0.600485 0.777846
vn 0.450566 -0.572308 0.685167
vn 0.555604 -0.592912 0.582889
vn -0.148704 -0.749575 0.645000
vn -0.104797 -0.555828 0.824665
vn 0.047716 -0.570423 0.819964
vn 0.035595 -0.785961 0.617251
vn -0.836958 -0.325359 0.440049
vn -0.845066 -0.242073 0.476722
vn -0.407693 -0.483539 0.774581
vn -0.469222 -0.603600 0.644591
vn -0.151588 -0.610274 0.777552
vn -0.393903 -0.497989 0.772559
vn -0.941960 -0.112098 0.316458
vn 0.233671 -0.316721 0.919285
vn 0.187219 -0.737996 0.648313
vn 0.034404 -0.676755 0.735404
vn 0.429983 0.471589 0.769882
vn 0.429983 0.471589 0.769882
vn 0.894282 -0.336127 0.295431
vn 0.338110 -0.707729 0.620324
vn -0.134487 -0.010100 0.990864
vn -0.025496 -0.207584 0.977885
vn 0.547622 0.400460 0.734672
vn 0.632790 0.767045 0.105919
vn 0.526393 0.705715 -0.474212
vn 0.003004 0.789784 -0.613378
vn -0.496700 0.738699 -0.455646
vn 0.767636 0.509790 -0.388394
vn 0.711014 0.410072 -0.571227
vn 0.095519 -0.462149 -0.881643
vn 0.190028 -0.350334 -0.917145
vn 0.139197 -0.327698 -0.934472
vn -0.178161 -0.166655 -0.969786
vn -0.178161 -0.166655 -0.969786
vn -0.250634 -0.537172 -0.805375
vn -0.686799 -0.706111 -0.172378
vn -0.022984 -0.558927 -0.828898
vn -0.237199 -0.488666 -0.839608
vn 0.616890 0.071965 -0.783752
vn 0.535321 -0.050508 -0.843138
vn 0.133597 -0.359000 -0.923727
vn 0.133597 -0.359000 -0.923727
vn -0.255583 -0.480659 -0.838835
vn -0.226749 -0.474160 -0.850739
vn 0.038920 -0.978021 -0.204841
vn 0.013834 -0.987852 -0.154779
vn -0.048221 -0.997446 -0.052700
vn -0.035151 -0.979223 -0.199719
vn -0.016728 -0.988667 -0.149188
vn 0.017396 -0.998782 -0.046164
vn 0.893984 -0.191269 -0.405228
vn 0.893984 -0.191269 -0.405228
vn 0.893984 -0.191269 -0.405228
vn 0.893984 -0.191269 -0.405228
vn 0.959250 -0.118521 -0.256499
vn 0.982295 0.142442 0.121686
vn 0.513605 0.295342 0.805595
vn 0.513605 0.295342 0.805595
vn 0.513606 0.295345 0.805593
vn 0.513606 0.295345 0.805593
vn 0.513606 0.295347 0.805592
vn 0.513606 0.295347 0.805592
vn 0.513603 0.295347 0.805594
vn 0.513603 0.295347 0.805594
vn -0.992194 0.106476 -0.064910
vn -0.992194 0.106476 -0.064910
vn -0.992194 0.106476 -0.064910
vn -0.992194 0.106476 -0.064910
vn -0.971249 0.016939 -0.237462
vn -0.996988 0.060548 0.048461
vn -0.950555 0.021699 0.309796
vn -0.950556 0.021699 0.309796
vn -0.950555 0.021702 0.309796
vn -0.950555 0.021702 0.309796
vn -0.950555 0.021704 0.309796
vn -0.950555 0.021704 0.309796
vn -0.950555 0.021701 0.309797
vn -0.950555 0.021701 0.309797
vn 0.549583 -0.529362 -0.646323
vn 0.596367 -0.554295 -0.580606
vn 0.644783 -0.578021 -0.500146
vn 0.350908 -0.634662 -0.688526
vn 0.048204 -0.617852 -0.784816
vn 0.747717 0.086401 0.658373
vn 0.758293 0.163895 0.630975
vn 0.758293 0.163895 0.630975
vn 0.958699 -0.144477 0.244996
vn 0.958699 -0.144477 0.244996
vn -0.577243 0.566945 0.587677
vn -0.681116 0.499059 0.535744
vn -0.754250 0.439246 0.488028
vn -0.394964 0.521852 0.756091
vn 0.103536 0.485052 0.868334
vn -0.824325 -0.206369 -0.527163
vn -0.824325 -0.206369 -0.527163
vn -0.818459 -0.212756 -0.533722
vn -0.817897 -0.213361 -0.534342
vn -0.811911 -0.219736 -0.540848
vn -0.811911 -0.219736 -0.540848
vn -0.966871 0.002692 -0.255251
vn -0.966871 0.002692 -0.255251
vn 0.124782 -0.688670 -0.714258
vn 0.102233 -0.725683 -0.680391
vn 0.078369 -0.761972 -0.642850
vn -0.222622 -0.784225 -0.579164
vn -0.524519 -0.724019 -0.447970
vn 0.986919 0.109214 -0.118588
vn 0.986919 0.109214 -0.118588
vn 0.987788 0.077439 -0.135193
vn 0.987722 0.083440 -0.132075
vn 0.987597 0.053099 -0.147761
vn 0.987597 0.053099 -0.147761
vn 0.902108 -0.223965 -0.368839
vn 0.902107 -0.223965 -0.368838
vn -0.212028 0.654744 0.725503
vn 0.245143 0.713840 0.656002
vn 0.616107 0.633013 0.468728
vn -0.945693 -0.270305 0.180557
vn -0.951268 -0.250038 0.180471
vn -0.968075 -0.174977 0.179480
vn -0.968075 -0.174977 0.179480
vn -0.855408 0.182154 0.484869
vn -0.855408 0.182154 0.484869
vn 0.883602 0.408015 -0.229719
vn 0.262114 0.644305 -0.718448
vn -0.552432 0.420608 -0.719658
vn 0.722000 -0.446215 0.528781
vn 0.972454 0.005419 0.233031
vn -0.955102 -0.288667 -0.066716
vn -0.240833 -0.806490 0.539976
vn -0.913174 0.057737 -0.403460
vn 0.526894 0.336402 -0.780524
vn -0.326969 0.495475 -0.804734
vn -0.939305 0.260253 -0.223549
vn 0.969269 -0.245792 -0.010222
vn 0.906569 0.051928 -0.418851
vn -0.689167 -0.345652 0.636846
vn 0.304277 -0.623686 0.720021
vn -0.953669 -0.052033 0.296323
vn 0.754223 0.450111 -0.478067
vn 0.754223 0.450111 -0.478067
vn 0.818405 0.071916 -0.570124
vn 0.818405 0.071916 -0.570124
vn 0.448751 0.120129 -0.885546
vn 0.432228 0.121425 -0.893552
vn -0.061483 0.139823 -0.988266
vn -0.061483 0.139823 -0.988266
vn 0.710033 0.469262 0.525021
vn 0.710033 0.469262 0.525021
vn 0.710033 0.469262 0.525021
vn 0.710033 0.469262 0.525021
vn 0.889212 -0.085859 0.449367
vn 0.889212 -0.085859 0.449367
vn 0.977579 -0.051546 0.204164
vn 0.977579 -0.051546 0.204164
vn 0.977579 -0.051546 0.204164
vn 0.977579 -0.051546 0.204164
vn -0.073001 0.988288 0.134005
vn -0.073001 0.988288 0.134005
vn -0.499469 -0.340614 0.796563
vn -0.499469 -0.340614 0.796563
vn -0.459566 -0.344750 0.818503
vn -0.459582 -0.344749 0.818494
vn -0.418761 -0.348161 0.838703
vn -0.418761 -0.348161 0.838703
vn -0.773690 0.375406 -0.510366
vn -0.773690 0.375406 -0.510366
vn -0.773690 0.375406 -0.510366
vn -0.773690 0.375406 -0.510366
vn -0.769324 0.095348 -0.631704
vn -0.769324 0.095348 -0.631704
vn -0.769324 0.095348 -0.631704
vn -0.769324 0.095348 -0.631704
vn -0.888294 0.089013 -0.450567
vn -0.883616 0.087491 -0.459966
vn -0.883909 0.087586 -0.459385
vn -0.888294 0.089013 -0.450567
vn 0.117409 0.485210 -0.866480
vn 0.117409 0.485210 -0.866480
vn 0.102816 0.118993 -0.987557
vn 0.102816 0.118993 -0.987557
vn -0.367492 0.121624 -0.922040
vn -0.366788 0.121642 -0.922318
vn -0.752698 0.097093 -0.651167
vn -0.752698 0.097093 -0.651167
vn 0.815460 0.555097 -0.163988
vn 0.815460 0.555097 -0.163988
vn 0.815461 0.555097 -0.163988
vn 0.815461 0.555097 -0.163988
vn 0.929884 0.022903 -0.367141
vn 0.929884 0.022903 -0.367141
vn 0.825733 0.044272 -0.562321
vn 0.825733 0.044272 -0.562321
vn 0.825733 0.044272 -0.562321
vn 0.825733 0.044272 -0.562321
vn -0.031907 0.973736 0.225432
vn -0.031907 0.973736 0.225432
vn 0.305597 -0.395408 0.866178
vn 0.305597 -0.395408 0.866178
vn 0.348962 -0.393907 0.850331
vn 0.349279 -0.393893 0.850207
vn 0.392007 -0.391538 0.832483
vn 0.392007 -0.391538 0.832483
vn -0.926497 0.301068 0.225749
vn -0.926497 0.301068 0.225749
vn -0.926497 0.301068 0.225749
vn -0.926497 0.301068 0.225749
vn -0.986671 -0.002758 0.162702
vn -0.986671 -0.002758 0.162702
vn -0.986671 -0.002758 0.162702
vn -0.986671 -0.002758 0.162702
vn -0.929880 -0.022824 0.367154
vn -0.929924 -0.022658 0.367054
vn -0.929922 -0.022666 0.367059
vn -0.929880 -0.022824 0.367154
vn 0.136861 0.990583 0.003741
vn 0.136861 0.990583 0.003741
vn 0.038683 0.994536 -0.096962
vn 0.038683 0.994536 -0.096962
vn 0.124650 0.990785 -0.052985
vn 0.124827 0.990768 -0.052894
vn 0.209775 0.977714 -0.008342
vn 0.209775 0.977714 -0.008342
vn -0.878594 0.085881 -0.469784
vn -0.878594 0.085881 -0.469784
vn -0.934700 -0.133179 -0.329544
vn -0.934700 -0.133179 -0.329544
vn -0.934700 -0.133179 -0.329544
vn -0.934700 -0.133179 -0.329544
vn -0.656721 0.616609 -0.434179
vn -0.656721 0.616609 -0.434179
vn -0.656721 0.616609 -0.434179
vn -0.656721 0.616609 -0.434179
vn -0.100658 -0.994518 0.028312
vn -0.101026 -0.971736 0.213360
vn -0.101026 -0.971736 0.213360
vn -0.183364 -0.967955 0.171583
vn -0.183046 -0.967986 0.171749
vn -0.263968 -0.955942 0.128435
vn -0.263968 -0.955942 0.128435
vn 0.871751 0.334609 0.357891
vn 0.871751 0.334609 0.357891
vn 0.871751 0.334609 0.357891
vn 0.871751 0.334609 0.357891
vn 0.813778 0.477049 0.331948
vn 0.813778 0.477049 0.331948
vn 0.813778 0.477049 0.331948
vn 0.813778 0.477049 0.331948
vn 0.771469 -0.299009 0.561631
vn 0.771469 -0.299009 0.561631
vn 0.771469 -0.299009 0.561631
vn 0.771469 -0.299009 0.561631
vn -0.003470 0.999527 -0.030568
vn -0.003470 0.999527 -0.030568
vn -0.131296 0.991343 0.000710
vn -0.131296 0.991343 0.000710
vn -0.042374 0.998459 -0.035835
vn -0.041896 0.998472 -0.036031
vn 0.047009 0.996291 -0.072075
vn 0.047009 0.996291 -0.072075
vn -0.929971 -0.022478 0.366945
vn -0.929971 -0.022478 0.366945
vn -0.846531 -0.245075 0.472572
vn -0.846531 -0.245075 0.472572
vn -0.846531 -0.245075 0.472572
vn -0.846531 -0.245075 0.472572
vn -0.803386 0.534855 0.261726
vn -0.803386 0.534855 0.261726
vn -0.803386 0.534855 0.261726
vn -0.803386 0.534855 0.261726
vn 0.042525 -0.998520 0.033899
vn 0.178373 -0.975143 0.131452
vn 0.178373 -0.975143 0.131452
vn 0.092334 -0.982039 0.164542
vn 0.092158 -0.982044 0.164608
vn 0.005489 -0.980542 0.196231
vn 0.005489 -0.980542 0.196231
vn 0.801352 0.436804 -0.408703
vn 0.801351 0.436804 -0.408703
vn 0.801352 0.436804 -0.408703
vn 0.801352 0.436804 -0.408703
vn 0.741821 0.571074 -0.351533
vn 0.741821 0.571074 -0.351533
vn 0.741821 0.571074 -0.351533
vn 0.741821 0.571074 -0.351533
vn 0.950672 -0.200910 -0.236341
vn 0.950672 -0.200910 -0.236341
vn 0.950673 -0.200910 -0.236341
vn 0.950672 -0.200910 -0.236341
vn 0.555098 -0.831099 0.033774
vn 0.082382 -0.924819 0.371380
vn -0.440396 -0.697028 0.565865
vn 0.592734 0.726016 -0.348666
vn 0.892089 -0.128812 -0.433111
vn -0.443123 0.873189 0.202937
vn 0.105652 0.990738 -0.085293
vn -0.856342 0.113397 0.503805
vn -0.054241 -0.998525 0.002427
vn -0.263210 -0.811726 -0.521365
vn -0.361515 -0.355008 -0.862134
vn 0.104300 0.304976 0.946631
vn 0.227908 -0.588994 0.775335
vn -0.218610 0.974552 0.049587
vn -0.078318 0.790511 0.607421
vn -0.317505 0.550161 -0.772343
vn 0.563211 -0.639374 0.523445
vn 0.563211 -0.639374 0.523445
vn 0.563211 -0.639374 0.523445
vn 0.563211 -0.639374 0.523445
vn 0.684862 -0.528115 0.502054
vn -0.021491 -0.558906 0.828952
vn -0.682795 -0.505611 0.527397
vn 0.746057 -0.665882 -0.000842
vn -0.925937 -0.359988 0.114233
vn -0.925937 -0.359988 0.114233
vn -0.781197 -0.623036 0.039458
vn 0.684177 0.234109 -0.690720
vn -0.877963 0.111801 0.465491
vn -0.663235 -0.495593 0.560809
vn -0.663235 -0.495593 0.560809
vn -0.878006 0.112685 0.465197
vn -0.064075 -0.926407 0.371032
vn -0.064075 -0.926407 0.371031
vn -0.064075 -0.926407 0.371031
vn -0.064075 -0.926407 0.371032
vn 0.144260 -0.957172 0.251019
vn 0.144260 -0.957172 0.251019
vn 0.144260 -0.957172 0.251019
vn 0.144260 -0.957172 0.251019
vn 0.740711 -0.608411 -0.284925
vn 0.839697 -0.134736 -0.526075
vn 0.839695 -0.134702 -0.526087
vn 0.740711 -0.608411 -0.284925
vn 0.757228 0.241014 -0.607057
vn 0.757228 0.241014 -0.607057
vn -0.044433 0.939785 -0.338864
vn -0.044433 0.939785 -0.338864
vn -0.044433 0.939785 -0.338864
vn -0.044433 0.939785 -0.338864
vn -0.068784 0.943279 -0.324799
vn -0.068784 0.943279 -0.324799
vn -0.068784 0.943279 -0.324799
vn -0.068784 0.943279 -0.324799
vn -0.795487 0.546832 0.261104
vn -0.795487 0.546832 0.261104
vn -0.209237 0.580378 -0.787008
vn -0.280046 0.072128 -0.957273
vn -0.280046 0.072128 -0.957273
vn -0.209230 0.580408 -0.786988
vn -0.217843 -0.739242 -0.637233
vn -0.217843 -0.739242 -0.637233
vn -0.217843 -0.739242 -0.637233
vn -0.217843 -0.739242 -0.637233
vn -0.158325 -0.879521 -0.448749
vn -0.158325 -0.879521 -0.448749
vn -0.158325 -0.879521 -0.448749
vn -0.158325 -0.879521 -0.448749
vn 0.100934 -0.959395 0.263390
vn 0.280520 -0.582146 0.763161
vn 0.280686 -0.581456 0.763626
vn 0.100934 -0.959395 0.263390
vn 0.339361 -0.128482 0.931840
vn 0.339361 -0.128482 0.931840
vn 0.217910 0.804237 0.552918
vn 0.217910 0.804237 0.552918
vn 0.217910 0.804237 0.552918
vn 0.217910 0.804237 0.552918
vn 0.210973 0.820727 0.530941
vn 0.210973 0.820727 0.530941
vn 0.210973 0.820727 0.530941
vn 0.210973 0.820727 0.530941
vn -0.117988 0.849072 -0.514932
vn -0.117988 0.849072 -0.514933
s 1
g pCube1
usemtl pCube1SG
f 101/1/1 1/2/2 98/3/3 97/4/4
f 99/5/5 2/6/6 103/7/7 102/8/8
f 104/9/9 3/10/10 107/11/11 106/12/12
s 3
f 114/13/13 5/14/14 111/15/15 110/16/16
f 112/17/17 6/18/18 116/19/19 115/20/20
f 117/21/21 7/22/22 120/23/23 119/24/24
f 126/25/25 9/26/26 113/27/27 123/28/28
f 124/29/29 10/30/30 118/31/31 127/32/32
f 128/33/33 11/34/34 122/35/35 130/36/36
f 136/424/37 13/38/38 125/39/39 133/474/40
f 141/401/41 85/42/42 138/43/43 137/473/44
f 145/413/45 15/477/46 132/47/47 142/472/48
f 149/49/49 17/50/50 135/51/51 146/52/52
f 147/53/53 18/54/54 151/470/55 150/56/56
f 152/57/57 19/58/58 144/59/59 154/60/60
f 160/61/61 21/62/62 148/63/63 157/64/64
f 158/65/65 22/66/66 153/67/67 161/68/68
f 162/69/69 23/70/70 156/71/71 164/72/72
f 171/73/73 90/74/74 168/75/75 167/76/76
f 169/77/77 91/78/78 173/79/79 172/80/80
f 174/81/81 92/82/82 177/83/83 176/84/84
s 10
f 184/85/85 49/86/86 181/87/87 180/88/88
s 1
f 187/464/89 30/90/90 175/91/91 185/469/92
s 12
f 192/93/93 53/94/94 189/95/95 188/96/96
s off
f 108/97/97 4/98/98 194/99/99 193/100/100
s 3
f 121/101/101 8/102/102 197/103/103 196/104/104
s 13
f 378/105/105 377/106/106 379/107/107 380/108/108
s off
f 171/73/109 29/109/110 204/110/111 203/111/112
s 3
f 160/61/61 25/112/113 207/113/114 206/114/115
s 14
f 386/501/116 387/116/117 388/117/118 389/118/119
s 15
f 216/119/120 29/109/121 170/120/122 213/121/123
s 1
f 214/122/124 30/90/90 187/464/89 217/123/125
f 218/124/126 2/6/6 98/3/127 220/125/128
s 17
f 221/126/129 1/2/130 204/462/131 223/127/132
s 18
f 228/128/133 31/129/134 179/130/135 225/131/136
s 19
f 226/132/137 32/133/138 194/460/139 229/134/140
s 1
f 230/135/141 4/98/142 107/11/143 232/136/144
f 233/137/145 3/10/10 186/458/146 235/139/147
s 21
f 240/140/148 33/141/149 215/142/150 237/143/151
f 238/144/152 34/145/153 219/454/154 241/147/155
f 242/148/156 35/149/157 222/150/158 244/151/159
f 245/152/160 36/153/161 224/447/162 247/155/163
s 22
f 252/156/164 37/157/165 227/158/166 249/159/167
f 250/160/168 38/161/169 231/441/170 253/163/171
f 254/164/172 39/165/173 234/166/174 256/167/175
f 257/168/176 40/169/177 236/434/178 259/171/179
s 23
f 263/524/180 41/479/181 239/174/182 261/528/183
s off
f 262/176/184 42/177/185 243/178/186 264/527/187
s 24
f 270/511/188 58/181/189 267/182/190 266/525/191
s off
f 272/516/192 44/448/193 248/186/194 271/523/195
s 25
f 275/518/196 45/478/197 251/190/198 273/522/199
s off
f 274/192/200 46/193/201 255/194/202 276/521/203
s 26
f 282/505/204 62/197/205 279/198/206 278/519/207
s off
f 284/510/208 48/435/209 260/202/210 283/517/211
s 27
f 287/204/212 43/450/213 246/206/214 285/207/215
s off
f 286/208/216 44/448/217 272/516/218 288/209/219
s 10
f 289/210/220 52/211/221 183/212/222 290/213/223
s 28
f 291/214/224 51/215/225 265/513/226 292/217/227
s 29
f 295/218/228 47/437/229 258/220/230 293/221/231
s off
f 294/222/232 48/435/233 284/510/234 296/223/235
s 12
f 297/224/236 56/225/237 191/226/238 298/227/239
s 30
f 299/228/240 55/229/241 277/507/242 300/231/243
s 3
f 304/232/244 12/233/245 198/430/246 301/235/247
f 302/236/248 24/237/249 155/238/250 305/239/251
f 306/240/252 20/241/253 143/428/254 308/243/255
f 309/244/256 16/245/257 131/246/258 311/247/259
f 316/248/260 21/62/62 208/426/261 313/250/262
f 314/251/263 9/26/26 126/25/25 317/252/264
f 318/253/265 13/38/38 136/424/37 320/254/266
f 321/255/267 17/50/50 149/49/49 323/256/268
f 327/257/269 66/258/270 303/422/271 325/260/272
f 326/261/273 65/262/274 307/263/275 328/264/276
f 329/265/277 67/266/278 310/420/279 330/268/280
f 331/269/281 68/270/282 312/271/283 332/272/284
f 335/273/285 69/274/286 315/418/287 333/276/288
f 334/277/289 70/278/290 319/279/291 336/280/292
f 337/281/293 71/282/294 322/416/295 338/284/296
f 339/285/297 72/286/298 324/287/299 340/288/300
s off
f 344/289/301 14/480/302 129/291/303 341/292/304
s 3
f 342/293/305 15/46/306 145/414/45 345/294/307
f 346/295/308 19/471/58 151/55/309 348/296/310
f 349/297/311 18/475/54 134/410/312 351/299/313
f 355/300/314 81/301/315 343/302/316 353/303/317
f 354/304/318 82/305/319 347/406/320 356/307/321
f 357/308/322 83/309/323 350/310/324 358/311/325
f 359/312/326 84/313/327 352/403/328 360/315/329
f 363/316/330 90/74/74 205/400/331 361/318/332
f 363/316/330 25/112/113 159/319/333 364/320/334
f 365/321/335 26/322/336 163/323/337 366/324/338
f 367/325/339 27/326/340 166/327/341 368/328/342
f 371/329/343 94/330/344 195/397/345 370/332/346
f 373/333/347 95/334/348 109/335/349 372/336/350
f 375/337/351 96/338/352 105/339/353 374/340/354
f 362/341/355 89/342/356 100/343/357 376/344/358
s 1
f 98/3/3 2/6/6 99/5/5 97/4/4
s 3
f 99/5/359 96/338/352 100/343/357 97/4/360
f 100/343/357 89/342/356 101/1/361 97/4/360
s 1
f 103/7/7 3/10/10 104/9/9 102/8/362
s 3
f 104/9/363 95/334/348 105/339/353 102/8/364
f 105/339/353 96/338/352 99/5/359 102/8/364
s 1
f 107/11/11 4/98/365 108/97/366 106/12/12
s 3
f 108/97/367 94/330/344 109/335/349 106/12/368
f 109/335/349 95/334/348 104/9/363 106/12/368
f 111/15/15 6/18/18 112/17/17 110/16/16
f 112/17/17 10/30/30 113/27/27 110/16/16
f 113/27/27 9/26/26 114/13/13 110/16/16
f 116/19/19 7/22/22 117/21/21 115/20/20
f 117/21/21 11/34/34 118/31/31 115/20/20
f 118/31/31 10/30/30 112/17/17 115/20/20
f 120/23/23 8/102/102 121/101/101 119/24/24
f 121/101/101 12/233/245 122/35/35 119/24/24
f 122/35/35 11/34/34 117/21/21 119/24/24
f 113/27/27 10/30/30 124/29/29 123/28/28
f 124/29/29 14/290/369 125/39/39 123/28/28
f 125/39/39 13/38/38 126/25/25 123/28/28
f 118/31/31 11/34/34 128/33/33 127/32/32
f 128/33/33 15/477/46 129/476/370 127/32/32
f 129/476/370 14/290/369 124/29/29 127/32/32
f 122/35/35 12/233/245 131/246/258 130/36/36
f 131/246/258 16/245/257 132/47/47 130/36/36
f 132/47/47 15/477/46 128/33/33 130/36/36
f 125/39/39 14/290/369 134/408/312 133/474/40
f 134/409/312 18/54/54 135/51/51 133/40/40
f 135/51/51 17/50/50 136/37/37 133/40/40
f 138/43/43 86/345/371 139/346/372 137/473/44
f 139/404/372 87/347/373 140/348/374 137/44/44
f 140/348/374 88/349/375 141/41/41 137/44/44
f 132/47/47 16/245/257 143/242/254 142/472/48
f 143/428/254 20/241/253 144/59/59 142/48/48
f 144/59/59 19/58/58 145/412/45 142/48/48
f 135/51/51 18/54/54 147/53/53 146/52/52
f 147/53/53 22/66/66 148/63/63 146/52/52
f 148/63/63 21/62/62 149/49/49 146/52/52
f 151/470/55 19/58/58 152/57/57 150/56/56
f 152/57/57 23/70/70 153/67/67 150/56/56
f 153/67/67 22/66/66 147/53/53 150/56/56
f 144/59/59 20/241/253 155/238/250 154/60/60
f 155/238/250 24/237/249 156/71/71 154/60/60
f 156/71/71 23/70/70 152/57/57 154/60/60
f 148/63/63 22/66/66 158/65/65 157/64/64
f 158/65/65 26/322/336 159/319/333 157/64/64
f 159/319/333 25/112/113 160/61/61 157/64/64
f 153/67/67 23/70/70 162/69/69 161/68/68
f 162/69/69 27/326/340 163/323/337 161/68/68
f 163/323/337 26/322/336 158/65/65 161/68/68
f 156/71/71 24/237/249 165/350/376 164/72/72
f 165/350/376 28/351/377 166/327/341 164/72/72
f 166/327/341 27/326/340 162/69/69 164/72/72
f 168/75/75 91/78/78 169/77/77 167/76/76
s 1
f 169/77/378 30/90/90 170/120/379 167/76/380
f 170/120/379 29/109/381 171/73/382 167/76/380
s 3
f 173/79/79 92/82/82 174/81/81 172/80/80
s 1
f 174/81/383 31/129/384 175/91/91 172/80/385
f 175/91/91 30/90/90 169/77/378 172/80/386
s 3
f 177/83/83 93/352/387 178/353/388 176/84/84
s 1
f 178/353/389 32/133/390 179/130/391 176/84/392
f 179/130/391 31/129/384 174/81/383 176/84/392
s 10
f 181/87/87 50/354/393 182/355/394 180/88/88
f 182/355/394 51/215/395 183/212/222 180/88/88
f 183/212/222 52/211/221 184/85/85 180/88/88
s 1
f 175/91/91 31/129/384 186/138/146 185/469/92
f 186/458/146 3/10/10 103/7/7 185/92/92
f 103/7/7 2/6/6 187/89/89 185/92/92
s 12
f 189/95/95 54/356/396 190/357/397 188/96/96
f 190/357/397 55/229/398 191/226/238 188/96/96
f 191/226/238 56/225/237 192/93/93 188/96/96
s off
f 194/460/399 32/133/400 178/353/401 193/468/402
s 3
f 178/353/388 93/352/387 195/331/345 193/468/403
f 195/397/345 94/330/344 108/97/367 193/100/403
f 197/395/103 28/351/377 165/350/376 196/467/104
f 165/350/376 24/237/249 198/234/404 196/467/104
f 198/430/404 12/233/245 121/101/101 196/104/104
s 41
f 379/107/405 381/358/406 382/503/407 380/108/408
f 382/359/407 383/360/409 384/361/410 380/108/408
s 13
f 384/361/411 385/362/412 378/105/105 380/108/108
s off
f 204/462/413 1/2/414 101/1/415 203/466/416
s 3
f 101/1/361 89/342/356 205/317/331 203/466/417
f 205/400/331 90/74/74 171/73/73 203/111/417
f 207/398/114 5/14/14 114/13/13 206/465/115
f 114/13/13 9/26/26 208/249/418 206/465/115
f 208/426/418 21/62/62 160/61/61 206/114/115
s 42
f 388/117/419 390/363/420 391/364/421 389/118/422
f 391/364/421 392/365/423 393/366/424 389/118/422
s 14
f 393/366/425 394/367/426 386/115/116 389/118/119
s 15
f 170/120/122 30/90/427 214/122/428 213/121/123
f 214/122/428 34/145/429 215/142/430 213/121/123
f 215/142/430 33/141/431 216/119/120 213/121/123
s 1
f 187/89/89 2/6/6 218/124/126 217/463/432
f 218/124/126 35/149/433 219/146/434 217/463/432
f 219/454/435 34/145/436 214/122/124 217/123/125
f 98/3/127 1/2/437 221/126/438 220/125/128
f 221/126/438 36/153/439 222/150/440 220/125/128
f 222/150/440 35/149/441 218/124/126 220/125/128
s 43
f 204/110/442 29/109/443 216/119/444 223/461/445
f 216/119/444 33/141/446 224/154/447 223/461/445
s 17
f 224/447/448 36/153/449 221/126/129 223/127/132
s 18
f 179/130/135 32/133/450 226/132/451 225/131/136
f 226/132/451 38/161/452 227/158/453 225/131/136
f 227/158/453 37/157/454 228/128/133 225/131/136
s 44
f 194/99/455 4/98/456 230/135/457 229/459/458
f 230/135/457 39/165/459 231/162/460 229/459/458
s 19
f 231/441/461 38/161/462 226/132/137 229/134/140
s 1
f 107/11/143 3/10/10 233/137/145 232/136/144
f 233/137/145 40/169/463 234/166/464 232/136/144
f 234/166/464 39/165/465 230/135/141 232/136/144
f 186/138/146 31/129/384 228/128/466 235/457/467
f 228/128/466 37/157/468 236/170/469 235/457/467
f 236/434/470 40/169/471 233/137/145 235/139/147
s 21
f 215/142/150 34/145/153 238/144/152 237/143/151
f 238/144/152 42/456/472 239/455/473 237/143/151
f 239/455/473 41/173/474 240/140/148 237/143/151
f 219/146/154 35/149/157 242/148/156 241/453/155
f 242/148/156 43/205/475 243/451/476 241/453/155
f 243/452/476 42/456/472 238/144/152 241/147/155
f 222/150/158 36/153/161 245/152/160 244/151/159
f 245/152/160 44/185/477 246/449/478 244/151/159
f 246/449/478 43/205/475 242/148/156 244/151/159
f 224/154/162 33/141/149 240/140/148 247/446/163
f 240/140/148 41/173/474 248/444/479 247/446/163
f 248/445/479 44/185/477 245/152/160 247/155/163
s 22
f 227/158/166 38/161/169 250/160/168 249/159/167
f 250/160/168 46/443/480 251/442/481 249/159/167
f 251/442/481 45/189/482 252/156/164 249/159/167
f 231/162/170 39/165/173 254/164/172 253/440/171
f 254/164/172 47/219/483 255/438/484 253/440/171
f 255/439/484 46/443/480 250/160/168 253/163/171
f 234/166/174 40/169/177 257/168/176 256/167/175
f 257/168/176 48/201/485 258/436/486 256/167/175
f 258/436/486 47/219/483 254/164/172 256/167/175
f 236/170/178 37/157/165 252/156/164 259/433/179
f 252/156/164 45/189/482 260/431/487 259/433/179
f 260/432/487 48/201/485 257/168/176 259/171/179
s 23
f 239/174/182 42/177/488 262/176/489 261/528/183
s 45
f 262/526/490 50/354/491 181/87/492 261/175/493
f 181/87/492 49/86/494 263/172/495 261/175/493
s off
f 243/178/496 43/450/497 265/216/498 264/527/499
s 28
f 265/513/226 51/215/225 182/355/500 264/179/501
s off
f 182/355/502 50/354/503 262/526/504 264/179/505
s 24
f 267/182/190 57/368/506 268/369/507 266/525/191
s 46
f 268/514/508 59/370/509 269/371/510 266/183/511
f 269/371/510 60/372/512 270/180/513 266/183/511
s off
f 248/186/514 41/479/515 263/524/516 271/523/517
f 263/172/518 49/86/519 184/85/520 271/187/521
s 47
f 184/85/522 52/211/523 272/184/524 271/187/525
s 25
f 251/190/198 46/193/526 274/192/527 273/522/199
s 48
f 274/520/528 54/356/529 189/95/530 273/191/531
f 189/95/530 53/94/532 275/188/533 273/191/531
s off
f 255/194/534 47/437/535 277/230/536 276/521/537
s 30
f 277/507/242 55/229/241 190/357/538 276/195/539
s off
f 190/357/540 54/356/541 274/520/542 276/195/543
s 26
f 279/198/206 61/373/544 280/374/545 278/519/207
s 49
f 280/508/546 63/375/547 281/376/548 278/199/549
f 281/376/548 64/377/550 282/196/551 278/199/549
s off
f 260/202/552 45/478/553 275/518/554 283/517/555
f 275/188/556 53/94/557 192/93/558 283/203/559
s 50
f 192/93/560 56/225/561 284/200/562 283/203/563
s 27
f 246/206/214 44/448/564 286/208/565 285/207/215
s 51
f 286/208/566 57/368/567 267/182/568 285/207/569
f 267/182/568 58/181/570 287/204/571 285/207/569
s 47
f 272/184/524 52/211/523 289/210/572 288/515/573
s off
f 289/210/574 59/370/575 268/514/576 288/515/577
f 268/369/578 57/368/579 286/208/580 288/209/581
s 10
f 183/212/222 51/215/395 291/214/582 290/213/223
s 52
f 291/214/583 60/372/584 269/371/585 290/213/586
f 269/371/585 59/370/587 289/210/588 290/213/586
s off
f 265/216/589 43/450/590 287/204/591 292/512/592
f 287/204/593 58/181/594 270/511/595 292/512/596
f 270/180/597 60/372/598 291/214/599 292/217/600
s 29
f 258/220/230 48/435/601 294/222/602 293/221/231
s 53
f 294/222/603 61/373/604 279/198/605 293/221/606
f 279/198/605 62/197/607 295/218/608 293/221/606
s 50
f 284/200/562 56/225/561 297/224/609 296/509/610
s off
f 297/224/611 63/375/612 280/508/613 296/509/614
f 280/374/615 61/373/616 294/222/617 296/223/618
s 12
f 191/226/238 55/229/398 299/228/619 298/227/239
s 54
f 299/228/620 64/377/621 281/376/622 298/227/623
f 281/376/622 63/375/624 297/224/625 298/227/623
s off
f 277/230/626 47/437/627 295/218/628 300/506/629
f 295/218/630 62/197/631 282/505/632 300/506/633
f 282/196/634 64/377/635 299/228/636 300/231/637
s 3
f 198/234/246 24/237/249 302/236/248 301/429/247
f 302/236/248 65/262/274 303/259/271 301/429/247
f 303/422/271 66/258/270 304/232/244 301/235/247
f 155/238/250 20/241/253 306/240/252 305/239/251
f 306/240/252 67/266/278 307/263/275 305/239/251
f 307/263/275 65/262/274 302/236/248 305/239/251
f 143/242/254 16/245/257 309/244/256 308/427/255
f 309/244/256 68/270/282 310/267/279 308/427/255
f 310/420/279 67/266/278 306/240/252 308/243/255
f 131/246/258 12/233/245 304/232/244 311/247/259
f 304/232/244 66/258/270 312/271/283 311/247/259
f 312/271/283 68/270/282 309/244/256 311/247/259
f 208/249/261 9/26/26 314/251/263 313/425/262
f 314/251/263 70/278/290 315/275/287 313/425/262
f 315/418/287 69/274/286 316/248/260 313/250/262
f 126/25/25 13/38/38 318/253/265 317/252/264
f 318/253/265 71/282/294 319/279/291 317/252/264
f 319/279/291 70/278/290 314/251/263 317/252/264
f 136/37/37 17/50/50 321/255/267 320/423/266
f 321/255/267 72/286/298 322/283/295 320/423/266
f 322/416/295 71/282/294 318/253/265 320/254/266
f 149/49/49 21/62/62 316/248/260 323/256/268
f 316/248/260 69/274/286 324/287/299 323/256/268
f 324/287/299 72/286/298 321/255/267 323/256/268
f 303/259/271 65/262/274 326/261/273 325/421/272
f 326/261/273 73/497/638 199/498/639 325/421/272
f 199/499/639 74/500/640 327/257/269 325/260/272
f 307/263/275 67/266/278 329/265/277 328/264/276
f 329/265/277 75/495/641 200/496/642 328/264/276
f 200/496/642 73/497/638 326/261/273 328/264/276
f 310/267/279 68/270/282 331/269/281 330/419/280
f 331/269/281 76/492/643 201/493/644 330/419/280
f 201/494/644 75/495/641 329/265/277 330/268/280
f 312/271/283 66/258/270 327/257/269 332/272/284
f 327/257/269 74/500/640 202/491/645 332/272/284
f 202/491/645 76/492/643 331/269/281 332/272/284
f 315/275/287 70/278/290 334/277/289 333/417/288
f 334/277/289 78/490/646 209/488/647 333/417/288
f 209/489/647 77/482/648 335/273/285 333/276/288
f 319/279/291 71/282/294 337/281/293 336/280/292
f 337/281/293 79/487/649 210/486/650 336/280/292
f 210/486/650 78/490/646 334/277/289 336/280/292
f 322/283/295 72/286/298 339/285/297 338/415/296
f 339/285/297 80/485/651 211/483/652 338/415/296
f 211/484/652 79/487/649 337/281/293 338/284/296
f 324/287/299 69/274/286 335/273/285 340/288/300
f 335/273/285 77/482/648 212/481/653 340/288/300
f 212/481/653 80/485/651 339/285/297 340/288/300
s off
f 129/291/654 15/46/655 342/293/656 341/292/657
s 3
f 342/293/658 82/305/319 343/302/316 341/292/659
f 343/302/316 81/301/315 344/289/660 341/292/659
f 145/45/45 19/471/58 346/295/308 345/411/307
f 346/295/308 83/309/323 347/306/320 345/411/661
f 347/406/320 82/305/319 342/293/658 345/294/661
f 151/55/309 18/475/54 349/297/311 348/296/310
f 349/297/311 84/313/327 350/310/324 348/296/310
f 350/310/324 83/309/323 346/295/308 348/296/310
f 134/298/312 14/480/662 344/289/663 351/407/313
f 344/289/660 81/301/315 352/314/328 351/407/664
f 352/403/328 84/313/327 349/297/311 351/299/664
f 343/302/316 82/305/319 354/304/318 353/303/317
f 354/304/318 86/345/371 138/43/43 353/303/317
f 138/43/43 85/42/42 355/300/314 353/303/317
f 347/306/320 83/309/323 357/308/322 356/405/321
f 357/308/322 87/347/373 139/404/372 356/405/321
f 139/346/372 86/345/371 354/304/318 356/307/321
f 350/310/324 84/313/327 359/312/326 358/311/325
f 359/312/326 88/349/375 140/348/374 358/311/325
f 140/348/374 87/347/373 357/308/322 358/311/325
f 352/314/328 81/301/315 355/300/314 360/402/329
f 355/300/314 85/42/42 141/401/41 360/402/329
f 141/41/41 88/349/375 359/312/326 360/315/329
f 205/317/331 89/342/356 362/341/355 361/399/332
f 362/341/355 5/14/14 207/398/114 361/399/332
f 207/113/114 25/112/113 363/316/330 361/318/332
f 159/319/333 26/322/336 365/321/335 364/320/334
f 365/321/335 91/78/78 168/75/75 364/320/334
f 168/75/75 90/74/74 363/316/330 364/320/334
f 163/323/337 27/326/340 367/325/339 366/324/338
f 367/325/339 92/82/82 173/79/79 366/324/338
f 173/79/79 91/78/78 365/321/335 366/324/338
f 166/327/341 28/351/377 369/394/665 368/328/342
f 369/394/665 93/352/387 177/83/83 368/328/342
f 177/83/83 92/82/82 367/325/339 368/328/342
f 195/331/345 93/352/387 369/394/665 370/396/346
f 369/394/665 28/351/377 197/395/103 370/396/346
f 197/103/103 8/102/102 371/329/343 370/332/346
f 109/335/349 94/330/344 371/329/343 372/336/350
f 371/329/343 8/102/102 120/23/23 372/336/350
f 120/23/23 7/22/22 373/333/347 372/336/350
f 105/339/353 95/334/348 373/333/347 374/340/354
f 373/333/347 7/22/22 116/19/19 374/340/354
f 116/19/19 6/18/18 375/337/351 374/340/354
f 100/343/357 96/338/352 375/337/351 376/344/358
f 375/337/351 6/18/18 111/15/15 376/344/358
f 111/15/15 5/14/14 362/341/355 376/344/358
s 55
f 202/385/666 74/380/667 377/106/668 378/105/669
s off
f 74/380/670 199/379/671 379/107/672 377/106/673
f 199/379/674 73/378/675 381/358/676 379/107/677
s 56
f 73/378/678 200/504/679 382/503/680 381/358/681
f 200/382/679 75/381/682 383/360/683 382/359/680
s off
f 75/381/684 201/384/685 384/361/686 383/360/687
f 201/384/688 76/383/689 385/362/690 384/361/691
s 55
f 76/383/692 202/385/666 378/105/669 385/362/693
s 57
f 212/393/694 77/388/695 387/116/696 386/501/697
s off
f 77/388/698 209/387/699 388/117/700 387/116/701
f 209/387/702 78/386/703 390/363/704 388/117/705
s 58
f 78/386/706 210/390/707 391/364/708 390/363/709
f 210/390/707 79/389/710 392/365/711 391/364/708
s off
f 79/389/712 211/392/713 393/366/714 392/365/715
f 211/392/716 80/391/717 394/367/718 393/366/719
s 57
f 80/391/720 212/502/694 386/115/697 394/367/721
