# This file uses centimeters as units for non-parametric coordinates.

mtllib my_animation.0033.mtl
g default
v -17.921577 71.750198 3.095572
v -4.637938 71.230278 6.793187
v 8.279257 71.217239 6.596590
v 22.601130 71.366768 3.724203
v -16.208496 93.162323 13.755114
v -4.360650 87.415680 21.517138
v 13.845955 87.728096 21.019558
v 25.200254 93.807671 12.687051
v -14.733457 118.481712 27.658524
v -3.770870 110.410301 33.780235
v 11.417807 110.886795 34.432262
v 23.164547 120.795822 30.215525
v -17.957697 126.628677 34.377403
v -2.667703 130.483444 37.782085
v 8.773836 130.823944 38.212978
v 25.330292 130.117004 35.396553
v -17.264311 132.933640 25.232651
v -4.349740 136.995529 27.700605
v 10.823111 137.442062 28.306658
v 23.591000 134.115662 25.423363
v -14.357603 123.223770 20.864271
v -3.342231 123.645615 14.085363
v 11.846499 124.119415 14.730453
v 22.071228 124.575844 23.654541
v -16.637892 100.804115 3.378736
v -3.646610 103.198761 -0.183584
v 11.512109 103.465752 -0.555185
v 24.769381 101.615639 2.069986
v -13.575794 69.426277 -7.728168
v -1.906262 66.442307 -2.610328
v 7.419970 64.894241 -2.629459
v 20.339403 67.627090 -7.592932
v -16.930227 38.685024 6.832150
v -10.122212 39.070232 10.277402
v -15.689301 42.110500 20.354618
v -22.422377 41.542194 16.839785
v 16.310450 40.003948 15.465505
v 23.835644 39.919342 13.357846
v 26.909332 45.534485 23.857700
v 19.384916 45.586330 25.952724
v -11.999478 13.549348 -9.881813
v -5.251891 13.257457 -6.869741
v -9.760192 10.246410 2.331877
v -16.337440 10.572841 -0.946341
v 13.903547 12.464990 2.539313
v 20.948792 12.816093 -0.117956
v 24.830082 10.528734 9.778028
v 17.798786 10.273102 12.482654
v -11.643681 7.951788 -12.225224
v -3.776403 7.548629 -8.247259
v -9.335251 4.231586 5.417978
v -19.741451 4.757005 -0.076828
v 12.756825 6.840268 1.130663
v 21.179865 7.166324 -2.096955
v 27.915951 4.780628 11.306326
v 16.919230 4.435248 15.561031
v -25.812132 8.852816 14.200392
v -17.630064 8.415808 18.578142
v -25.980114 5.303867 14.164172
v -17.796993 4.867499 18.540020
v 23.550747 8.877770 29.554165
v 32.200859 9.179429 26.179541
v 23.663843 5.334126 29.568523
v 32.320202 5.640685 26.210375
v 44.990379 115.752388 17.728086
v 40.939770 118.021828 25.151224
v 46.241478 126.121468 14.891486
v 43.708412 128.076889 22.814796
v -40.731110 121.915176 15.159011
v -37.404793 117.060097 24.188669
v -39.290657 126.230507 29.280172
v -41.387745 131.382904 20.236586
v 61.358517 118.983253 43.849255
v 53.283962 121.835426 48.554806
v 62.060646 122.560783 42.885628
v 53.985462 125.413460 47.592529
v -65.072556 111.902870 28.562160
v -59.992752 108.324562 36.104881
v -60.311001 111.631920 37.888245
v -65.390808 115.210228 30.345522
v -4.602058 141.523148 45.192883
v 11.091906 141.530884 44.902672
v 13.760919 144.613846 28.906153
v -7.954175 144.337814 29.227194
v -3.987288 162.761383 48.154537
v 10.868799 162.736984 47.730141
v 10.045889 168.451523 30.753006
v -4.116151 168.474777 31.157574
v -16.400585 78.348007 5.456075
v -15.401875 80.366234 -6.394482
v -2.757162 80.622566 -8.329961
v 8.447084 79.588760 -9.425142
v 21.540730 78.116081 -8.185017
v 22.501371 76.195030 4.067436
v 10.677599 75.213501 9.278853
v -4.304505 76.207230 10.180790
v -12.155687 74.856483 6.800436
v -13.072901 71.971443 6.580161
v -4.937194 73.663177 8.300631
v -11.488355 77.484604 8.671502
v -17.190512 75.129494 3.283015
v 2.589081 72.846443 8.221731
v 1.810917 70.597740 8.130711
v 9.894341 72.875488 7.220999
v 3.344470 75.232506 9.903418
v 16.849024 73.788589 5.826099
v 17.075554 71.726242 6.228573
v 22.340187 73.792419 2.895413
v 17.476057 75.747093 7.345725
v -11.687418 101.452187 24.471628
v -11.782771 90.018082 18.006372
v -4.988990 98.919197 27.742565
v -11.344444 112.850227 30.581026
v -16.335062 104.412506 20.667974
v 4.457407 97.906853 27.379530
v 4.768731 87.063309 21.964132
v 13.844278 99.262703 27.883310
v 3.853534 111.336052 33.074707
v 20.698978 102.124481 24.713938
v 20.976295 90.581886 17.099279
v 25.685547 105.404198 21.156776
v 19.461205 114.009308 31.882133
v -10.308093 121.738068 35.655445
v -3.399761 122.542587 38.027714
v -11.253198 129.798492 37.911568
v -17.649321 121.171257 32.175159
v 3.289673 122.097336 38.014622
v 9.911487 122.964165 38.603794
v 3.055674 132.587875 40.743671
v 17.274240 122.924332 36.892963
v 25.796610 124.937111 34.497509
v 17.278643 131.158386 39.087673
v -11.305646 134.968643 33.703350
v -3.611662 135.820343 34.095718
v -11.955036 137.178589 27.153660
v -17.744446 130.424484 30.226786
v 3.411533 168.625565 46.581604
v 3.452303 162.686066 48.350163
v 11.810492 167.023605 41.912315
v 2.914234 169.417664 29.127981
v -6.183668 167.050415 42.443989
v 17.160664 136.371811 34.751019
v 24.692930 133.083496 30.588755
v 18.049265 138.543854 28.046917
v 9.708982 136.182571 34.511402
v -10.564388 131.744003 21.215393
v -3.977238 133.589584 21.500378
v -11.039859 123.348839 15.177276
v -16.544750 128.842560 21.024340
v 3.618954 133.822601 21.825434
v 3.100941 139.444519 27.983967
v 11.197206 134.077789 22.159311
v 4.246389 123.886169 14.409227
v 17.685648 132.780228 22.517563
v 22.885908 129.052155 22.964470
v 19.496174 124.421509 16.644880
v -10.987497 113.046234 8.059241
v -3.143231 113.300156 7.118967
v -11.295936 102.772369 0.652628
v -16.406843 111.324478 10.845891
v 4.472693 113.459229 7.240907
v 12.006738 113.651024 7.316182
v 4.008319 103.155060 -0.566419
v 19.852280 113.740311 8.374311
v 25.612972 112.490990 11.157741
v 19.099323 103.284271 -0.194897
v -8.762965 75.153816 -9.030859
v -9.728173 80.631844 -8.534874
v -2.267874 75.566925 -8.281168
v -7.830226 69.604797 -8.224024
v -14.404316 74.820526 -7.826057
v 2.684413 75.180634 -8.205249
v 2.778940 80.528824 -8.602537
v 7.799432 74.190689 -9.299289
v 2.670429 69.809563 -6.642488
v 14.753546 73.124527 -10.196861
v 15.629178 78.784332 -9.994710
v 20.708895 72.746582 -8.814156
v 14.244470 67.330460 -8.586775
v -10.471301 6.103931 -4.936585
v -6.618908 8.353949 -12.444414
v -5.219846 5.992165 -2.274899
v -14.549384 4.438417 2.676706
v -15.689185 6.521644 -7.641977
v 1.573166 69.314911 8.636002
v 10.317624 58.699440 8.426826
v -5.349667 58.787724 6.818962
v 19.261894 5.732759 5.328747
v 16.140310 7.425873 -2.661838
v 24.753679 6.036264 3.182405
v 22.421986 4.573792 13.444201
v 13.751097 5.632455 7.415151
v 22.916542 73.123787 -3.470596
v 22.744070 69.325882 -2.503204
v 23.551580 77.139656 -2.546872
v 27.793503 108.796249 15.555843
v 26.990961 97.951317 7.038619
v 24.386326 121.615349 27.224800
v 57.065201 119.716125 46.465340
v 62.431995 120.159340 42.998158
v 57.923820 124.091011 45.286942
v 52.557484 123.647469 48.753254
v -17.072987 74.809563 -3.009801
v -16.852449 70.331436 -3.139251
v -17.487268 79.454796 -0.976446
v -18.567308 107.569145 15.063840
v -18.599543 97.160637 8.340897
v -16.525562 119.614990 22.996103
v -62.397079 109.386520 32.072632
v -59.485680 109.220856 37.774960
v -62.786259 113.431015 34.253464
v -65.697662 113.596687 28.551134
v -9.133981 53.420689 -0.798987
v -6.461529 53.564716 3.280880
v -12.850099 38.676811 7.649503
v -14.507636 52.866772 -0.796350
v -7.749752 55.941307 9.185273
v -12.314650 57.880745 13.682370
v -11.777238 40.660084 16.344297
v -16.986473 59.233433 13.076401
v -20.474857 57.333012 9.519257
v -20.053890 42.588737 20.690697
v -18.599285 55.117825 3.717277
v -20.833462 40.002190 11.738464
v 16.571280 52.623478 2.112730
v 21.983376 52.776062 3.047897
v 19.648216 39.469910 13.537148
v 12.865453 52.939095 5.511164
v 24.586718 56.218365 7.942693
v 24.910219 59.506439 13.692819
v 26.483864 42.832554 18.712002
v 20.399963 61.413944 16.059917
v 15.806568 59.707882 16.175173
v 23.547251 46.657509 26.873833
v 12.680351 56.464485 11.237255
v 16.643581 42.912300 21.418600
v -11.454823 30.027075 -1.569006
v -8.193796 29.358852 1.612425
v -7.824518 14.073631 -10.185391
v -16.055750 29.142614 -0.849538
v -8.397380 26.132380 7.233011
v -11.496883 23.180220 12.138362
v -6.160765 11.631189 -2.046151
v -15.847552 21.711285 12.494081
v -19.346226 22.915115 9.707789
v -14.494567 9.911044 3.249895
v -18.922558 25.813452 4.002870
v -15.060298 11.954860 -6.166611
v 17.727238 29.710037 6.207330
v 22.443190 29.615128 6.650030
v 16.749552 13.098500 -0.565191
v 14.540704 29.052534 9.505804
v 25.788467 27.261599 11.801871
v 26.847574 25.093809 17.885857
v 23.878813 11.611170 4.136929
v 23.485107 23.838846 20.886108
v 18.941690 24.631081 20.732315
v 22.380493 10.070511 13.800883
v 15.458497 26.588125 15.547038
v 14.678995 11.204259 7.628226
v -6.845444 11.303758 -11.907204
v -3.943882 10.478199 -7.777110
v -11.859398 10.859477 -11.659874
v -5.285876 8.824988 -1.872383
v -9.331614 7.046166 5.700563
v -22.732914 8.390471 18.257158
v -21.674582 9.608566 16.398460
v -27.928530 8.664752 15.478559
v -21.934553 4.116124 16.342405
v -17.537298 8.116191 21.035755
v -15.802567 9.339020 -7.129665
v -19.744925 7.575190 0.223946
v 16.202118 10.364866 -2.241617
v 21.237082 10.077756 -1.688609
v 12.810613 9.730832 1.527728
v 24.785486 8.888804 3.518357
v 27.895241 7.594947 11.490453
v 28.649971 8.798902 29.842903
v 27.845467 9.992915 27.864077
v 23.156044 8.613430 31.981367
v 28.024033 4.512781 27.895721
v 34.142242 8.997611 27.701220
v 13.778150 8.458497 7.733602
v 16.898861 7.247046 15.744905
v -18.106726 9.470092 9.739659
v -22.704363 9.728835 7.280184
v -13.522392 9.230595 12.203608
v -23.395262 7.081478 6.856274
v -23.488367 4.276953 6.755466
v -18.282877 3.993351 9.526882
v -13.086097 3.723161 12.299409
v -12.996379 6.521813 12.411422
v 25.100489 9.845022 20.783054
v 20.253227 9.691511 22.692478
v 29.948048 10.004353 18.874420
v 19.673948 6.989181 22.885220
v 19.739738 4.181204 22.833265
v 25.239126 4.351939 20.708008
v 30.738672 4.528687 18.584349
v 30.661045 7.335310 18.604689
v 34.357601 118.757065 24.417835
v 32.585133 119.958817 20.173277
v 43.090179 115.261597 22.002432
v 36.623070 120.102760 28.269165
v 33.037590 123.883598 18.750187
v 34.568871 128.562119 19.145634
v 45.633560 120.342102 15.429306
v 36.723183 129.265228 23.308685
v 38.531357 128.637436 27.453817
v 45.872299 127.670868 18.896435
v 37.905846 124.032021 28.732456
v 41.627766 122.921196 24.818909
v -28.745869 119.917648 20.796680
v -29.652796 118.522675 25.289118
v -39.234039 117.975594 18.946304
v -28.229815 123.555138 17.785515
v -30.457417 121.365623 28.371506
v -31.064434 125.899849 30.191214
v -37.807953 120.782433 27.492579
v -30.468124 128.969009 26.777864
v -29.653553 130.972290 22.604033
v -40.838943 129.372681 25.135021
v -28.719286 127.532722 19.159286
v -41.076298 126.916649 16.433033
v 47.443008 115.613686 31.038414
v 51.818874 115.717957 27.679464
v 43.714111 118.730377 33.121841
v 53.343510 119.377411 25.694910
v 53.605186 124.925789 24.843760
v 49.765415 126.877403 27.753109
v 45.605602 127.975739 30.572956
v 43.586124 123.073242 32.587311
v -46.925022 113.763329 22.997395
v -44.504883 113.423897 27.740355
v -49.621384 117.300537 19.633249
v -44.290211 116.708115 30.628326
v -45.445404 122.030373 32.236572
v -48.049709 124.373093 28.318098
v -50.395470 126.059334 23.875807
v -50.417046 121.549057 20.558216
v 3.168119 132.719864 46.195736
v 9.287738 136.815231 39.147415
v 3.297683 140.669052 47.847942
v -3.248030 136.567703 39.003746
v 11.785410 138.234833 35.745693
v 9.267522 140.306473 30.872204
v 15.175406 143.097305 36.876129
v 2.990937 141.867264 27.875837
v -3.219546 140.037354 30.712322
v 2.892000 144.781036 28.269281
v -5.740946 137.911331 35.556896
v -9.020321 143.007416 37.297676
v 3.477557 154.294998 50.042648
v 14.175036 156.389923 47.186840
v -7.339955 156.425247 47.801460
v 15.470848 158.430466 37.825825
v 13.563544 158.994904 29.131737
v 2.843894 159.179596 27.254173
v -7.751636 159.029907 29.740650
v -9.161347 158.470917 38.529495
v -17.973680 89.622116 3.809664
v -15.818950 87.331734 10.173182
v -16.277161 91.548355 -2.002400
v -10.845505 92.373093 -5.036755
v -3.418914 91.958076 -5.880243
v 3.514073 92.270493 -6.093040
v 10.344524 91.374168 -6.633995
v 17.815727 90.862236 -6.625717
v 23.555725 89.379166 -4.387705
v 25.571835 87.193413 1.371421
v 24.038462 84.987656 7.954968
v 19.526224 84.398064 12.384908
v 13.499347 83.517242 14.674581
v 4.388902 84.765297 15.579398
v -4.941867 84.459991 15.592785
v -11.011054 85.959579 13.989429
v 60.273354 123.457001 60.545795
v 59.497475 125.481499 60.744389
v 64.442879 121.507347 58.184525
v 64.861374 123.639694 57.610172
v 69.030006 120.363594 55.441677
v 70.205788 121.698639 54.502674
v 69.820213 124.389908 54.357166
v 65.334801 126.051918 56.960419
v 61.063560 127.483322 59.461285
v -77.790169 109.385162 34.135899
v -77.107002 107.493195 34.118092
v -74.236786 105.087166 38.098801
v -74.422066 107.012619 39.137024
v -71.598511 103.612915 42.297344
v -71.053955 104.640068 44.138134
v -71.956680 107.335182 44.304428
v -74.641060 109.288536 40.364220
v -77.465179 111.215454 36.125168
vt 0.208431 0.494797
vt 0.208575 0.478116
vt 0.229443 0.475893
vt 0.229271 0.493426
vt 0.252729 0.492198
vt 0.256170 0.471571
vt 0.275357 0.475888
vt 0.275429 0.493819
vt 0.298111 0.492176
vt 0.294163 0.471736
vt 0.321331 0.475953
vt 0.321541 0.493432
vt 0.198757 0.641525
vt 0.200055 0.589825
vt 0.221664 0.590600
vt 0.219751 0.640956
vt 0.244967 0.639373
vt 0.247968 0.591507
vt 0.275466 0.591669
vt 0.275481 0.635804
vt 0.305994 0.639365
vt 0.302966 0.591494
vt 0.329276 0.590573
vt 0.331197 0.640955
vt 0.199789 0.728809
vt 0.197393 0.704590
vt 0.219517 0.692482
vt 0.227784 0.730211
vt 0.252859 0.733034
vt 0.249003 0.687406
vt 0.275511 0.688085
vt 0.275516 0.730408
vt 0.298175 0.733010
vt 0.302021 0.687396
vt 0.331536 0.692451
vt 0.323246 0.730162
vt 0.805511 0.686057
vt 0.204711 0.752714
vt 0.229559 0.760254
vt 0.782889 0.696424
vt 0.784986 0.875584
vt 0.254181 0.941082
vt 0.275435 0.940431
vt 0.742298 0.896742
vt 0.699334 0.736241
vt 0.297037 0.807427
vt 0.321459 0.760204
vt 0.696358 0.696343
vt 0.808954 0.641287
vt 0.805193 0.664541
vt 0.784300 0.671779
vt 0.785729 0.644267
vt 0.763331 0.647822
vt 0.762442 0.673765
vt 0.742276 0.741120
vt 0.739609 0.647377
vt 0.715889 0.647774
vt 0.716786 0.673709
vt 0.694936 0.671695
vt 0.693494 0.644181
vt 0.806875 0.557726
vt 0.810121 0.617205
vt 0.790367 0.607046
vt 0.787575 0.557696
vt 0.763367 0.556090
vt 0.764746 0.603486
vt 0.739627 0.603152
vt 0.739688 0.556093
vt 0.716014 0.556064
vt 0.714496 0.603455
vt 0.688836 0.606971
vt 0.691820 0.557642
vt 0.803405 0.420481
vt 0.802841 0.435733
vt 0.782960 0.432290
vt 0.783371 0.416064
vt 0.759505 0.410786
vt 0.759570 0.428509
vt 0.739756 0.426992
vt 0.739743 0.409699
vt 0.720007 0.410786
vt 0.719946 0.428500
vt 0.696571 0.432245
vt 0.696182 0.416016
vt 0.819305 0.093413
vt 0.797386 0.086157
vt 0.790779 0.072322
vt 0.822344 0.073237
vt 0.265809 0.416173
vt 0.762697 0.377789
vt 0.739788 0.389948
vt 0.275377 0.462947
vt 0.364323 0.097210
vt 0.342669 0.089884
vt 0.336664 0.075169
vt 0.367299 0.076188
vt 0.342559 0.494848
vt 0.342402 0.478170
vt 0.366070 0.480227
vt 0.366198 0.495669
vt 0.352247 0.641476
vt 0.350872 0.589816
vt 0.374237 0.588973
vt 0.374011 0.638442
vt 0.936729 0.462892
vt 0.940585 0.464321
vt 0.946953 0.476690
vt 0.936605 0.482861
vt 0.804780 0.405462
vt 0.824266 0.410023
vt 0.823186 0.423812
vt 0.805355 0.509178
vt 0.825584 0.509339
vt 0.825621 0.554997
vt 0.118742 0.522844
vt 0.058006 0.517789
vt 0.074507 0.510871
vt 0.084702 0.516921
vt 0.822269 0.350445
vt 0.784755 0.399833
vt 0.805305 0.347137
vt 0.793942 0.336256
vt 0.777469 0.322538
vt 0.236211 0.409364
vt 0.220899 0.415267
vt 0.203041 0.415110
vt 0.182178 0.419746
vt 0.685950 0.336155
vt 0.717407 0.377787
vt 0.694840 0.399772
vt 0.674409 0.347030
vt 0.657366 0.350391
vt 0.674734 0.405426
vt 0.637625 0.358046
vt 0.347747 0.415166
vt 0.329799 0.415381
vt 0.314324 0.409429
vt 0.706215 0.336018
vt 0.292514 0.404556
vt 0.870618 0.237836
vt 0.844433 0.293934
vt 0.832214 0.287148
vt 0.858351 0.228645
vt 0.844944 0.223065
vt 0.821107 0.280742
vt 0.243727 0.342391
vt 0.826584 0.212775
vt 0.214622 0.282882
vt 0.224361 0.346790
vt 0.210147 0.349538
vt 0.199596 0.284960
vt 0.184434 0.288656
vt 0.194986 0.352422
vt 0.864110 0.304875
vt 0.163133 0.290367
vt 0.634803 0.222910
vt 0.658751 0.280554
vt 0.647480 0.287052
vt 0.621343 0.228556
vt 0.609012 0.237734
vt 0.635143 0.293889
vt 0.375465 0.356065
vt 0.590820 0.249121
vt 0.366326 0.288752
vt 0.355651 0.352469
vt 0.340563 0.349608
vt 0.351134 0.285011
vt 0.336042 0.282967
vt 0.326383 0.346874
vt 0.678330 0.268182
vt 0.315081 0.275917
vt 0.789900 0.091626
vt 0.894734 0.181072
vt 0.223763 0.023658
vt 0.779683 0.072008
vt 0.205625 0.023651
vt 0.212375 0.030485
vt 0.208733 0.046428
vt 0.818124 0.043214
vt 0.919973 0.054113
vt 0.218394 0.124576
vt 0.231547 0.124829
vt 0.925982 0.076298
vt 0.853028 0.105343
vt 0.173602 0.224408
vt 0.245023 0.044913
vt 0.815784 0.102925
vt 0.335499 0.095534
vt 0.609223 0.166963
vt 0.147562 0.023794
vt 0.325939 0.074804
vt 0.129108 0.019171
vt 0.133886 0.026698
vt 0.125138 0.040618
vt 0.363323 0.044920
vt 0.461211 0.056389
vt 0.114656 0.083148
vt 0.128082 0.110700
vt 0.466974 0.079440
vt 0.396801 0.109583
vt 0.345740 0.218419
vt 0.158805 0.046562
vt 0.361009 0.107136
vt 0.212264 0.093809
vt 0.204982 0.218327
vt 0.226791 0.056935
vt 0.229179 0.093286
vt 0.246067 0.092223
vt 0.255137 0.092099
vt 0.884191 0.095549
vt 0.853655 0.095653
vt 0.854753 0.074189
vt 0.884265 0.075061
vt 0.885799 0.054616
vt 0.855335 0.052709
vt 0.203340 0.068369
vt 0.888472 0.044995
vt 0.116537 0.064410
vt 0.377147 0.224500
vt 0.136900 0.057215
vt 0.135301 0.068971
vt 0.159593 0.072808
vt 0.169578 0.075371
vt 0.426769 0.099419
vt 0.397393 0.099512
vt 0.398467 0.077209
vt 0.426850 0.078134
vt 0.428347 0.056895
vt 0.399054 0.054890
vt 0.111199 0.052142
vt 0.430928 0.046902
vt 0.398347 0.732496
vt 0.353774 0.704759
vt 0.655189 0.607952
vt 0.404645 0.715309
vt 0.625247 0.642548
vt 0.669008 0.617360
vt 0.670290 0.641156
vt 0.629866 0.657272
vt 0.633967 0.675274
vt 0.674058 0.664432
vt 0.345812 0.774768
vt 0.637449 0.692485
vt 0.387906 0.765553
vt 0.346295 0.752641
vt 0.351218 0.728717
vt 0.392980 0.747350
vt 0.854032 0.642643
vt 0.181252 0.694641
vt 0.859345 0.625630
vt 0.152631 0.732602
vt 0.157999 0.747449
vt 0.163074 0.765647
vt 0.167481 0.783084
vt 0.845329 0.675366
vt 0.849419 0.657366
vt 0.462802 0.754848
vt 0.433121 0.744888
vt 0.586158 0.633072
vt 0.469035 0.736153
vt 0.562716 0.661102
vt 0.591598 0.653084
vt 0.596668 0.669873
vt 0.567525 0.676181
vt 0.573571 0.695803
vt 0.602326 0.689166
vt 0.414557 0.801264
vt 0.575415 0.714705
vt 0.450039 0.789809
vt 0.420413 0.781867
vt 0.427222 0.762131
vt 0.457315 0.770152
vt 0.916571 0.661069
vt 0.887682 0.653104
vt 0.112049 0.724515
vt 0.922852 0.642462
vt 0.088177 0.754903
vt 0.117860 0.744959
vt 0.123753 0.762207
vt 0.093657 0.770210
vt 0.100926 0.789871
vt 0.130556 0.781946
vt 0.872833 0.708772
vt 0.104321 0.808576
vt 0.905760 0.695791
vt 0.876995 0.689207
vt 0.882631 0.669903
vt 0.911782 0.676158
vt 0.245118 0.820265
vt 0.256063 0.761423
vt 0.275458 0.816348
vt 0.275456 0.817082
vt 0.305796 0.819611
vt 0.322444 0.827635
vt 0.716707 0.746651
vt 0.742277 0.751635
vt 0.767846 0.746640
vt 0.232576 0.815700
vt 0.789238 0.746868
vt 0.242805 0.909093
vt 0.242913 0.847487
vt 0.275453 0.850080
vt 0.275444 0.899369
vt 0.308078 0.909112
vt 0.307992 0.847504
vt 0.685718 0.768892
vt 0.335635 0.923345
vt 0.710517 0.826756
vt 0.709025 0.772272
vt 0.742280 0.767854
vt 0.742288 0.823907
vt 0.774059 0.826743
vt 0.775535 0.772258
vt 0.216918 0.852154
vt 0.800161 0.835727
vt 0.803587 0.472219
vt 0.184266 0.511368
vt 0.823748 0.473030
vt 0.786007 0.508646
vt 0.783967 0.470951
vt 0.760849 0.468488
vt 0.762764 0.507838
vt 0.739729 0.507585
vt 0.739749 0.469813
vt 0.718652 0.468468
vt 0.716699 0.507812
vt 0.693463 0.508589
vt 0.695538 0.470900
vt 0.347089 0.550471
vt 0.343449 0.511536
vt 0.656251 0.437958
vt 0.370672 0.549455
vt 0.305626 0.550928
vt 0.300328 0.509969
vt 0.323635 0.511057
vt 0.326613 0.553291
vt 0.245263 0.550946
vt 0.250519 0.509979
vt 0.275426 0.509223
vt 0.275447 0.553833
vt 0.203857 0.550446
vt 0.207534 0.511493
vt 0.227207 0.511082
vt 0.224277 0.553331
vt 0.296688 0.941095
vt 0.317831 0.963343
vt 0.722395 0.859395
vt 0.742293 0.859091
vt 0.762190 0.859387
vt 0.672412 0.557619
vt 0.673996 0.509116
vt 0.676597 0.435714
vt 0.676064 0.420456
vt 0.798456 0.058765
vt 0.820876 0.052919
vt 0.343747 0.061021
vt 0.365907 0.055032
vt 0.963235 0.483911
vt 0.902883 0.489040
vt 0.909072 0.482168
vt 0.925033 0.475729
vt 0.931354 0.463643
vt 0.080884 0.498420
vt 0.084741 0.496992
vt 0.090126 0.497750
vt 0.096539 0.509638
vt 0.112499 0.516024
vt 0.245369 0.109349
vt 0.249130 0.116712
vt 0.914174 0.091435
vt 0.914507 0.075957
vt 0.915392 0.060496
vt 0.143488 0.116794
vt 0.145270 0.126440
vt 0.455609 0.095160
vt 0.455938 0.079081
vt 0.456800 0.063019
vt 0.982240 0.434188
vt 0.963585 0.427947
vt 0.946509 0.423110
vt 0.890921 0.433118
vt 0.882130 0.436526
vt 0.926679 0.423006
vt 0.909612 0.427375
vt 0.937930 0.422313
vt 0.075163 0.457134
vt 0.058225 0.461798
vt 0.039557 0.467684
vt 0.094859 0.456979
vt 0.083682 0.456346
vt 0.130564 0.466891
vt 0.111877 0.461251
vt 0.033116 0.470128
vt 0.675805 0.472192
vt 0.653419 0.509254
vt 0.655248 0.472962
vt 0.367019 0.511392
vt 0.176921 0.588998
vt 0.180547 0.549455
vt 0.822760 0.437993
vt 0.233028 0.963316
vt 0.215241 0.923308
vt 0.798841 0.768868
vt 0.699605 0.875602
vt 0.684417 0.835751
vt 0.333987 0.852188
vt 0.228471 0.827609
vt 0.254212 0.785439
vt 0.759269 0.697501
vt 0.785216 0.736222
vt 0.695315 0.746888
vt 0.719972 0.697428
vt 0.296799 0.785396
vt 0.318344 0.815723
vt 0.903939 0.714697
vt 0.136407 0.801345
vt 0.081951 0.736203
vt 0.893090 0.633076
vt 0.446638 0.808511
vt 0.606509 0.708725
vt 0.556410 0.642507
vt 0.438944 0.724452
vt 0.841861 0.692578
vt 0.205190 0.774839
vt 0.146366 0.715395
vt 0.823906 0.608060
vt 0.383498 0.782992
vt 0.673752 0.685953
vt 0.619881 0.625562
vt 0.369876 0.694574
vt 0.624476 0.158216
vt 0.327082 0.211968
vt 0.653476 0.212425
vt 0.306569 0.342322
vt 0.153133 0.050558
vt 0.361352 0.222428
vt 0.125968 0.045756
vt 0.396618 0.225899
vt 0.569871 0.190223
vt 0.388031 0.290471
vt 0.615162 0.304972
vt 0.596954 0.173816
vt 0.584932 0.180968
vt 0.909456 0.190131
vt 0.154402 0.225852
vt 0.888489 0.249012
vt 0.175675 0.355943
vt 0.241882 0.047343
vt 0.189385 0.222364
vt 0.213528 0.046751
vt 0.223402 0.212053
vt 0.855547 0.158550
vt 0.235225 0.276013
vt 0.801766 0.268578
vt 0.882733 0.173912
vt 0.870470 0.167071
vt 0.702590 0.322102
vt 0.284431 0.416033
vt 0.369025 0.419829
vt 0.654789 0.409992
vt 0.841623 0.358035
vt 0.185243 0.480200
vt 0.257695 0.404697
vt 0.773758 0.336466
vt 0.177136 0.638471
vt 0.185108 0.495641
vt 0.653403 0.554919
vt 0.655840 0.423782
vt 0.740026 0.329135
vt 0.739609 0.679991
vt 0.717946 0.727940
vt 0.321543 0.784229
vt 0.275425 0.981496
vt 0.229466 0.784279
vt 0.766602 0.727930
vt 0.275513 0.766895
vt 0.294962 0.761394
vt 0.158494 0.031032
vt 0.235614 0.029385
vt 0.253884 0.807420
vt 0.968218 0.693073
vt 0.970279 0.686813
vt 0.964692 0.720144
vt 0.041234 0.817480
vt 0.965692 0.701614
vt 0.035620 0.790589
vt 0.038855 0.799577
vt 0.026837 0.766821
vt 0.976742 0.669618
vt 0.033170 0.783659
vt 0.515345 0.790561
vt 0.512107 0.799546
vt 0.509721 0.817448
vt 0.514670 0.720260
vt 0.513647 0.701731
vt 0.511110 0.693195
vt 0.509040 0.686939
vt 0.502555 0.669755
vt 0.524137 0.766797
vt 0.517798 0.783632
vt 0.052820 0.522857
vt 0.139366 0.470253
vt 0.968347 0.489050
vt 0.988625 0.436785
vt 0.108883 0.091107
vt 0.106409 0.062482
vt 0.399209 0.044805
vt 0.459518 0.102060
vt 0.428604 0.109556
vt 0.167704 0.057128
vt 0.215342 0.132259
vt 0.203222 0.094543
vt 0.855471 0.043005
vt 0.918242 0.098075
vt 0.886101 0.105305
vt 0.255511 0.067846
vt 0.169019 0.047690
vt 0.166893 0.025823
vt 0.125973 0.120002
vt 0.337008 0.054912
vt 0.115292 0.038211
vt 0.149847 0.015689
vt 0.254586 0.043904
vt 0.241676 0.021944
vt 0.231922 0.132778
vt 0.791425 0.052872
vt 0.199112 0.046316
vt 0.223332 0.014444
vn -0.574934 0.098411 0.812260
vn -0.574934 0.098411 0.812260
vn -0.395442 -0.082116 0.914813
vn -0.326193 -0.143348 0.934371
vn -0.130896 -0.298603 0.945359
vn 0.027089 0.146941 0.988774
vn 0.014304 0.038771 0.999146
vn -0.117132 -0.310145 0.943446
vn 0.138269 -0.153233 0.978469
vn -0.076216 0.321262 0.943918
vn 0.291637 0.100006 0.951287
vn 0.288370 0.095957 0.952699
vn -0.862178 -0.212230 0.460008
vn -0.860408 -0.292805 0.417089
vn -0.607068 -0.469036 0.641463
vn -0.624952 -0.359285 0.693073
vn -0.253249 -0.440347 0.861370
vn -0.238146 -0.616966 0.750093
vn 0.014281 -0.651345 0.758647
vn 0.004359 -0.455833 0.890055
vn 0.268433 -0.455366 0.848873
vn 0.285596 -0.609388 0.739650
vn 0.633012 -0.473309 0.612596
vn 0.616937 -0.382259 0.687944
vn -0.317912 -0.578801 0.750947
vn -0.662771 -0.579266 0.474538
vn -0.581544 -0.356383 0.731299
vn -0.356501 -0.336625 0.871545
vn -0.156478 -0.264207 0.951688
vn -0.182508 -0.402473 0.897054
vn -0.018264 -0.410447 0.911702
vn -0.032273 -0.286149 0.957641
vn 0.096734 -0.256577 0.961671
vn 0.154418 -0.407413 0.900094
vn 0.544457 -0.353183 0.760807
vn 0.321703 -0.296558 0.899200
vn -0.426115 0.748958 0.507433
vn -0.425449 0.112945 0.897907
vn -0.321681 0.208993 0.923495
vn -0.344077 0.769773 0.537643
vn -0.622282 0.758857 0.192098
vn -0.483696 0.325606 0.812416
vn 0.027897 0.313823 0.949072
vn 0.010622 0.921275 0.388768
vn 0.340365 0.725664 0.597966
vn 0.058906 0.090370 0.994165
vn 0.217525 0.252025 0.942956
vn 0.211576 0.826914 0.521008
vn -0.097611 0.489780 -0.866365
vn -0.326374 0.920829 -0.213435
vn -0.325399 0.932918 -0.154205
vn -0.214179 0.628390 -0.747833
vn -0.066081 0.686936 -0.723707
vn -0.171401 0.901439 -0.397529
vn -0.001468 0.807509 -0.589853
vn 0.009696 0.685263 -0.728231
vn 0.077246 0.685698 -0.723775
vn 0.111549 0.909717 -0.399964
vn 0.250936 0.952654 -0.171702
vn 0.223856 0.617116 -0.754358
vn -0.789240 0.403742 -0.462702
vn -0.509166 0.211587 -0.834255
vn -0.368615 0.540847 -0.756047
vn -0.346447 0.558321 -0.753825
vn -0.063171 0.576666 -0.814534
vn -0.056078 0.576791 -0.814965
vn 0.011376 0.583090 -0.812328
vn -0.004814 0.585064 -0.810973
vn 0.052526 0.599525 -0.798630
vn 0.080265 0.590729 -0.802868
vn 0.416678 0.587169 -0.693983
vn 0.332773 0.602359 -0.725552
vn -0.581653 0.083379 -0.809153
vn -0.698273 0.157736 -0.698237
vn -0.183001 0.207073 -0.961057
vn -0.090595 0.081278 -0.992566
vn 0.027451 0.007548 -0.999595
vn -0.018398 0.169103 -0.985427
vn -0.069483 0.153973 -0.985629
vn -0.110142 -0.039144 -0.993145
vn -0.133860 -0.002408 -0.990997
vn -0.069780 0.168750 -0.983186
vn 0.124362 0.174922 -0.976697
vn 0.062768 0.026230 -0.997683
vn 0.045611 -0.974005 -0.221888
vn 0.060286 -0.965217 -0.254404
vn 0.075934 -0.966343 -0.245795
vn 0.061499 -0.974675 -0.215004
vn 0.854353 -0.308302 0.418367
vn 0.726564 -0.644463 -0.238271
vn -0.175164 -0.774883 -0.607350
vn -0.107956 -0.753835 0.648134
vn -0.036150 -0.987503 -0.153401
vn -0.047155 -0.981446 -0.185850
vn -0.036272 -0.980955 -0.190818
vn -0.026572 -0.986714 -0.160278
vn 0.998291 0.028855 0.050811
vn 0.998291 0.028855 0.050811
vn 0.998291 0.028855 0.050811
vn 0.998291 0.028855 0.050811
vn 0.858746 -0.240971 0.452205
vn 0.886810 -0.305303 0.346927
vn 0.995841 -0.037542 -0.083012
vn 0.996022 0.088788 0.007583
vn 0.531534 0.121477 0.838281
vn 0.531534 0.121476 0.838281
vn 0.531534 0.121476 0.838281
vn 0.531534 0.121477 0.838281
vn -0.845749 -0.088189 -0.526242
vn -0.845749 -0.088189 -0.526242
vn -0.845750 -0.088189 -0.526242
vn -0.845750 -0.088189 -0.526242
vn -0.772412 0.335098 -0.539526
vn -0.999695 -0.024567 0.002467
vn -0.997254 0.057037 0.047229
vn -0.850105 -0.310964 0.424998
vn -0.850105 -0.310966 0.424997
vn -0.850105 -0.310966 0.424997
vn -0.850105 -0.310964 0.424997
vn 0.044567 -0.452002 -0.890903
vn -0.014677 -0.400675 -0.916103
vn 0.254633 -0.436648 -0.862844
vn 0.360670 -0.466986 -0.807367
vn 0.951839 -0.190377 0.240333
vn 0.953281 -0.170180 0.249588
vn 0.380117 0.289396 0.878499
vn -0.283734 0.480618 0.829760
vn -0.369080 0.457200 0.809165
vn -0.961942 0.004619 -0.273216
vn -0.968762 0.030273 -0.246139
vn -0.968762 0.030273 -0.246139
vn -0.962930 0.008037 -0.269632
vn -0.488342 -0.605852 -0.628065
vn -0.461857 -0.597701 -0.655318
vn -0.128470 -0.610994 -0.781141
vn -0.187932 -0.628776 -0.754534
vn 0.914262 -0.165533 -0.369763
vn 0.913084 -0.166780 -0.372106
vn 0.913084 -0.166780 -0.372106
vn 0.914396 -0.165390 -0.369494
vn 0.536247 0.594100 0.599570
vn 0.444133 0.656915 0.609269
vn 0.154536 0.672679 0.723617
vn 0.191222 0.639894 0.744292
vn -0.540307 0.385427 0.748007
vn -0.877529 -0.386867 0.283332
vn -0.846738 0.023381 0.531496
vn -0.596457 0.361251 -0.716754
vn -0.634331 0.419935 -0.649060
vn 0.298105 0.686246 -0.663476
vn 0.272919 0.575470 -0.770940
vn 0.934061 0.311823 -0.174058
vn 0.973436 0.228478 0.014841
vn 0.845617 -0.089837 0.526177
vn 0.925873 -0.056143 0.373641
vn 0.554555 -0.330081 0.763882
vn 0.365584 -0.303954 0.879750
vn -0.302308 -0.402408 0.864105
vn -0.286448 -0.507341 0.812744
vn -0.939534 -0.279732 0.197550
vn -0.867458 -0.299051 0.397600
vn -0.961018 0.011564 -0.276245
vn -0.935171 0.034529 -0.352510
vn -0.956754 0.192343 -0.218236
vn -0.975385 0.197076 -0.098916
vn -0.276407 0.570608 -0.773308
vn -0.319412 0.445570 -0.836327
vn 0.569244 0.327016 -0.754336
vn 0.686603 0.328907 -0.648380
vn 0.977504 0.058171 -0.202736
vn 0.942849 0.073202 -0.325081
vn 0.951755 -0.151375 0.266923
vn 0.833274 -0.151683 0.531645
vn 0.280007 -0.245655 0.928035
vn 0.313499 -0.351238 0.882242
vn -0.552825 -0.270984 0.788005
vn -0.385716 -0.223204 0.895211
vn -0.881491 -0.089246 0.463691
vn -0.932798 -0.088664 0.349324
vn -0.105710 0.521198 -0.846864
vn -0.105710 0.521198 -0.846864
vn 0.342576 0.585552 -0.734690
vn 0.386613 0.584914 -0.713026
vn 0.904549 0.315905 0.286347
vn 0.904549 0.315905 0.286347
vn 0.904549 0.315905 0.286347
vn 0.904549 0.315905 0.286347
vn -0.025234 0.944833 0.326580
vn -0.025234 0.944833 0.326580
vn -0.102974 0.952411 0.286895
vn -0.102952 0.952410 0.286907
vn -0.793590 0.579853 -0.184351
vn -0.793590 0.579853 -0.184351
vn -0.793590 0.579853 -0.184351
vn -0.793590 0.579853 -0.184351
vn -0.693646 0.474516 -0.541931
vn -0.693646 0.474516 -0.541931
vn -0.312962 0.543293 -0.779030
vn -0.318474 0.543112 -0.776919
vn 0.809226 0.362448 -0.462368
vn 0.809226 0.362448 -0.462368
vn 0.809226 0.362448 -0.462368
vn 0.809226 0.362448 -0.462368
vn 0.157447 0.954886 0.251801
vn 0.157447 0.954886 0.251801
vn 0.077646 0.955638 0.284125
vn 0.077303 0.955626 0.284259
vn -0.747828 0.492847 0.444809
vn -0.747828 0.492847 0.444809
vn -0.747828 0.492847 0.444809
vn -0.747828 0.492847 0.444809
vn -0.023237 0.996662 0.078266
vn -0.023237 0.996662 0.078266
vn 0.003291 0.995686 0.092735
vn 0.003816 0.995657 0.093020
vn -0.746379 0.481082 -0.459869
vn -0.746379 0.481082 -0.459869
vn -0.746379 0.481082 -0.459869
vn -0.746379 0.481082 -0.459869
vn -0.016986 -0.996910 -0.076691
vn 0.011303 -0.989653 -0.143039
vn 0.021396 -0.990250 -0.137649
vn -0.012006 -0.997120 -0.074884
vn 0.878368 -0.048040 0.475565
vn 0.882028 -0.047156 0.468832
vn 0.882234 -0.047105 0.468448
vn 0.878368 -0.048040 0.475565
vn -0.033376 0.997469 0.062790
vn -0.033376 0.997469 0.062790
vn -0.012627 0.998481 0.053624
vn -0.012567 0.998484 0.053598
vn -0.873712 0.396003 0.282506
vn -0.873712 0.396003 0.282506
vn -0.873712 0.396003 0.282506
vn -0.873712 0.396003 0.282506
vn 0.013462 -0.999190 -0.037934
vn -0.009075 -0.996070 -0.088104
vn -0.002587 -0.995810 -0.091414
vn 0.016399 -0.999105 -0.038991
vn 0.932138 0.029437 -0.360904
vn 0.932573 0.030300 -0.359708
vn 0.932589 0.030333 -0.359663
vn 0.932138 0.029437 -0.360904
vn 0.176386 -0.703889 0.688062
vn 0.631262 -0.456857 0.626730
vn -0.283842 -0.953769 -0.098779
vn -0.297109 -0.954242 -0.033896
vn -0.415781 -0.630812 -0.655135
vn 0.647674 0.227631 -0.727119
vn 0.017757 0.291982 -0.956259
vn -0.332215 -0.036310 -0.942505
vn -0.080379 0.650899 -0.754897
vn 0.299191 0.847364 -0.438701
vn 0.436421 0.866900 0.240875
vn 0.266062 0.963954 -0.001732
vn 0.522991 0.582525 0.622210
vn 0.482280 0.386818 0.785988
vn 0.408003 -0.290374 0.865573
vn 0.471163 -0.187165 0.861960
vn 0.204583 -0.180010 -0.962155
vn 0.089299 -0.839155 -0.536512
vn 0.162421 -0.814239 -0.557346
vn 0.016973 -0.981732 0.189508
vn -0.153746 -0.594702 0.789108
vn -0.232849 0.220609 0.947161
vn -0.157378 0.837127 0.523881
vn -0.022820 0.973931 -0.225693
vn 0.135357 0.497242 -0.856988
vn -0.690699 -0.566667 0.449247
vn -0.485454 -0.692215 0.534017
vn -0.224591 -0.974453 0.000587
vn -0.171683 -0.952217 0.252602
vn 0.403003 -0.904390 -0.140238
vn 0.132961 -0.762127 -0.633627
vn 0.267307 -0.248926 -0.930904
vn 0.817306 -0.285847 -0.500302
vn 0.780987 0.483363 -0.395499
vn 0.321932 0.343111 -0.882403
vn 0.256000 0.948816 -0.184967
vn 0.336557 0.940741 -0.041666
vn -0.279413 0.941415 0.188855
vn 0.031856 0.978965 0.201526
vn -0.465580 0.288307 0.836728
vn -0.868083 0.299573 0.395839
vn -0.268862 -0.471053 -0.840132
vn -0.046331 -0.200499 -0.978598
vn 0.188141 -0.787356 -0.587088
vn 0.074288 -0.877344 -0.474076
vn 0.399963 -0.913348 0.076326
vn 0.346157 -0.931478 0.111913
vn 0.277065 -0.437999 0.855215
vn 0.530290 -0.344016 0.774884
vn 0.070437 0.438859 0.895791
vn 0.009278 0.431552 0.902041
vn -0.180837 0.847083 0.499748
vn -0.312923 0.771344 0.554173
vn -0.573463 0.817419 -0.054468
vn -0.238127 0.913719 -0.329263
vn -0.184910 0.471986 -0.861996
vn -0.564293 0.334753 -0.754661
vn -0.549353 -0.630298 0.548577
vn -0.549353 -0.630298 0.548577
vn -0.549353 -0.630298 0.548577
vn -0.549353 -0.630298 0.548577
vn 0.932900 -0.335634 0.130566
vn 0.932900 -0.335634 0.130566
vn 0.981090 -0.192921 0.015613
vn 0.603356 -0.289365 -0.743121
vn 0.002236 0.510709 -0.859751
vn -0.004927 -0.049907 -0.998742
vn -0.622969 -0.260440 -0.737618
vn -0.496793 0.668698 0.553208
vn -0.974996 -0.222194 -0.003536
vn -0.716174 -0.042511 0.696626
vn -0.662390 -0.272013 0.698032
vn 0.016310 -0.313017 0.949607
vn 0.025679 -0.103737 0.994273
vn 0.755252 -0.031621 0.654672
vn 0.687180 -0.275534 0.672209
vn 0.977521 -0.206823 0.040951
vn 0.991921 0.124416 0.024751
vn 0.673246 0.141479 -0.725757
vn 0.649995 -0.108387 -0.752169
vn -0.020552 -0.068979 -0.997406
vn -0.024555 0.063478 -0.997681
vn -0.706979 0.137558 -0.693728
vn -0.685589 -0.099077 -0.721215
vn -0.976236 -0.197331 0.089575
vn -0.991502 0.110137 0.069239
vn -0.752388 0.238108 -0.614180
vn -0.994440 0.000713 -0.105305
vn -0.998790 -0.027670 -0.040656
vn -0.298710 0.508929 -0.807319
vn -0.254108 0.359378 -0.897929
vn -0.055542 0.349609 -0.935248
vn -0.070798 0.527959 -0.846314
vn -0.023066 0.529460 -0.848021
vn -0.041551 0.356065 -0.933537
vn -0.010718 0.353726 -0.935288
vn 0.023663 0.536114 -0.843814
vn 0.240078 0.516796 -0.821757
vn 0.196276 0.343474 -0.918423
vn 0.870328 -0.339022 0.357202
vn 0.844898 -0.358400 0.397111
vn 0.980467 -0.132755 -0.145120
vn 0.988238 -0.099714 -0.115939
vn 0.211814 -0.677386 0.704474
vn 0.148095 -0.571448 0.807165
vn 0.423918 -0.539686 0.727346
vn 0.534521 -0.550410 0.641355
vn -0.174480 -0.682699 0.709563
vn -0.127472 -0.535519 0.834847
vn 0.017206 -0.548299 0.836105
vn 0.010825 -0.726415 0.687172
vn -0.851347 -0.288900 0.437888
vn -0.864805 -0.223328 0.449708
vn -0.435149 -0.457717 0.775332
vn -0.499000 -0.541483 0.676606
vn -0.164969 -0.550407 0.818436
vn -0.424555 -0.449808 0.785764
vn -0.950684 -0.111421 0.289457
vn 0.186443 -0.286306 0.939823
vn 0.150513 -0.650572 0.744380
vn 0.009566 -0.603473 0.797326
vn 0.431788 0.281953 0.856774
vn 0.431788 0.281953 0.856774
vn 0.884336 -0.309239 0.349744
vn 0.329764 -0.613145 0.717851
vn -0.155797 0.085043 0.984122
vn -0.035497 -0.121555 0.991950
vn 0.548425 0.348016 0.760339
vn 0.622173 0.765724 0.162998
vn 0.511493 0.750011 -0.419356
vn -0.014326 0.836899 -0.547170
vn -0.511771 0.765376 -0.390244
vn 0.789066 0.444469 -0.424055
vn 0.732565 0.330127 -0.595286
vn 0.127878 -0.403983 -0.905784
vn 0.224449 -0.287335 -0.931161
vn 0.163285 -0.258984 -0.951980
vn -0.142322 -0.104283 -0.984312
vn -0.142322 -0.104283 -0.984312
vn -0.236006 -0.460559 -0.855679
vn -0.703790 -0.659558 -0.263939
vn -0.034407 -0.488461 -0.871907
vn -0.223701 -0.439484 -0.869949
vn 0.657770 0.072823 -0.749690
vn 0.584722 -0.015717 -0.811081
vn 0.185107 -0.260713 -0.947504
vn 0.185107 -0.260713 -0.947504
vn -0.218257 -0.396751 -0.891601
vn -0.183050 -0.387363 -0.903572
vn 0.091411 -0.967153 -0.237189
vn 0.075414 -0.975892 -0.204813
vn 0.031605 -0.990656 -0.132674
vn -0.025310 -0.980319 -0.195792
vn -0.015944 -0.986347 -0.163909
vn 0.003806 -0.995467 -0.095027
vn 0.915117 -0.147694 -0.375163
vn 0.915117 -0.147694 -0.375163
vn 0.915117 -0.147694 -0.375163
vn 0.915117 -0.147694 -0.375163
vn 0.972073 -0.113688 -0.205304
vn 0.978372 0.175919 0.108817
vn 0.531534 0.121474 0.838281
vn 0.531534 0.121474 0.838281
vn 0.531535 0.121476 0.838280
vn 0.531535 0.121476 0.838280
vn 0.531536 0.121477 0.838280
vn 0.531536 0.121477 0.838280
vn 0.531535 0.121478 0.838280
vn 0.531535 0.121478 0.838280
vn -0.992256 0.068646 -0.103517
vn -0.992256 0.068646 -0.103517
vn -0.992256 0.068646 -0.103517
vn -0.992256 0.068646 -0.103517
vn -0.964493 0.014085 -0.263731
vn -0.988473 0.135161 0.068206
vn -0.850105 -0.310963 0.424998
vn -0.850105 -0.310963 0.424998
vn -0.850104 -0.310964 0.425000
vn -0.850104 -0.310964 0.425000
vn -0.850103 -0.310965 0.425001
vn -0.850103 -0.310965 0.425001
vn -0.850106 -0.310962 0.424998
vn -0.850106 -0.310962 0.424998
vn 0.605259 -0.429207 -0.670405
vn 0.656801 -0.445876 -0.608117
vn 0.708952 -0.460867 -0.533843
vn 0.416874 -0.512617 -0.750627
vn 0.102964 -0.499832 -0.859980
vn 0.717680 0.045403 0.694891
vn 0.727474 0.126933 0.674292
vn 0.727474 0.126933 0.674292
vn 0.954818 -0.116573 0.273375
vn 0.954818 -0.116573 0.273375
vn -0.640501 0.448966 0.623048
vn -0.732387 0.396391 0.553610
vn -0.797606 0.349633 0.491508
vn -0.447691 0.421357 0.788690
vn 0.052426 0.394008 0.917611
vn -0.794223 -0.184306 -0.579000
vn -0.794223 -0.184306 -0.579000
vn -0.788757 -0.187914 -0.585279
vn -0.788330 -0.188194 -0.585764
vn -0.782914 -0.191707 -0.591856
vn -0.782914 -0.191707 -0.591856
vn -0.954686 -0.018283 -0.297051
vn -0.954687 -0.018283 -0.297051
vn 0.157895 -0.563988 -0.810547
vn 0.129544 -0.595602 -0.792765
vn 0.100152 -0.626745 -0.772762
vn -0.209517 -0.656432 -0.724707
vn -0.521474 -0.615029 -0.591442
vn 0.991603 0.111943 -0.064753
vn 0.991603 0.111943 -0.064753
vn 0.992702 0.084557 -0.085981
vn 0.992593 0.089460 -0.082193
vn 0.992726 0.062764 -0.102744
vn 0.992726 0.062764 -0.102743
vn 0.915502 -0.164209 -0.367275
vn 0.915502 -0.164209 -0.367275
vn -0.241736 0.525401 0.815792
vn 0.225615 0.591412 0.774164
vn 0.607236 0.536636 0.585907
vn -0.955244 -0.277860 0.101499
vn -0.960053 -0.259693 0.104204
vn -0.975880 -0.185752 0.114695
vn -0.975880 -0.185752 0.114695
vn -0.873432 0.104922 0.475509
vn -0.873432 0.104922 0.475509
vn 0.936761 0.280247 -0.209620
vn 0.314022 0.502961 -0.805245
vn -0.556526 0.310192 -0.770753
vn 0.668747 -0.373856 0.642658
vn 0.953840 -0.043727 0.297116
vn -0.972857 -0.231116 -0.011643
vn -0.328957 -0.625676 0.707331
vn -0.912039 0.033934 -0.408696
vn 0.559071 0.272466 -0.783072
vn -0.329573 0.369463 -0.868838
vn -0.958152 0.142565 -0.248235
vn 0.985420 -0.158168 0.062696
vn 0.921983 0.068207 -0.381176
vn -0.663084 -0.323522 0.675021
vn 0.344590 -0.478631 0.807571
vn -0.949755 -0.104376 0.295079
vn 0.742380 0.511174 -0.433096
vn 0.742381 0.511174 -0.433096
vn 0.827397 0.148262 -0.541695
vn 0.827397 0.148262 -0.541695
vn 0.453740 0.188659 -0.870935
vn 0.436108 0.189309 -0.879757
vn -0.060818 0.180203 -0.981748
vn -0.060818 0.180203 -0.981748
vn 0.677525 0.477144 0.559727
vn 0.677525 0.477144 0.559727
vn 0.677525 0.477144 0.559727
vn 0.677525 0.477144 0.559727
vn 0.885368 -0.046335 0.462577
vn 0.885368 -0.046335 0.462577
vn 0.973292 0.004682 0.229523
vn 0.973292 0.004682 0.229523
vn 0.973292 0.004682 0.229523
vn 0.973292 0.004682 0.229523
vn -0.179821 0.952684 0.245066
vn -0.179821 0.952684 0.245066
vn -0.472147 -0.482005 0.738071
vn -0.472147 -0.482005 0.738071
vn -0.432347 -0.484538 0.760460
vn -0.432359 -0.484537 0.760453
vn -0.391689 -0.486056 0.781236
vn -0.391689 -0.486056 0.781236
vn -0.774054 0.357729 -0.522370
vn -0.774054 0.357729 -0.522370
vn -0.774054 0.357729 -0.522370
vn -0.774054 0.357729 -0.522370
vn -0.762002 0.077224 -0.642954
vn -0.762002 0.077224 -0.642954
vn -0.762002 0.077224 -0.642954
vn -0.762002 0.077224 -0.642954
vn -0.885109 0.048427 -0.462856
vn -0.881185 0.048290 -0.470299
vn -0.881395 0.048297 -0.469905
vn -0.885109 0.048427 -0.462856
vn 0.123680 0.502061 -0.855943
vn 0.123680 0.502061 -0.855943
vn 0.116584 0.136944 -0.983694
vn 0.116584 0.136944 -0.983694
vn -0.358888 0.137305 -0.923226
vn -0.355719 0.137417 -0.924435
vn -0.749034 0.106529 -0.653911
vn -0.749034 0.106529 -0.653911
vn 0.822545 0.548671 -0.149603
vn 0.822545 0.548671 -0.149603
vn 0.822545 0.548671 -0.149603
vn 0.822545 0.548671 -0.149603
vn 0.932966 0.031086 -0.358619
vn 0.932966 0.031086 -0.358619
vn 0.831783 0.058435 -0.552017
vn 0.831783 0.058435 -0.552017
vn 0.831783 0.058435 -0.552017
vn 0.831783 0.058435 -0.552017
vn -0.003125 0.949257 0.314486
vn -0.003125 0.949257 0.314486
vn 0.288983 -0.481403 0.827490
vn 0.288983 -0.481403 0.827490
vn 0.332352 -0.479999 0.811877
vn 0.332575 -0.479989 0.811791
vn 0.375315 -0.477552 0.794407
vn 0.375315 -0.477552 0.794407
vn -0.929213 0.303124 0.211375
vn -0.929213 0.303124 0.211375
vn -0.929213 0.303124 0.211375
vn -0.929213 0.303124 0.211375
vn -0.988036 -0.005320 0.154130
vn -0.988036 -0.005320 0.154130
vn -0.988036 -0.005320 0.154130
vn -0.988036 -0.005320 0.154130
vn -0.933000 -0.030840 0.358553
vn -0.932599 -0.030171 0.359652
vn -0.932613 -0.030195 0.359612
vn -0.933000 -0.030840 0.358553
vn 0.030790 0.993713 0.107645
vn 0.030790 0.993713 0.107645
vn -0.067855 0.997478 0.020820
vn -0.067855 0.997478 0.020820
vn 0.017818 0.997607 0.066799
vn 0.017927 0.997602 0.066858
vn 0.103604 0.988259 0.112296
vn 0.103604 0.988259 0.112296
vn -0.876893 0.048138 -0.478270
vn -0.876893 0.048138 -0.478270
vn -0.910298 -0.189445 -0.368060
vn -0.910298 -0.189445 -0.368060
vn -0.910298 -0.189445 -0.368060
vn -0.910298 -0.189445 -0.368060
vn -0.712444 0.591742 -0.377180
vn -0.712444 0.591742 -0.377180
vn -0.712444 0.591742 -0.377180
vn -0.712444 0.591742 -0.377180
vn -0.006999 -0.997303 -0.073065
vn -0.000093 -0.995329 0.096538
vn -0.000093 -0.995329 0.096538
vn -0.081534 -0.995243 0.053319
vn -0.081303 -0.995256 0.053443
vn -0.162138 -0.986720 0.009726
vn -0.162138 -0.986720 0.009726
vn 0.830262 0.380592 0.407204
vn 0.830262 0.380592 0.407204
vn 0.830262 0.380592 0.407204
vn 0.830262 0.380592 0.407204
vn 0.753363 0.516067 0.407578
vn 0.753363 0.516067 0.407578
vn 0.753363 0.516067 0.407578
vn 0.753363 0.516067 0.407578
vn 0.790957 -0.280250 0.543918
vn 0.790957 -0.280250 0.543918
vn 0.790957 -0.280250 0.543918
vn 0.790957 -0.280250 0.543918
vn 0.007990 0.998978 0.044492
vn 0.007990 0.998978 0.044492
vn -0.101522 0.990634 0.091306
vn -0.101522 0.990634 0.091306
vn -0.011578 0.998378 0.055739
vn -0.011218 0.998390 0.055595
vn 0.078513 0.996720 0.019631
vn 0.078513 0.996720 0.019631
vn -0.932156 -0.029435 0.360859
vn -0.932156 -0.029435 0.360859
vn -0.855899 -0.261339 0.446249
vn -0.855899 -0.261339 0.446249
vn -0.855899 -0.261339 0.446249
vn -0.855899 -0.261339 0.446249
vn -0.789107 0.531305 0.308263
vn -0.789107 0.531305 0.308263
vn -0.789107 0.531305 0.308263
vn -0.789107 0.531305 0.308263
vn 0.019333 -0.999011 -0.040047
vn 0.147697 -0.988167 0.041372
vn 0.147697 -0.988167 0.041372
vn 0.061688 -0.995357 0.073887
vn 0.061584 -0.995360 0.073925
vn -0.024851 -0.994079 0.105775
vn -0.024851 -0.994080 0.105775
vn 0.811040 0.450959 -0.372625
vn 0.811040 0.450959 -0.372625
vn 0.811040 0.450959 -0.372625
vn 0.811040 0.450960 -0.372625
vn 0.760453 0.578327 -0.295380
vn 0.760453 0.578327 -0.295380
vn 0.760453 0.578327 -0.295380
vn 0.760453 0.578327 -0.295380
vn 0.945559 -0.205795 -0.252124
vn 0.945559 -0.205795 -0.252124
vn 0.945559 -0.205795 -0.252124
vn 0.945559 -0.205795 -0.252124
vn 0.346764 -0.937944 -0.003914
vn -0.148969 -0.938301 0.312089
vn -0.613291 -0.607007 0.505388
vn 0.758391 0.587809 -0.281644
vn 0.857058 -0.307622 -0.413304
vn -0.238943 0.939148 0.246793
vn 0.334169 0.942369 -0.016503
vn -0.828714 0.280067 0.484557
vn 0.340104 -0.938202 0.064087
vn 0.025431 -0.897939 -0.439384
vn -0.275044 -0.549716 -0.788773
vn 0.066525 0.416063 0.906899
vn 0.512589 -0.375398 0.772223
vn -0.576306 0.816922 0.022587
vn -0.322218 0.757911 0.567228
vn -0.579711 0.305434 -0.755411
vn 0.562207 -0.623800 0.542952
vn 0.562207 -0.623800 0.542952
vn 0.562207 -0.623800 0.542952
vn 0.562207 -0.623800 0.542952
vn 0.692846 -0.538612 0.479439
vn -0.016460 -0.580696 0.813954
vn -0.685256 -0.530106 0.499411
vn 0.761788 -0.647483 -0.021078
vn -0.929513 -0.348072 0.121870
vn -0.929513 -0.348072 0.121870
vn -0.776904 -0.629618 0.001135
vn 0.716420 0.182938 -0.673258
vn -0.848490 0.285788 0.445409
vn -0.783566 -0.359293 0.506886
vn -0.783566 -0.359293 0.506886
vn -0.848316 0.286671 0.445173
vn -0.291671 -0.905871 0.307125
vn -0.291671 -0.905871 0.307125
vn -0.291671 -0.905871 0.307125
vn -0.291671 -0.905871 0.307125
vn -0.090878 -0.977252 0.191626
vn -0.090878 -0.977252 0.191626
vn -0.090878 -0.977252 0.191626
vn -0.090878 -0.977252 0.191626
vn 0.592903 -0.746448 -0.302128
vn 0.808701 -0.295706 -0.508488
vn 0.808708 -0.295672 -0.508498
vn 0.592903 -0.746448 -0.302128
vn 0.818480 0.092923 -0.566970
vn 0.818480 0.092923 -0.566970
vn 0.187828 0.942215 -0.277402
vn 0.187828 0.942215 -0.277402
vn 0.187828 0.942215 -0.277402
vn 0.187828 0.942215 -0.277402
vn 0.164335 0.950455 -0.263873
vn 0.164335 0.950455 -0.263873
vn 0.164335 0.950455 -0.263873
vn 0.164335 0.950455 -0.263873
vn -0.659258 0.700733 0.272676
vn -0.659258 0.700733 0.272676
vn -0.492053 0.375999 -0.785180
vn -0.375162 -0.135142 -0.917055
vn -0.375161 -0.135142 -0.917055
vn -0.492057 0.376031 -0.785163
vn 0.027957 -0.825777 -0.563303
vn 0.027957 -0.825777 -0.563303
vn 0.027957 -0.825777 -0.563303
vn 0.027957 -0.825777 -0.563303
vn 0.154918 -0.913424 -0.376373
vn 0.154918 -0.913424 -0.376374
vn 0.154918 -0.913424 -0.376373
vn 0.154918 -0.913424 -0.376373
vn 0.490879 -0.817616 0.300903
vn 0.555801 -0.352870 0.752707
vn 0.555728 -0.352127 0.753109
vn 0.490879 -0.817616 0.300903
vn 0.449045 0.103373 0.887509
vn 0.449045 0.103373 0.887509
vn -0.061168 0.877203 0.476207
vn -0.061168 0.877203 0.476207
vn -0.061168 0.877203 0.476207
vn -0.061168 0.877203 0.476207
vn -0.076020 0.887545 0.454406
vn -0.076020 0.887545 0.454406
vn -0.076020 0.887545 0.454406
vn -0.076020 0.887545 0.454406
vn -0.487333 0.684751 -0.541870
vn -0.487333 0.684751 -0.541870
s 1
g pCube1
usemtl pCube1SG
f 101/1/1 1/2/2 98/3/3 97/4/4
f 99/5/5 2/6/6 103/7/7 102/8/8
f 104/9/9 3/10/10 107/11/11 106/12/12
s 3
f 114/13/13 5/14/14 111/15/15 110/16/16
f 112/17/17 6/18/18 116/19/19 115/20/20
f 117/21/21 7/22/22 120/23/23 119/24/24
f 126/25/25 9/26/26 113/27/27 123/28/28
f 124/29/29 10/30/30 118/31/31 127/32/32
f 128/33/33 11/34/34 122/35/35 130/36/36
f 136/424/37 13/38/38 125/39/39 133/474/40
f 141/401/41 85/42/42 138/43/43 137/473/44
f 145/413/45 15/477/46 132/47/47 142/472/48
f 149/49/49 17/50/50 135/51/51 146/52/52
f 147/53/53 18/54/54 151/470/55 150/56/56
f 152/57/57 19/58/58 144/59/59 154/60/60
f 160/61/61 21/62/62 148/63/63 157/64/64
f 158/65/65 22/66/66 153/67/67 161/68/68
f 162/69/69 23/70/70 156/71/71 164/72/72
f 171/73/73 90/74/74 168/75/75 167/76/76
f 169/77/77 91/78/78 173/79/79 172/80/80
f 174/81/81 92/82/82 177/83/83 176/84/84
s 10
f 184/85/85 49/86/86 181/87/87 180/88/88
s 1
f 187/464/89 30/90/90 175/91/91 185/469/92
s 12
f 192/93/93 53/94/94 189/95/95 188/96/96
s off
f 108/97/97 4/98/98 194/99/99 193/100/100
s 3
f 121/101/101 8/102/102 197/103/103 196/104/104
s 13
f 378/105/105 377/106/106 379/107/107 380/108/108
s off
f 171/73/109 29/109/110 204/110/111 203/111/112
s 3
f 160/61/61 25/112/113 207/113/114 206/114/115
s 14
f 386/501/116 387/116/117 388/117/118 389/118/119
s 15
f 216/119/120 29/109/121 170/120/122 213/121/123
s 1
f 214/122/124 30/90/90 187/464/89 217/123/125
f 218/124/126 2/6/6 98/3/127 220/125/128
s 17
f 221/126/129 1/2/130 204/462/131 223/127/132
s 18
f 228/128/133 31/129/134 179/130/135 225/131/136
s 19
f 226/132/137 32/133/138 194/460/139 229/134/140
s 1
f 230/135/141 4/98/142 107/11/143 232/136/144
f 233/137/145 3/10/10 186/458/146 235/139/147
s 21
f 240/140/148 33/141/149 215/142/150 237/143/151
f 238/144/152 34/145/153 219/454/154 241/147/155
f 242/148/156 35/149/157 222/150/158 244/151/159
f 245/152/160 36/153/161 224/447/162 247/155/163
s 22
f 252/156/164 37/157/165 227/158/166 249/159/167
f 250/160/168 38/161/169 231/441/170 253/163/171
f 254/164/172 39/165/173 234/166/174 256/167/175
f 257/168/176 40/169/177 236/434/178 259/171/179
s 23
f 263/524/180 41/479/181 239/174/182 261/528/183
s off
f 262/176/184 42/177/185 243/178/186 264/527/187
s 24
f 270/511/188 58/181/189 267/182/190 266/525/191
s off
f 272/516/192 44/448/193 248/186/194 271/523/195
s 25
f 275/518/196 45/478/197 251/190/198 273/522/199
s off
f 274/192/200 46/193/201 255/194/202 276/521/203
s 26
f 282/505/204 62/197/205 279/198/206 278/519/207
s off
f 284/510/208 48/435/209 260/202/210 283/517/211
s 27
f 287/204/212 43/450/213 246/206/214 285/207/215
s off
f 286/208/216 44/448/217 272/516/218 288/209/219
s 10
f 289/210/220 52/211/221 183/212/222 290/213/223
s 28
f 291/214/224 51/215/225 265/513/226 292/217/227
s 29
f 295/218/228 47/437/229 258/220/230 293/221/231
s off
f 294/222/232 48/435/233 284/510/234 296/223/235
s 12
f 297/224/236 56/225/237 191/226/238 298/227/239
s 30
f 299/228/240 55/229/241 277/507/242 300/231/243
s 3
f 304/232/244 12/233/245 198/430/246 301/235/247
f 302/236/248 24/237/249 155/238/250 305/239/251
f 306/240/252 20/241/253 143/428/254 308/243/255
f 309/244/256 16/245/257 131/246/258 311/247/259
f 316/248/260 21/62/62 208/426/261 313/250/262
f 314/251/263 9/26/26 126/25/25 317/252/264
f 318/253/265 13/38/38 136/424/37 320/254/266
f 321/255/267 17/50/50 149/49/49 323/256/268
f 327/257/269 66/258/270 303/422/271 325/260/272
f 326/261/273 65/262/274 307/263/275 328/264/276
f 329/265/277 67/266/278 310/420/279 330/268/280
f 331/269/281 68/270/282 312/271/283 332/272/284
f 335/273/285 69/274/286 315/418/287 333/276/288
f 334/277/289 70/278/290 319/279/291 336/280/292
f 337/281/293 71/282/294 322/416/295 338/284/296
f 339/285/297 72/286/298 324/287/299 340/288/300
s off
f 344/289/301 14/480/302 129/291/303 341/292/304
s 3
f 342/293/305 15/46/306 145/414/45 345/294/307
f 346/295/308 19/471/58 151/55/309 348/296/310
f 349/297/311 18/475/54 134/410/312 351/299/313
f 355/300/314 81/301/315 343/302/316 353/303/317
f 354/304/318 82/305/319 347/406/320 356/307/321
f 357/308/322 83/309/323 350/310/324 358/311/325
f 359/312/326 84/313/327 352/403/328 360/315/329
f 363/316/330 90/74/74 205/400/331 361/318/332
f 363/316/330 25/112/113 159/319/333 364/320/334
f 365/321/335 26/322/336 163/323/337 366/324/338
f 367/325/339 27/326/340 166/327/341 368/328/342
f 371/329/343 94/330/344 195/397/345 370/332/346
f 373/333/347 95/334/348 109/335/349 372/336/350
f 375/337/351 96/338/352 105/339/353 374/340/354
f 362/341/355 89/342/356 100/343/357 376/344/358
s 1
f 98/3/3 2/6/6 99/5/5 97/4/4
s 3
f 99/5/359 96/338/352 100/343/357 97/4/360
f 100/343/357 89/342/356 101/1/361 97/4/360
s 1
f 103/7/7 3/10/10 104/9/9 102/8/362
s 3
f 104/9/363 95/334/348 105/339/353 102/8/364
f 105/339/353 96/338/352 99/5/359 102/8/364
s 1
f 107/11/11 4/98/365 108/97/366 106/12/12
s 3
f 108/97/367 94/330/344 109/335/349 106/12/368
f 109/335/349 95/334/348 104/9/363 106/12/368
f 111/15/15 6/18/18 112/17/17 110/16/16
f 112/17/17 10/30/30 113/27/27 110/16/16
f 113/27/27 9/26/26 114/13/13 110/16/16
f 116/19/19 7/22/22 117/21/21 115/20/20
f 117/21/21 11/34/34 118/31/31 115/20/20
f 118/31/31 10/30/30 112/17/17 115/20/20
f 120/23/23 8/102/102 121/101/101 119/24/24
f 121/101/101 12/233/245 122/35/35 119/24/24
f 122/35/35 11/34/34 117/21/21 119/24/24
f 113/27/27 10/30/30 124/29/29 123/28/28
f 124/29/29 14/290/369 125/39/39 123/28/28
f 125/39/39 13/38/38 126/25/25 123/28/28
f 118/31/31 11/34/34 128/33/33 127/32/32
f 128/33/33 15/477/46 129/476/370 127/32/32
f 129/476/370 14/290/369 124/29/29 127/32/32
f 122/35/35 12/233/245 131/246/258 130/36/36
f 131/246/258 16/245/257 132/47/47 130/36/36
f 132/47/47 15/477/46 128/33/33 130/36/36
f 125/39/39 14/290/369 134/408/312 133/474/40
f 134/409/312 18/54/54 135/51/51 133/40/40
f 135/51/51 17/50/50 136/37/37 133/40/40
f 138/43/43 86/345/371 139/346/372 137/473/44
f 139/404/372 87/347/373 140/348/374 137/44/44
f 140/348/374 88/349/375 141/41/41 137/44/44
f 132/47/47 16/245/257 143/242/254 142/472/48
f 143/428/254 20/241/253 144/59/59 142/48/48
f 144/59/59 19/58/58 145/412/45 142/48/48
f 135/51/51 18/54/54 147/53/53 146/52/52
f 147/53/53 22/66/66 148/63/63 146/52/52
f 148/63/63 21/62/62 149/49/49 146/52/52
f 151/470/55 19/58/58 152/57/57 150/56/56
f 152/57/57 23/70/70 153/67/67 150/56/56
f 153/67/67 22/66/66 147/53/53 150/56/56
f 144/59/59 20/241/253 155/238/250 154/60/60
f 155/238/250 24/237/249 156/71/71 154/60/60
f 156/71/71 23/70/70 152/57/57 154/60/60
f 148/63/63 22/66/66 158/65/65 157/64/64
f 158/65/65 26/322/336 159/319/333 157/64/64
f 159/319/333 25/112/113 160/61/61 157/64/64
f 153/67/67 23/70/70 162/69/69 161/68/68
f 162/69/69 27/326/340 163/323/337 161/68/68
f 163/323/337 26/322/336 158/65/65 161/68/68
f 156/71/71 24/237/249 165/350/376 164/72/72
f 165/350/376 28/351/377 166/327/341 164/72/72
f 166/327/341 27/326/340 162/69/69 164/72/72
f 168/75/75 91/78/78 169/77/77 167/76/76
s 1
f 169/77/378 30/90/90 170/120/379 167/76/380
f 170/120/379 29/109/381 171/73/382 167/76/380
s 3
f 173/79/79 92/82/82 174/81/81 172/80/80
s 1
f 174/81/383 31/129/384 175/91/91 172/80/385
f 175/91/91 30/90/90 169/77/378 172/80/386
s 3
f 177/83/83 93/352/387 178/353/388 176/84/84
s 1
f 178/353/389 32/133/390 179/130/391 176/84/392
f 179/130/391 31/129/384 174/81/383 176/84/392
s 10
f 181/87/87 50/354/393 182/355/394 180/88/88
f 182/355/394 51/215/395 183/212/222 180/88/88
f 183/212/222 52/211/221 184/85/85 180/88/88
s 1
f 175/91/91 31/129/384 186/138/146 185/469/92
f 186/458/146 3/10/10 103/7/7 185/92/92
f 103/7/7 2/6/6 187/89/89 185/92/92
s 12
f 189/95/95 54/356/396 190/357/397 188/96/96
f 190/357/397 55/229/398 191/226/238 188/96/96
f 191/226/238 56/225/237 192/93/93 188/96/96
s off
f 194/460/399 32/133/400 178/353/401 193/468/402
s 3
f 178/353/388 93/352/387 195/331/345 193/468/403
f 195/397/345 94/330/344 108/97/367 193/100/403
f 197/395/103 28/351/377 165/350/376 196/467/104
f 165/350/376 24/237/249 198/234/404 196/467/104
f 198/430/404 12/233/245 121/101/101 196/104/104
s 41
f 379/107/405 381/358/406 382/503/407 380/108/408
f 382/359/407 383/360/409 384/361/410 380/108/408
s 13
f 384/361/411 385/362/412 378/105/105 380/108/108
s off
f 204/462/413 1/2/414 101/1/415 203/466/416
s 3
f 101/1/361 89/342/356 205/317/331 203/466/417
f 205/400/331 90/74/74 171/73/73 203/111/417
f 207/398/114 5/14/14 114/13/13 206/465/115
f 114/13/13 9/26/26 208/249/418 206/465/115
f 208/426/418 21/62/62 160/61/61 206/114/115
s 42
f 388/117/419 390/363/420 391/364/421 389/118/422
f 391/364/421 392/365/423 393/366/424 389/118/422
s 14
f 393/366/425 394/367/426 386/115/116 389/118/119
s 15
f 170/120/122 30/90/427 214/122/428 213/121/123
f 214/122/428 34/145/429 215/142/430 213/121/123
f 215/142/430 33/141/431 216/119/120 213/121/123
s 1
f 187/89/89 2/6/6 218/124/126 217/463/432
f 218/124/126 35/149/433 219/146/434 217/463/432
f 219/454/435 34/145/436 214/122/124 217/123/125
f 98/3/127 1/2/437 221/126/438 220/125/128
f 221/126/438 36/153/439 222/150/440 220/125/128
f 222/150/440 35/149/441 218/124/126 220/125/128
s 43
f 204/110/442 29/109/443 216/119/444 223/461/445
f 216/119/444 33/141/446 224/154/447 223/461/445
s 17
f 224/447/448 36/153/449 221/126/129 223/127/132
s 18
f 179/130/135 32/133/450 226/132/451 225/131/136
f 226/132/451 38/161/452 227/158/453 225/131/136
f 227/158/453 37/157/454 228/128/133 225/131/136
s 44
f 194/99/455 4/98/456 230/135/457 229/459/458
f 230/135/457 39/165/459 231/162/460 229/459/458
s 19
f 231/441/461 38/161/462 226/132/137 229/134/140
s 1
f 107/11/143 3/10/10 233/137/145 232/136/144
f 233/137/145 40/169/463 234/166/464 232/136/144
f 234/166/464 39/165/465 230/135/141 232/136/144
f 186/138/146 31/129/384 228/128/466 235/457/467
f 228/128/466 37/157/468 236/170/469 235/457/467
f 236/434/470 40/169/471 233/137/145 235/139/147
s 21
f 215/142/150 34/145/153 238/144/152 237/143/151
f 238/144/152 42/456/472 239/455/473 237/143/151
f 239/455/473 41/173/474 240/140/148 237/143/151
f 219/146/154 35/149/157 242/148/156 241/453/155
f 242/148/156 43/205/475 243/451/476 241/453/155
f 243/452/476 42/456/472 238/144/152 241/147/155
f 222/150/158 36/153/161 245/152/160 244/151/159
f 245/152/160 44/185/477 246/449/478 244/151/159
f 246/449/478 43/205/475 242/148/156 244/151/159
f 224/154/162 33/141/149 240/140/148 247/446/163
f 240/140/148 41/173/474 248/444/479 247/446/163
f 248/445/479 44/185/477 245/152/160 247/155/163
s 22
f 227/158/166 38/161/169 250/160/168 249/159/167
f 250/160/168 46/443/480 251/442/481 249/159/167
f 251/442/481 45/189/482 252/156/164 249/159/167
f 231/162/170 39/165/173 254/164/172 253/440/171
f 254/164/172 47/219/483 255/438/484 253/440/171
f 255/439/484 46/443/480 250/160/168 253/163/171
f 234/166/174 40/169/177 257/168/176 256/167/175
f 257/168/176 48/201/485 258/436/486 256/167/175
f 258/436/486 47/219/483 254/164/172 256/167/175
f 236/170/178 37/157/165 252/156/164 259/433/179
f 252/156/164 45/189/482 260/431/487 259/433/179
f 260/432/487 48/201/485 257/168/176 259/171/179
s 23
f 239/174/182 42/177/488 262/176/489 261/528/183
s 45
f 262/526/490 50/354/491 181/87/492 261/175/493
f 181/87/492 49/86/494 263/172/495 261/175/493
s off
f 243/178/496 43/450/497 265/216/498 264/527/499
s 28
f 265/513/226 51/215/225 182/355/500 264/179/501
s off
f 182/355/502 50/354/503 262/526/504 264/179/505
s 24
f 267/182/190 57/368/506 268/369/507 266/525/191
s 46
f 268/514/508 59/370/509 269/371/510 266/183/511
f 269/371/510 60/372/512 270/180/513 266/183/511
s off
f 248/186/514 41/479/515 263/524/516 271/523/517
f 263/172/518 49/86/519 184/85/520 271/187/521
s 47
f 184/85/522 52/211/523 272/184/524 271/187/525
s 25
f 251/190/198 46/193/526 274/192/527 273/522/199
s 48
f 274/520/528 54/356/529 189/95/530 273/191/531
f 189/95/530 53/94/532 275/188/533 273/191/531
s off
f 255/194/534 47/437/535 277/230/536 276/521/537
s 30
f 277/507/242 55/229/241 190/357/538 276/195/539
s off
f 190/357/540 54/356/541 274/520/542 276/195/543
s 26
f 279/198/206 61/373/544 280/374/545 278/519/207
s 49
f 280/508/546 63/375/547 281/376/548 278/199/549
f 281/376/548 64/377/550 282/196/551 278/199/549
s off
f 260/202/552 45/478/553 275/518/554 283/517/555
f 275/188/556 53/94/557 192/93/558 283/203/559
s 50
f 192/93/560 56/225/561 284/200/562 283/203/563
s 27
f 246/206/214 44/448/564 286/208/565 285/207/215
s 51
f 286/208/566 57/368/567 267/182/568 285/207/569
f 267/182/568 58/181/570 287/204/571 285/207/569
s 47
f 272/184/524 52/211/523 289/210/572 288/515/573
s off
f 289/210/574 59/370/575 268/514/576 288/515/577
f 268/369/578 57/368/579 286/208/580 288/209/581
s 10
f 183/212/222 51/215/395 291/214/582 290/213/223
s 52
f 291/214/583 60/372/584 269/371/585 290/213/586
f 269/371/585 59/370/587 289/210/588 290/213/586
s off
f 265/216/589 43/450/590 287/204/591 292/512/592
f 287/204/593 58/181/594 270/511/595 292/512/596
f 270/180/597 60/372/598 291/214/599 292/217/600
s 29
f 258/220/230 48/435/601 294/222/602 293/221/231
s 53
f 294/222/603 61/373/604 279/198/605 293/221/606
f 279/198/605 62/197/607 295/218/608 293/221/606
s 50
f 284/200/562 56/225/561 297/224/609 296/509/610
s off
f 297/224/611 63/375/612 280/508/613 296/509/614
f 280/374/615 61/373/616 294/222/617 296/223/618
s 12
f 191/226/238 55/229/398 299/228/619 298/227/239
s 54
f 299/228/620 64/377/621 281/376/622 298/227/623
f 281/376/622 63/375/624 297/224/625 298/227/623
s off
f 277/230/626 47/437/627 295/218/628 300/506/629
f 295/218/630 62/197/631 282/505/632 300/506/633
f 282/196/634 64/377/635 299/228/636 300/231/637
s 3
f 198/234/246 24/237/249 302/236/248 301/429/247
f 302/236/248 65/262/274 303/259/271 301/429/247
f 303/422/271 66/258/270 304/232/244 301/235/247
f 155/238/250 20/241/253 306/240/252 305/239/251
f 306/240/252 67/266/278 307/263/275 305/239/251
f 307/263/275 65/262/274 302/236/248 305/239/251
f 143/242/254 16/245/257 309/244/256 308/427/255
f 309/244/256 68/270/282 310/267/279 308/427/255
f 310/420/279 67/266/278 306/240/252 308/243/255
f 131/246/258 12/233/245 304/232/244 311/247/259
f 304/232/244 66/258/270 312/271/283 311/247/259
f 312/271/283 68/270/282 309/244/256 311/247/259
f 208/249/261 9/26/26 314/251/263 313/425/262
f 314/251/263 70/278/290 315/275/287 313/425/262
f 315/418/287 69/274/286 316/248/260 313/250/262
f 126/25/25 13/38/38 318/253/265 317/252/264
f 318/253/265 71/282/294 319/279/291 317/252/264
f 319/279/291 70/278/290 314/251/263 317/252/264
f 136/37/37 17/50/50 321/255/267 320/423/266
f 321/255/267 72/286/298 322/283/295 320/423/266
f 322/416/295 71/282/294 318/253/265 320/254/266
f 149/49/49 21/62/62 316/248/260 323/256/268
f 316/248/260 69/274/286 324/287/299 323/256/268
f 324/287/299 72/286/298 321/255/267 323/256/268
f 303/259/271 65/262/274 326/261/273 325/421/272
f 326/261/273 73/497/638 199/498/639 325/421/272
f 199/499/639 74/500/640 327/257/269 325/260/272
f 307/263/275 67/266/278 329/265/277 328/264/276
f 329/265/277 75/495/641 200/496/642 328/264/276
f 200/496/642 73/497/638 326/261/273 328/264/276
f 310/267/279 68/270/282 331/269/281 330/419/280
f 331/269/281 76/492/643 201/493/644 330/419/280
f 201/494/644 75/495/641 329/265/277 330/268/280
f 312/271/283 66/258/270 327/257/269 332/272/284
f 327/257/269 74/500/640 202/491/645 332/272/284
f 202/491/645 76/492/643 331/269/281 332/272/284
f 315/275/287 70/278/290 334/277/289 333/417/288
f 334/277/289 78/490/646 209/488/647 333/417/288
f 209/489/647 77/482/648 335/273/285 333/276/288
f 319/279/291 71/282/294 337/281/293 336/280/292
f 337/281/293 79/487/649 210/486/650 336/280/292
f 210/486/650 78/490/646 334/277/289 336/280/292
f 322/283/295 72/286/298 339/285/297 338/415/296
f 339/285/297 80/485/651 211/483/652 338/415/296
f 211/484/652 79/487/649 337/281/293 338/284/296
f 324/287/299 69/274/286 335/273/285 340/288/300
f 335/273/285 77/482/648 212/481/653 340/288/300
f 212/481/653 80/485/651 339/285/297 340/288/300
s off
f 129/291/654 15/46/655 342/293/656 341/292/657
s 3
f 342/293/658 82/305/319 343/302/316 341/292/659
f 343/302/316 81/301/315 344/289/660 341/292/659
f 145/45/45 19/471/58 346/295/308 345/411/307
f 346/295/308 83/309/323 347/306/320 345/411/661
f 347/406/320 82/305/319 342/293/658 345/294/661
f 151/55/309 18/475/54 349/297/311 348/296/310
f 349/297/311 84/313/327 350/310/324 348/296/310
f 350/310/324 83/309/323 346/295/308 348/296/310
f 134/298/312 14/480/662 344/289/663 351/407/313
f 344/289/660 81/301/315 352/314/328 351/407/664
f 352/403/328 84/313/327 349/297/311 351/299/664
f 343/302/316 82/305/319 354/304/318 353/303/317
f 354/304/318 86/345/371 138/43/43 353/303/317
f 138/43/43 85/42/42 355/300/314 353/303/317
f 347/306/320 83/309/323 357/308/322 356/405/321
f 357/308/322 87/347/373 139/404/372 356/405/321
f 139/346/372 86/345/371 354/304/318 356/307/321
f 350/310/324 84/313/327 359/312/326 358/311/325
f 359/312/326 88/349/375 140/348/374 358/311/325
f 140/348/374 87/347/373 357/308/322 358/311/325
f 352/314/328 81/301/315 355/300/314 360/402/329
f 355/300/314 85/42/42 141/401/41 360/402/329
f 141/41/41 88/349/375 359/312/326 360/315/329
f 205/317/331 89/342/356 362/341/355 361/399/332
f 362/341/355 5/14/14 207/398/114 361/399/332
f 207/113/114 25/112/113 363/316/330 361/318/332
f 159/319/333 26/322/336 365/321/335 364/320/334
f 365/321/335 91/78/78 168/75/75 364/320/334
f 168/75/75 90/74/74 363/316/330 364/320/334
f 163/323/337 27/326/340 367/325/339 366/324/338
f 367/325/339 92/82/82 173/79/79 366/324/338
f 173/79/79 91/78/78 365/321/335 366/324/338
f 166/327/341 28/351/377 369/394/665 368/328/342
f 369/394/665 93/352/387 177/83/83 368/328/342
f 177/83/83 92/82/82 367/325/339 368/328/342
f 195/331/345 93/352/387 369/394/665 370/396/346
f 369/394/665 28/351/377 197/395/103 370/396/346
f 197/103/103 8/102/102 371/329/343 370/332/346
f 109/335/349 94/330/344 371/329/343 372/336/350
f 371/329/343 8/102/102 120/23/23 372/336/350
f 120/23/23 7/22/22 373/333/347 372/336/350
f 105/339/353 95/334/348 373/333/347 374/340/354
f 373/333/347 7/22/22 116/19/19 374/340/354
f 116/19/19 6/18/18 375/337/351 374/340/354
f 100/343/357 96/338/352 375/337/351 376/344/358
f 375/337/351 6/18/18 111/15/15 376/344/358
f 111/15/15 5/14/14 362/341/355 376/344/358
s 55
f 202/385/666 74/380/667 377/106/668 378/105/669
s off
f 74/380/670 199/379/671 379/107/672 377/106/673
f 199/379/674 73/378/675 381/358/676 379/107/677
s 56
f 73/378/678 200/504/679 382/503/680 381/358/681
f 200/382/679 75/381/682 383/360/683 382/359/680
s off
f 75/381/684 201/384/685 384/361/686 383/360/687
f 201/384/688 76/383/689 385/362/690 384/361/691
s 55
f 76/383/692 202/385/666 378/105/669 385/362/693
s 57
f 212/393/694 77/388/695 387/116/696 386/501/697
s off
f 77/388/698 209/387/699 388/117/700 387/116/701
f 209/387/702 78/386/703 390/363/704 388/117/705
s 58
f 78/386/706 210/390/707 391/364/708 390/363/709
f 210/390/707 79/389/710 392/365/711 391/364/708
s off
f 79/389/712 211/392/713 393/366/714 392/365/715
f 211/392/716 80/391/717 394/367/718 393/366/719
s 57
f 80/391/720 212/502/694 386/115/697 394/367/721
