# This file uses centimeters as units for non-parametric coordinates.

mtllib my_animation.0042.mtl
g default
v -17.765789 44.378944 -3.051710
v -4.168763 43.990555 -1.241035
v 8.582794 44.684326 -3.695326
v 22.599522 44.466637 -7.800515
v -14.912364 57.120064 5.085194
v -3.375785 47.108078 5.625847
v 14.775721 46.992344 4.194844
v 26.369343 56.754379 1.780535
v -9.228629 67.311607 31.434832
v -1.467546 56.755867 32.185699
v 13.718789 56.024323 32.655445
v 23.335257 65.950188 32.953156
v -14.154199 70.217819 40.502323
v 0.634059 70.997238 46.668224
v 12.069654 70.426552 46.985954
v 27.871216 68.507980 41.901154
v -16.350962 76.993843 33.711002
v -0.573335 82.160072 42.080055
v 14.622697 81.425102 42.551067
v 30.015036 75.890511 34.878540
v -9.828722 73.749382 27.607582
v -0.136884 78.725418 23.328327
v 15.049704 77.999016 23.782429
v 23.810352 72.721519 29.068995
v -14.976517 69.867233 3.278820
v -1.934743 73.320374 1.137151
v 13.183736 73.291748 0.102505
v 26.313808 69.777771 -0.112902
v -14.817493 38.513393 -11.563443
v -2.914940 37.348145 -6.993878
v 7.495377 36.797943 -7.380993
v 19.963114 37.275944 -14.481598
v -20.432892 18.555244 16.623388
v -13.365599 19.566998 19.345356
v -17.444052 26.216389 26.192413
v -24.436584 24.877251 23.419016
v 20.085632 27.743734 22.153612
v 27.460501 26.841290 19.753775
v 30.416552 36.602501 24.385309
v 23.039297 37.445660 26.779016
v -11.011437 7.905200 -10.247241
v -4.330044 7.503173 -7.146525
v -8.742311 4.727714 1.374352
v -15.176055 5.211297 -2.116185
v 11.423357 7.119201 2.428910
v 18.256157 7.308384 -0.745538
v 22.630421 5.012959 8.672539
v 15.780829 4.776738 11.811833
v -10.791759 1.852226 -12.585067
v -3.097551 1.206760 -8.344041
v -9.152334 -0.663584 5.311168
v -19.298428 0.219207 -0.584504
v 10.213953 1.084790 1.188948
v 18.409813 1.340939 -2.586301
v 26.070055 -0.332077 10.603542
v 15.349655 -0.700257 15.511168
v -25.239647 7.010608 12.996207
v -17.251205 6.242292 17.675571
v -25.837971 3.538007 13.451859
v -17.848211 2.769988 18.129017
v 22.434385 5.909876 28.513929
v 30.865541 6.283852 24.630463
v 22.791525 2.423123 29.006283
v 31.232588 2.807528 25.145367
v 31.329195 47.751194 24.384197
v 28.296373 46.344021 35.010887
v 40.871288 51.448898 27.523085
v 37.871273 49.933990 38.142357
v -18.877750 47.537109 27.257421
v -13.674420 47.911110 37.125305
v -22.572845 51.801201 41.538399
v -27.690939 51.723366 31.658209
v 41.169212 21.318041 27.916714
v 38.250210 20.911928 37.233944
v 44.485867 22.735199 29.017515
v 41.566891 22.329111 38.335022
v -26.765039 21.978691 36.899700
v -21.984552 23.107435 45.348026
v -25.056795 24.670050 46.877682
v -29.837280 23.541307 38.429356
v -1.695187 74.884834 58.301643
v 13.923616 73.425919 59.065823
v 18.605125 85.798683 49.156590
v -2.915809 87.720207 47.780529
v -1.205184 88.978882 74.209633
v 13.536908 87.444580 75.305412
v 15.457741 102.831802 66.299858
v 1.404373 104.294426 65.255272
v -15.451309 48.488720 -1.527491
v -15.937851 49.822418 -12.413793
v -3.695910 50.371815 -15.774106
v 7.332923 49.339817 -18.207994
v 20.496643 47.465626 -18.623667
v 22.689756 46.089481 -7.874490
v 11.667123 45.096951 -0.892922
v -2.966948 46.213345 1.989002
v -11.244325 46.439140 -1.191470
v -12.546596 45.201027 -0.590861
v -3.925204 44.794659 -0.285913
v -10.216722 47.767708 0.988835
v -16.635635 46.264942 -3.828601
v 3.460225 43.478275 -1.222103
v 2.387690 43.416500 -1.354087
v 10.397537 43.902023 -3.680932
v 4.553173 44.957993 1.033950
v 17.032915 45.233562 -6.283362
v 17.226980 45.480225 -5.485932
v 22.244410 44.797035 -9.344861
v 18.082790 45.773560 -4.094495
v -9.529298 55.392014 18.634321
v -10.647284 51.712734 5.520627
v -3.171176 51.111137 19.458471
v -8.042900 60.711826 30.845657
v -13.456115 60.097347 17.490036
v 6.210931 50.179832 18.134367
v 5.703277 46.196312 5.049102
v 15.653238 50.526260 19.089476
v 6.204858 57.525215 31.930182
v 22.124918 54.369419 18.052774
v 22.011314 51.514133 2.920114
v 26.497257 58.661270 16.866690
v 20.988375 59.419525 31.669622
v -6.918780 65.313446 39.934872
v -0.497379 64.376419 42.498657
v -8.235527 70.776909 46.104095
v -11.556904 67.539345 36.805748
v 6.158815 63.683769 42.095837
v 12.810863 63.740402 42.928902
v 6.270114 70.419861 49.979454
v 19.696012 64.101158 40.890614
v 25.600662 65.998642 38.575775
v 20.937664 69.338409 47.018337
v -8.559686 77.330338 45.221157
v 0.042602 77.507774 46.709404
v -9.842115 82.384705 40.250057
v -15.466134 74.149567 37.805946
v 6.506809 93.519585 77.602638
v 6.113661 87.898918 75.021828
v 15.468962 94.322861 73.868256
v 8.684728 105.470253 65.035141
v -2.389872 96.167793 72.552406
v 21.926819 75.893883 46.143375
v 29.283865 72.695503 39.050537
v 23.803673 81.034073 41.273396
v 13.353857 76.790733 47.058243
v -7.782192 81.245750 32.640114
v -0.326993 82.803032 35.023373
v -7.286150 77.888237 23.857424
v -14.057105 75.290039 28.625458
v 7.275943 82.440681 35.268650
v 7.228974 83.630615 43.936630
v 14.871150 82.080345 35.519062
v 7.448751 78.370064 23.585701
v 22.009706 80.103706 33.713112
v 27.503574 74.479332 30.123760
v 22.045881 76.634499 24.837622
v -8.061730 74.513855 13.111207
v -0.478866 74.835342 12.328987
v -9.552764 72.944176 2.317897
v -13.057487 71.524162 14.144359
v 7.141438 74.502167 12.286735
v 14.651299 74.439850 12.240926
v 5.599430 73.009178 -0.229539
v 21.953876 73.578842 12.715548
v 26.878540 70.349403 13.450945
v 20.749128 72.743301 -0.133388
v -9.868148 44.134605 -14.864294
v -10.599412 50.079384 -15.056657
v -3.357491 45.128460 -15.197701
v -9.207263 38.597713 -12.536504
v -15.276700 43.766655 -13.196259
v 1.688283 44.962109 -15.752294
v 1.747173 50.606781 -16.822514
v 6.817599 43.813484 -17.234198
v 1.790963 40.025734 -12.837819
v 13.776886 42.141548 -18.411102
v 14.442944 48.146301 -19.496786
v 19.833635 41.714207 -17.916174
v 13.847492 36.849689 -14.459898
v -9.847641 0.310014 -5.270384
v -5.836430 1.970975 -12.570987
v -4.679803 0.091925 -2.478724
v -14.254003 -0.277161 2.392433
v -14.894379 0.932041 -8.233347
v 1.995826 44.113106 0.273648
v 11.796718 37.713684 5.517351
v -6.450527 34.157223 5.562984
v 16.995037 -0.000663 5.005648
v 13.365614 1.595694 -2.796064
v 22.304325 0.333254 2.465091
v 20.725172 -0.560926 13.084701
v 11.595827 -0.018519 7.397398
v 22.395111 42.956993 -14.155964
v 22.524546 40.488449 -11.667484
v 23.061419 46.714138 -13.884738
v 28.504017 64.543777 14.324365
v 28.345655 63.611671 0.605383
v 23.254553 68.451813 30.351089
v 38.989758 20.819017 32.479008
v 42.802467 21.933823 27.454994
v 43.045624 22.552031 33.825153
v 39.232903 21.437199 38.848984
v -17.302265 44.619972 -8.971753
v -17.484846 40.926609 -7.813049
v -17.320404 49.181339 -7.255662
v -15.148094 65.977974 14.988038
v -17.106363 63.868626 4.318380
v -9.173996 69.471344 28.435484
v -23.679117 22.238544 40.927498
v -22.634632 23.884146 47.028423
v -27.436096 24.149433 42.798080
v -28.480581 22.503832 36.697151
v -11.484853 26.464693 1.856041
v -8.476621 28.084442 5.283272
v -16.372070 18.595091 17.391899
v -16.884501 26.588816 2.414751
v -8.997329 32.927853 9.405129
v -12.954707 37.181129 12.730287
v -14.184343 23.116724 23.592079
v -17.502024 38.693405 11.767892
v -21.482224 35.926483 9.713240
v -21.642752 27.169113 26.237713
v -20.333748 31.115213 5.529365
v -23.571762 21.502037 19.930450
v 18.341040 29.599030 3.405125
v 23.760189 30.482943 3.566312
v 23.359324 26.451376 20.592485
v 14.809719 31.651527 6.367987
v 26.269506 36.186234 5.192789
v 26.585363 42.177246 7.909204
v 30.047836 31.828541 22.018063
v 22.044001 44.883434 9.133071
v 17.647955 43.416775 10.720617
v 27.106691 38.942150 26.448891
v 14.593127 37.802380 8.957883
v 20.386911 32.938316 25.082602
v -13.655302 21.048773 4.700779
v -10.079362 19.869780 7.339668
v -6.961099 8.464176 -10.267988
v -17.936296 18.975536 4.962799
v -9.135086 14.834304 10.986321
v -11.195277 9.827244 14.140964
v -5.096840 5.754651 -2.786668
v -15.143456 7.465419 13.819406
v -19.065817 8.768545 11.862492
v -13.542673 4.981314 2.228649
v -19.703236 13.528252 7.978045
v -13.826756 6.109330 -7.143946
v 18.397306 23.749788 9.237095
v 23.053673 22.874861 9.088224
v 14.095778 7.770880 -0.800378
v 15.434049 22.889824 12.699056
v 26.342564 19.061344 13.165022
v 27.473812 15.675361 18.436436
v 21.347420 5.835128 3.103794
v 24.165625 14.412272 21.444414
v 19.825380 15.870280 22.005705
v 20.426439 4.848194 12.859645
v 16.358900 19.207550 17.878410
v 12.416372 5.610705 7.248517
v -5.913334 5.109248 -12.141018
v -3.070657 4.295115 -8.050308
v -10.831289 4.875025 -12.163814
v -4.469061 2.924878 -2.371101
v -8.846747 2.103364 5.263928
v -22.312412 6.774352 17.182875
v -21.080660 7.579934 15.209956
v -27.385620 7.258815 14.213341
v -22.006639 2.205649 15.915133
v -17.239204 6.289888 20.152407
v -14.743662 3.686200 -7.989028
v -19.002018 2.982321 -0.608863
v 13.415332 4.687820 -2.473793
v 18.438822 4.336065 -2.312461
v 10.247330 4.095850 1.472130
v 22.262495 3.168550 2.584428
v 25.928516 2.460674 10.510968
v 27.531244 6.200596 28.510103
v 26.553696 7.043157 26.440012
v 22.174685 5.971083 30.968906
v 27.111910 1.654813 27.214674
v 32.884010 6.448627 26.044542
v 11.554016 2.832079 7.518188
v 15.205249 2.086030 15.413434
v -17.431349 6.038485 8.758226
v -21.929970 6.502760 6.143497
v -12.957892 5.621642 11.394255
v -22.921946 3.920321 6.056598
v -23.345526 1.160751 6.332058
v -18.252359 0.656199 9.278813
v -13.180018 0.180548 12.245352
v -12.758653 2.929621 11.979232
v 23.502758 5.714882 19.651617
v 18.780323 5.530590 21.849621
v 28.226952 5.914092 17.458115
v 18.381960 2.851701 22.409637
v 18.621592 0.075086 22.705751
v 23.988798 0.283823 20.268208
v 29.359795 0.507398 17.838488
v 29.098248 3.275418 17.494892
v 25.855047 57.400383 30.890934
v 28.007505 58.961617 27.083754
v 28.397034 46.402676 29.222963
v 26.145996 56.594769 35.496056
v 31.901386 60.413906 27.440739
v 35.981346 61.610443 29.978046
v 36.029297 49.704453 24.643650
v 35.568417 60.680286 34.488461
v 33.985878 59.188873 38.466755
v 40.099094 50.811951 33.045006
v 29.588459 57.538277 37.759216
v 32.349792 47.887596 37.632347
v -12.405565 58.127399 30.903313
v -11.727602 57.976906 35.508720
v -14.977520 46.967854 31.552677
v -15.426353 59.273041 27.453707
v -14.890154 59.300617 38.152424
v -19.294109 61.184319 39.467171
v -17.172152 49.811874 40.230186
v -21.613037 62.304733 35.835182
v -22.815178 62.638184 31.560637
v -25.812195 51.891438 36.930756
v -19.267368 60.939434 28.415657
v -23.475714 49.562542 28.149269
v 30.787802 37.144619 30.118753
v 33.831161 38.071503 25.656904
v 30.832512 37.566830 35.415489
v 37.860596 39.734669 25.822783
v 42.432621 41.721855 28.452202
v 41.310154 41.605412 33.561115
v 39.439018 41.217865 38.255554
v 34.204681 39.093975 37.787918
v -16.767342 37.998322 34.361038
v -15.739474 39.280571 39.419804
v -20.695326 38.179443 30.526051
v -18.611460 41.155613 42.161770
v -23.724766 43.282383 43.338749
v -26.538351 42.890442 39.082802
v -28.679586 42.212032 34.343159
v -24.665878 39.846920 31.221113
v 5.881799 66.890839 54.112293
v 12.762115 74.220901 51.301769
v 5.822736 71.691200 60.259171
v 0.259321 75.039474 50.951923
v 15.517515 77.251762 49.515163
v 13.372738 82.105705 46.860744
v 18.995996 79.371857 54.248817
v 7.504390 85.585815 45.588474
v 0.926556 82.886276 46.493816
v 7.911320 87.482605 48.107769
v -1.964893 78.410072 49.009418
v -5.062278 81.572502 53.023705
v 5.678694 80.487541 70.773811
v 16.709480 82.619537 71.043327
v -4.640418 84.841553 69.456398
v 19.466356 90.057114 65.515793
v 18.916220 96.337944 59.207691
v 8.614695 98.983986 56.895271
v -2.235400 98.539330 57.635502
v -4.976827 92.601074 63.698940
v -17.225542 60.086700 -1.921308
v -14.359243 57.214424 3.793266
v -16.178234 62.508518 -7.388691
v -11.109148 63.622200 -10.751108
v -3.854877 63.139442 -12.521815
v 3.091882 63.735916 -13.230791
v 9.761768 62.780540 -14.717597
v 17.144735 62.060444 -15.756144
v 23.041134 60.179699 -14.640369
v 25.671066 57.500141 -9.688569
v 24.869490 54.769295 -3.565094
v 20.885715 53.801777 1.045737
v 15.214620 52.879250 4.202773
v 6.173260 53.907928 5.526870
v -3.022571 53.840897 7.027911
v -9.259375 55.459179 6.068518
v 43.084370 7.881499 38.675804
v 44.205334 8.474754 40.445408
v 44.209881 7.918982 33.626694
v 46.186737 8.763657 34.282818
v 46.249680 8.321856 28.571991
v 48.076122 9.013258 28.089680
v 49.982395 9.916793 29.810883
v 48.423058 9.719213 35.025055
v 46.817085 9.476435 39.914696
v -33.014164 9.835436 40.453987
v -31.102564 9.239897 40.648094
v -28.055956 9.674131 45.165039
v -29.844528 10.583843 46.055561
v -25.918652 10.463895 49.809380
v -26.674879 11.332250 51.657124
v -29.376303 12.222548 51.530926
v -31.958652 11.659145 47.108170
v -34.560207 10.998536 42.369640
vt 0.208431 0.494797
vt 0.208575 0.478116
vt 0.229443 0.475893
vt 0.229271 0.493426
vt 0.252729 0.492198
vt 0.256170 0.471571
vt 0.275357 0.475888
vt 0.275429 0.493819
vt 0.298111 0.492176
vt 0.294163 0.471736
vt 0.321331 0.475953
vt 0.321541 0.493432
vt 0.198757 0.641525
vt 0.200055 0.589825
vt 0.221664 0.590600
vt 0.219751 0.640956
vt 0.244967 0.639373
vt 0.247968 0.591507
vt 0.275466 0.591669
vt 0.275481 0.635804
vt 0.305994 0.639365
vt 0.302966 0.591494
vt 0.329276 0.590573
vt 0.331197 0.640955
vt 0.199789 0.728809
vt 0.197393 0.704590
vt 0.219517 0.692482
vt 0.227784 0.730211
vt 0.252859 0.733034
vt 0.249003 0.687406
vt 0.275511 0.688085
vt 0.275516 0.730408
vt 0.298175 0.733010
vt 0.302021 0.687396
vt 0.331536 0.692451
vt 0.323246 0.730162
vt 0.805511 0.686057
vt 0.204711 0.752714
vt 0.229559 0.760254
vt 0.782889 0.696424
vt 0.784986 0.875584
vt 0.254181 0.941082
vt 0.275435 0.940431
vt 0.742298 0.896742
vt 0.699334 0.736241
vt 0.297037 0.807427
vt 0.321459 0.760204
vt 0.696358 0.696343
vt 0.808954 0.641287
vt 0.805193 0.664541
vt 0.784300 0.671779
vt 0.785729 0.644267
vt 0.763331 0.647822
vt 0.762442 0.673765
vt 0.742276 0.741120
vt 0.739609 0.647377
vt 0.715889 0.647774
vt 0.716786 0.673709
vt 0.694936 0.671695
vt 0.693494 0.644181
vt 0.806875 0.557726
vt 0.810121 0.617205
vt 0.790367 0.607046
vt 0.787575 0.557696
vt 0.763367 0.556090
vt 0.764746 0.603486
vt 0.739627 0.603152
vt 0.739688 0.556093
vt 0.716014 0.556064
vt 0.714496 0.603455
vt 0.688836 0.606971
vt 0.691820 0.557642
vt 0.803405 0.420481
vt 0.802841 0.435733
vt 0.782960 0.432290
vt 0.783371 0.416064
vt 0.759505 0.410786
vt 0.759570 0.428509
vt 0.739756 0.426992
vt 0.739743 0.409699
vt 0.720007 0.410786
vt 0.719946 0.428500
vt 0.696571 0.432245
vt 0.696182 0.416016
vt 0.819305 0.093413
vt 0.797386 0.086157
vt 0.790779 0.072322
vt 0.822344 0.073237
vt 0.265809 0.416173
vt 0.762697 0.377789
vt 0.739788 0.389948
vt 0.275377 0.462947
vt 0.364323 0.097210
vt 0.342669 0.089884
vt 0.336664 0.075169
vt 0.367299 0.076188
vt 0.342559 0.494848
vt 0.342402 0.478170
vt 0.366070 0.480227
vt 0.366198 0.495669
vt 0.352247 0.641476
vt 0.350872 0.589816
vt 0.374237 0.588973
vt 0.374011 0.638442
vt 0.936729 0.462892
vt 0.940585 0.464321
vt 0.946953 0.476690
vt 0.936605 0.482861
vt 0.804780 0.405462
vt 0.824266 0.410023
vt 0.823186 0.423812
vt 0.805355 0.509178
vt 0.825584 0.509339
vt 0.825621 0.554997
vt 0.118742 0.522844
vt 0.058006 0.517789
vt 0.074507 0.510871
vt 0.084702 0.516921
vt 0.822269 0.350445
vt 0.784755 0.399833
vt 0.805305 0.347137
vt 0.793942 0.336256
vt 0.777469 0.322538
vt 0.236211 0.409364
vt 0.220899 0.415267
vt 0.203041 0.415110
vt 0.182178 0.419746
vt 0.685950 0.336155
vt 0.717407 0.377787
vt 0.694840 0.399772
vt 0.674409 0.347030
vt 0.657366 0.350391
vt 0.674734 0.405426
vt 0.637625 0.358046
vt 0.347747 0.415166
vt 0.329799 0.415381
vt 0.314324 0.409429
vt 0.706215 0.336018
vt 0.292514 0.404556
vt 0.870618 0.237836
vt 0.844433 0.293934
vt 0.832214 0.287148
vt 0.858351 0.228645
vt 0.844944 0.223065
vt 0.821107 0.280742
vt 0.243727 0.342391
vt 0.826584 0.212775
vt 0.214622 0.282882
vt 0.224361 0.346790
vt 0.210147 0.349538
vt 0.199596 0.284960
vt 0.184434 0.288656
vt 0.194986 0.352422
vt 0.864110 0.304875
vt 0.163133 0.290367
vt 0.634803 0.222910
vt 0.658751 0.280554
vt 0.647480 0.287052
vt 0.621343 0.228556
vt 0.609012 0.237734
vt 0.635143 0.293889
vt 0.375465 0.356065
vt 0.590820 0.249121
vt 0.366326 0.288752
vt 0.355651 0.352469
vt 0.340563 0.349608
vt 0.351134 0.285011
vt 0.336042 0.282967
vt 0.326383 0.346874
vt 0.678330 0.268182
vt 0.315081 0.275917
vt 0.789900 0.091626
vt 0.894734 0.181072
vt 0.223763 0.023658
vt 0.779683 0.072008
vt 0.205625 0.023651
vt 0.212375 0.030485
vt 0.208733 0.046428
vt 0.818124 0.043214
vt 0.919973 0.054113
vt 0.218394 0.124576
vt 0.231547 0.124829
vt 0.925982 0.076298
vt 0.853028 0.105343
vt 0.173602 0.224408
vt 0.245023 0.044913
vt 0.815784 0.102925
vt 0.335499 0.095534
vt 0.609223 0.166963
vt 0.147562 0.023794
vt 0.325939 0.074804
vt 0.129108 0.019171
vt 0.133886 0.026698
vt 0.125138 0.040618
vt 0.363323 0.044920
vt 0.461211 0.056389
vt 0.114656 0.083148
vt 0.128082 0.110700
vt 0.466974 0.079440
vt 0.396801 0.109583
vt 0.345740 0.218419
vt 0.158805 0.046562
vt 0.361009 0.107136
vt 0.212264 0.093809
vt 0.204982 0.218327
vt 0.226791 0.056935
vt 0.229179 0.093286
vt 0.246067 0.092223
vt 0.255137 0.092099
vt 0.884191 0.095549
vt 0.853655 0.095653
vt 0.854753 0.074189
vt 0.884265 0.075061
vt 0.885799 0.054616
vt 0.855335 0.052709
vt 0.203340 0.068369
vt 0.888472 0.044995
vt 0.116537 0.064410
vt 0.377147 0.224500
vt 0.136900 0.057215
vt 0.135301 0.068971
vt 0.159593 0.072808
vt 0.169578 0.075371
vt 0.426769 0.099419
vt 0.397393 0.099512
vt 0.398467 0.077209
vt 0.426850 0.078134
vt 0.428347 0.056895
vt 0.399054 0.054890
vt 0.111199 0.052142
vt 0.430928 0.046902
vt 0.398347 0.732496
vt 0.353774 0.704759
vt 0.655189 0.607952
vt 0.404645 0.715309
vt 0.625247 0.642548
vt 0.669008 0.617360
vt 0.670290 0.641156
vt 0.629866 0.657272
vt 0.633967 0.675274
vt 0.674058 0.664432
vt 0.345812 0.774768
vt 0.637449 0.692485
vt 0.387906 0.765553
vt 0.346295 0.752641
vt 0.351218 0.728717
vt 0.392980 0.747350
vt 0.854032 0.642643
vt 0.181252 0.694641
vt 0.859345 0.625630
vt 0.152631 0.732602
vt 0.157999 0.747449
vt 0.163074 0.765647
vt 0.167481 0.783084
vt 0.845329 0.675366
vt 0.849419 0.657366
vt 0.462802 0.754848
vt 0.433121 0.744888
vt 0.586158 0.633072
vt 0.469035 0.736153
vt 0.562716 0.661102
vt 0.591598 0.653084
vt 0.596668 0.669873
vt 0.567525 0.676181
vt 0.573571 0.695803
vt 0.602326 0.689166
vt 0.414557 0.801264
vt 0.575415 0.714705
vt 0.450039 0.789809
vt 0.420413 0.781867
vt 0.427222 0.762131
vt 0.457315 0.770152
vt 0.916571 0.661069
vt 0.887682 0.653104
vt 0.112049 0.724515
vt 0.922852 0.642462
vt 0.088177 0.754903
vt 0.117860 0.744959
vt 0.123753 0.762207
vt 0.093657 0.770210
vt 0.100926 0.789871
vt 0.130556 0.781946
vt 0.872833 0.708772
vt 0.104321 0.808576
vt 0.905760 0.695791
vt 0.876995 0.689207
vt 0.882631 0.669903
vt 0.911782 0.676158
vt 0.245118 0.820265
vt 0.256063 0.761423
vt 0.275458 0.816348
vt 0.275456 0.817082
vt 0.305796 0.819611
vt 0.322444 0.827635
vt 0.716707 0.746651
vt 0.742277 0.751635
vt 0.767846 0.746640
vt 0.232576 0.815700
vt 0.789238 0.746868
vt 0.242805 0.909093
vt 0.242913 0.847487
vt 0.275453 0.850080
vt 0.275444 0.899369
vt 0.308078 0.909112
vt 0.307992 0.847504
vt 0.685718 0.768892
vt 0.335635 0.923345
vt 0.710517 0.826756
vt 0.709025 0.772272
vt 0.742280 0.767854
vt 0.742288 0.823907
vt 0.774059 0.826743
vt 0.775535 0.772258
vt 0.216918 0.852154
vt 0.800161 0.835727
vt 0.803587 0.472219
vt 0.184266 0.511368
vt 0.823748 0.473030
vt 0.786007 0.508646
vt 0.783967 0.470951
vt 0.760849 0.468488
vt 0.762764 0.507838
vt 0.739729 0.507585
vt 0.739749 0.469813
vt 0.718652 0.468468
vt 0.716699 0.507812
vt 0.693463 0.508589
vt 0.695538 0.470900
vt 0.347089 0.550471
vt 0.343449 0.511536
vt 0.656251 0.437958
vt 0.370672 0.549455
vt 0.305626 0.550928
vt 0.300328 0.509969
vt 0.323635 0.511057
vt 0.326613 0.553291
vt 0.245263 0.550946
vt 0.250519 0.509979
vt 0.275426 0.509223
vt 0.275447 0.553833
vt 0.203857 0.550446
vt 0.207534 0.511493
vt 0.227207 0.511082
vt 0.224277 0.553331
vt 0.296688 0.941095
vt 0.317831 0.963343
vt 0.722395 0.859395
vt 0.742293 0.859091
vt 0.762190 0.859387
vt 0.672412 0.557619
vt 0.673996 0.509116
vt 0.676597 0.435714
vt 0.676064 0.420456
vt 0.798456 0.058765
vt 0.820876 0.052919
vt 0.343747 0.061021
vt 0.365907 0.055032
vt 0.963235 0.483911
vt 0.902883 0.489040
vt 0.909072 0.482168
vt 0.925033 0.475729
vt 0.931354 0.463643
vt 0.080884 0.498420
vt 0.084741 0.496992
vt 0.090126 0.497750
vt 0.096539 0.509638
vt 0.112499 0.516024
vt 0.245369 0.109349
vt 0.249130 0.116712
vt 0.914174 0.091435
vt 0.914507 0.075957
vt 0.915392 0.060496
vt 0.143488 0.116794
vt 0.145270 0.126440
vt 0.455609 0.095160
vt 0.455938 0.079081
vt 0.456800 0.063019
vt 0.982240 0.434188
vt 0.963585 0.427947
vt 0.946509 0.423110
vt 0.890921 0.433118
vt 0.882130 0.436526
vt 0.926679 0.423006
vt 0.909612 0.427375
vt 0.937930 0.422313
vt 0.075163 0.457134
vt 0.058225 0.461798
vt 0.039557 0.467684
vt 0.094859 0.456979
vt 0.083682 0.456346
vt 0.130564 0.466891
vt 0.111877 0.461251
vt 0.033116 0.470128
vt 0.675805 0.472192
vt 0.653419 0.509254
vt 0.655248 0.472962
vt 0.367019 0.511392
vt 0.176921 0.588998
vt 0.180547 0.549455
vt 0.822760 0.437993
vt 0.233028 0.963316
vt 0.215241 0.923308
vt 0.798841 0.768868
vt 0.699605 0.875602
vt 0.684417 0.835751
vt 0.333987 0.852188
vt 0.228471 0.827609
vt 0.254212 0.785439
vt 0.759269 0.697501
vt 0.785216 0.736222
vt 0.695315 0.746888
vt 0.719972 0.697428
vt 0.296799 0.785396
vt 0.318344 0.815723
vt 0.903939 0.714697
vt 0.136407 0.801345
vt 0.081951 0.736203
vt 0.893090 0.633076
vt 0.446638 0.808511
vt 0.606509 0.708725
vt 0.556410 0.642507
vt 0.438944 0.724452
vt 0.841861 0.692578
vt 0.205190 0.774839
vt 0.146366 0.715395
vt 0.823906 0.608060
vt 0.383498 0.782992
vt 0.673752 0.685953
vt 0.619881 0.625562
vt 0.369876 0.694574
vt 0.624476 0.158216
vt 0.327082 0.211968
vt 0.653476 0.212425
vt 0.306569 0.342322
vt 0.153133 0.050558
vt 0.361352 0.222428
vt 0.125968 0.045756
vt 0.396618 0.225899
vt 0.569871 0.190223
vt 0.388031 0.290471
vt 0.615162 0.304972
vt 0.596954 0.173816
vt 0.584932 0.180968
vt 0.909456 0.190131
vt 0.154402 0.225852
vt 0.888489 0.249012
vt 0.175675 0.355943
vt 0.241882 0.047343
vt 0.189385 0.222364
vt 0.213528 0.046751
vt 0.223402 0.212053
vt 0.855547 0.158550
vt 0.235225 0.276013
vt 0.801766 0.268578
vt 0.882733 0.173912
vt 0.870470 0.167071
vt 0.702590 0.322102
vt 0.284431 0.416033
vt 0.369025 0.419829
vt 0.654789 0.409992
vt 0.841623 0.358035
vt 0.185243 0.480200
vt 0.257695 0.404697
vt 0.773758 0.336466
vt 0.177136 0.638471
vt 0.185108 0.495641
vt 0.653403 0.554919
vt 0.655840 0.423782
vt 0.740026 0.329135
vt 0.739609 0.679991
vt 0.717946 0.727940
vt 0.321543 0.784229
vt 0.275425 0.981496
vt 0.229466 0.784279
vt 0.766602 0.727930
vt 0.275513 0.766895
vt 0.294962 0.761394
vt 0.158494 0.031032
vt 0.235614 0.029385
vt 0.253884 0.807420
vt 0.968218 0.693073
vt 0.970279 0.686813
vt 0.964692 0.720144
vt 0.041234 0.817480
vt 0.965692 0.701614
vt 0.035620 0.790589
vt 0.038855 0.799577
vt 0.026837 0.766821
vt 0.976742 0.669618
vt 0.033170 0.783659
vt 0.515345 0.790561
vt 0.512107 0.799546
vt 0.509721 0.817448
vt 0.514670 0.720260
vt 0.513647 0.701731
vt 0.511110 0.693195
vt 0.509040 0.686939
vt 0.502555 0.669755
vt 0.524137 0.766797
vt 0.517798 0.783632
vt 0.052820 0.522857
vt 0.139366 0.470253
vt 0.968347 0.489050
vt 0.988625 0.436785
vt 0.108883 0.091107
vt 0.106409 0.062482
vt 0.399209 0.044805
vt 0.459518 0.102060
vt 0.428604 0.109556
vt 0.167704 0.057128
vt 0.215342 0.132259
vt 0.203222 0.094543
vt 0.855471 0.043005
vt 0.918242 0.098075
vt 0.886101 0.105305
vt 0.255511 0.067846
vt 0.169019 0.047690
vt 0.166893 0.025823
vt 0.125973 0.120002
vt 0.337008 0.054912
vt 0.115292 0.038211
vt 0.149847 0.015689
vt 0.254586 0.043904
vt 0.241676 0.021944
vt 0.231922 0.132778
vt 0.791425 0.052872
vt 0.199112 0.046316
vt 0.223332 0.014444
vn -0.389438 0.608198 0.691688
vn -0.389438 0.608198 0.691688
vn -0.324473 0.449338 0.832354
vn -0.191503 0.158171 0.968663
vn -0.048548 -0.404006 0.913467
vn 0.175653 0.678269 0.713511
vn 0.057737 0.765018 0.641416
vn -0.051968 -0.749537 0.659919
vn -0.293910 0.047638 -0.954645
vn -0.189933 0.939767 0.284188
vn -0.076596 0.839871 -0.537355
vn -0.031384 0.900309 -0.434117
vn -0.900951 -0.320512 0.292506
vn -0.880277 -0.450552 0.148710
vn -0.654036 -0.756368 -0.012039
vn -0.675859 -0.663756 0.320380
vn -0.273689 -0.891957 0.359872
vn -0.322099 -0.937041 -0.134933
vn -0.056862 -0.977956 -0.200918
vn -0.018460 -0.939258 0.342715
vn 0.250646 -0.916192 0.312681
vn 0.253321 -0.958912 -0.127736
vn 0.598212 -0.801117 -0.018824
vn 0.642140 -0.727318 0.242209
vn 0.035556 -0.611844 0.790179
vn -0.547116 -0.656401 0.519424
vn -0.672918 -0.619219 0.404659
vn -0.451203 -0.721125 0.525732
vn -0.192755 -0.740311 0.644039
vn -0.213432 -0.847708 0.485631
vn -0.045239 -0.874730 0.482495
vn -0.057154 -0.774520 0.629962
vn 0.081169 -0.754895 0.650804
vn 0.131559 -0.871647 0.472148
vn 0.597275 -0.702484 0.387012
vn 0.337308 -0.763633 0.550535
vn -0.797138 0.318240 0.513123
vn -0.581267 -0.099149 0.807650
vn -0.399614 -0.304425 0.864658
vn -0.429633 0.378777 0.819722
vn -0.622870 0.521968 0.582738
vn -0.591931 -0.222663 0.774622
vn -0.107852 -0.381315 0.918132
vn -0.022848 0.440687 0.897370
vn 0.474792 0.255322 0.842249
vn 0.094463 -0.463399 0.881100
vn 0.304233 -0.322901 0.896202
vn 0.404808 0.352316 0.843803
vn -0.540054 0.434983 -0.720508
vn -0.789609 0.598692 -0.134480
vn -0.450253 0.845992 0.285606
vn -0.258555 0.916768 -0.304442
vn -0.037526 0.978863 -0.201043
vn -0.166020 0.965572 0.200272
vn 0.050082 0.998186 -0.033413
vn 0.052734 0.975018 -0.215778
vn 0.131709 0.971427 -0.197438
vn 0.236293 0.946961 0.217788
vn 0.481593 0.809701 0.335339
vn 0.315489 0.905754 -0.282979
vn -0.827498 0.555002 0.084967
vn -0.770644 0.430841 -0.469557
vn -0.362899 0.886524 -0.287018
vn -0.333577 0.930637 -0.150468
vn -0.018277 0.974488 -0.223696
vn -0.021927 0.944304 -0.328345
vn 0.047117 0.944996 -0.323671
vn 0.022871 0.975734 -0.217763
vn 0.073071 0.978822 -0.191226
vn 0.113036 0.944082 -0.309730
vn 0.454838 0.855236 -0.248383
vn 0.387671 0.912306 -0.131945
vn -0.626603 0.009632 -0.779279
vn -0.740750 0.159394 -0.652597
vn -0.294677 0.187396 -0.937042
vn -0.217366 -0.038624 -0.975326
vn -0.104504 -0.108401 -0.988599
vn -0.145901 0.166215 -0.975236
vn -0.178916 0.172954 -0.968543
vn -0.225317 -0.155482 -0.961799
vn -0.235959 -0.154722 -0.959367
vn -0.172218 0.156765 -0.972505
vn -0.002554 0.137755 -0.990463
vn -0.061082 -0.158019 -0.985545
vn -0.023341 -0.988808 -0.147356
vn 0.012650 -0.978079 -0.207849
vn 0.028745 -0.979807 -0.197869
vn -0.004071 -0.990158 -0.139891
vn 0.887950 -0.145860 0.436199
vn 0.693663 -0.718226 -0.054620
vn -0.111034 -0.944215 -0.310047
vn 0.024161 -0.735906 0.676652
vn -0.034911 -0.993586 -0.107557
vn -0.063586 -0.983929 -0.166853
vn -0.048356 -0.983671 -0.173361
vn -0.020779 -0.992995 -0.116311
vn 0.994102 0.093894 -0.054276
vn 0.994102 0.093894 -0.054276
vn 0.994102 0.093894 -0.054276
vn 0.994102 0.093894 -0.054276
vn 0.891264 -0.412703 0.187950
vn 0.877347 -0.479773 0.008945
vn 0.989820 0.029705 -0.139193
vn 0.994327 -0.011285 0.105767
vn 0.370441 -0.925766 0.075704
vn 0.370438 -0.925767 0.075704
vn 0.370438 -0.925767 0.075704
vn 0.370441 -0.925766 0.075704
vn -0.878126 -0.167037 -0.448324
vn -0.878126 -0.167037 -0.448324
vn -0.878126 -0.167037 -0.448324
vn -0.878126 -0.167037 -0.448324
vn -0.732396 0.655356 -0.184674
vn -0.994521 0.066599 0.080581
vn -0.971657 0.061580 0.228234
vn -0.311380 -0.902745 0.296806
vn -0.311379 -0.902746 0.296805
vn -0.311379 -0.902746 0.296805
vn -0.311380 -0.902745 0.296806
vn -0.044499 -0.825026 -0.563340
vn -0.093459 -0.752258 -0.652206
vn 0.172953 -0.786783 -0.592502
vn 0.239965 -0.822589 -0.515523
vn 0.944962 -0.194112 0.263377
vn 0.949099 -0.170663 0.264736
vn 0.472338 0.633575 0.612763
vn -0.095861 0.881541 0.462272
vn -0.224028 0.840419 0.493465
vn -0.975351 0.012688 -0.220294
vn -0.976775 0.055162 -0.207045
vn -0.976775 0.055162 -0.207045
vn -0.975686 0.019015 -0.218349
vn -0.424126 -0.895223 -0.136722
vn -0.390776 -0.897171 -0.205860
vn -0.116465 -0.941528 -0.316165
vn -0.161134 -0.954309 -0.251655
vn 0.893434 -0.339930 -0.293637
vn 0.885318 -0.352452 -0.303299
vn 0.885318 -0.352452 -0.303299
vn 0.894356 -0.338473 -0.292512
vn 0.473384 0.878650 0.062308
vn 0.347616 0.937564 -0.011673
vn 0.081336 0.994340 0.068354
vn 0.136532 0.978001 0.157714
vn -0.521166 0.766161 0.376009
vn -0.850972 -0.165548 0.498438
vn -0.817958 0.325303 0.474471
vn -0.605165 0.649047 -0.460992
vn -0.548465 0.818320 -0.171869
vn -0.142275 0.986417 0.082087
vn 0.079748 0.916440 -0.392145
vn 0.699547 0.713284 -0.043136
vn 0.488917 0.865299 0.110530
vn 0.765580 -0.236826 0.598165
vn 0.936150 -0.019098 0.351082
vn 0.473928 -0.579513 0.662991
vn 0.147057 -0.528421 0.836150
vn -0.156820 -0.586899 0.794328
vn -0.118840 -0.776084 0.619331
vn -0.722821 -0.626421 0.291765
vn -0.443599 -0.596253 0.669106
vn -0.967211 -0.229800 -0.108143
vn -0.948280 -0.003467 -0.317415
vn -0.853731 0.504932 -0.127229
vn -0.676344 0.730294 -0.096068
vn -0.059432 0.955910 -0.287582
vn -0.279134 0.728164 -0.625988
vn 0.451544 0.545879 -0.705780
vn 0.367579 0.761279 -0.534173
vn 0.976084 -0.090980 -0.197438
vn 0.907740 0.017935 -0.419151
vn 0.885543 -0.342617 0.313732
vn 0.599519 -0.261659 0.756380
vn 0.330431 -0.247288 0.910859
vn 0.328729 -0.455452 0.827345
vn -0.367986 -0.312588 0.875714
vn 0.012532 -0.214261 0.976696
vn -0.690639 -0.094772 0.716963
vn -0.887258 -0.021686 0.460763
vn -0.044340 0.503563 -0.862820
vn -0.044340 0.503563 -0.862820
vn 0.382549 0.540814 -0.749117
vn 0.423728 0.538538 -0.728307
vn 0.922150 0.265474 0.281360
vn 0.922150 0.265474 0.281360
vn 0.922150 0.265474 0.281360
vn 0.922150 0.265474 0.281360
vn 0.084361 0.978201 0.189755
vn 0.084361 0.978201 0.189755
vn 0.008767 0.989134 0.146756
vn 0.008791 0.989132 0.146770
vn -0.697864 0.679063 -0.227724
vn -0.697864 0.679063 -0.227724
vn -0.697864 0.679063 -0.227724
vn -0.697864 0.679063 -0.227724
vn -0.730711 0.445108 -0.517630
vn -0.730711 0.445108 -0.517630
vn -0.375267 0.506730 -0.776144
vn -0.374836 0.506743 -0.776344
vn 0.784365 0.343735 -0.516350
vn 0.784365 0.343735 -0.516350
vn 0.784365 0.343735 -0.516350
vn 0.784365 0.343735 -0.516350
vn 0.099584 0.989279 0.106816
vn 0.099584 0.989279 0.106816
vn 0.022196 0.989466 0.143055
vn 0.021723 0.989445 0.143273
vn -0.714735 0.519419 0.468356
vn -0.714735 0.519419 0.468356
vn -0.714735 0.519419 0.468356
vn -0.714735 0.519419 0.468356
vn 0.086212 0.993457 -0.074905
vn 0.086212 0.993457 -0.074905
vn 0.122193 0.990763 -0.058796
vn 0.123097 0.990676 -0.058389
vn -0.665372 0.503588 -0.551071
vn -0.665372 0.503588 -0.551071
vn -0.665372 0.503588 -0.551071
vn -0.665372 0.503588 -0.551071
vn -0.131478 -0.989633 0.057790
vn -0.086501 -0.995781 -0.030640
vn -0.073638 -0.996976 -0.024840
vn -0.124818 -0.990462 0.058352
vn 0.856841 -0.084024 0.508687
vn 0.862556 -0.084682 0.498825
vn 0.862987 -0.084731 0.498071
vn 0.856841 -0.084024 0.508687
vn -0.103105 0.993132 -0.055302
vn -0.103105 0.993132 -0.055302
vn -0.070203 0.995149 -0.068928
vn -0.070042 0.995155 -0.068994
vn -0.879760 0.380490 0.285043
vn -0.879760 0.380490 0.285043
vn -0.879760 0.380490 0.285043
vn -0.879760 0.380490 0.285043
vn 0.068789 -0.994356 0.080774
vn 0.023629 -0.999720 0.001138
vn 0.034384 -0.999407 -0.001791
vn 0.073790 -0.994017 0.080527
vn 0.908494 0.033179 -0.416578
vn 0.908323 0.032345 -0.417017
vn 0.908315 0.032308 -0.417037
vn 0.908494 0.033179 -0.416579
vn -0.879795 -0.233890 0.413832
vn 0.521194 -0.708945 0.475136
vn -0.828875 -0.197908 -0.523258
vn -0.928913 -0.194226 -0.315272
vn -0.426045 0.051328 -0.903245
vn 0.807198 0.412611 -0.422117
vn 0.504970 0.493152 -0.708383
vn 0.302767 0.323668 -0.896421
vn 0.821113 0.445998 -0.356174
vn 0.803216 0.587199 -0.100206
vn 0.814550 0.288865 0.503056
vn 0.877063 0.329090 0.349943
vn 0.479915 0.098212 0.871800
vn 0.599037 -0.134691 0.789312
vn -0.004806 -0.687735 0.725946
vn -0.416612 -0.209578 0.884597
vn 0.206076 -0.061949 -0.976573
vn 0.649318 -0.281001 -0.706700
vn 0.837354 -0.254452 -0.483831
vn 0.940675 -0.161464 0.298428
vn 0.561326 -0.038042 0.826720
vn -0.283641 0.211481 0.935320
vn -0.820625 0.360408 0.443487
vn -0.872679 0.387223 -0.297473
vn -0.449406 0.202781 -0.870008
vn -0.887808 -0.314242 0.336226
vn -0.880205 -0.216494 0.422339
vn -0.922767 -0.222448 -0.314673
vn -0.875778 -0.384451 -0.291910
vn -0.512522 -0.300110 -0.804522
vn -0.457662 -0.071050 -0.886283
vn 0.269592 0.150033 -0.951215
vn 0.321490 -0.033562 -0.946318
vn 0.940544 0.094238 -0.326336
vn 0.825373 0.296866 -0.480239
vn 0.919818 0.267675 0.286855
vn 0.947656 0.119446 0.296109
vn 0.593723 0.086387 0.800019
vn 0.501012 0.136930 0.854539
vn -0.293239 -0.077320 0.952908
vn -0.292331 -0.052824 0.954857
vn 0.349750 -0.424381 -0.835210
vn 0.267118 -0.208471 -0.940844
vn 0.843152 -0.269962 -0.464989
vn 0.811672 -0.422616 -0.403218
vn 0.949233 -0.251229 0.189318
vn 0.953134 -0.143119 0.266556
vn 0.475628 0.087315 0.875302
vn 0.480644 0.105819 0.870508
vn -0.424787 0.213177 0.879836
vn -0.316095 0.266955 0.910395
vn -0.854353 0.294204 0.428399
vn -0.871747 0.161518 0.462568
vn -0.989611 0.035258 -0.139379
vn -0.914336 0.208126 -0.347380
vn -0.458194 -0.001192 -0.888852
vn -0.502715 -0.189374 -0.843454
vn -0.610070 -0.792317 -0.006998
vn -0.610070 -0.792317 -0.006998
vn -0.610070 -0.792317 -0.006998
vn -0.610070 -0.792317 -0.006998
vn 0.903393 -0.410846 -0.122830
vn 0.903393 -0.410846 -0.122830
vn 0.961084 -0.243946 -0.129648
vn 0.656255 0.271104 -0.704154
vn 0.047480 0.937395 -0.345016
vn 0.082071 0.656864 -0.749530
vn -0.577650 0.356774 -0.734189
vn -0.505735 0.312167 0.804228
vn -0.988104 -0.094960 -0.120970
vn -0.811085 -0.400183 0.426607
vn -0.748236 -0.593466 0.296549
vn -0.107105 -0.856195 0.505429
vn -0.119602 -0.725449 0.677804
vn 0.652165 -0.534931 0.537149
vn 0.597878 -0.712577 0.367119
vn 0.956831 -0.289378 -0.027117
vn 0.980748 -0.038974 0.191352
vn 0.777370 0.500145 -0.381513
vn 0.741666 0.342186 -0.576924
vn 0.111223 0.609383 -0.785037
vn 0.120103 0.699077 -0.704887
vn -0.592952 0.634062 -0.496361
vn -0.585328 0.469141 -0.661285
vn -0.984780 -0.100574 -0.141753
vn -0.987459 0.154761 0.031197
vn -0.745701 0.437023 -0.502933
vn -0.999967 0.005225 -0.006229
vn -0.998592 0.049725 0.018465
vn -0.267948 0.893617 -0.360073
vn -0.303117 0.594852 -0.744494
vn -0.136199 0.596348 -0.791087
vn -0.067301 0.914910 -0.398007
vn -0.027693 0.912342 -0.408492
vn -0.099901 0.643608 -0.758807
vn -0.060966 0.617185 -0.784452
vn 0.021694 0.922999 -0.384191
vn 0.233415 0.891096 -0.389185
vn 0.115259 0.598350 -0.792902
vn 0.897364 -0.421677 0.130101
vn 0.855699 -0.438890 0.274143
vn 0.946758 -0.132815 -0.293274
vn 0.958291 -0.006950 -0.285711
vn 0.293915 -0.939380 0.176575
vn 0.254553 -0.661899 0.705048
vn 0.488925 -0.655779 0.575244
vn 0.553122 -0.761023 0.338969
vn -0.173919 -0.960823 0.215805
vn -0.062618 -0.586672 0.807400
vn 0.106256 -0.606868 0.787668
vn 0.062061 -0.985708 0.156612
vn -0.836401 -0.354638 0.417930
vn -0.790299 -0.287885 0.540879
vn -0.342359 -0.539391 0.769317
vn -0.442425 -0.710703 0.546956
vn -0.167795 -0.799547 0.576689
vn -0.316137 -0.695446 0.645300
vn -0.928159 -0.117749 0.353066
vn -0.148876 -0.731704 -0.665165
vn 0.198385 -0.925888 0.321521
vn 0.036707 -0.869590 0.492408
vn 0.137341 0.990519 0.003210
vn 0.137341 0.990519 0.003210
vn 0.837891 -0.513104 0.186184
vn 0.240646 -0.932218 0.270293
vn -0.196240 -0.450929 0.870720
vn -0.055260 -0.658198 0.750814
vn 0.436520 -0.295847 0.849661
vn 0.611305 0.395976 0.685208
vn 0.589839 0.774335 0.229119
vn 0.092112 0.985831 0.140188
vn -0.425173 0.890395 0.162553
vn 0.870292 0.492031 0.022312
vn 0.706225 0.626700 -0.329384
vn 0.022468 -0.632937 -0.773877
vn 0.150190 -0.527907 -0.835917
vn 0.126188 -0.518640 -0.845629
vn -0.203984 -0.355924 -0.911981
vn -0.203984 -0.355924 -0.911981
vn -0.290614 -0.715486 -0.635314
vn -0.627171 -0.776337 0.062906
vn -0.045221 -0.730675 -0.681226
vn -0.303071 -0.634584 -0.710951
vn 0.499311 0.059981 -0.864344
vn 0.400706 -0.170484 -0.900205
vn 0.030910 -0.603918 -0.796447
vn 0.030910 -0.603918 -0.796447
vn -0.317560 -0.678130 -0.662794
vn -0.302727 -0.676891 -0.670950
vn 0.044825 -0.981180 -0.187820
vn 0.011845 -0.991762 -0.127544
vn -0.060253 -0.997977 -0.020301
vn -0.032978 -0.983136 -0.179879
vn -0.004307 -0.992730 -0.120286
vn 0.044612 -0.998988 -0.005719
vn 0.839742 -0.334990 -0.427336
vn 0.839742 -0.334990 -0.427336
vn 0.839742 -0.334990 -0.427336
vn 0.839742 -0.334990 -0.427336
vn 0.910958 -0.171780 -0.375030
vn 0.967140 0.031016 0.252344
vn 0.370439 -0.925767 0.075702
vn 0.370439 -0.925767 0.075702
vn 0.370441 -0.925766 0.075703
vn 0.370441 -0.925766 0.075703
vn 0.370443 -0.925765 0.075703
vn 0.370443 -0.925765 0.075703
vn 0.370443 -0.925765 0.075704
vn 0.370443 -0.925765 0.075704
vn -0.976169 0.206072 -0.068041
vn -0.976169 0.206072 -0.068041
vn -0.976169 0.206072 -0.068041
vn -0.976169 0.206072 -0.068041
vn -0.975631 0.024316 -0.218066
vn -0.944013 0.099239 0.314628
vn -0.311380 -0.902745 0.296807
vn -0.311380 -0.902745 0.296807
vn -0.311381 -0.902744 0.296807
vn -0.311381 -0.902744 0.296807
vn -0.311381 -0.902744 0.296808
vn -0.311381 -0.902744 0.296808
vn -0.311380 -0.902745 0.296807
vn -0.311380 -0.902745 0.296807
vn 0.474943 -0.749278 -0.461531
vn 0.519368 -0.772285 -0.365833
vn 0.563105 -0.787636 -0.250085
vn 0.284257 -0.878707 -0.383500
vn 0.002585 -0.882169 -0.470927
vn 0.774129 0.286861 0.564301
vn 0.778828 0.339316 0.527533
vn 0.778828 0.339317 0.527533
vn 0.956834 -0.113903 0.267385
vn 0.956834 -0.113903 0.267385
vn -0.477134 0.817644 0.322181
vn -0.612941 0.718700 0.328290
vn -0.705068 0.629398 0.326708
vn -0.339023 0.771358 0.538582
vn 0.143188 0.748809 0.647134
vn -0.845737 -0.332895 -0.417024
vn -0.845737 -0.332895 -0.417024
vn -0.837819 -0.348963 -0.419861
vn -0.836883 -0.350821 -0.420181
vn -0.828529 -0.367005 -0.422904
vn -0.828529 -0.367005 -0.422904
vn -0.972689 -0.022718 -0.230999
vn -0.972689 -0.022718 -0.230999
vn 0.108799 -0.917020 -0.383715
vn 0.111373 -0.944654 -0.308586
vn 0.113329 -0.967418 -0.226403
vn -0.173297 -0.974044 -0.145623
vn -0.464271 -0.884583 -0.044334
vn 0.972402 0.100823 -0.210404
vn 0.972402 0.100823 -0.210404
vn 0.975332 0.063709 -0.211351
vn 0.974833 0.071442 -0.211178
vn 0.976569 0.037935 -0.211836
vn 0.976569 0.037935 -0.211836
vn 0.901633 -0.326700 -0.283417
vn 0.901633 -0.326700 -0.283417
vn -0.224583 0.893350 0.389215
vn 0.209809 0.937438 0.277832
vn 0.572973 0.809951 0.125222
vn -0.916574 -0.223736 0.331413
vn -0.924189 -0.204111 0.322820
vn -0.947038 -0.134725 0.291493
vn -0.947038 -0.134725 0.291493
vn -0.847706 0.338367 0.408536
vn -0.847706 0.338367 0.408536
vn 0.799690 0.575182 -0.172228
vn 0.199354 0.796900 -0.570271
vn -0.530397 0.548033 -0.646791
vn 0.741869 -0.536804 0.401836
vn 0.969690 0.089233 0.227463
vn -0.914682 -0.359876 -0.183974
vn -0.107528 -0.966430 0.233345
vn -0.897015 0.094495 -0.431780
vn 0.463750 0.369780 -0.805108
vn -0.359059 0.564032 -0.743602
vn -0.925642 0.341833 -0.162288
vn 0.943395 -0.315848 -0.101222
vn 0.871854 0.031575 -0.488747
vn -0.680381 -0.339840 0.649300
vn 0.292210 -0.709875 0.640851
vn -0.939331 0.000696 0.343012
vn 0.757655 0.461574 -0.461420
vn 0.757655 0.461574 -0.461420
vn 0.834432 0.070233 -0.546617
vn 0.834432 0.070233 -0.546617
vn 0.488032 0.116404 -0.865029
vn 0.474573 0.117499 -0.872339
vn -0.001192 0.136839 -0.990593
vn -0.001192 0.136839 -0.990593
vn 0.681859 0.492404 0.540931
vn 0.681859 0.492404 0.540931
vn 0.681859 0.492404 0.540931
vn 0.681859 0.492404 0.540931
vn 0.867949 -0.085303 0.489274
vn 0.867949 -0.085303 0.489274
vn 0.969585 -0.055076 0.238479
vn 0.969585 -0.055076 0.238479
vn 0.969585 -0.055076 0.238479
vn 0.969585 -0.055076 0.238479
vn -0.066781 0.992468 0.102697
vn -0.066781 0.992468 0.102697
vn -0.540410 -0.312104 0.781376
vn -0.540410 -0.312104 0.781376
vn -0.501626 -0.316069 0.805277
vn -0.501640 -0.316068 0.805269
vn -0.461846 -0.319370 0.827467
vn -0.461846 -0.319370 0.827467
vn -0.752235 0.375735 -0.541263
vn -0.752235 0.375735 -0.541263
vn -0.752235 0.375735 -0.541263
vn -0.752235 0.375735 -0.541263
vn -0.736756 0.091367 -0.669958
vn -0.736756 0.091367 -0.669958
vn -0.736756 0.091367 -0.669958
vn -0.736756 0.091367 -0.669958
vn -0.866528 0.089799 -0.490984
vn -0.860632 0.086722 -0.501788
vn -0.860961 0.086892 -0.501195
vn -0.866528 0.089799 -0.490984
vn 0.062161 0.466923 -0.882111
vn 0.062161 0.466923 -0.882111
vn 0.042487 0.096829 -0.994394
vn 0.042487 0.096829 -0.994394
vn -0.419846 0.094571 -0.902655
vn -0.420801 0.094541 -0.902213
vn -0.784897 0.071742 -0.615459
vn -0.784897 0.071742 -0.615459
vn 0.785310 0.577743 -0.222488
vn 0.785310 0.577743 -0.222488
vn 0.785310 0.577743 -0.222488
vn 0.785310 0.577743 -0.222488
vn 0.908164 0.031574 -0.417423
vn 0.908164 0.031574 -0.417423
vn 0.793873 0.042651 -0.606586
vn 0.793873 0.042651 -0.606586
vn 0.793873 0.042651 -0.606586
vn 0.793873 0.042651 -0.606586
vn -0.055898 0.982352 0.178493
vn -0.055898 0.982352 0.178493
vn 0.362170 -0.340451 0.867713
vn 0.362170 -0.340451 0.867713
vn 0.404627 -0.338269 0.849618
vn 0.404952 -0.338250 0.849471
vn 0.446653 -0.335331 0.829491
vn 0.446653 -0.335331 0.829491
vn -0.918313 0.290822 0.268560
vn -0.918313 0.290822 0.268560
vn -0.918313 0.290822 0.268560
vn -0.918312 0.290822 0.268560
vn -0.977285 -0.015971 0.211325
vn -0.977285 -0.015971 0.211325
vn -0.977285 -0.015971 0.211325
vn -0.977285 -0.015971 0.211325
vn -0.908226 -0.031711 0.417277
vn -0.908378 -0.032446 0.416889
vn -0.908369 -0.032403 0.416912
vn -0.908226 -0.031711 0.417277
vn 0.159323 0.986333 -0.041985
vn 0.159323 0.986333 -0.041985
vn 0.056585 0.990790 -0.123015
vn 0.056585 0.990790 -0.123015
vn 0.139996 0.987283 -0.075321
vn 0.140255 0.987258 -0.075171
vn 0.222387 0.974591 -0.026767
vn 0.222387 0.974591 -0.026767
vn -0.854450 0.083556 -0.512771
vn -0.854450 0.083556 -0.512771
vn -0.919826 -0.131838 -0.369512
vn -0.919826 -0.131838 -0.369512
vn -0.919826 -0.131838 -0.369512
vn -0.919826 -0.131838 -0.369512
vn -0.628073 0.611014 -0.481857
vn -0.628073 0.611014 -0.481857
vn -0.628073 0.611014 -0.481857
vn -0.628073 0.611014 -0.481857
vn -0.118074 -0.991255 0.058918
vn -0.123103 -0.963960 0.235854
vn -0.123103 -0.963960 0.235854
vn -0.203420 -0.960457 0.190114
vn -0.203076 -0.960490 0.190316
vn -0.281865 -0.948763 0.142830
vn -0.281865 -0.948763 0.142830
vn 0.859887 0.337607 0.382904
vn 0.859887 0.337607 0.382904
vn 0.859887 0.337607 0.382904
vn 0.859887 0.337607 0.382904
vn 0.803498 0.476836 0.356397
vn 0.803498 0.476836 0.356397
vn 0.803498 0.476836 0.356397
vn 0.803498 0.476836 0.356397
vn 0.740650 -0.291434 0.605396
vn 0.740650 -0.291434 0.605396
vn 0.740650 -0.291434 0.605396
vn 0.740650 -0.291434 0.605396
vn -0.037308 0.995899 -0.082426
vn -0.037308 0.995899 -0.082426
vn -0.166991 0.985072 -0.041805
vn -0.166991 0.985072 -0.041805
vn -0.080500 0.993292 -0.083005
vn -0.080050 0.993311 -0.083216
vn 0.006810 0.992325 -0.123471
vn 0.006810 0.992325 -0.123471
vn -0.908541 -0.033235 0.416473
vn -0.908541 -0.033235 0.416473
vn -0.812592 -0.248907 0.527010
vn -0.812592 -0.248907 0.527010
vn -0.812592 -0.248907 0.527010
vn -0.812592 -0.248907 0.527010
vn -0.808077 0.520613 0.275633
vn -0.808077 0.520613 0.275633
vn -0.808077 0.520613 0.275633
vn -0.808077 0.520613 0.275633
vn 0.078743 -0.993657 0.080280
vn 0.219991 -0.960524 0.170286
vn 0.219991 -0.960524 0.170286
vn 0.135897 -0.968634 0.208041
vn 0.135656 -0.968645 0.208146
vn 0.050594 -0.968446 0.244032
vn 0.050594 -0.968446 0.244032
vn 0.762701 0.442065 -0.472086
vn 0.762701 0.442065 -0.472086
vn 0.762701 0.442065 -0.472086
vn 0.762701 0.442065 -0.472086
vn 0.702784 0.576337 -0.417051
vn 0.702784 0.576337 -0.417051
vn 0.702784 0.576337 -0.417051
vn 0.702784 0.576337 -0.417051
vn 0.944388 -0.181000 -0.274536
vn 0.944388 -0.181000 -0.274536
vn 0.944388 -0.181000 -0.274536
vn 0.944388 -0.181000 -0.274536
vn -0.538924 -0.348934 -0.766685
vn -0.852168 -0.441138 -0.281438
vn -0.880663 -0.362635 0.304842
vn 0.945890 0.097106 -0.309618
vn 0.302167 -0.025229 -0.952921
vn 0.585352 0.079620 0.806860
vn 0.948998 0.099875 0.299045
vn -0.309545 -0.062323 0.948840
vn 0.937654 -0.304294 0.167957
vn 0.792718 -0.477143 -0.379384
vn 0.385133 -0.467299 -0.795804
vn -0.413909 0.208538 0.886110
vn 0.497284 0.095522 0.862313
vn -0.992397 0.040285 -0.116298
vn -0.871300 0.144051 0.469134
vn -0.485572 -0.185395 -0.854312
vn 0.503879 -0.863728 0.008986
vn 0.503879 -0.863728 0.008986
vn 0.503879 -0.863728 0.008986
vn 0.503879 -0.863728 0.008986
vn 0.622926 -0.782240 0.008042
vn -0.074831 -0.973807 0.214708
vn -0.744904 -0.666990 -0.015583
vn 0.730548 -0.531097 -0.429227
vn -0.948021 -0.293704 -0.122450
vn -0.948021 -0.293704 -0.122450
vn -0.795830 -0.410534 -0.445103
vn 0.582406 0.414243 -0.699433
vn -0.314703 -0.002003 0.949188
vn -0.790025 -0.231715 0.567599
vn -0.790025 -0.231715 0.567599
vn -0.313952 -0.001684 0.949437
vn -0.912655 -0.371002 -0.171520
vn -0.912655 -0.371002 -0.171520
vn -0.912655 -0.371002 -0.171520
vn -0.912655 -0.371002 -0.171520
vn -0.840525 -0.362372 -0.402746
vn -0.840525 -0.362372 -0.402747
vn -0.840525 -0.362371 -0.402746
vn -0.840525 -0.362372 -0.402746
vn -0.213619 -0.133513 -0.967751
vn 0.286541 0.071448 -0.955400
vn 0.286573 0.071462 -0.955389
vn -0.213619 -0.133513 -0.967751
vn 0.603754 0.209967 -0.769022
vn 0.603754 0.209967 -0.769022
vn 0.876645 0.393174 0.277322
vn 0.876645 0.393174 0.277322
vn 0.876645 0.393174 0.277322
vn 0.876645 0.393174 0.277322
vn 0.868116 0.392124 0.304324
vn 0.868116 0.392124 0.304324
vn 0.868116 0.392124 0.304324
vn 0.868116 0.392124 0.304324
vn 0.138913 0.174932 0.974732
vn 0.138913 0.174932 0.974732
vn -0.478838 -0.086271 -0.873654
vn 0.015631 -0.288278 -0.957419
vn 0.015631 -0.288278 -0.957419
vn -0.478868 -0.086256 -0.873639
vn 0.753334 -0.419335 -0.506602
vn 0.753334 -0.419335 -0.506603
vn 0.753334 -0.419335 -0.506602
vn 0.753334 -0.419335 -0.506602
vn 0.871615 -0.389893 -0.297104
vn 0.871615 -0.389893 -0.297104
vn 0.871615 -0.389893 -0.297104
vn 0.871615 -0.389893 -0.297104
vn 0.897870 -0.132729 0.419777
vn 0.502421 0.153912 0.850814
vn 0.501729 0.154261 0.851159
vn 0.897870 -0.132729 0.419777
vn 0.057246 0.330619 0.942026
vn 0.057246 0.330619 0.942026
vn -0.801634 0.432550 0.412654
vn -0.801634 0.432550 0.412654
vn -0.801634 0.432550 0.412654
vn -0.801634 0.432550 0.412654
vn -0.815550 0.429153 0.388208
vn -0.815550 0.429153 0.388208
vn -0.815550 0.429153 0.388208
vn -0.815550 0.429153 0.388208
vn -0.756163 0.079318 -0.649558
vn -0.756163 0.079318 -0.649558
s 1
g pCube1
usemtl pCube1SG
f 101/1/1 1/2/2 98/3/3 97/4/4
f 99/5/5 2/6/6 103/7/7 102/8/8
f 104/9/9 3/10/10 107/11/11 106/12/12
s 3
f 114/13/13 5/14/14 111/15/15 110/16/16
f 112/17/17 6/18/18 116/19/19 115/20/20
f 117/21/21 7/22/22 120/23/23 119/24/24
f 126/25/25 9/26/26 113/27/27 123/28/28
f 124/29/29 10/30/30 118/31/31 127/32/32
f 128/33/33 11/34/34 122/35/35 130/36/36
f 136/424/37 13/38/38 125/39/39 133/474/40
f 141/401/41 85/42/42 138/43/43 137/473/44
f 145/413/45 15/477/46 132/47/47 142/472/48
f 149/49/49 17/50/50 135/51/51 146/52/52
f 147/53/53 18/54/54 151/470/55 150/56/56
f 152/57/57 19/58/58 144/59/59 154/60/60
f 160/61/61 21/62/62 148/63/63 157/64/64
f 158/65/65 22/66/66 153/67/67 161/68/68
f 162/69/69 23/70/70 156/71/71 164/72/72
f 171/73/73 90/74/74 168/75/75 167/76/76
f 169/77/77 91/78/78 173/79/79 172/80/80
f 174/81/81 92/82/82 177/83/83 176/84/84
s 10
f 184/85/85 49/86/86 181/87/87 180/88/88
s 1
f 187/464/89 30/90/90 175/91/91 185/469/92
s 12
f 192/93/93 53/94/94 189/95/95 188/96/96
s off
f 108/97/97 4/98/98 194/99/99 193/100/100
s 3
f 121/101/101 8/102/102 197/103/103 196/104/104
s 13
f 378/105/105 377/106/106 379/107/107 380/108/108
s off
f 171/73/109 29/109/110 204/110/111 203/111/112
s 3
f 160/61/61 25/112/113 207/113/114 206/114/115
s 14
f 386/501/116 387/116/117 388/117/118 389/118/119
s 15
f 216/119/120 29/109/121 170/120/122 213/121/123
s 1
f 214/122/124 30/90/90 187/464/89 217/123/125
f 218/124/126 2/6/6 98/3/127 220/125/128
s 17
f 221/126/129 1/2/130 204/462/131 223/127/132
s 18
f 228/128/133 31/129/134 179/130/135 225/131/136
s 19
f 226/132/137 32/133/138 194/460/139 229/134/140
s 1
f 230/135/141 4/98/142 107/11/143 232/136/144
f 233/137/145 3/10/10 186/458/146 235/139/147
s 21
f 240/140/148 33/141/149 215/142/150 237/143/151
f 238/144/152 34/145/153 219/454/154 241/147/155
f 242/148/156 35/149/157 222/150/158 244/151/159
f 245/152/160 36/153/161 224/447/162 247/155/163
s 22
f 252/156/164 37/157/165 227/158/166 249/159/167
f 250/160/168 38/161/169 231/441/170 253/163/171
f 254/164/172 39/165/173 234/166/174 256/167/175
f 257/168/176 40/169/177 236/434/178 259/171/179
s 23
f 263/524/180 41/479/181 239/174/182 261/528/183
s off
f 262/176/184 42/177/185 243/178/186 264/527/187
s 24
f 270/511/188 58/181/189 267/182/190 266/525/191
s off
f 272/516/192 44/448/193 248/186/194 271/523/195
s 25
f 275/518/196 45/478/197 251/190/198 273/522/199
s off
f 274/192/200 46/193/201 255/194/202 276/521/203
s 26
f 282/505/204 62/197/205 279/198/206 278/519/207
s off
f 284/510/208 48/435/209 260/202/210 283/517/211
s 27
f 287/204/212 43/450/213 246/206/214 285/207/215
s off
f 286/208/216 44/448/217 272/516/218 288/209/219
s 10
f 289/210/220 52/211/221 183/212/222 290/213/223
s 28
f 291/214/224 51/215/225 265/513/226 292/217/227
s 29
f 295/218/228 47/437/229 258/220/230 293/221/231
s off
f 294/222/232 48/435/233 284/510/234 296/223/235
s 12
f 297/224/236 56/225/237 191/226/238 298/227/239
s 30
f 299/228/240 55/229/241 277/507/242 300/231/243
s 3
f 304/232/244 12/233/245 198/430/246 301/235/247
f 302/236/248 24/237/249 155/238/250 305/239/251
f 306/240/252 20/241/253 143/428/254 308/243/255
f 309/244/256 16/245/257 131/246/258 311/247/259
f 316/248/260 21/62/62 208/426/261 313/250/262
f 314/251/263 9/26/26 126/25/25 317/252/264
f 318/253/265 13/38/38 136/424/37 320/254/266
f 321/255/267 17/50/50 149/49/49 323/256/268
f 327/257/269 66/258/270 303/422/271 325/260/272
f 326/261/273 65/262/274 307/263/275 328/264/276
f 329/265/277 67/266/278 310/420/279 330/268/280
f 331/269/281 68/270/282 312/271/283 332/272/284
f 335/273/285 69/274/286 315/418/287 333/276/288
f 334/277/289 70/278/290 319/279/291 336/280/292
f 337/281/293 71/282/294 322/416/295 338/284/296
f 339/285/297 72/286/298 324/287/299 340/288/300
s off
f 344/289/301 14/480/302 129/291/303 341/292/304
s 3
f 342/293/305 15/46/306 145/414/45 345/294/307
f 346/295/308 19/471/58 151/55/309 348/296/310
f 349/297/311 18/475/54 134/410/312 351/299/313
f 355/300/314 81/301/315 343/302/316 353/303/317
f 354/304/318 82/305/319 347/406/320 356/307/321
f 357/308/322 83/309/323 350/310/324 358/311/325
f 359/312/326 84/313/327 352/403/328 360/315/329
f 363/316/330 90/74/74 205/400/331 361/318/332
f 363/316/330 25/112/113 159/319/333 364/320/334
f 365/321/335 26/322/336 163/323/337 366/324/338
f 367/325/339 27/326/340 166/327/341 368/328/342
f 371/329/343 94/330/344 195/397/345 370/332/346
f 373/333/347 95/334/348 109/335/349 372/336/350
f 375/337/351 96/338/352 105/339/353 374/340/354
f 362/341/355 89/342/356 100/343/357 376/344/358
s 1
f 98/3/3 2/6/6 99/5/5 97/4/4
s 3
f 99/5/359 96/338/352 100/343/357 97/4/360
f 100/343/357 89/342/356 101/1/361 97/4/360
s 1
f 103/7/7 3/10/10 104/9/9 102/8/362
s 3
f 104/9/363 95/334/348 105/339/353 102/8/364
f 105/339/353 96/338/352 99/5/359 102/8/364
s 1
f 107/11/11 4/98/365 108/97/366 106/12/12
s 3
f 108/97/367 94/330/344 109/335/349 106/12/368
f 109/335/349 95/334/348 104/9/363 106/12/368
f 111/15/15 6/18/18 112/17/17 110/16/16
f 112/17/17 10/30/30 113/27/27 110/16/16
f 113/27/27 9/26/26 114/13/13 110/16/16
f 116/19/19 7/22/22 117/21/21 115/20/20
f 117/21/21 11/34/34 118/31/31 115/20/20
f 118/31/31 10/30/30 112/17/17 115/20/20
f 120/23/23 8/102/102 121/101/101 119/24/24
f 121/101/101 12/233/245 122/35/35 119/24/24
f 122/35/35 11/34/34 117/21/21 119/24/24
f 113/27/27 10/30/30 124/29/29 123/28/28
f 124/29/29 14/290/369 125/39/39 123/28/28
f 125/39/39 13/38/38 126/25/25 123/28/28
f 118/31/31 11/34/34 128/33/33 127/32/32
f 128/33/33 15/477/46 129/476/370 127/32/32
f 129/476/370 14/290/369 124/29/29 127/32/32
f 122/35/35 12/233/245 131/246/258 130/36/36
f 131/246/258 16/245/257 132/47/47 130/36/36
f 132/47/47 15/477/46 128/33/33 130/36/36
f 125/39/39 14/290/369 134/408/312 133/474/40
f 134/409/312 18/54/54 135/51/51 133/40/40
f 135/51/51 17/50/50 136/37/37 133/40/40
f 138/43/43 86/345/371 139/346/372 137/473/44
f 139/404/372 87/347/373 140/348/374 137/44/44
f 140/348/374 88/349/375 141/41/41 137/44/44
f 132/47/47 16/245/257 143/242/254 142/472/48
f 143/428/254 20/241/253 144/59/59 142/48/48
f 144/59/59 19/58/58 145/412/45 142/48/48
f 135/51/51 18/54/54 147/53/53 146/52/52
f 147/53/53 22/66/66 148/63/63 146/52/52
f 148/63/63 21/62/62 149/49/49 146/52/52
f 151/470/55 19/58/58 152/57/57 150/56/56
f 152/57/57 23/70/70 153/67/67 150/56/56
f 153/67/67 22/66/66 147/53/53 150/56/56
f 144/59/59 20/241/253 155/238/250 154/60/60
f 155/238/250 24/237/249 156/71/71 154/60/60
f 156/71/71 23/70/70 152/57/57 154/60/60
f 148/63/63 22/66/66 158/65/65 157/64/64
f 158/65/65 26/322/336 159/319/333 157/64/64
f 159/319/333 25/112/113 160/61/61 157/64/64
f 153/67/67 23/70/70 162/69/69 161/68/68
f 162/69/69 27/326/340 163/323/337 161/68/68
f 163/323/337 26/322/336 158/65/65 161/68/68
f 156/71/71 24/237/249 165/350/376 164/72/72
f 165/350/376 28/351/377 166/327/341 164/72/72
f 166/327/341 27/326/340 162/69/69 164/72/72
f 168/75/75 91/78/78 169/77/77 167/76/76
s 1
f 169/77/378 30/90/90 170/120/379 167/76/380
f 170/120/379 29/109/381 171/73/382 167/76/380
s 3
f 173/79/79 92/82/82 174/81/81 172/80/80
s 1
f 174/81/383 31/129/384 175/91/91 172/80/385
f 175/91/91 30/90/90 169/77/378 172/80/386
s 3
f 177/83/83 93/352/387 178/353/388 176/84/84
s 1
f 178/353/389 32/133/390 179/130/391 176/84/392
f 179/130/391 31/129/384 174/81/383 176/84/392
s 10
f 181/87/87 50/354/393 182/355/394 180/88/88
f 182/355/394 51/215/395 183/212/222 180/88/88
f 183/212/222 52/211/221 184/85/85 180/88/88
s 1
f 175/91/91 31/129/384 186/138/146 185/469/92
f 186/458/146 3/10/10 103/7/7 185/92/92
f 103/7/7 2/6/6 187/89/89 185/92/92
s 12
f 189/95/95 54/356/396 190/357/397 188/96/96
f 190/357/397 55/229/398 191/226/238 188/96/96
f 191/226/238 56/225/237 192/93/93 188/96/96
s off
f 194/460/399 32/133/400 178/353/401 193/468/402
s 3
f 178/353/388 93/352/387 195/331/345 193/468/403
f 195/397/345 94/330/344 108/97/367 193/100/403
f 197/395/103 28/351/377 165/350/376 196/467/104
f 165/350/376 24/237/249 198/234/404 196/467/104
f 198/430/404 12/233/245 121/101/101 196/104/104
s 41
f 379/107/405 381/358/406 382/503/407 380/108/408
f 382/359/407 383/360/409 384/361/410 380/108/408
s 13
f 384/361/411 385/362/412 378/105/105 380/108/108
s off
f 204/462/413 1/2/414 101/1/415 203/466/416
s 3
f 101/1/361 89/342/356 205/317/331 203/466/417
f 205/400/331 90/74/74 171/73/73 203/111/417
f 207/398/114 5/14/14 114/13/13 206/465/115
f 114/13/13 9/26/26 208/249/418 206/465/115
f 208/426/418 21/62/62 160/61/61 206/114/115
s 42
f 388/117/419 390/363/420 391/364/421 389/118/422
f 391/364/421 392/365/423 393/366/424 389/118/422
s 14
f 393/366/425 394/367/426 386/115/116 389/118/119
s 15
f 170/120/122 30/90/427 214/122/428 213/121/123
f 214/122/428 34/145/429 215/142/430 213/121/123
f 215/142/430 33/141/431 216/119/120 213/121/123
s 1
f 187/89/89 2/6/6 218/124/126 217/463/432
f 218/124/126 35/149/433 219/146/434 217/463/432
f 219/454/435 34/145/436 214/122/124 217/123/125
f 98/3/127 1/2/437 221/126/438 220/125/128
f 221/126/438 36/153/439 222/150/440 220/125/128
f 222/150/440 35/149/441 218/124/126 220/125/128
s 43
f 204/110/442 29/109/443 216/119/444 223/461/445
f 216/119/444 33/141/446 224/154/447 223/461/445
s 17
f 224/447/448 36/153/449 221/126/129 223/127/132
s 18
f 179/130/135 32/133/450 226/132/451 225/131/136
f 226/132/451 38/161/452 227/158/453 225/131/136
f 227/158/453 37/157/454 228/128/133 225/131/136
s 44
f 194/99/455 4/98/456 230/135/457 229/459/458
f 230/135/457 39/165/459 231/162/460 229/459/458
s 19
f 231/441/461 38/161/462 226/132/137 229/134/140
s 1
f 107/11/143 3/10/10 233/137/145 232/136/144
f 233/137/145 40/169/463 234/166/464 232/136/144
f 234/166/464 39/165/465 230/135/141 232/136/144
f 186/138/146 31/129/384 228/128/466 235/457/467
f 228/128/466 37/157/468 236/170/469 235/457/467
f 236/434/470 40/169/471 233/137/145 235/139/147
s 21
f 215/142/150 34/145/153 238/144/152 237/143/151
f 238/144/152 42/456/472 239/455/473 237/143/151
f 239/455/473 41/173/474 240/140/148 237/143/151
f 219/146/154 35/149/157 242/148/156 241/453/155
f 242/148/156 43/205/475 243/451/476 241/453/155
f 243/452/476 42/456/472 238/144/152 241/147/155
f 222/150/158 36/153/161 245/152/160 244/151/159
f 245/152/160 44/185/477 246/449/478 244/151/159
f 246/449/478 43/205/475 242/148/156 244/151/159
f 224/154/162 33/141/149 240/140/148 247/446/163
f 240/140/148 41/173/474 248/444/479 247/446/163
f 248/445/479 44/185/477 245/152/160 247/155/163
s 22
f 227/158/166 38/161/169 250/160/168 249/159/167
f 250/160/168 46/443/480 251/442/481 249/159/167
f 251/442/481 45/189/482 252/156/164 249/159/167
f 231/162/170 39/165/173 254/164/172 253/440/171
f 254/164/172 47/219/483 255/438/484 253/440/171
f 255/439/484 46/443/480 250/160/168 253/163/171
f 234/166/174 40/169/177 257/168/176 256/167/175
f 257/168/176 48/201/485 258/436/486 256/167/175
f 258/436/486 47/219/483 254/164/172 256/167/175
f 236/170/178 37/157/165 252/156/164 259/433/179
f 252/156/164 45/189/482 260/431/487 259/433/179
f 260/432/487 48/201/485 257/168/176 259/171/179
s 23
f 239/174/182 42/177/488 262/176/489 261/528/183
s 45
f 262/526/490 50/354/491 181/87/492 261/175/493
f 181/87/492 49/86/494 263/172/495 261/175/493
s off
f 243/178/496 43/450/497 265/216/498 264/527/499
s 28
f 265/513/226 51/215/225 182/355/500 264/179/501
s off
f 182/355/502 50/354/503 262/526/504 264/179/505
s 24
f 267/182/190 57/368/506 268/369/507 266/525/191
s 46
f 268/514/508 59/370/509 269/371/510 266/183/511
f 269/371/510 60/372/512 270/180/513 266/183/511
s off
f 248/186/514 41/479/515 263/524/516 271/523/517
f 263/172/518 49/86/519 184/85/520 271/187/521
s 47
f 184/85/522 52/211/523 272/184/524 271/187/525
s 25
f 251/190/198 46/193/526 274/192/527 273/522/199
s 48
f 274/520/528 54/356/529 189/95/530 273/191/531
f 189/95/530 53/94/532 275/188/533 273/191/531
s off
f 255/194/534 47/437/535 277/230/536 276/521/537
s 30
f 277/507/242 55/229/241 190/357/538 276/195/539
s off
f 190/357/540 54/356/541 274/520/542 276/195/543
s 26
f 279/198/206 61/373/544 280/374/545 278/519/207
s 49
f 280/508/546 63/375/547 281/376/548 278/199/549
f 281/376/548 64/377/550 282/196/551 278/199/549
s off
f 260/202/552 45/478/553 275/518/554 283/517/555
f 275/188/556 53/94/557 192/93/558 283/203/559
s 50
f 192/93/560 56/225/561 284/200/562 283/203/563
s 27
f 246/206/214 44/448/564 286/208/565 285/207/215
s 51
f 286/208/566 57/368/567 267/182/568 285/207/569
f 267/182/568 58/181/570 287/204/571 285/207/569
s 47
f 272/184/524 52/211/523 289/210/572 288/515/573
s off
f 289/210/574 59/370/575 268/514/576 288/515/577
f 268/369/578 57/368/579 286/208/580 288/209/581
s 10
f 183/212/222 51/215/395 291/214/582 290/213/223
s 52
f 291/214/583 60/372/584 269/371/585 290/213/586
f 269/371/585 59/370/587 289/210/588 290/213/586
s off
f 265/216/589 43/450/590 287/204/591 292/512/592
f 287/204/593 58/181/594 270/511/595 292/512/596
f 270/180/597 60/372/598 291/214/599 292/217/600
s 29
f 258/220/230 48/435/601 294/222/602 293/221/231
s 53
f 294/222/603 61/373/604 279/198/605 293/221/606
f 279/198/605 62/197/607 295/218/608 293/221/606
s 50
f 284/200/562 56/225/561 297/224/609 296/509/610
s off
f 297/224/611 63/375/612 280/508/613 296/509/614
f 280/374/615 61/373/616 294/222/617 296/223/618
s 12
f 191/226/238 55/229/398 299/228/619 298/227/239
s 54
f 299/228/620 64/377/621 281/376/622 298/227/623
f 281/376/622 63/375/624 297/224/625 298/227/623
s off
f 277/230/626 47/437/627 295/218/628 300/506/629
f 295/218/630 62/197/631 282/505/632 300/506/633
f 282/196/634 64/377/635 299/228/636 300/231/637
s 3
f 198/234/246 24/237/249 302/236/248 301/429/247
f 302/236/248 65/262/274 303/259/271 301/429/247
f 303/422/271 66/258/270 304/232/244 301/235/247
f 155/238/250 20/241/253 306/240/252 305/239/251
f 306/240/252 67/266/278 307/263/275 305/239/251
f 307/263/275 65/262/274 302/236/248 305/239/251
f 143/242/254 16/245/257 309/244/256 308/427/255
f 309/244/256 68/270/282 310/267/279 308/427/255
f 310/420/279 67/266/278 306/240/252 308/243/255
f 131/246/258 12/233/245 304/232/244 311/247/259
f 304/232/244 66/258/270 312/271/283 311/247/259
f 312/271/283 68/270/282 309/244/256 311/247/259
f 208/249/261 9/26/26 314/251/263 313/425/262
f 314/251/263 70/278/290 315/275/287 313/425/262
f 315/418/287 69/274/286 316/248/260 313/250/262
f 126/25/25 13/38/38 318/253/265 317/252/264
f 318/253/265 71/282/294 319/279/291 317/252/264
f 319/279/291 70/278/290 314/251/263 317/252/264
f 136/37/37 17/50/50 321/255/267 320/423/266
f 321/255/267 72/286/298 322/283/295 320/423/266
f 322/416/295 71/282/294 318/253/265 320/254/266
f 149/49/49 21/62/62 316/248/260 323/256/268
f 316/248/260 69/274/286 324/287/299 323/256/268
f 324/287/299 72/286/298 321/255/267 323/256/268
f 303/259/271 65/262/274 326/261/273 325/421/272
f 326/261/273 73/497/638 199/498/639 325/421/272
f 199/499/639 74/500/640 327/257/269 325/260/272
f 307/263/275 67/266/278 329/265/277 328/264/276
f 329/265/277 75/495/641 200/496/642 328/264/276
f 200/496/642 73/497/638 326/261/273 328/264/276
f 310/267/279 68/270/282 331/269/281 330/419/280
f 331/269/281 76/492/643 201/493/644 330/419/280
f 201/494/644 75/495/641 329/265/277 330/268/280
f 312/271/283 66/258/270 327/257/269 332/272/284
f 327/257/269 74/500/640 202/491/645 332/272/284
f 202/491/645 76/492/643 331/269/281 332/272/284
f 315/275/287 70/278/290 334/277/289 333/417/288
f 334/277/289 78/490/646 209/488/647 333/417/288
f 209/489/647 77/482/648 335/273/285 333/276/288
f 319/279/291 71/282/294 337/281/293 336/280/292
f 337/281/293 79/487/649 210/486/650 336/280/292
f 210/486/650 78/490/646 334/277/289 336/280/292
f 322/283/295 72/286/298 339/285/297 338/415/296
f 339/285/297 80/485/651 211/483/652 338/415/296
f 211/484/652 79/487/649 337/281/293 338/284/296
f 324/287/299 69/274/286 335/273/285 340/288/300
f 335/273/285 77/482/648 212/481/653 340/288/300
f 212/481/653 80/485/651 339/285/297 340/288/300
s off
f 129/291/654 15/46/655 342/293/656 341/292/657
s 3
f 342/293/658 82/305/319 343/302/316 341/292/659
f 343/302/316 81/301/315 344/289/660 341/292/659
f 145/45/45 19/471/58 346/295/308 345/411/307
f 346/295/308 83/309/323 347/306/320 345/411/661
f 347/406/320 82/305/319 342/293/658 345/294/661
f 151/55/309 18/475/54 349/297/311 348/296/310
f 349/297/311 84/313/327 350/310/324 348/296/310
f 350/310/324 83/309/323 346/295/308 348/296/310
f 134/298/312 14/480/662 344/289/663 351/407/313
f 344/289/660 81/301/315 352/314/328 351/407/664
f 352/403/328 84/313/327 349/297/311 351/299/664
f 343/302/316 82/305/319 354/304/318 353/303/317
f 354/304/318 86/345/371 138/43/43 353/303/317
f 138/43/43 85/42/42 355/300/314 353/303/317
f 347/306/320 83/309/323 357/308/322 356/405/321
f 357/308/322 87/347/373 139/404/372 356/405/321
f 139/346/372 86/345/371 354/304/318 356/307/321
f 350/310/324 84/313/327 359/312/326 358/311/325
f 359/312/326 88/349/375 140/348/374 358/311/325
f 140/348/374 87/347/373 357/308/322 358/311/325
f 352/314/328 81/301/315 355/300/314 360/402/329
f 355/300/314 85/42/42 141/401/41 360/402/329
f 141/41/41 88/349/375 359/312/326 360/315/329
f 205/317/331 89/342/356 362/341/355 361/399/332
f 362/341/355 5/14/14 207/398/114 361/399/332
f 207/113/114 25/112/113 363/316/330 361/318/332
f 159/319/333 26/322/336 365/321/335 364/320/334
f 365/321/335 91/78/78 168/75/75 364/320/334
f 168/75/75 90/74/74 363/316/330 364/320/334
f 163/323/337 27/326/340 367/325/339 366/324/338
f 367/325/339 92/82/82 173/79/79 366/324/338
f 173/79/79 91/78/78 365/321/335 366/324/338
f 166/327/341 28/351/377 369/394/665 368/328/342
f 369/394/665 93/352/387 177/83/83 368/328/342
f 177/83/83 92/82/82 367/325/339 368/328/342
f 195/331/345 93/352/387 369/394/665 370/396/346
f 369/394/665 28/351/377 197/395/103 370/396/346
f 197/103/103 8/102/102 371/329/343 370/332/346
f 109/335/349 94/330/344 371/329/343 372/336/350
f 371/329/343 8/102/102 120/23/23 372/336/350
f 120/23/23 7/22/22 373/333/347 372/336/350
f 105/339/353 95/334/348 373/333/347 374/340/354
f 373/333/347 7/22/22 116/19/19 374/340/354
f 116/19/19 6/18/18 375/337/351 374/340/354
f 100/343/357 96/338/352 375/337/351 376/344/358
f 375/337/351 6/18/18 111/15/15 376/344/358
f 111/15/15 5/14/14 362/341/355 376/344/358
s 55
f 202/385/666 74/380/667 377/106/668 378/105/669
s off
f 74/380/670 199/379/671 379/107/672 377/106/673
f 199/379/674 73/378/675 381/358/676 379/107/677
s 56
f 73/378/678 200/504/679 382/503/680 381/358/681
f 200/382/679 75/381/682 383/360/683 382/359/680
s off
f 75/381/684 201/384/685 384/361/686 383/360/687
f 201/384/688 76/383/689 385/362/690 384/361/691
s 55
f 76/383/692 202/385/666 378/105/669 385/362/693
s 57
f 212/393/694 77/388/695 387/116/696 386/501/697
s off
f 77/388/698 209/387/699 388/117/700 387/116/701
f 209/387/702 78/386/703 390/363/704 388/117/705
s 58
f 78/386/706 210/390/707 391/364/708 390/363/709
f 210/390/707 79/389/710 392/365/711 391/364/708
s off
f 79/389/712 211/392/713 393/366/714 392/365/715
f 211/392/716 80/391/717 394/367/718 393/366/719
s 57
f 80/391/720 212/502/694 386/115/697 394/367/721
