# This file uses centimeters as units for non-parametric coordinates.

mtllib my_animation.0054.mtl
g default
v -20.223101 72.710777 0.291485
v -7.025426 73.177818 3.765935
v 4.639225 72.975021 5.496964
v 18.716579 73.057564 4.601002
v -20.609556 100.921112 3.085423
v -9.665093 98.975647 13.603045
v 8.521184 98.654327 14.601419
v 20.746338 100.140663 5.462934
v -15.091641 128.958054 5.443756
v -8.420639 125.698105 14.366773
v 6.730889 126.069695 15.621932
v 16.144222 130.147400 8.047979
v -19.629156 136.494171 9.474352
v -6.503371 144.927887 8.225504
v 4.910149 145.207947 9.157984
v 20.703733 137.829346 10.758637
v -23.479012 137.318893 0.026641
v -7.417170 145.959320 -3.869105
v 7.744138 146.380203 -2.590117
v 22.854891 139.494919 0.232632
v -16.875078 130.130829 -2.430297
v -6.516583 127.651527 -9.210142
v 8.635064 128.017883 -7.959151
v 16.811974 132.037476 -0.052777
v -19.877623 103.169876 -9.591836
v -6.572895 103.435387 -12.639997
v 8.579704 103.224098 -11.790059
v 21.499271 102.422028 -7.500265
v -16.813375 71.697624 -11.959342
v -4.117957 68.782280 -7.939037
v 4.646936 67.583885 -6.285937
v 17.821360 70.906433 -8.219603
v -14.177048 38.781338 -5.033802
v -7.014850 39.296246 -2.493691
v -11.248574 40.197903 9.177489
v -18.440395 39.595776 6.660258
v 10.888151 38.512672 2.824478
v 18.600149 38.761417 1.578093
v 20.525738 41.358513 13.951227
v 12.815377 41.108688 15.186248
v -11.328108 6.055646 -11.579847
v -4.698528 5.953296 -8.332232
v -9.431115 5.636231 1.212231
v -16.031904 5.663512 -2.071792
v 13.854825 5.496297 1.095291
v 21.173862 5.718303 -0.658168
v 23.714930 5.483802 9.952387
v 16.395432 5.495544 11.733852
v -11.599140 0.193354 -12.504413
v -3.709004 0.174325 -8.532970
v -9.112623 0.341844 5.479171
v -19.636414 0.277098 0.151791
v 12.930139 0.037881 0.486209
v 21.694637 0.088173 -1.639285
v 26.504467 -0.100687 12.551783
v 15.047520 0.022685 15.346287
v -24.997828 7.522546 13.383599
v -16.711733 7.585569 17.583433
v -25.330126 4.057358 14.095371
v -17.043036 4.120547 18.293236
v 19.864582 5.731117 29.517561
v 28.884354 5.615632 27.296494
v 19.895132 2.200543 29.870539
v 28.917925 2.089858 27.661499
v 23.235952 112.553749 -8.787453
v 21.324919 112.026497 1.915814
v 33.036289 116.562538 -7.032335
v 31.279406 115.509712 3.636485
v -27.392113 108.979362 -2.408560
v -19.999784 109.136055 5.920975
v -27.605234 112.897308 12.380159
v -34.869881 113.181862 4.007126
v 32.483288 85.967567 -0.722228
v 30.227179 87.487465 8.663330
v 35.922680 87.394478 -0.126581
v 33.666550 88.914436 9.259625
v -32.512398 83.197174 8.890553
v -25.812767 84.360764 15.909266
v -28.426441 85.901550 18.148682
v -35.126072 84.737961 11.129968
v -9.013626 155.009567 12.513430
v 6.655014 155.277054 13.466680
v 10.626625 156.038208 -2.700819
v -11.046472 155.556458 -4.023667
v -8.937686 175.870895 13.649220
v 5.900483 176.110016 14.458924
v 6.434637 180.354355 -2.955339
v -7.710321 180.126404 -3.727215
v -20.357368 81.709915 0.638211
v -18.368311 81.266937 -12.027966
v -5.198071 81.070160 -12.950652
v 6.448425 80.333046 -11.725292
v 19.203604 80.061371 -8.241855
v 18.432268 80.767738 4.818911
v 5.962687 81.021606 7.966984
v -8.832637 81.539032 6.418692
v -15.330229 77.429100 3.816940
v -15.120197 73.163727 3.565993
v -8.460388 77.375404 5.617602
v -15.680055 81.749084 4.333190
v -20.423668 77.173927 0.231762
v -1.517039 77.401047 6.574032
v -1.435903 73.087997 6.431669
v 5.547479 76.956757 7.085860
v -1.399304 81.180702 7.209392
v 12.669607 77.089417 6.723965
v 12.930455 73.211418 6.667897
v 18.499493 76.929604 4.400416
v 12.990272 80.955559 7.337997
v -16.048376 113.111626 9.702859
v -16.670162 99.897278 8.668363
v -9.954644 112.390213 14.248087
v -14.326403 126.092117 10.181334
v -19.585928 113.701210 4.856660
v -0.559966 111.179993 15.067701
v -0.621186 98.670906 14.952310
v 8.837034 112.497498 15.562663
v -0.741570 125.974434 13.761936
v 15.340634 113.255089 11.925941
v 16.052458 99.308968 10.459069
v 19.773588 113.879997 7.741574
v 13.772074 126.814362 12.458355
v -13.147604 136.138458 10.587077
v -7.617973 138.349960 12.208723
v -14.753584 144.005295 8.931337
v -16.805391 131.652237 9.076593
v -0.964355 137.796448 12.816947
v 5.662654 138.683365 13.309950
v -0.955320 147.135849 10.528705
v 12.330193 136.959091 12.523894
v 18.505342 133.005859 11.107015
v 13.492023 144.732346 10.902891
v -15.441934 146.343155 3.005816
v -7.054142 147.944580 2.538828
v -17.127668 144.748001 -3.155378
v -21.684544 137.339127 4.995599
v -1.509732 181.729309 12.196755
v -1.540589 175.962204 14.465358
v 7.272465 179.908676 8.392895
v -0.546969 181.036118 -5.241601
v -10.701439 179.617828 7.429899
v 14.864614 147.061279 4.976686
v 22.223486 138.957672 5.627138
v 17.144714 145.736786 -1.381711
v 6.227925 148.266434 3.624837
v -15.059279 137.926575 -6.329386
v -7.038193 139.951859 -7.593853
v -14.119320 127.828468 -8.184645
v -21.646099 133.600693 -3.022032
v 0.617926 140.138626 -6.974232
v 0.097190 148.996857 -3.954859
v 8.250789 140.338226 -6.335209
v 1.056486 127.846352 -8.582576
v 15.442709 138.934158 -4.324358
v 20.122673 136.119019 -1.833929
v 15.649791 128.703415 -5.888107
v -13.956519 115.608223 -10.047431
v -6.322178 115.358711 -10.447255
v -14.257497 103.590187 -12.414851
v -19.036755 115.108551 -6.895249
v 1.271612 115.428223 -9.866912
v 8.819427 115.535301 -9.382078
v 1.073511 103.162979 -12.247642
v 16.123781 115.836212 -7.925276
v 20.858677 115.370010 -4.319203
v 16.104458 103.035698 -10.750537
v -11.686449 76.515617 -13.520556
v -12.390715 81.130722 -13.836393
v -4.767677 76.614563 -12.322755
v -10.799963 71.869987 -12.944529
v -17.665424 76.449974 -12.149694
v 0.461087 76.356537 -11.318435
v 0.652155 80.816223 -12.220801
v 5.747056 75.658112 -11.020865
v 0.410158 71.664856 -10.149575
v 12.703037 75.334091 -10.843746
v 13.612591 80.060081 -11.094531
v 18.402103 75.458275 -8.488829
v 11.908847 70.531029 -10.113602
v -10.443546 -0.013387 -4.985728
v -6.539895 0.179539 -12.806243
v -5.158312 0.124415 -2.373373
v -14.383783 0.254456 2.833930
v -15.691028 0.126591 -7.689560
v -1.007231 70.371880 5.399848
v 6.090506 59.074486 2.286528
v -5.339304 60.024906 -0.871287
v 18.773901 -0.081670 5.534172
v 16.784220 0.065647 -2.881788
v 24.512281 -0.009584 4.130705
v 20.775240 -0.067728 13.955523
v 13.056615 -0.017026 6.913776
v 19.891716 76.128639 -2.386975
v 19.598045 71.925903 -2.235814
v 20.400293 80.364792 -1.971221
v 22.135559 113.893402 1.492240
v 23.156471 101.297577 -1.252262
v 16.060261 129.932785 3.646806
v 30.619291 86.456245 3.978865
v 34.101757 86.399361 -1.396025
v 34.825249 88.201195 4.707269
v 31.342804 88.258026 10.081734
v -20.442705 76.704147 -6.680310
v -19.774717 72.051346 -6.588559
v -20.956444 81.478310 -6.331641
v -21.074129 113.591003 -1.431962
v -22.386227 102.155106 -3.728705
v -15.876392 128.230270 0.548888
v -28.534273 83.479408 12.038321
v -26.035959 85.132965 17.699102
v -31.730476 85.363602 14.776853
v -34.228790 83.710045 9.116072
v -10.042981 56.010448 -9.349883
v -6.611003 55.651924 -5.816717
v -10.010009 38.987583 -4.837414
v -15.282719 54.850197 -8.654961
v -6.920490 56.593235 0.710680
v -10.657012 56.977333 6.178236
v -7.921284 39.835972 4.240353
v -15.463734 57.788284 6.674310
v -19.380362 56.189354 3.309851
v -15.521976 40.129593 10.340966
v -18.555681 55.535175 -3.095073
v -17.503836 39.106430 0.832313
v 12.782759 54.988667 -4.973617
v 18.055746 54.625652 -3.494502
v 14.416718 38.405075 1.150922
v 8.721170 54.400726 -2.104809
v 20.126719 56.224018 2.564492
v 19.833899 57.515652 9.050875
v 20.644819 40.169312 7.985329
v 15.104949 58.769436 11.438179
v 10.512642 57.299995 10.447550
v 16.858307 41.722775 16.870033
v 7.928434 55.938381 4.398774
v 10.574265 39.828659 9.610203
v -7.956569 23.667131 -8.923490
v -5.176594 23.638090 -5.262900
v -7.107182 6.104515 -11.851399
v -12.670630 23.750050 -8.671400
v -6.459574 22.506004 0.980735
v -10.423630 21.735199 6.093723
v -5.827502 5.692354 -3.273521
v -14.979293 21.084827 6.287419
v -17.925144 21.801733 2.744762
v -14.093033 5.764510 2.204318
v -16.491106 22.632706 -3.512481
v -14.666532 5.762519 -7.620227
v 15.358300 22.356184 -1.010032
v 19.915762 23.132341 -0.009087
v 17.075274 5.611097 -1.700450
v 11.757606 22.363722 1.889069
v 22.602341 23.150402 6.046708
v 22.893816 23.226204 12.661426
v 23.518492 5.664331 4.122237
v 19.258703 22.496382 15.548959
v 14.748109 22.502249 14.559790
v 20.760189 5.482440 13.658476
v 11.951120 22.176851 8.535898
v 13.955699 5.458254 6.422345
v -6.514144 3.120540 -12.925674
v -3.666752 3.085596 -8.677004
v -11.569508 3.127067 -12.624601
v -5.079947 2.969406 -2.565446
v -8.964366 3.153523 5.148060
v -21.817896 7.757018 17.381821
v -20.763193 8.505085 15.287405
v -27.079662 7.714190 14.716812
v -21.277466 3.142273 16.388960
v -16.556133 7.799846 20.046827
v -15.627455 3.009385 -7.850326
v -19.493404 3.098910 -0.167742
v 16.787888 2.899982 -2.919370
v 21.696886 2.952372 -1.676804
v 12.932338 2.845903 0.441580
v 24.512209 2.872535 4.065917
v 26.494188 2.717274 12.393960
v 24.881203 5.618077 30.481621
v 24.366365 6.635854 28.311726
v 19.153549 5.695465 31.888210
v 24.415365 1.175533 28.864777
v 30.608149 5.550016 29.071550
v 13.058501 2.799042 6.840835
v 15.039018 2.842999 15.191274
v -17.424936 6.808683 8.728279
v -22.072357 6.779827 6.366013
v -12.781180 6.849306 11.093724
v -22.899481 4.142572 6.522530
v -23.126871 1.387961 7.015765
v -17.862892 1.423581 9.678177
v -12.599341 1.466802 12.339145
v -12.377279 4.220179 11.857502
v 22.553061 5.870675 20.951757
v 17.495676 5.948869 22.209206
v 27.610559 5.790814 19.693617
v 16.841812 3.284229 22.592051
v 16.857056 0.484414 22.827463
v 22.586704 0.398639 21.431295
v 28.315033 0.310634 20.033112
v 28.295494 3.108599 19.776051
v 18.454607 121.924911 -0.524307
v 19.935289 124.014206 -4.563155
v 20.845652 111.523872 -3.698920
v 19.462019 120.747528 4.043615
v 23.787102 125.638992 -4.722054
v 28.167830 126.798302 -2.801613
v 27.904593 114.645599 -9.176584
v 28.465027 125.493591 1.677206
v 27.533873 123.657898 5.827889
v 32.961582 115.979073 -1.602480
v 23.151241 121.782776 5.826670
v 25.670319 113.650719 3.889215
v -19.827600 119.159256 0.323053
v -18.117294 118.830147 4.779780
v -22.598526 108.275429 0.822455
v -23.514727 120.482475 -2.406126
v -20.555040 120.240280 8.172917
v -24.555752 122.371155 10.300006
v -22.665478 110.959023 9.790471
v -27.647911 123.488564 7.040343
v -29.772936 123.838470 3.052732
v -31.832460 113.125725 8.682811
v -27.013315 122.152435 -0.662031
v -31.620678 111.067711 -0.430155
v 22.917383 102.455284 -1.043135
v 25.654766 102.451599 -5.855864
v 23.363920 103.841568 4.074668
v 29.739325 103.983788 -6.341805
v 34.568748 106.173584 -4.444257
v 33.833820 106.951302 0.736031
v 32.292641 107.509766 5.586944
v 26.960686 105.603241 5.873827
v -23.564831 99.289352 3.990683
v -21.333748 100.574478 8.649306
v -28.323669 99.461319 1.218442
v -23.462841 102.425896 12.011385
v -28.153341 104.514435 14.402822
v -31.937616 104.116699 10.942994
v -35.176579 103.462601 6.848481
v -32.025623 101.122643 2.845615
v -1.304128 147.916977 15.815746
v 5.454432 150.369278 8.049758
v -1.353594 154.754166 15.909081
v -7.045771 150.096390 7.116664
v 8.212835 150.637787 4.495873
v 6.086957 150.986328 -1.059143
v 11.384417 155.714874 5.558879
v 0.031504 151.933517 -4.602131
v -6.371705 150.694839 -1.964138
v -0.155221 155.930023 -4.221122
v -9.267859 150.247528 3.202919
v -12.769688 155.270416 4.083693
v -1.543229 167.786560 16.838741
v 9.323065 169.807617 14.737221
v -12.165976 169.461319 13.564587
v 11.375251 171.076950 5.375119
v 10.199056 170.867447 -3.463220
v -0.326093 170.677155 -6.230039
v -11.090414 170.524368 -4.624964
v -13.227234 170.680466 4.032587
v -21.594069 92.126122 -5.906135
v -20.373207 92.055946 1.047959
v -19.075043 92.104980 -11.754544
v -13.267583 92.076607 -14.130853
v -5.788785 91.674126 -13.799340
v 1.072838 92.056396 -13.154769
v 7.913513 91.282043 -12.470448
v 15.320889 91.092796 -11.297270
v 20.690166 90.695419 -7.926147
v 21.849144 90.590591 -1.535382
v 19.374557 90.602409 5.155481
v 14.274996 91.343246 8.897634
v 7.974133 91.020393 10.508007
v -1.161596 92.265877 9.773005
v -10.410660 91.585289 8.600317
v -16.183254 92.348381 5.845038
v 34.645176 74.734978 12.282449
v 35.912361 75.594376 13.830253
v 35.405960 73.755882 7.260071
v 37.455971 74.606377 7.615103
v 37.091705 73.086746 2.104139
v 38.904163 73.578796 1.383422
v 40.962555 74.692665 2.774507
v 39.775051 75.568512 8.016727
v 38.516026 76.340889 12.952817
v -37.613735 71.009949 13.849476
v -35.708874 70.428085 13.567546
v -31.650026 70.884453 17.199438
v -33.171631 71.781456 18.503164
v -28.443857 71.689865 21.178570
v -28.729517 72.552963 23.156837
v -31.385412 73.423943 23.698917
v -34.970196 72.841736 20.044186
v -38.650417 72.162155 16.087887
vt 0.208431 0.494797
vt 0.208575 0.478116
vt 0.229443 0.475893
vt 0.229271 0.493426
vt 0.252729 0.492198
vt 0.256170 0.471571
vt 0.275357 0.475888
vt 0.275429 0.493819
vt 0.298111 0.492176
vt 0.294163 0.471736
vt 0.321331 0.475953
vt 0.321541 0.493432
vt 0.198757 0.641525
vt 0.200055 0.589825
vt 0.221664 0.590600
vt 0.219751 0.640956
vt 0.244967 0.639373
vt 0.247968 0.591507
vt 0.275466 0.591669
vt 0.275481 0.635804
vt 0.305994 0.639365
vt 0.302966 0.591494
vt 0.329276 0.590573
vt 0.331197 0.640955
vt 0.199789 0.728809
vt 0.197393 0.704590
vt 0.219517 0.692482
vt 0.227784 0.730211
vt 0.252859 0.733034
vt 0.249003 0.687406
vt 0.275511 0.688085
vt 0.275516 0.730408
vt 0.298175 0.733010
vt 0.302021 0.687396
vt 0.331536 0.692451
vt 0.323246 0.730162
vt 0.805511 0.686057
vt 0.204711 0.752714
vt 0.229559 0.760254
vt 0.782889 0.696424
vt 0.784986 0.875584
vt 0.254181 0.941082
vt 0.275435 0.940431
vt 0.742298 0.896742
vt 0.699334 0.736241
vt 0.297037 0.807427
vt 0.321459 0.760204
vt 0.696358 0.696343
vt 0.808954 0.641287
vt 0.805193 0.664541
vt 0.784300 0.671779
vt 0.785729 0.644267
vt 0.763331 0.647822
vt 0.762442 0.673765
vt 0.742276 0.741120
vt 0.739609 0.647377
vt 0.715889 0.647774
vt 0.716786 0.673709
vt 0.694936 0.671695
vt 0.693494 0.644181
vt 0.806875 0.557726
vt 0.810121 0.617205
vt 0.790367 0.607046
vt 0.787575 0.557696
vt 0.763367 0.556090
vt 0.764746 0.603486
vt 0.739627 0.603152
vt 0.739688 0.556093
vt 0.716014 0.556064
vt 0.714496 0.603455
vt 0.688836 0.606971
vt 0.691820 0.557642
vt 0.803405 0.420481
vt 0.802841 0.435733
vt 0.782960 0.432290
vt 0.783371 0.416064
vt 0.759505 0.410786
vt 0.759570 0.428509
vt 0.739756 0.426992
vt 0.739743 0.409699
vt 0.720007 0.410786
vt 0.719946 0.428500
vt 0.696571 0.432245
vt 0.696182 0.416016
vt 0.819305 0.093413
vt 0.797386 0.086157
vt 0.790779 0.072322
vt 0.822344 0.073237
vt 0.265809 0.416173
vt 0.762697 0.377789
vt 0.739788 0.389948
vt 0.275377 0.462947
vt 0.364323 0.097210
vt 0.342669 0.089884
vt 0.336664 0.075169
vt 0.367299 0.076188
vt 0.342559 0.494848
vt 0.342402 0.478170
vt 0.366070 0.480227
vt 0.366198 0.495669
vt 0.352247 0.641476
vt 0.350872 0.589816
vt 0.374237 0.588973
vt 0.374011 0.638442
vt 0.936729 0.462892
vt 0.940585 0.464321
vt 0.946953 0.476690
vt 0.936605 0.482861
vt 0.804780 0.405462
vt 0.824266 0.410023
vt 0.823186 0.423812
vt 0.805355 0.509178
vt 0.825584 0.509339
vt 0.825621 0.554997
vt 0.118742 0.522844
vt 0.058006 0.517789
vt 0.074507 0.510871
vt 0.084702 0.516921
vt 0.822269 0.350445
vt 0.784755 0.399833
vt 0.805305 0.347137
vt 0.793942 0.336256
vt 0.777469 0.322538
vt 0.236211 0.409364
vt 0.220899 0.415267
vt 0.203041 0.415110
vt 0.182178 0.419746
vt 0.685950 0.336155
vt 0.717407 0.377787
vt 0.694840 0.399772
vt 0.674409 0.347030
vt 0.657366 0.350391
vt 0.674734 0.405426
vt 0.637625 0.358046
vt 0.347747 0.415166
vt 0.329799 0.415381
vt 0.314324 0.409429
vt 0.706215 0.336018
vt 0.292514 0.404556
vt 0.870618 0.237836
vt 0.844433 0.293934
vt 0.832214 0.287148
vt 0.858351 0.228645
vt 0.844944 0.223065
vt 0.821107 0.280742
vt 0.243727 0.342391
vt 0.826584 0.212775
vt 0.214622 0.282882
vt 0.224361 0.346790
vt 0.210147 0.349538
vt 0.199596 0.284960
vt 0.184434 0.288656
vt 0.194986 0.352422
vt 0.864110 0.304875
vt 0.163133 0.290367
vt 0.634803 0.222910
vt 0.658751 0.280554
vt 0.647480 0.287052
vt 0.621343 0.228556
vt 0.609012 0.237734
vt 0.635143 0.293889
vt 0.375465 0.356065
vt 0.590820 0.249121
vt 0.366326 0.288752
vt 0.355651 0.352469
vt 0.340563 0.349608
vt 0.351134 0.285011
vt 0.336042 0.282967
vt 0.326383 0.346874
vt 0.678330 0.268182
vt 0.315081 0.275917
vt 0.789900 0.091626
vt 0.894734 0.181072
vt 0.223763 0.023658
vt 0.779683 0.072008
vt 0.205625 0.023651
vt 0.212375 0.030485
vt 0.208733 0.046428
vt 0.818124 0.043214
vt 0.919973 0.054113
vt 0.218394 0.124576
vt 0.231547 0.124829
vt 0.925982 0.076298
vt 0.853028 0.105343
vt 0.173602 0.224408
vt 0.245023 0.044913
vt 0.815784 0.102925
vt 0.335499 0.095534
vt 0.609223 0.166963
vt 0.147562 0.023794
vt 0.325939 0.074804
vt 0.129108 0.019171
vt 0.133886 0.026698
vt 0.125138 0.040618
vt 0.363323 0.044920
vt 0.461211 0.056389
vt 0.114656 0.083148
vt 0.128082 0.110700
vt 0.466974 0.079440
vt 0.396801 0.109583
vt 0.345740 0.218419
vt 0.158805 0.046562
vt 0.361009 0.107136
vt 0.212264 0.093809
vt 0.204982 0.218327
vt 0.226791 0.056935
vt 0.229179 0.093286
vt 0.246067 0.092223
vt 0.255137 0.092099
vt 0.884191 0.095549
vt 0.853655 0.095653
vt 0.854753 0.074189
vt 0.884265 0.075061
vt 0.885799 0.054616
vt 0.855335 0.052709
vt 0.203340 0.068369
vt 0.888472 0.044995
vt 0.116537 0.064410
vt 0.377147 0.224500
vt 0.136900 0.057215
vt 0.135301 0.068971
vt 0.159593 0.072808
vt 0.169578 0.075371
vt 0.426769 0.099419
vt 0.397393 0.099512
vt 0.398467 0.077209
vt 0.426850 0.078134
vt 0.428347 0.056895
vt 0.399054 0.054890
vt 0.111199 0.052142
vt 0.430928 0.046902
vt 0.398347 0.732496
vt 0.353774 0.704759
vt 0.655189 0.607952
vt 0.404645 0.715309
vt 0.625247 0.642548
vt 0.669008 0.617360
vt 0.670290 0.641156
vt 0.629866 0.657272
vt 0.633967 0.675274
vt 0.674058 0.664432
vt 0.345812 0.774768
vt 0.637449 0.692485
vt 0.387906 0.765553
vt 0.346295 0.752641
vt 0.351218 0.728717
vt 0.392980 0.747350
vt 0.854032 0.642643
vt 0.181252 0.694641
vt 0.859345 0.625630
vt 0.152631 0.732602
vt 0.157999 0.747449
vt 0.163074 0.765647
vt 0.167481 0.783084
vt 0.845329 0.675366
vt 0.849419 0.657366
vt 0.462802 0.754848
vt 0.433121 0.744888
vt 0.586158 0.633072
vt 0.469035 0.736153
vt 0.562716 0.661102
vt 0.591598 0.653084
vt 0.596668 0.669873
vt 0.567525 0.676181
vt 0.573571 0.695803
vt 0.602326 0.689166
vt 0.414557 0.801264
vt 0.575415 0.714705
vt 0.450039 0.789809
vt 0.420413 0.781867
vt 0.427222 0.762131
vt 0.457315 0.770152
vt 0.916571 0.661069
vt 0.887682 0.653104
vt 0.112049 0.724515
vt 0.922852 0.642462
vt 0.088177 0.754903
vt 0.117860 0.744959
vt 0.123753 0.762207
vt 0.093657 0.770210
vt 0.100926 0.789871
vt 0.130556 0.781946
vt 0.872833 0.708772
vt 0.104321 0.808576
vt 0.905760 0.695791
vt 0.876995 0.689207
vt 0.882631 0.669903
vt 0.911782 0.676158
vt 0.245118 0.820265
vt 0.256063 0.761423
vt 0.275458 0.816348
vt 0.275456 0.817082
vt 0.305796 0.819611
vt 0.322444 0.827635
vt 0.716707 0.746651
vt 0.742277 0.751635
vt 0.767846 0.746640
vt 0.232576 0.815700
vt 0.789238 0.746868
vt 0.242805 0.909093
vt 0.242913 0.847487
vt 0.275453 0.850080
vt 0.275444 0.899369
vt 0.308078 0.909112
vt 0.307992 0.847504
vt 0.685718 0.768892
vt 0.335635 0.923345
vt 0.710517 0.826756
vt 0.709025 0.772272
vt 0.742280 0.767854
vt 0.742288 0.823907
vt 0.774059 0.826743
vt 0.775535 0.772258
vt 0.216918 0.852154
vt 0.800161 0.835727
vt 0.803587 0.472219
vt 0.184266 0.511368
vt 0.823748 0.473030
vt 0.786007 0.508646
vt 0.783967 0.470951
vt 0.760849 0.468488
vt 0.762764 0.507838
vt 0.739729 0.507585
vt 0.739749 0.469813
vt 0.718652 0.468468
vt 0.716699 0.507812
vt 0.693463 0.508589
vt 0.695538 0.470900
vt 0.347089 0.550471
vt 0.343449 0.511536
vt 0.656251 0.437958
vt 0.370672 0.549455
vt 0.305626 0.550928
vt 0.300328 0.509969
vt 0.323635 0.511057
vt 0.326613 0.553291
vt 0.245263 0.550946
vt 0.250519 0.509979
vt 0.275426 0.509223
vt 0.275447 0.553833
vt 0.203857 0.550446
vt 0.207534 0.511493
vt 0.227207 0.511082
vt 0.224277 0.553331
vt 0.296688 0.941095
vt 0.317831 0.963343
vt 0.722395 0.859395
vt 0.742293 0.859091
vt 0.762190 0.859387
vt 0.672412 0.557619
vt 0.673996 0.509116
vt 0.676597 0.435714
vt 0.676064 0.420456
vt 0.798456 0.058765
vt 0.820876 0.052919
vt 0.343747 0.061021
vt 0.365907 0.055032
vt 0.963235 0.483911
vt 0.902883 0.489040
vt 0.909072 0.482168
vt 0.925033 0.475729
vt 0.931354 0.463643
vt 0.080884 0.498420
vt 0.084741 0.496992
vt 0.090126 0.497750
vt 0.096539 0.509638
vt 0.112499 0.516024
vt 0.245369 0.109349
vt 0.249130 0.116712
vt 0.914174 0.091435
vt 0.914507 0.075957
vt 0.915392 0.060496
vt 0.143488 0.116794
vt 0.145270 0.126440
vt 0.455609 0.095160
vt 0.455938 0.079081
vt 0.456800 0.063019
vt 0.982240 0.434188
vt 0.963585 0.427947
vt 0.946509 0.423110
vt 0.890921 0.433118
vt 0.882130 0.436526
vt 0.926679 0.423006
vt 0.909612 0.427375
vt 0.937930 0.422313
vt 0.075163 0.457134
vt 0.058225 0.461798
vt 0.039557 0.467684
vt 0.094859 0.456979
vt 0.083682 0.456346
vt 0.130564 0.466891
vt 0.111877 0.461251
vt 0.033116 0.470128
vt 0.675805 0.472192
vt 0.653419 0.509254
vt 0.655248 0.472962
vt 0.367019 0.511392
vt 0.176921 0.588998
vt 0.180547 0.549455
vt 0.822760 0.437993
vt 0.233028 0.963316
vt 0.215241 0.923308
vt 0.798841 0.768868
vt 0.699605 0.875602
vt 0.684417 0.835751
vt 0.333987 0.852188
vt 0.228471 0.827609
vt 0.254212 0.785439
vt 0.759269 0.697501
vt 0.785216 0.736222
vt 0.695315 0.746888
vt 0.719972 0.697428
vt 0.296799 0.785396
vt 0.318344 0.815723
vt 0.903939 0.714697
vt 0.136407 0.801345
vt 0.081951 0.736203
vt 0.893090 0.633076
vt 0.446638 0.808511
vt 0.606509 0.708725
vt 0.556410 0.642507
vt 0.438944 0.724452
vt 0.841861 0.692578
vt 0.205190 0.774839
vt 0.146366 0.715395
vt 0.823906 0.608060
vt 0.383498 0.782992
vt 0.673752 0.685953
vt 0.619881 0.625562
vt 0.369876 0.694574
vt 0.624476 0.158216
vt 0.327082 0.211968
vt 0.653476 0.212425
vt 0.306569 0.342322
vt 0.153133 0.050558
vt 0.361352 0.222428
vt 0.125968 0.045756
vt 0.396618 0.225899
vt 0.569871 0.190223
vt 0.388031 0.290471
vt 0.615162 0.304972
vt 0.596954 0.173816
vt 0.584932 0.180968
vt 0.909456 0.190131
vt 0.154402 0.225852
vt 0.888489 0.249012
vt 0.175675 0.355943
vt 0.241882 0.047343
vt 0.189385 0.222364
vt 0.213528 0.046751
vt 0.223402 0.212053
vt 0.855547 0.158550
vt 0.235225 0.276013
vt 0.801766 0.268578
vt 0.882733 0.173912
vt 0.870470 0.167071
vt 0.702590 0.322102
vt 0.284431 0.416033
vt 0.369025 0.419829
vt 0.654789 0.409992
vt 0.841623 0.358035
vt 0.185243 0.480200
vt 0.257695 0.404697
vt 0.773758 0.336466
vt 0.177136 0.638471
vt 0.185108 0.495641
vt 0.653403 0.554919
vt 0.655840 0.423782
vt 0.740026 0.329135
vt 0.739609 0.679991
vt 0.717946 0.727940
vt 0.321543 0.784229
vt 0.275425 0.981496
vt 0.229466 0.784279
vt 0.766602 0.727930
vt 0.275513 0.766895
vt 0.294962 0.761394
vt 0.158494 0.031032
vt 0.235614 0.029385
vt 0.253884 0.807420
vt 0.968218 0.693073
vt 0.970279 0.686813
vt 0.964692 0.720144
vt 0.041234 0.817480
vt 0.965692 0.701614
vt 0.035620 0.790589
vt 0.038855 0.799577
vt 0.026837 0.766821
vt 0.976742 0.669618
vt 0.033170 0.783659
vt 0.515345 0.790561
vt 0.512107 0.799546
vt 0.509721 0.817448
vt 0.514670 0.720260
vt 0.513647 0.701731
vt 0.511110 0.693195
vt 0.509040 0.686939
vt 0.502555 0.669755
vt 0.524137 0.766797
vt 0.517798 0.783632
vt 0.052820 0.522857
vt 0.139366 0.470253
vt 0.968347 0.489050
vt 0.988625 0.436785
vt 0.108883 0.091107
vt 0.106409 0.062482
vt 0.399209 0.044805
vt 0.459518 0.102060
vt 0.428604 0.109556
vt 0.167704 0.057128
vt 0.215342 0.132259
vt 0.203222 0.094543
vt 0.855471 0.043005
vt 0.918242 0.098075
vt 0.886101 0.105305
vt 0.255511 0.067846
vt 0.169019 0.047690
vt 0.166893 0.025823
vt 0.125973 0.120002
vt 0.337008 0.054912
vt 0.115292 0.038211
vt 0.149847 0.015689
vt 0.254586 0.043904
vt 0.241676 0.021944
vt 0.231922 0.132778
vt 0.791425 0.052872
vt 0.199112 0.046316
vt 0.223332 0.014444
vn -0.555526 -0.044323 0.830317
vn -0.555526 -0.044323 0.830317
vn -0.331408 -0.169355 0.928164
vn -0.330546 -0.169787 0.928392
vn -0.184459 -0.264140 0.946681
vn -0.030433 -0.107205 0.993771
vn -0.158717 -0.284323 0.945499
vn -0.268984 -0.264879 0.926006
vn -0.017790 -0.203348 0.978945
vn -0.181559 -0.046800 0.982266
vn 0.140794 -0.093592 0.985605
vn 0.123193 -0.104030 0.986915
vn -0.919900 0.134193 0.368477
vn -0.909631 -0.053584 0.411947
vn -0.680382 -0.139439 0.719470
vn -0.717148 0.037241 0.695925
vn -0.327323 0.005293 0.944898
vn -0.320717 -0.228827 0.919119
vn -0.069633 -0.249574 0.965849
vn -0.068383 -0.002234 0.997657
vn 0.201462 -0.010139 0.979444
vn 0.203229 -0.217017 0.954778
vn 0.575549 -0.143137 0.805143
vn 0.597566 0.004169 0.801809
vn 0.126906 -0.145040 0.981254
vn -0.534018 -0.036195 0.844698
vn -0.691710 0.097174 0.715608
vn -0.330892 0.138756 0.933412
vn -0.192022 0.234722 0.952908
vn -0.244422 0.078580 0.966480
vn -0.080118 0.074671 0.993985
vn -0.086019 0.213729 0.973099
vn 0.031702 0.240741 0.970071
vn 0.090015 0.074002 0.993187
vn 0.536171 0.069365 0.841255
vn 0.218106 0.151612 0.964076
vn -0.782340 0.496644 0.375884
vn -0.520438 0.301490 0.798904
vn -0.388677 0.618593 0.682841
vn -0.455618 0.877781 0.148031
vn -0.646065 0.759669 0.074184
vn -0.554761 0.382849 0.738693
vn -0.056178 0.392814 0.917901
vn -0.034122 0.950812 0.307885
vn 0.452921 0.877310 0.158711
vn 0.040286 0.591147 0.805557
vn 0.268553 0.640082 0.719843
vn 0.388952 0.903823 0.178381
vn -0.584244 0.098298 -0.805603
vn -0.862692 0.458247 -0.213945
vn -0.523307 0.693387 -0.495343
vn -0.352294 0.203976 -0.913391
vn -0.070902 0.265768 -0.961426
vn -0.202507 0.588887 -0.782434
vn 0.064743 0.416283 -0.906927
vn 0.073793 0.247762 -0.966006
vn 0.185614 0.264864 -0.946253
vn 0.266588 0.619020 -0.738746
vn 0.490839 0.746787 -0.448761
vn 0.384292 0.208371 -0.899390
vn -0.827971 0.218872 -0.516294
vn -0.597008 -0.003671 -0.802227
vn -0.390920 0.132587 -0.910825
vn -0.323513 0.186842 -0.927593
vn 0.005673 0.150450 -0.988601
vn -0.020411 0.125168 -0.991926
vn 0.076043 0.119149 -0.989960
vn 0.068057 0.146472 -0.986871
vn 0.130406 0.160163 -0.978439
vn 0.161291 0.130328 -0.978264
vn 0.521481 0.165540 -0.837051
vn 0.442574 0.202291 -0.873617
vn -0.609378 -0.081759 -0.788653
vn -0.664561 -0.051363 -0.745467
vn -0.091251 -0.048383 -0.994652
vn -0.028532 -0.074547 -0.996809
vn 0.145602 -0.122457 -0.981735
vn 0.108736 -0.078088 -0.990999
vn 0.096764 -0.104775 -0.989777
vn 0.095621 -0.171348 -0.980559
vn 0.051822 -0.140726 -0.988691
vn 0.088341 -0.090430 -0.991977
vn 0.270311 -0.073482 -0.959965
vn 0.206852 -0.098009 -0.973451
vn -0.017691 -0.999843 -0.000739
vn -0.008826 -0.999620 -0.026130
vn 0.007357 -0.999824 -0.017237
vn -0.002291 -0.999974 0.006901
vn 0.916974 -0.310976 0.249905
vn 0.789825 -0.517915 -0.328542
vn 0.049638 -0.717672 -0.694610
vn -0.209356 -0.750002 0.627429
vn -0.011235 -0.999936 -0.001084
vn -0.009909 -0.999876 -0.012209
vn -0.000647 -0.999869 -0.016203
vn -0.003131 -0.999973 -0.006636
vn 0.986306 -0.002171 0.164909
vn 0.986306 -0.002171 0.164909
vn 0.986306 -0.002171 0.164909
vn 0.986307 -0.002171 0.164909
vn 0.868435 0.089716 0.487619
vn 0.851162 -0.081518 0.518534
vn 0.998361 -0.017751 0.054402
vn 0.981066 0.157643 0.112505
vn 0.338870 -0.912484 0.229217
vn 0.338867 -0.912485 0.229215
vn 0.338867 -0.912485 0.229215
vn 0.338870 -0.912484 0.229217
vn -0.876645 -0.155340 -0.455372
vn -0.876645 -0.155340 -0.455372
vn -0.876645 -0.155340 -0.455372
vn -0.876645 -0.155340 -0.455372
vn -0.739141 0.133506 -0.660187
vn -0.997469 0.035804 -0.061427
vn -0.983236 0.180261 0.027441
vn -0.222746 -0.904917 0.362641
vn -0.222746 -0.904916 0.362644
vn -0.222746 -0.904916 0.362644
vn -0.222746 -0.904917 0.362641
vn -0.067409 -0.226583 -0.971656
vn -0.119568 -0.212912 -0.969728
vn 0.181153 -0.218401 -0.958897
vn 0.287852 -0.219874 -0.932093
vn 0.994020 -0.095056 0.053755
vn 0.994791 -0.081362 0.061402
vn 0.499380 0.103262 0.860207
vn -0.284054 0.164779 0.944543
vn -0.303652 0.167331 0.937974
vn -0.990260 -0.084190 -0.110894
vn -0.993027 -0.079185 -0.087329
vn -0.993027 -0.079185 -0.087329
vn -0.990622 -0.083593 -0.108074
vn -0.429872 -0.339569 -0.836602
vn -0.395893 -0.344419 -0.851260
vn -0.023838 -0.325466 -0.945253
vn -0.097888 -0.334541 -0.937283
vn 0.953366 -0.065148 -0.294701
vn 0.954559 -0.063920 -0.291086
vn 0.954559 -0.063920 -0.291086
vn 0.953287 -0.065229 -0.294940
vn 0.485537 0.296939 0.822241
vn 0.405735 0.309046 0.860157
vn 0.066552 0.291251 0.954329
vn 0.110696 0.293772 0.949444
vn -0.641159 0.095901 0.761392
vn -0.909669 -0.398740 0.116230
vn -0.903732 -0.112859 0.412955
vn -0.537988 0.134777 -0.832109
vn -0.615066 0.147357 -0.774584
vn 0.368411 0.261245 -0.892202
vn 0.400388 0.206926 -0.892677
vn 0.982746 0.099834 -0.155702
vn 0.983481 0.136069 -0.119374
vn 0.904759 -0.003110 0.425913
vn 0.913056 -0.032634 0.406526
vn 0.554788 -0.155535 0.817324
vn 0.538681 -0.122269 0.833590
vn -0.316579 -0.193762 0.928566
vn -0.382280 -0.237026 0.893130
vn -0.983839 -0.101370 0.147600
vn -0.957289 -0.092245 0.274024
vn -0.941502 0.029643 -0.335701
vn -0.915277 0.019315 -0.402362
vn -0.934184 -0.060139 -0.351688
vn -0.949969 -0.031325 -0.310768
vn -0.213540 0.094161 -0.972386
vn -0.218996 0.049190 -0.974485
vn 0.689647 0.115819 -0.714823
vn 0.733204 0.147601 -0.663797
vn 0.977688 0.129311 -0.165543
vn 0.972086 0.100438 -0.212042
vn 0.937847 0.052604 0.343039
vn 0.892736 0.080848 0.443268
vn 0.162499 -0.035531 0.986069
vn 0.220470 -0.074501 0.972544
vn -0.694410 -0.134142 0.706966
vn -0.678365 -0.101782 0.727641
vn -0.966248 -0.088955 0.241768
vn -0.968366 -0.114371 0.221780
vn -0.059599 0.333639 -0.940815
vn -0.059599 0.333639 -0.940815
vn 0.401991 0.383423 -0.831499
vn 0.416189 0.383586 -0.824408
vn 0.925107 0.308792 0.220965
vn 0.925107 0.308792 0.220965
vn 0.925107 0.308792 0.220965
vn 0.925107 0.308792 0.220965
vn 0.028503 0.992143 0.121818
vn 0.028503 0.992143 0.121818
vn -0.049995 0.995290 0.083055
vn -0.049974 0.995290 0.083066
vn -0.777029 0.549619 -0.306830
vn -0.777029 0.549619 -0.306830
vn -0.777029 0.549619 -0.306830
vn -0.777029 0.549619 -0.306830
vn -0.612235 0.380280 -0.693221
vn -0.612235 0.380280 -0.693221
vn -0.208202 0.419186 -0.883705
vn -0.217261 0.419237 -0.881498
vn 0.854214 0.313365 -0.414874
vn 0.854214 0.313365 -0.414874
vn 0.854214 0.313365 -0.414874
vn 0.854214 0.313365 -0.414874
vn 0.146729 0.971976 0.183667
vn 0.146729 0.971976 0.183667
vn 0.063100 0.976704 0.205105
vn 0.062835 0.976707 0.205170
vn -0.807273 0.530783 0.258032
vn -0.807273 0.530783 0.258032
vn -0.807273 0.530783 0.258032
vn -0.807273 0.530783 0.258032
vn 0.027809 0.991751 -0.125130
vn 0.027809 0.991751 -0.125130
vn 0.052057 0.992525 -0.110380
vn 0.052118 0.992526 -0.110342
vn -0.747075 0.408049 -0.524762
vn -0.747075 0.408049 -0.524762
vn -0.747075 0.408049 -0.524762
vn -0.747075 0.408049 -0.524762
vn -0.065474 -0.989187 0.131236
vn -0.043089 -0.996642 0.069624
vn -0.033669 -0.996539 0.076009
vn -0.061056 -0.989098 0.134003
vn 0.891805 0.006723 0.452370
vn 0.892524 0.006246 0.450956
vn 0.892564 0.006220 0.450878
vn 0.891805 0.006723 0.452370
vn -0.012825 0.999251 -0.036501
vn -0.012825 0.999251 -0.036501
vn 0.000209 0.999075 -0.042994
vn 0.000239 0.999075 -0.043009
vn -0.895238 0.427997 0.123967
vn -0.895238 0.427997 0.123967
vn -0.895238 0.427997 0.123967
vn -0.895238 0.427997 0.123967
vn -0.000268 -0.998076 0.061997
vn -0.006502 -0.999451 0.032500
vn -0.001853 -0.999593 0.028484
vn 0.001651 -0.998205 0.059860
vn 0.971800 -0.012237 -0.235491
vn 0.972397 -0.009640 -0.233131
vn 0.972424 -0.009526 -0.233028
vn 0.971800 -0.012237 -0.235490
vn -0.751945 -0.393321 0.529035
vn 0.548434 -0.129258 0.826143
vn -0.959504 -0.261813 -0.103955
vn -0.965010 -0.198480 -0.171354
vn -0.657439 0.093547 -0.747678
vn 0.562267 0.222199 -0.796545
vn 0.351805 0.205558 -0.913225
vn 0.001560 0.348918 -0.937152
vn 0.742224 0.488051 -0.459249
vn 0.813608 0.507215 -0.284210
vn 0.829635 0.496923 0.254506
vn 0.910681 0.355992 0.209596
vn 0.682491 0.077065 0.726820
vn 0.628004 0.299171 0.718406
vn 0.235476 -0.204575 0.950106
vn -0.024507 -0.319606 0.947234
vn 0.117649 -0.087496 -0.989193
vn 0.805103 -0.346903 -0.481111
vn 0.764462 -0.271373 -0.584769
vn 0.959203 -0.259196 0.112903
vn 0.584932 -0.104995 0.804258
vn -0.229441 0.206915 0.951075
vn -0.752275 0.391141 0.530179
vn -0.909441 0.398964 -0.117241
vn -0.539843 0.163136 -0.825806
vn -0.875364 -0.190417 0.444386
vn -0.855281 -0.189370 0.482321
vn -0.945321 -0.224806 -0.236285
vn -0.907816 -0.387212 -0.161051
vn -0.571245 -0.414901 -0.708193
vn -0.528201 -0.104525 -0.842661
vn 0.146403 0.109979 -0.983092
vn 0.246815 -0.219029 -0.943986
vn 0.905375 -0.014857 -0.424352
vn 0.732465 0.274923 -0.622826
vn 0.949614 0.270038 0.159098
vn 0.971603 0.124126 0.201448
vn 0.655215 0.217443 0.723472
vn 0.656669 0.177480 0.732999
vn -0.167415 -0.035629 0.985243
vn -0.228121 0.164449 0.959644
vn 0.135156 -0.421045 -0.896914
vn 0.034310 -0.185019 -0.982136
vn 0.702900 -0.263213 -0.660796
vn 0.690200 -0.416877 -0.591470
vn 0.968633 -0.243312 -0.050496
vn 0.986189 -0.164417 0.019982
vn 0.660606 0.049432 0.749104
vn 0.678230 0.113043 0.726103
vn -0.200124 0.212239 0.956507
vn -0.122395 0.240766 0.962835
vn -0.731689 0.291807 0.616019
vn -0.733702 0.155276 0.661492
vn -0.994501 0.028356 0.100814
vn -0.965508 0.226853 -0.127798
vn -0.645885 0.024588 -0.763038
vn -0.691598 -0.192118 -0.696264
vn -0.595708 -0.519451 0.612619
vn -0.595709 -0.519451 0.612619
vn -0.595709 -0.519451 0.612619
vn -0.595709 -0.519451 0.612619
vn 0.907440 -0.295271 0.298946
vn 0.907439 -0.295271 0.298946
vn 0.974179 -0.176338 0.140995
vn 0.662092 -0.286840 -0.692356
vn 0.069766 0.199328 -0.977446
vn 0.069693 -0.112953 -0.991153
vn -0.548981 -0.304895 -0.778241
vn -0.534412 0.843177 0.058788
vn -0.973739 -0.227606 -0.005203
vn -0.774469 0.002304 0.632607
vn -0.720484 -0.223417 0.656497
vn -0.054738 -0.224238 0.972996
vn -0.055612 -0.017441 0.998300
vn 0.702207 0.039326 0.710886
vn 0.642223 -0.201340 0.739602
vn 0.973593 -0.179628 0.140894
vn 0.984780 0.145631 0.094870
vn 0.728949 0.100027 -0.677221
vn 0.707165 -0.145574 -0.691901
vn 0.060195 -0.123685 -0.990494
vn 0.056566 -0.011694 -0.998330
vn -0.647181 0.068858 -0.759220
vn -0.616341 -0.166712 -0.769631
vn -0.977057 -0.211198 0.027481
vn -0.995163 0.095374 -0.023536
vn -0.685620 0.021860 -0.727632
vn -0.987142 -0.050834 -0.151548
vn -0.990438 -0.039610 -0.132152
vn -0.221816 0.164262 -0.961153
vn -0.147846 0.049239 -0.987784
vn 0.066566 0.025878 -0.997446
vn 0.026329 0.149502 -0.988411
vn 0.069015 0.135861 -0.988321
vn 0.085227 0.009784 -0.996314
vn 0.110912 -0.006101 -0.993812
vn 0.113779 0.128164 -0.985205
vn 0.341531 0.118318 -0.932393
vn 0.315019 -0.017787 -0.948919
vn 0.808135 -0.152278 0.568973
vn 0.777291 -0.133138 0.614893
vn 0.990608 -0.123854 0.057936
vn 0.990344 -0.122012 0.065814
vn 0.079944 -0.343303 0.935816
vn -0.003854 -0.214687 0.976675
vn 0.293613 -0.180132 0.938799
vn 0.427174 -0.240651 0.871556
vn -0.274804 -0.347324 0.896576
vn -0.209718 -0.205685 0.955883
vn -0.108192 -0.213487 0.970936
vn -0.095323 -0.400604 0.911279
vn -0.909034 -0.102506 0.403917
vn -0.899816 -0.067485 0.431019
vn -0.502127 -0.144869 0.852574
vn -0.597980 -0.228601 0.768220
vn -0.197147 -0.175861 0.964472
vn -0.428458 -0.140728 0.892535
vn -0.914248 -0.080253 0.397128
vn 0.022727 -0.206432 0.978197
vn -0.016928 -0.187314 0.982154
vn -0.108507 -0.181619 0.977364
vn 0.354209 0.039267 0.934342
vn 0.354209 0.039267 0.934342
vn 0.807779 -0.112901 0.578573
vn 0.212709 -0.168570 0.962465
vn -0.187784 0.583790 0.789890
vn -0.084803 0.380200 0.921008
vn 0.478267 0.421673 0.770359
vn 0.596229 0.789120 0.147652
vn 0.535155 0.722114 -0.438362
vn 0.020870 0.787301 -0.616216
vn -0.487041 0.719266 -0.495427
vn 0.890731 0.227817 -0.393316
vn 0.815331 0.069223 -0.574842
vn 0.214798 -0.351296 -0.911292
vn 0.188465 -0.262686 -0.946297
vn 0.111395 -0.235093 -0.965568
vn -0.189318 -0.114548 -0.975212
vn -0.189318 -0.114548 -0.975211
vn -0.025430 -0.395957 -0.917917
vn -0.714436 -0.585707 -0.382790
vn 0.173992 -0.426230 -0.887725
vn -0.003941 -0.405462 -0.914103
vn 0.790507 -0.109719 -0.602545
vn 0.730749 -0.110756 -0.673602
vn 0.345439 -0.149739 -0.926418
vn 0.345439 -0.149739 -0.926418
vn -0.023399 -0.313388 -0.949337
vn 0.043526 -0.287415 -0.956817
vn 0.023447 -0.999690 -0.008387
vn 0.011917 -0.999779 0.017308
vn -0.024095 -0.996342 0.081991
vn 0.008578 -0.999760 -0.020179
vn 0.004679 -0.999928 -0.011009
vn 0.002828 -0.999699 0.024381
vn 0.963419 -0.108005 -0.245275
vn 0.963419 -0.108005 -0.245275
vn 0.963419 -0.108005 -0.245275
vn 0.963419 -0.108005 -0.245275
vn 0.993963 -0.109552 -0.006032
vn 0.952504 0.277683 0.125013
vn 0.338868 -0.912484 0.229217
vn 0.338868 -0.912484 0.229217
vn 0.338870 -0.912484 0.229217
vn 0.338870 -0.912484 0.229217
vn 0.338872 -0.912483 0.229217
vn 0.338872 -0.912483 0.229217
vn 0.338872 -0.912483 0.229218
vn 0.338872 -0.912483 0.229218
vn -0.995188 -0.095205 -0.023185
vn -0.995188 -0.095205 -0.023185
vn -0.995188 -0.095205 -0.023185
vn -0.995188 -0.095205 -0.023185
vn -0.974919 -0.075752 -0.209273
vn -0.958460 0.271820 0.086422
vn -0.222746 -0.904917 0.362641
vn -0.222746 -0.904917 0.362641
vn -0.222746 -0.904918 0.362641
vn -0.222746 -0.904918 0.362641
vn -0.222746 -0.904918 0.362640
vn -0.222746 -0.904918 0.362640
vn -0.222747 -0.904918 0.362639
vn -0.222747 -0.904918 0.362639
vn 0.594846 -0.189668 -0.781143
vn 0.627852 -0.184325 -0.756192
vn 0.663280 -0.178005 -0.726893
vn 0.336106 -0.224777 -0.914608
vn -0.016704 -0.239195 -0.970828
vn 0.823963 -0.017944 0.566360
vn 0.827664 0.069129 0.556950
vn 0.827664 0.069129 0.556950
vn 0.995329 -0.022808 0.093807
vn 0.995329 -0.022808 0.093807
vn -0.607456 0.140660 0.781801
vn -0.674981 0.129608 0.726362
vn -0.730390 0.118987 0.672586
vn -0.332900 0.170836 0.927358
vn 0.191219 0.183049 0.964328
vn -0.863068 -0.168171 -0.476270
vn -0.863068 -0.168171 -0.476270
vn -0.861491 -0.168574 -0.478974
vn -0.861404 -0.168596 -0.479122
vn -0.859872 -0.168984 -0.481731
vn -0.859872 -0.168984 -0.481731
vn -0.987004 -0.089018 -0.133784
vn -0.987005 -0.089018 -0.133784
vn 0.277817 -0.275600 -0.920251
vn 0.231973 -0.293102 -0.927513
vn 0.187723 -0.309120 -0.932312
vn -0.133903 -0.340121 -0.930799
vn -0.468526 -0.333351 -0.818144
vn 0.994474 0.074339 0.074130
vn 0.994474 0.074339 0.074130
vn 0.997085 0.059225 0.048111
vn 0.996812 0.061089 0.051317
vn 0.998689 0.045211 0.024028
vn 0.998688 0.045211 0.024028
vn 0.952149 -0.066384 -0.298337
vn 0.952149 -0.066384 -0.298337
vn -0.339165 0.237168 0.910340
vn 0.143046 0.293421 0.945220
vn 0.550717 0.284714 0.784633
vn -0.967775 -0.239325 -0.078328
vn -0.971443 -0.225835 -0.072777
vn -0.985482 -0.163133 -0.047033
vn -0.985482 -0.163133 -0.047033
vn -0.921608 -0.021823 0.387507
vn -0.921608 -0.021823 0.387507
vn 0.982371 0.058995 -0.177391
vn 0.418153 0.164323 -0.893390
vn -0.491209 0.112248 -0.863779
vn 0.586987 -0.191693 0.786575
vn 0.917443 -0.065538 0.392431
vn -0.993356 -0.112831 0.022645
vn -0.426457 -0.284220 0.858693
vn -0.887748 0.010040 -0.460221
vn 0.688574 0.083083 -0.720391
vn -0.205043 0.013622 -0.978658
vn -0.926175 -0.094840 -0.364972
vn 0.962939 0.017049 0.269182
vn 0.968671 0.072507 -0.237527
vn -0.704634 -0.171627 0.688502
vn 0.273812 -0.115658 0.954804
vn -0.965445 -0.143013 0.217860
vn 0.781677 0.343314 -0.520688
vn 0.781677 0.343314 -0.520688
vn 0.831612 -0.034616 -0.554277
vn 0.831612 -0.034616 -0.554277
vn 0.450185 -0.043050 -0.891897
vn 0.442421 -0.043098 -0.895771
vn -0.059535 -0.040122 -0.997420
vn -0.059535 -0.040122 -0.997420
vn 0.713318 0.551822 0.432053
vn 0.713318 0.551822 0.432053
vn 0.713318 0.551822 0.432053
vn 0.713318 0.551822 0.432053
vn 0.893190 0.005804 0.449642
vn 0.893190 0.005804 0.449642
vn 0.973851 -0.007147 0.227074
vn 0.973851 -0.007147 0.227074
vn 0.973851 -0.007147 0.227074
vn 0.973851 -0.007147 0.227074
vn -0.128009 0.990810 0.043705
vn -0.128009 0.990810 0.043705
vn -0.470549 -0.292724 0.832404
vn -0.470548 -0.292724 0.832404
vn -0.430226 -0.292591 0.853989
vn -0.430238 -0.292591 0.853983
vn -0.389049 -0.291846 0.873766
vn -0.389049 -0.291846 0.873766
vn -0.736448 0.292690 -0.609899
vn -0.736448 0.292690 -0.609900
vn -0.736448 0.292690 -0.609900
vn -0.736448 0.292690 -0.609899
vn -0.761656 -0.019081 -0.647701
vn -0.761656 -0.019081 -0.647701
vn -0.761656 -0.019081 -0.647701
vn -0.761656 -0.019081 -0.647701
vn -0.893309 -0.005488 -0.449410
vn -0.892526 -0.006091 -0.450955
vn -0.892574 -0.006054 -0.450861
vn -0.893309 -0.005488 -0.449410
vn 0.221454 0.376950 -0.899370
vn 0.221454 0.376950 -0.899370
vn 0.245415 -0.013030 -0.969331
vn 0.245415 -0.013030 -0.969331
vn -0.235489 -0.013157 -0.971788
vn -0.227990 -0.013180 -0.973574
vn -0.657467 -0.010294 -0.753413
vn -0.657467 -0.010294 -0.753413
vn 0.844364 0.522722 -0.117519
vn 0.844364 0.522722 -0.117519
vn 0.844364 0.522722 -0.117519
vn 0.844364 0.522722 -0.117519
vn 0.972936 -0.007254 -0.230961
vn 0.972936 -0.007254 -0.230961
vn 0.898165 -0.008167 -0.439582
vn 0.898165 -0.008167 -0.439582
vn 0.898165 -0.008167 -0.439582
vn 0.898165 -0.008167 -0.439582
vn -0.021304 0.974108 0.225077
vn -0.021304 0.974108 0.225077
vn 0.167878 -0.405589 0.898507
vn 0.167878 -0.405589 0.898507
vn 0.212844 -0.406276 0.888616
vn 0.213011 -0.406277 0.888575
vn 0.257586 -0.406099 0.876774
vn 0.257586 -0.406098 0.876774
vn -0.946065 0.323317 0.020658
vn -0.946065 0.323317 0.020658
vn -0.946065 0.323317 0.020658
vn -0.946065 0.323317 0.020658
vn -0.999805 0.001138 0.019701
vn -0.999805 0.001138 0.019701
vn -0.999805 0.001138 0.019701
vn -0.999805 0.001138 0.019701
vn -0.973102 0.008169 0.230229
vn -0.972523 0.010109 0.232587
vn -0.972540 0.010052 0.232518
vn -0.973102 0.008169 0.230229
vn 0.076550 0.992495 -0.095364
vn 0.076550 0.992495 -0.095364
vn -0.022175 0.982170 -0.186682
vn -0.022175 0.982170 -0.186682
vn 0.065288 0.987520 -0.143322
vn 0.065215 0.987520 -0.143359
vn 0.152228 0.983421 -0.098539
vn 0.152228 0.983421 -0.098539
vn -0.891677 -0.006743 -0.452622
vn -0.891677 -0.006743 -0.452622
vn -0.929266 -0.214605 -0.300680
vn -0.929266 -0.214605 -0.300680
vn -0.929266 -0.214605 -0.300680
vn -0.929266 -0.214605 -0.300680
vn -0.695733 0.536838 -0.477242
vn -0.695733 0.536838 -0.477242
vn -0.695733 0.536838 -0.477242
vn -0.695733 0.536838 -0.477242
vn -0.056629 -0.988983 0.136771
vn -0.042833 -0.952285 0.302191
vn -0.042833 -0.952285 0.302191
vn -0.125262 -0.956953 0.261821
vn -0.125200 -0.956953 0.261852
vn -0.206635 -0.953539 0.219238
vn -0.206635 -0.953539 0.219238
vn 0.860480 0.416424 0.293538
vn 0.860480 0.416424 0.293538
vn 0.860480 0.416424 0.293538
vn 0.860480 0.416424 0.293538
vn 0.789137 0.549523 0.274387
vn 0.789137 0.549523 0.274387
vn 0.789137 0.549523 0.274387
vn 0.789137 0.549523 0.274387
vn 0.794594 -0.200866 0.572952
vn 0.794594 -0.200866 0.572952
vn 0.794594 -0.200866 0.572952
vn 0.794594 -0.200866 0.572952
vn 0.013178 0.998690 -0.049446
vn 0.013178 0.998690 -0.049446
vn -0.089144 0.995949 -0.011752
vn -0.089144 0.995950 -0.011752
vn 0.005404 0.999340 -0.035934
vn 0.005694 0.999335 -0.036008
vn 0.099912 0.993199 -0.059776
vn 0.099912 0.993199 -0.059776
vn -0.971879 0.012230 0.235164
vn -0.971879 0.012230 0.235164
vn -0.912455 -0.209262 0.351618
vn -0.912455 -0.209262 0.351618
vn -0.912455 -0.209262 0.351618
vn -0.912455 -0.209262 0.351618
vn -0.809981 0.565996 0.153556
vn -0.809981 0.565996 0.153556
vn -0.809981 0.565996 0.153556
vn -0.809981 0.565996 0.153556
vn 0.003575 -0.998327 0.057717
vn 0.116901 -0.982085 0.147795
vn 0.116901 -0.982085 0.147795
vn 0.027669 -0.985163 0.169376
vn 0.027646 -0.985163 0.169382
vn -0.061783 -0.979930 0.189525
vn -0.061783 -0.979930 0.189525
vn 0.861504 0.407260 -0.303232
vn 0.861504 0.407260 -0.303232
vn 0.861504 0.407260 -0.303232
vn 0.861504 0.407260 -0.303232
vn 0.804969 0.541089 -0.243409
vn 0.804969 0.541089 -0.243409
vn 0.804969 0.541089 -0.243409
vn 0.804969 0.541089 -0.243409
vn 0.965357 -0.238010 -0.106949
vn 0.965357 -0.238010 -0.106949
vn 0.965357 -0.238010 -0.106949
vn 0.965357 -0.238010 -0.106949
vn -0.606333 -0.462708 -0.646731
vn -0.886442 -0.441800 -0.137958
vn -0.870506 -0.249782 0.424063
vn 0.925453 -0.016586 -0.378499
vn 0.230193 -0.230572 -0.945435
vn 0.644991 0.203711 0.736539
vn 0.971489 0.105869 0.212133
vn -0.242687 0.139730 0.959989
vn 0.952412 -0.297172 -0.067820
vn 0.678508 -0.471523 -0.563288
vn 0.182179 -0.465501 -0.866094
vn -0.186323 0.206428 0.960558
vn 0.692332 0.100478 0.714549
vn -0.990779 0.031627 0.131747
vn -0.730804 0.137929 0.668507
vn -0.677633 -0.192231 -0.709831
vn 0.520491 -0.502556 0.690309
vn 0.520491 -0.502556 0.690309
vn 0.520491 -0.502556 0.690309
vn 0.520491 -0.502556 0.690309
vn 0.651911 -0.500285 0.569848
vn -0.056855 -0.509081 0.858839
vn -0.702459 -0.526076 0.479371
vn 0.776721 -0.620922 0.105638
vn -0.929379 -0.333405 0.158418
vn -0.929379 -0.333405 0.158418
vn -0.759019 -0.651065 0.002071
vn 0.809940 -0.075848 -0.581588
vn -0.245656 0.194326 0.949679
vn -0.755626 -0.078704 0.650258
vn -0.755626 -0.078704 0.650258
vn -0.244868 0.194651 0.949816
vn -0.936266 -0.349132 -0.038896
vn -0.936266 -0.349132 -0.038896
vn -0.936266 -0.349132 -0.038896
vn -0.936266 -0.349132 -0.038896
vn -0.880639 -0.388258 -0.271534
vn -0.880639 -0.388258 -0.271534
vn -0.880639 -0.388258 -0.271534
vn -0.880639 -0.388258 -0.271534
vn -0.287534 -0.303425 -0.908437
vn 0.219768 -0.125967 -0.967385
vn 0.219801 -0.125953 -0.967380
vn -0.287534 -0.303426 -0.908437
vn 0.554656 0.028808 -0.831581
vn 0.554656 0.028808 -0.831581
vn 0.908826 0.392803 0.140500
vn 0.908826 0.392803 0.140500
vn 0.908826 0.392803 0.140500
vn 0.908826 0.392803 0.140500
vn 0.902223 0.397336 0.167682
vn 0.902223 0.397336 0.167682
vn 0.902223 0.397336 0.167682
vn 0.902223 0.397336 0.167682
vn 0.215138 0.349219 0.912010
vn 0.215138 0.349219 0.912010
vn -0.677985 -0.089765 -0.729574
vn -0.217804 -0.288244 -0.932457
vn -0.217804 -0.288244 -0.932457
vn -0.678011 -0.089750 -0.729552
vn 0.608864 -0.413993 -0.676679
vn 0.608864 -0.413993 -0.676679
vn 0.608864 -0.413993 -0.676679
vn 0.608864 -0.413993 -0.676679
vn 0.774733 -0.383689 -0.502565
vn 0.774733 -0.383689 -0.502565
vn 0.774733 -0.383689 -0.502565
vn 0.774733 -0.383689 -0.502565
vn 0.974329 -0.126279 0.186378
vn 0.694772 0.157570 0.701757
vn 0.694184 0.157914 0.702262
vn 0.974329 -0.126279 0.186378
vn 0.284378 0.331103 0.899722
vn 0.284378 0.331103 0.899722
vn -0.678833 0.426855 0.597478
vn -0.678834 0.426855 0.597478
vn -0.678834 0.426855 0.597478
vn -0.678834 0.426855 0.597478
vn -0.698300 0.423356 0.577189
vn -0.698300 0.423356 0.577189
vn -0.698300 0.423356 0.577189
vn -0.698300 0.423356 0.577189
vn -0.892979 0.073862 -0.443997
vn -0.892979 0.073862 -0.443997
s 1
g pCube1
usemtl pCube1SG
f 101/1/1 1/2/2 98/3/3 97/4/4
f 99/5/5 2/6/6 103/7/7 102/8/8
f 104/9/9 3/10/10 107/11/11 106/12/12
s 3
f 114/13/13 5/14/14 111/15/15 110/16/16
f 112/17/17 6/18/18 116/19/19 115/20/20
f 117/21/21 7/22/22 120/23/23 119/24/24
f 126/25/25 9/26/26 113/27/27 123/28/28
f 124/29/29 10/30/30 118/31/31 127/32/32
f 128/33/33 11/34/34 122/35/35 130/36/36
f 136/424/37 13/38/38 125/39/39 133/474/40
f 141/401/41 85/42/42 138/43/43 137/473/44
f 145/413/45 15/477/46 132/47/47 142/472/48
f 149/49/49 17/50/50 135/51/51 146/52/52
f 147/53/53 18/54/54 151/470/55 150/56/56
f 152/57/57 19/58/58 144/59/59 154/60/60
f 160/61/61 21/62/62 148/63/63 157/64/64
f 158/65/65 22/66/66 153/67/67 161/68/68
f 162/69/69 23/70/70 156/71/71 164/72/72
f 171/73/73 90/74/74 168/75/75 167/76/76
f 169/77/77 91/78/78 173/79/79 172/80/80
f 174/81/81 92/82/82 177/83/83 176/84/84
s 10
f 184/85/85 49/86/86 181/87/87 180/88/88
s 1
f 187/464/89 30/90/90 175/91/91 185/469/92
s 12
f 192/93/93 53/94/94 189/95/95 188/96/96
s off
f 108/97/97 4/98/98 194/99/99 193/100/100
s 3
f 121/101/101 8/102/102 197/103/103 196/104/104
s 13
f 378/105/105 377/106/106 379/107/107 380/108/108
s off
f 171/73/109 29/109/110 204/110/111 203/111/112
s 3
f 160/61/61 25/112/113 207/113/114 206/114/115
s 14
f 386/501/116 387/116/117 388/117/118 389/118/119
s 15
f 216/119/120 29/109/121 170/120/122 213/121/123
s 1
f 214/122/124 30/90/90 187/464/89 217/123/125
f 218/124/126 2/6/6 98/3/127 220/125/128
s 17
f 221/126/129 1/2/130 204/462/131 223/127/132
s 18
f 228/128/133 31/129/134 179/130/135 225/131/136
s 19
f 226/132/137 32/133/138 194/460/139 229/134/140
s 1
f 230/135/141 4/98/142 107/11/143 232/136/144
f 233/137/145 3/10/10 186/458/146 235/139/147
s 21
f 240/140/148 33/141/149 215/142/150 237/143/151
f 238/144/152 34/145/153 219/454/154 241/147/155
f 242/148/156 35/149/157 222/150/158 244/151/159
f 245/152/160 36/153/161 224/447/162 247/155/163
s 22
f 252/156/164 37/157/165 227/158/166 249/159/167
f 250/160/168 38/161/169 231/441/170 253/163/171
f 254/164/172 39/165/173 234/166/174 256/167/175
f 257/168/176 40/169/177 236/434/178 259/171/179
s 23
f 263/524/180 41/479/181 239/174/182 261/528/183
s off
f 262/176/184 42/177/185 243/178/186 264/527/187
s 24
f 270/511/188 58/181/189 267/182/190 266/525/191
s off
f 272/516/192 44/448/193 248/186/194 271/523/195
s 25
f 275/518/196 45/478/197 251/190/198 273/522/199
s off
f 274/192/200 46/193/201 255/194/202 276/521/203
s 26
f 282/505/204 62/197/205 279/198/206 278/519/207
s off
f 284/510/208 48/435/209 260/202/210 283/517/211
s 27
f 287/204/212 43/450/213 246/206/214 285/207/215
s off
f 286/208/216 44/448/217 272/516/218 288/209/219
s 10
f 289/210/220 52/211/221 183/212/222 290/213/223
s 28
f 291/214/224 51/215/225 265/513/226 292/217/227
s 29
f 295/218/228 47/437/229 258/220/230 293/221/231
s off
f 294/222/232 48/435/233 284/510/234 296/223/235
s 12
f 297/224/236 56/225/237 191/226/238 298/227/239
s 30
f 299/228/240 55/229/241 277/507/242 300/231/243
s 3
f 304/232/244 12/233/245 198/430/246 301/235/247
f 302/236/248 24/237/249 155/238/250 305/239/251
f 306/240/252 20/241/253 143/428/254 308/243/255
f 309/244/256 16/245/257 131/246/258 311/247/259
f 316/248/260 21/62/62 208/426/261 313/250/262
f 314/251/263 9/26/26 126/25/25 317/252/264
f 318/253/265 13/38/38 136/424/37 320/254/266
f 321/255/267 17/50/50 149/49/49 323/256/268
f 327/257/269 66/258/270 303/422/271 325/260/272
f 326/261/273 65/262/274 307/263/275 328/264/276
f 329/265/277 67/266/278 310/420/279 330/268/280
f 331/269/281 68/270/282 312/271/283 332/272/284
f 335/273/285 69/274/286 315/418/287 333/276/288
f 334/277/289 70/278/290 319/279/291 336/280/292
f 337/281/293 71/282/294 322/416/295 338/284/296
f 339/285/297 72/286/298 324/287/299 340/288/300
s off
f 344/289/301 14/480/302 129/291/303 341/292/304
s 3
f 342/293/305 15/46/306 145/414/45 345/294/307
f 346/295/308 19/471/58 151/55/309 348/296/310
f 349/297/311 18/475/54 134/410/312 351/299/313
f 355/300/314 81/301/315 343/302/316 353/303/317
f 354/304/318 82/305/319 347/406/320 356/307/321
f 357/308/322 83/309/323 350/310/324 358/311/325
f 359/312/326 84/313/327 352/403/328 360/315/329
f 363/316/330 90/74/74 205/400/331 361/318/332
f 363/316/330 25/112/113 159/319/333 364/320/334
f 365/321/335 26/322/336 163/323/337 366/324/338
f 367/325/339 27/326/340 166/327/341 368/328/342
f 371/329/343 94/330/344 195/397/345 370/332/346
f 373/333/347 95/334/348 109/335/349 372/336/350
f 375/337/351 96/338/352 105/339/353 374/340/354
f 362/341/355 89/342/356 100/343/357 376/344/358
s 1
f 98/3/3 2/6/6 99/5/5 97/4/4
s 3
f 99/5/359 96/338/352 100/343/357 97/4/360
f 100/343/357 89/342/356 101/1/361 97/4/360
s 1
f 103/7/7 3/10/10 104/9/9 102/8/362
s 3
f 104/9/363 95/334/348 105/339/353 102/8/364
f 105/339/353 96/338/352 99/5/359 102/8/364
s 1
f 107/11/11 4/98/365 108/97/366 106/12/12
s 3
f 108/97/367 94/330/344 109/335/349 106/12/368
f 109/335/349 95/334/348 104/9/363 106/12/368
f 111/15/15 6/18/18 112/17/17 110/16/16
f 112/17/17 10/30/30 113/27/27 110/16/16
f 113/27/27 9/26/26 114/13/13 110/16/16
f 116/19/19 7/22/22 117/21/21 115/20/20
f 117/21/21 11/34/34 118/31/31 115/20/20
f 118/31/31 10/30/30 112/17/17 115/20/20
f 120/23/23 8/102/102 121/101/101 119/24/24
f 121/101/101 12/233/245 122/35/35 119/24/24
f 122/35/35 11/34/34 117/21/21 119/24/24
f 113/27/27 10/30/30 124/29/29 123/28/28
f 124/29/29 14/290/369 125/39/39 123/28/28
f 125/39/39 13/38/38 126/25/25 123/28/28
f 118/31/31 11/34/34 128/33/33 127/32/32
f 128/33/33 15/477/46 129/476/370 127/32/32
f 129/476/370 14/290/369 124/29/29 127/32/32
f 122/35/35 12/233/245 131/246/258 130/36/36
f 131/246/258 16/245/257 132/47/47 130/36/36
f 132/47/47 15/477/46 128/33/33 130/36/36
f 125/39/39 14/290/369 134/408/312 133/474/40
f 134/409/312 18/54/54 135/51/51 133/40/40
f 135/51/51 17/50/50 136/37/37 133/40/40
f 138/43/43 86/345/371 139/346/372 137/473/44
f 139/404/372 87/347/373 140/348/374 137/44/44
f 140/348/374 88/349/375 141/41/41 137/44/44
f 132/47/47 16/245/257 143/242/254 142/472/48
f 143/428/254 20/241/253 144/59/59 142/48/48
f 144/59/59 19/58/58 145/412/45 142/48/48
f 135/51/51 18/54/54 147/53/53 146/52/52
f 147/53/53 22/66/66 148/63/63 146/52/52
f 148/63/63 21/62/62 149/49/49 146/52/52
f 151/470/55 19/58/58 152/57/57 150/56/56
f 152/57/57 23/70/70 153/67/67 150/56/56
f 153/67/67 22/66/66 147/53/53 150/56/56
f 144/59/59 20/241/253 155/238/250 154/60/60
f 155/238/250 24/237/249 156/71/71 154/60/60
f 156/71/71 23/70/70 152/57/57 154/60/60
f 148/63/63 22/66/66 158/65/65 157/64/64
f 158/65/65 26/322/336 159/319/333 157/64/64
f 159/319/333 25/112/113 160/61/61 157/64/64
f 153/67/67 23/70/70 162/69/69 161/68/68
f 162/69/69 27/326/340 163/323/337 161/68/68
f 163/323/337 26/322/336 158/65/65 161/68/68
f 156/71/71 24/237/249 165/350/376 164/72/72
f 165/350/376 28/351/377 166/327/341 164/72/72
f 166/327/341 27/326/340 162/69/69 164/72/72
f 168/75/75 91/78/78 169/77/77 167/76/76
s 1
f 169/77/378 30/90/90 170/120/379 167/76/380
f 170/120/379 29/109/381 171/73/382 167/76/380
s 3
f 173/79/79 92/82/82 174/81/81 172/80/80
s 1
f 174/81/383 31/129/384 175/91/91 172/80/385
f 175/91/91 30/90/90 169/77/378 172/80/386
s 3
f 177/83/83 93/352/387 178/353/388 176/84/84
s 1
f 178/353/389 32/133/390 179/130/391 176/84/392
f 179/130/391 31/129/384 174/81/383 176/84/392
s 10
f 181/87/87 50/354/393 182/355/394 180/88/88
f 182/355/394 51/215/395 183/212/222 180/88/88
f 183/212/222 52/211/221 184/85/85 180/88/88
s 1
f 175/91/91 31/129/384 186/138/146 185/469/92
f 186/458/146 3/10/10 103/7/7 185/92/92
f 103/7/7 2/6/6 187/89/89 185/92/92
s 12
f 189/95/95 54/356/396 190/357/397 188/96/96
f 190/357/397 55/229/398 191/226/238 188/96/96
f 191/226/238 56/225/237 192/93/93 188/96/96
s off
f 194/460/399 32/133/400 178/353/401 193/468/402
s 3
f 178/353/388 93/352/387 195/331/345 193/468/403
f 195/397/345 94/330/344 108/97/367 193/100/403
f 197/395/103 28/351/377 165/350/376 196/467/104
f 165/350/376 24/237/249 198/234/404 196/467/104
f 198/430/404 12/233/245 121/101/101 196/104/104
s 41
f 379/107/405 381/358/406 382/503/407 380/108/408
f 382/359/407 383/360/409 384/361/410 380/108/408
s 13
f 384/361/411 385/362/412 378/105/105 380/108/108
s off
f 204/462/413 1/2/414 101/1/415 203/466/416
s 3
f 101/1/361 89/342/356 205/317/331 203/466/417
f 205/400/331 90/74/74 171/73/73 203/111/417
f 207/398/114 5/14/14 114/13/13 206/465/115
f 114/13/13 9/26/26 208/249/418 206/465/115
f 208/426/418 21/62/62 160/61/61 206/114/115
s 42
f 388/117/419 390/363/420 391/364/421 389/118/422
f 391/364/421 392/365/423 393/366/424 389/118/422
s 14
f 393/366/425 394/367/426 386/115/116 389/118/119
s 15
f 170/120/122 30/90/427 214/122/428 213/121/123
f 214/122/428 34/145/429 215/142/430 213/121/123
f 215/142/430 33/141/431 216/119/120 213/121/123
s 1
f 187/89/89 2/6/6 218/124/126 217/463/432
f 218/124/126 35/149/433 219/146/434 217/463/432
f 219/454/435 34/145/436 214/122/124 217/123/125
f 98/3/127 1/2/437 221/126/438 220/125/128
f 221/126/438 36/153/439 222/150/440 220/125/128
f 222/150/440 35/149/441 218/124/126 220/125/128
s 43
f 204/110/442 29/109/443 216/119/444 223/461/445
f 216/119/444 33/141/446 224/154/447 223/461/445
s 17
f 224/447/448 36/153/449 221/126/129 223/127/132
s 18
f 179/130/135 32/133/450 226/132/451 225/131/136
f 226/132/451 38/161/452 227/158/453 225/131/136
f 227/158/453 37/157/454 228/128/133 225/131/136
s 44
f 194/99/455 4/98/456 230/135/457 229/459/458
f 230/135/457 39/165/459 231/162/460 229/459/458
s 19
f 231/441/461 38/161/462 226/132/137 229/134/140
s 1
f 107/11/143 3/10/10 233/137/145 232/136/144
f 233/137/145 40/169/463 234/166/464 232/136/144
f 234/166/464 39/165/465 230/135/141 232/136/144
f 186/138/146 31/129/384 228/128/466 235/457/467
f 228/128/466 37/157/468 236/170/469 235/457/467
f 236/434/470 40/169/471 233/137/145 235/139/147
s 21
f 215/142/150 34/145/153 238/144/152 237/143/151
f 238/144/152 42/456/472 239/455/473 237/143/151
f 239/455/473 41/173/474 240/140/148 237/143/151
f 219/146/154 35/149/157 242/148/156 241/453/155
f 242/148/156 43/205/475 243/451/476 241/453/155
f 243/452/476 42/456/472 238/144/152 241/147/155
f 222/150/158 36/153/161 245/152/160 244/151/159
f 245/152/160 44/185/477 246/449/478 244/151/159
f 246/449/478 43/205/475 242/148/156 244/151/159
f 224/154/162 33/141/149 240/140/148 247/446/163
f 240/140/148 41/173/474 248/444/479 247/446/163
f 248/445/479 44/185/477 245/152/160 247/155/163
s 22
f 227/158/166 38/161/169 250/160/168 249/159/167
f 250/160/168 46/443/480 251/442/481 249/159/167
f 251/442/481 45/189/482 252/156/164 249/159/167
f 231/162/170 39/165/173 254/164/172 253/440/171
f 254/164/172 47/219/483 255/438/484 253/440/171
f 255/439/484 46/443/480 250/160/168 253/163/171
f 234/166/174 40/169/177 257/168/176 256/167/175
f 257/168/176 48/201/485 258/436/486 256/167/175
f 258/436/486 47/219/483 254/164/172 256/167/175
f 236/170/178 37/157/165 252/156/164 259/433/179
f 252/156/164 45/189/482 260/431/487 259/433/179
f 260/432/487 48/201/485 257/168/176 259/171/179
s 23
f 239/174/182 42/177/488 262/176/489 261/528/183
s 45
f 262/526/490 50/354/491 181/87/492 261/175/493
f 181/87/492 49/86/494 263/172/495 261/175/493
s off
f 243/178/496 43/450/497 265/216/498 264/527/499
s 28
f 265/513/226 51/215/225 182/355/500 264/179/501
s off
f 182/355/502 50/354/503 262/526/504 264/179/505
s 24
f 267/182/190 57/368/506 268/369/507 266/525/191
s 46
f 268/514/508 59/370/509 269/371/510 266/183/511
f 269/371/510 60/372/512 270/180/513 266/183/511
s off
f 248/186/514 41/479/515 263/524/516 271/523/517
f 263/172/518 49/86/519 184/85/520 271/187/521
s 47
f 184/85/522 52/211/523 272/184/524 271/187/525
s 25
f 251/190/198 46/193/526 274/192/527 273/522/199
s 48
f 274/520/528 54/356/529 189/95/530 273/191/531
f 189/95/530 53/94/532 275/188/533 273/191/531
s off
f 255/194/534 47/437/535 277/230/536 276/521/537
s 30
f 277/507/242 55/229/241 190/357/538 276/195/539
s off
f 190/357/540 54/356/541 274/520/542 276/195/543
s 26
f 279/198/206 61/373/544 280/374/545 278/519/207
s 49
f 280/508/546 63/375/547 281/376/548 278/199/549
f 281/376/548 64/377/550 282/196/551 278/199/549
s off
f 260/202/552 45/478/553 275/518/554 283/517/555
f 275/188/556 53/94/557 192/93/558 283/203/559
s 50
f 192/93/560 56/225/561 284/200/562 283/203/563
s 27
f 246/206/214 44/448/564 286/208/565 285/207/215
s 51
f 286/208/566 57/368/567 267/182/568 285/207/569
f 267/182/568 58/181/570 287/204/571 285/207/569
s 47
f 272/184/524 52/211/523 289/210/572 288/515/573
s off
f 289/210/574 59/370/575 268/514/576 288/515/577
f 268/369/578 57/368/579 286/208/580 288/209/581
s 10
f 183/212/222 51/215/395 291/214/582 290/213/223
s 52
f 291/214/583 60/372/584 269/371/585 290/213/586
f 269/371/585 59/370/587 289/210/588 290/213/586
s off
f 265/216/589 43/450/590 287/204/591 292/512/592
f 287/204/593 58/181/594 270/511/595 292/512/596
f 270/180/597 60/372/598 291/214/599 292/217/600
s 29
f 258/220/230 48/435/601 294/222/602 293/221/231
s 53
f 294/222/603 61/373/604 279/198/605 293/221/606
f 279/198/605 62/197/607 295/218/608 293/221/606
s 50
f 284/200/562 56/225/561 297/224/609 296/509/610
s off
f 297/224/611 63/375/612 280/508/613 296/509/614
f 280/374/615 61/373/616 294/222/617 296/223/618
s 12
f 191/226/238 55/229/398 299/228/619 298/227/239
s 54
f 299/228/620 64/377/621 281/376/622 298/227/623
f 281/376/622 63/375/624 297/224/625 298/227/623
s off
f 277/230/626 47/437/627 295/218/628 300/506/629
f 295/218/630 62/197/631 282/505/632 300/506/633
f 282/196/634 64/377/635 299/228/636 300/231/637
s 3
f 198/234/246 24/237/249 302/236/248 301/429/247
f 302/236/248 65/262/274 303/259/271 301/429/247
f 303/422/271 66/258/270 304/232/244 301/235/247
f 155/238/250 20/241/253 306/240/252 305/239/251
f 306/240/252 67/266/278 307/263/275 305/239/251
f 307/263/275 65/262/274 302/236/248 305/239/251
f 143/242/254 16/245/257 309/244/256 308/427/255
f 309/244/256 68/270/282 310/267/279 308/427/255
f 310/420/279 67/266/278 306/240/252 308/243/255
f 131/246/258 12/233/245 304/232/244 311/247/259
f 304/232/244 66/258/270 312/271/283 311/247/259
f 312/271/283 68/270/282 309/244/256 311/247/259
f 208/249/261 9/26/26 314/251/263 313/425/262
f 314/251/263 70/278/290 315/275/287 313/425/262
f 315/418/287 69/274/286 316/248/260 313/250/262
f 126/25/25 13/38/38 318/253/265 317/252/264
f 318/253/265 71/282/294 319/279/291 317/252/264
f 319/279/291 70/278/290 314/251/263 317/252/264
f 136/37/37 17/50/50 321/255/267 320/423/266
f 321/255/267 72/286/298 322/283/295 320/423/266
f 322/416/295 71/282/294 318/253/265 320/254/266
f 149/49/49 21/62/62 316/248/260 323/256/268
f 316/248/260 69/274/286 324/287/299 323/256/268
f 324/287/299 72/286/298 321/255/267 323/256/268
f 303/259/271 65/262/274 326/261/273 325/421/272
f 326/261/273 73/497/638 199/498/639 325/421/272
f 199/499/639 74/500/640 327/257/269 325/260/272
f 307/263/275 67/266/278 329/265/277 328/264/276
f 329/265/277 75/495/641 200/496/642 328/264/276
f 200/496/642 73/497/638 326/261/273 328/264/276
f 310/267/279 68/270/282 331/269/281 330/419/280
f 331/269/281 76/492/643 201/493/644 330/419/280
f 201/494/644 75/495/641 329/265/277 330/268/280
f 312/271/283 66/258/270 327/257/269 332/272/284
f 327/257/269 74/500/640 202/491/645 332/272/284
f 202/491/645 76/492/643 331/269/281 332/272/284
f 315/275/287 70/278/290 334/277/289 333/417/288
f 334/277/289 78/490/646 209/488/647 333/417/288
f 209/489/647 77/482/648 335/273/285 333/276/288
f 319/279/291 71/282/294 337/281/293 336/280/292
f 337/281/293 79/487/649 210/486/650 336/280/292
f 210/486/650 78/490/646 334/277/289 336/280/292
f 322/283/295 72/286/298 339/285/297 338/415/296
f 339/285/297 80/485/651 211/483/652 338/415/296
f 211/484/652 79/487/649 337/281/293 338/284/296
f 324/287/299 69/274/286 335/273/285 340/288/300
f 335/273/285 77/482/648 212/481/653 340/288/300
f 212/481/653 80/485/651 339/285/297 340/288/300
s off
f 129/291/654 15/46/655 342/293/656 341/292/657
s 3
f 342/293/658 82/305/319 343/302/316 341/292/659
f 343/302/316 81/301/315 344/289/660 341/292/659
f 145/45/45 19/471/58 346/295/308 345/411/307
f 346/295/308 83/309/323 347/306/320 345/411/661
f 347/406/320 82/305/319 342/293/658 345/294/661
f 151/55/309 18/475/54 349/297/311 348/296/310
f 349/297/311 84/313/327 350/310/324 348/296/310
f 350/310/324 83/309/323 346/295/308 348/296/310
f 134/298/312 14/480/662 344/289/663 351/407/313
f 344/289/660 81/301/315 352/314/328 351/407/664
f 352/403/328 84/313/327 349/297/311 351/299/664
f 343/302/316 82/305/319 354/304/318 353/303/317
f 354/304/318 86/345/371 138/43/43 353/303/317
f 138/43/43 85/42/42 355/300/314 353/303/317
f 347/306/320 83/309/323 357/308/322 356/405/321
f 357/308/322 87/347/373 139/404/372 356/405/321
f 139/346/372 86/345/371 354/304/318 356/307/321
f 350/310/324 84/313/327 359/312/326 358/311/325
f 359/312/326 88/349/375 140/348/374 358/311/325
f 140/348/374 87/347/373 357/308/322 358/311/325
f 352/314/328 81/301/315 355/300/314 360/402/329
f 355/300/314 85/42/42 141/401/41 360/402/329
f 141/41/41 88/349/375 359/312/326 360/315/329
f 205/317/331 89/342/356 362/341/355 361/399/332
f 362/341/355 5/14/14 207/398/114 361/399/332
f 207/113/114 25/112/113 363/316/330 361/318/332
f 159/319/333 26/322/336 365/321/335 364/320/334
f 365/321/335 91/78/78 168/75/75 364/320/334
f 168/75/75 90/74/74 363/316/330 364/320/334
f 163/323/337 27/326/340 367/325/339 366/324/338
f 367/325/339 92/82/82 173/79/79 366/324/338
f 173/79/79 91/78/78 365/321/335 366/324/338
f 166/327/341 28/351/377 369/394/665 368/328/342
f 369/394/665 93/352/387 177/83/83 368/328/342
f 177/83/83 92/82/82 367/325/339 368/328/342
f 195/331/345 93/352/387 369/394/665 370/396/346
f 369/394/665 28/351/377 197/395/103 370/396/346
f 197/103/103 8/102/102 371/329/343 370/332/346
f 109/335/349 94/330/344 371/329/343 372/336/350
f 371/329/343 8/102/102 120/23/23 372/336/350
f 120/23/23 7/22/22 373/333/347 372/336/350
f 105/339/353 95/334/348 373/333/347 374/340/354
f 373/333/347 7/22/22 116/19/19 374/340/354
f 116/19/19 6/18/18 375/337/351 374/340/354
f 100/343/357 96/338/352 375/337/351 376/344/358
f 375/337/351 6/18/18 111/15/15 376/344/358
f 111/15/15 5/14/14 362/341/355 376/344/358
s 55
f 202/385/666 74/380/667 377/106/668 378/105/669
s off
f 74/380/670 199/379/671 379/107/672 377/106/673
f 199/379/674 73/378/675 381/358/676 379/107/677
s 56
f 73/378/678 200/504/679 382/503/680 381/358/681
f 200/382/679 75/381/682 383/360/683 382/359/680
s off
f 75/381/684 201/384/685 384/361/686 383/360/687
f 201/384/688 76/383/689 385/362/690 384/361/691
s 55
f 76/383/692 202/385/666 378/105/669 385/362/693
s 57
f 212/393/694 77/388/695 387/116/696 386/501/697
s off
f 77/388/698 209/387/699 388/117/700 387/116/701
f 209/387/702 78/386/703 390/363/704 388/117/705
s 58
f 78/386/706 210/390/707 391/364/708 390/363/709
f 210/390/707 79/389/710 392/365/711 391/364/708
s off
f 79/389/712 211/392/713 393/366/714 392/365/715
f 211/392/716 80/391/717 394/367/718 393/366/719
s 57
f 80/391/720 212/502/694 386/115/697 394/367/721
