# This file uses centimeters as units for non-parametric coordinates.

mtllib my_animation.0023.mtl
g default
v -17.646986 112.545921 2.747590
v -4.016660 112.608238 3.368932
v 7.404313 113.914864 3.653886
v 21.249994 114.581467 2.362324
v -20.101374 133.377441 8.114642
v -8.449299 127.762520 16.271193
v 9.746201 128.589966 16.594591
v 21.277462 135.207138 8.951389
v -19.864332 159.069702 24.853195
v -8.168602 150.021561 29.434889
v 6.992502 150.983002 30.125483
v 17.874395 161.000763 27.239176
v -22.079437 167.124695 32.282612
v -7.751479 169.708374 34.407921
v 3.672015 170.403946 34.886589
v 18.878139 169.814453 34.193378
v -24.141108 173.128387 23.316988
v -9.661160 176.850327 24.738031
v 5.496010 177.828888 25.458361
v 19.946629 175.009689 24.464029
v -20.731632 163.825226 18.215639
v -8.206099 164.264694 10.445842
v 6.953885 165.222458 11.132415
v 18.257011 165.420959 20.647442
v -20.282667 141.272369 -2.081946
v -7.283916 144.099274 -4.995598
v 7.880244 144.823425 -4.689704
v 21.093264 143.279709 -1.475222
v -16.051571 107.326134 -8.010098
v -2.868744 105.762428 -5.165094
v 6.736931 106.103561 -3.917820
v 19.836111 108.748337 -7.832994
v -14.724599 83.190361 16.988865
v -7.219746 83.750381 18.082266
v -9.426282 89.345985 27.440302
v -16.943586 88.486504 26.365173
v 13.978030 86.950714 21.193848
v 21.656099 86.620659 19.793461
v 23.710609 94.143143 28.676254
v 16.033499 94.424385 30.059488
v -8.092566 66.524757 -5.687109
v -1.540576 66.634857 -2.365695
v -5.392983 59.473640 4.923263
v -11.665133 59.257473 1.140858
v 9.486679 64.799889 4.660449
v 16.294292 65.558525 1.601483
v 20.899092 60.057209 9.628699
v 14.274350 59.091675 13.069379
v -6.023551 62.937447 -9.853590
v 1.518761 63.195557 -5.311999
v -2.744858 53.516697 5.104470
v -12.639637 53.107418 -1.263623
v 7.466275 60.449841 1.804835
v 15.419805 61.555328 -2.232642
v 23.376472 54.294418 7.767481
v 13.123076 52.683826 13.339914
v -19.205566 45.812706 11.416447
v -11.458719 46.154003 16.532284
v -17.763245 43.266315 9.401458
v -10.016549 43.607182 14.517552
v 22.362953 48.125320 25.797215
v 30.395384 49.419628 21.313133
v 21.747581 45.220921 23.843426
v 29.776012 46.517319 19.352783
v 44.238010 158.894485 23.744360
v 38.771370 158.337875 32.811642
v 45.338509 169.539917 24.779476
v 40.570679 168.780304 34.169125
v -46.334846 153.887894 25.310425
v -38.392506 152.048019 32.425701
v -41.027065 161.253922 37.103279
v -48.060490 163.667709 29.449533
v 63.287148 154.113815 46.086529
v 56.166134 154.313507 52.775043
v 63.725330 157.842377 46.441681
v 56.603848 158.042145 53.130913
v -59.192467 140.850403 48.396706
v -50.793266 140.324677 53.364437
v -51.459949 143.725311 54.851524
v -59.859150 144.251053 49.883793
v -9.976156 177.385239 44.026150
v 5.702746 177.881668 43.702473
v 8.119701 185.135696 29.072750
v -13.579231 184.223907 29.396376
v -9.706363 197.113968 52.532326
v 5.138774 197.554108 51.973518
v 3.936396 207.522766 37.116322
v -10.215203 207.103195 37.649021
v -17.907534 117.612114 1.846352
v -17.535910 117.885330 -10.162845
v -4.570923 119.085732 -12.525041
v 7.285653 119.722122 -12.455829
v 20.407177 119.609077 -10.359544
v 20.905930 119.222496 1.845495
v 8.887523 117.590569 6.574941
v -5.868353 117.014229 6.602316
v -12.233650 115.475731 3.763375
v -12.068334 113.347801 4.609703
v -5.217475 114.666855 4.745909
v -12.827254 117.580002 4.904322
v -17.777290 115.010742 1.228032
v 1.627098 114.416641 5.037859
v 1.743349 112.710686 4.746046
v 8.487599 115.273010 4.584536
v 1.538306 116.776146 6.916687
v 15.414975 116.714066 3.442611
v 15.581385 115.096077 4.256569
v 21.047132 116.687111 0.978170
v 15.749883 118.671951 4.860815
v -16.095657 141.500351 19.665764
v -15.782545 130.251022 12.495259
v -9.267593 138.966827 22.891899
v -16.154028 152.566376 26.600109
v -21.108196 144.631805 16.112673
v 0.184666 138.205475 22.642881
v 0.659327 127.649773 17.114893
v 9.533290 139.764191 23.345730
v -0.587632 151.246353 28.786816
v 16.346251 142.887817 20.504608
v 16.956505 131.746414 13.078249
v 21.399857 146.356720 17.425598
v 14.723455 154.391800 28.022345
v -15.041689 161.302917 32.166840
v -8.208109 161.923508 34.304516
v -15.903231 169.267761 34.818287
v -21.599743 161.962616 30.170839
v -1.507384 161.708328 34.273838
v 5.081512 162.769272 34.912434
v -2.112663 170.965424 37.512928
v 12.031326 162.921265 33.449699
v 19.245758 164.586929 32.654461
v 11.525465 170.944244 36.264713
v -16.264149 174.662567 30.827845
v -8.881481 175.219879 31.252220
v -17.533072 177.262924 24.425926
v -23.048164 170.849701 28.253454
v -2.453407 203.358841 52.492329
v -2.264633 197.165878 52.629478
v 5.902776 203.244400 47.485119
v -3.237783 208.714157 35.872791
v -12.077789 202.704025 48.178249
v 11.600717 176.396072 32.323647
v 19.395700 173.292435 29.752621
v 13.210995 179.030563 25.941830
v 4.418294 175.977798 31.767847
v -16.521338 172.078156 18.155949
v -9.202371 173.785889 18.373928
v -16.621037 163.844391 11.800352
v -24.173685 168.943237 19.123434
v -1.594352 174.259644 18.713076
v -2.315611 179.870743 25.975172
v 6.058120 174.763733 19.082737
v -0.625951 164.743195 10.788799
v 13.385524 173.658966 19.724417
v 20.175419 170.275696 20.925911
v 15.153308 165.661560 13.359032
v -15.618111 153.765091 3.774819
v -7.529643 154.219406 2.870151
v -14.896708 143.468460 -4.495735
v -21.423683 151.956696 6.649781
v 0.072784 154.586121 3.099790
v 7.617753 154.952393 3.306402
v 0.331455 144.236496 -5.116313
v 15.688190 155.158157 4.646422
v 21.641136 153.870224 7.794773
v 15.474796 144.848770 -3.963468
v -10.968356 112.714050 -12.087189
v -11.825379 118.329094 -12.546905
v -3.882470 113.879471 -12.076480
v -10.154692 107.351395 -9.993785
v -16.746902 112.334488 -9.991930
v 1.590994 114.434036 -11.769547
v 1.357599 119.917366 -12.387562
v 7.077544 114.258995 -11.815094
v 1.818909 109.259438 -9.692891
v 14.160717 113.646637 -11.890264
v 14.551706 119.504883 -12.520389
v 20.072704 113.840996 -10.125547
v 13.813091 108.012596 -9.169984
v -4.466180 59.050236 -3.616075
v -1.368923 64.754219 -9.247114
v 0.527888 59.211124 -0.561113
v -7.695409 53.323273 1.922742
v -9.494037 58.846756 -6.704933
v 1.866313 111.938354 5.246675
v 8.652591 102.955017 9.040089
v -3.775256 100.791786 6.625715
v 14.225988 57.890362 4.391444
v 10.437237 62.210060 -1.959057
v 19.402544 58.601257 1.690617
v 18.256399 53.505329 10.557955
v 9.048047 57.106335 7.055433
v 21.988028 115.134911 -4.950754
v 21.863165 111.453415 -3.157355
v 22.209675 119.484535 -4.649000
v 23.735300 149.992203 12.188696
v 23.199907 139.550354 3.506440
v 19.952423 162.065002 24.388639
v 59.537975 153.452545 49.451050
v 64.160248 155.610199 45.578144
v 60.073818 158.012131 49.885353
v 55.451878 155.854416 53.757797
v -18.762754 113.308281 -4.772389
v -18.232347 109.516068 -2.960298
v -19.382729 117.636803 -4.577555
v -23.659378 148.077271 10.817272
v -22.357899 137.444382 2.688482
v -22.338678 160.270065 21.213369
v -54.739918 139.883514 50.644711
v -50.011955 141.641342 54.591438
v -55.555191 144.042084 52.463234
v -60.283154 142.284256 48.516510
v -10.048338 93.803802 2.678684
v -6.136035 94.855331 5.452489
v -10.582870 83.066879 16.666628
v -15.234265 93.791466 4.685296
v -5.391854 98.917412 10.457156
v -8.260769 102.472267 15.414491
v -6.979613 86.680939 23.361040
v -12.900636 104.044724 15.982752
v -17.401846 101.598572 14.569913
v -13.452068 90.265305 28.821272
v -17.595476 97.637772 9.417212
v -17.009451 85.718590 21.866259
v 15.350100 95.865265 5.040099
v 20.652908 96.402130 6.376514
v 17.477514 86.130775 19.742441
v 11.342473 96.841347 7.945718
v 22.776695 100.971245 10.504993
v 22.541313 105.512169 15.322829
v 23.784956 90.491211 24.407263
v 17.817051 107.770668 16.771784
v 13.237977 105.999763 16.906683
v 20.080412 95.759575 31.016226
v 10.601763 101.596115 12.635459
v 13.744743 90.881012 26.175230
v -7.625677 79.943314 5.857301
v -4.252857 78.665421 8.708508
v -4.141903 67.994057 -5.462330
v -12.173041 78.802834 6.565049
v -4.275687 74.239639 13.559367
v -7.108858 70.167130 17.784698
v -2.182906 63.265896 1.624371
v -11.358692 68.559044 17.947309
v -14.931563 70.328362 15.677524
v -9.773019 57.313446 4.987931
v -14.791326 74.423409 10.749224
v -10.786167 63.074242 -2.958820
v 14.782906 80.266449 10.223944
v 19.453907 79.732819 10.802846
v 12.132075 66.192757 1.625461
v 11.419914 79.356171 13.324402
v 22.392004 76.350800 15.669958
v 23.060760 73.140297 21.388836
v 19.384153 63.053242 5.018072
v 19.540495 71.622826 24.067526
v 15.087657 72.784065 23.956631
v 19.074934 58.046879 13.474717
v 11.935773 75.869133 19.059664
v 10.570578 61.987373 9.147194
v -2.502436 66.843445 -7.725447
v 0.433071 65.265846 -3.854472
v -7.177119 65.038246 -8.254588
v -0.507392 61.265736 0.915877
v -3.835224 55.562965 6.667913
v -16.013681 44.308098 15.117898
v -15.726936 46.680004 14.525934
v -20.932474 44.092140 11.869956
v -13.494763 42.739151 11.407487
v -11.094892 44.524055 18.365839
v -10.587355 60.929474 -5.081426
v -13.726741 55.154636 0.305589
v 10.953328 64.580063 -0.574598
v 15.924834 63.896885 -0.783510
v 7.925831 62.841873 3.158327
v 19.844036 60.920815 3.185108
v 23.823660 56.626026 9.255132
v 27.331757 47.357700 24.848560
v 26.547768 49.570236 24.091063
v 22.232370 46.532677 27.695658
v 25.593039 45.076027 21.063293
v 32.431061 48.177029 21.999657
v 9.438917 59.484077 8.443258
v 13.562749 55.015636 14.826271
v -12.831044 52.052811 9.803758
v -17.186872 51.861713 6.934100
v -8.482582 52.244797 12.666231
v -16.676226 49.898426 5.045264
v -15.542384 47.870354 3.462009
v -10.618884 48.085258 6.707209
v -5.698802 48.299458 9.949970
v -6.828694 50.329304 11.532187
v 22.897604 53.888081 18.834335
v 18.381702 53.160595 21.337566
v 27.417360 54.617142 16.325689
v 17.333384 50.853622 20.212133
v 16.856447 48.541458 18.685514
v 21.958765 49.372601 15.843917
v 27.066202 50.205116 12.997083
v 27.546659 52.510555 14.532952
v 31.290159 160.117081 26.713774
v 31.809673 162.207901 22.487518
v 41.514774 156.954361 28.221350
v 31.185946 160.601425 31.396980
v 32.559647 166.343887 22.266291
v 33.269005 170.825775 24.229652
v 45.144173 163.918503 23.089766
v 33.019630 170.632385 28.909679
v 32.576382 169.137894 33.247162
v 43.456459 169.801178 29.732140
v 31.747030 164.352509 33.190674
v 38.911587 163.106400 34.386559
v -33.276405 156.557724 25.104794
v -31.895344 155.964172 29.587740
v -42.283062 151.356262 28.393887
v -35.192162 159.508148 21.900410
v -32.412350 159.120010 32.403305
v -33.730907 163.649048 33.913712
v -38.670856 156.134293 35.288616
v -35.433975 166.061935 30.357378
v -36.920322 167.253052 26.190817
v -45.001488 162.947067 33.780350
v -36.363106 163.466110 23.007755
v -47.795795 158.759583 26.229351
v 47.358154 154.424255 35.584042
v 51.239178 156.075485 31.969244
v 43.949570 156.233582 39.246502
v 52.472927 160.266663 31.420353
v 52.414528 165.745300 32.712612
v 48.838531 166.231598 36.595276
v 45.137959 165.890091 40.147469
v 43.613663 160.436966 40.457031
v -46.100441 146.202728 35.605736
v -42.103725 147.475708 38.902424
v -50.846470 148.151077 33.428608
v -41.881855 151.217026 41.167999
v -43.985008 156.264984 42.693844
v -48.472977 156.997162 40.072468
v -52.733482 157.066864 36.921940
v -52.555515 152.134018 34.278496
v -1.991175 169.316025 42.793766
v 3.972018 175.455902 36.726246
v -2.036038 176.070038 46.338257
v -8.547162 174.850677 36.494331
v 6.411078 177.580124 33.630741
v 3.815462 180.460693 29.124207
v 9.657531 181.614349 36.363895
v -2.531993 182.402267 26.802092
v -8.657218 179.802170 28.899761
v -2.754541 185.179291 28.534678
v -11.093103 176.729462 33.325562
v -14.516370 180.779739 36.814468
v -2.048478 188.628983 52.045971
v 8.564301 191.655182 49.741905
v -12.934830 191.017761 50.551186
v 9.672842 196.122482 41.239788
v 7.619633 198.914612 33.022007
v -3.129434 199.334106 31.363142
v -13.679833 198.283112 33.823769
v -14.941195 195.392715 42.166317
v -20.861416 128.195389 -1.700557
v -18.857355 126.660370 4.948557
v -19.016090 129.797852 -7.546301
v -13.517556 130.959244 -10.352983
v -6.046737 131.229706 -10.782140
v 0.818073 132.332596 -10.662280
v 7.736467 132.073273 -10.779762
v 15.207157 132.323807 -10.357822
v 20.916765 131.648590 -7.730828
v 22.787876 130.191437 -1.730436
v 21.082029 128.395966 4.906758
v 16.385746 127.705917 9.118146
v 10.377516 126.470528 11.214963
v 1.087989 126.705513 11.447912
v -8.119825 125.471848 11.075162
v -14.230198 126.191658 9.005373
v 65.218887 152.032471 63.171696
v 64.451820 153.765640 64.243034
v 68.918541 151.462540 59.601055
v 69.179718 153.684906 59.812744
v 72.941353 151.815857 55.917953
v 73.895454 153.500748 55.372593
v 73.434509 156.012146 56.317657
v 69.475166 156.198975 60.052208
v 65.712044 156.228775 63.571396
v -67.346901 136.291229 58.973198
v -66.153046 134.679596 58.818466
v -61.389790 133.962891 61.401260
v -61.777912 135.942657 62.267002
v -57.045036 134.109497 64.205421
v -56.208916 135.594070 65.560791
v -57.795349 137.936768 65.879059
v -62.236679 138.282776 63.290314
v -66.903366 138.506851 60.492100
vt 0.208431 0.494797
vt 0.208575 0.478116
vt 0.229443 0.475893
vt 0.229271 0.493426
vt 0.252729 0.492198
vt 0.256170 0.471571
vt 0.275357 0.475888
vt 0.275429 0.493819
vt 0.298111 0.492176
vt 0.294163 0.471736
vt 0.321331 0.475953
vt 0.321541 0.493432
vt 0.198757 0.641525
vt 0.200055 0.589825
vt 0.221664 0.590600
vt 0.219751 0.640956
vt 0.244967 0.639373
vt 0.247968 0.591507
vt 0.275466 0.591669
vt 0.275481 0.635804
vt 0.305994 0.639365
vt 0.302966 0.591494
vt 0.329276 0.590573
vt 0.331197 0.640955
vt 0.199789 0.728809
vt 0.197393 0.704590
vt 0.219517 0.692482
vt 0.227784 0.730211
vt 0.252859 0.733034
vt 0.249003 0.687406
vt 0.275511 0.688085
vt 0.275516 0.730408
vt 0.298175 0.733010
vt 0.302021 0.687396
vt 0.331536 0.692451
vt 0.323246 0.730162
vt 0.805511 0.686057
vt 0.204711 0.752714
vt 0.229559 0.760254
vt 0.782889 0.696424
vt 0.784986 0.875584
vt 0.254181 0.941082
vt 0.275435 0.940431
vt 0.742298 0.896742
vt 0.699334 0.736241
vt 0.297037 0.807427
vt 0.321459 0.760204
vt 0.696358 0.696343
vt 0.808954 0.641287
vt 0.805193 0.664541
vt 0.784300 0.671779
vt 0.785729 0.644267
vt 0.763331 0.647822
vt 0.762442 0.673765
vt 0.742276 0.741120
vt 0.739609 0.647377
vt 0.715889 0.647774
vt 0.716786 0.673709
vt 0.694936 0.671695
vt 0.693494 0.644181
vt 0.806875 0.557726
vt 0.810121 0.617205
vt 0.790367 0.607046
vt 0.787575 0.557696
vt 0.763367 0.556090
vt 0.764746 0.603486
vt 0.739627 0.603152
vt 0.739688 0.556093
vt 0.716014 0.556064
vt 0.714496 0.603455
vt 0.688836 0.606971
vt 0.691820 0.557642
vt 0.803405 0.420481
vt 0.802841 0.435733
vt 0.782960 0.432290
vt 0.783371 0.416064
vt 0.759505 0.410786
vt 0.759570 0.428509
vt 0.739756 0.426992
vt 0.739743 0.409699
vt 0.720007 0.410786
vt 0.719946 0.428500
vt 0.696571 0.432245
vt 0.696182 0.416016
vt 0.819305 0.093413
vt 0.797386 0.086157
vt 0.790779 0.072322
vt 0.822344 0.073237
vt 0.265809 0.416173
vt 0.762697 0.377789
vt 0.739788 0.389948
vt 0.275377 0.462947
vt 0.364323 0.097210
vt 0.342669 0.089884
vt 0.336664 0.075169
vt 0.367299 0.076188
vt 0.342559 0.494848
vt 0.342402 0.478170
vt 0.366070 0.480227
vt 0.366198 0.495669
vt 0.352247 0.641476
vt 0.350872 0.589816
vt 0.374237 0.588973
vt 0.374011 0.638442
vt 0.936729 0.462892
vt 0.940585 0.464321
vt 0.946953 0.476690
vt 0.936605 0.482861
vt 0.804780 0.405462
vt 0.824266 0.410023
vt 0.823186 0.423812
vt 0.805355 0.509178
vt 0.825584 0.509339
vt 0.825621 0.554997
vt 0.118742 0.522844
vt 0.058006 0.517789
vt 0.074507 0.510871
vt 0.084702 0.516921
vt 0.822269 0.350445
vt 0.784755 0.399833
vt 0.805305 0.347137
vt 0.793942 0.336256
vt 0.777469 0.322538
vt 0.236211 0.409364
vt 0.220899 0.415267
vt 0.203041 0.415110
vt 0.182178 0.419746
vt 0.685950 0.336155
vt 0.717407 0.377787
vt 0.694840 0.399772
vt 0.674409 0.347030
vt 0.657366 0.350391
vt 0.674734 0.405426
vt 0.637625 0.358046
vt 0.347747 0.415166
vt 0.329799 0.415381
vt 0.314324 0.409429
vt 0.706215 0.336018
vt 0.292514 0.404556
vt 0.870618 0.237836
vt 0.844433 0.293934
vt 0.832214 0.287148
vt 0.858351 0.228645
vt 0.844944 0.223065
vt 0.821107 0.280742
vt 0.243727 0.342391
vt 0.826584 0.212775
vt 0.214622 0.282882
vt 0.224361 0.346790
vt 0.210147 0.349538
vt 0.199596 0.284960
vt 0.184434 0.288656
vt 0.194986 0.352422
vt 0.864110 0.304875
vt 0.163133 0.290367
vt 0.634803 0.222910
vt 0.658751 0.280554
vt 0.647480 0.287052
vt 0.621343 0.228556
vt 0.609012 0.237734
vt 0.635143 0.293889
vt 0.375465 0.356065
vt 0.590820 0.249121
vt 0.366326 0.288752
vt 0.355651 0.352469
vt 0.340563 0.349608
vt 0.351134 0.285011
vt 0.336042 0.282967
vt 0.326383 0.346874
vt 0.678330 0.268182
vt 0.315081 0.275917
vt 0.789900 0.091626
vt 0.894734 0.181072
vt 0.223763 0.023658
vt 0.779683 0.072008
vt 0.205625 0.023651
vt 0.212375 0.030485
vt 0.208733 0.046428
vt 0.818124 0.043214
vt 0.919973 0.054113
vt 0.218394 0.124576
vt 0.231547 0.124829
vt 0.925982 0.076298
vt 0.853028 0.105343
vt 0.173602 0.224408
vt 0.245023 0.044913
vt 0.815784 0.102925
vt 0.335499 0.095534
vt 0.609223 0.166963
vt 0.147562 0.023794
vt 0.325939 0.074804
vt 0.129108 0.019171
vt 0.133886 0.026698
vt 0.125138 0.040618
vt 0.363323 0.044920
vt 0.461211 0.056389
vt 0.114656 0.083148
vt 0.128082 0.110700
vt 0.466974 0.079440
vt 0.396801 0.109583
vt 0.345740 0.218419
vt 0.158805 0.046562
vt 0.361009 0.107136
vt 0.212264 0.093809
vt 0.204982 0.218327
vt 0.226791 0.056935
vt 0.229179 0.093286
vt 0.246067 0.092223
vt 0.255137 0.092099
vt 0.884191 0.095549
vt 0.853655 0.095653
vt 0.854753 0.074189
vt 0.884265 0.075061
vt 0.885799 0.054616
vt 0.855335 0.052709
vt 0.203340 0.068369
vt 0.888472 0.044995
vt 0.116537 0.064410
vt 0.377147 0.224500
vt 0.136900 0.057215
vt 0.135301 0.068971
vt 0.159593 0.072808
vt 0.169578 0.075371
vt 0.426769 0.099419
vt 0.397393 0.099512
vt 0.398467 0.077209
vt 0.426850 0.078134
vt 0.428347 0.056895
vt 0.399054 0.054890
vt 0.111199 0.052142
vt 0.430928 0.046902
vt 0.398347 0.732496
vt 0.353774 0.704759
vt 0.655189 0.607952
vt 0.404645 0.715309
vt 0.625247 0.642548
vt 0.669008 0.617360
vt 0.670290 0.641156
vt 0.629866 0.657272
vt 0.633967 0.675274
vt 0.674058 0.664432
vt 0.345812 0.774768
vt 0.637449 0.692485
vt 0.387906 0.765553
vt 0.346295 0.752641
vt 0.351218 0.728717
vt 0.392980 0.747350
vt 0.854032 0.642643
vt 0.181252 0.694641
vt 0.859345 0.625630
vt 0.152631 0.732602
vt 0.157999 0.747449
vt 0.163074 0.765647
vt 0.167481 0.783084
vt 0.845329 0.675366
vt 0.849419 0.657366
vt 0.462802 0.754848
vt 0.433121 0.744888
vt 0.586158 0.633072
vt 0.469035 0.736153
vt 0.562716 0.661102
vt 0.591598 0.653084
vt 0.596668 0.669873
vt 0.567525 0.676181
vt 0.573571 0.695803
vt 0.602326 0.689166
vt 0.414557 0.801264
vt 0.575415 0.714705
vt 0.450039 0.789809
vt 0.420413 0.781867
vt 0.427222 0.762131
vt 0.457315 0.770152
vt 0.916571 0.661069
vt 0.887682 0.653104
vt 0.112049 0.724515
vt 0.922852 0.642462
vt 0.088177 0.754903
vt 0.117860 0.744959
vt 0.123753 0.762207
vt 0.093657 0.770210
vt 0.100926 0.789871
vt 0.130556 0.781946
vt 0.872833 0.708772
vt 0.104321 0.808576
vt 0.905760 0.695791
vt 0.876995 0.689207
vt 0.882631 0.669903
vt 0.911782 0.676158
vt 0.245118 0.820265
vt 0.256063 0.761423
vt 0.275458 0.816348
vt 0.275456 0.817082
vt 0.305796 0.819611
vt 0.322444 0.827635
vt 0.716707 0.746651
vt 0.742277 0.751635
vt 0.767846 0.746640
vt 0.232576 0.815700
vt 0.789238 0.746868
vt 0.242805 0.909093
vt 0.242913 0.847487
vt 0.275453 0.850080
vt 0.275444 0.899369
vt 0.308078 0.909112
vt 0.307992 0.847504
vt 0.685718 0.768892
vt 0.335635 0.923345
vt 0.710517 0.826756
vt 0.709025 0.772272
vt 0.742280 0.767854
vt 0.742288 0.823907
vt 0.774059 0.826743
vt 0.775535 0.772258
vt 0.216918 0.852154
vt 0.800161 0.835727
vt 0.803587 0.472219
vt 0.184266 0.511368
vt 0.823748 0.473030
vt 0.786007 0.508646
vt 0.783967 0.470951
vt 0.760849 0.468488
vt 0.762764 0.507838
vt 0.739729 0.507585
vt 0.739749 0.469813
vt 0.718652 0.468468
vt 0.716699 0.507812
vt 0.693463 0.508589
vt 0.695538 0.470900
vt 0.347089 0.550471
vt 0.343449 0.511536
vt 0.656251 0.437958
vt 0.370672 0.549455
vt 0.305626 0.550928
vt 0.300328 0.509969
vt 0.323635 0.511057
vt 0.326613 0.553291
vt 0.245263 0.550946
vt 0.250519 0.509979
vt 0.275426 0.509223
vt 0.275447 0.553833
vt 0.203857 0.550446
vt 0.207534 0.511493
vt 0.227207 0.511082
vt 0.224277 0.553331
vt 0.296688 0.941095
vt 0.317831 0.963343
vt 0.722395 0.859395
vt 0.742293 0.859091
vt 0.762190 0.859387
vt 0.672412 0.557619
vt 0.673996 0.509116
vt 0.676597 0.435714
vt 0.676064 0.420456
vt 0.798456 0.058765
vt 0.820876 0.052919
vt 0.343747 0.061021
vt 0.365907 0.055032
vt 0.963235 0.483911
vt 0.902883 0.489040
vt 0.909072 0.482168
vt 0.925033 0.475729
vt 0.931354 0.463643
vt 0.080884 0.498420
vt 0.084741 0.496992
vt 0.090126 0.497750
vt 0.096539 0.509638
vt 0.112499 0.516024
vt 0.245369 0.109349
vt 0.249130 0.116712
vt 0.914174 0.091435
vt 0.914507 0.075957
vt 0.915392 0.060496
vt 0.143488 0.116794
vt 0.145270 0.126440
vt 0.455609 0.095160
vt 0.455938 0.079081
vt 0.456800 0.063019
vt 0.982240 0.434188
vt 0.963585 0.427947
vt 0.946509 0.423110
vt 0.890921 0.433118
vt 0.882130 0.436526
vt 0.926679 0.423006
vt 0.909612 0.427375
vt 0.937930 0.422313
vt 0.075163 0.457134
vt 0.058225 0.461798
vt 0.039557 0.467684
vt 0.094859 0.456979
vt 0.083682 0.456346
vt 0.130564 0.466891
vt 0.111877 0.461251
vt 0.033116 0.470128
vt 0.675805 0.472192
vt 0.653419 0.509254
vt 0.655248 0.472962
vt 0.367019 0.511392
vt 0.176921 0.588998
vt 0.180547 0.549455
vt 0.822760 0.437993
vt 0.233028 0.963316
vt 0.215241 0.923308
vt 0.798841 0.768868
vt 0.699605 0.875602
vt 0.684417 0.835751
vt 0.333987 0.852188
vt 0.228471 0.827609
vt 0.254212 0.785439
vt 0.759269 0.697501
vt 0.785216 0.736222
vt 0.695315 0.746888
vt 0.719972 0.697428
vt 0.296799 0.785396
vt 0.318344 0.815723
vt 0.903939 0.714697
vt 0.136407 0.801345
vt 0.081951 0.736203
vt 0.893090 0.633076
vt 0.446638 0.808511
vt 0.606509 0.708725
vt 0.556410 0.642507
vt 0.438944 0.724452
vt 0.841861 0.692578
vt 0.205190 0.774839
vt 0.146366 0.715395
vt 0.823906 0.608060
vt 0.383498 0.782992
vt 0.673752 0.685953
vt 0.619881 0.625562
vt 0.369876 0.694574
vt 0.624476 0.158216
vt 0.327082 0.211968
vt 0.653476 0.212425
vt 0.306569 0.342322
vt 0.153133 0.050558
vt 0.361352 0.222428
vt 0.125968 0.045756
vt 0.396618 0.225899
vt 0.569871 0.190223
vt 0.388031 0.290471
vt 0.615162 0.304972
vt 0.596954 0.173816
vt 0.584932 0.180968
vt 0.909456 0.190131
vt 0.154402 0.225852
vt 0.888489 0.249012
vt 0.175675 0.355943
vt 0.241882 0.047343
vt 0.189385 0.222364
vt 0.213528 0.046751
vt 0.223402 0.212053
vt 0.855547 0.158550
vt 0.235225 0.276013
vt 0.801766 0.268578
vt 0.882733 0.173912
vt 0.870470 0.167071
vt 0.702590 0.322102
vt 0.284431 0.416033
vt 0.369025 0.419829
vt 0.654789 0.409992
vt 0.841623 0.358035
vt 0.185243 0.480200
vt 0.257695 0.404697
vt 0.773758 0.336466
vt 0.177136 0.638471
vt 0.185108 0.495641
vt 0.653403 0.554919
vt 0.655840 0.423782
vt 0.740026 0.329135
vt 0.739609 0.679991
vt 0.717946 0.727940
vt 0.321543 0.784229
vt 0.275425 0.981496
vt 0.229466 0.784279
vt 0.766602 0.727930
vt 0.275513 0.766895
vt 0.294962 0.761394
vt 0.158494 0.031032
vt 0.235614 0.029385
vt 0.253884 0.807420
vt 0.968218 0.693073
vt 0.970279 0.686813
vt 0.964692 0.720144
vt 0.041234 0.817480
vt 0.965692 0.701614
vt 0.035620 0.790589
vt 0.038855 0.799577
vt 0.026837 0.766821
vt 0.976742 0.669618
vt 0.033170 0.783659
vt 0.515345 0.790561
vt 0.512107 0.799546
vt 0.509721 0.817448
vt 0.514670 0.720260
vt 0.513647 0.701731
vt 0.511110 0.693195
vt 0.509040 0.686939
vt 0.502555 0.669755
vt 0.524137 0.766797
vt 0.517798 0.783632
vt 0.052820 0.522857
vt 0.139366 0.470253
vt 0.968347 0.489050
vt 0.988625 0.436785
vt 0.108883 0.091107
vt 0.106409 0.062482
vt 0.399209 0.044805
vt 0.459518 0.102060
vt 0.428604 0.109556
vt 0.167704 0.057128
vt 0.215342 0.132259
vt 0.203222 0.094543
vt 0.855471 0.043005
vt 0.918242 0.098075
vt 0.886101 0.105305
vt 0.255511 0.067846
vt 0.169019 0.047690
vt 0.166893 0.025823
vt 0.125973 0.120002
vt 0.337008 0.054912
vt 0.115292 0.038211
vt 0.149847 0.015689
vt 0.254586 0.043904
vt 0.241676 0.021944
vt 0.231922 0.132778
vt 0.791425 0.052872
vt 0.199112 0.046316
vt 0.223332 0.014444
vn -0.375686 0.405172 0.833484
vn -0.375686 0.405172 0.833484
vn -0.187652 0.135800 0.972803
vn -0.222231 0.184109 0.957453
vn -0.037169 -0.228190 0.972907
vn 0.234266 0.445493 0.864092
vn -0.080781 0.211382 0.974060
vn -0.123063 -0.437844 0.890589
vn 0.084402 -0.158607 0.983728
vn -0.259629 0.568924 0.780332
vn 0.215777 0.270611 0.938195
vn 0.226972 0.292525 0.928931
vn -0.837886 -0.307048 0.451296
vn -0.861769 -0.347554 0.369542
vn -0.610840 -0.503236 0.611251
vn -0.612194 -0.421637 0.668911
vn -0.255559 -0.483252 0.837351
vn -0.249103 -0.639780 0.727069
vn 0.016522 -0.675766 0.736931
vn -0.000717 -0.481870 0.876242
vn 0.256722 -0.471363 0.843748
vn 0.272886 -0.631436 0.725825
vn 0.617307 -0.476397 0.626082
vn 0.597774 -0.394013 0.698155
vn 0.001009 -0.545796 0.837918
vn -0.554770 -0.663988 0.501348
vn -0.558591 -0.413210 0.719189
vn -0.329894 -0.386056 0.861470
vn -0.140371 -0.323007 0.935929
vn -0.166602 -0.452869 0.875873
vn -0.010050 -0.451096 0.892419
vn -0.021316 -0.342278 0.939357
vn 0.088453 -0.311179 0.946226
vn 0.152700 -0.441724 0.884061
vn 0.524244 -0.378089 0.763032
vn 0.270123 -0.354949 0.895011
vn -0.370320 0.755898 0.539889
vn -0.204027 0.215353 0.954985
vn -0.241870 0.163953 0.956357
vn -0.264869 0.755794 0.598848
vn -0.634495 0.666370 0.391622
vn -0.477568 0.088301 0.874146
vn 0.036301 0.052955 0.997937
vn -0.002038 0.786103 0.618092
vn 0.301059 0.726231 0.618022
vn 0.028168 0.035605 0.998969
vn 0.119576 0.196098 0.973266
vn 0.133381 0.791826 0.596005
vn -0.419069 0.398881 -0.815644
vn -0.474469 0.851103 -0.224728
vn -0.291209 0.947888 -0.129247
vn -0.247474 0.642300 -0.725401
vn -0.080389 0.720485 -0.688795
vn -0.160412 0.921508 -0.353681
vn -0.028859 0.842284 -0.538261
vn -0.014738 0.727695 -0.685743
vn 0.068769 0.729621 -0.680385
vn 0.083721 0.932339 -0.351759
vn 0.230849 0.967200 -0.105985
vn 0.261638 0.664435 -0.700051
vn -0.792940 0.382890 -0.473964
vn -0.664623 0.208356 -0.717541
vn -0.378492 0.560820 -0.736360
vn -0.342413 0.579717 -0.739379
vn -0.068838 0.609333 -0.789920
vn -0.072700 0.615162 -0.785042
vn -0.004791 0.621623 -0.783302
vn -0.007338 0.611483 -0.791223
vn 0.059471 0.620344 -0.782072
vn 0.076601 0.627465 -0.774868
vn 0.412081 0.612743 -0.674340
vn 0.341796 0.621500 -0.704920
vn -0.649854 -0.127507 -0.749288
vn -0.700485 -0.000616 -0.713667
vn -0.199837 0.068874 -0.977405
vn -0.159261 -0.094023 -0.982749
vn 0.029497 -0.087527 -0.995725
vn -0.006196 0.078058 -0.996930
vn 0.000669 0.075637 -0.997135
vn 0.017895 -0.104757 -0.994337
vn -0.015022 -0.112223 -0.993570
vn 0.001454 0.068602 -0.997643
vn 0.173161 0.074926 -0.982039
vn 0.139664 -0.102596 -0.984870
vn 0.375080 -0.742749 -0.554652
vn 0.367777 -0.745209 -0.556240
vn 0.364271 -0.746853 -0.556343
vn 0.370559 -0.745979 -0.553354
vn 0.945799 -0.249548 0.207821
vn 0.743546 -0.628201 -0.229135
vn 0.119111 -0.843083 -0.524428
vn -0.076577 -0.673342 0.735355
vn -0.134878 -0.850755 -0.507961
vn -0.130635 -0.853985 -0.503631
vn -0.135915 -0.854615 -0.501160
vn -0.139419 -0.851406 -0.505638
vn 0.991861 0.071292 0.105494
vn 0.991861 0.071292 0.105494
vn 0.991861 0.071292 0.105494
vn 0.991861 0.071292 0.105494
vn 0.835646 -0.257324 0.485263
vn 0.875750 -0.293687 0.383159
vn 0.998915 -0.005114 -0.046279
vn 0.995292 0.074892 0.061516
vn 0.674872 -0.148169 0.722906
vn 0.674871 -0.148173 0.722907
vn 0.674871 -0.148173 0.722907
vn 0.674872 -0.148170 0.722906
vn -0.919878 -0.256156 -0.296999
vn -0.919878 -0.256156 -0.296999
vn -0.919878 -0.256156 -0.296999
vn -0.919878 -0.256156 -0.296999
vn -0.747813 0.294061 -0.595234
vn -0.994139 -0.081935 -0.070536
vn -0.999520 -0.018089 0.025156
vn -0.479631 -0.428804 0.765559
vn -0.479629 -0.428801 0.765562
vn -0.479629 -0.428801 0.765562
vn -0.479631 -0.428804 0.765560
vn -0.208083 -0.718235 -0.663957
vn -0.250586 -0.666356 -0.702265
vn 0.036246 -0.700902 -0.712336
vn 0.104087 -0.726351 -0.679397
vn 0.976141 -0.216881 -0.010526
vn 0.981465 -0.191358 -0.010439
vn 0.626011 0.508191 0.591483
vn -0.073646 0.748826 0.658662
vn -0.108172 0.713886 0.691856
vn -0.998991 0.005390 0.044577
vn -0.998110 0.022190 0.057308
vn -0.998110 0.022190 0.057308
vn -0.998875 0.008192 0.046702
vn -0.390090 -0.766746 -0.509834
vn -0.338994 -0.764684 -0.548034
vn -0.011969 -0.775963 -0.630664
vn -0.085829 -0.796673 -0.598286
vn 0.941673 -0.231166 -0.244571
vn 0.939638 -0.233805 -0.249831
vn 0.939638 -0.233805 -0.249831
vn 0.941909 -0.230856 -0.243954
vn 0.464046 0.737813 0.490197
vn 0.365194 0.805027 0.467510
vn 0.054117 0.844610 0.532639
vn 0.096900 0.809260 0.579404
vn -0.621123 0.543575 0.564565
vn -0.916361 -0.283169 0.283015
vn -0.896484 0.153439 0.415660
vn -0.634276 0.531492 -0.561436
vn -0.731896 0.523052 -0.436743
vn 0.039234 0.939461 -0.340402
vn 0.175882 0.800035 -0.573593
vn 0.875697 0.463817 -0.134271
vn 0.848417 0.523588 -0.077746
vn 0.871764 -0.136955 0.470394
vn 0.947606 -0.081987 0.308742
vn 0.592148 -0.433131 0.679528
vn 0.356659 -0.390846 0.848548
vn -0.134555 -0.466635 0.874155
vn -0.194473 -0.622066 0.758428
vn -0.891527 -0.357860 0.277698
vn -0.615439 -0.427563 0.662137
vn -0.994308 -0.088720 -0.058991
vn -0.962753 0.045188 -0.266579
vn -0.920682 0.338917 -0.193595
vn -0.913867 0.382500 -0.136163
vn -0.140298 0.820598 -0.554017
vn -0.267224 0.645450 -0.715532
vn 0.572535 0.456818 -0.680823
vn 0.699622 0.451710 -0.553612
vn 0.995560 -0.007789 -0.093809
vn 0.951181 0.075239 -0.299323
vn 0.924543 -0.216027 0.313930
vn 0.681781 -0.240411 0.690925
vn 0.218554 -0.283807 0.933642
vn 0.275605 -0.445073 0.852028
vn -0.538237 -0.343848 0.769461
vn -0.305080 -0.252860 0.918144
vn -0.870218 -0.097150 0.482994
vn -0.934504 -0.095962 0.342774
vn -0.250027 0.788099 -0.562482
vn -0.250027 0.788099 -0.562482
vn 0.121122 0.919328 -0.374386
vn 0.176740 0.924110 -0.338799
vn 0.728249 0.453934 0.513417
vn 0.728249 0.453934 0.513417
vn 0.728249 0.453934 0.513417
vn 0.728249 0.453934 0.513417
vn -0.428420 0.462299 0.776361
vn -0.428420 0.462299 0.776361
vn -0.503021 0.460961 0.731085
vn -0.503026 0.460961 0.731081
vn -0.944673 0.318602 -0.078018
vn -0.944673 0.318602 -0.078018
vn -0.944673 0.318601 -0.078018
vn -0.944673 0.318602 -0.078018
vn -0.655179 0.724537 -0.213977
vn -0.655179 0.724537 -0.213977
vn -0.288020 0.840212 -0.459443
vn -0.338222 0.835275 -0.433500
vn 0.788140 0.465913 -0.402195
vn 0.788140 0.465913 -0.402195
vn 0.788140 0.465913 -0.402195
vn 0.788140 0.465913 -0.402195
vn 0.389878 0.607430 0.692115
vn 0.389878 0.607430 0.692115
vn 0.315246 0.597521 0.737284
vn 0.315398 0.597546 0.737200
vn -0.648176 0.294011 0.702442
vn -0.648176 0.294011 0.702442
vn -0.648176 0.294011 0.702442
vn -0.648176 0.294011 0.702442
vn -0.377480 0.742386 0.553509
vn -0.377480 0.742386 0.553509
vn -0.384923 0.737504 0.554907
vn -0.385055 0.737417 0.554931
vn -0.889159 0.356287 -0.287151
vn -0.889159 0.356287 -0.287151
vn -0.889159 0.356287 -0.287151
vn -0.889159 0.356287 -0.287151
vn 0.396291 -0.728145 -0.559248
vn 0.387484 -0.735089 -0.556327
vn 0.384188 -0.738363 -0.554274
vn 0.394256 -0.730444 -0.557687
vn 0.836132 0.032886 0.547542
vn 0.841138 0.038590 0.539442
vn 0.841014 0.038447 0.539646
vn 0.836132 0.032886 0.547542
vn 0.164347 0.835548 0.524261
vn 0.164347 0.835548 0.524261
vn 0.156056 0.834837 0.527915
vn 0.156270 0.834856 0.527821
vn -0.737504 0.264804 0.621262
vn -0.737504 0.264804 0.621262
vn -0.737504 0.264804 0.621262
vn -0.737504 0.264804 0.621262
vn -0.159600 -0.830015 -0.534419
vn -0.147951 -0.840055 -0.521938
vn -0.151160 -0.840073 -0.520988
vn -0.161242 -0.829790 -0.534275
vn 0.858857 0.147935 -0.490387
vn 0.865013 0.142128 -0.481199
vn 0.864907 0.142229 -0.481359
vn 0.858857 0.147935 -0.490387
vn -0.211501 -0.843328 0.494029
vn 0.553039 -0.564430 0.612835
vn -0.076979 -0.927237 -0.366478
vn -0.161076 -0.942086 -0.294156
vn -0.022812 -0.506828 -0.861745
vn 0.732470 0.253016 -0.632037
vn 0.322843 0.366208 -0.872734
vn 0.122544 0.185910 -0.974895
vn 0.200744 0.823233 -0.531027
vn 0.373189 0.876645 -0.303683
vn 0.311360 0.842620 0.439371
vn 0.146067 0.954574 0.259718
vn 0.036025 0.541054 0.840216
vn 0.212281 0.308856 0.927116
vn 0.102177 -0.442672 0.890843
vn -0.111854 -0.310990 0.943808
vn -0.159801 -0.285983 -0.944816
vn 0.076457 -0.825632 -0.559005
vn 0.171154 -0.825843 -0.537299
vn 0.419452 -0.883031 0.210512
vn 0.395766 -0.425627 0.813763
vn 0.117613 0.374196 0.919861
vn -0.189897 0.854225 0.483981
vn -0.423349 0.865296 -0.268401
vn -0.385165 0.339177 -0.858258
vn -0.549947 -0.772837 0.316671
vn -0.505919 -0.782580 0.362788
vn -0.177893 -0.947934 -0.264150
vn -0.104980 -0.990060 -0.093601
vn 0.374180 -0.789425 -0.486617
vn 0.219140 -0.584378 -0.781332
vn 0.436187 0.065441 -0.897474
vn 0.763688 -0.033909 -0.644694
vn 0.690991 0.691150 -0.211763
vn 0.441734 0.675740 -0.590124
vn 0.197978 0.967568 0.156902
vn 0.299357 0.915170 0.269904
vn -0.207642 0.772436 0.600190
vn -0.135576 0.768166 0.625732
vn -0.525574 -0.036615 0.849960
vn -0.743181 0.032507 0.668301
vn -0.397568 -0.686392 -0.608938
vn -0.349710 -0.409332 -0.842704
vn 0.198955 -0.813737 -0.546122
vn 0.167934 -0.904991 -0.390883
vn 0.668538 -0.743188 -0.026996
vn 0.660222 -0.750640 0.025413
vn 0.727618 -0.147409 0.669957
vn 0.861763 -0.031564 0.506329
vn 0.256868 0.612985 0.747174
vn 0.229121 0.588325 0.775485
vn -0.245664 0.849582 0.466754
vn -0.310568 0.758854 0.572441
vn -0.780101 0.611701 0.131395
vn -0.640952 0.723222 -0.257160
vn -0.652652 0.210620 -0.727795
vn -0.882585 0.015000 -0.469914
vn -0.526036 -0.786096 0.324560
vn -0.526036 -0.786096 0.324560
vn -0.526036 -0.786096 0.324560
vn -0.526036 -0.786096 0.324560
vn 0.935946 -0.348924 0.047512
vn 0.935946 -0.348925 0.047512
vn 0.984514 -0.174159 -0.020029
vn 0.611710 0.051287 -0.789418
vn -0.028366 0.706646 -0.706998
vn -0.022899 0.359890 -0.932714
vn -0.631986 0.032901 -0.774281
vn -0.490236 0.646674 0.584364
vn -0.961370 -0.269908 -0.054016
vn -0.705078 -0.241489 0.666745
vn -0.649316 -0.469821 0.598044
vn 0.033327 -0.563733 0.825284
vn 0.041700 -0.361687 0.931367
vn 0.765226 -0.185565 0.616437
vn 0.699876 -0.434540 0.566876
vn 0.981521 -0.190547 -0.017543
vn 0.989463 0.136747 0.047562
vn 0.659233 0.342880 -0.669213
vn 0.647730 0.115746 -0.753026
vn -0.033551 0.224725 -0.973844
vn -0.039957 0.323757 -0.945296
vn -0.720027 0.299612 -0.625934
vn -0.698803 0.084639 -0.710289
vn -0.969409 -0.241526 0.043713
vn -0.992375 0.064518 0.105024
vn -0.733552 0.134501 -0.666192
vn -0.989037 -0.118277 -0.088407
vn -0.991019 -0.107645 -0.079331
vn -0.284805 0.487442 -0.825401
vn -0.244324 0.272261 -0.930688
vn -0.041046 0.286861 -0.957092
vn -0.062425 0.517304 -0.853522
vn -0.011821 0.520513 -0.853772
vn -0.010069 0.305661 -0.952087
vn 0.023126 0.300120 -0.953621
vn 0.040148 0.533838 -0.844633
vn 0.252582 0.528454 -0.810518
vn 0.214204 0.308636 -0.926747
vn 0.874796 -0.241585 0.419963
vn 0.855021 -0.214435 0.472182
vn 0.995326 -0.032755 -0.090844
vn 0.997327 -0.008455 -0.072571
vn 0.226103 -0.646001 0.729082
vn 0.163233 -0.487864 0.857522
vn 0.432081 -0.426322 0.794705
vn 0.529358 -0.490447 0.692273
vn -0.162676 -0.665676 0.728294
vn -0.118579 -0.490157 0.863531
vn 0.021103 -0.482742 0.875509
vn 0.030950 -0.704097 0.709429
vn -0.845313 -0.325532 0.423645
vn -0.834807 -0.276675 0.475970
vn -0.397916 -0.447336 0.800970
vn -0.488237 -0.540193 0.685431
vn -0.117164 -0.611430 0.782577
vn -0.297669 -0.504949 0.810197
vn -0.863094 -0.229067 0.450107
vn 0.178160 -0.412626 0.893308
vn 0.180312 -0.635582 0.750682
vn 0.032190 -0.634211 0.772490
vn 0.331775 0.503738 0.797605
vn 0.331775 0.503738 0.797605
vn 0.892545 -0.178868 0.413968
vn 0.337065 -0.546918 0.766334
vn -0.136759 0.025861 0.990267
vn -0.031373 -0.181031 0.982977
vn 0.552958 0.147979 0.819964
vn 0.608961 0.710129 0.353387
vn 0.489589 0.845949 -0.211358
vn -0.039807 0.950997 -0.306628
vn -0.533199 0.828862 -0.169372
vn 0.800084 0.454644 -0.391362
vn 0.735178 0.367077 -0.569885
vn 0.105916 -0.542939 -0.833066
vn 0.093739 -0.490289 -0.866505
vn 0.062697 -0.484730 -0.872414
vn -0.292247 -0.386292 -0.874855
vn -0.292247 -0.386292 -0.874855
vn -0.038691 -0.601111 -0.798228
vn -0.673652 -0.722308 -0.156408
vn 0.240831 -0.582764 -0.776135
vn -0.114935 -0.563799 -0.817876
vn 0.685932 0.055552 -0.725542
vn 0.631159 -0.082181 -0.771288
vn 0.258767 -0.420484 -0.869617
vn 0.258767 -0.420484 -0.869617
vn -0.093216 -0.552710 -0.828144
vn -0.061252 -0.543820 -0.836964
vn 0.360748 -0.748490 -0.556439
vn 0.366978 -0.749020 -0.551630
vn 0.380975 -0.741536 -0.552252
vn -0.141264 -0.855223 -0.498636
vn -0.144588 -0.851633 -0.503800
vn -0.154440 -0.840048 -0.520065
vn 0.936318 -0.179201 -0.301986
vn 0.936318 -0.179201 -0.301986
vn 0.936318 -0.179201 -0.301986
vn 0.936318 -0.179201 -0.301986
vn 0.986275 -0.048798 -0.157733
vn 0.971992 0.128579 0.196720
vn 0.674870 -0.148171 0.722908
vn 0.674870 -0.148170 0.722908
vn 0.674873 -0.148169 0.722905
vn 0.674873 -0.148169 0.722906
vn 0.674875 -0.148168 0.722903
vn 0.674875 -0.148168 0.722903
vn 0.674873 -0.148167 0.722906
vn 0.674873 -0.148167 0.722906
vn -0.989194 -0.027804 0.143952
vn -0.989194 -0.027804 0.143952
vn -0.989194 -0.027804 0.143952
vn -0.989194 -0.027804 0.143952
vn -0.980172 -0.136114 -0.144000
vn -0.992538 0.025223 0.119300
vn -0.479632 -0.428801 0.765560
vn -0.479632 -0.428801 0.765560
vn -0.479633 -0.428802 0.765560
vn -0.479633 -0.428802 0.765559
vn -0.479633 -0.428802 0.765559
vn -0.479633 -0.428802 0.765559
vn -0.479633 -0.428806 0.765557
vn -0.479633 -0.428806 0.765557
vn 0.400848 -0.658461 -0.636985
vn 0.435389 -0.675477 -0.595119
vn 0.476489 -0.693635 -0.540212
vn 0.156684 -0.772532 -0.615341
vn -0.164344 -0.765825 -0.621694
vn 0.898430 0.190253 0.395762
vn 0.899906 0.252079 0.355844
vn 0.899906 0.252079 0.355844
vn 0.992144 -0.124688 -0.010180
vn 0.992144 -0.124688 -0.010180
vn -0.414984 0.690561 0.592380
vn -0.509495 0.617185 0.599581
vn -0.581141 0.550798 0.599081
vn -0.157138 0.663023 0.731921
vn 0.338152 0.626987 0.701813
vn -0.923036 -0.295667 -0.246143
vn -0.923036 -0.295667 -0.246143
vn -0.921839 -0.301569 -0.243453
vn -0.921660 -0.302434 -0.243058
vn -0.920326 -0.308745 -0.240161
vn -0.920326 -0.308745 -0.240161
vn -0.999399 -0.009353 0.033391
vn -0.999399 -0.009353 0.033391
vn 0.234091 -0.726772 -0.645759
vn 0.203648 -0.764004 -0.612230
vn 0.170758 -0.800452 -0.574559
vn -0.135700 -0.825679 -0.547576
vn -0.450256 -0.765031 -0.460431
vn 0.993819 0.111014 -0.000779
vn 0.993819 0.111014 -0.000779
vn 0.996156 0.086303 -0.014980
vn 0.995789 0.090832 -0.012381
vn 0.997426 0.066746 -0.026182
vn 0.997426 0.066746 -0.026182
vn 0.943865 -0.228257 -0.238783
vn 0.943865 -0.228257 -0.238783
vn -0.311016 0.691108 0.652409
vn 0.147352 0.756316 0.637396
vn 0.540854 0.673757 0.503516
vn -0.958298 -0.274321 0.080076
vn -0.964226 -0.253546 0.077349
vn -0.980166 -0.186024 0.068343
vn -0.980165 -0.186024 0.068343
vn -0.911647 0.192155 0.363286
vn -0.911647 0.192155 0.363286
vn 0.930872 0.337375 -0.140194
vn 0.205833 0.700881 -0.682934
vn -0.665033 0.415500 -0.620557
vn 0.669002 -0.512459 0.538351
vn 0.957218 -0.110265 0.267537
vn -0.964042 -0.265492 -0.011696
vn -0.360764 -0.751734 0.552038
vn -0.940864 0.065713 -0.332349
vn 0.584550 0.357356 -0.728422
vn -0.338470 0.531962 -0.776180
vn -0.965898 0.211635 -0.149168
vn 0.983116 -0.181177 0.025634
vn 0.924329 0.086979 -0.371551
vn -0.607599 -0.456978 0.649611
vn 0.394075 -0.603526 0.693153
vn -0.937774 -0.138802 0.318299
vn 0.527088 0.847575 -0.061606
vn 0.527088 0.847575 -0.061606
vn 0.733628 0.608330 -0.302861
vn 0.733628 0.608330 -0.302861
vn 0.367677 0.670340 -0.644561
vn 0.339856 0.668423 -0.661596
vn -0.114055 0.552630 -0.825586
vn -0.114055 0.552630 -0.825586
vn 0.487721 0.402579 0.774635
vn 0.487721 0.402579 0.774635
vn 0.487721 0.402579 0.774635
vn 0.487721 0.402579 0.774635
vn 0.845448 0.043595 0.532275
vn 0.845448 0.043595 0.532275
vn 0.908574 0.210488 0.360815
vn 0.908574 0.210488 0.360815
vn 0.908574 0.210488 0.360815
vn 0.908574 0.210488 0.360815
vn -0.573814 0.456110 0.680222
vn -0.573814 0.456110 0.680222
vn -0.160885 -0.961125 0.224400
vn -0.160885 -0.961125 0.224400
vn -0.122792 -0.960464 0.249861
vn -0.122790 -0.960464 0.249863
vn -0.084432 -0.957786 0.274804
vn -0.084432 -0.957786 0.274804
vn -0.833497 0.323118 -0.448193
vn -0.833497 0.323118 -0.448193
vn -0.833497 0.323118 -0.448193
vn -0.833497 0.323118 -0.448193
vn -0.741245 0.111723 -0.661872
vn -0.741245 0.111723 -0.661872
vn -0.741245 0.111723 -0.661871
vn -0.741245 0.111723 -0.661872
vn -0.846786 -0.036831 -0.530657
vn -0.841274 -0.033607 -0.539563
vn -0.841278 -0.033609 -0.539558
vn -0.846786 -0.036831 -0.530657
vn 0.099166 0.793641 -0.600250
vn 0.099166 0.793641 -0.600249
vn 0.027020 0.510891 -0.859221
vn 0.027020 0.510891 -0.859221
vn -0.448238 0.521500 -0.726031
vn -0.424207 0.524312 -0.738340
vn -0.794699 0.416629 -0.441445
vn -0.794699 0.416629 -0.441445
vn 0.840732 0.537460 -0.065625
vn 0.840732 0.537460 -0.065625
vn 0.840732 0.537460 -0.065625
vn 0.840732 0.537460 -0.065625
vn 0.870386 0.136933 -0.472945
vn 0.870386 0.136933 -0.472945
vn 0.767622 0.223468 -0.600682
vn 0.767622 0.223468 -0.600682
vn 0.767622 0.223468 -0.600682
vn 0.767622 0.223468 -0.600682
vn 0.238361 0.583044 0.776688
vn 0.238361 0.583044 0.776688
vn 0.282092 -0.897130 0.339972
vn 0.282092 -0.897130 0.339972
vn 0.321773 -0.891775 0.318119
vn 0.321689 -0.891788 0.318167
vn 0.360668 -0.884588 0.295673
vn 0.360668 -0.884588 0.295673
vn -0.853602 0.307101 0.420777
vn -0.853602 0.307101 0.420777
vn -0.853602 0.307101 0.420777
vn -0.853602 0.307101 0.420777
vn -0.958288 0.006643 0.285727
vn -0.958288 0.006643 0.285727
vn -0.958288 0.006643 0.285727
vn -0.958288 0.006643 0.285727
vn -0.872104 -0.133500 0.470758
vn -0.866710 -0.139715 0.478847
vn -0.866590 -0.139851 0.479023
vn -0.872104 -0.133500 0.470758
vn -0.392549 0.732419 0.556298
vn -0.392549 0.732419 0.556298
vn -0.509100 0.662172 0.549859
vn -0.509100 0.662172 0.549859
vn -0.429484 0.669083 0.606524
vn -0.429278 0.669092 0.606659
vn -0.345550 0.669566 0.657477
vn -0.345550 0.669566 0.657477
vn -0.834966 -0.029982 -0.549483
vn -0.834966 -0.029982 -0.549483
vn -0.749280 -0.273388 -0.603191
vn -0.749280 -0.273388 -0.603191
vn -0.749280 -0.273388 -0.603191
vn -0.749280 -0.273388 -0.603191
vn -0.923533 0.358253 -0.136899
vn -0.923533 0.358253 -0.136899
vn -0.923533 0.358253 -0.136899
vn -0.923533 0.358253 -0.136899
vn 0.392226 -0.732721 -0.556128
vn 0.452826 -0.757967 -0.469505
vn 0.452826 -0.757967 -0.469505
vn 0.378051 -0.764302 -0.522418
vn 0.378145 -0.764298 -0.522355
vn 0.300172 -0.764197 -0.570877
vn 0.300172 -0.764197 -0.570877
vn 0.601447 0.403792 0.689358
vn 0.601447 0.403792 0.689358
vn 0.601446 0.403792 0.689358
vn 0.601446 0.403792 0.689358
vn 0.465016 0.418556 0.780110
vn 0.465016 0.418556 0.780110
vn 0.465016 0.418556 0.780110
vn 0.465016 0.418556 0.780110
vn 0.863145 -0.204238 0.461809
vn 0.863145 -0.204238 0.461809
vn 0.863145 -0.204238 0.461809
vn 0.863145 -0.204238 0.461809
vn 0.148067 0.834088 0.531389
vn 0.148067 0.834088 0.531389
vn 0.119035 0.760388 0.638468
vn 0.119035 0.760388 0.638468
vn 0.205304 0.777707 0.594157
vn 0.204951 0.777651 0.594352
vn 0.289391 0.787464 0.544199
vn 0.289391 0.787464 0.544199
vn -0.860393 -0.146807 0.488028
vn -0.860393 -0.146807 0.488028
vn -0.827615 -0.385669 0.407815
vn -0.827615 -0.385669 0.407815
vn -0.827615 -0.385669 0.407815
vn -0.827615 -0.385669 0.407815
vn -0.616578 0.328251 0.715600
vn -0.616578 0.328251 0.715600
vn -0.616578 0.328251 0.715600
vn -0.616578 0.328251 0.715600
vn -0.162878 -0.829563 -0.534130
vn -0.061766 -0.837092 -0.543565
vn -0.061766 -0.837092 -0.543565
vn -0.140862 -0.853934 -0.500954
vn -0.141127 -0.853978 -0.500804
vn -0.219010 -0.863659 -0.454014
vn -0.219010 -0.863659 -0.454014
vn 0.801652 0.541307 -0.253654
vn 0.801652 0.541307 -0.253654
vn 0.801652 0.541307 -0.253654
vn 0.801652 0.541307 -0.253654
vn 0.822659 0.561412 -0.089710
vn 0.822659 0.561412 -0.089710
vn 0.822659 0.561412 -0.089710
vn 0.822659 0.561412 -0.089710
vn 0.842650 -0.110393 -0.527025
vn 0.842650 -0.110393 -0.527025
vn 0.842650 -0.110393 -0.527025
vn 0.842650 -0.110393 -0.527025
vn 0.353575 -0.842378 -0.406674
vn -0.070088 -0.996699 -0.040974
vn -0.491445 -0.804500 0.333558
vn 0.677326 0.720637 -0.148028
vn 0.773492 -0.059388 -0.631017
vn -0.204118 0.756012 0.621918
vn 0.304721 0.907261 0.289866
vn -0.725280 0.003731 0.688443
vn 0.620426 -0.784184 -0.011283
vn 0.144925 -0.930094 -0.337524
vn -0.359304 -0.750414 -0.554778
vn 0.265555 0.593484 0.759775
vn 0.856219 -0.064987 0.512510
vn -0.754226 0.625914 0.198432
vn -0.309754 0.746408 0.589006
vn -0.885827 -0.015119 -0.463769
vn 0.589043 -0.742144 0.319766
vn 0.589043 -0.742144 0.319766
vn 0.589043 -0.742144 0.319766
vn 0.589043 -0.742144 0.319766
vn 0.701177 -0.661320 0.266472
vn 0.001904 -0.814002 0.580860
vn -0.656848 -0.694952 0.292563
vn 0.765756 -0.603392 -0.222568
vn -0.904250 -0.426106 0.027659
vn -0.904250 -0.426106 0.027659
vn -0.750996 -0.631136 -0.194096
vn 0.718592 0.216385 -0.660911
vn -0.757067 0.026232 0.652811
vn -0.668696 -0.588031 0.455044
vn -0.668696 -0.588031 0.455044
vn -0.756964 0.027094 0.652895
vn -0.211152 -0.977357 -0.013731
vn -0.211152 -0.977357 -0.013731
vn -0.211152 -0.977357 -0.013731
vn -0.211152 -0.977357 -0.013731
vn -0.033792 -0.983301 -0.178822
vn -0.033792 -0.983301 -0.178822
vn -0.033792 -0.983301 -0.178822
vn -0.033792 -0.983301 -0.178822
vn 0.541935 -0.527876 -0.653952
vn 0.706529 -0.015666 -0.707510
vn 0.706534 -0.015629 -0.707507
vn 0.541935 -0.527876 -0.653952
vn 0.697347 0.366534 -0.615922
vn 0.697347 0.366534 -0.615922
vn 0.113893 0.990914 0.071532
vn 0.113893 0.990915 0.071532
vn 0.113893 0.990915 0.071532
vn 0.113893 0.990915 0.071532
vn 0.093143 0.991502 0.090824
vn 0.093143 0.991502 0.090824
vn 0.093143 0.991502 0.090824
vn 0.093143 0.991502 0.090824
vn -0.611613 0.490525 0.620737
vn -0.611613 0.490525 0.620737
vn -0.843518 0.067607 -0.532829
vn -0.627584 -0.411180 -0.661112
vn -0.627584 -0.411179 -0.661112
vn -0.843524 0.067640 -0.532815
vn 0.077305 -0.886409 -0.456402
vn 0.077305 -0.886409 -0.456402
vn 0.077305 -0.886409 -0.456402
vn 0.077305 -0.886409 -0.456402
vn 0.286063 -0.898186 -0.333812
vn 0.286063 -0.898186 -0.333812
vn 0.286063 -0.898186 -0.333812
vn 0.286063 -0.898186 -0.333812
vn 0.802033 -0.582956 0.130023
vn 0.879317 -0.035754 0.474892
vn 0.879167 -0.034990 0.475228
vn 0.802033 -0.582956 0.130023
vn 0.690898 0.394444 0.605866
vn 0.690898 0.394444 0.605866
vn -0.155410 0.908649 0.387562
vn -0.155410 0.908649 0.387562
vn -0.155410 0.908650 0.387562
vn -0.155410 0.908650 0.387562
vn -0.179834 0.910124 0.373275
vn -0.179834 0.910124 0.373275
vn -0.179834 0.910124 0.373275
vn -0.179834 0.910124 0.373275
vn -0.846939 0.409609 -0.338992
vn -0.846939 0.409609 -0.338992
s 1
g pCube1
usemtl pCube1SG
f 101/1/1 1/2/2 98/3/3 97/4/4
f 99/5/5 2/6/6 103/7/7 102/8/8
f 104/9/9 3/10/10 107/11/11 106/12/12
s 3
f 114/13/13 5/14/14 111/15/15 110/16/16
f 112/17/17 6/18/18 116/19/19 115/20/20
f 117/21/21 7/22/22 120/23/23 119/24/24
f 126/25/25 9/26/26 113/27/27 123/28/28
f 124/29/29 10/30/30 118/31/31 127/32/32
f 128/33/33 11/34/34 122/35/35 130/36/36
f 136/424/37 13/38/38 125/39/39 133/474/40
f 141/401/41 85/42/42 138/43/43 137/473/44
f 145/413/45 15/477/46 132/47/47 142/472/48
f 149/49/49 17/50/50 135/51/51 146/52/52
f 147/53/53 18/54/54 151/470/55 150/56/56
f 152/57/57 19/58/58 144/59/59 154/60/60
f 160/61/61 21/62/62 148/63/63 157/64/64
f 158/65/65 22/66/66 153/67/67 161/68/68
f 162/69/69 23/70/70 156/71/71 164/72/72
f 171/73/73 90/74/74 168/75/75 167/76/76
f 169/77/77 91/78/78 173/79/79 172/80/80
f 174/81/81 92/82/82 177/83/83 176/84/84
s 10
f 184/85/85 49/86/86 181/87/87 180/88/88
s 1
f 187/464/89 30/90/90 175/91/91 185/469/92
s 12
f 192/93/93 53/94/94 189/95/95 188/96/96
s off
f 108/97/97 4/98/98 194/99/99 193/100/100
s 3
f 121/101/101 8/102/102 197/103/103 196/104/104
s 13
f 378/105/105 377/106/106 379/107/107 380/108/108
s off
f 171/73/109 29/109/110 204/110/111 203/111/112
s 3
f 160/61/61 25/112/113 207/113/114 206/114/115
s 14
f 386/501/116 387/116/117 388/117/118 389/118/119
s 15
f 216/119/120 29/109/121 170/120/122 213/121/123
s 1
f 214/122/124 30/90/90 187/464/89 217/123/125
f 218/124/126 2/6/6 98/3/127 220/125/128
s 17
f 221/126/129 1/2/130 204/462/131 223/127/132
s 18
f 228/128/133 31/129/134 179/130/135 225/131/136
s 19
f 226/132/137 32/133/138 194/460/139 229/134/140
s 1
f 230/135/141 4/98/142 107/11/143 232/136/144
f 233/137/145 3/10/10 186/458/146 235/139/147
s 21
f 240/140/148 33/141/149 215/142/150 237/143/151
f 238/144/152 34/145/153 219/454/154 241/147/155
f 242/148/156 35/149/157 222/150/158 244/151/159
f 245/152/160 36/153/161 224/447/162 247/155/163
s 22
f 252/156/164 37/157/165 227/158/166 249/159/167
f 250/160/168 38/161/169 231/441/170 253/163/171
f 254/164/172 39/165/173 234/166/174 256/167/175
f 257/168/176 40/169/177 236/434/178 259/171/179
s 23
f 263/524/180 41/479/181 239/174/182 261/528/183
s off
f 262/176/184 42/177/185 243/178/186 264/527/187
s 24
f 270/511/188 58/181/189 267/182/190 266/525/191
s off
f 272/516/192 44/448/193 248/186/194 271/523/195
s 25
f 275/518/196 45/478/197 251/190/198 273/522/199
s off
f 274/192/200 46/193/201 255/194/202 276/521/203
s 26
f 282/505/204 62/197/205 279/198/206 278/519/207
s off
f 284/510/208 48/435/209 260/202/210 283/517/211
s 27
f 287/204/212 43/450/213 246/206/214 285/207/215
s off
f 286/208/216 44/448/217 272/516/218 288/209/219
s 10
f 289/210/220 52/211/221 183/212/222 290/213/223
s 28
f 291/214/224 51/215/225 265/513/226 292/217/227
s 29
f 295/218/228 47/437/229 258/220/230 293/221/231
s off
f 294/222/232 48/435/233 284/510/234 296/223/235
s 12
f 297/224/236 56/225/237 191/226/238 298/227/239
s 30
f 299/228/240 55/229/241 277/507/242 300/231/243
s 3
f 304/232/244 12/233/245 198/430/246 301/235/247
f 302/236/248 24/237/249 155/238/250 305/239/251
f 306/240/252 20/241/253 143/428/254 308/243/255
f 309/244/256 16/245/257 131/246/258 311/247/259
f 316/248/260 21/62/62 208/426/261 313/250/262
f 314/251/263 9/26/26 126/25/25 317/252/264
f 318/253/265 13/38/38 136/424/37 320/254/266
f 321/255/267 17/50/50 149/49/49 323/256/268
f 327/257/269 66/258/270 303/422/271 325/260/272
f 326/261/273 65/262/274 307/263/275 328/264/276
f 329/265/277 67/266/278 310/420/279 330/268/280
f 331/269/281 68/270/282 312/271/283 332/272/284
f 335/273/285 69/274/286 315/418/287 333/276/288
f 334/277/289 70/278/290 319/279/291 336/280/292
f 337/281/293 71/282/294 322/416/295 338/284/296
f 339/285/297 72/286/298 324/287/299 340/288/300
s off
f 344/289/301 14/480/302 129/291/303 341/292/304
s 3
f 342/293/305 15/46/306 145/414/45 345/294/307
f 346/295/308 19/471/58 151/55/309 348/296/310
f 349/297/311 18/475/54 134/410/312 351/299/313
f 355/300/314 81/301/315 343/302/316 353/303/317
f 354/304/318 82/305/319 347/406/320 356/307/321
f 357/308/322 83/309/323 350/310/324 358/311/325
f 359/312/326 84/313/327 352/403/328 360/315/329
f 363/316/330 90/74/74 205/400/331 361/318/332
f 363/316/330 25/112/113 159/319/333 364/320/334
f 365/321/335 26/322/336 163/323/337 366/324/338
f 367/325/339 27/326/340 166/327/341 368/328/342
f 371/329/343 94/330/344 195/397/345 370/332/346
f 373/333/347 95/334/348 109/335/349 372/336/350
f 375/337/351 96/338/352 105/339/353 374/340/354
f 362/341/355 89/342/356 100/343/357 376/344/358
s 1
f 98/3/3 2/6/6 99/5/5 97/4/4
s 3
f 99/5/359 96/338/352 100/343/357 97/4/360
f 100/343/357 89/342/356 101/1/361 97/4/360
s 1
f 103/7/7 3/10/10 104/9/9 102/8/362
s 3
f 104/9/363 95/334/348 105/339/353 102/8/364
f 105/339/353 96/338/352 99/5/359 102/8/364
s 1
f 107/11/11 4/98/365 108/97/366 106/12/12
s 3
f 108/97/367 94/330/344 109/335/349 106/12/368
f 109/335/349 95/334/348 104/9/363 106/12/368
f 111/15/15 6/18/18 112/17/17 110/16/16
f 112/17/17 10/30/30 113/27/27 110/16/16
f 113/27/27 9/26/26 114/13/13 110/16/16
f 116/19/19 7/22/22 117/21/21 115/20/20
f 117/21/21 11/34/34 118/31/31 115/20/20
f 118/31/31 10/30/30 112/17/17 115/20/20
f 120/23/23 8/102/102 121/101/101 119/24/24
f 121/101/101 12/233/245 122/35/35 119/24/24
f 122/35/35 11/34/34 117/21/21 119/24/24
f 113/27/27 10/30/30 124/29/29 123/28/28
f 124/29/29 14/290/369 125/39/39 123/28/28
f 125/39/39 13/38/38 126/25/25 123/28/28
f 118/31/31 11/34/34 128/33/33 127/32/32
f 128/33/33 15/477/46 129/476/370 127/32/32
f 129/476/370 14/290/369 124/29/29 127/32/32
f 122/35/35 12/233/245 131/246/258 130/36/36
f 131/246/258 16/245/257 132/47/47 130/36/36
f 132/47/47 15/477/46 128/33/33 130/36/36
f 125/39/39 14/290/369 134/408/312 133/474/40
f 134/409/312 18/54/54 135/51/51 133/40/40
f 135/51/51 17/50/50 136/37/37 133/40/40
f 138/43/43 86/345/371 139/346/372 137/473/44
f 139/404/372 87/347/373 140/348/374 137/44/44
f 140/348/374 88/349/375 141/41/41 137/44/44
f 132/47/47 16/245/257 143/242/254 142/472/48
f 143/428/254 20/241/253 144/59/59 142/48/48
f 144/59/59 19/58/58 145/412/45 142/48/48
f 135/51/51 18/54/54 147/53/53 146/52/52
f 147/53/53 22/66/66 148/63/63 146/52/52
f 148/63/63 21/62/62 149/49/49 146/52/52
f 151/470/55 19/58/58 152/57/57 150/56/56
f 152/57/57 23/70/70 153/67/67 150/56/56
f 153/67/67 22/66/66 147/53/53 150/56/56
f 144/59/59 20/241/253 155/238/250 154/60/60
f 155/238/250 24/237/249 156/71/71 154/60/60
f 156/71/71 23/70/70 152/57/57 154/60/60
f 148/63/63 22/66/66 158/65/65 157/64/64
f 158/65/65 26/322/336 159/319/333 157/64/64
f 159/319/333 25/112/113 160/61/61 157/64/64
f 153/67/67 23/70/70 162/69/69 161/68/68
f 162/69/69 27/326/340 163/323/337 161/68/68
f 163/323/337 26/322/336 158/65/65 161/68/68
f 156/71/71 24/237/249 165/350/376 164/72/72
f 165/350/376 28/351/377 166/327/341 164/72/72
f 166/327/341 27/326/340 162/69/69 164/72/72
f 168/75/75 91/78/78 169/77/77 167/76/76
s 1
f 169/77/378 30/90/90 170/120/379 167/76/380
f 170/120/379 29/109/381 171/73/382 167/76/380
s 3
f 173/79/79 92/82/82 174/81/81 172/80/80
s 1
f 174/81/383 31/129/384 175/91/91 172/80/385
f 175/91/91 30/90/90 169/77/378 172/80/386
s 3
f 177/83/83 93/352/387 178/353/388 176/84/84
s 1
f 178/353/389 32/133/390 179/130/391 176/84/392
f 179/130/391 31/129/384 174/81/383 176/84/392
s 10
f 181/87/87 50/354/393 182/355/394 180/88/88
f 182/355/394 51/215/395 183/212/222 180/88/88
f 183/212/222 52/211/221 184/85/85 180/88/88
s 1
f 175/91/91 31/129/384 186/138/146 185/469/92
f 186/458/146 3/10/10 103/7/7 185/92/92
f 103/7/7 2/6/6 187/89/89 185/92/92
s 12
f 189/95/95 54/356/396 190/357/397 188/96/96
f 190/357/397 55/229/398 191/226/238 188/96/96
f 191/226/238 56/225/237 192/93/93 188/96/96
s off
f 194/460/399 32/133/400 178/353/401 193/468/402
s 3
f 178/353/388 93/352/387 195/331/345 193/468/403
f 195/397/345 94/330/344 108/97/367 193/100/403
f 197/395/103 28/351/377 165/350/376 196/467/104
f 165/350/376 24/237/249 198/234/404 196/467/104
f 198/430/404 12/233/245 121/101/101 196/104/104
s 41
f 379/107/405 381/358/406 382/503/407 380/108/408
f 382/359/407 383/360/409 384/361/410 380/108/408
s 13
f 384/361/411 385/362/412 378/105/105 380/108/108
s off
f 204/462/413 1/2/414 101/1/415 203/466/416
s 3
f 101/1/361 89/342/356 205/317/331 203/466/417
f 205/400/331 90/74/74 171/73/73 203/111/417
f 207/398/114 5/14/14 114/13/13 206/465/115
f 114/13/13 9/26/26 208/249/418 206/465/115
f 208/426/418 21/62/62 160/61/61 206/114/115
s 42
f 388/117/419 390/363/420 391/364/421 389/118/422
f 391/364/421 392/365/423 393/366/424 389/118/422
s 14
f 393/366/425 394/367/426 386/115/116 389/118/119
s 15
f 170/120/122 30/90/427 214/122/428 213/121/123
f 214/122/428 34/145/429 215/142/430 213/121/123
f 215/142/430 33/141/431 216/119/120 213/121/123
s 1
f 187/89/89 2/6/6 218/124/126 217/463/432
f 218/124/126 35/149/433 219/146/434 217/463/432
f 219/454/435 34/145/436 214/122/124 217/123/125
f 98/3/127 1/2/437 221/126/438 220/125/128
f 221/126/438 36/153/439 222/150/440 220/125/128
f 222/150/440 35/149/441 218/124/126 220/125/128
s 43
f 204/110/442 29/109/443 216/119/444 223/461/445
f 216/119/444 33/141/446 224/154/447 223/461/445
s 17
f 224/447/448 36/153/449 221/126/129 223/127/132
s 18
f 179/130/135 32/133/450 226/132/451 225/131/136
f 226/132/451 38/161/452 227/158/453 225/131/136
f 227/158/453 37/157/454 228/128/133 225/131/136
s 44
f 194/99/455 4/98/456 230/135/457 229/459/458
f 230/135/457 39/165/459 231/162/460 229/459/458
s 19
f 231/441/461 38/161/462 226/132/137 229/134/140
s 1
f 107/11/143 3/10/10 233/137/145 232/136/144
f 233/137/145 40/169/463 234/166/464 232/136/144
f 234/166/464 39/165/465 230/135/141 232/136/144
f 186/138/146 31/129/384 228/128/466 235/457/467
f 228/128/466 37/157/468 236/170/469 235/457/467
f 236/434/470 40/169/471 233/137/145 235/139/147
s 21
f 215/142/150 34/145/153 238/144/152 237/143/151
f 238/144/152 42/456/472 239/455/473 237/143/151
f 239/455/473 41/173/474 240/140/148 237/143/151
f 219/146/154 35/149/157 242/148/156 241/453/155
f 242/148/156 43/205/475 243/451/476 241/453/155
f 243/452/476 42/456/472 238/144/152 241/147/155
f 222/150/158 36/153/161 245/152/160 244/151/159
f 245/152/160 44/185/477 246/449/478 244/151/159
f 246/449/478 43/205/475 242/148/156 244/151/159
f 224/154/162 33/141/149 240/140/148 247/446/163
f 240/140/148 41/173/474 248/444/479 247/446/163
f 248/445/479 44/185/477 245/152/160 247/155/163
s 22
f 227/158/166 38/161/169 250/160/168 249/159/167
f 250/160/168 46/443/480 251/442/481 249/159/167
f 251/442/481 45/189/482 252/156/164 249/159/167
f 231/162/170 39/165/173 254/164/172 253/440/171
f 254/164/172 47/219/483 255/438/484 253/440/171
f 255/439/484 46/443/480 250/160/168 253/163/171
f 234/166/174 40/169/177 257/168/176 256/167/175
f 257/168/176 48/201/485 258/436/486 256/167/175
f 258/436/486 47/219/483 254/164/172 256/167/175
f 236/170/178 37/157/165 252/156/164 259/433/179
f 252/156/164 45/189/482 260/431/487 259/433/179
f 260/432/487 48/201/485 257/168/176 259/171/179
s 23
f 239/174/182 42/177/488 262/176/489 261/528/183
s 45
f 262/526/490 50/354/491 181/87/492 261/175/493
f 181/87/492 49/86/494 263/172/495 261/175/493
s off
f 243/178/496 43/450/497 265/216/498 264/527/499
s 28
f 265/513/226 51/215/225 182/355/500 264/179/501
s off
f 182/355/502 50/354/503 262/526/504 264/179/505
s 24
f 267/182/190 57/368/506 268/369/507 266/525/191
s 46
f 268/514/508 59/370/509 269/371/510 266/183/511
f 269/371/510 60/372/512 270/180/513 266/183/511
s off
f 248/186/514 41/479/515 263/524/516 271/523/517
f 263/172/518 49/86/519 184/85/520 271/187/521
s 47
f 184/85/522 52/211/523 272/184/524 271/187/525
s 25
f 251/190/198 46/193/526 274/192/527 273/522/199
s 48
f 274/520/528 54/356/529 189/95/530 273/191/531
f 189/95/530 53/94/532 275/188/533 273/191/531
s off
f 255/194/534 47/437/535 277/230/536 276/521/537
s 30
f 277/507/242 55/229/241 190/357/538 276/195/539
s off
f 190/357/540 54/356/541 274/520/542 276/195/543
s 26
f 279/198/206 61/373/544 280/374/545 278/519/207
s 49
f 280/508/546 63/375/547 281/376/548 278/199/549
f 281/376/548 64/377/550 282/196/551 278/199/549
s off
f 260/202/552 45/478/553 275/518/554 283/517/555
f 275/188/556 53/94/557 192/93/558 283/203/559
s 50
f 192/93/560 56/225/561 284/200/562 283/203/563
s 27
f 246/206/214 44/448/564 286/208/565 285/207/215
s 51
f 286/208/566 57/368/567 267/182/568 285/207/569
f 267/182/568 58/181/570 287/204/571 285/207/569
s 47
f 272/184/524 52/211/523 289/210/572 288/515/573
s off
f 289/210/574 59/370/575 268/514/576 288/515/577
f 268/369/578 57/368/579 286/208/580 288/209/581
s 10
f 183/212/222 51/215/395 291/214/582 290/213/223
s 52
f 291/214/583 60/372/584 269/371/585 290/213/586
f 269/371/585 59/370/587 289/210/588 290/213/586
s off
f 265/216/589 43/450/590 287/204/591 292/512/592
f 287/204/593 58/181/594 270/511/595 292/512/596
f 270/180/597 60/372/598 291/214/599 292/217/600
s 29
f 258/220/230 48/435/601 294/222/602 293/221/231
s 53
f 294/222/603 61/373/604 279/198/605 293/221/606
f 279/198/605 62/197/607 295/218/608 293/221/606
s 50
f 284/200/562 56/225/561 297/224/609 296/509/610
s off
f 297/224/611 63/375/612 280/508/613 296/509/614
f 280/374/615 61/373/616 294/222/617 296/223/618
s 12
f 191/226/238 55/229/398 299/228/619 298/227/239
s 54
f 299/228/620 64/377/621 281/376/622 298/227/623
f 281/376/622 63/375/624 297/224/625 298/227/623
s off
f 277/230/626 47/437/627 295/218/628 300/506/629
f 295/218/630 62/197/631 282/505/632 300/506/633
f 282/196/634 64/377/635 299/228/636 300/231/637
s 3
f 198/234/246 24/237/249 302/236/248 301/429/247
f 302/236/248 65/262/274 303/259/271 301/429/247
f 303/422/271 66/258/270 304/232/244 301/235/247
f 155/238/250 20/241/253 306/240/252 305/239/251
f 306/240/252 67/266/278 307/263/275 305/239/251
f 307/263/275 65/262/274 302/236/248 305/239/251
f 143/242/254 16/245/257 309/244/256 308/427/255
f 309/244/256 68/270/282 310/267/279 308/427/255
f 310/420/279 67/266/278 306/240/252 308/243/255
f 131/246/258 12/233/245 304/232/244 311/247/259
f 304/232/244 66/258/270 312/271/283 311/247/259
f 312/271/283 68/270/282 309/244/256 311/247/259
f 208/249/261 9/26/26 314/251/263 313/425/262
f 314/251/263 70/278/290 315/275/287 313/425/262
f 315/418/287 69/274/286 316/248/260 313/250/262
f 126/25/25 13/38/38 318/253/265 317/252/264
f 318/253/265 71/282/294 319/279/291 317/252/264
f 319/279/291 70/278/290 314/251/263 317/252/264
f 136/37/37 17/50/50 321/255/267 320/423/266
f 321/255/267 72/286/298 322/283/295 320/423/266
f 322/416/295 71/282/294 318/253/265 320/254/266
f 149/49/49 21/62/62 316/248/260 323/256/268
f 316/248/260 69/274/286 324/287/299 323/256/268
f 324/287/299 72/286/298 321/255/267 323/256/268
f 303/259/271 65/262/274 326/261/273 325/421/272
f 326/261/273 73/497/638 199/498/639 325/421/272
f 199/499/639 74/500/640 327/257/269 325/260/272
f 307/263/275 67/266/278 329/265/277 328/264/276
f 329/265/277 75/495/641 200/496/642 328/264/276
f 200/496/642 73/497/638 326/261/273 328/264/276
f 310/267/279 68/270/282 331/269/281 330/419/280
f 331/269/281 76/492/643 201/493/644 330/419/280
f 201/494/644 75/495/641 329/265/277 330/268/280
f 312/271/283 66/258/270 327/257/269 332/272/284
f 327/257/269 74/500/640 202/491/645 332/272/284
f 202/491/645 76/492/643 331/269/281 332/272/284
f 315/275/287 70/278/290 334/277/289 333/417/288
f 334/277/289 78/490/646 209/488/647 333/417/288
f 209/489/647 77/482/648 335/273/285 333/276/288
f 319/279/291 71/282/294 337/281/293 336/280/292
f 337/281/293 79/487/649 210/486/650 336/280/292
f 210/486/650 78/490/646 334/277/289 336/280/292
f 322/283/295 72/286/298 339/285/297 338/415/296
f 339/285/297 80/485/651 211/483/652 338/415/296
f 211/484/652 79/487/649 337/281/293 338/284/296
f 324/287/299 69/274/286 335/273/285 340/288/300
f 335/273/285 77/482/648 212/481/653 340/288/300
f 212/481/653 80/485/651 339/285/297 340/288/300
s off
f 129/291/654 15/46/655 342/293/656 341/292/657
s 3
f 342/293/658 82/305/319 343/302/316 341/292/659
f 343/302/316 81/301/315 344/289/660 341/292/659
f 145/45/45 19/471/58 346/295/308 345/411/307
f 346/295/308 83/309/323 347/306/320 345/411/661
f 347/406/320 82/305/319 342/293/658 345/294/661
f 151/55/309 18/475/54 349/297/311 348/296/310
f 349/297/311 84/313/327 350/310/324 348/296/310
f 350/310/324 83/309/323 346/295/308 348/296/310
f 134/298/312 14/480/662 344/289/663 351/407/313
f 344/289/660 81/301/315 352/314/328 351/407/664
f 352/403/328 84/313/327 349/297/311 351/299/664
f 343/302/316 82/305/319 354/304/318 353/303/317
f 354/304/318 86/345/371 138/43/43 353/303/317
f 138/43/43 85/42/42 355/300/314 353/303/317
f 347/306/320 83/309/323 357/308/322 356/405/321
f 357/308/322 87/347/373 139/404/372 356/405/321
f 139/346/372 86/345/371 354/304/318 356/307/321
f 350/310/324 84/313/327 359/312/326 358/311/325
f 359/312/326 88/349/375 140/348/374 358/311/325
f 140/348/374 87/347/373 357/308/322 358/311/325
f 352/314/328 81/301/315 355/300/314 360/402/329
f 355/300/314 85/42/42 141/401/41 360/402/329
f 141/41/41 88/349/375 359/312/326 360/315/329
f 205/317/331 89/342/356 362/341/355 361/399/332
f 362/341/355 5/14/14 207/398/114 361/399/332
f 207/113/114 25/112/113 363/316/330 361/318/332
f 159/319/333 26/322/336 365/321/335 364/320/334
f 365/321/335 91/78/78 168/75/75 364/320/334
f 168/75/75 90/74/74 363/316/330 364/320/334
f 163/323/337 27/326/340 367/325/339 366/324/338
f 367/325/339 92/82/82 173/79/79 366/324/338
f 173/79/79 91/78/78 365/321/335 366/324/338
f 166/327/341 28/351/377 369/394/665 368/328/342
f 369/394/665 93/352/387 177/83/83 368/328/342
f 177/83/83 92/82/82 367/325/339 368/328/342
f 195/331/345 93/352/387 369/394/665 370/396/346
f 369/394/665 28/351/377 197/395/103 370/396/346
f 197/103/103 8/102/102 371/329/343 370/332/346
f 109/335/349 94/330/344 371/329/343 372/336/350
f 371/329/343 8/102/102 120/23/23 372/336/350
f 120/23/23 7/22/22 373/333/347 372/336/350
f 105/339/353 95/334/348 373/333/347 374/340/354
f 373/333/347 7/22/22 116/19/19 374/340/354
f 116/19/19 6/18/18 375/337/351 374/340/354
f 100/343/357 96/338/352 375/337/351 376/344/358
f 375/337/351 6/18/18 111/15/15 376/344/358
f 111/15/15 5/14/14 362/341/355 376/344/358
s 55
f 202/385/666 74/380/667 377/106/668 378/105/669
s off
f 74/380/670 199/379/671 379/107/672 377/106/673
f 199/379/674 73/378/675 381/358/676 379/107/677
s 56
f 73/378/678 200/504/679 382/503/680 381/358/681
f 200/382/679 75/381/682 383/360/683 382/359/680
s off
f 75/381/684 201/384/685 384/361/686 383/360/687
f 201/384/688 76/383/689 385/362/690 384/361/691
s 55
f 76/383/692 202/385/666 378/105/669 385/362/693
s 57
f 212/393/694 77/388/695 387/116/696 386/501/697
s off
f 77/388/698 209/387/699 388/117/700 387/116/701
f 209/387/702 78/386/703 390/363/704 388/117/705
s 58
f 78/386/706 210/390/707 391/364/708 390/363/709
f 210/390/707 79/389/710 392/365/711 391/364/708
s off
f 79/389/712 211/392/713 393/366/714 392/365/715
f 211/392/716 80/391/717 394/367/718 393/366/719
s 57
f 80/391/720 212/502/694 386/115/697 394/367/721
