# This file uses centimeters as units for non-parametric coordinates.

mtllib my_animation.0059.mtl
g default
v -19.616735 72.813217 3.352104
v -6.336758 73.217003 6.522355
v 5.274812 73.087700 8.266723
v 19.288712 73.069283 7.066713
v -20.043301 101.727493 3.075802
v -9.255738 101.832832 13.925406
v 8.913880 101.936462 15.237614
v 21.273392 101.933533 6.175653
v -14.483639 129.373291 1.565027
v -8.085838 126.987518 10.900527
v 7.057664 127.702995 12.087657
v 15.013083 131.225174 4.577332
v -19.313299 136.731689 5.026462
v -6.488739 145.706696 3.280798
v 4.918309 146.253189 4.170618
v 18.303375 138.825562 8.599670
v -23.241606 136.250504 -4.345443
v -7.426645 145.790436 -8.850100
v 7.743043 146.552307 -7.632797
v 23.685129 138.661484 -0.480660
v -16.286076 129.696304 -6.361409
v -6.236794 127.127792 -12.764906
v 8.906083 127.841026 -11.577989
v 17.688047 132.077118 -3.196997
v -19.117296 101.648865 -9.787832
v -5.783017 101.656799 -12.684071
v 9.360531 101.751137 -11.570986
v 22.222496 101.851089 -6.977337
v -16.781326 72.373650 -9.083797
v -3.924569 69.109108 -5.659066
v 4.874814 67.711113 -3.660619
v 18.018080 70.899910 -5.743801
v -13.968498 39.113209 -5.581221
v -6.707227 39.436913 -3.342648
v -10.351490 39.465496 8.585301
v -17.661568 39.087269 6.385873
v 11.034692 38.479679 4.422509
v 18.710215 38.675449 2.957924
v 21.030392 40.895153 15.332653
v 13.355737 40.698372 16.790546
v -11.446295 5.721910 -11.273358
v -4.818032 5.603194 -8.028479
v -9.550982 5.027089 1.535336
v -16.156721 5.092542 -1.738397
v 13.773543 5.472493 1.201259
v 21.093752 5.754662 -0.550437
v 23.652409 5.339033 10.065788
v 16.332064 5.255134 11.848077
v -11.652013 0.025735 -12.440270
v -3.751460 -0.040407 -8.491186
v -9.085722 -0.500246 5.453876
v -19.625370 -0.479583 0.156772
v 12.892816 -0.025374 0.481869
v 21.658527 0.127636 -1.643893
v 26.494482 -0.233554 12.553111
v 15.036950 -0.273180 15.351498
v -25.160490 5.501397 13.939346
v -16.862623 5.497735 18.116343
v -25.363716 1.977165 14.343150
v -17.065100 1.973756 18.518656
v 19.813673 5.159169 29.669027
v 28.833830 5.176227 27.446636
v 19.875130 1.620287 29.931047
v 28.897902 1.641363 27.719311
v 23.343788 111.050995 -3.361505
v 16.281902 110.172493 5.218664
v 31.182571 113.741852 3.389367
v 24.091080 113.021584 11.958478
v -23.387417 108.354393 -5.252246
v -16.156416 107.833473 3.208740
v -23.747683 111.175835 9.944790
v -31.027987 111.495262 1.517742
v 29.906788 84.384193 1.554511
v 23.678864 83.717361 9.055793
v 32.624950 85.513771 3.911617
v 26.397100 84.846954 11.412985
v -30.265001 82.135925 1.103149
v -23.886690 81.734993 8.496236
v -26.534317 83.026451 10.850486
v -32.912628 83.427383 3.457398
v -9.206398 155.858124 6.847002
v 6.451269 156.608215 7.642349
v 10.289493 156.425598 -8.583692
v -11.383068 155.294525 -9.661971
v -9.665590 176.682892 6.829560
v 5.168761 177.378159 7.414959
v 5.365004 180.618896 -10.220668
v -8.776315 179.956131 -10.778719
v -19.769920 82.285515 3.634650
v -18.091595 81.385826 -9.078760
v -4.917826 80.861115 -10.278698
v 6.775868 79.922836 -9.170940
v 19.571133 79.735077 -5.878027
v 19.047844 81.122009 7.161733
v 6.629058 81.795563 10.431561
v -8.159748 82.359283 9.080769
v -14.630418 77.708321 6.892083
v -14.380094 73.122025 6.468408
v -7.766769 77.808838 8.514120
v -15.010922 82.418388 7.198086
v -19.840189 77.498566 3.470329
v -0.872666 78.014679 9.376297
v -0.748419 73.293213 9.274364
v 6.177853 77.500320 9.852608
v -0.749487 82.062943 9.735160
v 13.310781 77.415627 9.360991
v 13.563057 73.302605 9.306252
v 19.084459 77.110107 6.910713
v 13.653642 81.530556 9.744328
v -15.591066 114.417229 7.596865
v -16.187328 101.769646 8.804270
v -9.547667 114.307251 12.211532
v -13.896413 126.985756 6.685169
v -18.980856 114.330368 2.687760
v -0.154234 113.384293 13.249059
v -0.232026 101.889153 15.440361
v 9.223393 114.868744 13.633323
v -0.416063 127.354652 10.256387
v 15.468645 115.236824 9.955808
v 16.505281 101.946709 11.164115
v 19.610212 115.279358 5.927786
v 13.383029 128.258682 8.923327
v -12.974947 136.982498 6.305223
v -7.487879 139.445618 7.768528
v -14.820256 144.593521 4.028070
v -16.201851 132.182770 4.920553
v -0.825590 139.046326 8.402113
v 5.786944 140.073639 8.809477
v -0.991964 148.166031 5.377387
v 11.723608 138.300568 8.301469
v 15.867511 134.415497 8.185149
v 12.701060 145.819748 6.550420
v -15.559151 146.381042 -2.062591
v -7.097502 148.255295 -2.628206
v -17.200863 144.122452 -8.084880
v -21.413513 136.918930 0.549711
v -2.425578 182.650116 4.937515
v -2.264460 177.025574 7.534758
v 6.356621 180.855194 1.121459
v -1.661110 180.973953 -12.443790
v -11.612402 180.012848 0.430207
v 14.646186 147.633759 0.899071
v 21.152754 139.087006 4.370448
v 17.829630 145.650284 -4.701250
v 6.174923 148.903397 -1.590248
v -14.899077 137.235077 -10.713582
v -6.946765 139.515778 -12.101253
v -13.627055 127.180229 -11.774911
v -21.230320 132.550537 -7.146557
v 0.696980 139.875000 -11.514595
v 0.019091 148.944595 -9.210628
v 8.437874 140.247116 -10.872494
v 1.334694 127.481361 -12.171900
v 16.441898 138.757767 -7.855601
v 22.055321 135.169922 -3.476130
v 16.232780 128.684097 -9.250457
v -13.330729 114.518318 -12.345505
v -5.787467 114.384827 -12.765333
v -13.457100 101.644836 -12.566785
v -18.277842 114.253586 -9.168235
v 1.801162 114.629982 -12.191052
v 9.348830 114.860611 -11.611279
v 1.842204 101.655571 -12.152143
v 16.663750 115.388466 -10.009762
v 21.205561 115.339104 -6.061041
v 16.875772 101.807190 -10.376649
v -11.571267 76.763458 -10.606757
v -12.151827 81.073853 -11.011761
v -4.572111 76.611885 -9.554713
v -10.784568 72.416107 -10.259541
v -17.530857 76.871384 -9.057211
v 0.708274 76.206703 -8.562897
v 0.977841 80.437187 -9.634539
v 6.000433 75.428856 -8.245496
v 0.600072 71.703766 -7.438663
v 12.934066 75.125626 -8.190287
v 13.933338 79.647400 -8.636506
v 18.673561 75.304527 -5.962697
v 12.061751 70.541779 -7.472015
v -10.461093 -0.383070 -4.973055
v -6.593042 0.078553 -12.750804
v -5.177681 -0.312411 -2.354725
v -14.360923 -0.533837 2.815528
v -15.726363 -0.238968 -7.638640
v -0.303222 70.275757 7.965911
v 6.468689 59.082943 4.598218
v -4.856683 60.020569 0.338672
v 18.750639 -0.181503 5.530418
v 16.744396 0.095813 -2.886282
v 24.486441 -0.045636 4.125429
v 20.765488 -0.277853 13.958091
v 13.029903 -0.196532 6.910384
v 20.307896 76.128960 0.101229
v 19.967537 71.921402 0.202031
v 20.885157 80.347267 0.358912
v 22.124416 114.522697 -0.038099
v 23.784908 101.893822 -0.594639
v 15.944781 130.485016 0.235654
v 26.149681 83.810112 4.926179
v 31.619619 84.908501 1.780778
v 29.473661 85.191452 7.808633
v 24.003672 84.093056 10.953979
v -20.121506 77.143700 -3.470421
v -19.499407 72.523254 -3.584992
v -20.542864 81.837311 -3.318405
v -20.296616 113.364388 -3.565128
v -21.715504 101.681000 -3.873557
v -15.058635 128.236862 -3.367493
v -26.445028 81.665306 4.419762
v -24.163944 82.209808 10.379663
v -29.682755 83.244606 7.298723
v -31.963840 82.700096 1.338821
v -10.049933 56.770439 -8.344525
v -6.426538 56.093925 -5.044937
v -9.801090 39.292458 -5.565396
v -15.253050 55.585777 -7.514988
v -6.363526 56.468609 1.559921
v -9.781062 56.379650 7.204779
v -7.287790 39.490421 3.466600
v -14.544192 57.149071 8.022619
v -18.650919 55.849342 4.716457
v -14.553678 39.309254 9.959430
v -18.198866 55.777035 -1.753314
v -17.012922 39.036655 0.458171
v 12.863647 55.116493 -2.930988
v 18.176058 54.658478 -1.637733
v 14.511292 38.379448 2.644288
v 8.889758 54.503819 0.042720
v 20.460722 56.080544 4.396339
v 20.393728 57.209484 10.912242
v 20.958408 39.875233 9.344946
v 15.760478 58.455902 13.483753
v 11.121865 57.059605 12.597206
v 17.456446 41.218693 18.368536
v 8.326871 55.883270 6.601603
v 10.933714 39.603180 11.248489
v -7.692369 23.012642 -9.137031
v -4.931209 23.042282 -5.461177
v -7.223567 5.792240 -11.549675
v -12.403943 23.209772 -8.918565
v -6.273706 22.131998 0.825524
v -10.270133 21.578970 5.944592
v -5.950581 5.258879 -2.963248
v -14.833816 21.031042 6.131190
v -17.742634 21.716141 2.533013
v -14.216198 5.017756 2.555494
v -16.268482 22.339405 -3.750876
v -14.792260 5.379560 -7.303985
v 15.447663 22.513653 -0.214191
v 20.016623 23.196335 0.804287
v 16.991833 5.665139 -1.592687
v 11.852192 22.441437 2.692359
v 22.715342 22.936825 6.843060
v 23.019348 22.745495 13.447229
v 23.447220 5.596903 4.229195
v 19.378633 21.943293 16.308538
v 14.865245 22.036142 15.334256
v 20.700716 5.263350 13.780221
v 12.052930 21.980337 9.317238
v 13.882816 5.301687 6.528036
v -6.608516 2.972930 -12.735723
v -3.755472 2.836930 -8.493074
v -11.665525 2.920658 -12.423867
v -5.155385 2.531402 -2.391336
v -9.011063 2.328647 5.311577
v -21.972733 5.498637 17.938208
v -20.955503 6.466308 15.916468
v -27.241730 5.498722 15.287180
v -21.270021 1.012119 16.541407
v -16.703739 5.498552 20.589237
v -15.715377 2.635449 -7.650542
v -19.554609 2.356912 0.023403
v 16.723099 2.944121 -2.869760
v 21.635994 2.996167 -1.627112
v 12.870169 2.795601 0.490998
v 24.461208 2.828050 4.116002
v 26.459381 2.586273 12.457313
v 24.831635 5.062344 30.630692
v 24.307192 6.132945 28.487192
v 19.103800 5.055143 32.038635
v 24.403782 0.659207 28.898720
v 30.558767 5.077796 29.219864
v 13.006146 2.621133 6.891595
v 15.003278 2.547840 15.257818
v -17.574959 5.484816 9.201201
v -22.229179 5.490280 6.852875
v -12.923442 5.485703 11.551817
v -22.968292 2.821161 6.794785
v -23.102110 0.027314 7.060636
v -17.831739 0.023101 9.710188
v -12.561279 0.023092 12.357923
v -12.431500 2.815846 12.100954
v 22.496611 5.541466 21.101784
v 17.438515 5.543156 22.358799
v 27.554792 5.539155 19.844164
v 16.809153 2.863245 22.678343
v 16.849794 0.057808 22.846445
v 22.579517 0.057592 21.447620
v 28.308176 0.056440 20.047335
v 28.263670 2.860261 19.859861
v 17.350163 121.474060 -0.109445
v 21.132196 122.106216 -2.888655
v 18.636667 110.164978 -0.087667
v 15.591894 121.486938 4.377435
v 24.772207 123.105583 -1.124336
v 27.670536 124.205711 2.671455
v 27.729900 112.423813 -1.215161
v 25.342882 124.213440 6.656355
v 22.038929 123.734024 9.855171
v 28.201353 113.555168 8.158060
v 17.990210 122.480766 7.732682
v 19.081858 111.414513 9.272731
v -17.213278 118.806091 -2.907382
v -15.339373 119.048454 1.490071
v -18.628201 107.573128 -2.037392
v -21.157961 119.354218 -5.577717
v -17.872677 120.331078 4.863206
v -22.086901 122.014336 6.968938
v -18.829493 109.366570 7.241364
v -25.400934 122.418831 3.764843
v -27.670000 122.120148 -0.126852
v -27.937014 111.539871 6.217213
v -24.816216 120.591644 -3.815307
v -27.698603 109.895882 -3.087148
v 20.151865 100.749847 0.895983
v 24.667774 101.630142 -1.988279
v 18.221292 100.923050 5.833248
v 28.385166 102.954544 -0.171579
v 31.710594 104.503273 4.110037
v 28.765488 104.294250 8.358905
v 25.269947 103.832779 11.942960
v 20.508804 102.102943 9.402561
v -20.265001 98.277672 -0.569742
v -18.226324 98.663849 4.310984
v -24.821968 99.088394 -3.397548
v -20.412649 100.060547 7.862403
v -25.080105 101.989143 10.405901
v -28.630234 102.317383 6.870192
v -31.657602 102.356964 2.681594
v -28.464582 100.559219 -1.575569
v -1.351064 149.297989 10.572036
v 5.346564 151.334381 2.636209
v -1.525460 156.035141 10.183303
v -7.143255 150.719009 1.758687
v 8.095150 151.398788 -0.939247
v 5.958857 151.283188 -6.495278
v 11.112906 156.657303 -0.319686
v -0.138758 151.851471 -10.094625
v -6.492336 150.657410 -7.344002
v -0.495296 155.932220 -9.998979
v -9.371837 150.530136 -2.148969
v -13.027549 155.474075 -1.551949
v -2.008044 169.008224 10.370711
v 8.772023 171.199402 8.007565
v -12.711490 170.192520 7.159773
v 10.670429 171.980011 -1.440096
v 9.390506 171.226074 -10.234238
v -1.158695 170.585159 -12.836903
v -11.893487 170.228531 -11.074157
v -13.925726 170.827240 -2.410721
v -20.964968 92.282509 -3.835533
v -19.660936 92.768318 3.100456
v -18.515034 91.741081 -9.700612
v -12.731224 91.420784 -12.133656
v -5.259281 90.974846 -11.852679
v 1.637472 91.254715 -11.301863
v 8.470872 90.476974 -10.612197
v 15.880196 90.320450 -9.517202
v 21.273937 90.153656 -6.206656
v 22.508465 90.558937 0.167903
v 20.114534 91.160980 6.882593
v 15.067371 92.279045 10.615396
v 8.793036 92.090927 12.279263
v -0.357384 93.523476 11.598866
v -9.615095 92.797104 10.566316
v -15.417652 93.429550 7.817373
v 27.022472 70.330177 11.256672
v 27.420033 70.756432 13.354357
v 29.966909 70.540947 7.008431
v 31.587040 71.214211 8.413360
v 33.775890 71.053268 3.122262
v 35.678638 71.640678 3.406967
v 36.835033 72.324554 5.775057
v 33.419815 71.975868 10.002687
v 30.081615 71.601463 13.909467
v -36.199341 69.600731 3.710003
v -34.312946 68.967384 3.415147
v -30.428915 68.583054 7.241336
v -31.970285 69.334908 8.611916
v -27.396368 68.532623 11.432137
v -27.741219 69.069084 13.513813
v -30.376135 69.986107 14.081727
v -33.792217 70.223618 10.231961
v -37.292706 70.420853 6.064727
vt 0.208431 0.494797
vt 0.208575 0.478116
vt 0.229443 0.475893
vt 0.229271 0.493426
vt 0.252729 0.492198
vt 0.256170 0.471571
vt 0.275357 0.475888
vt 0.275429 0.493819
vt 0.298111 0.492176
vt 0.294163 0.471736
vt 0.321331 0.475953
vt 0.321541 0.493432
vt 0.198757 0.641525
vt 0.200055 0.589825
vt 0.221664 0.590600
vt 0.219751 0.640956
vt 0.244967 0.639373
vt 0.247968 0.591507
vt 0.275466 0.591669
vt 0.275481 0.635804
vt 0.305994 0.639365
vt 0.302966 0.591494
vt 0.329276 0.590573
vt 0.331197 0.640955
vt 0.199789 0.728809
vt 0.197393 0.704590
vt 0.219517 0.692482
vt 0.227784 0.730211
vt 0.252859 0.733034
vt 0.249003 0.687406
vt 0.275511 0.688085
vt 0.275516 0.730408
vt 0.298175 0.733010
vt 0.302021 0.687396
vt 0.331536 0.692451
vt 0.323246 0.730162
vt 0.805511 0.686057
vt 0.204711 0.752714
vt 0.229559 0.760254
vt 0.782889 0.696424
vt 0.784986 0.875584
vt 0.254181 0.941082
vt 0.275435 0.940431
vt 0.742298 0.896742
vt 0.699334 0.736241
vt 0.297037 0.807427
vt 0.321459 0.760204
vt 0.696358 0.696343
vt 0.808954 0.641287
vt 0.805193 0.664541
vt 0.784300 0.671779
vt 0.785729 0.644267
vt 0.763331 0.647822
vt 0.762442 0.673765
vt 0.742276 0.741120
vt 0.739609 0.647377
vt 0.715889 0.647774
vt 0.716786 0.673709
vt 0.694936 0.671695
vt 0.693494 0.644181
vt 0.806875 0.557726
vt 0.810121 0.617205
vt 0.790367 0.607046
vt 0.787575 0.557696
vt 0.763367 0.556090
vt 0.764746 0.603486
vt 0.739627 0.603152
vt 0.739688 0.556093
vt 0.716014 0.556064
vt 0.714496 0.603455
vt 0.688836 0.606971
vt 0.691820 0.557642
vt 0.803405 0.420481
vt 0.802841 0.435733
vt 0.782960 0.432290
vt 0.783371 0.416064
vt 0.759505 0.410786
vt 0.759570 0.428509
vt 0.739756 0.426992
vt 0.739743 0.409699
vt 0.720007 0.410786
vt 0.719946 0.428500
vt 0.696571 0.432245
vt 0.696182 0.416016
vt 0.819305 0.093413
vt 0.797386 0.086157
vt 0.790779 0.072322
vt 0.822344 0.073237
vt 0.265809 0.416173
vt 0.762697 0.377789
vt 0.739788 0.389948
vt 0.275377 0.462947
vt 0.364323 0.097210
vt 0.342669 0.089884
vt 0.336664 0.075169
vt 0.367299 0.076188
vt 0.342559 0.494848
vt 0.342402 0.478170
vt 0.366070 0.480227
vt 0.366198 0.495669
vt 0.352247 0.641476
vt 0.350872 0.589816
vt 0.374237 0.588973
vt 0.374011 0.638442
vt 0.936729 0.462892
vt 0.940585 0.464321
vt 0.946953 0.476690
vt 0.936605 0.482861
vt 0.804780 0.405462
vt 0.824266 0.410023
vt 0.823186 0.423812
vt 0.805355 0.509178
vt 0.825584 0.509339
vt 0.825621 0.554997
vt 0.118742 0.522844
vt 0.058006 0.517789
vt 0.074507 0.510871
vt 0.084702 0.516921
vt 0.822269 0.350445
vt 0.784755 0.399833
vt 0.805305 0.347137
vt 0.793942 0.336256
vt 0.777469 0.322538
vt 0.236211 0.409364
vt 0.220899 0.415267
vt 0.203041 0.415110
vt 0.182178 0.419746
vt 0.685950 0.336155
vt 0.717407 0.377787
vt 0.694840 0.399772
vt 0.674409 0.347030
vt 0.657366 0.350391
vt 0.674734 0.405426
vt 0.637625 0.358046
vt 0.347747 0.415166
vt 0.329799 0.415381
vt 0.314324 0.409429
vt 0.706215 0.336018
vt 0.292514 0.404556
vt 0.870618 0.237836
vt 0.844433 0.293934
vt 0.832214 0.287148
vt 0.858351 0.228645
vt 0.844944 0.223065
vt 0.821107 0.280742
vt 0.243727 0.342391
vt 0.826584 0.212775
vt 0.214622 0.282882
vt 0.224361 0.346790
vt 0.210147 0.349538
vt 0.199596 0.284960
vt 0.184434 0.288656
vt 0.194986 0.352422
vt 0.864110 0.304875
vt 0.163133 0.290367
vt 0.634803 0.222910
vt 0.658751 0.280554
vt 0.647480 0.287052
vt 0.621343 0.228556
vt 0.609012 0.237734
vt 0.635143 0.293889
vt 0.375465 0.356065
vt 0.590820 0.249121
vt 0.366326 0.288752
vt 0.355651 0.352469
vt 0.340563 0.349608
vt 0.351134 0.285011
vt 0.336042 0.282967
vt 0.326383 0.346874
vt 0.678330 0.268182
vt 0.315081 0.275917
vt 0.789900 0.091626
vt 0.894734 0.181072
vt 0.223763 0.023658
vt 0.779683 0.072008
vt 0.205625 0.023651
vt 0.212375 0.030485
vt 0.208733 0.046428
vt 0.818124 0.043214
vt 0.919973 0.054113
vt 0.218394 0.124576
vt 0.231547 0.124829
vt 0.925982 0.076298
vt 0.853028 0.105343
vt 0.173602 0.224408
vt 0.245023 0.044913
vt 0.815784 0.102925
vt 0.335499 0.095534
vt 0.609223 0.166963
vt 0.147562 0.023794
vt 0.325939 0.074804
vt 0.129108 0.019171
vt 0.133886 0.026698
vt 0.125138 0.040618
vt 0.363323 0.044920
vt 0.461211 0.056389
vt 0.114656 0.083148
vt 0.128082 0.110700
vt 0.466974 0.079440
vt 0.396801 0.109583
vt 0.345740 0.218419
vt 0.158805 0.046562
vt 0.361009 0.107136
vt 0.212264 0.093809
vt 0.204982 0.218327
vt 0.226791 0.056935
vt 0.229179 0.093286
vt 0.246067 0.092223
vt 0.255137 0.092099
vt 0.884191 0.095549
vt 0.853655 0.095653
vt 0.854753 0.074189
vt 0.884265 0.075061
vt 0.885799 0.054616
vt 0.855335 0.052709
vt 0.203340 0.068369
vt 0.888472 0.044995
vt 0.116537 0.064410
vt 0.377147 0.224500
vt 0.136900 0.057215
vt 0.135301 0.068971
vt 0.159593 0.072808
vt 0.169578 0.075371
vt 0.426769 0.099419
vt 0.397393 0.099512
vt 0.398467 0.077209
vt 0.426850 0.078134
vt 0.428347 0.056895
vt 0.399054 0.054890
vt 0.111199 0.052142
vt 0.430928 0.046902
vt 0.398347 0.732496
vt 0.353774 0.704759
vt 0.655189 0.607952
vt 0.404645 0.715309
vt 0.625247 0.642548
vt 0.669008 0.617360
vt 0.670290 0.641156
vt 0.629866 0.657272
vt 0.633967 0.675274
vt 0.674058 0.664432
vt 0.345812 0.774768
vt 0.637449 0.692485
vt 0.387906 0.765553
vt 0.346295 0.752641
vt 0.351218 0.728717
vt 0.392980 0.747350
vt 0.854032 0.642643
vt 0.181252 0.694641
vt 0.859345 0.625630
vt 0.152631 0.732602
vt 0.157999 0.747449
vt 0.163074 0.765647
vt 0.167481 0.783084
vt 0.845329 0.675366
vt 0.849419 0.657366
vt 0.462802 0.754848
vt 0.433121 0.744888
vt 0.586158 0.633072
vt 0.469035 0.736153
vt 0.562716 0.661102
vt 0.591598 0.653084
vt 0.596668 0.669873
vt 0.567525 0.676181
vt 0.573571 0.695803
vt 0.602326 0.689166
vt 0.414557 0.801264
vt 0.575415 0.714705
vt 0.450039 0.789809
vt 0.420413 0.781867
vt 0.427222 0.762131
vt 0.457315 0.770152
vt 0.916571 0.661069
vt 0.887682 0.653104
vt 0.112049 0.724515
vt 0.922852 0.642462
vt 0.088177 0.754903
vt 0.117860 0.744959
vt 0.123753 0.762207
vt 0.093657 0.770210
vt 0.100926 0.789871
vt 0.130556 0.781946
vt 0.872833 0.708772
vt 0.104321 0.808576
vt 0.905760 0.695791
vt 0.876995 0.689207
vt 0.882631 0.669903
vt 0.911782 0.676158
vt 0.245118 0.820265
vt 0.256063 0.761423
vt 0.275458 0.816348
vt 0.275456 0.817082
vt 0.305796 0.819611
vt 0.322444 0.827635
vt 0.716707 0.746651
vt 0.742277 0.751635
vt 0.767846 0.746640
vt 0.232576 0.815700
vt 0.789238 0.746868
vt 0.242805 0.909093
vt 0.242913 0.847487
vt 0.275453 0.850080
vt 0.275444 0.899369
vt 0.308078 0.909112
vt 0.307992 0.847504
vt 0.685718 0.768892
vt 0.335635 0.923345
vt 0.710517 0.826756
vt 0.709025 0.772272
vt 0.742280 0.767854
vt 0.742288 0.823907
vt 0.774059 0.826743
vt 0.775535 0.772258
vt 0.216918 0.852154
vt 0.800161 0.835727
vt 0.803587 0.472219
vt 0.184266 0.511368
vt 0.823748 0.473030
vt 0.786007 0.508646
vt 0.783967 0.470951
vt 0.760849 0.468488
vt 0.762764 0.507838
vt 0.739729 0.507585
vt 0.739749 0.469813
vt 0.718652 0.468468
vt 0.716699 0.507812
vt 0.693463 0.508589
vt 0.695538 0.470900
vt 0.347089 0.550471
vt 0.343449 0.511536
vt 0.656251 0.437958
vt 0.370672 0.549455
vt 0.305626 0.550928
vt 0.300328 0.509969
vt 0.323635 0.511057
vt 0.326613 0.553291
vt 0.245263 0.550946
vt 0.250519 0.509979
vt 0.275426 0.509223
vt 0.275447 0.553833
vt 0.203857 0.550446
vt 0.207534 0.511493
vt 0.227207 0.511082
vt 0.224277 0.553331
vt 0.296688 0.941095
vt 0.317831 0.963343
vt 0.722395 0.859395
vt 0.742293 0.859091
vt 0.762190 0.859387
vt 0.672412 0.557619
vt 0.673996 0.509116
vt 0.676597 0.435714
vt 0.676064 0.420456
vt 0.798456 0.058765
vt 0.820876 0.052919
vt 0.343747 0.061021
vt 0.365907 0.055032
vt 0.963235 0.483911
vt 0.902883 0.489040
vt 0.909072 0.482168
vt 0.925033 0.475729
vt 0.931354 0.463643
vt 0.080884 0.498420
vt 0.084741 0.496992
vt 0.090126 0.497750
vt 0.096539 0.509638
vt 0.112499 0.516024
vt 0.245369 0.109349
vt 0.249130 0.116712
vt 0.914174 0.091435
vt 0.914507 0.075957
vt 0.915392 0.060496
vt 0.143488 0.116794
vt 0.145270 0.126440
vt 0.455609 0.095160
vt 0.455938 0.079081
vt 0.456800 0.063019
vt 0.982240 0.434188
vt 0.963585 0.427947
vt 0.946509 0.423110
vt 0.890921 0.433118
vt 0.882130 0.436526
vt 0.926679 0.423006
vt 0.909612 0.427375
vt 0.937930 0.422313
vt 0.075163 0.457134
vt 0.058225 0.461798
vt 0.039557 0.467684
vt 0.094859 0.456979
vt 0.083682 0.456346
vt 0.130564 0.466891
vt 0.111877 0.461251
vt 0.033116 0.470128
vt 0.675805 0.472192
vt 0.653419 0.509254
vt 0.655248 0.472962
vt 0.367019 0.511392
vt 0.176921 0.588998
vt 0.180547 0.549455
vt 0.822760 0.437993
vt 0.233028 0.963316
vt 0.215241 0.923308
vt 0.798841 0.768868
vt 0.699605 0.875602
vt 0.684417 0.835751
vt 0.333987 0.852188
vt 0.228471 0.827609
vt 0.254212 0.785439
vt 0.759269 0.697501
vt 0.785216 0.736222
vt 0.695315 0.746888
vt 0.719972 0.697428
vt 0.296799 0.785396
vt 0.318344 0.815723
vt 0.903939 0.714697
vt 0.136407 0.801345
vt 0.081951 0.736203
vt 0.893090 0.633076
vt 0.446638 0.808511
vt 0.606509 0.708725
vt 0.556410 0.642507
vt 0.438944 0.724452
vt 0.841861 0.692578
vt 0.205190 0.774839
vt 0.146366 0.715395
vt 0.823906 0.608060
vt 0.383498 0.782992
vt 0.673752 0.685953
vt 0.619881 0.625562
vt 0.369876 0.694574
vt 0.624476 0.158216
vt 0.327082 0.211968
vt 0.653476 0.212425
vt 0.306569 0.342322
vt 0.153133 0.050558
vt 0.361352 0.222428
vt 0.125968 0.045756
vt 0.396618 0.225899
vt 0.569871 0.190223
vt 0.388031 0.290471
vt 0.615162 0.304972
vt 0.596954 0.173816
vt 0.584932 0.180968
vt 0.909456 0.190131
vt 0.154402 0.225852
vt 0.888489 0.249012
vt 0.175675 0.355943
vt 0.241882 0.047343
vt 0.189385 0.222364
vt 0.213528 0.046751
vt 0.223402 0.212053
vt 0.855547 0.158550
vt 0.235225 0.276013
vt 0.801766 0.268578
vt 0.882733 0.173912
vt 0.870470 0.167071
vt 0.702590 0.322102
vt 0.284431 0.416033
vt 0.369025 0.419829
vt 0.654789 0.409992
vt 0.841623 0.358035
vt 0.185243 0.480200
vt 0.257695 0.404697
vt 0.773758 0.336466
vt 0.177136 0.638471
vt 0.185108 0.495641
vt 0.653403 0.554919
vt 0.655840 0.423782
vt 0.740026 0.329135
vt 0.739609 0.679991
vt 0.717946 0.727940
vt 0.321543 0.784229
vt 0.275425 0.981496
vt 0.229466 0.784279
vt 0.766602 0.727930
vt 0.275513 0.766895
vt 0.294962 0.761394
vt 0.158494 0.031032
vt 0.235614 0.029385
vt 0.253884 0.807420
vt 0.968218 0.693073
vt 0.970279 0.686813
vt 0.964692 0.720144
vt 0.041234 0.817480
vt 0.965692 0.701614
vt 0.035620 0.790589
vt 0.038855 0.799577
vt 0.026837 0.766821
vt 0.976742 0.669618
vt 0.033170 0.783659
vt 0.515345 0.790561
vt 0.512107 0.799546
vt 0.509721 0.817448
vt 0.514670 0.720260
vt 0.513647 0.701731
vt 0.511110 0.693195
vt 0.509040 0.686939
vt 0.502555 0.669755
vt 0.524137 0.766797
vt 0.517798 0.783632
vt 0.052820 0.522857
vt 0.139366 0.470253
vt 0.968347 0.489050
vt 0.988625 0.436785
vt 0.108883 0.091107
vt 0.106409 0.062482
vt 0.399209 0.044805
vt 0.459518 0.102060
vt 0.428604 0.109556
vt 0.167704 0.057128
vt 0.215342 0.132259
vt 0.203222 0.094543
vt 0.855471 0.043005
vt 0.918242 0.098075
vt 0.886101 0.105305
vt 0.255511 0.067846
vt 0.169019 0.047690
vt 0.166893 0.025823
vt 0.125973 0.120002
vt 0.337008 0.054912
vt 0.115292 0.038211
vt 0.149847 0.015689
vt 0.254586 0.043904
vt 0.241676 0.021944
vt 0.231922 0.132778
vt 0.791425 0.052872
vt 0.199112 0.046316
vt 0.223332 0.014444
vn -0.526249 -0.076389 0.846892
vn -0.526249 -0.076389 0.846892
vn -0.300862 -0.189609 0.934629
vn -0.298802 -0.190537 0.935101
vn -0.169784 -0.264545 0.949310
vn -0.029061 -0.186988 0.981932
vn -0.161214 -0.311119 0.936598
vn -0.263767 -0.253258 0.930746
vn -0.006182 -0.185499 0.982625
vn -0.164968 -0.066642 0.984045
vn 0.156826 -0.090123 0.983506
vn 0.135811 -0.101150 0.985558
vn -0.928658 0.191982 0.317390
vn -0.916307 0.023799 0.399770
vn -0.688902 -0.007020 0.724821
vn -0.730174 0.140568 0.668646
vn -0.337586 0.146288 0.929858
vn -0.328942 -0.056182 0.942678
vn -0.079875 -0.070628 0.994300
vn -0.077928 0.156410 0.984613
vn 0.196675 0.149398 0.969020
vn 0.189083 -0.044180 0.980967
vn 0.567245 0.004135 0.823539
vn 0.602970 0.150567 0.783426
vn 0.131871 -0.025408 0.990941
vn -0.557373 0.255857 0.789856
vn -0.706982 0.167503 0.687109
vn -0.347279 0.202477 0.915642
vn -0.197793 0.305683 0.931362
vn -0.249184 0.173566 0.952776
vn -0.083938 0.175250 0.980939
vn -0.088461 0.287499 0.953687
vn 0.012780 0.310476 0.950495
vn 0.086811 0.180543 0.979729
vn 0.556223 0.184809 0.810223
vn 0.142778 0.223215 0.964256
vn -0.828481 0.442169 0.343665
vn -0.573581 0.312902 0.757032
vn -0.426467 0.653954 0.624876
vn -0.500951 0.862311 0.073938
vn -0.666388 0.744564 0.039399
vn -0.556183 0.409531 0.723149
vn -0.055831 0.443590 0.894489
vn -0.057249 0.965757 0.253055
vn 0.481370 0.874681 0.056710
vn 0.017156 0.658272 0.752585
vn 0.216442 0.698541 0.682051
vn 0.390308 0.907980 0.152423
vn -0.612881 -0.008390 -0.790131
vn -0.906296 0.358792 -0.223373
vn -0.561264 0.628780 -0.538162
vn -0.356977 0.125997 -0.925577
vn -0.076931 0.190724 -0.978624
vn -0.222311 0.523495 -0.822515
vn 0.058202 0.344210 -0.937087
vn 0.069931 0.173192 -0.982402
vn 0.228338 0.209494 -0.950776
vn 0.317294 0.553391 -0.770119
vn 0.581527 0.693526 -0.425262
vn 0.493585 0.172368 -0.852445
vn -0.828036 0.133576 -0.544532
vn -0.599538 -0.062328 -0.797916
vn -0.390638 0.039453 -0.919699
vn -0.324600 0.048389 -0.944613
vn 0.006814 0.005812 -0.999960
vn -0.021948 0.034525 -0.999163
vn 0.076517 0.030542 -0.996600
vn 0.075852 0.000212 -0.997119
vn 0.149859 0.013341 -0.988617
vn 0.184187 0.046896 -0.981772
vn 0.549291 0.086343 -0.831159
vn 0.470545 0.073455 -0.879313
vn -0.641176 -0.095808 -0.761390
vn -0.688723 -0.087874 -0.719680
vn -0.112352 -0.111877 -0.987350
vn -0.051833 -0.104543 -0.993169
vn 0.123841 -0.159973 -0.979322
vn 0.089345 -0.143831 -0.985561
vn 0.082872 -0.169461 -0.982046
vn 0.081801 -0.217013 -0.972735
vn 0.038150 -0.189624 -0.981115
vn 0.075467 -0.152526 -0.985414
vn 0.254853 -0.134122 -0.957633
vn 0.186036 -0.145189 -0.971757
vn -0.001584 -0.999271 -0.038143
vn 0.003778 -0.998465 -0.055265
vn 0.016547 -0.998692 -0.048383
vn 0.010327 -0.999429 -0.032172
vn 0.922200 -0.334020 0.194881
vn 0.779603 -0.501124 -0.375626
vn 0.090098 -0.711330 -0.697059
vn -0.236908 -0.749891 0.617688
vn -0.001185 -0.999841 -0.017797
vn -0.000704 -0.999547 -0.030095
vn 0.007238 -0.999412 -0.033504
vn 0.005790 -0.999725 -0.022707
vn 0.990134 -0.011992 0.139608
vn 0.990134 -0.011992 0.139608
vn 0.990134 -0.011992 0.139608
vn 0.990134 -0.011992 0.139608
vn 0.852629 0.200578 0.482485
vn 0.845364 0.024618 0.533623
vn 0.996843 0.014926 0.077987
vn 0.968507 0.197320 0.151853
vn 0.272582 -0.951639 0.141713
vn 0.272580 -0.951640 0.141711
vn 0.272580 -0.951640 0.141711
vn 0.272582 -0.951639 0.141713
vn -0.896358 -0.128268 -0.424370
vn -0.896358 -0.128268 -0.424370
vn -0.896358 -0.128268 -0.424370
vn -0.896358 -0.128268 -0.424370
vn -0.737709 0.014543 -0.674962
vn -0.996668 0.028242 -0.076522
vn -0.983106 0.182454 -0.014629
vn -0.284702 -0.938631 0.194721
vn -0.284703 -0.938631 0.194720
vn -0.284703 -0.938631 0.194720
vn -0.284702 -0.938631 0.194721
vn -0.112883 -0.128818 -0.985223
vn -0.162649 -0.116590 -0.979772
vn 0.148465 -0.121312 -0.981449
vn 0.249883 -0.124582 -0.960228
vn 0.995128 -0.098482 -0.004695
vn 0.996089 -0.088333 0.002037
vn 0.540150 0.013298 0.841464
vn -0.247110 0.063396 0.966911
vn -0.263084 0.070364 0.962204
vn -0.995288 -0.072765 -0.064087
vn -0.996669 -0.070838 -0.040414
vn -0.996669 -0.070838 -0.040414
vn -0.995471 -0.072551 -0.061431
vn -0.456429 -0.310711 -0.833745
vn -0.419914 -0.315648 -0.850904
vn -0.052005 -0.295439 -0.953945
vn -0.127745 -0.304980 -0.943752
vn 0.943360 -0.065679 -0.325204
vn 0.944941 -0.063858 -0.320950
vn 0.944941 -0.063858 -0.320950
vn 0.943268 -0.065784 -0.325449
vn 0.514759 0.263382 0.815875
vn 0.437034 0.271083 0.857622
vn 0.092837 0.254066 0.962721
vn 0.140789 0.259655 0.955384
vn -0.617853 0.078255 0.782390
vn -0.909534 -0.390083 0.143468
vn -0.891821 -0.113829 0.437833
vn -0.542412 0.117226 -0.831894
vn -0.621485 0.127809 -0.772931
vn 0.349825 0.222323 -0.910052
vn 0.401009 0.172768 -0.899635
vn 0.983533 0.078873 -0.162610
vn 0.978186 0.123383 -0.167122
vn 0.922563 -0.004734 0.385816
vn 0.917405 -0.037913 0.396146
vn 0.565453 -0.148711 0.811263
vn 0.581109 -0.119467 0.805009
vn -0.306764 -0.176390 0.935298
vn -0.388451 -0.208167 0.897648
vn -0.985970 -0.074830 0.149209
vn -0.961835 -0.061440 0.266645
vn -0.944558 0.038494 -0.326080
vn -0.918736 0.024255 -0.394128
vn -0.937101 -0.037135 -0.347079
vn -0.956493 -0.012326 -0.291495
vn -0.230946 0.135240 -0.963522
vn -0.225135 0.090779 -0.970089
vn 0.684706 0.138669 -0.715506
vn 0.721949 0.169805 -0.670787
vn 0.976448 0.124527 -0.176190
vn 0.971063 0.098938 -0.217366
vn 0.940859 0.027339 0.337693
vn 0.900271 0.050075 0.432441
vn 0.179844 -0.075157 0.980820
vn 0.225013 -0.115075 0.967536
vn -0.689864 -0.152653 0.707661
vn -0.663713 -0.119287 0.738414
vn -0.962543 -0.087506 0.256620
vn -0.967530 -0.112818 0.226181
vn -0.063519 0.379275 -0.923101
vn -0.063519 0.379275 -0.923101
vn 0.395990 0.430371 -0.811155
vn 0.407187 0.430402 -0.805576
vn 0.921154 0.315936 0.227286
vn 0.921154 0.315936 0.227286
vn 0.921154 0.315936 0.227286
vn 0.921154 0.315936 0.227286
vn -0.007113 0.977890 0.208998
vn -0.007113 0.977890 0.208998
vn -0.085737 0.981588 0.170688
vn -0.085720 0.981588 0.170697
vn -0.786978 0.546710 -0.285962
vn -0.786978 0.546710 -0.285962
vn -0.786978 0.546710 -0.285962
vn -0.786978 0.546710 -0.285962
vn -0.616059 0.386473 -0.686375
vn -0.616059 0.386473 -0.686375
vn -0.212447 0.432556 -0.876220
vn -0.220342 0.432494 -0.874299
vn 0.851633 0.327817 -0.408972
vn 0.851633 0.327817 -0.408972
vn 0.851633 0.327817 -0.408972
vn 0.851633 0.327817 -0.408972
vn 0.138862 0.967971 0.209163
vn 0.138862 0.967971 0.209163
vn 0.055090 0.971456 0.230737
vn 0.054856 0.971455 0.230794
vn -0.811150 0.519779 0.268077
vn -0.811150 0.519779 0.268077
vn -0.811150 0.519779 0.268077
vn -0.811150 0.519779 0.268077
vn 0.006454 0.998581 -0.052869
vn 0.006454 0.998581 -0.052869
vn 0.024474 0.998833 -0.041636
vn 0.024503 0.998833 -0.041618
vn -0.759033 0.425721 -0.492575
vn -0.759033 0.425721 -0.492575
vn -0.759033 0.425721 -0.492575
vn -0.759033 0.425721 -0.492575
vn -0.035329 -0.997625 0.059126
vn -0.019209 -0.999729 0.013166
vn -0.012002 -0.999764 0.018087
vn -0.032028 -0.997600 0.061382
vn 0.893122 -0.000532 0.449815
vn 0.893712 -0.000864 0.448640
vn 0.893737 -0.000878 0.448589
vn 0.893122 -0.000532 0.449815
vn -0.021965 0.999546 -0.020635
vn -0.021965 0.999546 -0.020635
vn -0.010156 0.999602 -0.026329
vn -0.010130 0.999602 -0.026342
vn -0.898810 0.418018 0.131914
vn -0.898810 0.418018 0.131914
vn -0.898810 0.418018 0.131914
vn -0.898810 0.418018 0.131914
vn 0.009822 -0.999067 0.042056
vn 0.003851 -0.999885 0.014637
vn 0.007916 -0.999906 0.011228
vn 0.011505 -0.999122 0.040287
vn 0.971733 0.001864 -0.236076
vn 0.972214 0.004034 -0.234059
vn 0.972231 0.004113 -0.233986
vn 0.971733 0.001864 -0.236076
vn -0.993573 -0.082335 0.077680
vn 0.376273 0.239627 0.894985
vn -0.854235 -0.139654 -0.500779
vn -0.808587 -0.109160 -0.578162
vn -0.159825 -0.044450 -0.986144
vn 0.745426 0.036438 -0.665592
vn 0.702899 0.044237 -0.709913
vn 0.599742 0.098880 -0.794060
vn 0.959752 0.278801 -0.033840
vn 0.909580 0.409285 -0.071762
vn 0.754578 0.471959 0.455924
vn 0.766898 0.290884 0.572062
vn 0.231195 0.188698 0.954433
vn 0.452566 0.357643 0.816869
vn -0.223250 -0.044184 0.973759
vn -0.642091 -0.016775 0.766445
vn 0.120164 -0.117993 -0.985717
vn 0.849281 -0.222158 -0.478924
vn 0.797535 -0.175399 -0.577211
vn 0.990832 -0.094946 0.096111
vn 0.631087 0.037210 0.774819
vn -0.224210 0.235223 0.945727
vn -0.786994 0.315632 0.530110
vn -0.959340 0.267475 -0.090137
vn -0.588723 0.044981 -0.807082
vn -0.961610 -0.271532 -0.039710
vn -0.990276 -0.122259 0.066385
vn -0.760023 -0.141863 -0.634224
vn -0.719542 -0.308717 -0.622056
vn -0.189273 -0.224780 -0.955850
vn -0.104212 -0.060807 -0.992694
vn 0.638116 0.076653 -0.766115
vn 0.653998 -0.007013 -0.756464
vn 0.996644 0.044246 0.068873
vn 0.979270 0.186147 -0.079875
vn 0.754418 0.188931 0.628617
vn 0.768440 0.038759 0.638747
vn 0.245320 0.001128 0.969442
vn 0.103266 0.115577 0.987916
vn -0.646217 -0.022054 0.762835
vn -0.631514 -0.087357 0.770428
vn 0.165904 -0.275032 -0.947013
vn 0.080361 -0.121430 -0.989342
vn 0.742167 -0.190342 -0.642618
vn 0.701219 -0.351231 -0.620426
vn 0.956068 -0.289491 -0.046135
vn 0.989689 -0.129517 0.061171
vn 0.660303 0.023493 0.750632
vn 0.646584 -0.060287 0.760457
vn -0.224455 0.053230 0.973030
vn -0.070000 0.174084 0.982240
vn -0.741294 0.223049 0.633034
vn -0.754101 0.083512 0.651428
vn -0.993980 0.064766 0.088373
vn -0.981420 0.180001 -0.066445
vn -0.653566 0.032363 -0.756178
vn -0.670428 -0.032883 -0.741245
vn -0.584144 -0.485253 0.650619
vn -0.584144 -0.485253 0.650619
vn -0.584144 -0.485253 0.650619
vn -0.584144 -0.485253 0.650619
vn 0.914615 -0.246094 0.320807
vn 0.914615 -0.246094 0.320807
vn 0.979084 -0.136666 0.150719
vn 0.668485 -0.315519 -0.673480
vn 0.069165 0.119580 -0.990412
vn 0.070546 -0.183183 -0.980544
vn -0.538266 -0.373077 -0.755700
vn -0.558665 0.829331 -0.010187
vn -0.967645 -0.251984 0.012914
vn -0.767152 0.017314 0.641231
vn -0.709661 -0.204146 0.674319
vn -0.039431 -0.166806 0.985201
vn -0.043667 0.038629 0.998299
vn 0.709224 0.099673 0.697901
vn 0.653913 -0.139003 0.743691
vn 0.979753 -0.142773 0.140356
vn 0.981256 0.178193 0.073381
vn 0.717534 0.080648 -0.691838
vn 0.704009 -0.165728 -0.690584
vn 0.054175 -0.180166 -0.982143
vn 0.045548 -0.067284 -0.996694
vn -0.657508 0.007539 -0.753410
vn -0.616535 -0.228802 -0.753349
vn -0.970221 -0.236992 0.050069
vn -0.997684 0.066137 -0.015888
vn -0.700443 -0.072813 -0.709984
vn -0.992213 -0.042411 -0.117109
vn -0.993701 -0.048617 -0.100973
vn -0.221043 -0.011835 -0.975192
vn -0.156408 -0.085239 -0.984008
vn 0.059128 -0.104173 -0.992800
vn 0.028630 -0.030160 -0.999135
vn 0.077038 -0.038795 -0.996273
vn 0.080916 -0.113865 -0.990196
vn 0.105875 -0.112809 -0.987960
vn 0.126501 -0.037470 -0.991259
vn 0.361508 -0.025646 -0.932016
vn 0.312538 -0.114136 -0.943024
vn 0.810248 -0.094865 0.578359
vn 0.782403 -0.104983 0.613860
vn 0.989207 -0.136101 0.054282
vn 0.989760 -0.118616 0.079406
vn 0.092334 -0.217578 0.971666
vn 0.004405 -0.145608 0.989333
vn 0.302250 -0.119944 0.945652
vn 0.437130 -0.133996 0.889361
vn -0.262311 -0.219914 0.939591
vn -0.193127 -0.134140 0.971961
vn -0.096544 -0.143628 0.984911
vn -0.089170 -0.265671 0.959931
vn -0.900509 -0.040118 0.432983
vn -0.886769 -0.023232 0.461629
vn -0.482633 -0.076158 0.872505
vn -0.587676 -0.117497 0.800519
vn -0.176304 -0.110762 0.978084
vn -0.402127 -0.088754 0.911272
vn -0.891990 -0.053269 0.448905
vn 0.029792 -0.184082 0.982459
vn -0.007185 -0.113112 0.993556
vn -0.096056 -0.107603 0.989543
vn 0.378747 0.032692 0.924923
vn 0.378747 0.032692 0.924923
vn 0.813405 -0.090573 0.574603
vn 0.227219 -0.106930 0.967955
vn -0.204576 0.642264 0.738678
vn -0.090536 0.449963 0.888446
vn 0.475687 0.478607 0.738009
vn 0.575390 0.812514 0.093534
vn 0.508938 0.709985 -0.486728
vn -0.009169 0.750527 -0.660777
vn -0.513398 0.675611 -0.529124
vn 0.907868 0.168493 -0.383909
vn 0.833296 -0.004062 -0.552813
vn 0.196686 -0.327722 -0.924074
vn 0.152295 -0.234621 -0.960083
vn 0.071167 -0.202225 -0.976750
vn -0.222015 -0.073803 -0.972246
vn -0.222015 -0.073803 -0.972246
vn -0.034123 -0.398850 -0.916381
vn -0.725473 -0.580702 -0.369424
vn 0.164812 -0.431081 -0.887134
vn 0.011897 -0.385278 -0.922724
vn 0.782713 -0.159581 -0.601577
vn 0.717349 -0.152169 -0.679894
vn 0.322925 -0.152280 -0.934093
vn 0.322925 -0.152280 -0.934093
vn -0.038571 -0.314997 -0.948309
vn 0.034222 -0.286052 -0.957603
vn 0.029225 -0.998710 -0.041537
vn 0.021414 -0.999478 -0.024204
vn -0.004726 -0.999729 0.022810
vn 0.015170 -0.999204 -0.036907
vn 0.012596 -0.999575 -0.026303
vn 0.012001 -0.999898 0.007742
vn 0.956188 -0.120470 -0.266816
vn 0.956188 -0.120470 -0.266816
vn 0.956188 -0.120470 -0.266816
vn 0.956188 -0.120470 -0.266816
vn 0.992141 -0.124141 -0.015698
vn 0.932693 0.294264 0.208551
vn 0.272581 -0.951640 0.141710
vn 0.272581 -0.951640 0.141710
vn 0.272584 -0.951639 0.141712
vn 0.272583 -0.951639 0.141712
vn 0.272585 -0.951638 0.141713
vn 0.272585 -0.951638 0.141713
vn 0.272584 -0.951638 0.141715
vn 0.272584 -0.951638 0.141715
vn -0.995734 -0.090875 0.015989
vn -0.995734 -0.090875 0.015989
vn -0.995734 -0.090875 0.015989
vn -0.995734 -0.090875 0.015989
vn -0.984321 -0.067297 -0.163044
vn -0.959437 0.278121 0.046143
vn -0.284704 -0.938630 0.194725
vn -0.284704 -0.938630 0.194725
vn -0.284703 -0.938631 0.194723
vn -0.284703 -0.938631 0.194723
vn -0.284702 -0.938631 0.194721
vn -0.284702 -0.938631 0.194721
vn -0.284701 -0.938631 0.194723
vn -0.284701 -0.938631 0.194723
vn 0.572110 -0.107035 -0.813162
vn 0.598369 -0.104710 -0.794349
vn 0.626910 -0.101988 -0.772387
vn 0.289330 -0.130556 -0.948284
vn -0.065401 -0.140101 -0.987975
vn 0.850999 -0.074511 0.519855
vn 0.856559 0.012262 0.515904
vn 0.856559 0.012262 0.515903
vn 0.998720 -0.031536 0.039540
vn 0.998720 -0.031536 0.039540
vn -0.572317 0.058548 0.817940
vn -0.638944 0.056871 0.767148
vn -0.695118 0.055019 0.716787
vn -0.286861 0.080865 0.954553
vn 0.242260 0.088183 0.966196
vn -0.888366 -0.119883 -0.443209
vn -0.888366 -0.119883 -0.443209
vn -0.886951 -0.120856 -0.445772
vn -0.886888 -0.120899 -0.445884
vn -0.885535 -0.121823 -0.448315
vn -0.885535 -0.121823 -0.448315
vn -0.993369 -0.074630 -0.087455
vn -0.993369 -0.074630 -0.087455
vn 0.248831 -0.248110 -0.936229
vn 0.200832 -0.266813 -0.942591
vn 0.155033 -0.283806 -0.946266
vn -0.165939 -0.311406 -0.935677
vn -0.497240 -0.304439 -0.812447
vn 0.997076 0.061700 0.045077
vn 0.997076 0.061700 0.045077
vn 0.998720 0.046986 0.018719
vn 0.998578 0.048672 0.021736
vn 0.999433 0.033108 -0.006089
vn 0.999433 0.033108 -0.006089
vn 0.941763 -0.067492 -0.329434
vn 0.941764 -0.067492 -0.329434
vn -0.308372 0.214348 0.926802
vn 0.175468 0.263930 0.948447
vn 0.578261 0.255124 0.774936
vn -0.972625 -0.226165 -0.053390
vn -0.975950 -0.212751 -0.047529
vn -0.988290 -0.151170 -0.020749
vn -0.988290 -0.151170 -0.020749
vn -0.909296 -0.022306 0.415551
vn -0.909296 -0.022306 0.415551
vn 0.986016 0.032465 -0.163460
vn 0.421729 0.131609 -0.897120
vn -0.499536 0.096353 -0.860918
vn 0.574183 -0.177527 0.799248
vn 0.911821 -0.073650 0.403928
vn -0.994830 -0.093494 0.039657
vn -0.434706 -0.242694 0.867255
vn -0.891474 0.012147 -0.452910
vn 0.682390 0.104908 -0.723421
vn -0.209594 0.055032 -0.976239
vn -0.926675 -0.069607 -0.369362
vn 0.965039 -0.002272 0.262097
vn 0.967773 0.072747 -0.241087
vn -0.709753 -0.191796 0.677838
vn 0.269500 -0.156975 0.950120
vn -0.967048 -0.141279 0.211798
vn 0.772536 0.381934 -0.507261
vn 0.772536 0.381934 -0.507261
vn 0.830905 0.004077 -0.556399
vn 0.830905 0.004077 -0.556399
vn 0.448053 0.005297 -0.893991
vn 0.441877 0.005305 -0.897060
vn -0.061461 0.005120 -0.998096
vn -0.061461 0.005120 -0.998096
vn 0.710538 0.538145 0.453361
vn 0.710538 0.538145 0.453360
vn 0.710538 0.538145 0.453360
vn 0.710538 0.538145 0.453361
vn 0.894255 -0.001169 0.447557
vn 0.894255 -0.001169 0.447557
vn 0.974373 -0.001600 0.224934
vn 0.974373 -0.001600 0.224934
vn 0.974373 -0.001600 0.224934
vn 0.974373 -0.001600 0.224934
vn -0.163625 0.977771 0.131111
vn -0.163625 0.977771 0.131111
vn -0.455787 -0.381900 0.803997
vn -0.455787 -0.381900 0.803997
vn -0.415381 -0.382218 0.825450
vn -0.415391 -0.382218 0.825446
vn -0.374141 -0.381736 0.845160
vn -0.374141 -0.381736 0.845160
vn -0.735935 0.313596 -0.600048
vn -0.735935 0.313596 -0.600048
vn -0.735935 0.313596 -0.600048
vn -0.735935 0.313596 -0.600048
vn -0.762514 0.000171 -0.646972
vn -0.762514 0.000171 -0.646972
vn -0.762514 0.000171 -0.646972
vn -0.762514 0.000171 -0.646972
vn -0.894363 0.001423 -0.447340
vn -0.893725 0.001001 -0.448614
vn -0.893756 0.001021 -0.448552
vn -0.894363 0.001423 -0.447340
vn 0.219967 0.394264 -0.892284
vn 0.219967 0.394264 -0.892284
vn 0.245093 0.007527 -0.969470
vn 0.245093 0.007527 -0.969470
vn -0.235572 0.003268 -0.971851
vn -0.229281 0.003332 -0.973355
vn -0.657776 -0.001691 -0.753212
vn -0.657776 -0.001691 -0.753212
vn 0.838112 0.533996 -0.111431
vn 0.838112 0.533996 -0.111431
vn 0.838112 0.533996 -0.111431
vn 0.838112 0.533996 -0.111431
vn 0.972645 0.006016 -0.232217
vn 0.972645 0.006016 -0.232217
vn 0.897685 0.008031 -0.440566
vn 0.897684 0.008031 -0.440566
vn 0.897685 0.008031 -0.440566
vn 0.897684 0.008031 -0.440566
vn -0.029362 0.967635 0.250640
vn -0.029362 0.967635 0.250640
vn 0.171460 -0.427333 0.887687
vn 0.171460 -0.427333 0.887687
vn 0.216399 -0.427429 0.877768
vn 0.216545 -0.427428 0.877732
vn 0.261080 -0.426614 0.865932
vn 0.261080 -0.426614 0.865932
vn -0.949150 0.313479 0.029079
vn -0.949150 0.313479 0.029079
vn -0.949150 0.313479 0.029079
vn -0.949150 0.313479 0.029079
vn -0.999745 -0.008191 0.021059
vn -0.999745 -0.008191 0.021059
vn -0.999745 -0.008191 0.021059
vn -0.999745 -0.008191 0.021059
vn -0.972772 -0.005286 0.231706
vn -0.972307 -0.003656 0.233681
vn -0.972318 -0.003696 0.233633
vn -0.972772 -0.005286 0.231706
vn 0.042650 0.998631 -0.030280
vn 0.042650 0.998631 -0.030280
vn -0.059429 0.993349 -0.098619
vn -0.059429 0.993349 -0.098619
vn 0.028113 0.998095 -0.054927
vn 0.028052 0.998095 -0.054957
vn 0.115467 0.993254 -0.010665
vn 0.115467 0.993254 -0.010665
vn -0.893028 0.000540 -0.450000
vn -0.893028 0.000540 -0.450001
vn -0.922284 -0.220639 -0.317351
vn -0.922283 -0.220639 -0.317351
vn -0.922284 -0.220639 -0.317351
vn -0.922284 -0.220639 -0.317351
vn -0.717133 0.551005 -0.426747
vn -0.717133 0.551005 -0.426747
vn -0.717133 0.551005 -0.426747
vn -0.717133 0.551005 -0.426747
vn -0.028722 -0.997560 0.063638
vn -0.006734 -0.976200 0.216768
vn -0.006734 -0.976200 0.216768
vn -0.089042 -0.980300 0.176307
vn -0.088999 -0.980300 0.176329
vn -0.170598 -0.976137 0.134362
vn -0.170598 -0.976137 0.134362
vn 0.849088 0.420657 0.319526
vn 0.849088 0.420657 0.319526
vn 0.849088 0.420657 0.319526
vn 0.849088 0.420657 0.319526
vn 0.769866 0.551459 0.321246
vn 0.769866 0.551459 0.321246
vn 0.769866 0.551459 0.321246
vn 0.769866 0.551459 0.321246
vn 0.804261 -0.220903 0.551693
vn 0.804261 -0.220903 0.551693
vn 0.804261 -0.220903 0.551693
vn 0.804261 -0.220903 0.551693
vn 0.001599 0.999487 -0.031992
vn 0.001599 0.999487 -0.031992
vn -0.097753 0.995115 0.013793
vn -0.097753 0.995115 0.013793
vn -0.003189 0.999943 -0.010161
vn -0.002933 0.999943 -0.010226
vn 0.091422 0.995231 -0.034022
vn 0.091422 0.995231 -0.034022
vn -0.971788 -0.001862 0.235851
vn -0.971788 -0.001862 0.235851
vn -0.910528 -0.226065 0.346170
vn -0.910528 -0.226065 0.346170
vn -0.910528 -0.226065 0.346170
vn -0.910528 -0.226065 0.346170
vn -0.815009 0.554509 0.168167
vn -0.815009 0.554509 0.168167
vn -0.815009 0.554509 0.168167
vn -0.815009 0.554509 0.168167
vn 0.013192 -0.999171 0.038513
vn 0.125351 -0.984541 0.122339
vn 0.125351 -0.984541 0.122339
vn 0.036155 -0.988918 0.143995
vn 0.036132 -0.988918 0.144001
vn -0.053329 -0.984946 0.164432
vn -0.053329 -0.984946 0.164432
vn 0.856346 0.423072 -0.296111
vn 0.856346 0.423072 -0.296111
vn 0.856346 0.423072 -0.296111
vn 0.856346 0.423072 -0.296111
vn 0.800465 0.553819 -0.229217
vn 0.800465 0.553819 -0.229217
vn 0.800465 0.553819 -0.229217
vn 0.800465 0.553819 -0.229217
vn 0.967352 -0.226740 -0.113226
vn 0.967352 -0.226740 -0.113226
vn 0.967352 -0.226740 -0.113226
vn 0.967352 -0.226740 -0.113226
vn -0.223230 -0.269162 -0.936867
vn -0.702722 -0.367031 -0.609484
vn -0.945565 -0.317261 -0.072473
vn 0.996219 0.051507 0.069963
vn 0.638528 0.009459 -0.769541
vn 0.240537 -0.002629 0.970636
vn 0.769507 0.019354 0.638345
vn -0.646531 -0.090756 0.757470
vn 0.938539 -0.336594 -0.076478
vn 0.683512 -0.408643 -0.604832
vn 0.198923 -0.318889 -0.926682
vn -0.220615 0.050191 0.974069
vn 0.661414 -0.064399 0.747251
vn -0.993337 0.073644 0.088646
vn -0.755578 0.065410 0.651785
vn -0.655091 -0.016823 -0.755363
vn 0.531574 -0.434311 0.727188
vn 0.531574 -0.434311 0.727188
vn 0.531574 -0.434311 0.727188
vn 0.531574 -0.434311 0.727188
vn 0.668151 -0.441060 0.599200
vn -0.039929 -0.452602 0.890818
vn -0.684455 -0.516148 0.514890
vn 0.798443 -0.584911 0.142716
vn -0.920910 -0.343869 0.183517
vn -0.920910 -0.343869 0.183517
vn -0.737647 -0.673523 0.047365
vn 0.813374 -0.137049 -0.565368
vn -0.648692 -0.027514 0.760554
vn -0.955171 -0.204809 0.213778
vn -0.955171 -0.204809 0.213778
vn -0.648077 -0.027260 0.761087
vn -0.796587 -0.298462 -0.525708
vn -0.796587 -0.298462 -0.525708
vn -0.796587 -0.298462 -0.525708
vn -0.796587 -0.298462 -0.525708
vn -0.642388 -0.283334 -0.712082
vn -0.642388 -0.283334 -0.712082
vn -0.642388 -0.283334 -0.712082
vn -0.642388 -0.283334 -0.712082
vn 0.160749 -0.070302 -0.984488
vn 0.628122 0.098953 -0.771797
vn 0.628149 0.098964 -0.771774
vn 0.160749 -0.070302 -0.984488
vn 0.857691 0.205929 -0.471126
vn 0.857691 0.205929 -0.471126
vn 0.724426 0.317773 0.611741
vn 0.724426 0.317773 0.611741
vn 0.724426 0.317773 0.611741
vn 0.724426 0.317773 0.611741
vn 0.706319 0.315972 0.633463
vn 0.706319 0.315972 0.633463
vn 0.706319 0.315972 0.633463
vn 0.706319 0.315972 0.633463
vn -0.230613 0.116361 0.966063
vn -0.230613 0.116361 0.966063
vn -0.643119 0.071337 -0.762436
vn -0.183275 -0.116241 -0.976165
vn -0.183275 -0.116241 -0.976165
vn -0.643145 0.071350 -0.762413
vn 0.622077 -0.329251 -0.710362
vn 0.622077 -0.329251 -0.710362
vn 0.622077 -0.329251 -0.710362
vn 0.622077 -0.329251 -0.710362
vn 0.780045 -0.337763 -0.526732
vn 0.780045 -0.337763 -0.526732
vn 0.780045 -0.337763 -0.526732
vn 0.780045 -0.337763 -0.526732
vn 0.956186 -0.210310 0.203659
vn 0.664583 -0.000904 0.747214
vn 0.663987 -0.000616 0.747744
vn 0.956186 -0.210310 0.203659
vn 0.253445 0.160127 0.954005
vn 0.253445 0.160127 0.954005
vn -0.687174 0.359045 0.631569
vn -0.687174 0.359045 0.631569
vn -0.687174 0.359045 0.631569
vn -0.687174 0.359045 0.631569
vn -0.705719 0.360077 0.610169
vn -0.705719 0.360077 0.610169
vn -0.705719 0.360077 0.610169
vn -0.705719 0.360077 0.610169
vn -0.864331 0.197005 -0.462733
vn -0.864331 0.197005 -0.462733
s 1
g pCube1
usemtl pCube1SG
f 101/1/1 1/2/2 98/3/3 97/4/4
f 99/5/5 2/6/6 103/7/7 102/8/8
f 104/9/9 3/10/10 107/11/11 106/12/12
s 3
f 114/13/13 5/14/14 111/15/15 110/16/16
f 112/17/17 6/18/18 116/19/19 115/20/20
f 117/21/21 7/22/22 120/23/23 119/24/24
f 126/25/25 9/26/26 113/27/27 123/28/28
f 124/29/29 10/30/30 118/31/31 127/32/32
f 128/33/33 11/34/34 122/35/35 130/36/36
f 136/424/37 13/38/38 125/39/39 133/474/40
f 141/401/41 85/42/42 138/43/43 137/473/44
f 145/413/45 15/477/46 132/47/47 142/472/48
f 149/49/49 17/50/50 135/51/51 146/52/52
f 147/53/53 18/54/54 151/470/55 150/56/56
f 152/57/57 19/58/58 144/59/59 154/60/60
f 160/61/61 21/62/62 148/63/63 157/64/64
f 158/65/65 22/66/66 153/67/67 161/68/68
f 162/69/69 23/70/70 156/71/71 164/72/72
f 171/73/73 90/74/74 168/75/75 167/76/76
f 169/77/77 91/78/78 173/79/79 172/80/80
f 174/81/81 92/82/82 177/83/83 176/84/84
s 10
f 184/85/85 49/86/86 181/87/87 180/88/88
s 1
f 187/464/89 30/90/90 175/91/91 185/469/92
s 12
f 192/93/93 53/94/94 189/95/95 188/96/96
s off
f 108/97/97 4/98/98 194/99/99 193/100/100
s 3
f 121/101/101 8/102/102 197/103/103 196/104/104
s 13
f 378/105/105 377/106/106 379/107/107 380/108/108
s off
f 171/73/109 29/109/110 204/110/111 203/111/112
s 3
f 160/61/61 25/112/113 207/113/114 206/114/115
s 14
f 386/501/116 387/116/117 388/117/118 389/118/119
s 15
f 216/119/120 29/109/121 170/120/122 213/121/123
s 1
f 214/122/124 30/90/90 187/464/89 217/123/125
f 218/124/126 2/6/6 98/3/127 220/125/128
s 17
f 221/126/129 1/2/130 204/462/131 223/127/132
s 18
f 228/128/133 31/129/134 179/130/135 225/131/136
s 19
f 226/132/137 32/133/138 194/460/139 229/134/140
s 1
f 230/135/141 4/98/142 107/11/143 232/136/144
f 233/137/145 3/10/10 186/458/146 235/139/147
s 21
f 240/140/148 33/141/149 215/142/150 237/143/151
f 238/144/152 34/145/153 219/454/154 241/147/155
f 242/148/156 35/149/157 222/150/158 244/151/159
f 245/152/160 36/153/161 224/447/162 247/155/163
s 22
f 252/156/164 37/157/165 227/158/166 249/159/167
f 250/160/168 38/161/169 231/441/170 253/163/171
f 254/164/172 39/165/173 234/166/174 256/167/175
f 257/168/176 40/169/177 236/434/178 259/171/179
s 23
f 263/524/180 41/479/181 239/174/182 261/528/183
s off
f 262/176/184 42/177/185 243/178/186 264/527/187
s 24
f 270/511/188 58/181/189 267/182/190 266/525/191
s off
f 272/516/192 44/448/193 248/186/194 271/523/195
s 25
f 275/518/196 45/478/197 251/190/198 273/522/199
s off
f 274/192/200 46/193/201 255/194/202 276/521/203
s 26
f 282/505/204 62/197/205 279/198/206 278/519/207
s off
f 284/510/208 48/435/209 260/202/210 283/517/211
s 27
f 287/204/212 43/450/213 246/206/214 285/207/215
s off
f 286/208/216 44/448/217 272/516/218 288/209/219
s 10
f 289/210/220 52/211/221 183/212/222 290/213/223
s 28
f 291/214/224 51/215/225 265/513/226 292/217/227
s 29
f 295/218/228 47/437/229 258/220/230 293/221/231
s off
f 294/222/232 48/435/233 284/510/234 296/223/235
s 12
f 297/224/236 56/225/237 191/226/238 298/227/239
s 30
f 299/228/240 55/229/241 277/507/242 300/231/243
s 3
f 304/232/244 12/233/245 198/430/246 301/235/247
f 302/236/248 24/237/249 155/238/250 305/239/251
f 306/240/252 20/241/253 143/428/254 308/243/255
f 309/244/256 16/245/257 131/246/258 311/247/259
f 316/248/260 21/62/62 208/426/261 313/250/262
f 314/251/263 9/26/26 126/25/25 317/252/264
f 318/253/265 13/38/38 136/424/37 320/254/266
f 321/255/267 17/50/50 149/49/49 323/256/268
f 327/257/269 66/258/270 303/422/271 325/260/272
f 326/261/273 65/262/274 307/263/275 328/264/276
f 329/265/277 67/266/278 310/420/279 330/268/280
f 331/269/281 68/270/282 312/271/283 332/272/284
f 335/273/285 69/274/286 315/418/287 333/276/288
f 334/277/289 70/278/290 319/279/291 336/280/292
f 337/281/293 71/282/294 322/416/295 338/284/296
f 339/285/297 72/286/298 324/287/299 340/288/300
s off
f 344/289/301 14/480/302 129/291/303 341/292/304
s 3
f 342/293/305 15/46/306 145/414/45 345/294/307
f 346/295/308 19/471/58 151/55/309 348/296/310
f 349/297/311 18/475/54 134/410/312 351/299/313
f 355/300/314 81/301/315 343/302/316 353/303/317
f 354/304/318 82/305/319 347/406/320 356/307/321
f 357/308/322 83/309/323 350/310/324 358/311/325
f 359/312/326 84/313/327 352/403/328 360/315/329
f 363/316/330 90/74/74 205/400/331 361/318/332
f 363/316/330 25/112/113 159/319/333 364/320/334
f 365/321/335 26/322/336 163/323/337 366/324/338
f 367/325/339 27/326/340 166/327/341 368/328/342
f 371/329/343 94/330/344 195/397/345 370/332/346
f 373/333/347 95/334/348 109/335/349 372/336/350
f 375/337/351 96/338/352 105/339/353 374/340/354
f 362/341/355 89/342/356 100/343/357 376/344/358
s 1
f 98/3/3 2/6/6 99/5/5 97/4/4
s 3
f 99/5/359 96/338/352 100/343/357 97/4/360
f 100/343/357 89/342/356 101/1/361 97/4/360
s 1
f 103/7/7 3/10/10 104/9/9 102/8/362
s 3
f 104/9/363 95/334/348 105/339/353 102/8/364
f 105/339/353 96/338/352 99/5/359 102/8/364
s 1
f 107/11/11 4/98/365 108/97/366 106/12/12
s 3
f 108/97/367 94/330/344 109/335/349 106/12/368
f 109/335/349 95/334/348 104/9/363 106/12/368
f 111/15/15 6/18/18 112/17/17 110/16/16
f 112/17/17 10/30/30 113/27/27 110/16/16
f 113/27/27 9/26/26 114/13/13 110/16/16
f 116/19/19 7/22/22 117/21/21 115/20/20
f 117/21/21 11/34/34 118/31/31 115/20/20
f 118/31/31 10/30/30 112/17/17 115/20/20
f 120/23/23 8/102/102 121/101/101 119/24/24
f 121/101/101 12/233/245 122/35/35 119/24/24
f 122/35/35 11/34/34 117/21/21 119/24/24
f 113/27/27 10/30/30 124/29/29 123/28/28
f 124/29/29 14/290/369 125/39/39 123/28/28
f 125/39/39 13/38/38 126/25/25 123/28/28
f 118/31/31 11/34/34 128/33/33 127/32/32
f 128/33/33 15/477/46 129/476/370 127/32/32
f 129/476/370 14/290/369 124/29/29 127/32/32
f 122/35/35 12/233/245 131/246/258 130/36/36
f 131/246/258 16/245/257 132/47/47 130/36/36
f 132/47/47 15/477/46 128/33/33 130/36/36
f 125/39/39 14/290/369 134/408/312 133/474/40
f 134/409/312 18/54/54 135/51/51 133/40/40
f 135/51/51 17/50/50 136/37/37 133/40/40
f 138/43/43 86/345/371 139/346/372 137/473/44
f 139/404/372 87/347/373 140/348/374 137/44/44
f 140/348/374 88/349/375 141/41/41 137/44/44
f 132/47/47 16/245/257 143/242/254 142/472/48
f 143/428/254 20/241/253 144/59/59 142/48/48
f 144/59/59 19/58/58 145/412/45 142/48/48
f 135/51/51 18/54/54 147/53/53 146/52/52
f 147/53/53 22/66/66 148/63/63 146/52/52
f 148/63/63 21/62/62 149/49/49 146/52/52
f 151/470/55 19/58/58 152/57/57 150/56/56
f 152/57/57 23/70/70 153/67/67 150/56/56
f 153/67/67 22/66/66 147/53/53 150/56/56
f 144/59/59 20/241/253 155/238/250 154/60/60
f 155/238/250 24/237/249 156/71/71 154/60/60
f 156/71/71 23/70/70 152/57/57 154/60/60
f 148/63/63 22/66/66 158/65/65 157/64/64
f 158/65/65 26/322/336 159/319/333 157/64/64
f 159/319/333 25/112/113 160/61/61 157/64/64
f 153/67/67 23/70/70 162/69/69 161/68/68
f 162/69/69 27/326/340 163/323/337 161/68/68
f 163/323/337 26/322/336 158/65/65 161/68/68
f 156/71/71 24/237/249 165/350/376 164/72/72
f 165/350/376 28/351/377 166/327/341 164/72/72
f 166/327/341 27/326/340 162/69/69 164/72/72
f 168/75/75 91/78/78 169/77/77 167/76/76
s 1
f 169/77/378 30/90/90 170/120/379 167/76/380
f 170/120/379 29/109/381 171/73/382 167/76/380
s 3
f 173/79/79 92/82/82 174/81/81 172/80/80
s 1
f 174/81/383 31/129/384 175/91/91 172/80/385
f 175/91/91 30/90/90 169/77/378 172/80/386
s 3
f 177/83/83 93/352/387 178/353/388 176/84/84
s 1
f 178/353/389 32/133/390 179/130/391 176/84/392
f 179/130/391 31/129/384 174/81/383 176/84/392
s 10
f 181/87/87 50/354/393 182/355/394 180/88/88
f 182/355/394 51/215/395 183/212/222 180/88/88
f 183/212/222 52/211/221 184/85/85 180/88/88
s 1
f 175/91/91 31/129/384 186/138/146 185/469/92
f 186/458/146 3/10/10 103/7/7 185/92/92
f 103/7/7 2/6/6 187/89/89 185/92/92
s 12
f 189/95/95 54/356/396 190/357/397 188/96/96
f 190/357/397 55/229/398 191/226/238 188/96/96
f 191/226/238 56/225/237 192/93/93 188/96/96
s off
f 194/460/399 32/133/400 178/353/401 193/468/402
s 3
f 178/353/388 93/352/387 195/331/345 193/468/403
f 195/397/345 94/330/344 108/97/367 193/100/403
f 197/395/103 28/351/377 165/350/376 196/467/104
f 165/350/376 24/237/249 198/234/404 196/467/104
f 198/430/404 12/233/245 121/101/101 196/104/104
s 41
f 379/107/405 381/358/406 382/503/407 380/108/408
f 382/359/407 383/360/409 384/361/410 380/108/408
s 13
f 384/361/411 385/362/412 378/105/105 380/108/108
s off
f 204/462/413 1/2/414 101/1/415 203/466/416
s 3
f 101/1/361 89/342/356 205/317/331 203/466/417
f 205/400/331 90/74/74 171/73/73 203/111/417
f 207/398/114 5/14/14 114/13/13 206/465/115
f 114/13/13 9/26/26 208/249/418 206/465/115
f 208/426/418 21/62/62 160/61/61 206/114/115
s 42
f 388/117/419 390/363/420 391/364/421 389/118/422
f 391/364/421 392/365/423 393/366/424 389/118/422
s 14
f 393/366/425 394/367/426 386/115/116 389/118/119
s 15
f 170/120/122 30/90/427 214/122/428 213/121/123
f 214/122/428 34/145/429 215/142/430 213/121/123
f 215/142/430 33/141/431 216/119/120 213/121/123
s 1
f 187/89/89 2/6/6 218/124/126 217/463/432
f 218/124/126 35/149/433 219/146/434 217/463/432
f 219/454/435 34/145/436 214/122/124 217/123/125
f 98/3/127 1/2/437 221/126/438 220/125/128
f 221/126/438 36/153/439 222/150/440 220/125/128
f 222/150/440 35/149/441 218/124/126 220/125/128
s 43
f 204/110/442 29/109/443 216/119/444 223/461/445
f 216/119/444 33/141/446 224/154/447 223/461/445
s 17
f 224/447/448 36/153/449 221/126/129 223/127/132
s 18
f 179/130/135 32/133/450 226/132/451 225/131/136
f 226/132/451 38/161/452 227/158/453 225/131/136
f 227/158/453 37/157/454 228/128/133 225/131/136
s 44
f 194/99/455 4/98/456 230/135/457 229/459/458
f 230/135/457 39/165/459 231/162/460 229/459/458
s 19
f 231/441/461 38/161/462 226/132/137 229/134/140
s 1
f 107/11/143 3/10/10 233/137/145 232/136/144
f 233/137/145 40/169/463 234/166/464 232/136/144
f 234/166/464 39/165/465 230/135/141 232/136/144
f 186/138/146 31/129/384 228/128/466 235/457/467
f 228/128/466 37/157/468 236/170/469 235/457/467
f 236/434/470 40/169/471 233/137/145 235/139/147
s 21
f 215/142/150 34/145/153 238/144/152 237/143/151
f 238/144/152 42/456/472 239/455/473 237/143/151
f 239/455/473 41/173/474 240/140/148 237/143/151
f 219/146/154 35/149/157 242/148/156 241/453/155
f 242/148/156 43/205/475 243/451/476 241/453/155
f 243/452/476 42/456/472 238/144/152 241/147/155
f 222/150/158 36/153/161 245/152/160 244/151/159
f 245/152/160 44/185/477 246/449/478 244/151/159
f 246/449/478 43/205/475 242/148/156 244/151/159
f 224/154/162 33/141/149 240/140/148 247/446/163
f 240/140/148 41/173/474 248/444/479 247/446/163
f 248/445/479 44/185/477 245/152/160 247/155/163
s 22
f 227/158/166 38/161/169 250/160/168 249/159/167
f 250/160/168 46/443/480 251/442/481 249/159/167
f 251/442/481 45/189/482 252/156/164 249/159/167
f 231/162/170 39/165/173 254/164/172 253/440/171
f 254/164/172 47/219/483 255/438/484 253/440/171
f 255/439/484 46/443/480 250/160/168 253/163/171
f 234/166/174 40/169/177 257/168/176 256/167/175
f 257/168/176 48/201/485 258/436/486 256/167/175
f 258/436/486 47/219/483 254/164/172 256/167/175
f 236/170/178 37/157/165 252/156/164 259/433/179
f 252/156/164 45/189/482 260/431/487 259/433/179
f 260/432/487 48/201/485 257/168/176 259/171/179
s 23
f 239/174/182 42/177/488 262/176/489 261/528/183
s 45
f 262/526/490 50/354/491 181/87/492 261/175/493
f 181/87/492 49/86/494 263/172/495 261/175/493
s off
f 243/178/496 43/450/497 265/216/498 264/527/499
s 28
f 265/513/226 51/215/225 182/355/500 264/179/501
s off
f 182/355/502 50/354/503 262/526/504 264/179/505
s 24
f 267/182/190 57/368/506 268/369/507 266/525/191
s 46
f 268/514/508 59/370/509 269/371/510 266/183/511
f 269/371/510 60/372/512 270/180/513 266/183/511
s off
f 248/186/514 41/479/515 263/524/516 271/523/517
f 263/172/518 49/86/519 184/85/520 271/187/521
s 47
f 184/85/522 52/211/523 272/184/524 271/187/525
s 25
f 251/190/198 46/193/526 274/192/527 273/522/199
s 48
f 274/520/528 54/356/529 189/95/530 273/191/531
f 189/95/530 53/94/532 275/188/533 273/191/531
s off
f 255/194/534 47/437/535 277/230/536 276/521/537
s 30
f 277/507/242 55/229/241 190/357/538 276/195/539
s off
f 190/357/540 54/356/541 274/520/542 276/195/543
s 26
f 279/198/206 61/373/544 280/374/545 278/519/207
s 49
f 280/508/546 63/375/547 281/376/548 278/199/549
f 281/376/548 64/377/550 282/196/551 278/199/549
s off
f 260/202/552 45/478/553 275/518/554 283/517/555
f 275/188/556 53/94/557 192/93/558 283/203/559
s 50
f 192/93/560 56/225/561 284/200/562 283/203/563
s 27
f 246/206/214 44/448/564 286/208/565 285/207/215
s 51
f 286/208/566 57/368/567 267/182/568 285/207/569
f 267/182/568 58/181/570 287/204/571 285/207/569
s 47
f 272/184/524 52/211/523 289/210/572 288/515/573
s off
f 289/210/574 59/370/575 268/514/576 288/515/577
f 268/369/578 57/368/579 286/208/580 288/209/581
s 10
f 183/212/222 51/215/395 291/214/582 290/213/223
s 52
f 291/214/583 60/372/584 269/371/585 290/213/586
f 269/371/585 59/370/587 289/210/588 290/213/586
s off
f 265/216/589 43/450/590 287/204/591 292/512/592
f 287/204/593 58/181/594 270/511/595 292/512/596
f 270/180/597 60/372/598 291/214/599 292/217/600
s 29
f 258/220/230 48/435/601 294/222/602 293/221/231
s 53
f 294/222/603 61/373/604 279/198/605 293/221/606
f 279/198/605 62/197/607 295/218/608 293/221/606
s 50
f 284/200/562 56/225/561 297/224/609 296/509/610
s off
f 297/224/611 63/375/612 280/508/613 296/509/614
f 280/374/615 61/373/616 294/222/617 296/223/618
s 12
f 191/226/238 55/229/398 299/228/619 298/227/239
s 54
f 299/228/620 64/377/621 281/376/622 298/227/623
f 281/376/622 63/375/624 297/224/625 298/227/623
s off
f 277/230/626 47/437/627 295/218/628 300/506/629
f 295/218/630 62/197/631 282/505/632 300/506/633
f 282/196/634 64/377/635 299/228/636 300/231/637
s 3
f 198/234/246 24/237/249 302/236/248 301/429/247
f 302/236/248 65/262/274 303/259/271 301/429/247
f 303/422/271 66/258/270 304/232/244 301/235/247
f 155/238/250 20/241/253 306/240/252 305/239/251
f 306/240/252 67/266/278 307/263/275 305/239/251
f 307/263/275 65/262/274 302/236/248 305/239/251
f 143/242/254 16/245/257 309/244/256 308/427/255
f 309/244/256 68/270/282 310/267/279 308/427/255
f 310/420/279 67/266/278 306/240/252 308/243/255
f 131/246/258 12/233/245 304/232/244 311/247/259
f 304/232/244 66/258/270 312/271/283 311/247/259
f 312/271/283 68/270/282 309/244/256 311/247/259
f 208/249/261 9/26/26 314/251/263 313/425/262
f 314/251/263 70/278/290 315/275/287 313/425/262
f 315/418/287 69/274/286 316/248/260 313/250/262
f 126/25/25 13/38/38 318/253/265 317/252/264
f 318/253/265 71/282/294 319/279/291 317/252/264
f 319/279/291 70/278/290 314/251/263 317/252/264
f 136/37/37 17/50/50 321/255/267 320/423/266
f 321/255/267 72/286/298 322/283/295 320/423/266
f 322/416/295 71/282/294 318/253/265 320/254/266
f 149/49/49 21/62/62 316/248/260 323/256/268
f 316/248/260 69/274/286 324/287/299 323/256/268
f 324/287/299 72/286/298 321/255/267 323/256/268
f 303/259/271 65/262/274 326/261/273 325/421/272
f 326/261/273 73/497/638 199/498/639 325/421/272
f 199/499/639 74/500/640 327/257/269 325/260/272
f 307/263/275 67/266/278 329/265/277 328/264/276
f 329/265/277 75/495/641 200/496/642 328/264/276
f 200/496/642 73/497/638 326/261/273 328/264/276
f 310/267/279 68/270/282 331/269/281 330/419/280
f 331/269/281 76/492/643 201/493/644 330/419/280
f 201/494/644 75/495/641 329/265/277 330/268/280
f 312/271/283 66/258/270 327/257/269 332/272/284
f 327/257/269 74/500/640 202/491/645 332/272/284
f 202/491/645 76/492/643 331/269/281 332/272/284
f 315/275/287 70/278/290 334/277/289 333/417/288
f 334/277/289 78/490/646 209/488/647 333/417/288
f 209/489/647 77/482/648 335/273/285 333/276/288
f 319/279/291 71/282/294 337/281/293 336/280/292
f 337/281/293 79/487/649 210/486/650 336/280/292
f 210/486/650 78/490/646 334/277/289 336/280/292
f 322/283/295 72/286/298 339/285/297 338/415/296
f 339/285/297 80/485/651 211/483/652 338/415/296
f 211/484/652 79/487/649 337/281/293 338/284/296
f 324/287/299 69/274/286 335/273/285 340/288/300
f 335/273/285 77/482/648 212/481/653 340/288/300
f 212/481/653 80/485/651 339/285/297 340/288/300
s off
f 129/291/654 15/46/655 342/293/656 341/292/657
s 3
f 342/293/658 82/305/319 343/302/316 341/292/659
f 343/302/316 81/301/315 344/289/660 341/292/659
f 145/45/45 19/471/58 346/295/308 345/411/307
f 346/295/308 83/309/323 347/306/320 345/411/661
f 347/406/320 82/305/319 342/293/658 345/294/661
f 151/55/309 18/475/54 349/297/311 348/296/310
f 349/297/311 84/313/327 350/310/324 348/296/310
f 350/310/324 83/309/323 346/295/308 348/296/310
f 134/298/312 14/480/662 344/289/663 351/407/313
f 344/289/660 81/301/315 352/314/328 351/407/664
f 352/403/328 84/313/327 349/297/311 351/299/664
f 343/302/316 82/305/319 354/304/318 353/303/317
f 354/304/318 86/345/371 138/43/43 353/303/317
f 138/43/43 85/42/42 355/300/314 353/303/317
f 347/306/320 83/309/323 357/308/322 356/405/321
f 357/308/322 87/347/373 139/404/372 356/405/321
f 139/346/372 86/345/371 354/304/318 356/307/321
f 350/310/324 84/313/327 359/312/326 358/311/325
f 359/312/326 88/349/375 140/348/374 358/311/325
f 140/348/374 87/347/373 357/308/322 358/311/325
f 352/314/328 81/301/315 355/300/314 360/402/329
f 355/300/314 85/42/42 141/401/41 360/402/329
f 141/41/41 88/349/375 359/312/326 360/315/329
f 205/317/331 89/342/356 362/341/355 361/399/332
f 362/341/355 5/14/14 207/398/114 361/399/332
f 207/113/114 25/112/113 363/316/330 361/318/332
f 159/319/333 26/322/336 365/321/335 364/320/334
f 365/321/335 91/78/78 168/75/75 364/320/334
f 168/75/75 90/74/74 363/316/330 364/320/334
f 163/323/337 27/326/340 367/325/339 366/324/338
f 367/325/339 92/82/82 173/79/79 366/324/338
f 173/79/79 91/78/78 365/321/335 366/324/338
f 166/327/341 28/351/377 369/394/665 368/328/342
f 369/394/665 93/352/387 177/83/83 368/328/342
f 177/83/83 92/82/82 367/325/339 368/328/342
f 195/331/345 93/352/387 369/394/665 370/396/346
f 369/394/665 28/351/377 197/395/103 370/396/346
f 197/103/103 8/102/102 371/329/343 370/332/346
f 109/335/349 94/330/344 371/329/343 372/336/350
f 371/329/343 8/102/102 120/23/23 372/336/350
f 120/23/23 7/22/22 373/333/347 372/336/350
f 105/339/353 95/334/348 373/333/347 374/340/354
f 373/333/347 7/22/22 116/19/19 374/340/354
f 116/19/19 6/18/18 375/337/351 374/340/354
f 100/343/357 96/338/352 375/337/351 376/344/358
f 375/337/351 6/18/18 111/15/15 376/344/358
f 111/15/15 5/14/14 362/341/355 376/344/358
s 55
f 202/385/666 74/380/667 377/106/668 378/105/669
s off
f 74/380/670 199/379/671 379/107/672 377/106/673
f 199/379/674 73/378/675 381/358/676 379/107/677
s 56
f 73/378/678 200/504/679 382/503/680 381/358/681
f 200/382/679 75/381/682 383/360/683 382/359/680
s off
f 75/381/684 201/384/685 384/361/686 383/360/687
f 201/384/688 76/383/689 385/362/690 384/361/691
s 55
f 76/383/692 202/385/666 378/105/669 385/362/693
s 57
f 212/393/694 77/388/695 387/116/696 386/501/697
s off
f 77/388/698 209/387/699 388/117/700 387/116/701
f 209/387/702 78/386/703 390/363/704 388/117/705
s 58
f 78/386/706 210/390/707 391/364/708 390/363/709
f 210/390/707 79/389/710 392/365/711 391/364/708
s off
f 79/389/712 211/392/713 393/366/714 392/365/715
f 211/392/716 80/391/717 394/367/718 393/366/719
s 57
f 80/391/720 212/502/694 386/115/697 394/367/721
