# This file uses centimeters as units for non-parametric coordinates.

mtllib my_animation.0050.mtl
g default
v -19.183743 70.573807 0.227810
v -5.652246 70.966949 1.326170
v 5.933117 71.127838 1.191542
v 19.784279 71.233849 -1.094795
v -19.403711 95.996704 5.259639
v -7.481857 91.206894 13.551311
v 10.702579 90.861221 12.542726
v 21.956026 95.143295 3.038205
v -13.391418 122.466705 14.820539
v -5.995633 116.448524 21.890514
v 9.213936 116.373840 21.947756
v 18.625744 122.890289 14.666365
v -18.214178 129.069580 20.635736
v -4.023890 136.676010 21.831215
v 7.430738 136.612839 21.867611
v 23.900822 130.232285 18.194750
v -21.602831 131.849106 10.872321
v -5.838464 141.349884 10.756388
v 9.375549 141.297592 10.835012
v 23.342651 134.093430 7.674653
v -14.996003 125.559380 7.360124
v -5.871055 125.582596 -0.013038
v 9.339161 125.505615 0.037798
v 17.600397 126.564598 7.195309
v -19.940165 101.874603 -6.203846
v -7.024665 103.182495 -10.440761
v 8.133562 102.954391 -11.236526
v 21.415148 101.140305 -8.691298
v -17.516243 68.600677 -12.155087
v -4.388599 66.063667 -9.901596
v 4.710509 64.914658 -9.431803
v 17.639091 67.899490 -13.231799
v -13.960319 36.923058 -0.224442
v -6.528988 37.507023 1.229264
v -9.176093 39.802052 12.981169
v -16.638969 39.051807 11.557608
v 12.180269 37.872105 5.087608
v 19.791468 37.858627 3.311349
v 22.516855 42.447800 14.800303
v 14.906067 42.447742 16.580536
v -11.694893 6.542587 -11.374422
v -4.899244 6.268016 -8.478212
v -9.303062 5.909848 1.229771
v -15.977806 5.976076 -1.874258
v 14.088623 6.026587 0.963613
v 21.431601 6.045792 -0.704072
v 23.850714 5.717062 9.934239
v 16.510935 5.925169 11.616875
v -11.900693 0.451742 -12.318243
v -3.914075 0.375016 -8.548090
v -9.057104 0.821253 5.649683
v -19.652372 0.749524 0.482687
v 13.048486 0.467935 0.408832
v 21.839331 0.278410 -1.601097
v 26.492981 0.165443 12.744547
v 15.005192 0.597897 15.378561
v -24.801292 8.476084 13.566668
v -16.469250 8.558669 17.674244
v -25.168217 5.037877 14.384388
v -16.835188 5.120561 18.489960
v 19.735224 6.875523 29.358971
v 28.778679 6.526917 27.261898
v 19.707708 3.368252 29.883854
v 28.754868 3.026201 27.801693
v 23.953680 107.029579 -3.231660
v 25.455137 105.892845 7.552380
v 33.213642 112.370888 -4.132433
v 34.895012 110.801979 6.553302
v -23.060186 103.325943 5.635343
v -17.615931 102.084305 15.309739
v -26.268282 105.459206 20.575455
v -31.710449 106.723129 10.918118
v 38.615341 81.961189 -0.779574
v 39.189671 82.662254 8.950207
v 41.850082 83.871368 -1.108191
v 42.424572 84.572472 8.622158
v -31.716532 76.984642 10.211425
v -26.821619 76.294510 18.641424
v -29.821779 77.632744 20.493034
v -34.716690 78.322868 12.063036
v -6.147504 144.590805 28.439529
v 9.555565 144.309067 28.605892
v 12.837973 151.055481 13.703378
v -8.847844 151.490952 13.476078
v -5.538948 162.563187 38.126945
v 9.317623 162.233856 38.367558
v 9.445922 173.490646 24.409607
v -4.716578 173.804596 24.180237
v -19.203613 78.533058 0.497836
v -19.110144 78.940903 -12.171760
v -6.235919 79.181969 -15.053283
v 5.527675 78.542877 -15.693704
v 18.700092 77.943245 -14.135380
v 19.730886 77.751602 -1.279619
v 7.893294 77.337219 3.787483
v -6.932662 77.791557 4.570824
v -13.800745 74.764137 2.543192
v -13.668398 71.133736 2.559592
v -6.720775 74.340591 3.257209
v -14.028724 78.334198 3.444308
v -19.359798 74.546196 -0.175508
v 0.258627 74.116516 3.095162
v 0.175121 70.802948 2.835078
v 7.200480 74.031357 2.427534
v 0.546260 77.279869 4.281429
v 14.129227 74.602875 1.116514
v 14.233396 71.555962 1.426022
v 19.636364 74.480896 -1.827335
v 14.702537 77.643120 2.000876
v -14.159427 105.840622 14.451738
v -14.934978 93.438606 9.853100
v -7.706328 103.810097 17.976149
v -12.326085 118.148849 18.518644
v -18.087030 107.848763 10.311776
v 1.707397 102.455399 17.540461
v 1.644283 90.645508 13.816898
v 11.135110 103.605621 17.548811
v 1.622458 116.878983 20.771170
v 17.392473 105.478081 13.707271
v 17.783510 92.812500 8.025525
v 21.457140 107.403481 9.359409
v 16.306257 118.123695 18.463442
v -11.029019 127.643700 21.801630
v -5.007883 129.145844 23.671915
v -12.588020 135.704636 22.603704
v -15.372842 124.487251 19.198807
v 1.654703 128.413040 23.530828
v 8.322249 129.085876 23.725946
v 1.706315 138.132263 24.043947
v 15.259074 127.813538 21.673317
v 21.908554 125.358315 17.892441
v 16.597607 135.840408 22.095535
v -13.506711 139.759277 17.560022
v -4.918392 141.306625 17.325460
v -15.442224 140.079132 10.910836
v -20.140335 130.946869 16.101263
v 2.009593 168.380783 39.010288
v 1.879050 162.197891 38.607922
v 10.615046 168.237488 34.445564
v 2.420957 175.176376 22.912014
v -7.380643 168.627731 34.169704
v 17.121294 139.930099 16.823372
v 24.144503 132.611908 13.003986
v 18.143862 140.595215 9.779537
v 8.412602 141.217194 17.373848
v -13.531323 134.386871 5.872969
v -5.887399 136.785614 5.337523
v -13.038073 125.399185 1.442857
v -19.362976 128.580124 7.141819
v 1.765868 136.751129 5.360956
v 1.805040 144.337891 10.764967
v 9.339719 136.718552 5.390513
v 1.727808 125.553650 0.016360
v 15.925132 134.751755 5.474396
v 20.176432 130.651947 5.571377
v 16.086914 125.466080 1.398103
v -13.665163 114.223511 -3.766203
v -6.187798 114.159805 -4.911785
v -14.631330 103.191864 -9.349390
v -18.380842 112.760147 -0.541764
v 1.424685 114.077278 -5.024745
v 8.981700 114.054756 -5.207434
v 0.584412 102.822624 -11.011806
v 16.234636 113.933289 -4.436392
v 21.152630 112.468422 -1.779673
v 15.727410 102.600784 -11.048708
v -12.699110 73.974777 -14.849523
v -13.470160 79.056694 -14.846736
v -5.697972 74.402878 -14.776505
v -11.713250 68.878822 -14.095064
v -18.405787 73.695801 -12.602913
v -0.335187 74.237801 -14.688176
v -0.338419 79.140366 -15.229444
v 5.023527 73.475410 -15.195865
v -0.168105 69.227730 -13.408257
v 12.043164 72.846382 -15.872220
v 12.757374 78.116653 -16.133242
v 18.029520 72.826027 -14.265426
v 11.532281 67.505310 -14.467309
v -10.551835 0.262664 -4.823504
v -6.860623 0.398840 -12.745060
v -5.214181 0.382707 -2.347745
v -14.365914 0.732509 3.087295
v -15.855848 0.432299 -7.424685
v 0.368049 68.798569 2.322630
v 7.054034 57.759430 0.823988
v -4.637907 58.001877 -1.113148
v 18.840651 0.204668 5.575109
v 16.940613 0.377982 -2.912092
v 24.593973 0.137902 4.232471
v 20.748140 0.348507 14.072883
v 13.105550 0.441889 6.863148
v 20.234348 73.546448 -8.551455
v 19.999153 69.440681 -7.716572
v 20.749739 77.824303 -8.186411
v 23.061665 109.341553 3.091953
v 23.684820 98.257156 -3.254836
v 17.786358 123.417625 10.496927
v 38.247799 81.930092 4.287724
v 39.874382 82.669365 -1.862719
v 42.203491 84.266006 3.885867
v 40.576813 83.526688 10.035933
v -20.365395 73.930931 -6.872827
v -19.695929 69.329544 -6.474326
v -20.825733 78.729233 -6.224526
v -20.026978 109.650070 4.346745
v -21.849270 99.146942 -0.668266
v -13.724887 122.713821 10.141699
v -28.586580 76.355835 14.163842
v -27.428055 76.752106 20.450418
v -32.255409 77.992325 16.428137
v -33.413937 77.596054 10.141559
v -10.451641 52.922718 -7.946050
v -6.573578 53.007572 -4.912767
v -9.804783 37.055374 -0.601475
v -15.548922 51.950882 -6.291150
v -5.994165 54.861717 1.362876
v -8.955672 56.099808 7.225784
v -6.536585 38.765877 7.817304
v -13.650523 57.079784 8.272072
v -17.990259 55.121033 5.813625
v -13.255068 39.983250 14.680926
v -18.039249 53.508877 -0.480734
v -16.483356 37.900936 5.856578
v 13.206600 52.382965 -5.998254
v 18.585524 52.278103 -4.884986
v 15.590132 37.463852 3.235901
v 9.389412 52.354877 -2.729398
v 21.102760 54.971775 0.551704
v 21.300146 57.461864 6.698493
v 22.250605 40.272068 9.223385
v 16.755949 59.157707 9.166117
v 12.114779 57.563057 8.865655
v 19.053699 43.325855 17.835850
v 9.085721 55.093906 3.415653
v 12.302546 40.266296 11.510489
v -8.271609 24.257830 -6.712827
v -5.078908 23.750364 -3.449090
v -7.488503 6.563875 -11.846545
v -12.922899 24.268175 -5.876014
v -5.635720 21.802155 2.668368
v -8.994616 20.383429 8.050754
v -5.796352 5.882438 -3.408391
v -13.496753 19.683218 8.700713
v -16.816401 20.816944 5.712754
v -13.984152 6.166283 2.327190
v -16.116543 22.446007 -0.477395
v -14.798865 6.094791 -7.341685
v 16.333340 23.216002 -0.086321
v 20.917816 23.724930 0.972273
v 17.339790 6.080599 -1.791272
v 12.723758 23.207701 2.806299
v 23.574184 23.266630 7.009943
v 23.837353 22.969885 13.597492
v 23.728994 5.849308 4.100750
v 20.154707 22.256105 16.410824
v 15.656230 22.520744 15.424557
v 20.844408 5.875351 13.588770
v 12.877748 22.635216 9.416087
v 14.135505 5.912086 6.283818
v -6.846475 3.401149 -12.911475
v -3.861117 3.313620 -8.770555
v -11.882583 3.444757 -12.461275
v -5.093466 3.202816 -2.622463
v -8.876079 3.614532 5.251289
v -21.574827 8.788422 17.522053
v -20.534184 9.460996 15.395250
v -26.865789 8.733200 14.915727
v -21.102045 4.139940 16.660774
v -16.283865 8.843644 20.128378
v -15.768978 3.317763 -7.608458
v -19.476408 3.553116 0.100514
v 17.006351 3.262829 -2.994797
v 21.905008 3.177320 -1.688165
v 13.113276 3.312858 0.317898
v 24.657545 3.025226 4.102229
v 26.538336 2.977331 12.492852
v 24.736731 6.742445 30.390648
v 24.264702 7.656300 28.168617
v 18.993977 6.968720 31.717375
v 24.224247 2.233281 28.989294
v 30.478855 6.527718 29.059080
v 13.169621 3.264795 6.726981
v 15.052471 3.410627 15.129225
v -17.283724 7.519920 8.855203
v -21.961645 7.487200 6.545210
v -12.614175 7.572188 11.166950
v -22.818441 4.865555 6.787539
v -23.073414 2.129183 7.363044
v -17.776787 2.171802 9.963762
v -12.484130 2.227502 12.564343
v -12.233067 4.960926 12.000861
v 22.536230 6.552233 20.848959
v 17.466558 6.764635 22.039104
v 27.605787 6.340510 19.658281
v 16.764534 4.130607 22.529375
v 16.731323 1.344817 22.888189
v 22.476290 1.108081 21.575130
v 28.219833 0.871762 20.260769
v 28.247561 3.653361 19.873926
v 20.546858 115.433197 6.472865
v 20.523443 117.743706 2.287785
v 23.366289 105.513489 2.275745
v 22.955860 114.341682 10.505773
v 23.921518 119.902687 1.128566
v 28.490416 121.657112 1.809244
v 27.975718 109.778244 -4.825146
v 30.239708 120.335617 5.986363
v 30.778008 118.322113 10.136560
v 34.838772 111.674744 1.072126
v 26.838814 115.838028 11.246577
v 29.933235 108.096481 8.296057
v -16.676426 113.185974 10.196013
v -15.730240 112.770561 14.876550
v -19.053707 102.109940 9.680030
v -19.929228 114.422325 6.892148
v -18.769497 113.907799 17.856339
v -23.169399 115.743980 19.398903
v -20.972841 103.560196 18.801653
v -25.759134 116.883095 15.722017
v -27.228821 117.303024 11.384377
v -29.632767 106.246231 16.122740
v -23.782091 115.869926 8.072766
v -27.623241 105.112999 6.979872
v 27.330442 96.766701 3.315911
v 28.429676 97.400345 -2.066186
v 29.146845 97.962891 8.171630
v 31.930887 99.551598 -3.597259
v 36.775124 102.369499 -3.031370
v 37.570087 102.798012 2.174359
v 37.538868 102.887802 7.286747
v 32.857239 100.171028 8.973612
v -21.161304 92.843697 10.684684
v -20.044064 93.096214 15.870619
v -25.106293 93.856232 7.053589
v -22.814466 94.504402 18.978382
v -27.826199 96.533844 20.643171
v -30.672260 97.036194 16.483078
v -32.879589 97.282333 11.774151
v -28.995106 95.443130 8.164314
v 1.658049 137.167023 29.059954
v 8.012914 141.900650 22.114878
v 1.656382 143.032791 31.107201
v -4.524206 142.041779 22.057713
v 10.539661 143.253784 18.629908
v 8.060102 145.347870 13.647260
v 13.944637 147.633713 21.177027
v 1.872067 147.552048 10.968766
v -4.429739 145.482086 13.598125
v 2.003203 151.669327 12.823095
v -6.992991 143.445450 18.544397
v -10.253894 148.075272 20.927809
v 1.718228 153.831970 37.258621
v 12.561264 156.368851 35.800037
v -8.954427 156.845795 35.451576
v 14.364069 161.481064 27.794619
v 12.914038 165.076050 19.762367
v 2.308562 166.225800 17.600836
v -8.401835 165.548569 19.417143
v -10.268928 162.027115 27.395672
v -21.406319 89.463181 -4.308590
v -19.166330 88.449379 2.342881
v -19.771214 90.325363 -10.383822
v -14.368857 90.773453 -13.553680
v -6.926602 90.451515 -14.364286
v -0.015525 90.983719 -14.680790
v 6.843509 90.220566 -15.105415
v 14.334247 89.973282 -15.059846
v 20.127323 89.164848 -12.621514
v 22.211382 88.181610 -6.575467
v 20.743412 87.194908 0.305432
v 16.245546 87.288986 4.795296
v 10.271958 86.691231 7.276507
v 1.078812 87.705238 7.966556
v -8.217482 87.094322 8.122401
v -14.352136 88.080475 6.315474
v 46.154823 70.585129 9.883811
v 47.712948 71.554390 11.055470
v 45.448879 69.977493 4.795186
v 47.376915 71.116020 4.599319
v 45.531853 69.824860 -0.667683
v 46.951134 70.624680 -1.847719
v 49.172379 71.974655 -1.037523
v 49.558002 72.404007 4.377741
v 49.795349 72.734924 9.513971
v -38.364017 64.598320 11.449625
v -36.473293 63.912971 11.494481
v -33.371906 63.361660 15.961090
v -35.118511 64.140739 17.039047
v -31.165297 63.164604 20.635889
v -31.872995 63.683167 22.628458
v -34.541824 64.670723 22.719784
v -37.183033 65.061638 18.313210
v -39.849808 65.419083 13.578368
vt 0.208431 0.494797
vt 0.208575 0.478116
vt 0.229443 0.475893
vt 0.229271 0.493426
vt 0.252729 0.492198
vt 0.256170 0.471571
vt 0.275357 0.475888
vt 0.275429 0.493819
vt 0.298111 0.492176
vt 0.294163 0.471736
vt 0.321331 0.475953
vt 0.321541 0.493432
vt 0.198757 0.641525
vt 0.200055 0.589825
vt 0.221664 0.590600
vt 0.219751 0.640956
vt 0.244967 0.639373
vt 0.247968 0.591507
vt 0.275466 0.591669
vt 0.275481 0.635804
vt 0.305994 0.639365
vt 0.302966 0.591494
vt 0.329276 0.590573
vt 0.331197 0.640955
vt 0.199789 0.728809
vt 0.197393 0.704590
vt 0.219517 0.692482
vt 0.227784 0.730211
vt 0.252859 0.733034
vt 0.249003 0.687406
vt 0.275511 0.688085
vt 0.275516 0.730408
vt 0.298175 0.733010
vt 0.302021 0.687396
vt 0.331536 0.692451
vt 0.323246 0.730162
vt 0.805511 0.686057
vt 0.204711 0.752714
vt 0.229559 0.760254
vt 0.782889 0.696424
vt 0.784986 0.875584
vt 0.254181 0.941082
vt 0.275435 0.940431
vt 0.742298 0.896742
vt 0.699334 0.736241
vt 0.297037 0.807427
vt 0.321459 0.760204
vt 0.696358 0.696343
vt 0.808954 0.641287
vt 0.805193 0.664541
vt 0.784300 0.671779
vt 0.785729 0.644267
vt 0.763331 0.647822
vt 0.762442 0.673765
vt 0.742276 0.741120
vt 0.739609 0.647377
vt 0.715889 0.647774
vt 0.716786 0.673709
vt 0.694936 0.671695
vt 0.693494 0.644181
vt 0.806875 0.557726
vt 0.810121 0.617205
vt 0.790367 0.607046
vt 0.787575 0.557696
vt 0.763367 0.556090
vt 0.764746 0.603486
vt 0.739627 0.603152
vt 0.739688 0.556093
vt 0.716014 0.556064
vt 0.714496 0.603455
vt 0.688836 0.606971
vt 0.691820 0.557642
vt 0.803405 0.420481
vt 0.802841 0.435733
vt 0.782960 0.432290
vt 0.783371 0.416064
vt 0.759505 0.410786
vt 0.759570 0.428509
vt 0.739756 0.426992
vt 0.739743 0.409699
vt 0.720007 0.410786
vt 0.719946 0.428500
vt 0.696571 0.432245
vt 0.696182 0.416016
vt 0.819305 0.093413
vt 0.797386 0.086157
vt 0.790779 0.072322
vt 0.822344 0.073237
vt 0.265809 0.416173
vt 0.762697 0.377789
vt 0.739788 0.389948
vt 0.275377 0.462947
vt 0.364323 0.097210
vt 0.342669 0.089884
vt 0.336664 0.075169
vt 0.367299 0.076188
vt 0.342559 0.494848
vt 0.342402 0.478170
vt 0.366070 0.480227
vt 0.366198 0.495669
vt 0.352247 0.641476
vt 0.350872 0.589816
vt 0.374237 0.588973
vt 0.374011 0.638442
vt 0.936729 0.462892
vt 0.940585 0.464321
vt 0.946953 0.476690
vt 0.936605 0.482861
vt 0.804780 0.405462
vt 0.824266 0.410023
vt 0.823186 0.423812
vt 0.805355 0.509178
vt 0.825584 0.509339
vt 0.825621 0.554997
vt 0.118742 0.522844
vt 0.058006 0.517789
vt 0.074507 0.510871
vt 0.084702 0.516921
vt 0.822269 0.350445
vt 0.784755 0.399833
vt 0.805305 0.347137
vt 0.793942 0.336256
vt 0.777469 0.322538
vt 0.236211 0.409364
vt 0.220899 0.415267
vt 0.203041 0.415110
vt 0.182178 0.419746
vt 0.685950 0.336155
vt 0.717407 0.377787
vt 0.694840 0.399772
vt 0.674409 0.347030
vt 0.657366 0.350391
vt 0.674734 0.405426
vt 0.637625 0.358046
vt 0.347747 0.415166
vt 0.329799 0.415381
vt 0.314324 0.409429
vt 0.706215 0.336018
vt 0.292514 0.404556
vt 0.870618 0.237836
vt 0.844433 0.293934
vt 0.832214 0.287148
vt 0.858351 0.228645
vt 0.844944 0.223065
vt 0.821107 0.280742
vt 0.243727 0.342391
vt 0.826584 0.212775
vt 0.214622 0.282882
vt 0.224361 0.346790
vt 0.210147 0.349538
vt 0.199596 0.284960
vt 0.184434 0.288656
vt 0.194986 0.352422
vt 0.864110 0.304875
vt 0.163133 0.290367
vt 0.634803 0.222910
vt 0.658751 0.280554
vt 0.647480 0.287052
vt 0.621343 0.228556
vt 0.609012 0.237734
vt 0.635143 0.293889
vt 0.375465 0.356065
vt 0.590820 0.249121
vt 0.366326 0.288752
vt 0.355651 0.352469
vt 0.340563 0.349608
vt 0.351134 0.285011
vt 0.336042 0.282967
vt 0.326383 0.346874
vt 0.678330 0.268182
vt 0.315081 0.275917
vt 0.789900 0.091626
vt 0.894734 0.181072
vt 0.223763 0.023658
vt 0.779683 0.072008
vt 0.205625 0.023651
vt 0.212375 0.030485
vt 0.208733 0.046428
vt 0.818124 0.043214
vt 0.919973 0.054113
vt 0.218394 0.124576
vt 0.231547 0.124829
vt 0.925982 0.076298
vt 0.853028 0.105343
vt 0.173602 0.224408
vt 0.245023 0.044913
vt 0.815784 0.102925
vt 0.335499 0.095534
vt 0.609223 0.166963
vt 0.147562 0.023794
vt 0.325939 0.074804
vt 0.129108 0.019171
vt 0.133886 0.026698
vt 0.125138 0.040618
vt 0.363323 0.044920
vt 0.461211 0.056389
vt 0.114656 0.083148
vt 0.128082 0.110700
vt 0.466974 0.079440
vt 0.396801 0.109583
vt 0.345740 0.218419
vt 0.158805 0.046562
vt 0.361009 0.107136
vt 0.212264 0.093809
vt 0.204982 0.218327
vt 0.226791 0.056935
vt 0.229179 0.093286
vt 0.246067 0.092223
vt 0.255137 0.092099
vt 0.884191 0.095549
vt 0.853655 0.095653
vt 0.854753 0.074189
vt 0.884265 0.075061
vt 0.885799 0.054616
vt 0.855335 0.052709
vt 0.203340 0.068369
vt 0.888472 0.044995
vt 0.116537 0.064410
vt 0.377147 0.224500
vt 0.136900 0.057215
vt 0.135301 0.068971
vt 0.159593 0.072808
vt 0.169578 0.075371
vt 0.426769 0.099419
vt 0.397393 0.099512
vt 0.398467 0.077209
vt 0.426850 0.078134
vt 0.428347 0.056895
vt 0.399054 0.054890
vt 0.111199 0.052142
vt 0.430928 0.046902
vt 0.398347 0.732496
vt 0.353774 0.704759
vt 0.655189 0.607952
vt 0.404645 0.715309
vt 0.625247 0.642548
vt 0.669008 0.617360
vt 0.670290 0.641156
vt 0.629866 0.657272
vt 0.633967 0.675274
vt 0.674058 0.664432
vt 0.345812 0.774768
vt 0.637449 0.692485
vt 0.387906 0.765553
vt 0.346295 0.752641
vt 0.351218 0.728717
vt 0.392980 0.747350
vt 0.854032 0.642643
vt 0.181252 0.694641
vt 0.859345 0.625630
vt 0.152631 0.732602
vt 0.157999 0.747449
vt 0.163074 0.765647
vt 0.167481 0.783084
vt 0.845329 0.675366
vt 0.849419 0.657366
vt 0.462802 0.754848
vt 0.433121 0.744888
vt 0.586158 0.633072
vt 0.469035 0.736153
vt 0.562716 0.661102
vt 0.591598 0.653084
vt 0.596668 0.669873
vt 0.567525 0.676181
vt 0.573571 0.695803
vt 0.602326 0.689166
vt 0.414557 0.801264
vt 0.575415 0.714705
vt 0.450039 0.789809
vt 0.420413 0.781867
vt 0.427222 0.762131
vt 0.457315 0.770152
vt 0.916571 0.661069
vt 0.887682 0.653104
vt 0.112049 0.724515
vt 0.922852 0.642462
vt 0.088177 0.754903
vt 0.117860 0.744959
vt 0.123753 0.762207
vt 0.093657 0.770210
vt 0.100926 0.789871
vt 0.130556 0.781946
vt 0.872833 0.708772
vt 0.104321 0.808576
vt 0.905760 0.695791
vt 0.876995 0.689207
vt 0.882631 0.669903
vt 0.911782 0.676158
vt 0.245118 0.820265
vt 0.256063 0.761423
vt 0.275458 0.816348
vt 0.275456 0.817082
vt 0.305796 0.819611
vt 0.322444 0.827635
vt 0.716707 0.746651
vt 0.742277 0.751635
vt 0.767846 0.746640
vt 0.232576 0.815700
vt 0.789238 0.746868
vt 0.242805 0.909093
vt 0.242913 0.847487
vt 0.275453 0.850080
vt 0.275444 0.899369
vt 0.308078 0.909112
vt 0.307992 0.847504
vt 0.685718 0.768892
vt 0.335635 0.923345
vt 0.710517 0.826756
vt 0.709025 0.772272
vt 0.742280 0.767854
vt 0.742288 0.823907
vt 0.774059 0.826743
vt 0.775535 0.772258
vt 0.216918 0.852154
vt 0.800161 0.835727
vt 0.803587 0.472219
vt 0.184266 0.511368
vt 0.823748 0.473030
vt 0.786007 0.508646
vt 0.783967 0.470951
vt 0.760849 0.468488
vt 0.762764 0.507838
vt 0.739729 0.507585
vt 0.739749 0.469813
vt 0.718652 0.468468
vt 0.716699 0.507812
vt 0.693463 0.508589
vt 0.695538 0.470900
vt 0.347089 0.550471
vt 0.343449 0.511536
vt 0.656251 0.437958
vt 0.370672 0.549455
vt 0.305626 0.550928
vt 0.300328 0.509969
vt 0.323635 0.511057
vt 0.326613 0.553291
vt 0.245263 0.550946
vt 0.250519 0.509979
vt 0.275426 0.509223
vt 0.275447 0.553833
vt 0.203857 0.550446
vt 0.207534 0.511493
vt 0.227207 0.511082
vt 0.224277 0.553331
vt 0.296688 0.941095
vt 0.317831 0.963343
vt 0.722395 0.859395
vt 0.742293 0.859091
vt 0.762190 0.859387
vt 0.672412 0.557619
vt 0.673996 0.509116
vt 0.676597 0.435714
vt 0.676064 0.420456
vt 0.798456 0.058765
vt 0.820876 0.052919
vt 0.343747 0.061021
vt 0.365907 0.055032
vt 0.963235 0.483911
vt 0.902883 0.489040
vt 0.909072 0.482168
vt 0.925033 0.475729
vt 0.931354 0.463643
vt 0.080884 0.498420
vt 0.084741 0.496992
vt 0.090126 0.497750
vt 0.096539 0.509638
vt 0.112499 0.516024
vt 0.245369 0.109349
vt 0.249130 0.116712
vt 0.914174 0.091435
vt 0.914507 0.075957
vt 0.915392 0.060496
vt 0.143488 0.116794
vt 0.145270 0.126440
vt 0.455609 0.095160
vt 0.455938 0.079081
vt 0.456800 0.063019
vt 0.982240 0.434188
vt 0.963585 0.427947
vt 0.946509 0.423110
vt 0.890921 0.433118
vt 0.882130 0.436526
vt 0.926679 0.423006
vt 0.909612 0.427375
vt 0.937930 0.422313
vt 0.075163 0.457134
vt 0.058225 0.461798
vt 0.039557 0.467684
vt 0.094859 0.456979
vt 0.083682 0.456346
vt 0.130564 0.466891
vt 0.111877 0.461251
vt 0.033116 0.470128
vt 0.675805 0.472192
vt 0.653419 0.509254
vt 0.655248 0.472962
vt 0.367019 0.511392
vt 0.176921 0.588998
vt 0.180547 0.549455
vt 0.822760 0.437993
vt 0.233028 0.963316
vt 0.215241 0.923308
vt 0.798841 0.768868
vt 0.699605 0.875602
vt 0.684417 0.835751
vt 0.333987 0.852188
vt 0.228471 0.827609
vt 0.254212 0.785439
vt 0.759269 0.697501
vt 0.785216 0.736222
vt 0.695315 0.746888
vt 0.719972 0.697428
vt 0.296799 0.785396
vt 0.318344 0.815723
vt 0.903939 0.714697
vt 0.136407 0.801345
vt 0.081951 0.736203
vt 0.893090 0.633076
vt 0.446638 0.808511
vt 0.606509 0.708725
vt 0.556410 0.642507
vt 0.438944 0.724452
vt 0.841861 0.692578
vt 0.205190 0.774839
vt 0.146366 0.715395
vt 0.823906 0.608060
vt 0.383498 0.782992
vt 0.673752 0.685953
vt 0.619881 0.625562
vt 0.369876 0.694574
vt 0.624476 0.158216
vt 0.327082 0.211968
vt 0.653476 0.212425
vt 0.306569 0.342322
vt 0.153133 0.050558
vt 0.361352 0.222428
vt 0.125968 0.045756
vt 0.396618 0.225899
vt 0.569871 0.190223
vt 0.388031 0.290471
vt 0.615162 0.304972
vt 0.596954 0.173816
vt 0.584932 0.180968
vt 0.909456 0.190131
vt 0.154402 0.225852
vt 0.888489 0.249012
vt 0.175675 0.355943
vt 0.241882 0.047343
vt 0.189385 0.222364
vt 0.213528 0.046751
vt 0.223402 0.212053
vt 0.855547 0.158550
vt 0.235225 0.276013
vt 0.801766 0.268578
vt 0.882733 0.173912
vt 0.870470 0.167071
vt 0.702590 0.322102
vt 0.284431 0.416033
vt 0.369025 0.419829
vt 0.654789 0.409992
vt 0.841623 0.358035
vt 0.185243 0.480200
vt 0.257695 0.404697
vt 0.773758 0.336466
vt 0.177136 0.638471
vt 0.185108 0.495641
vt 0.653403 0.554919
vt 0.655840 0.423782
vt 0.740026 0.329135
vt 0.739609 0.679991
vt 0.717946 0.727940
vt 0.321543 0.784229
vt 0.275425 0.981496
vt 0.229466 0.784279
vt 0.766602 0.727930
vt 0.275513 0.766895
vt 0.294962 0.761394
vt 0.158494 0.031032
vt 0.235614 0.029385
vt 0.253884 0.807420
vt 0.968218 0.693073
vt 0.970279 0.686813
vt 0.964692 0.720144
vt 0.041234 0.817480
vt 0.965692 0.701614
vt 0.035620 0.790589
vt 0.038855 0.799577
vt 0.026837 0.766821
vt 0.976742 0.669618
vt 0.033170 0.783659
vt 0.515345 0.790561
vt 0.512107 0.799546
vt 0.509721 0.817448
vt 0.514670 0.720260
vt 0.513647 0.701731
vt 0.511110 0.693195
vt 0.509040 0.686939
vt 0.502555 0.669755
vt 0.524137 0.766797
vt 0.517798 0.783632
vt 0.052820 0.522857
vt 0.139366 0.470253
vt 0.968347 0.489050
vt 0.988625 0.436785
vt 0.108883 0.091107
vt 0.106409 0.062482
vt 0.399209 0.044805
vt 0.459518 0.102060
vt 0.428604 0.109556
vt 0.167704 0.057128
vt 0.215342 0.132259
vt 0.203222 0.094543
vt 0.855471 0.043005
vt 0.918242 0.098075
vt 0.886101 0.105305
vt 0.255511 0.067846
vt 0.169019 0.047690
vt 0.166893 0.025823
vt 0.125973 0.120002
vt 0.337008 0.054912
vt 0.115292 0.038211
vt 0.149847 0.015689
vt 0.254586 0.043904
vt 0.241676 0.021944
vt 0.231922 0.132778
vt 0.791425 0.052872
vt 0.199112 0.046316
vt 0.223332 0.014444
vn -0.416641 0.033252 0.908463
vn -0.416641 0.033252 0.908463
vn -0.186317 -0.129395 0.973932
vn -0.193341 -0.124748 0.973169
vn -0.024978 -0.283974 0.958507
vn 0.171420 0.035713 0.984551
vn -0.006938 -0.186749 0.982383
vn -0.108655 -0.323944 0.939816
vn 0.116379 -0.205101 0.971797
vn -0.103313 0.140487 0.984678
vn 0.258118 -0.013508 0.966019
vn 0.260421 -0.011404 0.965428
vn -0.890714 0.028973 0.453641
vn -0.866383 -0.159081 0.473364
vn -0.607168 -0.330632 0.722516
vn -0.651789 -0.174385 0.738079
vn -0.241518 -0.275998 0.930319
vn -0.229371 -0.480172 0.846654
vn 0.027470 -0.524697 0.850846
vn 0.021084 -0.299336 0.953915
vn 0.288536 -0.303871 0.907970
vn 0.297205 -0.494098 0.817029
vn 0.654972 -0.366691 0.660719
vn 0.671221 -0.233132 0.703641
vn 0.092488 -0.285302 0.953965
vn -0.413261 -0.160049 0.896437
vn -0.630532 -0.129676 0.765254
vn -0.294317 -0.147370 0.944277
vn -0.117356 -0.066019 0.990893
vn -0.165733 -0.218619 0.961633
vn 0.003012 -0.232701 0.972544
vn -0.004264 -0.093396 0.995620
vn 0.129070 -0.063258 0.989616
vn 0.176264 -0.234080 0.956105
vn 0.613713 -0.193045 0.765566
vn 0.356653 -0.138125 0.923970
vn -0.813728 0.417299 0.404608
vn -0.566963 0.161713 0.807714
vn -0.347865 0.394311 0.850593
vn -0.446323 0.801236 0.398517
vn -0.621013 0.664166 0.416206
vn -0.520680 0.038241 0.852895
vn -0.016792 -0.036129 0.999206
vn 0.003083 0.729133 0.684365
vn 0.488899 0.776235 0.398042
vn 0.137136 0.314198 0.939401
vn 0.387350 0.403173 0.829103
vn 0.444042 0.823224 0.353735
vn -0.558075 0.200189 -0.805280
vn -0.863601 0.462699 -0.200255
vn -0.529291 0.807592 -0.260090
vn -0.352290 0.468535 -0.810165
vn -0.113995 0.546028 -0.829975
vn -0.236237 0.804420 -0.545069
vn 0.006348 0.665334 -0.746519
vn 0.005427 0.528732 -0.848772
vn 0.084850 0.537552 -0.838951
vn 0.206774 0.819009 -0.535228
vn 0.435857 0.850013 -0.295816
vn 0.216593 0.469380 -0.856020
vn -0.868771 0.364753 -0.334952
vn -0.647211 0.174741 -0.742013
vn -0.438059 0.397867 -0.806106
vn -0.400632 0.446619 -0.800016
vn -0.078570 0.432699 -0.898108
vn -0.084188 0.416726 -0.905125
vn 0.000045 0.417401 -0.908722
vn -0.015937 0.436552 -0.899538
vn 0.043231 0.452015 -0.890962
vn 0.069864 0.422404 -0.903711
vn 0.426730 0.418376 -0.801787
vn 0.353515 0.466752 -0.810660
vn -0.708199 -0.049416 -0.704281
vn -0.755556 0.016004 -0.654889
vn -0.238454 0.052347 -0.969742
vn -0.185835 -0.024591 -0.982273
vn -0.008758 -0.054929 -0.998452
vn -0.041691 0.033957 -0.998553
vn -0.052756 0.015333 -0.998490
vn -0.056643 -0.092078 -0.994139
vn -0.089078 -0.078354 -0.992938
vn -0.056345 0.021951 -0.998170
vn 0.129271 0.029589 -0.991168
vn 0.081451 -0.058672 -0.994949
vn -0.027440 -0.999550 0.012094
vn -0.016841 -0.999612 -0.022187
vn -0.001011 -0.999915 -0.013017
vn -0.012035 -0.999723 0.020213
vn 0.949694 -0.281360 0.137543
vn 0.737610 -0.548194 -0.394227
vn -0.058962 -0.740757 -0.669180
vn -0.114960 -0.739647 0.663104
vn -0.037094 -0.999235 0.012413
vn -0.037961 -0.999244 -0.008360
vn -0.026804 -0.999561 -0.012593
vn -0.027194 -0.999611 0.006132
vn 0.998163 0.001065 0.060577
vn 0.998163 0.001065 0.060577
vn 0.998163 0.001065 0.060577
vn 0.998163 0.001065 0.060577
vn 0.918246 -0.053125 0.392431
vn 0.902701 -0.210915 0.375027
vn 0.997600 -0.009043 -0.068650
vn 0.989060 0.144969 0.027303
vn 0.510614 -0.859223 0.031764
vn 0.510610 -0.859226 0.031765
vn 0.510610 -0.859226 0.031765
vn 0.510614 -0.859223 0.031764
vn -0.929827 -0.177628 -0.322289
vn -0.929827 -0.177628 -0.322289
vn -0.929827 -0.177628 -0.322289
vn -0.929827 -0.177628 -0.322289
vn -0.795819 0.276683 -0.538626
vn -0.998033 0.044979 0.043671
vn -0.972055 0.182135 0.148108
vn -0.340803 -0.932241 0.121570
vn -0.340802 -0.932242 0.121569
vn -0.340802 -0.932242 0.121569
vn -0.340803 -0.932242 0.121570
vn -0.203240 -0.380220 -0.902289
vn -0.255520 -0.356414 -0.898709
vn 0.033158 -0.369911 -0.928475
vn 0.139745 -0.376093 -0.915983
vn 0.991231 -0.112270 -0.069695
vn 0.993770 -0.092687 -0.061888
vn 0.617557 0.237342 0.749861
vn -0.129296 0.343453 0.930227
vn -0.154653 0.334205 0.929725
vn -0.996336 -0.078466 0.034031
vn -0.995902 -0.069209 0.058213
vn -0.995902 -0.069209 0.058213
vn -0.996316 -0.077217 0.037303
vn -0.481676 -0.501774 -0.718478
vn -0.449647 -0.506436 -0.735758
vn -0.098846 -0.507372 -0.856040
vn -0.165940 -0.516486 -0.840063
vn 0.925801 -0.131489 -0.354407
vn 0.923498 -0.135288 -0.358955
vn 0.923498 -0.135288 -0.358955
vn 0.926025 -0.131114 -0.353958
vn 0.538862 0.467652 0.700664
vn 0.461463 0.504395 0.729820
vn 0.150143 0.513165 0.845055
vn 0.181659 0.497986 0.847945
vn -0.580363 0.267394 0.769207
vn -0.899695 -0.367404 0.235719
vn -0.870412 -0.017451 0.492015
vn -0.611590 0.246328 -0.751851
vn -0.721310 0.248634 -0.646446
vn 0.242003 0.411984 -0.878467
vn 0.296988 0.330356 -0.895915
vn 0.958716 0.131383 -0.252194
vn 0.968665 0.160754 -0.189331
vn 0.932932 -0.055998 0.355672
vn 0.945522 -0.086601 0.313827
vn 0.615939 -0.256717 0.744793
vn 0.583244 -0.204149 0.786225
vn -0.164777 -0.268988 0.948944
vn -0.264037 -0.335715 0.904201
vn -0.958062 -0.115219 0.262376
vn -0.873983 -0.138686 0.465747
vn -0.980747 0.058277 -0.186382
vn -0.949999 0.074071 -0.303341
vn -0.937713 -0.001560 -0.347407
vn -0.971805 0.011532 -0.235506
vn -0.249045 0.177411 -0.952104
vn -0.221604 0.121794 -0.967501
vn 0.682065 0.135495 -0.718629
vn 0.723378 0.173259 -0.668361
vn 0.979789 0.096543 -0.175194
vn 0.972444 0.071632 -0.221859
vn 0.936011 -0.003353 0.351956
vn 0.878979 0.028364 0.476016
vn 0.202326 -0.048212 0.978131
vn 0.221682 -0.113861 0.968449
vn -0.675707 -0.125012 0.726493
vn -0.592639 -0.078094 0.801673
vn -0.947004 -0.060931 0.315391
vn -0.967287 -0.085369 0.238889
vn -0.093399 0.317552 -0.943630
vn -0.093399 0.317552 -0.943630
vn 0.357059 0.368158 -0.858469
vn 0.395737 0.368908 -0.841011
vn 0.933069 0.305035 0.190619
vn 0.933069 0.305035 0.190619
vn 0.933069 0.305035 0.190619
vn 0.933069 0.305035 0.190619
vn 0.042026 0.994870 0.092024
vn 0.042026 0.994870 0.092024
vn -0.036855 0.997859 0.054027
vn -0.036833 0.997859 0.054037
vn -0.770773 0.566845 -0.290853
vn -0.770773 0.566845 -0.290853
vn -0.770773 0.566845 -0.290853
vn -0.770773 0.566845 -0.290853
vn -0.599498 0.377744 -0.705628
vn -0.599498 0.377744 -0.705628
vn -0.188809 0.405482 -0.894391
vn -0.195867 0.405699 -0.892774
vn 0.869148 0.283948 -0.404915
vn 0.869148 0.283948 -0.404915
vn 0.869148 0.283948 -0.404915
vn 0.869148 0.283948 -0.404915
vn 0.158008 0.977921 0.136760
vn 0.158008 0.977921 0.136761
vn 0.074436 0.984820 0.156810
vn 0.074107 0.984832 0.156886
vn -0.794907 0.557249 0.239993
vn -0.794907 0.557249 0.239993
vn -0.794907 0.557249 0.239993
vn -0.794907 0.557249 0.239993
vn 0.042739 0.985637 -0.163383
vn 0.042739 0.985637 -0.163383
vn 0.068212 0.986741 -0.147270
vn 0.068561 0.986750 -0.147048
vn -0.741829 0.405863 -0.533822
vn -0.741828 0.405863 -0.533822
vn -0.741829 0.405863 -0.533822
vn -0.741829 0.405863 -0.533822
vn -0.077758 -0.983569 0.162930
vn -0.054668 -0.994032 0.094399
vn -0.045160 -0.993807 0.101528
vn -0.073278 -0.983425 0.165850
vn 0.896233 0.007123 0.443527
vn 0.898948 0.005219 0.438025
vn 0.899086 0.005121 0.437743
vn 0.896233 0.007123 0.443527
vn -0.000098 0.997084 -0.076306
vn -0.000098 0.997084 -0.076306
vn 0.017642 0.996351 -0.083502
vn 0.017711 0.996348 -0.083529
vn -0.889795 0.446550 0.094113
vn -0.889795 0.446550 0.094113
vn -0.889795 0.446550 0.094113
vn -0.889795 0.446550 0.094113
vn -0.018368 -0.994406 0.104019
vn -0.027986 -0.997638 0.062728
vn -0.022017 -0.998033 0.058701
vn -0.015826 -0.994649 0.102093
vn 0.974479 -0.037988 -0.221240
vn 0.974937 -0.035523 -0.219629
vn 0.974958 -0.035406 -0.219552
vn 0.974479 -0.037988 -0.221240
vn -0.529411 -0.508788 0.678866
vn 0.616608 -0.334322 0.712758
vn -0.928391 -0.369409 0.040353
vn -0.939138 -0.336416 0.069603
vn -0.836368 0.007260 -0.548120
vn 0.445443 0.359875 -0.819799
vn 0.113665 0.339712 -0.933636
vn -0.272512 0.369088 -0.888544
vn 0.527127 0.583897 -0.617415
vn 0.699641 0.585700 -0.409217
vn 0.849056 0.508994 0.141522
vn 0.889998 0.455894 -0.008019
vn 0.831619 0.134956 0.538699
vn 0.757086 0.208997 0.618984
vn 0.408233 -0.346198 0.844685
vn 0.226061 -0.363277 0.903840
vn 0.270244 -0.033649 -0.962204
vn 0.836748 -0.266905 -0.478136
vn 0.858528 -0.204074 -0.470409
vn 0.944198 -0.215432 0.249158
vn 0.504688 -0.126230 0.854024
vn -0.352551 0.136295 0.925814
vn -0.834222 0.318356 0.450249
vn -0.909144 0.354902 -0.217952
vn -0.447477 0.188301 -0.874247
vn -0.661428 -0.345937 0.665463
vn -0.632382 -0.330841 0.700455
vn -0.932479 -0.359115 0.038975
vn -0.853474 -0.514510 0.082841
vn -0.702771 -0.465204 -0.538237
vn -0.739489 -0.160991 -0.653635
vn -0.167361 0.156758 -0.973354
vn -0.028947 -0.135229 -0.990391
vn 0.727412 0.144493 -0.670815
vn 0.476661 0.398158 -0.783750
vn 0.908239 0.405364 -0.103838
vn 0.961027 0.262639 -0.086300
vn 0.812479 0.278513 0.512160
vn 0.810390 0.250962 0.529420
vn 0.139178 -0.089815 0.986186
vn 0.061315 0.077209 0.995128
vn 0.328908 -0.267125 -0.905795
vn 0.254963 -0.073963 -0.964118
vn 0.835797 -0.204001 -0.509733
vn 0.793101 -0.363535 -0.488705
vn 0.940582 -0.316391 0.123296
vn 0.954315 -0.194251 0.227043
vn 0.500140 -0.059545 0.863895
vn 0.492912 -0.086545 0.865764
vn -0.403453 0.049031 0.913686
vn -0.274703 0.123409 0.953577
vn -0.839803 0.233670 0.490030
vn -0.859749 0.097461 0.501331
vn -0.990348 0.093147 -0.102636
vn -0.931847 0.250470 -0.262538
vn -0.486177 0.118960 -0.865725
vn -0.520306 -0.005245 -0.853964
vn -0.569792 -0.657825 0.492547
vn -0.569792 -0.657825 0.492547
vn -0.569792 -0.657825 0.492547
vn -0.569792 -0.657825 0.492547
vn 0.920842 -0.367416 0.130596
vn 0.920842 -0.367416 0.130596
vn 0.977712 -0.209937 -0.002501
vn 0.596032 -0.047447 -0.801557
vn 0.002525 0.436019 -0.899934
vn 0.006961 0.193686 -0.981039
vn -0.595134 -0.030707 -0.803040
vn -0.499961 0.787292 0.360848
vn -0.983309 -0.181809 -0.007039
vn -0.754369 -0.259316 0.603061
vn -0.703560 -0.466268 0.536282
vn -0.022288 -0.603081 0.797369
vn -0.022975 -0.444424 0.895522
vn 0.727794 -0.277395 0.627191
vn 0.673738 -0.492707 0.550742
vn 0.973455 -0.228870 0.002103
vn 0.991356 0.078543 0.105096
vn 0.707461 0.374204 -0.599559
vn 0.661848 0.156536 -0.733112
vn 0.017797 0.296903 -0.954742
vn 0.022239 0.419378 -0.907539
vn -0.666859 0.396309 -0.631061
vn -0.638496 0.182495 -0.747676
vn -0.981928 -0.188018 -0.021615
vn -0.992198 0.109136 0.060275
vn -0.771094 0.124354 -0.624460
vn -0.998414 -0.050350 -0.025192
vn -0.999376 -0.033071 -0.012373
vn -0.320788 0.376657 -0.869037
vn -0.281670 0.201575 -0.938099
vn -0.073139 0.192123 -0.978642
vn -0.083495 0.380658 -0.920939
vn -0.036568 0.382516 -0.923225
vn -0.049102 0.195891 -0.979396
vn -0.020389 0.187218 -0.982107
vn 0.010842 0.390450 -0.920560
vn 0.236110 0.378224 -0.895097
vn 0.180230 0.180617 -0.966900
vn 0.881374 -0.246570 0.402968
vn 0.862149 -0.201940 0.464671
vn 0.987954 -0.110119 -0.108719
vn 0.988513 -0.102874 -0.110721
vn 0.210855 -0.543186 0.812705
vn 0.151887 -0.357456 0.921496
vn 0.434999 -0.313294 0.844170
vn 0.537291 -0.417651 0.732725
vn -0.152461 -0.528620 0.835055
vn -0.075460 -0.337711 0.938220
vn 0.038402 -0.349562 0.936126
vn 0.026607 -0.593170 0.804638
vn -0.847847 -0.185138 0.496870
vn -0.832967 -0.135127 0.536570
vn -0.375710 -0.267000 0.887442
vn -0.485926 -0.380863 0.786651
vn -0.063028 -0.331797 0.941243
vn -0.295238 -0.253229 0.921254
vn -0.861156 -0.120251 0.493912
vn 0.177434 -0.266525 0.947355
vn 0.140982 -0.371578 0.917635
vn 0.041607 -0.364098 0.930431
vn 0.442334 0.163707 0.881782
vn 0.442334 0.163707 0.881782
vn 0.883941 -0.166824 0.436828
vn 0.343681 -0.316089 0.884291
vn -0.118181 0.317160 0.940980
vn -0.003258 0.086365 0.996258
vn 0.513806 0.046085 0.856668
vn 0.623271 0.642703 0.445496
vn 0.542472 0.832794 -0.110355
vn 0.025143 0.974532 -0.222836
vn -0.480633 0.868353 -0.122291
vn 0.842293 0.360517 -0.400712
vn 0.742166 0.246380 -0.623287
vn 0.064442 -0.384986 -0.920670
vn 0.051740 -0.303575 -0.951402
vn -0.012431 -0.284451 -0.958610
vn -0.329559 -0.170205 -0.928666
vn -0.329559 -0.170205 -0.928666
vn -0.142956 -0.446750 -0.883164
vn -0.742694 -0.617872 -0.258147
vn 0.071741 -0.460112 -0.884958
vn -0.181739 -0.428233 -0.885205
vn 0.680278 -0.026446 -0.732477
vn 0.627163 -0.079894 -0.774780
vn 0.229028 -0.243914 -0.942365
vn 0.229028 -0.243914 -0.942365
vn -0.144953 -0.384115 -0.911836
vn -0.099337 -0.369932 -0.923733
vn 0.014744 -0.999884 -0.003886
vn 0.001940 -0.999490 0.031884
vn -0.035547 -0.993501 0.108131
vn -0.015661 -0.999736 -0.016818
vn -0.017342 -0.999848 0.002025
vn -0.016030 -0.998385 0.054497
vn 0.926998 -0.136480 -0.349355
vn 0.926997 -0.136480 -0.349355
vn 0.926997 -0.136480 -0.349355
vn 0.926998 -0.136480 -0.349355
vn 0.982484 -0.100788 -0.156742
vn 0.964027 0.259904 0.055690
vn 0.510610 -0.859226 0.031761
vn 0.510610 -0.859226 0.031761
vn 0.510614 -0.859223 0.031761
vn 0.510614 -0.859223 0.031761
vn 0.510617 -0.859221 0.031760
vn 0.510617 -0.859221 0.031760
vn 0.510617 -0.859222 0.031763
vn 0.510617 -0.859222 0.031763
vn -0.988570 -0.085903 0.123899
vn -0.988570 -0.085903 0.123899
vn -0.988570 -0.085903 0.123899
vn -0.988570 -0.085903 0.123899
vn -0.993129 -0.073903 -0.090738
vn -0.938347 0.272882 0.212226
vn -0.340802 -0.932242 0.121571
vn -0.340802 -0.932242 0.121571
vn -0.340803 -0.932241 0.121571
vn -0.340802 -0.932242 0.121571
vn -0.340803 -0.932241 0.121571
vn -0.340803 -0.932241 0.121571
vn -0.340804 -0.932241 0.121571
vn -0.340804 -0.932241 0.121571
vn 0.452844 -0.332070 -0.827443
vn 0.498645 -0.326876 -0.802811
vn 0.549006 -0.319896 -0.772178
vn 0.207276 -0.387745 -0.898160
vn -0.150207 -0.402799 -0.902879
vn 0.894670 0.058690 0.442856
vn 0.894187 0.139310 0.425467
vn 0.894187 0.139310 0.425467
vn 0.998849 -0.030497 -0.037021
vn 0.998849 -0.030497 -0.037021
vn -0.477763 0.296963 0.826774
vn -0.559750 0.266878 0.784511
vn -0.625930 0.239047 0.742339
vn -0.193983 0.320147 0.927295
vn 0.321397 0.325589 0.889211
vn -0.917842 -0.222486 -0.328734
vn -0.917842 -0.222486 -0.328734
vn -0.915702 -0.226022 -0.332271
vn -0.915534 -0.226298 -0.332546
vn -0.913370 -0.229817 -0.336063
vn -0.913370 -0.229817 -0.336063
vn -0.996133 -0.087142 0.011218
vn -0.996133 -0.087142 0.011218
vn 0.189100 -0.458761 -0.868205
vn 0.155385 -0.477773 -0.864632
vn 0.121691 -0.495928 -0.859795
vn -0.194428 -0.525103 -0.828532
vn -0.519437 -0.495254 -0.696353
vn 0.996620 0.078283 -0.024895
vn 0.996620 0.078283 -0.024895
vn 0.997207 0.061286 -0.042690
vn 0.997155 0.063969 -0.039885
vn 0.997228 0.046621 -0.057991
vn 0.997228 0.046621 -0.057991
vn 0.928174 -0.127501 -0.349623
vn 0.928174 -0.127501 -0.349623
vn -0.270592 0.415320 0.868499
vn 0.208236 0.474804 0.855102
vn 0.600885 0.433583 0.671523
vn -0.966688 -0.253013 0.038727
vn -0.970609 -0.236947 0.042134
vn -0.983633 -0.171332 0.055780
vn -0.983633 -0.171332 0.055780
vn -0.890705 0.059248 0.450704
vn -0.890705 0.059248 0.450704
vn 0.955858 0.089563 -0.279846
vn 0.329540 0.273914 -0.903535
vn -0.546720 0.221504 -0.807486
vn 0.634775 -0.324284 0.701356
vn 0.948143 -0.122555 0.293267
vn -0.995902 -0.079837 0.042479
vn -0.389127 -0.405977 0.826899
vn -0.914017 0.083988 -0.396886
vn 0.686361 0.094568 -0.721086
vn -0.197144 0.080315 -0.977079
vn -0.922327 -0.029162 -0.385309
vn 0.964851 -0.041019 0.259577
vn 0.970217 0.043718 -0.238258
vn -0.726372 -0.179146 0.663544
vn 0.254737 -0.186380 0.948879
vn -0.973947 -0.110299 0.198143
vn 0.765296 0.332490 -0.551155
vn 0.765296 0.332490 -0.551155
vn 0.813626 -0.047122 -0.579475
vn 0.813626 -0.047122 -0.579475
vn 0.426642 -0.056394 -0.902661
vn 0.408965 -0.056468 -0.910801
vn -0.087083 -0.050883 -0.994901
vn -0.087083 -0.050883 -0.994901
vn 0.726847 0.555436 0.403960
vn 0.726847 0.555436 0.403960
vn 0.726847 0.555436 0.403960
vn 0.726847 0.555436 0.403960
vn 0.901427 0.003457 0.432918
vn 0.901427 0.003457 0.432918
vn 0.979558 -0.012207 0.200789
vn 0.979559 -0.012207 0.200789
vn 0.979558 -0.012207 0.200789
vn 0.979558 -0.012207 0.200789
vn -0.115351 0.993201 0.015666
vn -0.115351 0.993201 0.015666
vn -0.464897 -0.262076 0.845687
vn -0.464897 -0.262076 0.845687
vn -0.424341 -0.261812 0.866827
vn -0.424353 -0.261812 0.866821
vn -0.382943 -0.261001 0.886134
vn -0.382943 -0.261001 0.886134
vn -0.762377 0.284205 -0.581386
vn -0.762377 0.284205 -0.581386
vn -0.762377 0.284205 -0.581386
vn -0.762377 0.284205 -0.581386
vn -0.778808 -0.020944 -0.626913
vn -0.778808 -0.020944 -0.626913
vn -0.778808 -0.020944 -0.626913
vn -0.778808 -0.020944 -0.626913
vn -0.901359 -0.001439 -0.433070
vn -0.898572 -0.004241 -0.438805
vn -0.898739 -0.004075 -0.438465
vn -0.901359 -0.001439 -0.433070
vn 0.245113 0.353361 -0.902804
vn 0.245113 0.353361 -0.902804
vn 0.257368 -0.034195 -0.965708
vn 0.257368 -0.034195 -0.965708
vn -0.222784 -0.023933 -0.974574
vn -0.216703 -0.024107 -0.975940
vn -0.648631 -0.008287 -0.761058
vn -0.648631 -0.008287 -0.761058
vn 0.856165 0.503935 -0.114151
vn 0.856165 0.503935 -0.114151
vn 0.856165 0.503935 -0.114151
vn 0.856165 0.503935 -0.114151
vn 0.975349 -0.033260 -0.218149
vn 0.975349 -0.033260 -0.218149
vn 0.902757 -0.036262 -0.428619
vn 0.902757 -0.036262 -0.428619
vn 0.902757 -0.036262 -0.428620
vn 0.902757 -0.036262 -0.428619
vn -0.010066 0.984379 0.175776
vn -0.010066 0.984379 0.175776
vn 0.150911 -0.363028 0.919476
vn 0.150911 -0.363028 0.919476
vn 0.196039 -0.364734 0.910240
vn 0.196251 -0.364741 0.910192
vn 0.241040 -0.365670 0.898991
vn 0.241040 -0.365670 0.898991
vn -0.940334 0.340004 0.012988
vn -0.940334 0.340004 0.012988
vn -0.940334 0.340004 0.012988
vn -0.940334 0.340004 0.012988
vn -0.999693 0.023087 0.008947
vn -0.999693 0.023087 0.008947
vn -0.999693 0.023087 0.008947
vn -0.999693 0.023087 0.008947
vn -0.975465 0.034151 0.217488
vn -0.975025 0.035997 0.219160
vn -0.975040 0.035933 0.219102
vn -0.975466 0.034151 0.217488
vn 0.094408 0.986941 -0.130519
vn 0.094408 0.986941 -0.130519
vn -0.011160 0.976341 -0.215950
vn -0.011160 0.976341 -0.215950
vn 0.076514 0.981770 -0.173994
vn 0.076554 0.981770 -0.173974
vn 0.163649 0.977877 -0.130293
vn 0.163649 0.977877 -0.130293
vn -0.895521 -0.007259 -0.444960
vn -0.895521 -0.007259 -0.444960
vn -0.935040 -0.211678 -0.284415
vn -0.935040 -0.211678 -0.284415
vn -0.935040 -0.211678 -0.284415
vn -0.935040 -0.211678 -0.284415
vn -0.694359 0.530875 -0.485837
vn -0.694359 0.530875 -0.485837
vn -0.694359 0.530875 -0.485837
vn -0.694359 0.530875 -0.485837
vn -0.068794 -0.983252 0.168767
vn -0.051484 -0.942052 0.331492
vn -0.051484 -0.942052 0.331492
vn -0.134547 -0.946917 0.291969
vn -0.134403 -0.946915 0.292040
vn -0.216433 -0.943749 0.249988
vn -0.216433 -0.943749 0.249988
vn 0.868920 0.413018 0.272754
vn 0.868920 0.413018 0.272754
vn 0.868920 0.413018 0.272754
vn 0.868920 0.413018 0.272754
vn 0.798926 0.547228 0.249518
vn 0.798926 0.547228 0.249518
vn 0.798926 0.547228 0.249518
vn 0.798926 0.547228 0.249518
vn 0.797904 -0.194168 0.570656
vn 0.797904 -0.194168 0.570656
vn 0.797904 -0.194168 0.570656
vn 0.797904 -0.194168 0.570656
vn 0.035289 0.995259 -0.090632
vn 0.035289 0.995259 -0.090632
vn -0.074379 0.995283 -0.062292
vn -0.074379 0.995283 -0.062292
vn 0.020206 0.996143 -0.085389
vn 0.020575 0.996128 -0.085478
vn 0.114630 0.987555 -0.107684
vn 0.114630 0.987555 -0.107684
vn -0.974535 0.038016 0.220988
vn -0.974535 0.038016 0.220988
vn -0.919720 -0.178720 0.349535
vn -0.919720 -0.178720 0.349535
vn -0.919720 -0.178720 0.349535
vn -0.919720 -0.178720 0.349535
vn -0.803234 0.584567 0.114439
vn -0.803234 0.584567 0.114439
vn -0.803234 0.584567 0.114439
vn -0.803234 0.584567 0.114439
vn -0.013278 -0.994883 0.100161
vn 0.101119 -0.974899 0.198358
vn 0.101119 -0.974899 0.198358
vn 0.011403 -0.975716 0.218744
vn 0.011366 -0.975714 0.218752
vn -0.078388 -0.968275 0.237274
vn -0.078388 -0.968275 0.237274
vn 0.873047 0.378347 -0.307641
vn 0.873047 0.378347 -0.307641
vn 0.873047 0.378347 -0.307641
vn 0.873047 0.378347 -0.307641
vn 0.815843 0.516715 -0.259627
vn 0.815843 0.516715 -0.259627
vn 0.815843 0.516715 -0.259627
vn 0.815843 0.516715 -0.259627
vn 0.962903 -0.257100 -0.081956
vn 0.962903 -0.257100 -0.081956
vn 0.962903 -0.257100 -0.081956
vn 0.962903 -0.257100 -0.081956
vn -0.709870 -0.518748 -0.476429
vn -0.819045 -0.566174 0.092798
vn -0.655682 -0.401569 0.639393
vn 0.756651 0.145136 -0.637507
vn -0.044896 -0.145364 -0.988359
vn 0.808194 0.264668 0.526093
vn 0.966576 0.244079 -0.078461
vn 0.049711 0.053540 0.997328
vn 0.927384 -0.362891 0.090931
vn 0.771807 -0.420768 -0.476726
vn 0.359206 -0.314460 -0.878684
vn -0.396250 0.044927 0.917043
vn 0.509553 -0.092356 0.855468
vn -0.990839 0.098757 -0.092114
vn -0.860892 0.079234 0.502581
vn -0.502523 0.006777 -0.864537
vn 0.552252 -0.670860 0.494939
vn 0.552252 -0.670860 0.494939
vn 0.552252 -0.670860 0.494939
vn 0.552252 -0.670860 0.494939
vn 0.666024 -0.680478 0.305553
vn -0.014462 -0.780756 0.624669
vn -0.693635 -0.654041 0.301830
vn 0.764227 -0.618789 -0.181817
vn -0.929719 -0.344213 0.130918
vn -0.929719 -0.344213 0.130918
vn -0.789941 -0.584149 -0.186450
vn 0.705291 0.071863 -0.705266
vn 0.036402 0.108264 0.993455
vn -0.500334 -0.225478 0.835958
vn -0.500334 -0.225478 0.835958
vn 0.037141 0.108698 0.993381
vn -0.847668 -0.487121 0.210174
vn -0.847668 -0.487121 0.210174
vn -0.847668 -0.487121 0.210174
vn -0.847668 -0.487121 0.210174
vn -0.861989 -0.505976 -0.031038
vn -0.861989 -0.505976 -0.031038
vn -0.861989 -0.505976 -0.031038
vn -0.861989 -0.505976 -0.031038
vn -0.511401 -0.300167 -0.805214
vn -0.075283 -0.043944 -0.996194
vn -0.075251 -0.043925 -0.996197
vn -0.511401 -0.300167 -0.805214
vn 0.261627 0.153941 -0.952813
vn 0.261627 0.153941 -0.952813
vn 0.847447 0.521104 -0.101416
vn 0.847447 0.521104 -0.101416
vn 0.847447 0.521104 -0.101416
vn 0.847447 0.521104 -0.101416
vn 0.849027 0.523253 -0.073206
vn 0.849027 0.523253 -0.073207
vn 0.849027 0.523253 -0.073207
vn 0.849027 0.523253 -0.073207
vn 0.438271 0.334019 0.834476
vn 0.438271 0.334019 0.834476
vn -0.489590 0.100708 -0.866118
vn -0.003463 -0.097628 -0.995217
vn -0.003463 -0.097628 -0.995217
vn -0.489619 0.100721 -0.866100
vn 0.733160 -0.338120 -0.590044
vn 0.733160 -0.338120 -0.590044
vn 0.733160 -0.338120 -0.590044
vn 0.733160 -0.338120 -0.590044
vn 0.854330 -0.353802 -0.380715
vn 0.854330 -0.353802 -0.380715
vn 0.854330 -0.353802 -0.380715
vn 0.854330 -0.353802 -0.380715
vn 0.896339 -0.241462 0.371851
vn 0.515372 -0.030750 0.856415
vn 0.514697 -0.030450 0.856831
vn 0.896339 -0.241462 0.371851
vn 0.077667 0.139693 0.987144
vn 0.077667 0.139693 0.987144
vn -0.781813 0.370897 0.501203
vn -0.781813 0.370897 0.501203
vn -0.781813 0.370897 0.501203
vn -0.781813 0.370897 0.501203
vn -0.796065 0.372768 0.476786
vn -0.796065 0.372768 0.476786
vn -0.796065 0.372768 0.476786
vn -0.796065 0.372768 0.476786
vn -0.758744 0.228894 -0.609848
vn -0.758744 0.228894 -0.609849
s 1
g pCube1
usemtl pCube1SG
f 101/1/1 1/2/2 98/3/3 97/4/4
f 99/5/5 2/6/6 103/7/7 102/8/8
f 104/9/9 3/10/10 107/11/11 106/12/12
s 3
f 114/13/13 5/14/14 111/15/15 110/16/16
f 112/17/17 6/18/18 116/19/19 115/20/20
f 117/21/21 7/22/22 120/23/23 119/24/24
f 126/25/25 9/26/26 113/27/27 123/28/28
f 124/29/29 10/30/30 118/31/31 127/32/32
f 128/33/33 11/34/34 122/35/35 130/36/36
f 136/424/37 13/38/38 125/39/39 133/474/40
f 141/401/41 85/42/42 138/43/43 137/473/44
f 145/413/45 15/477/46 132/47/47 142/472/48
f 149/49/49 17/50/50 135/51/51 146/52/52
f 147/53/53 18/54/54 151/470/55 150/56/56
f 152/57/57 19/58/58 144/59/59 154/60/60
f 160/61/61 21/62/62 148/63/63 157/64/64
f 158/65/65 22/66/66 153/67/67 161/68/68
f 162/69/69 23/70/70 156/71/71 164/72/72
f 171/73/73 90/74/74 168/75/75 167/76/76
f 169/77/77 91/78/78 173/79/79 172/80/80
f 174/81/81 92/82/82 177/83/83 176/84/84
s 10
f 184/85/85 49/86/86 181/87/87 180/88/88
s 1
f 187/464/89 30/90/90 175/91/91 185/469/92
s 12
f 192/93/93 53/94/94 189/95/95 188/96/96
s off
f 108/97/97 4/98/98 194/99/99 193/100/100
s 3
f 121/101/101 8/102/102 197/103/103 196/104/104
s 13
f 378/105/105 377/106/106 379/107/107 380/108/108
s off
f 171/73/109 29/109/110 204/110/111 203/111/112
s 3
f 160/61/61 25/112/113 207/113/114 206/114/115
s 14
f 386/501/116 387/116/117 388/117/118 389/118/119
s 15
f 216/119/120 29/109/121 170/120/122 213/121/123
s 1
f 214/122/124 30/90/90 187/464/89 217/123/125
f 218/124/126 2/6/6 98/3/127 220/125/128
s 17
f 221/126/129 1/2/130 204/462/131 223/127/132
s 18
f 228/128/133 31/129/134 179/130/135 225/131/136
s 19
f 226/132/137 32/133/138 194/460/139 229/134/140
s 1
f 230/135/141 4/98/142 107/11/143 232/136/144
f 233/137/145 3/10/10 186/458/146 235/139/147
s 21
f 240/140/148 33/141/149 215/142/150 237/143/151
f 238/144/152 34/145/153 219/454/154 241/147/155
f 242/148/156 35/149/157 222/150/158 244/151/159
f 245/152/160 36/153/161 224/447/162 247/155/163
s 22
f 252/156/164 37/157/165 227/158/166 249/159/167
f 250/160/168 38/161/169 231/441/170 253/163/171
f 254/164/172 39/165/173 234/166/174 256/167/175
f 257/168/176 40/169/177 236/434/178 259/171/179
s 23
f 263/524/180 41/479/181 239/174/182 261/528/183
s off
f 262/176/184 42/177/185 243/178/186 264/527/187
s 24
f 270/511/188 58/181/189 267/182/190 266/525/191
s off
f 272/516/192 44/448/193 248/186/194 271/523/195
s 25
f 275/518/196 45/478/197 251/190/198 273/522/199
s off
f 274/192/200 46/193/201 255/194/202 276/521/203
s 26
f 282/505/204 62/197/205 279/198/206 278/519/207
s off
f 284/510/208 48/435/209 260/202/210 283/517/211
s 27
f 287/204/212 43/450/213 246/206/214 285/207/215
s off
f 286/208/216 44/448/217 272/516/218 288/209/219
s 10
f 289/210/220 52/211/221 183/212/222 290/213/223
s 28
f 291/214/224 51/215/225 265/513/226 292/217/227
s 29
f 295/218/228 47/437/229 258/220/230 293/221/231
s off
f 294/222/232 48/435/233 284/510/234 296/223/235
s 12
f 297/224/236 56/225/237 191/226/238 298/227/239
s 30
f 299/228/240 55/229/241 277/507/242 300/231/243
s 3
f 304/232/244 12/233/245 198/430/246 301/235/247
f 302/236/248 24/237/249 155/238/250 305/239/251
f 306/240/252 20/241/253 143/428/254 308/243/255
f 309/244/256 16/245/257 131/246/258 311/247/259
f 316/248/260 21/62/62 208/426/261 313/250/262
f 314/251/263 9/26/26 126/25/25 317/252/264
f 318/253/265 13/38/38 136/424/37 320/254/266
f 321/255/267 17/50/50 149/49/49 323/256/268
f 327/257/269 66/258/270 303/422/271 325/260/272
f 326/261/273 65/262/274 307/263/275 328/264/276
f 329/265/277 67/266/278 310/420/279 330/268/280
f 331/269/281 68/270/282 312/271/283 332/272/284
f 335/273/285 69/274/286 315/418/287 333/276/288
f 334/277/289 70/278/290 319/279/291 336/280/292
f 337/281/293 71/282/294 322/416/295 338/284/296
f 339/285/297 72/286/298 324/287/299 340/288/300
s off
f 344/289/301 14/480/302 129/291/303 341/292/304
s 3
f 342/293/305 15/46/306 145/414/45 345/294/307
f 346/295/308 19/471/58 151/55/309 348/296/310
f 349/297/311 18/475/54 134/410/312 351/299/313
f 355/300/314 81/301/315 343/302/316 353/303/317
f 354/304/318 82/305/319 347/406/320 356/307/321
f 357/308/322 83/309/323 350/310/324 358/311/325
f 359/312/326 84/313/327 352/403/328 360/315/329
f 363/316/330 90/74/74 205/400/331 361/318/332
f 363/316/330 25/112/113 159/319/333 364/320/334
f 365/321/335 26/322/336 163/323/337 366/324/338
f 367/325/339 27/326/340 166/327/341 368/328/342
f 371/329/343 94/330/344 195/397/345 370/332/346
f 373/333/347 95/334/348 109/335/349 372/336/350
f 375/337/351 96/338/352 105/339/353 374/340/354
f 362/341/355 89/342/356 100/343/357 376/344/358
s 1
f 98/3/3 2/6/6 99/5/5 97/4/4
s 3
f 99/5/359 96/338/352 100/343/357 97/4/360
f 100/343/357 89/342/356 101/1/361 97/4/360
s 1
f 103/7/7 3/10/10 104/9/9 102/8/362
s 3
f 104/9/363 95/334/348 105/339/353 102/8/364
f 105/339/353 96/338/352 99/5/359 102/8/364
s 1
f 107/11/11 4/98/365 108/97/366 106/12/12
s 3
f 108/97/367 94/330/344 109/335/349 106/12/368
f 109/335/349 95/334/348 104/9/363 106/12/368
f 111/15/15 6/18/18 112/17/17 110/16/16
f 112/17/17 10/30/30 113/27/27 110/16/16
f 113/27/27 9/26/26 114/13/13 110/16/16
f 116/19/19 7/22/22 117/21/21 115/20/20
f 117/21/21 11/34/34 118/31/31 115/20/20
f 118/31/31 10/30/30 112/17/17 115/20/20
f 120/23/23 8/102/102 121/101/101 119/24/24
f 121/101/101 12/233/245 122/35/35 119/24/24
f 122/35/35 11/34/34 117/21/21 119/24/24
f 113/27/27 10/30/30 124/29/29 123/28/28
f 124/29/29 14/290/369 125/39/39 123/28/28
f 125/39/39 13/38/38 126/25/25 123/28/28
f 118/31/31 11/34/34 128/33/33 127/32/32
f 128/33/33 15/477/46 129/476/370 127/32/32
f 129/476/370 14/290/369 124/29/29 127/32/32
f 122/35/35 12/233/245 131/246/258 130/36/36
f 131/246/258 16/245/257 132/47/47 130/36/36
f 132/47/47 15/477/46 128/33/33 130/36/36
f 125/39/39 14/290/369 134/408/312 133/474/40
f 134/409/312 18/54/54 135/51/51 133/40/40
f 135/51/51 17/50/50 136/37/37 133/40/40
f 138/43/43 86/345/371 139/346/372 137/473/44
f 139/404/372 87/347/373 140/348/374 137/44/44
f 140/348/374 88/349/375 141/41/41 137/44/44
f 132/47/47 16/245/257 143/242/254 142/472/48
f 143/428/254 20/241/253 144/59/59 142/48/48
f 144/59/59 19/58/58 145/412/45 142/48/48
f 135/51/51 18/54/54 147/53/53 146/52/52
f 147/53/53 22/66/66 148/63/63 146/52/52
f 148/63/63 21/62/62 149/49/49 146/52/52
f 151/470/55 19/58/58 152/57/57 150/56/56
f 152/57/57 23/70/70 153/67/67 150/56/56
f 153/67/67 22/66/66 147/53/53 150/56/56
f 144/59/59 20/241/253 155/238/250 154/60/60
f 155/238/250 24/237/249 156/71/71 154/60/60
f 156/71/71 23/70/70 152/57/57 154/60/60
f 148/63/63 22/66/66 158/65/65 157/64/64
f 158/65/65 26/322/336 159/319/333 157/64/64
f 159/319/333 25/112/113 160/61/61 157/64/64
f 153/67/67 23/70/70 162/69/69 161/68/68
f 162/69/69 27/326/340 163/323/337 161/68/68
f 163/323/337 26/322/336 158/65/65 161/68/68
f 156/71/71 24/237/249 165/350/376 164/72/72
f 165/350/376 28/351/377 166/327/341 164/72/72
f 166/327/341 27/326/340 162/69/69 164/72/72
f 168/75/75 91/78/78 169/77/77 167/76/76
s 1
f 169/77/378 30/90/90 170/120/379 167/76/380
f 170/120/379 29/109/381 171/73/382 167/76/380
s 3
f 173/79/79 92/82/82 174/81/81 172/80/80
s 1
f 174/81/383 31/129/384 175/91/91 172/80/385
f 175/91/91 30/90/90 169/77/378 172/80/386
s 3
f 177/83/83 93/352/387 178/353/388 176/84/84
s 1
f 178/353/389 32/133/390 179/130/391 176/84/392
f 179/130/391 31/129/384 174/81/383 176/84/392
s 10
f 181/87/87 50/354/393 182/355/394 180/88/88
f 182/355/394 51/215/395 183/212/222 180/88/88
f 183/212/222 52/211/221 184/85/85 180/88/88
s 1
f 175/91/91 31/129/384 186/138/146 185/469/92
f 186/458/146 3/10/10 103/7/7 185/92/92
f 103/7/7 2/6/6 187/89/89 185/92/92
s 12
f 189/95/95 54/356/396 190/357/397 188/96/96
f 190/357/397 55/229/398 191/226/238 188/96/96
f 191/226/238 56/225/237 192/93/93 188/96/96
s off
f 194/460/399 32/133/400 178/353/401 193/468/402
s 3
f 178/353/388 93/352/387 195/331/345 193/468/403
f 195/397/345 94/330/344 108/97/367 193/100/403
f 197/395/103 28/351/377 165/350/376 196/467/104
f 165/350/376 24/237/249 198/234/404 196/467/104
f 198/430/404 12/233/245 121/101/101 196/104/104
s 41
f 379/107/405 381/358/406 382/503/407 380/108/408
f 382/359/407 383/360/409 384/361/410 380/108/408
s 13
f 384/361/411 385/362/412 378/105/105 380/108/108
s off
f 204/462/413 1/2/414 101/1/415 203/466/416
s 3
f 101/1/361 89/342/356 205/317/331 203/466/417
f 205/400/331 90/74/74 171/73/73 203/111/417
f 207/398/114 5/14/14 114/13/13 206/465/115
f 114/13/13 9/26/26 208/249/418 206/465/115
f 208/426/418 21/62/62 160/61/61 206/114/115
s 42
f 388/117/419 390/363/420 391/364/421 389/118/422
f 391/364/421 392/365/423 393/366/424 389/118/422
s 14
f 393/366/425 394/367/426 386/115/116 389/118/119
s 15
f 170/120/122 30/90/427 214/122/428 213/121/123
f 214/122/428 34/145/429 215/142/430 213/121/123
f 215/142/430 33/141/431 216/119/120 213/121/123
s 1
f 187/89/89 2/6/6 218/124/126 217/463/432
f 218/124/126 35/149/433 219/146/434 217/463/432
f 219/454/435 34/145/436 214/122/124 217/123/125
f 98/3/127 1/2/437 221/126/438 220/125/128
f 221/126/438 36/153/439 222/150/440 220/125/128
f 222/150/440 35/149/441 218/124/126 220/125/128
s 43
f 204/110/442 29/109/443 216/119/444 223/461/445
f 216/119/444 33/141/446 224/154/447 223/461/445
s 17
f 224/447/448 36/153/449 221/126/129 223/127/132
s 18
f 179/130/135 32/133/450 226/132/451 225/131/136
f 226/132/451 38/161/452 227/158/453 225/131/136
f 227/158/453 37/157/454 228/128/133 225/131/136
s 44
f 194/99/455 4/98/456 230/135/457 229/459/458
f 230/135/457 39/165/459 231/162/460 229/459/458
s 19
f 231/441/461 38/161/462 226/132/137 229/134/140
s 1
f 107/11/143 3/10/10 233/137/145 232/136/144
f 233/137/145 40/169/463 234/166/464 232/136/144
f 234/166/464 39/165/465 230/135/141 232/136/144
f 186/138/146 31/129/384 228/128/466 235/457/467
f 228/128/466 37/157/468 236/170/469 235/457/467
f 236/434/470 40/169/471 233/137/145 235/139/147
s 21
f 215/142/150 34/145/153 238/144/152 237/143/151
f 238/144/152 42/456/472 239/455/473 237/143/151
f 239/455/473 41/173/474 240/140/148 237/143/151
f 219/146/154 35/149/157 242/148/156 241/453/155
f 242/148/156 43/205/475 243/451/476 241/453/155
f 243/452/476 42/456/472 238/144/152 241/147/155
f 222/150/158 36/153/161 245/152/160 244/151/159
f 245/152/160 44/185/477 246/449/478 244/151/159
f 246/449/478 43/205/475 242/148/156 244/151/159
f 224/154/162 33/141/149 240/140/148 247/446/163
f 240/140/148 41/173/474 248/444/479 247/446/163
f 248/445/479 44/185/477 245/152/160 247/155/163
s 22
f 227/158/166 38/161/169 250/160/168 249/159/167
f 250/160/168 46/443/480 251/442/481 249/159/167
f 251/442/481 45/189/482 252/156/164 249/159/167
f 231/162/170 39/165/173 254/164/172 253/440/171
f 254/164/172 47/219/483 255/438/484 253/440/171
f 255/439/484 46/443/480 250/160/168 253/163/171
f 234/166/174 40/169/177 257/168/176 256/167/175
f 257/168/176 48/201/485 258/436/486 256/167/175
f 258/436/486 47/219/483 254/164/172 256/167/175
f 236/170/178 37/157/165 252/156/164 259/433/179
f 252/156/164 45/189/482 260/431/487 259/433/179
f 260/432/487 48/201/485 257/168/176 259/171/179
s 23
f 239/174/182 42/177/488 262/176/489 261/528/183
s 45
f 262/526/490 50/354/491 181/87/492 261/175/493
f 181/87/492 49/86/494 263/172/495 261/175/493
s off
f 243/178/496 43/450/497 265/216/498 264/527/499
s 28
f 265/513/226 51/215/225 182/355/500 264/179/501
s off
f 182/355/502 50/354/503 262/526/504 264/179/505
s 24
f 267/182/190 57/368/506 268/369/507 266/525/191
s 46
f 268/514/508 59/370/509 269/371/510 266/183/511
f 269/371/510 60/372/512 270/180/513 266/183/511
s off
f 248/186/514 41/479/515 263/524/516 271/523/517
f 263/172/518 49/86/519 184/85/520 271/187/521
s 47
f 184/85/522 52/211/523 272/184/524 271/187/525
s 25
f 251/190/198 46/193/526 274/192/527 273/522/199
s 48
f 274/520/528 54/356/529 189/95/530 273/191/531
f 189/95/530 53/94/532 275/188/533 273/191/531
s off
f 255/194/534 47/437/535 277/230/536 276/521/537
s 30
f 277/507/242 55/229/241 190/357/538 276/195/539
s off
f 190/357/540 54/356/541 274/520/542 276/195/543
s 26
f 279/198/206 61/373/544 280/374/545 278/519/207
s 49
f 280/508/546 63/375/547 281/376/548 278/199/549
f 281/376/548 64/377/550 282/196/551 278/199/549
s off
f 260/202/552 45/478/553 275/518/554 283/517/555
f 275/188/556 53/94/557 192/93/558 283/203/559
s 50
f 192/93/560 56/225/561 284/200/562 283/203/563
s 27
f 246/206/214 44/448/564 286/208/565 285/207/215
s 51
f 286/208/566 57/368/567 267/182/568 285/207/569
f 267/182/568 58/181/570 287/204/571 285/207/569
s 47
f 272/184/524 52/211/523 289/210/572 288/515/573
s off
f 289/210/574 59/370/575 268/514/576 288/515/577
f 268/369/578 57/368/579 286/208/580 288/209/581
s 10
f 183/212/222 51/215/395 291/214/582 290/213/223
s 52
f 291/214/583 60/372/584 269/371/585 290/213/586
f 269/371/585 59/370/587 289/210/588 290/213/586
s off
f 265/216/589 43/450/590 287/204/591 292/512/592
f 287/204/593 58/181/594 270/511/595 292/512/596
f 270/180/597 60/372/598 291/214/599 292/217/600
s 29
f 258/220/230 48/435/601 294/222/602 293/221/231
s 53
f 294/222/603 61/373/604 279/198/605 293/221/606
f 279/198/605 62/197/607 295/218/608 293/221/606
s 50
f 284/200/562 56/225/561 297/224/609 296/509/610
s off
f 297/224/611 63/375/612 280/508/613 296/509/614
f 280/374/615 61/373/616 294/222/617 296/223/618
s 12
f 191/226/238 55/229/398 299/228/619 298/227/239
s 54
f 299/228/620 64/377/621 281/376/622 298/227/623
f 281/376/622 63/375/624 297/224/625 298/227/623
s off
f 277/230/626 47/437/627 295/218/628 300/506/629
f 295/218/630 62/197/631 282/505/632 300/506/633
f 282/196/634 64/377/635 299/228/636 300/231/637
s 3
f 198/234/246 24/237/249 302/236/248 301/429/247
f 302/236/248 65/262/274 303/259/271 301/429/247
f 303/422/271 66/258/270 304/232/244 301/235/247
f 155/238/250 20/241/253 306/240/252 305/239/251
f 306/240/252 67/266/278 307/263/275 305/239/251
f 307/263/275 65/262/274 302/236/248 305/239/251
f 143/242/254 16/245/257 309/244/256 308/427/255
f 309/244/256 68/270/282 310/267/279 308/427/255
f 310/420/279 67/266/278 306/240/252 308/243/255
f 131/246/258 12/233/245 304/232/244 311/247/259
f 304/232/244 66/258/270 312/271/283 311/247/259
f 312/271/283 68/270/282 309/244/256 311/247/259
f 208/249/261 9/26/26 314/251/263 313/425/262
f 314/251/263 70/278/290 315/275/287 313/425/262
f 315/418/287 69/274/286 316/248/260 313/250/262
f 126/25/25 13/38/38 318/253/265 317/252/264
f 318/253/265 71/282/294 319/279/291 317/252/264
f 319/279/291 70/278/290 314/251/263 317/252/264
f 136/37/37 17/50/50 321/255/267 320/423/266
f 321/255/267 72/286/298 322/283/295 320/423/266
f 322/416/295 71/282/294 318/253/265 320/254/266
f 149/49/49 21/62/62 316/248/260 323/256/268
f 316/248/260 69/274/286 324/287/299 323/256/268
f 324/287/299 72/286/298 321/255/267 323/256/268
f 303/259/271 65/262/274 326/261/273 325/421/272
f 326/261/273 73/497/638 199/498/639 325/421/272
f 199/499/639 74/500/640 327/257/269 325/260/272
f 307/263/275 67/266/278 329/265/277 328/264/276
f 329/265/277 75/495/641 200/496/642 328/264/276
f 200/496/642 73/497/638 326/261/273 328/264/276
f 310/267/279 68/270/282 331/269/281 330/419/280
f 331/269/281 76/492/643 201/493/644 330/419/280
f 201/494/644 75/495/641 329/265/277 330/268/280
f 312/271/283 66/258/270 327/257/269 332/272/284
f 327/257/269 74/500/640 202/491/645 332/272/284
f 202/491/645 76/492/643 331/269/281 332/272/284
f 315/275/287 70/278/290 334/277/289 333/417/288
f 334/277/289 78/490/646 209/488/647 333/417/288
f 209/489/647 77/482/648 335/273/285 333/276/288
f 319/279/291 71/282/294 337/281/293 336/280/292
f 337/281/293 79/487/649 210/486/650 336/280/292
f 210/486/650 78/490/646 334/277/289 336/280/292
f 322/283/295 72/286/298 339/285/297 338/415/296
f 339/285/297 80/485/651 211/483/652 338/415/296
f 211/484/652 79/487/649 337/281/293 338/284/296
f 324/287/299 69/274/286 335/273/285 340/288/300
f 335/273/285 77/482/648 212/481/653 340/288/300
f 212/481/653 80/485/651 339/285/297 340/288/300
s off
f 129/291/654 15/46/655 342/293/656 341/292/657
s 3
f 342/293/658 82/305/319 343/302/316 341/292/659
f 343/302/316 81/301/315 344/289/660 341/292/659
f 145/45/45 19/471/58 346/295/308 345/411/307
f 346/295/308 83/309/323 347/306/320 345/411/661
f 347/406/320 82/305/319 342/293/658 345/294/661
f 151/55/309 18/475/54 349/297/311 348/296/310
f 349/297/311 84/313/327 350/310/324 348/296/310
f 350/310/324 83/309/323 346/295/308 348/296/310
f 134/298/312 14/480/662 344/289/663 351/407/313
f 344/289/660 81/301/315 352/314/328 351/407/664
f 352/403/328 84/313/327 349/297/311 351/299/664
f 343/302/316 82/305/319 354/304/318 353/303/317
f 354/304/318 86/345/371 138/43/43 353/303/317
f 138/43/43 85/42/42 355/300/314 353/303/317
f 347/306/320 83/309/323 357/308/322 356/405/321
f 357/308/322 87/347/373 139/404/372 356/405/321
f 139/346/372 86/345/371 354/304/318 356/307/321
f 350/310/324 84/313/327 359/312/326 358/311/325
f 359/312/326 88/349/375 140/348/374 358/311/325
f 140/348/374 87/347/373 357/308/322 358/311/325
f 352/314/328 81/301/315 355/300/314 360/402/329
f 355/300/314 85/42/42 141/401/41 360/402/329
f 141/41/41 88/349/375 359/312/326 360/315/329
f 205/317/331 89/342/356 362/341/355 361/399/332
f 362/341/355 5/14/14 207/398/114 361/399/332
f 207/113/114 25/112/113 363/316/330 361/318/332
f 159/319/333 26/322/336 365/321/335 364/320/334
f 365/321/335 91/78/78 168/75/75 364/320/334
f 168/75/75 90/74/74 363/316/330 364/320/334
f 163/323/337 27/326/340 367/325/339 366/324/338
f 367/325/339 92/82/82 173/79/79 366/324/338
f 173/79/79 91/78/78 365/321/335 366/324/338
f 166/327/341 28/351/377 369/394/665 368/328/342
f 369/394/665 93/352/387 177/83/83 368/328/342
f 177/83/83 92/82/82 367/325/339 368/328/342
f 195/331/345 93/352/387 369/394/665 370/396/346
f 369/394/665 28/351/377 197/395/103 370/396/346
f 197/103/103 8/102/102 371/329/343 370/332/346
f 109/335/349 94/330/344 371/329/343 372/336/350
f 371/329/343 8/102/102 120/23/23 372/336/350
f 120/23/23 7/22/22 373/333/347 372/336/350
f 105/339/353 95/334/348 373/333/347 374/340/354
f 373/333/347 7/22/22 116/19/19 374/340/354
f 116/19/19 6/18/18 375/337/351 374/340/354
f 100/343/357 96/338/352 375/337/351 376/344/358
f 375/337/351 6/18/18 111/15/15 376/344/358
f 111/15/15 5/14/14 362/341/355 376/344/358
s 55
f 202/385/666 74/380/667 377/106/668 378/105/669
s off
f 74/380/670 199/379/671 379/107/672 377/106/673
f 199/379/674 73/378/675 381/358/676 379/107/677
s 56
f 73/378/678 200/504/679 382/503/680 381/358/681
f 200/382/679 75/381/682 383/360/683 382/359/680
s off
f 75/381/684 201/384/685 384/361/686 383/360/687
f 201/384/688 76/383/689 385/362/690 384/361/691
s 55
f 76/383/692 202/385/666 378/105/669 385/362/693
s 57
f 212/393/694 77/388/695 387/116/696 386/501/697
s off
f 77/388/698 209/387/699 388/117/700 387/116/701
f 209/387/702 78/386/703 390/363/704 388/117/705
s 58
f 78/386/706 210/390/707 391/364/708 390/363/709
f 210/390/707 79/389/710 392/365/711 391/364/708
s off
f 79/389/712 211/392/713 393/366/714 392/365/715
f 211/392/716 80/391/717 394/367/718 393/366/719
s 57
f 80/391/720 212/502/694 386/115/697 394/367/721
