# This file uses centimeters as units for non-parametric coordinates.

mtllib my_animation.0048.mtl
g default
v -19.226606 64.706245 -0.579773
v -5.591431 64.825340 0.416487
v 6.407269 65.094337 -0.465449
v 20.264891 65.094673 -3.604948
v -18.317944 87.160957 5.567709
v -6.357520 80.587494 12.456816
v 11.794993 80.157341 11.023792
v 22.968899 86.098160 2.353502
v -12.124605 111.248245 19.810358
v -4.472364 103.446259 25.598866
v 10.736116 103.192398 25.568390
v 19.949322 111.103821 19.832474
v -17.223652 117.035347 26.372646
v -2.262940 123.253326 29.766521
v 9.190158 123.057495 29.740370
v 25.285458 117.412552 25.113123
v -19.668898 121.321938 16.727743
v -4.045154 130.121140 19.912111
v 11.169736 129.874741 19.894478
v 25.451283 122.469017 15.066659
v -13.107847 115.606323 12.931514
v -4.288845 116.953667 6.087572
v 10.920178 116.698601 6.049554
v 19.290953 115.897865 12.969533
v -18.932158 95.254547 -4.449043
v -6.059956 97.148460 -8.643266
v 9.069244 96.847511 -9.771932
v 22.349882 94.362572 -7.900844
v -17.247511 61.252937 -12.197942
v -4.318121 58.994610 -9.372093
v 4.994114 57.702522 -9.052819
v 17.616415 59.997143 -14.361809
v -15.121539 32.304020 6.009043
v -7.733314 32.956673 7.671219
v -10.873564 36.844952 18.412996
v -18.273451 35.948868 16.759481
v 14.535171 35.179306 11.810493
v 22.007830 34.898689 9.535504
v 25.283144 41.678268 19.244196
v 17.811373 41.924038 21.514029
v -10.997426 6.685521 -11.005147
v -4.340739 6.371701 -7.826906
v -9.276830 4.925246 1.461386
v -15.719798 4.998082 -2.067502
v 12.223673 6.321001 1.685095
v 19.281460 6.422654 -0.960067
v 23.100811 5.447351 9.154938
v 16.046097 5.438967 11.809393
v -10.786897 0.549232 -12.539984
v -3.076075 0.445548 -8.254631
v -9.221402 -0.367535 5.551250
v -19.389309 -0.419001 -0.396860
v 11.192151 0.480915 1.036031
v 19.641653 0.512838 -2.140533
v 26.293917 0.042721 11.577984
v 15.253976 0.081748 15.734120
v -25.853121 6.165532 12.791449
v -17.868296 6.227515 17.539148
v -26.139221 2.663900 13.321820
v -18.153336 2.726141 18.067730
v 21.549665 6.973732 28.842178
v 30.233070 6.983214 25.540207
v 21.771570 3.494591 29.469337
v 30.462437 3.513748 26.187048
v 25.958618 95.439796 4.060385
v 26.710888 92.766884 14.851312
v 35.621090 100.026955 4.452967
v 36.408134 97.261795 15.216480
v -20.127705 93.114929 9.171463
v -16.355402 90.864372 19.423597
v -25.663141 94.073830 23.568346
v -29.484224 96.190002 13.310258
v 38.801689 70.285240 1.012065
v 39.149620 68.702629 10.649010
v 42.150166 72.011963 1.174697
v 42.498203 70.429359 10.811891
v -30.017418 67.009361 9.152333
v -26.637718 65.190773 18.139643
v -29.875759 66.444061 19.610918
v -33.255455 68.262650 10.623609
v -4.363674 130.368103 37.638519
v 11.334242 129.859406 37.839882
v 14.798951 138.707794 24.124695
v -6.869907 139.439194 23.828730
v -3.663537 146.862259 49.758953
v 11.184572 146.299805 50.077316
v 11.595793 159.404327 37.843819
v -2.558641 159.940506 37.540329
v -18.604656 71.648857 -0.302630
v -18.839176 72.146736 -12.625332
v -6.155045 72.346870 -15.869473
v 5.358813 71.416100 -17.156052
v 18.554888 70.372192 -16.390865
v 20.174767 70.084053 -4.018043
v 8.647913 69.586388 1.857354
v -6.151583 70.370949 3.457581
v -13.524106 68.365807 1.320300
v -13.749383 65.380486 1.693415
v -6.324687 67.516144 1.937750
v -13.350518 71.289345 2.471283
v -19.093102 68.143852 -1.301744
v 0.813332 66.893417 1.433594
v 0.496015 64.538712 1.402690
v 7.790254 66.948128 0.181864
v 1.360440 69.543526 2.866970
v 14.634234 67.764870 -1.626399
v 14.835229 65.697174 -0.955866
v 19.989466 67.473984 -4.770072
v 15.326405 69.981133 -0.465232
v -12.816411 94.763336 16.291609
v -13.824574 83.647438 9.446201
v -6.339280 91.957710 19.236452
v -10.974308 105.933899 22.670721
v -16.793394 97.671181 12.673559
v 3.049484 90.598747 18.427124
v 2.757686 79.834824 12.413946
v 12.491966 91.595062 18.563166
v 3.149563 104.017120 24.559263
v 18.707495 94.130501 15.118557
v 18.836006 82.870857 6.850657
v 22.723158 96.832870 11.236982
v 17.754286 105.537910 22.498791
v -9.668580 114.587433 27.781521
v -3.330556 115.479286 29.989038
v -11.090921 122.395538 30.133404
v -14.475161 112.791145 24.395473
v 3.322567 114.718170 29.667156
v 9.998019 115.261269 29.967690
v 3.477391 124.321350 32.242447
v 16.824242 114.367966 27.677830
v 23.048790 112.998474 23.884125
v 18.282200 122.070541 29.781509
v -11.800095 127.440178 25.933016
v -3.111562 128.725266 26.276644
v -13.500174 129.174759 19.240553
v -18.737896 119.678017 21.955881
v 3.946465 152.394409 51.516357
v 3.744031 146.331848 50.246887
v 12.596278 152.776947 47.050327
v 4.607973 161.379501 36.538570
v -5.389428 153.447464 46.678902
v 18.935211 127.128685 25.444893
v 25.854380 120.420204 20.320610
v 20.100687 129.108200 18.569117
v 10.217499 128.481216 26.252628
v -11.548044 124.488884 13.293089
v -4.134700 126.791733 13.655001
v -11.257815 116.581955 7.392151
v -17.127214 118.494217 12.738781
v 3.492342 126.667122 13.639868
v 3.648545 132.857147 20.323547
v 11.077167 126.544678 13.627351
v 3.308445 116.834000 6.073404
v 17.780258 124.365784 13.056125
v 22.312624 119.489311 12.093371
v 17.698252 116.252312 7.298340
v -12.267592 106.727455 0.174841
v -4.827040 106.801994 -1.041679
v -13.649623 97.095108 -7.378244
v -16.969116 104.736160 3.029391
v 2.785319 106.646126 -1.249693
v 10.325876 106.558784 -1.513291
v 1.517868 96.709389 -9.502208
v 17.563456 106.173225 -0.867384
v 22.456219 104.095589 1.395481
v 16.655386 96.362694 -9.795095
v -12.503373 66.785507 -15.335462
v -13.306504 72.224998 -15.413603
v -5.634875 67.355537 -15.481176
v -11.492364 61.421364 -14.035204
v -18.121311 66.544312 -13.112526
v -0.393287 67.084145 -15.607751
v -0.396258 72.317902 -16.343657
v 4.841727 66.086456 -16.444941
v -0.172235 61.955631 -13.726297
v 11.804447 65.052383 -17.420008
v 12.538519 70.689217 -17.982622
v 17.842518 64.947586 -16.248465
v 11.476361 59.508747 -15.097966
v -9.921229 -0.209002 -5.035201
v -5.744879 0.724745 -12.610833
v -4.780294 -0.099495 -2.198761
v -14.317077 -0.442206 2.594266
v -15.033196 -0.024168 -7.990661
v 0.605037 63.246567 1.706969
v 8.273604 52.890060 2.793120
v -5.122135 52.317467 1.072305
v 17.683064 -0.008855 5.418979
v 14.603169 0.617747 -2.773882
v 23.186747 0.122059 3.286056
v 20.780373 0.020845 13.675903
v 12.147484 0.103216 7.443202
v 20.290134 66.024940 -11.060517
v 20.197521 62.323509 -9.575752
v 20.871151 70.176521 -10.761767
v 24.316851 99.987488 5.503018
v 24.651758 90.396645 -3.213428
v 19.210236 112.296509 15.851947
v 38.294483 69.118233 5.930847
v 40.129066 71.141685 0.137731
v 42.389259 71.229813 6.129726
v 40.554607 69.206345 11.922676
v -20.059816 67.084984 -7.665067
v -19.546066 62.628548 -6.876783
v -20.388899 71.906441 -6.800900
v -18.703997 100.730263 7.168095
v -20.800920 91.490875 0.458358
v -12.002270 112.296463 15.396289
v -27.617327 65.818092 13.469049
v -27.530710 65.472450 19.863836
v -31.577053 67.350716 15.268241
v -31.663670 67.696358 8.873454
v -10.664403 46.155945 -4.779563
v -6.967695 46.747498 -1.615002
v -10.948370 32.354435 5.841734
v -15.850899 45.537716 -3.209499
v -6.693000 49.692753 4.197244
v -9.945246 52.015217 9.588502
v -8.008391 35.034599 13.775210
v -14.665354 53.235485 10.180894
v -18.910500 50.936764 7.933182
v -15.031904 37.336658 19.793255
v -18.631174 48.176044 2.058885
v -17.884323 34.015865 11.532255
v 14.300060 46.184566 -2.871764
v 19.735231 46.478260 -2.116211
v 17.830017 34.449451 9.871460
v 10.687173 46.863239 0.572552
v 22.443686 50.474503 2.280109
v 22.896551 54.400021 7.607551
v 24.758017 38.409657 14.459282
v 18.436512 56.536758 9.871163
v 13.861386 54.824802 10.309608
v 21.986586 43.115959 22.198927
v 10.628645 51.018818 5.863112
v 14.983586 38.740761 17.384007
v -9.005102 23.761503 -2.807496
v -5.772558 22.817301 0.315655
v -6.785977 6.941316 -11.234346
v -13.650402 23.302835 -2.002110
v -6.186397 19.687727 5.905159
v -9.448832 17.087961 10.858281
v -5.464343 5.406657 -2.941521
v -13.896182 15.999259 11.319023
v -17.292015 17.463909 8.636473
v -14.063001 4.985872 2.256329
v -16.711599 20.267750 2.926644
v -14.224965 5.625195 -7.311167
v 16.007950 24.030762 3.532624
v 20.725761 23.985119 3.966588
v 15.084089 6.601118 -1.454740
v 12.831813 23.720814 6.888809
v 24.086536 22.187897 9.316769
v 25.160398 20.682680 15.579432
v 22.194506 5.772951 3.418273
v 21.801645 19.757044 18.697775
v 17.257681 20.523018 18.474827
v 20.603489 5.506397 13.166410
v 13.763774 21.908079 13.134553
v 12.973275 5.693853 6.878098
v -5.866030 3.775651 -12.536056
v -3.133829 3.420167 -8.265116
v -10.904119 3.578533 -12.427749
v -4.736486 2.722223 -2.276357
v -9.117037 2.443010 5.373508
v -22.952667 6.287323 17.001583
v -21.781778 7.157472 15.019050
v -28.023142 6.245227 13.988480
v -22.224554 1.738260 15.839866
v -17.882195 6.329417 20.014687
v -15.046775 2.855874 -7.931278
v -19.291479 2.398340 -0.555234
v 14.605247 3.612723 -2.760461
v 19.639217 3.471401 -2.142140
v 11.188904 3.419931 1.032118
v 23.157930 3.002222 3.202809
v 26.203003 2.848727 11.320045
v 26.642540 7.121764 29.182266
v 25.831583 7.923888 27.022133
v 21.126871 7.122414 31.272316
v 26.179182 2.546634 28.003735
v 32.155735 7.136954 27.085489
v 12.116636 2.956831 7.352592
v 15.163781 2.885653 15.476532
v -17.956190 5.832055 8.621365
v -22.443506 5.817123 5.955424
v -13.481999 5.872727 11.290436
v -23.209620 3.155401 5.939142
v -23.396772 0.375321 6.292717
v -18.316683 0.401831 9.296284
v -13.244439 0.445737 12.303183
v -13.060497 3.220038 11.960106
v 23.206308 6.463294 20.073242
v 18.341311 6.481815 21.942957
v 28.071325 6.451757 18.203911
v 17.836285 3.835856 22.576963
v 17.983086 1.065222 22.995054
v 23.505713 1.048189 20.924089
v 29.028206 1.038291 18.854197
v 28.867069 3.800985 18.396980
v 22.111589 103.580780 13.224676
v 22.745958 105.717834 9.024318
v 24.906578 93.329765 9.377955
v 23.945724 102.489517 17.546661
v 26.379047 107.646149 8.262004
v 30.914099 109.187042 9.486219
v 30.285730 97.936852 3.057954
v 32.053764 107.925323 13.877682
v 31.970062 106.009964 18.106276
v 36.756039 98.841042 9.821089
v 27.796453 103.774689 18.746977
v 31.237804 94.583138 16.228809
v -14.598656 102.521164 15.150116
v -14.354552 101.874298 19.886297
v -16.845482 91.469032 13.668051
v -17.335871 103.927193 11.466763
v -17.797390 102.862190 22.440758
v -22.363882 104.617668 23.446835
v -20.198408 92.145340 22.475609
v -24.397665 105.972267 19.523212
v -25.227468 106.621986 15.027136
v -28.253122 95.312340 18.729898
v -21.330492 105.335548 12.150145
v -24.835815 94.832176 9.936070
v 28.302580 84.409286 8.319014
v 29.616140 86.098099 3.275824
v 30.042112 84.372452 13.339512
v 33.306126 88.237869 2.365396
v 38.283386 90.555023 3.639950
v 38.912849 89.856293 8.784992
v 38.728203 88.828491 13.743304
v 33.849476 86.104546 14.694844
v -19.319523 82.253899 13.207379
v -19.091286 81.893845 18.495945
v -22.565310 83.802689 9.134136
v -22.310596 83.071945 21.249786
v -27.477898 85.118462 22.295763
v -29.558954 86.176064 17.835419
v -30.933151 86.985458 12.907052
v -26.543388 85.395264 9.786570
v 3.393908 122.653236 37.072037
v 9.823669 128.340790 31.024805
v 3.405769 128.321716 40.081902
v -2.710039 128.629868 31.007692
v 12.369800 130.258636 27.832521
v 9.919142 133.235703 23.308241
v 15.813044 134.197983 31.009792
v 3.771675 135.911743 20.982782
v -2.566496 133.519241 23.293541
v 3.979565 139.584167 23.289417
v -5.158411 130.664230 27.799517
v -8.375057 134.982544 30.706024
v 3.496681 138.235367 47.734436
v 14.382202 140.810333 46.737774
v -7.121234 141.624893 46.276707
v 16.330515 146.972198 39.547005
v 15.008020 151.680161 32.088478
v 4.440430 153.266891 30.020014
v -6.295711 152.487152 31.631693
v -8.288451 147.904770 39.019135
v -20.660961 82.743568 -3.961785
v -18.129501 81.227905 2.494748
v -19.294188 84.004799 -10.000861
v -14.035001 84.574020 -13.373543
v -6.653599 84.128365 -14.561393
v 0.268732 84.615974 -15.158791
v 7.070753 83.711426 -15.968457
v 14.539600 83.260384 -16.311531
v 20.409447 82.102531 -14.253839
v 22.752808 80.642525 -8.437805
v 21.589106 79.200447 -1.624122
v 17.312201 79.065781 3.045511
v 11.458132 78.467949 5.804068
v 2.317997 79.543098 6.902245
v -6.961617 79.190369 7.527197
v -13.157106 80.396111 6.046114
v 45.369957 56.317932 8.869463
v 46.949356 56.892986 10.253239
v 44.769218 56.937069 3.768731
v 46.765041 57.966255 3.865666
v 44.992542 58.034096 -1.581015
v 46.487827 58.991638 -2.526420
v 48.761070 59.977428 -1.397982
v 49.022816 59.130547 3.975324
v 49.138481 58.261269 9.052496
v -37.067516 54.855873 7.836293
v -35.228291 54.089977 8.114148
v -32.941563 52.920456 12.938694
v -34.826656 53.650085 13.795233
v -31.563377 52.117920 17.859898
v -32.585785 52.444298 19.754162
v -35.207623 53.528439 19.515747
v -37.054874 54.512527 14.807673
v -38.872528 55.500488 9.769990
vt 0.208431 0.494797
vt 0.208575 0.478116
vt 0.229443 0.475893
vt 0.229271 0.493426
vt 0.252729 0.492198
vt 0.256170 0.471571
vt 0.275357 0.475888
vt 0.275429 0.493819
vt 0.298111 0.492176
vt 0.294163 0.471736
vt 0.321331 0.475953
vt 0.321541 0.493432
vt 0.198757 0.641525
vt 0.200055 0.589825
vt 0.221664 0.590600
vt 0.219751 0.640956
vt 0.244967 0.639373
vt 0.247968 0.591507
vt 0.275466 0.591669
vt 0.275481 0.635804
vt 0.305994 0.639365
vt 0.302966 0.591494
vt 0.329276 0.590573
vt 0.331197 0.640955
vt 0.199789 0.728809
vt 0.197393 0.704590
vt 0.219517 0.692482
vt 0.227784 0.730211
vt 0.252859 0.733034
vt 0.249003 0.687406
vt 0.275511 0.688085
vt 0.275516 0.730408
vt 0.298175 0.733010
vt 0.302021 0.687396
vt 0.331536 0.692451
vt 0.323246 0.730162
vt 0.805511 0.686057
vt 0.204711 0.752714
vt 0.229559 0.760254
vt 0.782889 0.696424
vt 0.784986 0.875584
vt 0.254181 0.941082
vt 0.275435 0.940431
vt 0.742298 0.896742
vt 0.699334 0.736241
vt 0.297037 0.807427
vt 0.321459 0.760204
vt 0.696358 0.696343
vt 0.808954 0.641287
vt 0.805193 0.664541
vt 0.784300 0.671779
vt 0.785729 0.644267
vt 0.763331 0.647822
vt 0.762442 0.673765
vt 0.742276 0.741120
vt 0.739609 0.647377
vt 0.715889 0.647774
vt 0.716786 0.673709
vt 0.694936 0.671695
vt 0.693494 0.644181
vt 0.806875 0.557726
vt 0.810121 0.617205
vt 0.790367 0.607046
vt 0.787575 0.557696
vt 0.763367 0.556090
vt 0.764746 0.603486
vt 0.739627 0.603152
vt 0.739688 0.556093
vt 0.716014 0.556064
vt 0.714496 0.603455
vt 0.688836 0.606971
vt 0.691820 0.557642
vt 0.803405 0.420481
vt 0.802841 0.435733
vt 0.782960 0.432290
vt 0.783371 0.416064
vt 0.759505 0.410786
vt 0.759570 0.428509
vt 0.739756 0.426992
vt 0.739743 0.409699
vt 0.720007 0.410786
vt 0.719946 0.428500
vt 0.696571 0.432245
vt 0.696182 0.416016
vt 0.819305 0.093413
vt 0.797386 0.086157
vt 0.790779 0.072322
vt 0.822344 0.073237
vt 0.265809 0.416173
vt 0.762697 0.377789
vt 0.739788 0.389948
vt 0.275377 0.462947
vt 0.364323 0.097210
vt 0.342669 0.089884
vt 0.336664 0.075169
vt 0.367299 0.076188
vt 0.342559 0.494848
vt 0.342402 0.478170
vt 0.366070 0.480227
vt 0.366198 0.495669
vt 0.352247 0.641476
vt 0.350872 0.589816
vt 0.374237 0.588973
vt 0.374011 0.638442
vt 0.936729 0.462892
vt 0.940585 0.464321
vt 0.946953 0.476690
vt 0.936605 0.482861
vt 0.804780 0.405462
vt 0.824266 0.410023
vt 0.823186 0.423812
vt 0.805355 0.509178
vt 0.825584 0.509339
vt 0.825621 0.554997
vt 0.118742 0.522844
vt 0.058006 0.517789
vt 0.074507 0.510871
vt 0.084702 0.516921
vt 0.822269 0.350445
vt 0.784755 0.399833
vt 0.805305 0.347137
vt 0.793942 0.336256
vt 0.777469 0.322538
vt 0.236211 0.409364
vt 0.220899 0.415267
vt 0.203041 0.415110
vt 0.182178 0.419746
vt 0.685950 0.336155
vt 0.717407 0.377787
vt 0.694840 0.399772
vt 0.674409 0.347030
vt 0.657366 0.350391
vt 0.674734 0.405426
vt 0.637625 0.358046
vt 0.347747 0.415166
vt 0.329799 0.415381
vt 0.314324 0.409429
vt 0.706215 0.336018
vt 0.292514 0.404556
vt 0.870618 0.237836
vt 0.844433 0.293934
vt 0.832214 0.287148
vt 0.858351 0.228645
vt 0.844944 0.223065
vt 0.821107 0.280742
vt 0.243727 0.342391
vt 0.826584 0.212775
vt 0.214622 0.282882
vt 0.224361 0.346790
vt 0.210147 0.349538
vt 0.199596 0.284960
vt 0.184434 0.288656
vt 0.194986 0.352422
vt 0.864110 0.304875
vt 0.163133 0.290367
vt 0.634803 0.222910
vt 0.658751 0.280554
vt 0.647480 0.287052
vt 0.621343 0.228556
vt 0.609012 0.237734
vt 0.635143 0.293889
vt 0.375465 0.356065
vt 0.590820 0.249121
vt 0.366326 0.288752
vt 0.355651 0.352469
vt 0.340563 0.349608
vt 0.351134 0.285011
vt 0.336042 0.282967
vt 0.326383 0.346874
vt 0.678330 0.268182
vt 0.315081 0.275917
vt 0.789900 0.091626
vt 0.894734 0.181072
vt 0.223763 0.023658
vt 0.779683 0.072008
vt 0.205625 0.023651
vt 0.212375 0.030485
vt 0.208733 0.046428
vt 0.818124 0.043214
vt 0.919973 0.054113
vt 0.218394 0.124576
vt 0.231547 0.124829
vt 0.925982 0.076298
vt 0.853028 0.105343
vt 0.173602 0.224408
vt 0.245023 0.044913
vt 0.815784 0.102925
vt 0.335499 0.095534
vt 0.609223 0.166963
vt 0.147562 0.023794
vt 0.325939 0.074804
vt 0.129108 0.019171
vt 0.133886 0.026698
vt 0.125138 0.040618
vt 0.363323 0.044920
vt 0.461211 0.056389
vt 0.114656 0.083148
vt 0.128082 0.110700
vt 0.466974 0.079440
vt 0.396801 0.109583
vt 0.345740 0.218419
vt 0.158805 0.046562
vt 0.361009 0.107136
vt 0.212264 0.093809
vt 0.204982 0.218327
vt 0.226791 0.056935
vt 0.229179 0.093286
vt 0.246067 0.092223
vt 0.255137 0.092099
vt 0.884191 0.095549
vt 0.853655 0.095653
vt 0.854753 0.074189
vt 0.884265 0.075061
vt 0.885799 0.054616
vt 0.855335 0.052709
vt 0.203340 0.068369
vt 0.888472 0.044995
vt 0.116537 0.064410
vt 0.377147 0.224500
vt 0.136900 0.057215
vt 0.135301 0.068971
vt 0.159593 0.072808
vt 0.169578 0.075371
vt 0.426769 0.099419
vt 0.397393 0.099512
vt 0.398467 0.077209
vt 0.426850 0.078134
vt 0.428347 0.056895
vt 0.399054 0.054890
vt 0.111199 0.052142
vt 0.430928 0.046902
vt 0.398347 0.732496
vt 0.353774 0.704759
vt 0.655189 0.607952
vt 0.404645 0.715309
vt 0.625247 0.642548
vt 0.669008 0.617360
vt 0.670290 0.641156
vt 0.629866 0.657272
vt 0.633967 0.675274
vt 0.674058 0.664432
vt 0.345812 0.774768
vt 0.637449 0.692485
vt 0.387906 0.765553
vt 0.346295 0.752641
vt 0.351218 0.728717
vt 0.392980 0.747350
vt 0.854032 0.642643
vt 0.181252 0.694641
vt 0.859345 0.625630
vt 0.152631 0.732602
vt 0.157999 0.747449
vt 0.163074 0.765647
vt 0.167481 0.783084
vt 0.845329 0.675366
vt 0.849419 0.657366
vt 0.462802 0.754848
vt 0.433121 0.744888
vt 0.586158 0.633072
vt 0.469035 0.736153
vt 0.562716 0.661102
vt 0.591598 0.653084
vt 0.596668 0.669873
vt 0.567525 0.676181
vt 0.573571 0.695803
vt 0.602326 0.689166
vt 0.414557 0.801264
vt 0.575415 0.714705
vt 0.450039 0.789809
vt 0.420413 0.781867
vt 0.427222 0.762131
vt 0.457315 0.770152
vt 0.916571 0.661069
vt 0.887682 0.653104
vt 0.112049 0.724515
vt 0.922852 0.642462
vt 0.088177 0.754903
vt 0.117860 0.744959
vt 0.123753 0.762207
vt 0.093657 0.770210
vt 0.100926 0.789871
vt 0.130556 0.781946
vt 0.872833 0.708772
vt 0.104321 0.808576
vt 0.905760 0.695791
vt 0.876995 0.689207
vt 0.882631 0.669903
vt 0.911782 0.676158
vt 0.245118 0.820265
vt 0.256063 0.761423
vt 0.275458 0.816348
vt 0.275456 0.817082
vt 0.305796 0.819611
vt 0.322444 0.827635
vt 0.716707 0.746651
vt 0.742277 0.751635
vt 0.767846 0.746640
vt 0.232576 0.815700
vt 0.789238 0.746868
vt 0.242805 0.909093
vt 0.242913 0.847487
vt 0.275453 0.850080
vt 0.275444 0.899369
vt 0.308078 0.909112
vt 0.307992 0.847504
vt 0.685718 0.768892
vt 0.335635 0.923345
vt 0.710517 0.826756
vt 0.709025 0.772272
vt 0.742280 0.767854
vt 0.742288 0.823907
vt 0.774059 0.826743
vt 0.775535 0.772258
vt 0.216918 0.852154
vt 0.800161 0.835727
vt 0.803587 0.472219
vt 0.184266 0.511368
vt 0.823748 0.473030
vt 0.786007 0.508646
vt 0.783967 0.470951
vt 0.760849 0.468488
vt 0.762764 0.507838
vt 0.739729 0.507585
vt 0.739749 0.469813
vt 0.718652 0.468468
vt 0.716699 0.507812
vt 0.693463 0.508589
vt 0.695538 0.470900
vt 0.347089 0.550471
vt 0.343449 0.511536
vt 0.656251 0.437958
vt 0.370672 0.549455
vt 0.305626 0.550928
vt 0.300328 0.509969
vt 0.323635 0.511057
vt 0.326613 0.553291
vt 0.245263 0.550946
vt 0.250519 0.509979
vt 0.275426 0.509223
vt 0.275447 0.553833
vt 0.203857 0.550446
vt 0.207534 0.511493
vt 0.227207 0.511082
vt 0.224277 0.553331
vt 0.296688 0.941095
vt 0.317831 0.963343
vt 0.722395 0.859395
vt 0.742293 0.859091
vt 0.762190 0.859387
vt 0.672412 0.557619
vt 0.673996 0.509116
vt 0.676597 0.435714
vt 0.676064 0.420456
vt 0.798456 0.058765
vt 0.820876 0.052919
vt 0.343747 0.061021
vt 0.365907 0.055032
vt 0.963235 0.483911
vt 0.902883 0.489040
vt 0.909072 0.482168
vt 0.925033 0.475729
vt 0.931354 0.463643
vt 0.080884 0.498420
vt 0.084741 0.496992
vt 0.090126 0.497750
vt 0.096539 0.509638
vt 0.112499 0.516024
vt 0.245369 0.109349
vt 0.249130 0.116712
vt 0.914174 0.091435
vt 0.914507 0.075957
vt 0.915392 0.060496
vt 0.143488 0.116794
vt 0.145270 0.126440
vt 0.455609 0.095160
vt 0.455938 0.079081
vt 0.456800 0.063019
vt 0.982240 0.434188
vt 0.963585 0.427947
vt 0.946509 0.423110
vt 0.890921 0.433118
vt 0.882130 0.436526
vt 0.926679 0.423006
vt 0.909612 0.427375
vt 0.937930 0.422313
vt 0.075163 0.457134
vt 0.058225 0.461798
vt 0.039557 0.467684
vt 0.094859 0.456979
vt 0.083682 0.456346
vt 0.130564 0.466891
vt 0.111877 0.461251
vt 0.033116 0.470128
vt 0.675805 0.472192
vt 0.653419 0.509254
vt 0.655248 0.472962
vt 0.367019 0.511392
vt 0.176921 0.588998
vt 0.180547 0.549455
vt 0.822760 0.437993
vt 0.233028 0.963316
vt 0.215241 0.923308
vt 0.798841 0.768868
vt 0.699605 0.875602
vt 0.684417 0.835751
vt 0.333987 0.852188
vt 0.228471 0.827609
vt 0.254212 0.785439
vt 0.759269 0.697501
vt 0.785216 0.736222
vt 0.695315 0.746888
vt 0.719972 0.697428
vt 0.296799 0.785396
vt 0.318344 0.815723
vt 0.903939 0.714697
vt 0.136407 0.801345
vt 0.081951 0.736203
vt 0.893090 0.633076
vt 0.446638 0.808511
vt 0.606509 0.708725
vt 0.556410 0.642507
vt 0.438944 0.724452
vt 0.841861 0.692578
vt 0.205190 0.774839
vt 0.146366 0.715395
vt 0.823906 0.608060
vt 0.383498 0.782992
vt 0.673752 0.685953
vt 0.619881 0.625562
vt 0.369876 0.694574
vt 0.624476 0.158216
vt 0.327082 0.211968
vt 0.653476 0.212425
vt 0.306569 0.342322
vt 0.153133 0.050558
vt 0.361352 0.222428
vt 0.125968 0.045756
vt 0.396618 0.225899
vt 0.569871 0.190223
vt 0.388031 0.290471
vt 0.615162 0.304972
vt 0.596954 0.173816
vt 0.584932 0.180968
vt 0.909456 0.190131
vt 0.154402 0.225852
vt 0.888489 0.249012
vt 0.175675 0.355943
vt 0.241882 0.047343
vt 0.189385 0.222364
vt 0.213528 0.046751
vt 0.223402 0.212053
vt 0.855547 0.158550
vt 0.235225 0.276013
vt 0.801766 0.268578
vt 0.882733 0.173912
vt 0.870470 0.167071
vt 0.702590 0.322102
vt 0.284431 0.416033
vt 0.369025 0.419829
vt 0.654789 0.409992
vt 0.841623 0.358035
vt 0.185243 0.480200
vt 0.257695 0.404697
vt 0.773758 0.336466
vt 0.177136 0.638471
vt 0.185108 0.495641
vt 0.653403 0.554919
vt 0.655840 0.423782
vt 0.740026 0.329135
vt 0.739609 0.679991
vt 0.717946 0.727940
vt 0.321543 0.784229
vt 0.275425 0.981496
vt 0.229466 0.784279
vt 0.766602 0.727930
vt 0.275513 0.766895
vt 0.294962 0.761394
vt 0.158494 0.031032
vt 0.235614 0.029385
vt 0.253884 0.807420
vt 0.968218 0.693073
vt 0.970279 0.686813
vt 0.964692 0.720144
vt 0.041234 0.817480
vt 0.965692 0.701614
vt 0.035620 0.790589
vt 0.038855 0.799577
vt 0.026837 0.766821
vt 0.976742 0.669618
vt 0.033170 0.783659
vt 0.515345 0.790561
vt 0.512107 0.799546
vt 0.509721 0.817448
vt 0.514670 0.720260
vt 0.513647 0.701731
vt 0.511110 0.693195
vt 0.509040 0.686939
vt 0.502555 0.669755
vt 0.524137 0.766797
vt 0.517798 0.783632
vt 0.052820 0.522857
vt 0.139366 0.470253
vt 0.968347 0.489050
vt 0.988625 0.436785
vt 0.108883 0.091107
vt 0.106409 0.062482
vt 0.399209 0.044805
vt 0.459518 0.102060
vt 0.428604 0.109556
vt 0.167704 0.057128
vt 0.215342 0.132259
vt 0.203222 0.094543
vt 0.855471 0.043005
vt 0.918242 0.098075
vt 0.886101 0.105305
vt 0.255511 0.067846
vt 0.169019 0.047690
vt 0.166893 0.025823
vt 0.125973 0.120002
vt 0.337008 0.054912
vt 0.115292 0.038211
vt 0.149847 0.015689
vt 0.254586 0.043904
vt 0.241676 0.021944
vt 0.231922 0.132778
vt 0.791425 0.052872
vt 0.199112 0.046316
vt 0.223332 0.014444
vn -0.410735 0.175488 0.894707
vn -0.410735 0.175488 0.894707
vn -0.200514 -0.011979 0.979618
vn -0.189434 -0.021422 0.981660
vn -0.003022 -0.231367 0.972862
vn 0.203055 0.237051 0.950040
vn 0.040742 0.062686 0.997201
vn -0.055209 -0.297740 0.953049
vn 0.180221 -0.105026 0.978003
vn -0.078482 0.419223 0.904485
vn 0.322620 0.181064 0.929049
vn 0.326931 0.186936 0.926375
vn -0.889922 -0.045860 0.453802
vn -0.862227 -0.222638 0.454969
vn -0.603357 -0.454005 0.655622
vn -0.646068 -0.312003 0.696599
vn -0.235642 -0.455685 0.858384
vn -0.228927 -0.643501 0.730410
vn 0.026509 -0.698765 0.714860
vn 0.025288 -0.488613 0.872134
vn 0.293566 -0.489458 0.821127
vn 0.299858 -0.666057 0.682974
vn 0.658304 -0.506929 0.556470
vn 0.677648 -0.380775 0.629130
vn -0.004156 -0.400851 0.916134
vn -0.440425 -0.256124 0.860480
vn -0.629818 -0.280199 0.724443
vn -0.332054 -0.331861 0.882954
vn -0.124788 -0.267949 0.955317
vn -0.165598 -0.410388 0.896749
vn 0.003951 -0.429714 0.902956
vn -0.003146 -0.298949 0.954264
vn 0.130070 -0.270376 0.953928
vn 0.177775 -0.430636 0.884844
vn 0.622747 -0.349820 0.699866
vn 0.355323 -0.333396 0.873266
vn -0.838430 0.385987 0.384771
vn -0.632236 0.077187 0.770921
vn -0.360954 0.221589 0.905876
vn -0.443948 0.723061 0.529238
vn -0.617068 0.607461 0.500218
vn -0.528935 -0.074896 0.845351
vn -0.027587 -0.175882 0.984025
vn 0.004971 0.625566 0.780155
vn 0.504434 0.672218 0.541913
vn 0.144339 0.109760 0.983422
vn 0.387224 0.224009 0.894359
vn 0.461302 0.729439 0.505094
vn -0.490475 0.301105 -0.817784
vn -0.835531 0.503572 -0.219781
vn -0.500786 0.858004 -0.114207
vn -0.298789 0.631519 -0.715478
vn -0.090928 0.707411 -0.700929
vn -0.214702 0.907986 -0.359813
vn 0.012641 0.805441 -0.592542
vn 0.009811 0.693132 -0.720744
vn 0.088952 0.701293 -0.707301
vn 0.223114 0.909269 -0.351354
vn 0.465285 0.875798 -0.128404
vn 0.226736 0.631764 -0.741259
vn -0.860929 0.446531 -0.243742
vn -0.635798 0.303900 -0.709511
vn -0.416494 0.563125 -0.713738
vn -0.394617 0.605572 -0.691057
vn -0.078207 0.606665 -0.791101
vn -0.073527 0.593931 -0.801149
vn 0.002121 0.597537 -0.801839
vn -0.016836 0.612473 -0.790312
vn 0.042961 0.626507 -0.778231
vn 0.070510 0.600620 -0.796419
vn 0.421593 0.567635 -0.707142
vn 0.353976 0.619239 -0.700888
vn -0.699825 -0.040975 -0.713138
vn -0.762962 0.055723 -0.644037
vn -0.270310 0.085850 -0.958938
vn -0.211733 -0.038098 -0.976585
vn -0.048158 -0.078449 -0.995754
vn -0.084409 0.063873 -0.994382
vn -0.103855 0.048395 -0.993414
vn -0.118198 -0.119688 -0.985751
vn -0.150518 -0.109901 -0.982480
vn -0.107931 0.049385 -0.992931
vn 0.073821 0.050602 -0.995987
vn 0.023124 -0.096631 -0.995052
vn 0.012587 -0.997863 -0.064113
vn 0.028559 -0.994194 -0.103741
vn 0.042167 -0.994697 -0.093807
vn 0.026426 -0.998121 -0.055290
vn 0.942283 -0.258994 0.212188
vn 0.719142 -0.620729 -0.312298
vn -0.106952 -0.823851 -0.556625
vn -0.086189 -0.677261 0.730677
vn -0.022253 -0.999557 -0.019783
vn -0.035577 -0.997636 -0.058792
vn -0.021646 -0.997664 -0.064787
vn -0.009835 -0.999565 -0.027818
vn 0.999416 0.033333 0.007543
vn 0.999416 0.033333 0.007543
vn 0.999416 0.033333 0.007543
vn 0.999416 0.033333 0.007543
vn 0.921321 -0.143559 0.361330
vn 0.905874 -0.294906 0.304011
vn 0.994925 -0.011486 -0.099964
vn 0.991779 0.117900 0.049743
vn 0.458544 -0.874130 -0.160107
vn 0.458541 -0.874132 -0.160106
vn 0.458541 -0.874132 -0.160106
vn 0.458544 -0.874130 -0.160107
vn -0.924744 -0.189310 -0.330166
vn -0.924744 -0.189310 -0.330166
vn -0.924744 -0.189310 -0.330166
vn -0.924744 -0.189310 -0.330166
vn -0.792709 0.378368 -0.477965
vn -0.995971 0.060387 0.066296
vn -0.967103 0.178962 0.180791
vn -0.378254 -0.924615 -0.044852
vn -0.378254 -0.924615 -0.044852
vn -0.378254 -0.924615 -0.044852
vn -0.378254 -0.924614 -0.044852
vn -0.165627 -0.549122 -0.819166
vn -0.222962 -0.506502 -0.832913
vn 0.056775 -0.530618 -0.845708
vn 0.161565 -0.548705 -0.820256
vn 0.989562 -0.144091 0.002172
vn 0.992695 -0.120372 0.008172
vn 0.582799 0.380807 0.717866
vn -0.124812 0.548658 0.826678
vn -0.172610 0.524809 0.833536
vn -0.998659 -0.051058 -0.008619
vn -0.999306 -0.033354 0.016554
vn -0.999307 -0.033354 0.016554
vn -0.998809 -0.048532 -0.005023
vn -0.492703 -0.681233 -0.541447
vn -0.461084 -0.679066 -0.571201
vn -0.134657 -0.699277 -0.702053
vn -0.195026 -0.713997 -0.672439
vn 0.904697 -0.201665 -0.375305
vn 0.902499 -0.204720 -0.378928
vn 0.902499 -0.204720 -0.378928
vn 0.904951 -0.201310 -0.374884
vn 0.547959 0.659751 0.514266
vn 0.458009 0.720991 0.520001
vn 0.165445 0.750787 0.639490
vn 0.203585 0.720622 0.662765
vn -0.533772 0.462103 0.708200
vn -0.876155 -0.330460 0.350925
vn -0.836742 0.089290 0.540269
vn -0.586084 0.390909 -0.709716
vn -0.712041 0.390464 -0.583554
vn 0.199174 0.680580 -0.705082
vn 0.276514 0.542186 -0.793457
vn 0.942536 0.255219 -0.215613
vn 0.961459 0.254391 -0.104317
vn 0.890633 -0.103071 0.442888
vn 0.934664 -0.110378 0.337963
vn 0.570980 -0.361453 0.737111
vn 0.463212 -0.297019 0.834994
vn -0.163505 -0.372940 0.913336
vn -0.240298 -0.482537 0.842267
vn -0.940863 -0.213471 0.263073
vn -0.795943 -0.269572 0.542038
vn -0.985580 0.031373 -0.166278
vn -0.943718 0.094510 -0.316960
vn -0.957203 0.167180 -0.236248
vn -0.978067 0.180259 -0.104364
vn -0.290469 0.489701 -0.822083
vn -0.323719 0.353830 -0.877503
vn 0.563028 0.247827 -0.788404
vn 0.672850 0.267778 -0.689614
vn 0.974963 0.038639 -0.218986
vn 0.940920 0.039677 -0.336296
vn 0.952306 -0.123351 0.279104
vn 0.838569 -0.093587 0.536698
vn 0.294817 -0.145513 0.944409
vn 0.319775 -0.255552 0.912380
vn -0.545180 -0.186282 0.817360
vn -0.366990 -0.128722 0.921276
vn -0.873842 -0.043421 0.484267
vn -0.930948 -0.052364 0.361379
vn -0.052663 0.390644 -0.919034
vn -0.052663 0.390644 -0.919034
vn 0.378961 0.451003 -0.808074
vn 0.428563 0.452180 -0.782219
vn 0.905538 0.321986 0.276269
vn 0.905539 0.321986 0.276269
vn 0.905539 0.321986 0.276269
vn 0.905538 0.321986 0.276269
vn -0.006191 0.985730 0.168223
vn -0.006191 0.985730 0.168223
vn -0.081975 0.988838 0.124416
vn -0.081956 0.988838 0.124428
vn -0.762520 0.574548 -0.297418
vn -0.762520 0.574548 -0.297418
vn -0.762520 0.574548 -0.297418
vn -0.762520 0.574548 -0.297418
vn -0.698159 0.381016 -0.606137
vn -0.698159 0.381016 -0.606136
vn -0.317081 0.424216 -0.848234
vn -0.320143 0.424217 -0.847083
vn 0.809222 0.308902 -0.499738
vn 0.809222 0.308902 -0.499738
vn 0.809222 0.308902 -0.499738
vn 0.809222 0.308902 -0.499738
vn 0.122238 0.989034 0.082884
vn 0.122238 0.989034 0.082884
vn 0.042341 0.992604 0.113774
vn 0.041914 0.992604 0.113936
vn -0.758062 0.537896 0.368795
vn -0.758062 0.537896 0.368795
vn -0.758062 0.537896 0.368795
vn -0.758062 0.537896 0.368795
vn 0.022197 0.994831 -0.099088
vn 0.022197 0.994831 -0.099088
vn 0.046111 0.995617 -0.081372
vn 0.046607 0.995624 -0.081003
vn -0.708210 0.423208 -0.565097
vn -0.708210 0.423208 -0.565097
vn -0.708210 0.423207 -0.565097
vn -0.708210 0.423208 -0.565097
vn -0.052859 -0.994532 0.090068
vn -0.023497 -0.999493 0.021480
vn -0.015015 -0.999463 0.029135
vn -0.048749 -0.994475 0.092973
vn 0.858708 0.003460 0.512454
vn 0.863430 0.001508 0.504466
vn 0.863645 0.001418 0.504098
vn 0.858707 0.003460 0.512454
vn -0.063839 0.993725 -0.091849
vn -0.063839 0.993725 -0.091849
vn -0.037528 0.994008 -0.102661
vn -0.037394 0.994008 -0.102716
vn -0.888103 0.409568 0.208632
vn -0.888103 0.409568 0.208632
vn -0.888103 0.409568 0.208632
vn -0.888103 0.409568 0.208632
vn 0.038901 -0.991667 0.122811
vn 0.011051 -0.998097 0.060669
vn 0.019506 -0.998186 0.056954
vn 0.042763 -0.991646 0.121698
vn 0.936109 -0.002797 -0.351700
vn 0.936232 -0.002042 -0.351377
vn 0.936238 -0.002005 -0.351361
vn 0.936109 -0.002797 -0.351700
vn -0.653993 -0.435955 0.618253
vn 0.559467 -0.428994 0.709197
vn -0.947882 -0.302823 -0.099090
vn -0.957035 -0.289377 -0.018594
vn -0.758089 0.033125 -0.651309
vn 0.544427 0.388581 -0.743373
vn 0.227928 0.391779 -0.891380
vn -0.099187 0.378399 -0.920313
vn 0.641593 0.546072 -0.538668
vn 0.739068 0.586020 -0.332203
vn 0.859676 0.452863 0.236374
vn 0.907649 0.409859 0.090499
vn 0.761094 0.106229 0.639884
vn 0.739130 0.118559 0.663047
vn 0.293310 -0.448962 0.844040
vn 0.035260 -0.348796 0.936535
vn 0.397167 0.023728 -0.917440
vn 0.873967 -0.220447 -0.433111
vn 0.917378 -0.173993 -0.357973
vn 0.903164 -0.223649 0.366436
vn 0.405802 -0.177214 0.896616
vn -0.465353 0.084786 0.881055
vn -0.884337 0.294740 0.362044
vn -0.875063 0.371498 -0.310246
vn -0.341397 0.246498 -0.907021
vn -0.695383 -0.452844 0.558010
vn -0.670192 -0.370889 0.642872
vn -0.950339 -0.309496 -0.032680
vn -0.883630 -0.465992 -0.045270
vn -0.718069 -0.291965 -0.631770
vn -0.716882 -0.051676 -0.695276
vn -0.074303 0.263461 -0.961804
vn -0.004842 0.089957 -0.995934
vn 0.768944 0.241099 -0.592112
vn 0.593286 0.439025 -0.674736
vn 0.934135 0.356731 0.011622
vn 0.977059 0.212885 -0.005980
vn 0.812481 0.091172 0.575814
vn 0.745654 0.120788 0.655294
vn 0.053169 -0.208310 0.976617
vn 0.043193 -0.172714 0.984025
vn 0.471892 -0.180026 -0.863081
vn 0.411404 -0.001937 -0.911451
vn 0.907575 -0.182206 -0.378298
vn 0.855949 -0.341299 -0.388415
vn 0.897897 -0.368467 0.240859
vn 0.899779 -0.236525 0.366679
vn 0.358890 -0.143583 0.922270
vn 0.337624 -0.204247 0.918854
vn -0.547800 -0.036364 0.835818
vn -0.406412 0.048598 0.912397
vn -0.903853 0.211617 0.371843
vn -0.929134 0.077973 0.361428
vn -0.957807 0.145177 -0.248052
vn -0.881737 0.288176 -0.373489
vn -0.345293 0.198379 -0.917289
vn -0.370355 0.112011 -0.922112
vn -0.577541 -0.718147 0.388216
vn -0.577541 -0.718147 0.388216
vn -0.577541 -0.718147 0.388216
vn -0.577541 -0.718147 0.388216
vn 0.919087 -0.388756 0.064408
vn 0.919087 -0.388756 0.064408
vn 0.975284 -0.217130 -0.040937
vn 0.599414 0.053305 -0.798662
vn 0.007313 0.583447 -0.812118
vn 0.013240 0.326322 -0.945166
vn -0.595222 0.078569 -0.799711
vn -0.484229 0.698866 0.526411
vn -0.985835 -0.163847 -0.035819
vn -0.763134 -0.331309 0.554852
vn -0.711944 -0.527901 0.463094
vn -0.035265 -0.707038 0.706296
vn -0.036960 -0.564856 0.824361
vn 0.718148 -0.372104 0.588050
vn 0.664029 -0.572011 0.481527
vn 0.970746 -0.238852 -0.024558
vn 0.991158 0.049705 0.123029
vn 0.718363 0.445045 -0.534686
vn 0.670522 0.248654 -0.698979
vn 0.029462 0.425318 -0.904564
vn 0.036001 0.542099 -0.839543
vn -0.656140 0.489401 -0.574427
vn -0.630822 0.292237 -0.718791
vn -0.983831 -0.170358 -0.055272
vn -0.991349 0.112799 0.067103
vn -0.780565 0.198237 -0.592808
vn -0.999608 -0.026246 -0.009765
vn -0.999885 -0.009701 0.011646
vn -0.327659 0.515339 -0.791875
vn -0.308325 0.292133 -0.905315
vn -0.108622 0.284316 -0.952557
vn -0.099046 0.525726 -0.844868
vn -0.050073 0.530574 -0.846159
vn -0.082615 0.299895 -0.950388
vn -0.051902 0.290235 -0.955547
vn 0.000114 0.543170 -0.839623
vn 0.223401 0.525006 -0.821256
vn 0.143706 0.281997 -0.948592
vn 0.891846 -0.314422 0.325191
vn 0.874959 -0.274907 0.398588
vn 0.975672 -0.129086 -0.177203
vn 0.978772 -0.102853 -0.177274
vn 0.239347 -0.661337 0.710877
vn 0.201593 -0.446811 0.871619
vn 0.473814 -0.417514 0.775359
vn 0.555953 -0.527201 0.642631
vn -0.133621 -0.639170 0.757369
vn -0.056523 -0.406725 0.911800
vn 0.074864 -0.422514 0.903259
vn 0.044549 -0.701826 0.710954
vn -0.832156 -0.222142 0.508104
vn -0.820006 -0.155115 0.550935
vn -0.355278 -0.332704 0.873548
vn -0.457183 -0.469859 0.755127
vn -0.064387 -0.443479 0.893969
vn -0.295517 -0.331399 0.896016
vn -0.879694 -0.107835 0.463153
vn 0.239007 -0.247863 0.938850
vn 0.199810 -0.539261 0.818092
vn 0.073622 -0.500890 0.862374
vn 0.461887 0.380245 0.801295
vn 0.461887 0.380246 0.801295
vn 0.905487 -0.238784 0.350822
vn 0.378108 -0.490892 0.784895
vn -0.124076 0.112765 0.985844
vn -0.000347 -0.124980 0.992159
vn 0.505450 -0.081716 0.858978
vn 0.626488 0.565128 0.536790
vn 0.553790 0.832562 0.012551
vn 0.039436 0.995747 -0.083268
vn -0.468621 0.883394 -0.002974
vn 0.849097 0.418345 -0.322524
vn 0.728042 0.343056 -0.593521
vn 0.040914 -0.478496 -0.877136
vn 0.061775 -0.390662 -0.918459
vn 0.005399 -0.373158 -0.927752
vn -0.317952 -0.246534 -0.915493
vn -0.317952 -0.246534 -0.915493
vn -0.210249 -0.554623 -0.805102
vn -0.725392 -0.674695 -0.136358
vn 0.018707 -0.565406 -0.824601
vn -0.244764 -0.514653 -0.821720
vn 0.618286 -0.013796 -0.785832
vn 0.553133 -0.112707 -0.825434
vn 0.154994 -0.374776 -0.914068
vn 0.154994 -0.374776 -0.914068
vn -0.224038 -0.500695 -0.836129
vn -0.190584 -0.492552 -0.849159
vn 0.055668 -0.994917 -0.083917
vn 0.038285 -0.998363 -0.042484
vn -0.006426 -0.999322 0.036242
vn -0.007612 -0.997461 -0.070808
vn 0.003773 -0.999476 -0.032142
vn 0.027794 -0.998221 0.052751
vn 0.901420 -0.185622 -0.391136
vn 0.901420 -0.185622 -0.391136
vn 0.901420 -0.185622 -0.391136
vn 0.901420 -0.185622 -0.391136
vn 0.964785 -0.123266 -0.232368
vn 0.968365 0.222412 0.113145
vn 0.458540 -0.874132 -0.160109
vn 0.458540 -0.874132 -0.160109
vn 0.458544 -0.874130 -0.160109
vn 0.458543 -0.874130 -0.160109
vn 0.458546 -0.874129 -0.160109
vn 0.458546 -0.874129 -0.160109
vn 0.458545 -0.874129 -0.160107
vn 0.458545 -0.874129 -0.160107
vn -0.993808 -0.027262 0.107716
vn -0.993808 -0.027262 0.107716
vn -0.993808 -0.027262 0.107716
vn -0.993808 -0.027262 0.107716
vn -0.992793 -0.048339 -0.109662
vn -0.933534 0.261577 0.245136
vn -0.378256 -0.924614 -0.044853
vn -0.378256 -0.924614 -0.044853
vn -0.378255 -0.924614 -0.044852
vn -0.378255 -0.924614 -0.044852
vn -0.378254 -0.924614 -0.044852
vn -0.378254 -0.924615 -0.044852
vn -0.378254 -0.924614 -0.044852
vn -0.378254 -0.924615 -0.044852
vn 0.453242 -0.490327 -0.744413
vn 0.505319 -0.494885 -0.706924
vn 0.562832 -0.497600 -0.660012
vn 0.237104 -0.579881 -0.779436
vn -0.106537 -0.589409 -0.800779
vn 0.871850 0.132926 0.471390
vn 0.870786 0.209045 0.445009
vn 0.870786 0.209045 0.445009
vn 0.998081 -0.057043 0.024078
vn 0.998081 -0.057043 0.024078
vn -0.486279 0.487143 0.725414
vn -0.579702 0.433351 0.690038
vn -0.651041 0.384863 0.654237
vn -0.230798 0.490379 0.840393
vn 0.277566 0.481691 0.831222
vn -0.904494 -0.266931 -0.332623
vn -0.904494 -0.266931 -0.332623
vn -0.899897 -0.274882 -0.338565
vn -0.899454 -0.275635 -0.339128
vn -0.894634 -0.283722 -0.345154
vn -0.894634 -0.283722 -0.345154
vn -0.997238 -0.067206 -0.031632
vn -0.997238 -0.067206 -0.031632
vn 0.140045 -0.652868 -0.744413
vn 0.113198 -0.681796 -0.722731
vn 0.085385 -0.710069 -0.698936
vn -0.221659 -0.736256 -0.639371
vn -0.530933 -0.682132 -0.502799
vn 0.988757 0.104171 -0.107272
vn 0.988757 0.104171 -0.107272
vn 0.989304 0.077886 -0.123333
vn 0.989275 0.082593 -0.120469
vn 0.989066 0.056828 -0.136084
vn 0.989066 0.056828 -0.136084
vn 0.907019 -0.198395 -0.371424
vn 0.907019 -0.198395 -0.371424
vn -0.224783 0.613066 0.757378
vn 0.240839 0.676587 0.695864
vn 0.617576 0.603066 0.504888
vn -0.950477 -0.266714 0.159555
vn -0.955409 -0.248097 0.160128
vn -0.970532 -0.178640 0.161724
vn -0.970532 -0.178640 0.161724
vn -0.861501 0.152863 0.484200
vn -0.861501 0.152863 0.484200
vn 0.945229 0.205629 -0.253493
vn 0.318767 0.457643 -0.830031
vn -0.527572 0.345699 -0.775990
vn 0.624061 -0.451650 0.637620
vn 0.949601 -0.129190 0.285600
vn -0.993254 -0.108935 -0.039753
vn -0.393872 -0.598148 0.697914
vn -0.900157 0.123880 -0.417579
vn 0.553696 0.188055 -0.811206
vn -0.330876 0.272369 -0.903513
vn -0.956639 0.115037 -0.267598
vn 0.985026 -0.153232 0.079020
vn 0.920986 0.027511 -0.388624
vn -0.668450 -0.246664 0.701664
vn 0.338187 -0.392457 0.855340
vn -0.951107 -0.070469 0.300716
vn 0.779461 0.406566 -0.476598
vn 0.779461 0.406566 -0.476598
vn 0.848214 0.030826 -0.528755
vn 0.848214 0.030826 -0.528755
vn 0.485656 0.034969 -0.873450
vn 0.464680 0.034947 -0.884789
vn -0.018871 0.029998 -0.999372
vn -0.018871 0.029998 -0.999372
vn 0.673089 0.551839 0.492367
vn 0.673089 0.551839 0.492367
vn 0.673089 0.551839 0.492367
vn 0.673089 0.551839 0.492367
vn 0.867720 -0.000294 0.497054
vn 0.867720 -0.000294 0.497054
vn 0.964129 0.006352 0.265359
vn 0.964129 0.006352 0.265359
vn 0.964129 0.006352 0.265359
vn 0.964129 0.006352 0.265359
vn -0.157039 0.984370 0.079711
vn -0.157039 0.984370 0.079711
vn -0.516716 -0.342464 0.784680
vn -0.516716 -0.342464 0.784680
vn -0.477928 -0.342395 0.808920
vn -0.477939 -0.342395 0.808913
vn -0.438182 -0.341611 0.831444
vn -0.438182 -0.341611 0.831444
vn -0.740570 0.300709 -0.600942
vn -0.740570 0.300709 -0.600942
vn -0.740570 0.300709 -0.600942
vn -0.740570 0.300709 -0.600942
vn -0.733472 0.003505 -0.679711
vn -0.733472 0.003505 -0.679711
vn -0.733472 0.003505 -0.679711
vn -0.733472 0.003505 -0.679711
vn -0.867173 0.004171 -0.497990
vn -0.862426 0.000495 -0.506184
vn -0.862680 0.000690 -0.505750
vn -0.867173 0.004171 -0.497990
vn 0.123666 0.381216 -0.916178
vn 0.123666 0.381216 -0.916178
vn 0.123365 0.001977 -0.992359
vn 0.123365 0.001977 -0.992359
vn -0.351656 0.001634 -0.936128
vn -0.349657 0.001637 -0.936876
vn -0.744038 0.000924 -0.668137
vn -0.744038 0.000924 -0.668137
vn 0.814605 0.539216 -0.213693
vn 0.814605 0.539216 -0.213693
vn 0.814605 0.539216 -0.213693
vn 0.814605 0.539216 -0.213693
vn 0.936344 -0.001349 -0.351080
vn 0.936344 -0.001349 -0.351080
vn 0.836093 -0.003497 -0.548576
vn 0.836093 -0.003497 -0.548576
vn 0.836093 -0.003497 -0.548576
vn 0.836093 -0.003497 -0.548576
vn -0.038358 0.988833 0.144008
vn -0.038358 0.988833 0.144008
vn 0.292122 -0.320992 0.900904
vn 0.292122 -0.320992 0.900905
vn 0.335714 -0.320695 0.885693
vn 0.336001 -0.320690 0.885585
vn 0.378975 -0.319702 0.868429
vn 0.378975 -0.319701 0.868429
vn -0.936539 0.308936 0.165693
vn -0.936539 0.308936 0.165693
vn -0.936539 0.308936 0.165693
vn -0.936539 0.308936 0.165693
vn -0.989259 -0.003438 0.146134
vn -0.989259 -0.003438 0.146135
vn -0.989259 -0.003438 0.146135
vn -0.989259 -0.003438 0.146135
vn -0.936361 0.001571 0.351034
vn -0.936239 0.002175 0.351357
vn -0.936245 0.002146 0.351341
vn -0.936361 0.001571 0.351034
vn 0.071017 0.995496 -0.062813
vn 0.071017 0.995496 -0.062813
vn -0.034152 0.989022 -0.143765
vn -0.034152 0.989022 -0.143765
vn 0.049524 0.994245 -0.095002
vn 0.049643 0.994245 -0.094931
vn 0.132946 0.990091 -0.045216
vn 0.132946 0.990091 -0.045216
vn -0.857230 -0.003452 -0.514922
vn -0.857230 -0.003452 -0.514922
vn -0.901134 -0.222030 -0.372371
vn -0.901134 -0.222031 -0.372371
vn -0.901134 -0.222030 -0.372371
vn -0.901134 -0.222031 -0.372371
vn -0.676740 0.541402 -0.498906
vn -0.676740 0.541402 -0.498906
vn -0.676740 0.541402 -0.498906
vn -0.676740 0.541402 -0.498906
vn -0.044638 -0.994392 0.095875
vn -0.037938 -0.965767 0.256621
vn -0.037938 -0.965767 0.256621
vn -0.117595 -0.970546 0.210266
vn -0.117409 -0.970545 0.210377
vn -0.196207 -0.967063 0.162147
vn -0.196207 -0.967063 0.162147
vn 0.829093 0.421565 0.367270
vn 0.829093 0.421565 0.367270
vn 0.829093 0.421565 0.367270
vn 0.829093 0.421565 0.367270
vn 0.754577 0.554084 0.351576
vn 0.754577 0.554084 0.351576
vn 0.754577 0.554084 0.351576
vn 0.754577 0.554084 0.351576
vn 0.759293 -0.209152 0.616223
vn 0.759293 -0.209152 0.616223
vn 0.759293 -0.209152 0.616223
vn 0.759293 -0.209152 0.616223
vn -0.011324 0.993492 -0.113335
vn -0.011324 0.993492 -0.113335
vn -0.133980 0.987519 -0.082795
vn -0.133980 0.987519 -0.082795
vn -0.044184 0.991972 -0.118490
vn -0.043724 0.991971 -0.118670
vn 0.046070 0.987137 -0.153093
vn 0.046070 0.987137 -0.153093
vn -0.936106 0.002832 0.351708
vn -0.936106 0.002832 0.351708
vn -0.853682 -0.208861 0.477079
vn -0.853682 -0.208861 0.477079
vn -0.853682 -0.208861 0.477079
vn -0.853682 -0.208861 0.477079
vn -0.809358 0.550808 0.203837
vn -0.809358 0.550808 0.203837
vn -0.809358 0.550808 0.203837
vn -0.809358 0.550808 0.203837
vn 0.046616 -0.991608 0.120585
vn 0.178541 -0.960396 0.213921
vn 0.178541 -0.960396 0.213921
vn 0.092148 -0.964858 0.246084
vn 0.092023 -0.964859 0.246129
vn 0.004954 -0.961100 0.276157
vn 0.004954 -0.961100 0.276157
vn 0.806327 0.405163 -0.430905
vn 0.806327 0.405163 -0.430905
vn 0.806327 0.405163 -0.430905
vn 0.806327 0.405163 -0.430905
vn 0.745701 0.543868 -0.384887
vn 0.745701 0.543868 -0.384887
vn 0.745701 0.543868 -0.384887
vn 0.745701 0.543868 -0.384887
vn 0.955145 -0.215104 -0.203540
vn 0.955145 -0.215104 -0.203540
vn 0.955145 -0.215104 -0.203540
vn 0.955145 -0.215104 -0.203540
vn -0.725875 -0.346621 -0.594103
vn -0.852773 -0.519888 -0.049954
vn -0.694565 -0.496944 0.520218
vn 0.778758 0.243400 -0.578180
vn -0.026009 0.096623 -0.994981
vn 0.807549 0.082990 0.583932
vn 0.981083 0.193488 -0.006158
vn 0.025830 -0.183549 0.982671
vn 0.889681 -0.410133 0.200644
vn 0.831356 -0.398332 -0.387530
vn 0.494336 -0.229418 -0.838451
vn -0.543667 -0.040152 0.838340
vn 0.355844 -0.208480 0.910995
vn -0.957741 0.152723 -0.243739
vn -0.931315 0.060048 0.359232
vn -0.350435 0.127163 -0.927914
vn 0.544948 -0.742303 0.389895
vn 0.544948 -0.742303 0.389895
vn 0.544948 -0.742303 0.389895
vn 0.544948 -0.742303 0.389895
vn 0.661881 -0.718290 0.214413
vn -0.021430 -0.856133 0.516312
vn -0.705827 -0.676061 0.211543
vn 0.758046 -0.594903 -0.267316
vn -0.935352 -0.346229 0.072401
vn -0.935352 -0.346229 0.072401
vn -0.794712 -0.544756 -0.267720
vn 0.662761 0.143898 -0.734875
vn 0.015517 -0.124534 0.992094
vn -0.535298 -0.378840 0.754942
vn -0.535298 -0.378840 0.754942
vn 0.016276 -0.124145 0.992131
vn -0.880080 -0.467832 0.081191
vn -0.880080 -0.467832 0.081191
vn -0.880080 -0.467832 0.081191
vn -0.880080 -0.467832 0.081191
vn -0.888874 -0.430027 -0.158051
vn -0.888874 -0.430027 -0.158051
vn -0.888874 -0.430027 -0.158051
vn -0.888874 -0.430027 -0.158051
vn -0.505827 -0.074998 -0.859369
vn -0.050441 0.190105 -0.980467
vn -0.050408 0.190121 -0.980466
vn -0.505827 -0.074998 -0.859369
vn 0.296130 0.351147 -0.888258
vn 0.296130 0.351147 -0.888258
vn 0.878868 0.475960 0.032453
vn 0.878868 0.475960 0.032453
vn 0.878868 0.475960 0.032453
vn 0.878868 0.475960 0.032453
vn 0.879799 0.471491 0.060419
vn 0.879799 0.471491 0.060419
vn 0.879799 0.471491 0.060419
vn 0.879799 0.471491 0.060419
vn 0.434056 0.105808 0.894651
vn 0.434056 0.105808 0.894651
vn -0.333409 0.215875 -0.917734
vn 0.162762 0.012416 -0.986587
vn 0.162763 0.012416 -0.986587
vn -0.333440 0.215887 -0.917720
vn 0.814317 -0.302189 -0.495551
vn 0.814317 -0.302189 -0.495551
vn 0.814317 -0.302189 -0.495551
vn 0.814317 -0.302189 -0.495551
vn 0.897902 -0.345886 -0.272278
vn 0.897902 -0.345886 -0.272278
vn 0.897902 -0.345886 -0.272278
vn 0.897902 -0.345886 -0.272278
vn 0.814537 -0.318703 0.484724
vn 0.362097 -0.146434 0.920567
vn 0.361368 -0.146154 0.920897
vn 0.814537 -0.318703 0.484724
vn -0.087296 0.027088 0.995814
vn -0.087296 0.027088 0.995814
vn -0.846445 0.346556 0.404264
vn -0.846445 0.346556 0.404264
vn -0.846445 0.346556 0.404264
vn -0.846445 0.346556 0.404264
vn -0.856311 0.351700 0.378205
vn -0.856311 0.351700 0.378205
vn -0.856311 0.351700 0.378205
vn -0.856311 0.351700 0.378205
vn -0.638974 0.326490 -0.696503
vn -0.638974 0.326490 -0.696503
s 1
g pCube1
usemtl pCube1SG
f 101/1/1 1/2/2 98/3/3 97/4/4
f 99/5/5 2/6/6 103/7/7 102/8/8
f 104/9/9 3/10/10 107/11/11 106/12/12
s 3
f 114/13/13 5/14/14 111/15/15 110/16/16
f 112/17/17 6/18/18 116/19/19 115/20/20
f 117/21/21 7/22/22 120/23/23 119/24/24
f 126/25/25 9/26/26 113/27/27 123/28/28
f 124/29/29 10/30/30 118/31/31 127/32/32
f 128/33/33 11/34/34 122/35/35 130/36/36
f 136/424/37 13/38/38 125/39/39 133/474/40
f 141/401/41 85/42/42 138/43/43 137/473/44
f 145/413/45 15/477/46 132/47/47 142/472/48
f 149/49/49 17/50/50 135/51/51 146/52/52
f 147/53/53 18/54/54 151/470/55 150/56/56
f 152/57/57 19/58/58 144/59/59 154/60/60
f 160/61/61 21/62/62 148/63/63 157/64/64
f 158/65/65 22/66/66 153/67/67 161/68/68
f 162/69/69 23/70/70 156/71/71 164/72/72
f 171/73/73 90/74/74 168/75/75 167/76/76
f 169/77/77 91/78/78 173/79/79 172/80/80
f 174/81/81 92/82/82 177/83/83 176/84/84
s 10
f 184/85/85 49/86/86 181/87/87 180/88/88
s 1
f 187/464/89 30/90/90 175/91/91 185/469/92
s 12
f 192/93/93 53/94/94 189/95/95 188/96/96
s off
f 108/97/97 4/98/98 194/99/99 193/100/100
s 3
f 121/101/101 8/102/102 197/103/103 196/104/104
s 13
f 378/105/105 377/106/106 379/107/107 380/108/108
s off
f 171/73/109 29/109/110 204/110/111 203/111/112
s 3
f 160/61/61 25/112/113 207/113/114 206/114/115
s 14
f 386/501/116 387/116/117 388/117/118 389/118/119
s 15
f 216/119/120 29/109/121 170/120/122 213/121/123
s 1
f 214/122/124 30/90/90 187/464/89 217/123/125
f 218/124/126 2/6/6 98/3/127 220/125/128
s 17
f 221/126/129 1/2/130 204/462/131 223/127/132
s 18
f 228/128/133 31/129/134 179/130/135 225/131/136
s 19
f 226/132/137 32/133/138 194/460/139 229/134/140
s 1
f 230/135/141 4/98/142 107/11/143 232/136/144
f 233/137/145 3/10/10 186/458/146 235/139/147
s 21
f 240/140/148 33/141/149 215/142/150 237/143/151
f 238/144/152 34/145/153 219/454/154 241/147/155
f 242/148/156 35/149/157 222/150/158 244/151/159
f 245/152/160 36/153/161 224/447/162 247/155/163
s 22
f 252/156/164 37/157/165 227/158/166 249/159/167
f 250/160/168 38/161/169 231/441/170 253/163/171
f 254/164/172 39/165/173 234/166/174 256/167/175
f 257/168/176 40/169/177 236/434/178 259/171/179
s 23
f 263/524/180 41/479/181 239/174/182 261/528/183
s off
f 262/176/184 42/177/185 243/178/186 264/527/187
s 24
f 270/511/188 58/181/189 267/182/190 266/525/191
s off
f 272/516/192 44/448/193 248/186/194 271/523/195
s 25
f 275/518/196 45/478/197 251/190/198 273/522/199
s off
f 274/192/200 46/193/201 255/194/202 276/521/203
s 26
f 282/505/204 62/197/205 279/198/206 278/519/207
s off
f 284/510/208 48/435/209 260/202/210 283/517/211
s 27
f 287/204/212 43/450/213 246/206/214 285/207/215
s off
f 286/208/216 44/448/217 272/516/218 288/209/219
s 10
f 289/210/220 52/211/221 183/212/222 290/213/223
s 28
f 291/214/224 51/215/225 265/513/226 292/217/227
s 29
f 295/218/228 47/437/229 258/220/230 293/221/231
s off
f 294/222/232 48/435/233 284/510/234 296/223/235
s 12
f 297/224/236 56/225/237 191/226/238 298/227/239
s 30
f 299/228/240 55/229/241 277/507/242 300/231/243
s 3
f 304/232/244 12/233/245 198/430/246 301/235/247
f 302/236/248 24/237/249 155/238/250 305/239/251
f 306/240/252 20/241/253 143/428/254 308/243/255
f 309/244/256 16/245/257 131/246/258 311/247/259
f 316/248/260 21/62/62 208/426/261 313/250/262
f 314/251/263 9/26/26 126/25/25 317/252/264
f 318/253/265 13/38/38 136/424/37 320/254/266
f 321/255/267 17/50/50 149/49/49 323/256/268
f 327/257/269 66/258/270 303/422/271 325/260/272
f 326/261/273 65/262/274 307/263/275 328/264/276
f 329/265/277 67/266/278 310/420/279 330/268/280
f 331/269/281 68/270/282 312/271/283 332/272/284
f 335/273/285 69/274/286 315/418/287 333/276/288
f 334/277/289 70/278/290 319/279/291 336/280/292
f 337/281/293 71/282/294 322/416/295 338/284/296
f 339/285/297 72/286/298 324/287/299 340/288/300
s off
f 344/289/301 14/480/302 129/291/303 341/292/304
s 3
f 342/293/305 15/46/306 145/414/45 345/294/307
f 346/295/308 19/471/58 151/55/309 348/296/310
f 349/297/311 18/475/54 134/410/312 351/299/313
f 355/300/314 81/301/315 343/302/316 353/303/317
f 354/304/318 82/305/319 347/406/320 356/307/321
f 357/308/322 83/309/323 350/310/324 358/311/325
f 359/312/326 84/313/327 352/403/328 360/315/329
f 363/316/330 90/74/74 205/400/331 361/318/332
f 363/316/330 25/112/113 159/319/333 364/320/334
f 365/321/335 26/322/336 163/323/337 366/324/338
f 367/325/339 27/326/340 166/327/341 368/328/342
f 371/329/343 94/330/344 195/397/345 370/332/346
f 373/333/347 95/334/348 109/335/349 372/336/350
f 375/337/351 96/338/352 105/339/353 374/340/354
f 362/341/355 89/342/356 100/343/357 376/344/358
s 1
f 98/3/3 2/6/6 99/5/5 97/4/4
s 3
f 99/5/359 96/338/352 100/343/357 97/4/360
f 100/343/357 89/342/356 101/1/361 97/4/360
s 1
f 103/7/7 3/10/10 104/9/9 102/8/362
s 3
f 104/9/363 95/334/348 105/339/353 102/8/364
f 105/339/353 96/338/352 99/5/359 102/8/364
s 1
f 107/11/11 4/98/365 108/97/366 106/12/12
s 3
f 108/97/367 94/330/344 109/335/349 106/12/368
f 109/335/349 95/334/348 104/9/363 106/12/368
f 111/15/15 6/18/18 112/17/17 110/16/16
f 112/17/17 10/30/30 113/27/27 110/16/16
f 113/27/27 9/26/26 114/13/13 110/16/16
f 116/19/19 7/22/22 117/21/21 115/20/20
f 117/21/21 11/34/34 118/31/31 115/20/20
f 118/31/31 10/30/30 112/17/17 115/20/20
f 120/23/23 8/102/102 121/101/101 119/24/24
f 121/101/101 12/233/245 122/35/35 119/24/24
f 122/35/35 11/34/34 117/21/21 119/24/24
f 113/27/27 10/30/30 124/29/29 123/28/28
f 124/29/29 14/290/369 125/39/39 123/28/28
f 125/39/39 13/38/38 126/25/25 123/28/28
f 118/31/31 11/34/34 128/33/33 127/32/32
f 128/33/33 15/477/46 129/476/370 127/32/32
f 129/476/370 14/290/369 124/29/29 127/32/32
f 122/35/35 12/233/245 131/246/258 130/36/36
f 131/246/258 16/245/257 132/47/47 130/36/36
f 132/47/47 15/477/46 128/33/33 130/36/36
f 125/39/39 14/290/369 134/408/312 133/474/40
f 134/409/312 18/54/54 135/51/51 133/40/40
f 135/51/51 17/50/50 136/37/37 133/40/40
f 138/43/43 86/345/371 139/346/372 137/473/44
f 139/404/372 87/347/373 140/348/374 137/44/44
f 140/348/374 88/349/375 141/41/41 137/44/44
f 132/47/47 16/245/257 143/242/254 142/472/48
f 143/428/254 20/241/253 144/59/59 142/48/48
f 144/59/59 19/58/58 145/412/45 142/48/48
f 135/51/51 18/54/54 147/53/53 146/52/52
f 147/53/53 22/66/66 148/63/63 146/52/52
f 148/63/63 21/62/62 149/49/49 146/52/52
f 151/470/55 19/58/58 152/57/57 150/56/56
f 152/57/57 23/70/70 153/67/67 150/56/56
f 153/67/67 22/66/66 147/53/53 150/56/56
f 144/59/59 20/241/253 155/238/250 154/60/60
f 155/238/250 24/237/249 156/71/71 154/60/60
f 156/71/71 23/70/70 152/57/57 154/60/60
f 148/63/63 22/66/66 158/65/65 157/64/64
f 158/65/65 26/322/336 159/319/333 157/64/64
f 159/319/333 25/112/113 160/61/61 157/64/64
f 153/67/67 23/70/70 162/69/69 161/68/68
f 162/69/69 27/326/340 163/323/337 161/68/68
f 163/323/337 26/322/336 158/65/65 161/68/68
f 156/71/71 24/237/249 165/350/376 164/72/72
f 165/350/376 28/351/377 166/327/341 164/72/72
f 166/327/341 27/326/340 162/69/69 164/72/72
f 168/75/75 91/78/78 169/77/77 167/76/76
s 1
f 169/77/378 30/90/90 170/120/379 167/76/380
f 170/120/379 29/109/381 171/73/382 167/76/380
s 3
f 173/79/79 92/82/82 174/81/81 172/80/80
s 1
f 174/81/383 31/129/384 175/91/91 172/80/385
f 175/91/91 30/90/90 169/77/378 172/80/386
s 3
f 177/83/83 93/352/387 178/353/388 176/84/84
s 1
f 178/353/389 32/133/390 179/130/391 176/84/392
f 179/130/391 31/129/384 174/81/383 176/84/392
s 10
f 181/87/87 50/354/393 182/355/394 180/88/88
f 182/355/394 51/215/395 183/212/222 180/88/88
f 183/212/222 52/211/221 184/85/85 180/88/88
s 1
f 175/91/91 31/129/384 186/138/146 185/469/92
f 186/458/146 3/10/10 103/7/7 185/92/92
f 103/7/7 2/6/6 187/89/89 185/92/92
s 12
f 189/95/95 54/356/396 190/357/397 188/96/96
f 190/357/397 55/229/398 191/226/238 188/96/96
f 191/226/238 56/225/237 192/93/93 188/96/96
s off
f 194/460/399 32/133/400 178/353/401 193/468/402
s 3
f 178/353/388 93/352/387 195/331/345 193/468/403
f 195/397/345 94/330/344 108/97/367 193/100/403
f 197/395/103 28/351/377 165/350/376 196/467/104
f 165/350/376 24/237/249 198/234/404 196/467/104
f 198/430/404 12/233/245 121/101/101 196/104/104
s 41
f 379/107/405 381/358/406 382/503/407 380/108/408
f 382/359/407 383/360/409 384/361/410 380/108/408
s 13
f 384/361/411 385/362/412 378/105/105 380/108/108
s off
f 204/462/413 1/2/414 101/1/415 203/466/416
s 3
f 101/1/361 89/342/356 205/317/331 203/466/417
f 205/400/331 90/74/74 171/73/73 203/111/417
f 207/398/114 5/14/14 114/13/13 206/465/115
f 114/13/13 9/26/26 208/249/418 206/465/115
f 208/426/418 21/62/62 160/61/61 206/114/115
s 42
f 388/117/419 390/363/420 391/364/421 389/118/422
f 391/364/421 392/365/423 393/366/424 389/118/422
s 14
f 393/366/425 394/367/426 386/115/116 389/118/119
s 15
f 170/120/122 30/90/427 214/122/428 213/121/123
f 214/122/428 34/145/429 215/142/430 213/121/123
f 215/142/430 33/141/431 216/119/120 213/121/123
s 1
f 187/89/89 2/6/6 218/124/126 217/463/432
f 218/124/126 35/149/433 219/146/434 217/463/432
f 219/454/435 34/145/436 214/122/124 217/123/125
f 98/3/127 1/2/437 221/126/438 220/125/128
f 221/126/438 36/153/439 222/150/440 220/125/128
f 222/150/440 35/149/441 218/124/126 220/125/128
s 43
f 204/110/442 29/109/443 216/119/444 223/461/445
f 216/119/444 33/141/446 224/154/447 223/461/445
s 17
f 224/447/448 36/153/449 221/126/129 223/127/132
s 18
f 179/130/135 32/133/450 226/132/451 225/131/136
f 226/132/451 38/161/452 227/158/453 225/131/136
f 227/158/453 37/157/454 228/128/133 225/131/136
s 44
f 194/99/455 4/98/456 230/135/457 229/459/458
f 230/135/457 39/165/459 231/162/460 229/459/458
s 19
f 231/441/461 38/161/462 226/132/137 229/134/140
s 1
f 107/11/143 3/10/10 233/137/145 232/136/144
f 233/137/145 40/169/463 234/166/464 232/136/144
f 234/166/464 39/165/465 230/135/141 232/136/144
f 186/138/146 31/129/384 228/128/466 235/457/467
f 228/128/466 37/157/468 236/170/469 235/457/467
f 236/434/470 40/169/471 233/137/145 235/139/147
s 21
f 215/142/150 34/145/153 238/144/152 237/143/151
f 238/144/152 42/456/472 239/455/473 237/143/151
f 239/455/473 41/173/474 240/140/148 237/143/151
f 219/146/154 35/149/157 242/148/156 241/453/155
f 242/148/156 43/205/475 243/451/476 241/453/155
f 243/452/476 42/456/472 238/144/152 241/147/155
f 222/150/158 36/153/161 245/152/160 244/151/159
f 245/152/160 44/185/477 246/449/478 244/151/159
f 246/449/478 43/205/475 242/148/156 244/151/159
f 224/154/162 33/141/149 240/140/148 247/446/163
f 240/140/148 41/173/474 248/444/479 247/446/163
f 248/445/479 44/185/477 245/152/160 247/155/163
s 22
f 227/158/166 38/161/169 250/160/168 249/159/167
f 250/160/168 46/443/480 251/442/481 249/159/167
f 251/442/481 45/189/482 252/156/164 249/159/167
f 231/162/170 39/165/173 254/164/172 253/440/171
f 254/164/172 47/219/483 255/438/484 253/440/171
f 255/439/484 46/443/480 250/160/168 253/163/171
f 234/166/174 40/169/177 257/168/176 256/167/175
f 257/168/176 48/201/485 258/436/486 256/167/175
f 258/436/486 47/219/483 254/164/172 256/167/175
f 236/170/178 37/157/165 252/156/164 259/433/179
f 252/156/164 45/189/482 260/431/487 259/433/179
f 260/432/487 48/201/485 257/168/176 259/171/179
s 23
f 239/174/182 42/177/488 262/176/489 261/528/183
s 45
f 262/526/490 50/354/491 181/87/492 261/175/493
f 181/87/492 49/86/494 263/172/495 261/175/493
s off
f 243/178/496 43/450/497 265/216/498 264/527/499
s 28
f 265/513/226 51/215/225 182/355/500 264/179/501
s off
f 182/355/502 50/354/503 262/526/504 264/179/505
s 24
f 267/182/190 57/368/506 268/369/507 266/525/191
s 46
f 268/514/508 59/370/509 269/371/510 266/183/511
f 269/371/510 60/372/512 270/180/513 266/183/511
s off
f 248/186/514 41/479/515 263/524/516 271/523/517
f 263/172/518 49/86/519 184/85/520 271/187/521
s 47
f 184/85/522 52/211/523 272/184/524 271/187/525
s 25
f 251/190/198 46/193/526 274/192/527 273/522/199
s 48
f 274/520/528 54/356/529 189/95/530 273/191/531
f 189/95/530 53/94/532 275/188/533 273/191/531
s off
f 255/194/534 47/437/535 277/230/536 276/521/537
s 30
f 277/507/242 55/229/241 190/357/538 276/195/539
s off
f 190/357/540 54/356/541 274/520/542 276/195/543
s 26
f 279/198/206 61/373/544 280/374/545 278/519/207
s 49
f 280/508/546 63/375/547 281/376/548 278/199/549
f 281/376/548 64/377/550 282/196/551 278/199/549
s off
f 260/202/552 45/478/553 275/518/554 283/517/555
f 275/188/556 53/94/557 192/93/558 283/203/559
s 50
f 192/93/560 56/225/561 284/200/562 283/203/563
s 27
f 246/206/214 44/448/564 286/208/565 285/207/215
s 51
f 286/208/566 57/368/567 267/182/568 285/207/569
f 267/182/568 58/181/570 287/204/571 285/207/569
s 47
f 272/184/524 52/211/523 289/210/572 288/515/573
s off
f 289/210/574 59/370/575 268/514/576 288/515/577
f 268/369/578 57/368/579 286/208/580 288/209/581
s 10
f 183/212/222 51/215/395 291/214/582 290/213/223
s 52
f 291/214/583 60/372/584 269/371/585 290/213/586
f 269/371/585 59/370/587 289/210/588 290/213/586
s off
f 265/216/589 43/450/590 287/204/591 292/512/592
f 287/204/593 58/181/594 270/511/595 292/512/596
f 270/180/597 60/372/598 291/214/599 292/217/600
s 29
f 258/220/230 48/435/601 294/222/602 293/221/231
s 53
f 294/222/603 61/373/604 279/198/605 293/221/606
f 279/198/605 62/197/607 295/218/608 293/221/606
s 50
f 284/200/562 56/225/561 297/224/609 296/509/610
s off
f 297/224/611 63/375/612 280/508/613 296/509/614
f 280/374/615 61/373/616 294/222/617 296/223/618
s 12
f 191/226/238 55/229/398 299/228/619 298/227/239
s 54
f 299/228/620 64/377/621 281/376/622 298/227/623
f 281/376/622 63/375/624 297/224/625 298/227/623
s off
f 277/230/626 47/437/627 295/218/628 300/506/629
f 295/218/630 62/197/631 282/505/632 300/506/633
f 282/196/634 64/377/635 299/228/636 300/231/637
s 3
f 198/234/246 24/237/249 302/236/248 301/429/247
f 302/236/248 65/262/274 303/259/271 301/429/247
f 303/422/271 66/258/270 304/232/244 301/235/247
f 155/238/250 20/241/253 306/240/252 305/239/251
f 306/240/252 67/266/278 307/263/275 305/239/251
f 307/263/275 65/262/274 302/236/248 305/239/251
f 143/242/254 16/245/257 309/244/256 308/427/255
f 309/244/256 68/270/282 310/267/279 308/427/255
f 310/420/279 67/266/278 306/240/252 308/243/255
f 131/246/258 12/233/245 304/232/244 311/247/259
f 304/232/244 66/258/270 312/271/283 311/247/259
f 312/271/283 68/270/282 309/244/256 311/247/259
f 208/249/261 9/26/26 314/251/263 313/425/262
f 314/251/263 70/278/290 315/275/287 313/425/262
f 315/418/287 69/274/286 316/248/260 313/250/262
f 126/25/25 13/38/38 318/253/265 317/252/264
f 318/253/265 71/282/294 319/279/291 317/252/264
f 319/279/291 70/278/290 314/251/263 317/252/264
f 136/37/37 17/50/50 321/255/267 320/423/266
f 321/255/267 72/286/298 322/283/295 320/423/266
f 322/416/295 71/282/294 318/253/265 320/254/266
f 149/49/49 21/62/62 316/248/260 323/256/268
f 316/248/260 69/274/286 324/287/299 323/256/268
f 324/287/299 72/286/298 321/255/267 323/256/268
f 303/259/271 65/262/274 326/261/273 325/421/272
f 326/261/273 73/497/638 199/498/639 325/421/272
f 199/499/639 74/500/640 327/257/269 325/260/272
f 307/263/275 67/266/278 329/265/277 328/264/276
f 329/265/277 75/495/641 200/496/642 328/264/276
f 200/496/642 73/497/638 326/261/273 328/264/276
f 310/267/279 68/270/282 331/269/281 330/419/280
f 331/269/281 76/492/643 201/493/644 330/419/280
f 201/494/644 75/495/641 329/265/277 330/268/280
f 312/271/283 66/258/270 327/257/269 332/272/284
f 327/257/269 74/500/640 202/491/645 332/272/284
f 202/491/645 76/492/643 331/269/281 332/272/284
f 315/275/287 70/278/290 334/277/289 333/417/288
f 334/277/289 78/490/646 209/488/647 333/417/288
f 209/489/647 77/482/648 335/273/285 333/276/288
f 319/279/291 71/282/294 337/281/293 336/280/292
f 337/281/293 79/487/649 210/486/650 336/280/292
f 210/486/650 78/490/646 334/277/289 336/280/292
f 322/283/295 72/286/298 339/285/297 338/415/296
f 339/285/297 80/485/651 211/483/652 338/415/296
f 211/484/652 79/487/649 337/281/293 338/284/296
f 324/287/299 69/274/286 335/273/285 340/288/300
f 335/273/285 77/482/648 212/481/653 340/288/300
f 212/481/653 80/485/651 339/285/297 340/288/300
s off
f 129/291/654 15/46/655 342/293/656 341/292/657
s 3
f 342/293/658 82/305/319 343/302/316 341/292/659
f 343/302/316 81/301/315 344/289/660 341/292/659
f 145/45/45 19/471/58 346/295/308 345/411/307
f 346/295/308 83/309/323 347/306/320 345/411/661
f 347/406/320 82/305/319 342/293/658 345/294/661
f 151/55/309 18/475/54 349/297/311 348/296/310
f 349/297/311 84/313/327 350/310/324 348/296/310
f 350/310/324 83/309/323 346/295/308 348/296/310
f 134/298/312 14/480/662 344/289/663 351/407/313
f 344/289/660 81/301/315 352/314/328 351/407/664
f 352/403/328 84/313/327 349/297/311 351/299/664
f 343/302/316 82/305/319 354/304/318 353/303/317
f 354/304/318 86/345/371 138/43/43 353/303/317
f 138/43/43 85/42/42 355/300/314 353/303/317
f 347/306/320 83/309/323 357/308/322 356/405/321
f 357/308/322 87/347/373 139/404/372 356/405/321
f 139/346/372 86/345/371 354/304/318 356/307/321
f 350/310/324 84/313/327 359/312/326 358/311/325
f 359/312/326 88/349/375 140/348/374 358/311/325
f 140/348/374 87/347/373 357/308/322 358/311/325
f 352/314/328 81/301/315 355/300/314 360/402/329
f 355/300/314 85/42/42 141/401/41 360/402/329
f 141/41/41 88/349/375 359/312/326 360/315/329
f 205/317/331 89/342/356 362/341/355 361/399/332
f 362/341/355 5/14/14 207/398/114 361/399/332
f 207/113/114 25/112/113 363/316/330 361/318/332
f 159/319/333 26/322/336 365/321/335 364/320/334
f 365/321/335 91/78/78 168/75/75 364/320/334
f 168/75/75 90/74/74 363/316/330 364/320/334
f 163/323/337 27/326/340 367/325/339 366/324/338
f 367/325/339 92/82/82 173/79/79 366/324/338
f 173/79/79 91/78/78 365/321/335 366/324/338
f 166/327/341 28/351/377 369/394/665 368/328/342
f 369/394/665 93/352/387 177/83/83 368/328/342
f 177/83/83 92/82/82 367/325/339 368/328/342
f 195/331/345 93/352/387 369/394/665 370/396/346
f 369/394/665 28/351/377 197/395/103 370/396/346
f 197/103/103 8/102/102 371/329/343 370/332/346
f 109/335/349 94/330/344 371/329/343 372/336/350
f 371/329/343 8/102/102 120/23/23 372/336/350
f 120/23/23 7/22/22 373/333/347 372/336/350
f 105/339/353 95/334/348 373/333/347 374/340/354
f 373/333/347 7/22/22 116/19/19 374/340/354
f 116/19/19 6/18/18 375/337/351 374/340/354
f 100/343/357 96/338/352 375/337/351 376/344/358
f 375/337/351 6/18/18 111/15/15 376/344/358
f 111/15/15 5/14/14 362/341/355 376/344/358
s 55
f 202/385/666 74/380/667 377/106/668 378/105/669
s off
f 74/380/670 199/379/671 379/107/672 377/106/673
f 199/379/674 73/378/675 381/358/676 379/107/677
s 56
f 73/378/678 200/504/679 382/503/680 381/358/681
f 200/382/679 75/381/682 383/360/683 382/359/680
s off
f 75/381/684 201/384/685 384/361/686 383/360/687
f 201/384/688 76/383/689 385/362/690 384/361/691
s 55
f 76/383/692 202/385/666 378/105/669 385/362/693
s 57
f 212/393/694 77/388/695 387/116/696 386/501/697
s off
f 77/388/698 209/387/699 388/117/700 387/116/701
f 209/387/702 78/386/703 390/363/704 388/117/705
s 58
f 78/386/706 210/390/707 391/364/708 390/363/709
f 210/390/707 79/389/710 392/365/711 391/364/708
s off
f 79/389/712 211/392/713 393/366/714 392/365/715
f 211/392/716 80/391/717 394/367/718 393/366/719
s 57
f 80/391/720 212/502/694 386/115/697 394/367/721
