# This file uses centimeters as units for non-parametric coordinates.

mtllib my_animation.0037.mtl
g default
v -17.140038 42.910469 -0.291380
v -3.523768 42.489311 2.248803
v 9.748088 43.374893 0.114573
v 23.763294 42.891079 -4.498322
v -14.356437 57.526218 8.319959
v -2.546892 48.190559 10.983143
v 15.609856 48.292423 9.626475
v 26.940815 57.646740 5.201423
v -11.835470 72.231911 32.596775
v -1.118231 62.613850 34.454937
v 14.072129 62.552158 35.243927
v 26.366915 73.369720 35.992947
v -15.226890 77.842896 41.489044
v 0.203601 79.169388 46.383686
v 11.644579 79.116829 46.941753
v 27.782728 80.221947 44.494640
v -13.752337 86.405724 34.622688
v -1.315658 89.332420 39.945881
v 13.859426 89.270584 40.716873
v 26.222273 87.210594 36.563862
v -11.156036 78.854912 28.068579
v -0.392515 82.822319 22.042421
v 14.797539 82.761772 22.815886
v 25.581417 79.107330 31.425846
v -14.765397 69.591843 3.825686
v -1.795529 72.966255 1.049674
v 13.316959 73.127388 0.052903
v 26.533445 69.968033 0.568760
v -13.926941 37.090855 -9.016402
v -2.204761 35.653934 -3.828521
v 8.442148 35.357594 -3.652334
v 20.638947 35.610195 -11.204810
v -21.008368 16.048582 17.773926
v -14.063911 16.896694 20.850210
v -18.341358 23.171040 27.723570
v -25.199106 22.000256 24.566782
v 22.415600 25.745718 25.065891
v 29.591028 24.562899 22.215843
v 33.161900 34.028145 26.681023
v 25.980314 35.147549 29.525826
v -10.592648 9.108644 -10.080697
v -3.996181 8.344240 -6.901852
v -8.460911 5.113577 1.228725
v -14.803660 6.072566 -2.308794
v 11.347126 8.141003 3.060414
v 18.124775 8.398098 -0.196212
v 22.444008 5.684582 9.003879
v 15.620274 5.224832 12.165132
v -10.555212 3.240955 -12.801473
v -2.974250 2.020623 -8.505918
v -9.262552 -0.462327 4.935383
v -19.262087 1.252574 -1.012269
v 10.123672 2.063311 1.471309
v 18.279203 2.545604 -2.347627
v 26.006830 0.416687 10.709559
v 15.319042 -0.371651 15.628779
v -24.879652 7.997823 12.731577
v -17.001045 6.551578 17.436670
v -25.728809 4.567882 13.104413
v -17.848591 3.121992 17.806910
v 22.349434 5.770119 28.954138
v 30.760983 6.508076 25.080326
v 22.780682 2.270414 29.273668
v 31.201399 3.017444 25.421526
v 50.882309 76.863503 25.716740
v 46.423676 75.700684 33.571972
v 49.825172 87.605835 26.353996
v 46.806973 86.323601 34.661392
v -36.815975 78.833046 20.149721
v -33.424046 73.652176 28.398985
v -35.192360 82.605461 33.920170
v -36.825684 88.112465 25.682384
v 67.280830 75.175774 51.817101
v 59.048485 74.543129 57.042465
v 67.148689 78.936333 52.064198
v 58.915661 78.303604 57.290871
v -60.046200 67.572128 35.607853
v -54.127403 63.823021 42.420589
v -54.322712 67.048103 44.365063
v -60.241512 70.797211 37.552326
v -2.174581 86.440491 57.716377
v 13.515645 86.070694 58.352417
v 17.266863 94.433914 44.916584
v -4.388974 94.624260 43.682629
v -1.891869 106.134293 67.167175
v 12.946667 105.808479 67.939026
v 13.582725 116.444572 53.515945
v -0.562583 116.755165 52.780155
v -14.786454 47.424927 1.336191
v -15.075398 48.262825 -9.817053
v -2.805542 48.640587 -12.883024
v 8.150143 47.664371 -14.993847
v 21.268513 45.901703 -15.241759
v 23.467836 45.101215 -4.273859
v 12.359481 44.392361 2.650166
v -2.377257 45.414154 5.216671
v -10.605590 45.196316 1.993110
v -12.007874 43.662907 2.498764
v -3.295355 43.661167 3.147018
v -9.608214 46.829109 4.050929
v -15.916267 45.008739 -0.916846
v 4.206817 42.525101 2.394474
v 3.277169 42.126640 2.437030
v 11.349758 42.955166 0.049824
v 5.171602 44.254272 4.397747
v 18.054579 44.108345 -2.630765
v 18.529593 44.083042 -1.934104
v 23.193926 43.496319 -5.836052
v 18.846809 44.956135 -0.474216
v -9.140466 58.718140 21.628735
v -9.944097 52.459259 9.896682
v -2.502938 54.844322 23.242046
v -8.510859 66.170998 32.549339
v -13.667488 63.156170 19.726849
v 6.910659 53.983162 22.199059
v 6.558017 47.436642 10.619740
v 16.325880 54.802414 23.122519
v 6.524963 63.625347 34.181404
v 23.298666 58.712635 21.614872
v 22.723928 52.645645 7.427607
v 28.439558 63.239895 20.129740
v 22.317389 66.350082 34.316406
v -7.469654 72.214592 40.873737
v -0.618805 71.886528 43.350952
v -8.424193 78.699471 46.189445
v -15.032171 73.445961 37.855042
v 6.064296 71.390511 43.158356
v 12.692734 71.839615 44.057831
v 5.836596 79.610184 50.079185
v 20.102642 72.503662 42.612507
v 28.684221 75.900375 41.831440
v 20.028593 79.186142 47.999046
v -8.394023 85.149841 44.392044
v -0.635792 85.551094 45.309856
v -8.884921 89.757698 39.097900
v -14.674340 82.728638 38.687511
v 5.633094 111.981224 68.057999
v 5.504177 105.786720 67.921608
v 14.391712 111.634377 63.806259
v 6.617468 118.066711 51.702530
v -3.582690 112.021034 62.887264
v 19.869232 85.701508 46.104980
v 27.107578 84.631088 41.090137
v 20.754353 90.303452 40.767643
v 12.684166 85.462387 45.927990
v -7.424870 87.007843 31.618256
v -0.948368 88.796013 32.888851
v -7.983077 82.011101 22.886724
v -12.888867 83.437302 29.522150
v 6.649640 88.766525 33.288631
v 6.280733 91.152184 41.485214
v 14.226178 88.743576 33.693748
v 7.195359 82.802094 22.450615
v 20.687798 87.167465 33.410000
v 26.267626 83.247467 32.423428
v 22.592125 82.068710 24.755915
v -8.271837 76.559425 12.622160
v -0.428861 76.973663 11.797036
v -9.422422 72.557426 2.235941
v -13.647259 73.828049 14.327862
v 7.200676 76.903946 11.868489
v 14.697473 77.041519 11.887409
v 5.771897 72.697739 -0.131123
v 22.596786 76.592628 12.744582
v 28.448212 74.134468 14.606597
v 20.889078 72.711746 -0.083640
v -8.919870 42.523476 -12.033637
v -9.700567 48.397770 -12.354060
v -2.439087 43.401756 -12.116721
v -8.321877 37.032875 -9.756026
v -14.333839 42.300793 -10.525146
v 2.573797 43.288345 -12.380176
v 2.614250 48.860851 -13.772629
v 7.653758 42.191544 -13.738058
v 2.670956 38.386787 -9.292991
v 14.507662 40.522137 -14.945526
v 15.221148 46.492050 -16.193460
v 20.530212 40.098114 -14.513731
v 14.551609 35.289356 -10.973084
v -9.766068 1.162657 -5.589810
v -5.635008 3.157196 -12.700513
v -4.649305 0.587516 -2.757880
v -14.301153 0.328082 1.992331
v -14.709341 2.213602 -8.585070
v 2.933904 42.569626 4.022683
v 13.457826 36.162910 9.044231
v -6.349803 32.024452 8.254865
v 16.895926 0.831810 5.157914
v 13.264450 2.790431 -2.492131
v 22.166458 1.335430 2.599187
v 20.682524 -0.018727 13.196154
v 11.506072 0.648183 7.574730
v 23.193167 41.475422 -10.722769
v 23.406363 38.836716 -8.423343
v 23.834312 45.415031 -10.391218
v 30.617046 68.841461 16.795341
v 28.731915 64.150337 2.590026
v 28.266380 75.214798 33.928379
v 63.077335 74.080170 54.452217
v 68.030540 76.766396 51.407509
v 62.915745 78.678871 54.754387
v 57.963032 75.992699 57.798248
v -16.448133 43.291615 -6.253155
v -16.701979 39.527302 -5.247189
v -16.546173 47.863144 -4.581063
v -15.823886 68.566093 16.274860
v -16.733566 63.891418 6.125478
v -13.502825 74.227753 29.088781
v -56.964790 64.984871 38.710209
v -53.465229 64.664459 44.064709
v -57.203632 68.928749 41.088062
v -60.703194 69.249161 35.733562
v -11.262699 24.565634 3.846016
v -8.411237 25.993629 7.496201
v -16.997551 16.042194 18.737467
v -16.679813 24.732656 4.122066
v -9.095853 30.650608 11.838669
v -13.182384 34.787346 15.164167
v -15.010766 20.205959 25.163460
v -17.671564 36.385391 14.051008
v -21.570101 33.749714 11.640873
v -22.522133 24.136225 27.609957
v -20.248838 29.137934 7.282878
v -24.225452 18.805754 21.008217
v 19.576813 27.847246 6.470175
v 25.024071 28.512041 6.303360
v 25.538778 24.345003 23.302780
v 16.316614 30.010399 9.663054
v 27.868380 34.094337 7.837048
v 28.594400 40.039902 10.584723
v 32.482323 29.338886 24.336559
v 24.253035 42.915714 12.116055
v 19.903959 41.606487 13.951728
v 30.073475 36.463608 28.954224
v 16.513489 36.139408 12.323550
v 23.069990 30.821650 27.979605
v -14.037931 20.525330 6.214721
v -10.470398 19.180744 8.790042
v -6.587218 9.576962 -9.962392
v -18.238295 18.279108 6.121421
v -9.372095 13.802440 11.830339
v -11.281278 8.424268 14.316616
v -4.785073 6.312630 -2.752685
v -15.129620 5.981027 13.620867
v -19.080084 7.342537 11.736474
v -13.248592 5.530417 2.029253
v -19.842428 12.469999 8.430044
v -13.390084 7.183230 -7.228295
v 19.915306 23.777620 11.383381
v 24.465233 22.510286 10.985660
v 14.021672 8.941572 -0.140988
v 16.961863 22.826828 14.833777
v 27.458498 18.022627 14.519905
v 28.356699 14.051521 19.353849
v 21.143007 6.669766 3.473777
v 24.988636 12.796445 22.313536
v 20.817295 14.552112 23.164911
v 20.272947 5.345754 13.210564
v 17.616980 18.563549 19.543579
v 12.276064 6.306099 7.709332
v -5.596824 6.272841 -12.071241
v -2.822128 5.103841 -8.020093
v -10.471862 6.222652 -12.200191
v -4.292808 3.408148 -2.498588
v -8.789930 2.273978 5.000590
v -22.006998 7.458034 16.927910
v -20.706516 8.216979 14.980776
v -27.010960 8.372324 13.942154
v -22.020695 2.908718 15.557786
v -17.003040 6.543745 19.913664
v -14.413756 4.920059 -8.202856
v -18.799740 3.983964 -0.923277
v 13.304383 5.883549 -2.004294
v 18.286417 5.510942 -1.928187
v 10.142692 5.083013 1.915386
v 22.079647 4.118417 2.838541
v 25.817286 3.197513 10.748515
v 27.439821 6.164798 28.956932
v 26.438747 7.089349 26.931856
v 22.095722 5.703942 31.410347
v 27.111200 1.680081 27.438641
v 32.779930 6.643297 26.497946
v 11.425561 3.491599 7.831807
v 15.123953 2.401675 15.660311
v -17.140491 6.560414 8.536462
v -21.578613 7.405518 5.910056
v -12.729981 5.765546 11.190617
v -22.742579 4.903866 5.742669
v -23.355179 2.176946 5.937152
v -18.329035 1.243399 8.897374
v -13.326108 0.339228 11.880778
v -12.716847 3.055255 11.696754
v 23.390921 6.030175 20.081144
v 18.678040 5.639628 22.273445
v 28.106945 6.438740 17.895798
v 18.337452 2.928068 22.705641
v 18.635321 0.145484 22.867743
v 23.990253 0.584173 20.433157
v 29.351871 1.040501 18.009710
v 29.031527 3.816433 17.801262
v 39.501526 75.267929 31.946972
v 37.764069 77.381111 28.077173
v 49.115314 74.630173 29.672661
v 41.159565 75.720871 36.252705
v 37.401127 81.557106 27.944481
v 37.824608 86.058128 29.885759
v 50.524029 81.971481 24.980429
v 39.535637 85.785843 34.284203
v 41.179070 84.244438 38.233356
v 49.016018 87.672348 30.777950
v 41.503288 79.443741 38.002369
v 45.973789 80.474731 34.869335
v -25.415211 75.366226 26.283148
v -27.001957 73.714058 30.442303
v -35.464569 74.749954 23.481081
v -24.103714 79.136787 23.771687
v -27.816051 76.271873 33.686214
v -28.109438 80.531136 35.964359
v -33.750496 77.247261 31.804520
v -26.785379 83.807686 33.066734
v -25.245104 86.147018 29.239273
v -36.620834 85.906761 30.201321
v -24.287037 82.992729 25.517916
v -36.763630 83.798973 21.713974
v 53.749748 73.059113 38.378265
v 57.849785 75.176903 35.324902
v 49.547340 74.456551 41.281151
v 58.478298 79.513329 34.662987
v 57.494610 84.959610 35.644356
v 53.438313 84.999443 38.941044
v 49.277550 84.209076 41.873306
v 48.462399 78.603989 42.171516
v -42.619080 70.131920 28.213184
v -39.724964 69.651764 32.670761
v -45.650314 73.781815 25.251467
v -39.285023 72.835052 35.636086
v -40.376766 78.082245 37.545132
v -43.366783 80.578819 33.946640
v -46.046604 82.441772 29.804386
v -46.341595 78.032310 26.366415
v 5.656064 77.459236 55.256714
v 12.146085 83.929459 50.646214
v 5.544458 84.444939 60.286808
v -0.383692 84.054558 50.138142
v 14.768190 86.546959 48.241234
v 12.422920 90.502396 44.609997
v 18.136127 90.208412 51.770565
v 6.334349 93.109756 42.478745
v -0.054008 90.581673 44.091717
v 6.466527 95.120819 43.753132
v -2.752069 86.734528 47.532196
v -6.040044 90.683540 50.721603
v 5.373833 97.237900 66.964310
v 16.265789 99.835304 65.744453
v -5.223783 100.307144 64.626640
v 18.356062 104.591957 57.591137
v 17.193348 107.833252 49.364006
v 6.671754 108.892670 46.786427
v -4.096648 108.300713 48.256573
v -6.247032 105.132164 56.311367
v -16.763100 58.774197 0.193580
v -13.960780 56.325928 6.178178
v -15.653487 60.859314 -5.489261
v -10.543430 61.827774 -8.889907
v -3.249337 61.362030 -10.498320
v 3.689246 61.973030 -11.206238
v 10.400477 61.033920 -12.502250
v 17.815792 60.393238 -13.335901
v 23.724638 58.710728 -11.922048
v 26.304131 56.390251 -6.675692
v 25.432312 54.033096 -0.299686
v 21.381508 53.303844 4.366267
v 15.662144 52.491325 7.433245
v 6.596415 53.465649 8.705142
v -2.631804 53.329350 9.960923
v -8.868134 54.788292 8.838705
v 66.164536 73.779587 69.044144
v 64.985489 75.414284 69.867332
v 70.521233 73.644539 66.257996
v 70.442474 75.885971 66.405281
v 75.092354 74.465714 63.376392
v 75.903122 76.253334 62.936359
v 74.943642 78.698021 63.654488
v 70.353378 78.421608 66.571884
v 66.015823 78.011894 69.322235
v -72.051056 64.523041 42.370228
v -71.335350 62.650654 42.201454
v -68.012955 60.159702 45.755325
v -68.126663 62.037254 46.887344
v -64.917068 58.585159 49.589119
v -64.202263 59.551456 51.404446
v -65.136871 62.214828 51.777523
v -68.261055 64.256561 48.225407
v -71.555168 66.280312 44.389854
vt 0.208431 0.494797
vt 0.208575 0.478116
vt 0.229443 0.475893
vt 0.229271 0.493426
vt 0.252729 0.492198
vt 0.256170 0.471571
vt 0.275357 0.475888
vt 0.275429 0.493819
vt 0.298111 0.492176
vt 0.294163 0.471736
vt 0.321331 0.475953
vt 0.321541 0.493432
vt 0.198757 0.641525
vt 0.200055 0.589825
vt 0.221664 0.590600
vt 0.219751 0.640956
vt 0.244967 0.639373
vt 0.247968 0.591507
vt 0.275466 0.591669
vt 0.275481 0.635804
vt 0.305994 0.639365
vt 0.302966 0.591494
vt 0.329276 0.590573
vt 0.331197 0.640955
vt 0.199789 0.728809
vt 0.197393 0.704590
vt 0.219517 0.692482
vt 0.227784 0.730211
vt 0.252859 0.733034
vt 0.249003 0.687406
vt 0.275511 0.688085
vt 0.275516 0.730408
vt 0.298175 0.733010
vt 0.302021 0.687396
vt 0.331536 0.692451
vt 0.323246 0.730162
vt 0.805511 0.686057
vt 0.204711 0.752714
vt 0.229559 0.760254
vt 0.782889 0.696424
vt 0.784986 0.875584
vt 0.254181 0.941082
vt 0.275435 0.940431
vt 0.742298 0.896742
vt 0.699334 0.736241
vt 0.297037 0.807427
vt 0.321459 0.760204
vt 0.696358 0.696343
vt 0.808954 0.641287
vt 0.805193 0.664541
vt 0.784300 0.671779
vt 0.785729 0.644267
vt 0.763331 0.647822
vt 0.762442 0.673765
vt 0.742276 0.741120
vt 0.739609 0.647377
vt 0.715889 0.647774
vt 0.716786 0.673709
vt 0.694936 0.671695
vt 0.693494 0.644181
vt 0.806875 0.557726
vt 0.810121 0.617205
vt 0.790367 0.607046
vt 0.787575 0.557696
vt 0.763367 0.556090
vt 0.764746 0.603486
vt 0.739627 0.603152
vt 0.739688 0.556093
vt 0.716014 0.556064
vt 0.714496 0.603455
vt 0.688836 0.606971
vt 0.691820 0.557642
vt 0.803405 0.420481
vt 0.802841 0.435733
vt 0.782960 0.432290
vt 0.783371 0.416064
vt 0.759505 0.410786
vt 0.759570 0.428509
vt 0.739756 0.426992
vt 0.739743 0.409699
vt 0.720007 0.410786
vt 0.719946 0.428500
vt 0.696571 0.432245
vt 0.696182 0.416016
vt 0.819305 0.093413
vt 0.797386 0.086157
vt 0.790779 0.072322
vt 0.822344 0.073237
vt 0.265809 0.416173
vt 0.762697 0.377789
vt 0.739788 0.389948
vt 0.275377 0.462947
vt 0.364323 0.097210
vt 0.342669 0.089884
vt 0.336664 0.075169
vt 0.367299 0.076188
vt 0.342559 0.494848
vt 0.342402 0.478170
vt 0.366070 0.480227
vt 0.366198 0.495669
vt 0.352247 0.641476
vt 0.350872 0.589816
vt 0.374237 0.588973
vt 0.374011 0.638442
vt 0.936729 0.462892
vt 0.940585 0.464321
vt 0.946953 0.476690
vt 0.936605 0.482861
vt 0.804780 0.405462
vt 0.824266 0.410023
vt 0.823186 0.423812
vt 0.805355 0.509178
vt 0.825584 0.509339
vt 0.825621 0.554997
vt 0.118742 0.522844
vt 0.058006 0.517789
vt 0.074507 0.510871
vt 0.084702 0.516921
vt 0.822269 0.350445
vt 0.784755 0.399833
vt 0.805305 0.347137
vt 0.793942 0.336256
vt 0.777469 0.322538
vt 0.236211 0.409364
vt 0.220899 0.415267
vt 0.203041 0.415110
vt 0.182178 0.419746
vt 0.685950 0.336155
vt 0.717407 0.377787
vt 0.694840 0.399772
vt 0.674409 0.347030
vt 0.657366 0.350391
vt 0.674734 0.405426
vt 0.637625 0.358046
vt 0.347747 0.415166
vt 0.329799 0.415381
vt 0.314324 0.409429
vt 0.706215 0.336018
vt 0.292514 0.404556
vt 0.870618 0.237836
vt 0.844433 0.293934
vt 0.832214 0.287148
vt 0.858351 0.228645
vt 0.844944 0.223065
vt 0.821107 0.280742
vt 0.243727 0.342391
vt 0.826584 0.212775
vt 0.214622 0.282882
vt 0.224361 0.346790
vt 0.210147 0.349538
vt 0.199596 0.284960
vt 0.184434 0.288656
vt 0.194986 0.352422
vt 0.864110 0.304875
vt 0.163133 0.290367
vt 0.634803 0.222910
vt 0.658751 0.280554
vt 0.647480 0.287052
vt 0.621343 0.228556
vt 0.609012 0.237734
vt 0.635143 0.293889
vt 0.375465 0.356065
vt 0.590820 0.249121
vt 0.366326 0.288752
vt 0.355651 0.352469
vt 0.340563 0.349608
vt 0.351134 0.285011
vt 0.336042 0.282967
vt 0.326383 0.346874
vt 0.678330 0.268182
vt 0.315081 0.275917
vt 0.789900 0.091626
vt 0.894734 0.181072
vt 0.223763 0.023658
vt 0.779683 0.072008
vt 0.205625 0.023651
vt 0.212375 0.030485
vt 0.208733 0.046428
vt 0.818124 0.043214
vt 0.919973 0.054113
vt 0.218394 0.124576
vt 0.231547 0.124829
vt 0.925982 0.076298
vt 0.853028 0.105343
vt 0.173602 0.224408
vt 0.245023 0.044913
vt 0.815784 0.102925
vt 0.335499 0.095534
vt 0.609223 0.166963
vt 0.147562 0.023794
vt 0.325939 0.074804
vt 0.129108 0.019171
vt 0.133886 0.026698
vt 0.125138 0.040618
vt 0.363323 0.044920
vt 0.461211 0.056389
vt 0.114656 0.083148
vt 0.128082 0.110700
vt 0.466974 0.079440
vt 0.396801 0.109583
vt 0.345740 0.218419
vt 0.158805 0.046562
vt 0.361009 0.107136
vt 0.212264 0.093809
vt 0.204982 0.218327
vt 0.226791 0.056935
vt 0.229179 0.093286
vt 0.246067 0.092223
vt 0.255137 0.092099
vt 0.884191 0.095549
vt 0.853655 0.095653
vt 0.854753 0.074189
vt 0.884265 0.075061
vt 0.885799 0.054616
vt 0.855335 0.052709
vt 0.203340 0.068369
vt 0.888472 0.044995
vt 0.116537 0.064410
vt 0.377147 0.224500
vt 0.136900 0.057215
vt 0.135301 0.068971
vt 0.159593 0.072808
vt 0.169578 0.075371
vt 0.426769 0.099419
vt 0.397393 0.099512
vt 0.398467 0.077209
vt 0.426850 0.078134
vt 0.428347 0.056895
vt 0.399054 0.054890
vt 0.111199 0.052142
vt 0.430928 0.046902
vt 0.398347 0.732496
vt 0.353774 0.704759
vt 0.655189 0.607952
vt 0.404645 0.715309
vt 0.625247 0.642548
vt 0.669008 0.617360
vt 0.670290 0.641156
vt 0.629866 0.657272
vt 0.633967 0.675274
vt 0.674058 0.664432
vt 0.345812 0.774768
vt 0.637449 0.692485
vt 0.387906 0.765553
vt 0.346295 0.752641
vt 0.351218 0.728717
vt 0.392980 0.747350
vt 0.854032 0.642643
vt 0.181252 0.694641
vt 0.859345 0.625630
vt 0.152631 0.732602
vt 0.157999 0.747449
vt 0.163074 0.765647
vt 0.167481 0.783084
vt 0.845329 0.675366
vt 0.849419 0.657366
vt 0.462802 0.754848
vt 0.433121 0.744888
vt 0.586158 0.633072
vt 0.469035 0.736153
vt 0.562716 0.661102
vt 0.591598 0.653084
vt 0.596668 0.669873
vt 0.567525 0.676181
vt 0.573571 0.695803
vt 0.602326 0.689166
vt 0.414557 0.801264
vt 0.575415 0.714705
vt 0.450039 0.789809
vt 0.420413 0.781867
vt 0.427222 0.762131
vt 0.457315 0.770152
vt 0.916571 0.661069
vt 0.887682 0.653104
vt 0.112049 0.724515
vt 0.922852 0.642462
vt 0.088177 0.754903
vt 0.117860 0.744959
vt 0.123753 0.762207
vt 0.093657 0.770210
vt 0.100926 0.789871
vt 0.130556 0.781946
vt 0.872833 0.708772
vt 0.104321 0.808576
vt 0.905760 0.695791
vt 0.876995 0.689207
vt 0.882631 0.669903
vt 0.911782 0.676158
vt 0.245118 0.820265
vt 0.256063 0.761423
vt 0.275458 0.816348
vt 0.275456 0.817082
vt 0.305796 0.819611
vt 0.322444 0.827635
vt 0.716707 0.746651
vt 0.742277 0.751635
vt 0.767846 0.746640
vt 0.232576 0.815700
vt 0.789238 0.746868
vt 0.242805 0.909093
vt 0.242913 0.847487
vt 0.275453 0.850080
vt 0.275444 0.899369
vt 0.308078 0.909112
vt 0.307992 0.847504
vt 0.685718 0.768892
vt 0.335635 0.923345
vt 0.710517 0.826756
vt 0.709025 0.772272
vt 0.742280 0.767854
vt 0.742288 0.823907
vt 0.774059 0.826743
vt 0.775535 0.772258
vt 0.216918 0.852154
vt 0.800161 0.835727
vt 0.803587 0.472219
vt 0.184266 0.511368
vt 0.823748 0.473030
vt 0.786007 0.508646
vt 0.783967 0.470951
vt 0.760849 0.468488
vt 0.762764 0.507838
vt 0.739729 0.507585
vt 0.739749 0.469813
vt 0.718652 0.468468
vt 0.716699 0.507812
vt 0.693463 0.508589
vt 0.695538 0.470900
vt 0.347089 0.550471
vt 0.343449 0.511536
vt 0.656251 0.437958
vt 0.370672 0.549455
vt 0.305626 0.550928
vt 0.300328 0.509969
vt 0.323635 0.511057
vt 0.326613 0.553291
vt 0.245263 0.550946
vt 0.250519 0.509979
vt 0.275426 0.509223
vt 0.275447 0.553833
vt 0.203857 0.550446
vt 0.207534 0.511493
vt 0.227207 0.511082
vt 0.224277 0.553331
vt 0.296688 0.941095
vt 0.317831 0.963343
vt 0.722395 0.859395
vt 0.742293 0.859091
vt 0.762190 0.859387
vt 0.672412 0.557619
vt 0.673996 0.509116
vt 0.676597 0.435714
vt 0.676064 0.420456
vt 0.798456 0.058765
vt 0.820876 0.052919
vt 0.343747 0.061021
vt 0.365907 0.055032
vt 0.963235 0.483911
vt 0.902883 0.489040
vt 0.909072 0.482168
vt 0.925033 0.475729
vt 0.931354 0.463643
vt 0.080884 0.498420
vt 0.084741 0.496992
vt 0.090126 0.497750
vt 0.096539 0.509638
vt 0.112499 0.516024
vt 0.245369 0.109349
vt 0.249130 0.116712
vt 0.914174 0.091435
vt 0.914507 0.075957
vt 0.915392 0.060496
vt 0.143488 0.116794
vt 0.145270 0.126440
vt 0.455609 0.095160
vt 0.455938 0.079081
vt 0.456800 0.063019
vt 0.982240 0.434188
vt 0.963585 0.427947
vt 0.946509 0.423110
vt 0.890921 0.433118
vt 0.882130 0.436526
vt 0.926679 0.423006
vt 0.909612 0.427375
vt 0.937930 0.422313
vt 0.075163 0.457134
vt 0.058225 0.461798
vt 0.039557 0.467684
vt 0.094859 0.456979
vt 0.083682 0.456346
vt 0.130564 0.466891
vt 0.111877 0.461251
vt 0.033116 0.470128
vt 0.675805 0.472192
vt 0.653419 0.509254
vt 0.655248 0.472962
vt 0.367019 0.511392
vt 0.176921 0.588998
vt 0.180547 0.549455
vt 0.822760 0.437993
vt 0.233028 0.963316
vt 0.215241 0.923308
vt 0.798841 0.768868
vt 0.699605 0.875602
vt 0.684417 0.835751
vt 0.333987 0.852188
vt 0.228471 0.827609
vt 0.254212 0.785439
vt 0.759269 0.697501
vt 0.785216 0.736222
vt 0.695315 0.746888
vt 0.719972 0.697428
vt 0.296799 0.785396
vt 0.318344 0.815723
vt 0.903939 0.714697
vt 0.136407 0.801345
vt 0.081951 0.736203
vt 0.893090 0.633076
vt 0.446638 0.808511
vt 0.606509 0.708725
vt 0.556410 0.642507
vt 0.438944 0.724452
vt 0.841861 0.692578
vt 0.205190 0.774839
vt 0.146366 0.715395
vt 0.823906 0.608060
vt 0.383498 0.782992
vt 0.673752 0.685953
vt 0.619881 0.625562
vt 0.369876 0.694574
vt 0.624476 0.158216
vt 0.327082 0.211968
vt 0.653476 0.212425
vt 0.306569 0.342322
vt 0.153133 0.050558
vt 0.361352 0.222428
vt 0.125968 0.045756
vt 0.396618 0.225899
vt 0.569871 0.190223
vt 0.388031 0.290471
vt 0.615162 0.304972
vt 0.596954 0.173816
vt 0.584932 0.180968
vt 0.909456 0.190131
vt 0.154402 0.225852
vt 0.888489 0.249012
vt 0.175675 0.355943
vt 0.241882 0.047343
vt 0.189385 0.222364
vt 0.213528 0.046751
vt 0.223402 0.212053
vt 0.855547 0.158550
vt 0.235225 0.276013
vt 0.801766 0.268578
vt 0.882733 0.173912
vt 0.870470 0.167071
vt 0.702590 0.322102
vt 0.284431 0.416033
vt 0.369025 0.419829
vt 0.654789 0.409992
vt 0.841623 0.358035
vt 0.185243 0.480200
vt 0.257695 0.404697
vt 0.773758 0.336466
vt 0.177136 0.638471
vt 0.185108 0.495641
vt 0.653403 0.554919
vt 0.655840 0.423782
vt 0.740026 0.329135
vt 0.739609 0.679991
vt 0.717946 0.727940
vt 0.321543 0.784229
vt 0.275425 0.981496
vt 0.229466 0.784279
vt 0.766602 0.727930
vt 0.275513 0.766895
vt 0.294962 0.761394
vt 0.158494 0.031032
vt 0.235614 0.029385
vt 0.253884 0.807420
vt 0.968218 0.693073
vt 0.970279 0.686813
vt 0.964692 0.720144
vt 0.041234 0.817480
vt 0.965692 0.701614
vt 0.035620 0.790589
vt 0.038855 0.799577
vt 0.026837 0.766821
vt 0.976742 0.669618
vt 0.033170 0.783659
vt 0.515345 0.790561
vt 0.512107 0.799546
vt 0.509721 0.817448
vt 0.514670 0.720260
vt 0.513647 0.701731
vt 0.511110 0.693195
vt 0.509040 0.686939
vt 0.502555 0.669755
vt 0.524137 0.766797
vt 0.517798 0.783632
vt 0.052820 0.522857
vt 0.139366 0.470253
vt 0.968347 0.489050
vt 0.988625 0.436785
vt 0.108883 0.091107
vt 0.106409 0.062482
vt 0.399209 0.044805
vt 0.459518 0.102060
vt 0.428604 0.109556
vt 0.167704 0.057128
vt 0.215342 0.132259
vt 0.203222 0.094543
vt 0.855471 0.043005
vt 0.918242 0.098075
vt 0.886101 0.105305
vt 0.255511 0.067846
vt 0.169019 0.047690
vt 0.166893 0.025823
vt 0.125973 0.120002
vt 0.337008 0.054912
vt 0.115292 0.038211
vt 0.149847 0.015689
vt 0.254586 0.043904
vt 0.241676 0.021944
vt 0.231922 0.132778
vt 0.791425 0.052872
vt 0.199112 0.046316
vt 0.223332 0.014444
vn -0.439878 0.541270 0.716613
vn -0.439878 0.541270 0.716613
vn -0.352640 0.371886 0.858688
vn -0.218944 0.136364 0.966162
vn -0.052567 -0.242629 0.968694
vn 0.126811 0.610617 0.781707
vn 0.034062 0.721106 0.691986
vn -0.014452 -0.470187 0.882449
vn -0.311689 0.450615 -0.836538
vn -0.139451 0.920641 0.364656
vn 0.155963 0.987162 -0.034441
vn 0.098890 0.985252 -0.139638
vn -0.853335 -0.408577 0.323858
vn -0.859255 -0.449499 0.244195
vn -0.619236 -0.752344 0.224776
vn -0.622172 -0.648406 0.438715
vn -0.247440 -0.811896 0.528771
vn -0.280497 -0.946365 0.160359
vn -0.016250 -0.993742 0.110511
vn 0.005620 -0.850590 0.525799
vn 0.269014 -0.831599 0.485876
vn 0.280267 -0.947729 0.152515
vn 0.611751 -0.770331 0.179863
vn 0.611412 -0.695640 0.377174
vn -0.385736 -0.748394 0.539550
vn -0.630521 -0.729833 0.264174
vn -0.580205 -0.639437 0.504462
vn -0.369246 -0.653584 0.660670
vn -0.168391 -0.632885 0.755712
vn -0.186320 -0.757526 0.625652
vn -0.024939 -0.775143 0.631294
vn -0.042015 -0.660004 0.750086
vn 0.088628 -0.634853 0.767533
vn 0.147848 -0.771379 0.618963
vn 0.534844 -0.666870 0.518870
vn 0.314695 -0.640781 0.700262
vn -0.451125 0.602168 0.658696
vn -0.491303 -0.136963 0.860153
vn -0.340172 -0.169004 0.925052
vn -0.367219 0.509878 0.777930
vn -0.633768 0.682023 0.364944
vn -0.549196 0.076359 0.832197
vn -0.051589 0.008907 0.998629
vn -0.019241 0.758338 0.651578
vn 0.364480 0.396490 0.842585
vn 0.056608 -0.340916 0.938388
vn 0.203108 -0.159848 0.966021
vn 0.198646 0.556885 0.806486
vn -0.022543 0.709526 -0.704319
vn -0.297518 0.954454 0.022377
vn -0.352029 0.912781 0.207139
vn -0.216685 0.872709 -0.437523
vn -0.057882 0.926690 -0.371343
vn -0.154183 0.987734 0.024660
vn 0.013536 0.982190 -0.187403
vn 0.022596 0.927862 -0.372239
vn 0.091788 0.923293 -0.372969
vn 0.116389 0.993093 0.014817
vn 0.253559 0.944206 0.210198
vn 0.248519 0.864180 -0.437528
vn -0.794285 0.591079 -0.140489
vn -0.561462 0.484164 -0.671078
vn -0.382420 0.820349 -0.425186
vn -0.341352 0.871714 -0.351560
vn -0.047530 0.909459 -0.413068
vn -0.049402 0.873208 -0.484837
vn 0.020891 0.875976 -0.481902
vn -0.002856 0.913729 -0.406313
vn 0.049319 0.922022 -0.383984
vn 0.090934 0.881277 -0.463769
vn 0.426656 0.827966 -0.363918
vn 0.335372 0.882306 -0.330244
vn -0.608561 -0.008095 -0.793466
vn -0.733968 0.120203 -0.668463
vn -0.273196 0.139475 -0.951794
vn -0.185261 -0.061644 -0.980754
vn -0.067143 -0.143565 -0.987361
vn -0.121876 0.107783 -0.986676
vn -0.163264 0.104235 -0.981061
vn -0.197448 -0.206059 -0.958412
vn -0.232485 -0.197976 -0.952238
vn -0.165084 0.093832 -0.981806
vn 0.005402 0.084680 -0.996394
vn -0.062788 -0.184943 -0.980742
vn -0.066480 -0.975287 -0.210701
vn -0.024467 -0.961316 -0.274360
vn -0.005166 -0.964769 -0.263046
vn -0.043630 -0.978443 -0.201854
vn 0.857478 -0.193515 0.476742
vn 0.686187 -0.726571 -0.035238
vn -0.052900 -0.956646 -0.286409
vn 0.009189 -0.701456 0.712653
vn -0.024205 -0.987623 -0.154967
vn -0.058721 -0.974274 -0.217584
vn -0.043868 -0.973923 -0.222596
vn -0.010119 -0.986766 -0.161836
vn 0.987342 0.108993 -0.115224
vn 0.987342 0.108993 -0.115224
vn 0.987342 0.108993 -0.115224
vn 0.987342 0.108993 -0.115224
vn 0.842238 -0.480650 0.244153
vn 0.875745 -0.476899 0.075088
vn 0.983388 -0.002255 -0.181505
vn 0.999572 0.029101 0.003047
vn 0.537600 -0.036463 0.842411
vn 0.537601 -0.036465 0.842410
vn 0.537601 -0.036465 0.842410
vn 0.537600 -0.036463 0.842411
vn -0.871693 -0.145954 -0.467812
vn -0.871693 -0.145954 -0.467812
vn -0.871693 -0.145954 -0.467812
vn -0.871693 -0.145954 -0.467812
vn -0.746326 0.584364 -0.318617
vn -0.998904 0.029450 0.036394
vn -0.991884 0.057284 0.113507
vn -0.794036 -0.348410 0.498113
vn -0.794036 -0.348414 0.498112
vn -0.794036 -0.348414 0.498112
vn -0.794036 -0.348410 0.498113
vn -0.027012 -0.798996 -0.600730
vn -0.078067 -0.722283 -0.687178
vn 0.196777 -0.763343 -0.615293
vn 0.261791 -0.802108 -0.536739
vn 0.928481 -0.219952 0.299239
vn 0.932988 -0.196661 0.301428
vn 0.440396 0.591870 0.675087
vn -0.122351 0.849340 0.513470
vn -0.251629 0.809562 0.530371
vn -0.963659 0.035515 -0.264764
vn -0.964746 0.079851 -0.250778
vn -0.964746 0.079851 -0.250778
vn -0.963942 0.041848 -0.262803
vn -0.459122 -0.880577 -0.117438
vn -0.424260 -0.885342 -0.190194
vn -0.159953 -0.935080 -0.316292
vn -0.206089 -0.946522 -0.248242
vn 0.862610 -0.366196 -0.349004
vn 0.857474 -0.372268 -0.355184
vn 0.857474 -0.372268 -0.355184
vn 0.863186 -0.365506 -0.348303
vn 0.514179 0.856199 0.050434
vn 0.386349 0.922264 -0.012756
vn 0.111424 0.989706 0.089810
vn 0.182225 0.968588 0.169208
vn -0.464957 0.778883 0.420900
vn -0.819307 -0.148037 0.553914
vn -0.771260 0.348329 0.532752
vn -0.603922 0.695732 -0.388890
vn -0.534257 0.844083 -0.045742
vn -0.188312 0.957490 0.218523
vn 0.064205 0.958916 -0.276330
vn 0.658118 0.751181 0.051071
vn 0.364129 0.903176 0.227338
vn 0.749388 -0.285622 0.597359
vn 0.929800 -0.021530 0.367435
vn 0.448897 -0.654068 0.608841
vn 0.111175 -0.615664 0.780127
vn -0.165737 -0.667508 0.725923
vn -0.114869 -0.845079 0.522156
vn -0.677300 -0.700564 0.224668
vn -0.417733 -0.672645 0.610777
vn -0.955783 -0.257814 -0.141457
vn -0.941176 -0.002904 -0.337905
vn -0.792563 0.606806 -0.060256
vn -0.507201 0.861435 -0.026023
vn 0.031520 0.988801 -0.145872
vn -0.233951 0.815745 -0.528988
vn 0.463216 0.600924 -0.651399
vn 0.348349 0.843089 -0.409701
vn 0.962188 -0.156539 -0.222912
vn 0.897228 -0.020645 -0.441085
vn 0.841107 -0.459107 0.285937
vn 0.572063 -0.366087 0.733979
vn 0.346376 -0.344926 0.872381
vn 0.319446 -0.557333 0.766377
vn -0.340273 -0.373576 0.862934
vn 0.072238 -0.301982 0.950573
vn -0.655279 -0.114086 0.746722
vn -0.876650 0.012820 0.480957
vn -0.009849 0.562815 -0.826524
vn -0.009849 0.562815 -0.826524
vn 0.416287 0.575303 -0.704082
vn 0.455497 0.570197 -0.683666
vn 0.930886 0.210437 0.298611
vn 0.930886 0.210437 0.298611
vn 0.930886 0.210437 0.298611
vn 0.930886 0.210437 0.298611
vn 0.153175 0.965111 0.212366
vn 0.153175 0.965110 0.212366
vn 0.078754 0.982415 0.169287
vn 0.078782 0.982410 0.169303
vn -0.652200 0.734670 -0.186799
vn -0.652200 0.734670 -0.186799
vn -0.652200 0.734670 -0.186799
vn -0.652200 0.734670 -0.186799
vn -0.730894 0.472090 -0.492875
vn -0.730894 0.472090 -0.492875
vn -0.387382 0.545762 -0.743020
vn -0.384436 0.545937 -0.744420
vn 0.784370 0.373848 -0.494977
vn 0.784370 0.373848 -0.494977
vn 0.784370 0.373848 -0.494977
vn 0.784370 0.373848 -0.494977
vn 0.079907 0.984576 0.155643
vn 0.079907 0.984576 0.155643
vn 0.002517 0.981387 0.192025
vn 0.002070 0.981348 0.192231
vn -0.716039 0.490060 0.497121
vn -0.716039 0.490060 0.497121
vn -0.716039 0.490060 0.497121
vn -0.716039 0.490060 0.497121
vn 0.137101 0.990002 -0.033170
vn 0.137101 0.990002 -0.033170
vn 0.178681 0.983793 -0.015006
vn 0.179781 0.983599 -0.014522
vn -0.627819 0.563165 -0.537297
vn -0.627819 0.563165 -0.537297
vn -0.627819 0.563165 -0.537297
vn -0.627819 0.563165 -0.537297
vn -0.192826 -0.981081 0.017247
vn -0.140622 -0.986643 -0.082229
vn -0.125339 -0.989223 -0.075688
vn -0.184990 -0.982577 0.017901
vn 0.844242 -0.156348 0.512651
vn 0.850639 -0.156451 0.501932
vn 0.851260 -0.156460 0.500876
vn 0.844242 -0.156348 0.512651
vn -0.126325 0.991784 -0.020144
vn -0.126325 0.991784 -0.020144
vn -0.093088 0.995159 -0.031510
vn -0.092991 0.995167 -0.031544
vn -0.885792 0.350104 0.304631
vn -0.885792 0.350104 0.304631
vn -0.885792 0.350104 0.304631
vn -0.885792 0.350104 0.304631
vn 0.089816 -0.995311 0.035911
vn 0.041142 -0.998175 -0.044197
vn 0.052488 -0.997602 -0.045109
vn 0.095153 -0.994777 0.036938
vn 0.904964 0.070240 -0.419651
vn 0.904936 0.068028 -0.420075
vn 0.904935 0.067951 -0.420089
vn 0.904964 0.070240 -0.419651
vn 0.243184 -0.863923 0.441021
vn 0.635601 -0.662887 0.395717
vn -0.068662 -0.899570 -0.431346
vn -0.077042 -0.931105 -0.356523
vn -0.232252 -0.457805 -0.858181
vn 0.718162 0.452986 -0.528249
vn 0.040678 0.573130 -0.818454
vn -0.274378 0.218511 -0.936466
vn -0.195767 0.828317 -0.524944
vn 0.210457 0.968551 -0.132729
vn 0.321897 0.762000 0.561906
vn 0.046101 0.942412 0.331261
vn 0.330185 0.418033 0.846301
vn 0.406704 0.075459 0.910438
vn 0.388340 -0.580735 0.715499
vn 0.416612 -0.403575 0.814593
vn 0.286568 -0.071688 -0.955374
vn 0.106938 -0.730536 -0.674449
vn 0.156177 -0.735331 -0.659467
vn -0.109678 -0.992498 0.054026
vn -0.324441 -0.703890 0.631884
vn -0.344239 0.078389 0.935604
vn -0.144507 0.759036 0.634809
vn 0.097214 0.988776 -0.113456
vn 0.269221 0.590492 -0.760815
vn -0.522278 -0.820240 0.233308
vn -0.315143 -0.903917 0.289168
vn -0.001582 -0.951420 -0.307891
vn 0.049556 -0.996431 -0.068327
vn 0.576428 -0.708318 -0.407453
vn 0.290360 -0.485687 -0.824500
vn 0.315996 0.123092 -0.940742
vn 0.838625 0.070907 -0.540075
vn 0.636100 0.747798 -0.190198
vn 0.237680 0.677440 -0.696120
vn 0.033261 0.989909 0.137745
vn 0.124366 0.955018 0.269209
vn -0.455263 0.748996 0.481394
vn -0.202554 0.831507 0.517270
vn -0.490375 -0.102317 0.865484
vn -0.884579 -0.041989 0.464495
vn -0.348231 -0.426341 -0.834846
vn -0.072158 -0.109335 -0.991382
vn 0.147160 -0.738582 -0.657906
vn 0.040544 -0.854294 -0.518207
vn 0.433855 -0.900976 -0.003452
vn 0.309988 -0.950715 0.007026
vn 0.266014 -0.493403 0.828125
vn 0.632381 -0.344753 0.693715
vn 0.168182 0.413389 0.894888
vn 0.026938 0.434684 0.900180
vn -0.142709 0.821814 0.551593
vn -0.270364 0.743277 0.611917
vn -0.588496 0.808494 0.003141
vn -0.174794 0.934950 -0.308731
vn -0.148224 0.532070 -0.833625
vn -0.629988 0.361383 -0.687399
vn -0.568891 -0.798808 0.195623
vn -0.568891 -0.798808 0.195623
vn -0.568891 -0.798808 0.195623
vn -0.568891 -0.798808 0.195623
vn 0.922898 -0.384541 -0.019685
vn 0.922898 -0.384541 -0.019685
vn 0.972562 -0.225249 -0.058194
vn 0.652336 0.029158 -0.757369
vn 0.016237 0.878315 -0.477806
vn 0.047628 0.401195 -0.914754
vn -0.608226 0.053930 -0.791930
vn -0.497567 0.396436 0.771535
vn -0.976973 -0.186369 -0.103876
vn -0.766140 -0.237231 0.597287
vn -0.699508 -0.473632 0.535127
vn -0.048118 -0.612965 0.788643
vn -0.053706 -0.408280 0.911276
vn 0.694906 -0.254936 0.672393
vn 0.632443 -0.501122 0.590671
vn 0.970070 -0.238421 0.046035
vn 0.986818 0.082673 0.139124
vn 0.730700 0.332885 -0.596041
vn 0.712180 0.106453 -0.693879
vn 0.055730 0.237577 -0.969769
vn 0.056515 0.354859 -0.933210
vn -0.646170 0.354773 -0.675722
vn -0.638205 0.137365 -0.757512
vn -0.980500 -0.192381 -0.040107
vn -0.993483 0.111600 0.023154
vn -0.757993 0.360223 -0.543771
vn -0.999690 -0.010887 -0.022405
vn -0.999814 0.017452 0.008197
vn -0.289398 0.808876 -0.511829
vn -0.307267 0.504254 -0.807041
vn -0.133376 0.502125 -0.854448
vn -0.088234 0.831594 -0.548330
vn -0.046341 0.830860 -0.554549
vn -0.103826 0.543812 -0.832759
vn -0.067072 0.520414 -0.851276
vn 0.002886 0.844782 -0.535102
vn 0.209645 0.817865 -0.535860
vn 0.115430 0.505760 -0.854917
vn 0.898307 -0.398055 0.186002
vn 0.861952 -0.405171 0.304754
vn 0.951869 -0.133874 -0.275721
vn 0.963412 -0.036572 -0.265520
vn 0.269621 -0.891982 0.362868
vn 0.251239 -0.612504 0.749478
vn 0.491220 -0.607526 0.624192
vn 0.557852 -0.711167 0.427835
vn -0.141677 -0.899496 0.413321
vn -0.065821 -0.540428 0.838812
vn 0.103498 -0.559446 0.822380
vn 0.057872 -0.922270 0.382190
vn -0.827900 -0.341457 0.444959
vn -0.801506 -0.267531 0.534804
vn -0.356964 -0.494948 0.792214
vn -0.436291 -0.682027 0.586931
vn -0.158614 -0.719877 0.675736
vn -0.344537 -0.614428 0.709770
vn -0.934887 -0.102728 0.339754
vn -0.024705 -0.915603 -0.401325
vn 0.218686 -0.876552 0.428759
vn 0.056942 -0.800886 0.596104
vn 0.256610 0.952584 0.163510
vn 0.256610 0.952584 0.163510
vn 0.885942 -0.418244 0.200445
vn 0.278078 -0.877459 0.390819
vn -0.171132 -0.327364 0.929272
vn -0.045156 -0.529159 0.847321
vn 0.483026 0.083849 0.871582
vn 0.608700 0.661248 0.438447
vn 0.547655 0.826910 -0.127648
vn 0.034834 0.963852 -0.264152
vn -0.474343 0.862416 -0.176738
vn 0.788816 0.585671 -0.186436
vn 0.684874 0.569992 -0.453935
vn 0.069313 -0.637977 -0.766930
vn 0.180737 -0.527172 -0.830316
vn 0.150248 -0.514781 -0.844053
vn -0.182837 -0.343172 -0.921306
vn -0.182837 -0.343172 -0.921306
vn -0.290444 -0.729612 -0.619119
vn -0.611224 -0.785838 0.094149
vn -0.021968 -0.747223 -0.664210
vn -0.243191 -0.652112 -0.718058
vn 0.515018 0.021708 -0.856905
vn 0.404497 -0.181398 -0.896369
vn 0.008116 -0.599416 -0.800397
vn 0.008116 -0.599416 -0.800397
vn -0.338610 -0.681824 -0.648429
vn -0.321539 -0.680033 -0.658914
vn 0.014254 -0.967745 -0.251527
vn -0.024430 -0.981806 -0.188311
vn -0.109295 -0.991485 -0.070801
vn -0.028928 -0.973330 -0.227579
vn 0.006778 -0.986473 -0.163782
vn 0.063205 -0.996890 -0.047062
vn 0.828184 -0.323020 -0.458006
vn 0.828184 -0.323020 -0.458006
vn 0.828184 -0.323020 -0.458006
vn 0.828184 -0.323020 -0.458006
vn 0.913402 -0.156322 -0.375845
vn 0.986651 0.039671 0.157944
vn 0.537600 -0.036464 0.842412
vn 0.537600 -0.036464 0.842412
vn 0.537601 -0.036463 0.842411
vn 0.537601 -0.036463 0.842411
vn 0.537601 -0.036463 0.842410
vn 0.537601 -0.036463 0.842410
vn 0.537600 -0.036461 0.842412
vn 0.537600 -0.036461 0.842411
vn -0.971099 0.217260 -0.098813
vn -0.971099 0.217260 -0.098813
vn -0.971099 0.217260 -0.098813
vn -0.971099 0.217260 -0.098813
vn -0.973245 0.012585 -0.229426
vn -0.984335 0.075358 0.159395
vn -0.794036 -0.348408 0.498116
vn -0.794036 -0.348408 0.498116
vn -0.794036 -0.348409 0.498115
vn -0.794036 -0.348409 0.498115
vn -0.794036 -0.348409 0.498115
vn -0.794036 -0.348409 0.498115
vn -0.794037 -0.348408 0.498114
vn -0.794037 -0.348408 0.498114
vn 0.500375 -0.730462 -0.464812
vn 0.534411 -0.758964 -0.371993
vn 0.566824 -0.781970 -0.259294
vn 0.294919 -0.863013 -0.410161
vn 0.021425 -0.859537 -0.510624
vn 0.745532 0.241097 0.621333
vn 0.753772 0.304736 0.582207
vn 0.753772 0.304736 0.582207
vn 0.941724 -0.139651 0.306028
vn 0.941724 -0.139651 0.306028
vn -0.496987 0.796652 0.344019
vn -0.628415 0.700622 0.337970
vn -0.717578 0.614773 0.327317
vn -0.364798 0.742117 0.562303
vn 0.112312 0.711749 0.693398
vn -0.832132 -0.297601 -0.467963
vn -0.832132 -0.297601 -0.467963
vn -0.821729 -0.316568 -0.473864
vn -0.820507 -0.318737 -0.474527
vn -0.809365 -0.337994 -0.480301
vn -0.809365 -0.337994 -0.480301
vn -0.961083 -0.002390 -0.276250
vn -0.961083 -0.002390 -0.276250
vn 0.064442 -0.915100 -0.398045
vn 0.061755 -0.944712 -0.322033
vn 0.058467 -0.969173 -0.239342
vn -0.220901 -0.965031 -0.141133
vn -0.500039 -0.865736 -0.021503
vn 0.960861 0.074068 -0.266945
vn 0.960861 0.074068 -0.266945
vn 0.962563 0.032052 -0.269158
vn 0.962359 0.040445 -0.268754
vn 0.962735 0.002246 -0.270437
vn 0.962735 0.002246 -0.270437
vn 0.867922 -0.359766 -0.342463
vn 0.867922 -0.359766 -0.342463
vn -0.160002 0.895448 0.415419
vn 0.267149 0.922497 0.278625
vn 0.612869 0.783420 0.103174
vn -0.901595 -0.196083 0.385588
vn -0.909469 -0.174641 0.377315
vn -0.931846 -0.102382 0.348110
vn -0.931846 -0.102382 0.348110
vn -0.805590 0.367735 0.464538
vn -0.805590 0.367735 0.464538
vn 0.779398 0.618114 -0.102339
vn 0.204901 0.856332 -0.474038
vn -0.508844 0.616823 -0.600506
vn 0.746237 -0.566533 0.349530
vn 0.962380 0.109416 0.248703
vn -0.886268 -0.389267 -0.251000
vn -0.068127 -0.994120 0.084167
vn -0.886759 0.121908 -0.445867
vn 0.445669 0.425330 -0.787702
vn -0.348200 0.658659 -0.667028
vn -0.893556 0.434362 -0.113518
vn 0.900419 -0.403919 -0.161543
vn 0.856486 0.011136 -0.516050
vn -0.707780 -0.333619 0.622692
vn 0.232021 -0.811042 0.537007
vn -0.933170 0.058896 0.354578
vn 0.774616 0.466662 -0.426845
vn 0.774616 0.466662 -0.426845
vn 0.841786 0.070432 -0.535197
vn 0.841786 0.070432 -0.535197
vn 0.507903 0.148877 -0.848452
vn 0.495547 0.150836 -0.855384
vn 0.023679 0.197320 -0.980053
vn 0.023679 0.197320 -0.980053
vn 0.693615 0.426558 0.580471
vn 0.693615 0.426558 0.580471
vn 0.693615 0.426558 0.580471
vn 0.693615 0.426558 0.580471
vn 0.856811 -0.156529 0.491297
vn 0.856811 -0.156529 0.491297
vn 0.964686 -0.113129 0.237870
vn 0.964686 -0.113129 0.237870
vn 0.964686 -0.113129 0.237870
vn 0.964686 -0.113129 0.237870
vn 0.003857 0.992151 0.124984
vn 0.003857 0.992151 0.124984
vn -0.566996 -0.289875 0.771031
vn -0.566996 -0.289875 0.771031
vn -0.528777 -0.297134 0.795051
vn -0.528793 -0.297131 0.795042
vn -0.489514 -0.303762 0.817377
vn -0.489514 -0.303762 0.817377
vn -0.735180 0.439184 -0.516360
vn -0.735180 0.439184 -0.516360
vn -0.735180 0.439184 -0.516360
vn -0.735180 0.439184 -0.516360
vn -0.725409 0.163913 -0.668516
vn -0.725409 0.163913 -0.668516
vn -0.725409 0.163913 -0.668516
vn -0.725409 0.163913 -0.668516
vn -0.854496 0.161871 -0.493592
vn -0.847992 0.158794 -0.505662
vn -0.848449 0.159009 -0.504826
vn -0.854496 0.161871 -0.493592
vn 0.053701 0.513048 -0.856678
vn 0.053701 0.513048 -0.856678
vn 0.030943 0.147796 -0.988534
vn 0.030943 0.147796 -0.988534
vn -0.429389 0.138746 -0.892398
vn -0.432174 0.138581 -0.891079
vn -0.786517 0.100480 -0.609340
vn -0.786517 0.100480 -0.609340
vn 0.765848 0.610976 -0.200464
vn 0.765848 0.610976 -0.200464
vn 0.765848 0.610976 -0.200464
vn 0.765848 0.610976 -0.200464
vn 0.904906 0.065978 -0.420466
vn 0.904906 0.065978 -0.420466
vn 0.792238 0.080296 -0.604906
vn 0.792238 0.080296 -0.604906
vn 0.792238 0.080296 -0.604906
vn 0.792238 0.080296 -0.604906
vn -0.075404 0.970918 0.227227
vn -0.075404 0.970918 0.227227
vn 0.371419 -0.375285 0.849241
vn 0.371419 -0.375285 0.849241
vn 0.413757 -0.371384 0.831191
vn 0.414061 -0.371353 0.831054
vn 0.455618 -0.366641 0.811164
vn 0.455618 -0.366641 0.811164
vn -0.920023 0.272988 0.281132
vn -0.920023 0.272988 0.281132
vn -0.920023 0.272988 0.281132
vn -0.920023 0.272988 0.281132
vn -0.977505 -0.035122 0.207966
vn -0.977505 -0.035122 0.207966
vn -0.977505 -0.035122 0.207966
vn -0.977505 -0.035122 0.207966
vn -0.905390 -0.065977 0.419424
vn -0.905330 -0.068156 0.419205
vn -0.905334 -0.068025 0.419218
vn -0.905390 -0.065977 0.419424
vn 0.221296 0.975199 0.003816
vn 0.221296 0.975199 0.003816
vn 0.128689 0.986566 -0.100630
vn 0.128689 0.986566 -0.100630
vn 0.211255 0.976022 -0.052472
vn 0.211539 0.975969 -0.052303
vn 0.292192 0.956353 -0.003628
vn 0.292192 0.956353 -0.003628
vn -0.841315 0.155682 -0.517641
vn -0.841315 0.155682 -0.517641
vn -0.924209 -0.057563 -0.377525
vn -0.924209 -0.057563 -0.377525
vn -0.924209 -0.057563 -0.377525
vn -0.924209 -0.057563 -0.377525
vn -0.578766 0.665353 -0.471524
vn -0.578767 0.665353 -0.471524
vn -0.578766 0.665353 -0.471524
vn -0.578766 0.665353 -0.471524
vn -0.177019 -0.984032 0.018564
vn -0.193258 -0.957883 0.212393
vn -0.193258 -0.957883 0.212393
vn -0.272739 -0.947581 0.166446
vn -0.272347 -0.947652 0.166679
vn -0.349716 -0.929243 0.119190
vn -0.349716 -0.929243 0.119190
vn 0.874191 0.264261 0.407377
vn 0.874191 0.264261 0.407377
vn 0.874191 0.264261 0.407377
vn 0.874191 0.264261 0.407377
vn 0.832691 0.410855 0.371248
vn 0.832691 0.410855 0.371247
vn 0.832691 0.410855 0.371248
vn 0.832691 0.410855 0.371248
vn 0.713111 -0.357868 0.602830
vn 0.713111 -0.357868 0.602830
vn 0.713111 -0.357868 0.602830
vn 0.713111 -0.357868 0.602830
vn -0.059711 0.997296 -0.042847
vn -0.059711 0.997296 -0.042847
vn -0.187550 0.982232 0.006774
vn -0.187550 0.982232 0.006774
vn -0.101365 0.994269 -0.033962
vn -0.100987 0.994302 -0.034139
vn -0.014182 0.997127 -0.074413
vn -0.014182 0.997127 -0.074413
vn -0.905261 -0.070475 0.418970
vn -0.905261 -0.070475 0.418970
vn -0.805649 -0.291245 0.515855
vn -0.805649 -0.291245 0.515855
vn -0.805649 -0.291245 0.515855
vn -0.805649 -0.291245 0.515855
vn -0.817857 0.489509 0.302476
vn -0.817857 0.489509 0.302476
vn -0.817857 0.489509 0.302476
vn -0.817857 0.489509 0.302476
vn 0.100405 -0.994223 0.037948
vn 0.240254 -0.962961 0.122413
vn 0.240254 -0.962961 0.122413
vn 0.156458 -0.974637 0.160010
vn 0.156142 -0.974665 0.160148
vn 0.071214 -0.977959 0.196280
vn 0.071214 -0.977959 0.196280
vn 0.747687 0.481114 -0.457705
vn 0.747687 0.481114 -0.457705
vn 0.747687 0.481114 -0.457705
vn 0.747687 0.481114 -0.457705
vn 0.690281 0.609766 -0.389484
vn 0.690281 0.609766 -0.389484
vn 0.690281 0.609766 -0.389484
vn 0.690281 0.609766 -0.389484
vn 0.947072 -0.147475 -0.285142
vn 0.947072 -0.147475 -0.285142
vn 0.947072 -0.147475 -0.285142
vn 0.947072 -0.147475 -0.285142
vn 0.537368 -0.789559 -0.296367
vn 0.072003 -0.997377 -0.007367
vn -0.440425 -0.855230 0.273142
vn 0.597709 0.799326 -0.061829
vn 0.880358 0.034303 -0.473068
vn -0.420006 0.735934 0.531033
vn 0.123287 0.948074 0.293183
vn -0.841623 -0.077534 0.534471
vn 0.365704 -0.930663 -0.011226
vn -0.003188 -0.878218 -0.478249
vn -0.346876 -0.523105 -0.778484
vn 0.153849 0.385122 0.909951
vn 0.600978 -0.388032 0.698753
vn -0.589132 0.799985 0.113784
vn -0.276233 0.728107 0.627340
vn -0.663649 0.317932 -0.677118
vn 0.536673 -0.813414 0.224364
vn 0.536674 -0.813414 0.224364
vn 0.536673 -0.813414 0.224364
vn 0.536673 -0.813414 0.224364
vn 0.656351 -0.704805 0.269169
vn -0.040453 -0.850738 0.524031
vn -0.704236 -0.669916 0.235085
vn 0.745738 -0.622965 -0.236196
vn -0.932802 -0.355126 -0.061366
vn -0.932802 -0.355126 -0.061366
vn -0.764764 -0.588920 -0.261362
vn 0.598145 0.334931 -0.728041
vn -0.864740 -0.063777 0.498153
vn -0.660145 -0.664234 0.350718
vn -0.660145 -0.664234 0.350718
vn -0.864772 -0.062860 0.498215
vn -0.074219 -0.997230 -0.004838
vn -0.074219 -0.997230 -0.004838
vn -0.074219 -0.997230 -0.004838
vn -0.074219 -0.997230 -0.004838
vn 0.130674 -0.982397 -0.133491
vn 0.130674 -0.982397 -0.133491
vn 0.130674 -0.982397 -0.133491
vn 0.130674 -0.982397 -0.133491
vn 0.721676 -0.462820 -0.514763
vn 0.824655 0.065864 -0.561789
vn 0.824653 0.065901 -0.561786
vn 0.721676 -0.462820 -0.514763
vn 0.747931 0.445136 -0.492396
vn 0.747931 0.445137 -0.492396
vn -0.033237 0.998532 0.042769
vn -0.033237 0.998532 0.042769
vn -0.033237 0.998532 0.042769
vn -0.033237 0.998532 0.042769
vn -0.057186 0.996689 0.057803
vn -0.057186 0.996689 0.057803
vn -0.057186 0.996689 0.057803
vn -0.057186 0.996689 0.057803
vn -0.778205 0.415379 0.471016
vn -0.778205 0.415379 0.471016
vn -0.579675 0.394679 -0.712885
vn -0.467008 -0.107793 -0.877658
vn -0.467008 -0.107793 -0.877658
vn -0.579677 0.394711 -0.712866
vn -0.014895 -0.801810 -0.597393
vn -0.014895 -0.801810 -0.597393
vn -0.014895 -0.801811 -0.597393
vn -0.014895 -0.801811 -0.597393
vn 0.132833 -0.893668 -0.428617
vn 0.132833 -0.893668 -0.428617
vn 0.132833 -0.893668 -0.428617
vn 0.132833 -0.893668 -0.428617
vn 0.536365 -0.816607 0.213227
vn 0.639158 -0.368717 0.674926
vn 0.639112 -0.367993 0.675364
vn 0.536365 -0.816607 0.213227
vn 0.537990 0.079047 0.839237
vn 0.537990 0.079047 0.839237
vn -0.028357 0.855825 0.516487
vn -0.028357 0.855825 0.516487
vn -0.028357 0.855825 0.516487
vn -0.028357 0.855825 0.516487
vn -0.045633 0.866656 0.496814
vn -0.045633 0.866656 0.496814
vn -0.045633 0.866656 0.496814
vn -0.045633 0.866656 0.496814
vn -0.555571 0.693544 -0.458626
vn -0.555571 0.693544 -0.458625
s 1
g pCube1
usemtl pCube1SG
f 101/1/1 1/2/2 98/3/3 97/4/4
f 99/5/5 2/6/6 103/7/7 102/8/8
f 104/9/9 3/10/10 107/11/11 106/12/12
s 3
f 114/13/13 5/14/14 111/15/15 110/16/16
f 112/17/17 6/18/18 116/19/19 115/20/20
f 117/21/21 7/22/22 120/23/23 119/24/24
f 126/25/25 9/26/26 113/27/27 123/28/28
f 124/29/29 10/30/30 118/31/31 127/32/32
f 128/33/33 11/34/34 122/35/35 130/36/36
f 136/424/37 13/38/38 125/39/39 133/474/40
f 141/401/41 85/42/42 138/43/43 137/473/44
f 145/413/45 15/477/46 132/47/47 142/472/48
f 149/49/49 17/50/50 135/51/51 146/52/52
f 147/53/53 18/54/54 151/470/55 150/56/56
f 152/57/57 19/58/58 144/59/59 154/60/60
f 160/61/61 21/62/62 148/63/63 157/64/64
f 158/65/65 22/66/66 153/67/67 161/68/68
f 162/69/69 23/70/70 156/71/71 164/72/72
f 171/73/73 90/74/74 168/75/75 167/76/76
f 169/77/77 91/78/78 173/79/79 172/80/80
f 174/81/81 92/82/82 177/83/83 176/84/84
s 10
f 184/85/85 49/86/86 181/87/87 180/88/88
s 1
f 187/464/89 30/90/90 175/91/91 185/469/92
s 12
f 192/93/93 53/94/94 189/95/95 188/96/96
s off
f 108/97/97 4/98/98 194/99/99 193/100/100
s 3
f 121/101/101 8/102/102 197/103/103 196/104/104
s 13
f 378/105/105 377/106/106 379/107/107 380/108/108
s off
f 171/73/109 29/109/110 204/110/111 203/111/112
s 3
f 160/61/61 25/112/113 207/113/114 206/114/115
s 14
f 386/501/116 387/116/117 388/117/118 389/118/119
s 15
f 216/119/120 29/109/121 170/120/122 213/121/123
s 1
f 214/122/124 30/90/90 187/464/89 217/123/125
f 218/124/126 2/6/6 98/3/127 220/125/128
s 17
f 221/126/129 1/2/130 204/462/131 223/127/132
s 18
f 228/128/133 31/129/134 179/130/135 225/131/136
s 19
f 226/132/137 32/133/138 194/460/139 229/134/140
s 1
f 230/135/141 4/98/142 107/11/143 232/136/144
f 233/137/145 3/10/10 186/458/146 235/139/147
s 21
f 240/140/148 33/141/149 215/142/150 237/143/151
f 238/144/152 34/145/153 219/454/154 241/147/155
f 242/148/156 35/149/157 222/150/158 244/151/159
f 245/152/160 36/153/161 224/447/162 247/155/163
s 22
f 252/156/164 37/157/165 227/158/166 249/159/167
f 250/160/168 38/161/169 231/441/170 253/163/171
f 254/164/172 39/165/173 234/166/174 256/167/175
f 257/168/176 40/169/177 236/434/178 259/171/179
s 23
f 263/524/180 41/479/181 239/174/182 261/528/183
s off
f 262/176/184 42/177/185 243/178/186 264/527/187
s 24
f 270/511/188 58/181/189 267/182/190 266/525/191
s off
f 272/516/192 44/448/193 248/186/194 271/523/195
s 25
f 275/518/196 45/478/197 251/190/198 273/522/199
s off
f 274/192/200 46/193/201 255/194/202 276/521/203
s 26
f 282/505/204 62/197/205 279/198/206 278/519/207
s off
f 284/510/208 48/435/209 260/202/210 283/517/211
s 27
f 287/204/212 43/450/213 246/206/214 285/207/215
s off
f 286/208/216 44/448/217 272/516/218 288/209/219
s 10
f 289/210/220 52/211/221 183/212/222 290/213/223
s 28
f 291/214/224 51/215/225 265/513/226 292/217/227
s 29
f 295/218/228 47/437/229 258/220/230 293/221/231
s off
f 294/222/232 48/435/233 284/510/234 296/223/235
s 12
f 297/224/236 56/225/237 191/226/238 298/227/239
s 30
f 299/228/240 55/229/241 277/507/242 300/231/243
s 3
f 304/232/244 12/233/245 198/430/246 301/235/247
f 302/236/248 24/237/249 155/238/250 305/239/251
f 306/240/252 20/241/253 143/428/254 308/243/255
f 309/244/256 16/245/257 131/246/258 311/247/259
f 316/248/260 21/62/62 208/426/261 313/250/262
f 314/251/263 9/26/26 126/25/25 317/252/264
f 318/253/265 13/38/38 136/424/37 320/254/266
f 321/255/267 17/50/50 149/49/49 323/256/268
f 327/257/269 66/258/270 303/422/271 325/260/272
f 326/261/273 65/262/274 307/263/275 328/264/276
f 329/265/277 67/266/278 310/420/279 330/268/280
f 331/269/281 68/270/282 312/271/283 332/272/284
f 335/273/285 69/274/286 315/418/287 333/276/288
f 334/277/289 70/278/290 319/279/291 336/280/292
f 337/281/293 71/282/294 322/416/295 338/284/296
f 339/285/297 72/286/298 324/287/299 340/288/300
s off
f 344/289/301 14/480/302 129/291/303 341/292/304
s 3
f 342/293/305 15/46/306 145/414/45 345/294/307
f 346/295/308 19/471/58 151/55/309 348/296/310
f 349/297/311 18/475/54 134/410/312 351/299/313
f 355/300/314 81/301/315 343/302/316 353/303/317
f 354/304/318 82/305/319 347/406/320 356/307/321
f 357/308/322 83/309/323 350/310/324 358/311/325
f 359/312/326 84/313/327 352/403/328 360/315/329
f 363/316/330 90/74/74 205/400/331 361/318/332
f 363/316/330 25/112/113 159/319/333 364/320/334
f 365/321/335 26/322/336 163/323/337 366/324/338
f 367/325/339 27/326/340 166/327/341 368/328/342
f 371/329/343 94/330/344 195/397/345 370/332/346
f 373/333/347 95/334/348 109/335/349 372/336/350
f 375/337/351 96/338/352 105/339/353 374/340/354
f 362/341/355 89/342/356 100/343/357 376/344/358
s 1
f 98/3/3 2/6/6 99/5/5 97/4/4
s 3
f 99/5/359 96/338/352 100/343/357 97/4/360
f 100/343/357 89/342/356 101/1/361 97/4/360
s 1
f 103/7/7 3/10/10 104/9/9 102/8/362
s 3
f 104/9/363 95/334/348 105/339/353 102/8/364
f 105/339/353 96/338/352 99/5/359 102/8/364
s 1
f 107/11/11 4/98/365 108/97/366 106/12/12
s 3
f 108/97/367 94/330/344 109/335/349 106/12/368
f 109/335/349 95/334/348 104/9/363 106/12/368
f 111/15/15 6/18/18 112/17/17 110/16/16
f 112/17/17 10/30/30 113/27/27 110/16/16
f 113/27/27 9/26/26 114/13/13 110/16/16
f 116/19/19 7/22/22 117/21/21 115/20/20
f 117/21/21 11/34/34 118/31/31 115/20/20
f 118/31/31 10/30/30 112/17/17 115/20/20
f 120/23/23 8/102/102 121/101/101 119/24/24
f 121/101/101 12/233/245 122/35/35 119/24/24
f 122/35/35 11/34/34 117/21/21 119/24/24
f 113/27/27 10/30/30 124/29/29 123/28/28
f 124/29/29 14/290/369 125/39/39 123/28/28
f 125/39/39 13/38/38 126/25/25 123/28/28
f 118/31/31 11/34/34 128/33/33 127/32/32
f 128/33/33 15/477/46 129/476/370 127/32/32
f 129/476/370 14/290/369 124/29/29 127/32/32
f 122/35/35 12/233/245 131/246/258 130/36/36
f 131/246/258 16/245/257 132/47/47 130/36/36
f 132/47/47 15/477/46 128/33/33 130/36/36
f 125/39/39 14/290/369 134/408/312 133/474/40
f 134/409/312 18/54/54 135/51/51 133/40/40
f 135/51/51 17/50/50 136/37/37 133/40/40
f 138/43/43 86/345/371 139/346/372 137/473/44
f 139/404/372 87/347/373 140/348/374 137/44/44
f 140/348/374 88/349/375 141/41/41 137/44/44
f 132/47/47 16/245/257 143/242/254 142/472/48
f 143/428/254 20/241/253 144/59/59 142/48/48
f 144/59/59 19/58/58 145/412/45 142/48/48
f 135/51/51 18/54/54 147/53/53 146/52/52
f 147/53/53 22/66/66 148/63/63 146/52/52
f 148/63/63 21/62/62 149/49/49 146/52/52
f 151/470/55 19/58/58 152/57/57 150/56/56
f 152/57/57 23/70/70 153/67/67 150/56/56
f 153/67/67 22/66/66 147/53/53 150/56/56
f 144/59/59 20/241/253 155/238/250 154/60/60
f 155/238/250 24/237/249 156/71/71 154/60/60
f 156/71/71 23/70/70 152/57/57 154/60/60
f 148/63/63 22/66/66 158/65/65 157/64/64
f 158/65/65 26/322/336 159/319/333 157/64/64
f 159/319/333 25/112/113 160/61/61 157/64/64
f 153/67/67 23/70/70 162/69/69 161/68/68
f 162/69/69 27/326/340 163/323/337 161/68/68
f 163/323/337 26/322/336 158/65/65 161/68/68
f 156/71/71 24/237/249 165/350/376 164/72/72
f 165/350/376 28/351/377 166/327/341 164/72/72
f 166/327/341 27/326/340 162/69/69 164/72/72
f 168/75/75 91/78/78 169/77/77 167/76/76
s 1
f 169/77/378 30/90/90 170/120/379 167/76/380
f 170/120/379 29/109/381 171/73/382 167/76/380
s 3
f 173/79/79 92/82/82 174/81/81 172/80/80
s 1
f 174/81/383 31/129/384 175/91/91 172/80/385
f 175/91/91 30/90/90 169/77/378 172/80/386
s 3
f 177/83/83 93/352/387 178/353/388 176/84/84
s 1
f 178/353/389 32/133/390 179/130/391 176/84/392
f 179/130/391 31/129/384 174/81/383 176/84/392
s 10
f 181/87/87 50/354/393 182/355/394 180/88/88
f 182/355/394 51/215/395 183/212/222 180/88/88
f 183/212/222 52/211/221 184/85/85 180/88/88
s 1
f 175/91/91 31/129/384 186/138/146 185/469/92
f 186/458/146 3/10/10 103/7/7 185/92/92
f 103/7/7 2/6/6 187/89/89 185/92/92
s 12
f 189/95/95 54/356/396 190/357/397 188/96/96
f 190/357/397 55/229/398 191/226/238 188/96/96
f 191/226/238 56/225/237 192/93/93 188/96/96
s off
f 194/460/399 32/133/400 178/353/401 193/468/402
s 3
f 178/353/388 93/352/387 195/331/345 193/468/403
f 195/397/345 94/330/344 108/97/367 193/100/403
f 197/395/103 28/351/377 165/350/376 196/467/104
f 165/350/376 24/237/249 198/234/404 196/467/104
f 198/430/404 12/233/245 121/101/101 196/104/104
s 41
f 379/107/405 381/358/406 382/503/407 380/108/408
f 382/359/407 383/360/409 384/361/410 380/108/408
s 13
f 384/361/411 385/362/412 378/105/105 380/108/108
s off
f 204/462/413 1/2/414 101/1/415 203/466/416
s 3
f 101/1/361 89/342/356 205/317/331 203/466/417
f 205/400/331 90/74/74 171/73/73 203/111/417
f 207/398/114 5/14/14 114/13/13 206/465/115
f 114/13/13 9/26/26 208/249/418 206/465/115
f 208/426/418 21/62/62 160/61/61 206/114/115
s 42
f 388/117/419 390/363/420 391/364/421 389/118/422
f 391/364/421 392/365/423 393/366/424 389/118/422
s 14
f 393/366/425 394/367/426 386/115/116 389/118/119
s 15
f 170/120/122 30/90/427 214/122/428 213/121/123
f 214/122/428 34/145/429 215/142/430 213/121/123
f 215/142/430 33/141/431 216/119/120 213/121/123
s 1
f 187/89/89 2/6/6 218/124/126 217/463/432
f 218/124/126 35/149/433 219/146/434 217/463/432
f 219/454/435 34/145/436 214/122/124 217/123/125
f 98/3/127 1/2/437 221/126/438 220/125/128
f 221/126/438 36/153/439 222/150/440 220/125/128
f 222/150/440 35/149/441 218/124/126 220/125/128
s 43
f 204/110/442 29/109/443 216/119/444 223/461/445
f 216/119/444 33/141/446 224/154/447 223/461/445
s 17
f 224/447/448 36/153/449 221/126/129 223/127/132
s 18
f 179/130/135 32/133/450 226/132/451 225/131/136
f 226/132/451 38/161/452 227/158/453 225/131/136
f 227/158/453 37/157/454 228/128/133 225/131/136
s 44
f 194/99/455 4/98/456 230/135/457 229/459/458
f 230/135/457 39/165/459 231/162/460 229/459/458
s 19
f 231/441/461 38/161/462 226/132/137 229/134/140
s 1
f 107/11/143 3/10/10 233/137/145 232/136/144
f 233/137/145 40/169/463 234/166/464 232/136/144
f 234/166/464 39/165/465 230/135/141 232/136/144
f 186/138/146 31/129/384 228/128/466 235/457/467
f 228/128/466 37/157/468 236/170/469 235/457/467
f 236/434/470 40/169/471 233/137/145 235/139/147
s 21
f 215/142/150 34/145/153 238/144/152 237/143/151
f 238/144/152 42/456/472 239/455/473 237/143/151
f 239/455/473 41/173/474 240/140/148 237/143/151
f 219/146/154 35/149/157 242/148/156 241/453/155
f 242/148/156 43/205/475 243/451/476 241/453/155
f 243/452/476 42/456/472 238/144/152 241/147/155
f 222/150/158 36/153/161 245/152/160 244/151/159
f 245/152/160 44/185/477 246/449/478 244/151/159
f 246/449/478 43/205/475 242/148/156 244/151/159
f 224/154/162 33/141/149 240/140/148 247/446/163
f 240/140/148 41/173/474 248/444/479 247/446/163
f 248/445/479 44/185/477 245/152/160 247/155/163
s 22
f 227/158/166 38/161/169 250/160/168 249/159/167
f 250/160/168 46/443/480 251/442/481 249/159/167
f 251/442/481 45/189/482 252/156/164 249/159/167
f 231/162/170 39/165/173 254/164/172 253/440/171
f 254/164/172 47/219/483 255/438/484 253/440/171
f 255/439/484 46/443/480 250/160/168 253/163/171
f 234/166/174 40/169/177 257/168/176 256/167/175
f 257/168/176 48/201/485 258/436/486 256/167/175
f 258/436/486 47/219/483 254/164/172 256/167/175
f 236/170/178 37/157/165 252/156/164 259/433/179
f 252/156/164 45/189/482 260/431/487 259/433/179
f 260/432/487 48/201/485 257/168/176 259/171/179
s 23
f 239/174/182 42/177/488 262/176/489 261/528/183
s 45
f 262/526/490 50/354/491 181/87/492 261/175/493
f 181/87/492 49/86/494 263/172/495 261/175/493
s off
f 243/178/496 43/450/497 265/216/498 264/527/499
s 28
f 265/513/226 51/215/225 182/355/500 264/179/501
s off
f 182/355/502 50/354/503 262/526/504 264/179/505
s 24
f 267/182/190 57/368/506 268/369/507 266/525/191
s 46
f 268/514/508 59/370/509 269/371/510 266/183/511
f 269/371/510 60/372/512 270/180/513 266/183/511
s off
f 248/186/514 41/479/515 263/524/516 271/523/517
f 263/172/518 49/86/519 184/85/520 271/187/521
s 47
f 184/85/522 52/211/523 272/184/524 271/187/525
s 25
f 251/190/198 46/193/526 274/192/527 273/522/199
s 48
f 274/520/528 54/356/529 189/95/530 273/191/531
f 189/95/530 53/94/532 275/188/533 273/191/531
s off
f 255/194/534 47/437/535 277/230/536 276/521/537
s 30
f 277/507/242 55/229/241 190/357/538 276/195/539
s off
f 190/357/540 54/356/541 274/520/542 276/195/543
s 26
f 279/198/206 61/373/544 280/374/545 278/519/207
s 49
f 280/508/546 63/375/547 281/376/548 278/199/549
f 281/376/548 64/377/550 282/196/551 278/199/549
s off
f 260/202/552 45/478/553 275/518/554 283/517/555
f 275/188/556 53/94/557 192/93/558 283/203/559
s 50
f 192/93/560 56/225/561 284/200/562 283/203/563
s 27
f 246/206/214 44/448/564 286/208/565 285/207/215
s 51
f 286/208/566 57/368/567 267/182/568 285/207/569
f 267/182/568 58/181/570 287/204/571 285/207/569
s 47
f 272/184/524 52/211/523 289/210/572 288/515/573
s off
f 289/210/574 59/370/575 268/514/576 288/515/577
f 268/369/578 57/368/579 286/208/580 288/209/581
s 10
f 183/212/222 51/215/395 291/214/582 290/213/223
s 52
f 291/214/583 60/372/584 269/371/585 290/213/586
f 269/371/585 59/370/587 289/210/588 290/213/586
s off
f 265/216/589 43/450/590 287/204/591 292/512/592
f 287/204/593 58/181/594 270/511/595 292/512/596
f 270/180/597 60/372/598 291/214/599 292/217/600
s 29
f 258/220/230 48/435/601 294/222/602 293/221/231
s 53
f 294/222/603 61/373/604 279/198/605 293/221/606
f 279/198/605 62/197/607 295/218/608 293/221/606
s 50
f 284/200/562 56/225/561 297/224/609 296/509/610
s off
f 297/224/611 63/375/612 280/508/613 296/509/614
f 280/374/615 61/373/616 294/222/617 296/223/618
s 12
f 191/226/238 55/229/398 299/228/619 298/227/239
s 54
f 299/228/620 64/377/621 281/376/622 298/227/623
f 281/376/622 63/375/624 297/224/625 298/227/623
s off
f 277/230/626 47/437/627 295/218/628 300/506/629
f 295/218/630 62/197/631 282/505/632 300/506/633
f 282/196/634 64/377/635 299/228/636 300/231/637
s 3
f 198/234/246 24/237/249 302/236/248 301/429/247
f 302/236/248 65/262/274 303/259/271 301/429/247
f 303/422/271 66/258/270 304/232/244 301/235/247
f 155/238/250 20/241/253 306/240/252 305/239/251
f 306/240/252 67/266/278 307/263/275 305/239/251
f 307/263/275 65/262/274 302/236/248 305/239/251
f 143/242/254 16/245/257 309/244/256 308/427/255
f 309/244/256 68/270/282 310/267/279 308/427/255
f 310/420/279 67/266/278 306/240/252 308/243/255
f 131/246/258 12/233/245 304/232/244 311/247/259
f 304/232/244 66/258/270 312/271/283 311/247/259
f 312/271/283 68/270/282 309/244/256 311/247/259
f 208/249/261 9/26/26 314/251/263 313/425/262
f 314/251/263 70/278/290 315/275/287 313/425/262
f 315/418/287 69/274/286 316/248/260 313/250/262
f 126/25/25 13/38/38 318/253/265 317/252/264
f 318/253/265 71/282/294 319/279/291 317/252/264
f 319/279/291 70/278/290 314/251/263 317/252/264
f 136/37/37 17/50/50 321/255/267 320/423/266
f 321/255/267 72/286/298 322/283/295 320/423/266
f 322/416/295 71/282/294 318/253/265 320/254/266
f 149/49/49 21/62/62 316/248/260 323/256/268
f 316/248/260 69/274/286 324/287/299 323/256/268
f 324/287/299 72/286/298 321/255/267 323/256/268
f 303/259/271 65/262/274 326/261/273 325/421/272
f 326/261/273 73/497/638 199/498/639 325/421/272
f 199/499/639 74/500/640 327/257/269 325/260/272
f 307/263/275 67/266/278 329/265/277 328/264/276
f 329/265/277 75/495/641 200/496/642 328/264/276
f 200/496/642 73/497/638 326/261/273 328/264/276
f 310/267/279 68/270/282 331/269/281 330/419/280
f 331/269/281 76/492/643 201/493/644 330/419/280
f 201/494/644 75/495/641 329/265/277 330/268/280
f 312/271/283 66/258/270 327/257/269 332/272/284
f 327/257/269 74/500/640 202/491/645 332/272/284
f 202/491/645 76/492/643 331/269/281 332/272/284
f 315/275/287 70/278/290 334/277/289 333/417/288
f 334/277/289 78/490/646 209/488/647 333/417/288
f 209/489/647 77/482/648 335/273/285 333/276/288
f 319/279/291 71/282/294 337/281/293 336/280/292
f 337/281/293 79/487/649 210/486/650 336/280/292
f 210/486/650 78/490/646 334/277/289 336/280/292
f 322/283/295 72/286/298 339/285/297 338/415/296
f 339/285/297 80/485/651 211/483/652 338/415/296
f 211/484/652 79/487/649 337/281/293 338/284/296
f 324/287/299 69/274/286 335/273/285 340/288/300
f 335/273/285 77/482/648 212/481/653 340/288/300
f 212/481/653 80/485/651 339/285/297 340/288/300
s off
f 129/291/654 15/46/655 342/293/656 341/292/657
s 3
f 342/293/658 82/305/319 343/302/316 341/292/659
f 343/302/316 81/301/315 344/289/660 341/292/659
f 145/45/45 19/471/58 346/295/308 345/411/307
f 346/295/308 83/309/323 347/306/320 345/411/661
f 347/406/320 82/305/319 342/293/658 345/294/661
f 151/55/309 18/475/54 349/297/311 348/296/310
f 349/297/311 84/313/327 350/310/324 348/296/310
f 350/310/324 83/309/323 346/295/308 348/296/310
f 134/298/312 14/480/662 344/289/663 351/407/313
f 344/289/660 81/301/315 352/314/328 351/407/664
f 352/403/328 84/313/327 349/297/311 351/299/664
f 343/302/316 82/305/319 354/304/318 353/303/317
f 354/304/318 86/345/371 138/43/43 353/303/317
f 138/43/43 85/42/42 355/300/314 353/303/317
f 347/306/320 83/309/323 357/308/322 356/405/321
f 357/308/322 87/347/373 139/404/372 356/405/321
f 139/346/372 86/345/371 354/304/318 356/307/321
f 350/310/324 84/313/327 359/312/326 358/311/325
f 359/312/326 88/349/375 140/348/374 358/311/325
f 140/348/374 87/347/373 357/308/322 358/311/325
f 352/314/328 81/301/315 355/300/314 360/402/329
f 355/300/314 85/42/42 141/401/41 360/402/329
f 141/41/41 88/349/375 359/312/326 360/315/329
f 205/317/331 89/342/356 362/341/355 361/399/332
f 362/341/355 5/14/14 207/398/114 361/399/332
f 207/113/114 25/112/113 363/316/330 361/318/332
f 159/319/333 26/322/336 365/321/335 364/320/334
f 365/321/335 91/78/78 168/75/75 364/320/334
f 168/75/75 90/74/74 363/316/330 364/320/334
f 163/323/337 27/326/340 367/325/339 366/324/338
f 367/325/339 92/82/82 173/79/79 366/324/338
f 173/79/79 91/78/78 365/321/335 366/324/338
f 166/327/341 28/351/377 369/394/665 368/328/342
f 369/394/665 93/352/387 177/83/83 368/328/342
f 177/83/83 92/82/82 367/325/339 368/328/342
f 195/331/345 93/352/387 369/394/665 370/396/346
f 369/394/665 28/351/377 197/395/103 370/396/346
f 197/103/103 8/102/102 371/329/343 370/332/346
f 109/335/349 94/330/344 371/329/343 372/336/350
f 371/329/343 8/102/102 120/23/23 372/336/350
f 120/23/23 7/22/22 373/333/347 372/336/350
f 105/339/353 95/334/348 373/333/347 374/340/354
f 373/333/347 7/22/22 116/19/19 374/340/354
f 116/19/19 6/18/18 375/337/351 374/340/354
f 100/343/357 96/338/352 375/337/351 376/344/358
f 375/337/351 6/18/18 111/15/15 376/344/358
f 111/15/15 5/14/14 362/341/355 376/344/358
s 55
f 202/385/666 74/380/667 377/106/668 378/105/669
s off
f 74/380/670 199/379/671 379/107/672 377/106/673
f 199/379/674 73/378/675 381/358/676 379/107/677
s 56
f 73/378/678 200/504/679 382/503/680 381/358/681
f 200/382/679 75/381/682 383/360/683 382/359/680
s off
f 75/381/684 201/384/685 384/361/686 383/360/687
f 201/384/688 76/383/689 385/362/690 384/361/691
s 55
f 76/383/692 202/385/666 378/105/669 385/362/693
s 57
f 212/393/694 77/388/695 387/116/696 386/501/697
s off
f 77/388/698 209/387/699 388/117/700 387/116/701
f 209/387/702 78/386/703 390/363/704 388/117/705
s 58
f 78/386/706 210/390/707 391/364/708 390/363/709
f 210/390/707 79/389/710 392/365/711 391/364/708
s off
f 79/389/712 211/392/713 393/366/714 392/365/715
f 211/392/716 80/391/717 394/367/718 393/366/719
s 57
f 80/391/720 212/502/694 386/115/697 394/367/721
