# This file uses centimeters as units for non-parametric coordinates.

mtllib my_animation.0002.mtl
g default
v -18.757650 69.736908 2.703135
v -5.396175 69.896004 5.566842
v 6.149733 70.127754 7.267875
v 20.174202 70.412476 6.648747
v -19.706022 96.994110 3.051105
v -9.067104 95.740791 13.985666
v 9.081234 95.882172 15.570676
v 21.559198 97.280815 6.779694
v -15.032681 125.394402 4.537514
v -7.917428 121.732544 14.369005
v 7.226129 122.273750 15.630752
v 15.973707 126.657585 7.608244
v -20.287579 132.619247 7.843185
v -6.249554 141.124176 8.672629
v 5.159439 141.539795 9.609179
v 20.069658 134.157852 11.344409
v -22.809996 132.795883 -2.351978
v -7.181448 142.421356 -3.393392
v 7.975787 143.004745 -2.109899
v 23.872402 134.488434 1.237156
v -15.800240 126.418495 -3.598479
v -6.046031 124.245895 -9.161791
v 9.096786 124.784554 -7.900541
v 17.525124 128.020767 -0.657542
v -18.604996 98.714058 -9.685363
v -5.260567 99.224754 -12.334652
v 9.875203 99.372322 -11.005833
v 22.684742 99.032318 -6.242227
v -15.889147 67.350555 -9.535828
v -3.077476 64.315033 -5.710129
v 6.237382 63.530125 -3.705683
v 19.500509 66.834618 -5.797369
v -15.373944 35.737743 1.552495
v -8.041767 35.970490 3.621067
v -11.493268 37.975571 15.178247
v -18.845385 37.594532 13.117767
v 12.530431 36.419113 10.149900
v 20.265305 36.575798 9.048001
v 21.920183 40.484097 20.897743
v 14.188219 40.310482 21.984863
v -11.822437 6.304963 -11.131156
v -5.055596 6.047339 -8.168744
v -9.487790 4.854873 1.459011
v -16.165358 4.956195 -1.652732
v 13.768357 5.923484 1.211667
v 21.085335 6.211656 -0.538527
v 23.692184 5.210791 10.020629
v 16.374924 5.152333 11.806589
v -11.898449 0.353224 -12.542020
v -3.910377 0.225368 -8.770635
v -9.012891 -0.574867 5.370100
v -19.629726 -0.534971 0.237975
v 12.833280 0.268574 0.309665
v 21.596294 0.382284 -1.820399
v 26.490267 -0.315775 12.474815
v 15.037169 -0.282811 15.287954
v -24.993404 5.552448 14.122377
v -16.640415 5.535171 18.187986
v -25.204102 2.030715 14.543773
v -16.850332 2.013705 18.607782
v 19.877895 5.198973 29.670748
v 28.894819 5.151209 27.435726
v 19.914440 1.659559 29.932261
v 28.933950 1.615694 27.707598
v 22.736908 106.155815 -1.169583
v 17.206825 106.322372 8.520176
v 31.729750 108.994125 3.879020
v 26.196980 109.177116 13.566623
v -21.093697 104.392166 -4.262756
v -15.461025 104.700821 5.376132
v -24.453930 107.279823 10.522025
v -30.092266 106.964539 0.899635
v 28.318979 79.451790 5.875042
v 23.383831 80.094940 14.285105
v 31.454525 80.600166 7.627154
v 26.519402 81.243355 16.037394
v -26.043304 77.584579 2.421899
v -21.043703 78.215958 10.794873
v -24.186008 79.273598 12.591429
v -29.185610 78.642212 4.218454
v -8.733147 150.930664 13.338652
v 6.933919 151.549683 13.873888
v 10.439173 152.890427 -2.372682
v -11.268874 151.938522 -3.077118
v -9.024977 171.653046 15.373146
v 5.823371 172.250305 15.605335
v 5.548296 177.154648 -1.640766
v -8.606365 176.585297 -1.862108
v -18.794580 78.057724 2.166903
v -17.000931 76.939095 -10.477698
v -3.803530 76.744270 -11.560175
v 7.928478 76.310013 -10.293580
v 20.705343 76.305412 -6.809910
v 19.899624 77.686905 6.143782
v 7.437851 77.829834 9.354310
v -7.291159 78.063698 7.851388
v -13.615260 74.212280 5.517869
v -13.488558 70.195221 5.684344
v -6.763217 74.037491 7.169277
v -14.078956 78.243919 5.790486
v -18.816917 73.880875 2.125304
v 0.070939 74.108749 8.067392
v 0.178360 70.036057 8.124124
v 7.033044 73.959259 8.568923
v 0.083633 77.788300 8.662479
v 14.125998 74.291840 8.204376
v 14.357290 70.724945 8.571883
v 19.975767 74.024666 5.960601
v 14.452898 77.911903 8.659803
v -15.508704 109.340363 9.521448
v -15.928897 96.297318 8.797384
v -9.421237 108.728058 14.151815
v -14.179327 122.185539 10.052777
v -19.014080 109.835281 4.492424
v -0.033044 107.701027 15.124614
v -0.065321 95.698647 15.629831
v 9.337254 109.166412 15.744379
v -0.248265 122.131485 13.769021
v 15.758072 109.995468 12.189840
v 16.725142 96.545418 11.650148
v 20.054770 110.557068 8.011460
v 14.033777 123.161949 12.459767
v -13.380116 132.237183 10.530649
v -7.277230 134.440155 12.504108
v -15.048811 140.095963 8.811007
v -17.290911 128.163376 7.674263
v -0.616794 133.957657 13.098027
v 5.998610 134.917419 13.610089
v -0.702715 143.365921 10.992672
v 12.562255 133.257660 12.731439
v 17.562248 129.761078 11.016806
v 13.772775 140.968796 11.326888
v -15.428305 142.500427 2.778871
v -6.847250 144.251526 3.050612
v -16.645739 140.881165 -3.823876
v -21.759672 133.152664 2.944777
v -1.808639 177.754166 13.854574
v -1.605444 171.907516 15.899686
v 6.854881 176.307526 9.640112
v -1.534712 177.738251 -3.621935
v -11.130603 175.582184 9.376602
v 15.227447 143.331940 5.482870
v 22.215237 134.709702 6.529805
v 17.717831 141.869095 -0.878891
v 6.428815 144.745712 4.123098
v -14.228440 134.211075 -6.815066
v -6.668522 136.505600 -7.264434
v -13.144879 124.278748 -8.428166
v -20.345016 129.280533 -5.118515
v 0.925678 136.777039 -6.633978
v 0.240417 145.551071 -3.455816
v 8.550902 137.052734 -5.992789
v 1.526814 124.518005 -8.529894
v 16.048727 135.217758 -4.221769
v 21.726368 131.003891 -1.645094
v 16.000381 125.345322 -5.932230
v -13.012125 111.772522 -10.251048
v -5.535967 111.687958 -10.578039
v -12.913570 99.161446 -12.342657
v -17.992687 111.172112 -7.335197
v 2.044193 111.881500 -9.926813
v 9.603312 112.080803 -9.300770
v 2.341872 99.166214 -11.725291
v 16.758097 112.455536 -7.704844
v 21.249472 111.981430 -4.061863
v 17.382248 99.386147 -9.696634
v -10.454748 71.964478 -11.781763
v -11.035279 76.708611 -12.361883
v -3.427258 72.149017 -10.750457
v -9.839079 67.211823 -10.785671
v -16.444942 72.092651 -10.244038
v 1.929505 72.037918 -9.770144
v 2.091255 76.688477 -10.824232
v 7.314588 71.500816 -9.344748
v 1.830991 67.234367 -8.265532
v 14.314529 71.180977 -9.059648
v 15.114598 76.095329 -9.653706
v 20.009911 71.491035 -6.682307
v 13.608320 66.243988 -7.730350
v -10.539655 -0.323284 -5.093780
v -6.855515 0.483487 -12.958518
v -5.201314 -0.266175 -2.603449
v -14.329020 -0.597923 2.818006
v -15.851858 -0.137695 -7.672947
v 0.516895 67.398788 7.401295
v 7.607163 56.327236 6.273119
v -4.722174 56.290108 2.447970
v 18.718857 -0.132322 5.387847
v 16.673803 0.468792 -3.055656
v 24.449503 -0.021806 3.956358
v 20.763636 -0.318381 13.891662
v 12.997427 -0.117946 6.752677
v 21.441704 72.665161 -0.682897
v 21.176662 68.522873 0.026754
v 21.887236 76.950699 -0.588359
v 22.406513 110.506783 1.770855
v 24.162106 98.212677 0.108024
v 16.289583 126.147476 2.682259
v 25.140627 79.547012 9.837691
v 30.075348 79.855904 5.766653
v 28.975018 80.951332 11.980310
v 24.040281 80.642410 16.051233
v -19.071978 72.853462 -4.718813
v -18.639519 68.376556 -4.085377
v -19.504770 77.459534 -4.765285
v -20.223764 109.648529 -1.975932
v -21.282358 97.890701 -3.866799
v -14.848274 124.866219 -0.757472
v -22.830435 77.692322 6.356294
v -21.694813 78.725052 12.574340
v -26.673092 78.985680 8.553262
v -27.808714 77.952957 2.335215
v -10.189210 51.658791 -5.218210
v -6.600107 51.470238 -1.828685
v -11.197292 35.721367 1.517042
v -15.486660 50.954372 -4.119989
v -6.501623 53.165226 4.546064
v -9.931890 54.429745 10.111847
v -8.499053 37.007427 10.217090
v -14.652692 55.630714 10.735736
v -18.856279 53.955208 7.791219
v -15.687561 38.286720 16.534897
v -18.417202 52.507870 1.474280
v -18.304003 36.601345 7.432896
v 14.519343 51.337955 -0.114163
v 19.758476 51.244453 1.525887
v 16.093309 36.151150 8.588131
v 10.393720 51.133713 2.728953
v 21.674715 53.727421 7.321058
v 21.217556 55.950104 13.547642
v 22.176117 38.639416 15.224236
v 16.424417 57.491669 15.616622
v 11.864482 55.854954 14.758884
v 18.188787 41.155121 23.640471
v 9.434803 53.597939 8.920957
v 12.073230 38.409996 16.637449
v -9.166512 23.710079 -5.313868
v -6.095531 23.133789 -1.944903
v -7.616395 6.497339 -11.544227
v -13.850718 23.487465 -4.683603
v -6.826427 20.798063 4.028592
v -10.344945 18.928421 9.175578
v -5.982707 5.279964 -3.144881
v -14.843057 18.023369 9.584135
v -18.094475 19.211956 6.514719
v -14.163695 4.880116 2.586299
v -17.202936 21.229586 0.459181
v -14.966152 5.490112 -7.155484
v 15.996768 23.434355 3.001477
v 20.600903 23.768284 4.053229
v 16.974297 6.278530 -1.557633
v 12.437605 22.934807 5.906424
v 23.357628 22.321564 9.863044
v 23.723141 20.968609 16.272415
v 23.467356 5.634950 4.186285
v 20.081175 19.820704 18.961191
v 15.562324 20.232767 18.106255
v 20.746246 5.172128 13.748614
v 12.691783 21.291912 12.279673
v 13.906346 5.356946 6.486449
v -6.918079 3.474683 -12.871187
v -3.941736 3.164352 -8.731158
v -11.956668 3.328570 -12.443922
v -5.178373 2.566353 -2.618647
v -8.938566 2.246291 5.246334
v -21.752371 5.554559 18.078182
v -20.758793 6.509981 16.038931
v -27.056389 5.563146 15.497952
v -21.084871 1.059659 16.691092
v -16.448355 5.545972 20.658413
v -15.856153 2.737123 -7.619323
v -19.560192 2.292543 0.128183
v 16.676718 3.407690 -2.963765
v 21.599138 3.313974 -1.734903
v 12.836096 3.145004 0.386552
v 24.450880 2.850106 3.991604
v 26.478792 2.501284 12.404544
v 24.896460 5.065624 30.625431
v 24.376589 6.140584 28.482708
v 19.170719 5.099484 32.041477
v 24.434614 0.665932 28.893284
v 30.621567 5.039793 29.206573
v 12.999800 2.689645 6.773860
v 15.027025 2.530288 15.216611
v -17.469940 5.473079 9.286837
v -22.158796 5.496461 7.002803
v -12.787772 5.467908 11.574507
v -22.905996 2.828696 6.961360
v -23.044069 0.035648 7.235822
v -17.735197 0.015846 9.810003
v -12.429963 0.008707 12.386294
v -12.295115 2.797607 12.121235
v 22.551268 5.554332 21.096533
v 17.495123 5.589363 22.359818
v 27.607294 5.523148 19.833494
v 16.847126 2.911220 22.678112
v 16.867809 0.103226 22.842957
v 22.595339 0.064064 21.436668
v 28.321867 0.029162 20.031944
v 28.297218 2.833478 19.845928
v 17.537975 117.057167 2.666475
v 20.752787 117.597763 -0.752815
v 18.623318 105.744522 2.922438
v 16.629566 117.170326 7.381984
v 24.659933 118.595703 0.306948
v 28.208824 119.742729 3.500077
v 27.480530 107.512016 0.062497
v 26.647182 119.842056 7.843832
v 23.979153 119.446037 11.592130
v 29.621792 109.200829 9.091663
v 19.606869 118.197189 10.233288
v 20.721298 107.694206 11.913878
v -16.186272 115.420326 -0.693770
v -15.197447 115.608696 3.983158
v -16.928322 104.078972 -0.211459
v -19.578136 115.860664 -4.045338
v -18.387657 116.640862 6.856698
v -22.989737 118.035027 8.202136
v -18.962122 105.983231 8.804542
v -25.660509 118.408356 4.445308
v -27.140284 118.123428 0.171116
v -27.927505 107.224869 6.085277
v -23.567448 116.856049 -2.969606
v -25.850676 105.622299 -2.975778
v 19.657303 96.393883 4.803411
v 23.692774 96.616692 1.135743
v 18.580257 97.238403 9.933642
v 27.746000 97.839668 2.151336
v 31.824688 99.550957 5.646083
v 29.601912 99.996628 10.333369
v 26.713642 100.193230 14.471113
v 21.498251 98.595406 12.932221
v -17.747400 94.717430 1.520015
v -16.640865 95.518639 6.651261
v -21.816080 94.899567 -2.104988
v -19.556025 96.774086 9.691893
v -24.785469 98.227898 11.286264
v -27.698551 98.015411 7.154618
v -29.948622 97.588936 2.484041
v -25.875240 96.021370 -1.045564
v -0.959068 144.014053 16.265722
v 5.648068 146.763626 8.516529
v -0.994376 150.766159 16.512936
v -6.848875 146.283478 7.681787
v 8.369973 147.161819 4.939535
v 6.194437 147.591278 -0.575398
v 11.432310 152.335693 5.862332
v 0.049117 148.521271 -4.069620
v -6.264671 147.098129 -1.387105
v -0.372972 152.569534 -3.602099
v -9.105933 146.480667 3.794995
v -12.728238 151.356033 5.024861
v -1.317057 163.656357 17.951401
v 9.408890 166.033722 15.506360
v -12.094893 165.168762 15.170097
v 11.049030 167.705154 6.126176
v 9.522078 167.795197 -2.660397
v -1.098401 167.432770 -5.015038
v -11.781997 166.938263 -2.993537
v -13.570332 166.714874 5.741194
v -20.304083 87.962120 -4.803664
v -19.086069 88.151215 2.176100
v -17.776785 87.784019 -10.653002
v -11.960075 87.768623 -13.029590
v -4.481128 87.508125 -12.672641
v 2.394518 88.021721 -12.039191
v 9.244048 87.386726 -11.304350
v 16.643290 87.366875 -10.119686
v 22.004639 87.175140 -6.750002
v 23.158684 87.305557 -0.356093
v 20.675728 87.503815 6.338498
v 15.557654 88.286003 10.052581
v 9.278919 87.897621 11.648349
v 0.088241 88.985764 10.884281
v -9.128517 88.099892 9.724895
v -14.921551 88.672661 6.919360
v 26.191338 66.789658 17.498728
v 26.955511 67.402489 19.443079
v 28.402273 66.307487 12.846744
v 30.271181 66.991951 13.891072
v 31.542936 66.092194 8.378746
v 33.499863 66.549576 8.290454
v 35.071823 67.384621 10.350653
v 32.385387 67.766273 15.072469
v 29.720224 68.082092 19.470634
v -30.929157 64.543747 4.704045
v -28.962315 64.126633 4.768058
v -25.784882 64.346657 9.209752
v -27.614241 64.962379 10.255658
v -23.540798 64.811295 13.847629
v -24.299313 65.381012 15.807259
v -27.077301 66.001617 15.869561
v -29.776581 65.690186 11.491933
v -32.498810 65.316940 6.789983
vt 0.208431 0.494797
vt 0.208575 0.478116
vt 0.229443 0.475893
vt 0.229271 0.493426
vt 0.252729 0.492198
vt 0.256170 0.471571
vt 0.275357 0.475888
vt 0.275429 0.493819
vt 0.298111 0.492176
vt 0.294163 0.471736
vt 0.321331 0.475953
vt 0.321541 0.493432
vt 0.198757 0.641525
vt 0.200055 0.589825
vt 0.221664 0.590600
vt 0.219751 0.640956
vt 0.244967 0.639373
vt 0.247968 0.591507
vt 0.275466 0.591669
vt 0.275481 0.635804
vt 0.305994 0.639365
vt 0.302966 0.591494
vt 0.329276 0.590573
vt 0.331197 0.640955
vt 0.199789 0.728809
vt 0.197393 0.704590
vt 0.219517 0.692482
vt 0.227784 0.730211
vt 0.252859 0.733034
vt 0.249003 0.687406
vt 0.275511 0.688085
vt 0.275516 0.730408
vt 0.298175 0.733010
vt 0.302021 0.687396
vt 0.331536 0.692451
vt 0.323246 0.730162
vt 0.805511 0.686057
vt 0.204711 0.752714
vt 0.229559 0.760254
vt 0.782889 0.696424
vt 0.784986 0.875584
vt 0.254181 0.941082
vt 0.275435 0.940431
vt 0.742298 0.896742
vt 0.699334 0.736241
vt 0.297037 0.807427
vt 0.321459 0.760204
vt 0.696358 0.696343
vt 0.808954 0.641287
vt 0.805193 0.664541
vt 0.784300 0.671779
vt 0.785729 0.644267
vt 0.763331 0.647822
vt 0.762442 0.673765
vt 0.742276 0.741120
vt 0.739609 0.647377
vt 0.715889 0.647774
vt 0.716786 0.673709
vt 0.694936 0.671695
vt 0.693494 0.644181
vt 0.806875 0.557726
vt 0.810121 0.617205
vt 0.790367 0.607046
vt 0.787575 0.557696
vt 0.763367 0.556090
vt 0.764746 0.603486
vt 0.739627 0.603152
vt 0.739688 0.556093
vt 0.716014 0.556064
vt 0.714496 0.603455
vt 0.688836 0.606971
vt 0.691820 0.557642
vt 0.803405 0.420481
vt 0.802841 0.435733
vt 0.782960 0.432290
vt 0.783371 0.416064
vt 0.759505 0.410786
vt 0.759570 0.428509
vt 0.739756 0.426992
vt 0.739743 0.409699
vt 0.720007 0.410786
vt 0.719946 0.428500
vt 0.696571 0.432245
vt 0.696182 0.416016
vt 0.819305 0.093413
vt 0.797386 0.086157
vt 0.790779 0.072322
vt 0.822344 0.073237
vt 0.265809 0.416173
vt 0.762697 0.377789
vt 0.739788 0.389948
vt 0.275377 0.462947
vt 0.364323 0.097210
vt 0.342669 0.089884
vt 0.336664 0.075169
vt 0.367299 0.076188
vt 0.342559 0.494848
vt 0.342402 0.478170
vt 0.366070 0.480227
vt 0.366198 0.495669
vt 0.352247 0.641476
vt 0.350872 0.589816
vt 0.374237 0.588973
vt 0.374011 0.638442
vt 0.936729 0.462892
vt 0.940585 0.464321
vt 0.946953 0.476690
vt 0.936605 0.482861
vt 0.804780 0.405462
vt 0.824266 0.410023
vt 0.823186 0.423812
vt 0.805355 0.509178
vt 0.825584 0.509339
vt 0.825621 0.554997
vt 0.118742 0.522844
vt 0.058006 0.517789
vt 0.074507 0.510871
vt 0.084702 0.516921
vt 0.822269 0.350445
vt 0.784755 0.399833
vt 0.805305 0.347137
vt 0.793942 0.336256
vt 0.777469 0.322538
vt 0.236211 0.409364
vt 0.220899 0.415267
vt 0.203041 0.415110
vt 0.182178 0.419746
vt 0.685950 0.336155
vt 0.717407 0.377787
vt 0.694840 0.399772
vt 0.674409 0.347030
vt 0.657366 0.350391
vt 0.674734 0.405426
vt 0.637625 0.358046
vt 0.347747 0.415166
vt 0.329799 0.415381
vt 0.314324 0.409429
vt 0.706215 0.336018
vt 0.292514 0.404556
vt 0.870618 0.237836
vt 0.844433 0.293934
vt 0.832214 0.287148
vt 0.858351 0.228645
vt 0.844944 0.223065
vt 0.821107 0.280742
vt 0.243727 0.342391
vt 0.826584 0.212775
vt 0.214622 0.282882
vt 0.224361 0.346790
vt 0.210147 0.349538
vt 0.199596 0.284960
vt 0.184434 0.288656
vt 0.194986 0.352422
vt 0.864110 0.304875
vt 0.163133 0.290367
vt 0.634803 0.222910
vt 0.658751 0.280554
vt 0.647480 0.287052
vt 0.621343 0.228556
vt 0.609012 0.237734
vt 0.635143 0.293889
vt 0.375465 0.356065
vt 0.590820 0.249121
vt 0.366326 0.288752
vt 0.355651 0.352469
vt 0.340563 0.349608
vt 0.351134 0.285011
vt 0.336042 0.282967
vt 0.326383 0.346874
vt 0.678330 0.268182
vt 0.315081 0.275917
vt 0.789900 0.091626
vt 0.894734 0.181072
vt 0.223763 0.023658
vt 0.779683 0.072008
vt 0.205625 0.023651
vt 0.212375 0.030485
vt 0.208733 0.046428
vt 0.818124 0.043214
vt 0.919973 0.054113
vt 0.218394 0.124576
vt 0.231547 0.124829
vt 0.925982 0.076298
vt 0.853028 0.105343
vt 0.173602 0.224408
vt 0.245023 0.044913
vt 0.815784 0.102925
vt 0.335499 0.095534
vt 0.609223 0.166963
vt 0.147562 0.023794
vt 0.325939 0.074804
vt 0.129108 0.019171
vt 0.133886 0.026698
vt 0.125138 0.040618
vt 0.363323 0.044920
vt 0.461211 0.056389
vt 0.114656 0.083148
vt 0.128082 0.110700
vt 0.466974 0.079440
vt 0.396801 0.109583
vt 0.345740 0.218419
vt 0.158805 0.046562
vt 0.361009 0.107136
vt 0.212264 0.093809
vt 0.204982 0.218327
vt 0.226791 0.056935
vt 0.229179 0.093286
vt 0.246067 0.092223
vt 0.255137 0.092099
vt 0.884191 0.095549
vt 0.853655 0.095653
vt 0.854753 0.074189
vt 0.884265 0.075061
vt 0.885799 0.054616
vt 0.855335 0.052709
vt 0.203340 0.068369
vt 0.888472 0.044995
vt 0.116537 0.064410
vt 0.377147 0.224500
vt 0.136900 0.057215
vt 0.135301 0.068971
vt 0.159593 0.072808
vt 0.169578 0.075371
vt 0.426769 0.099419
vt 0.397393 0.099512
vt 0.398467 0.077209
vt 0.426850 0.078134
vt 0.428347 0.056895
vt 0.399054 0.054890
vt 0.111199 0.052142
vt 0.430928 0.046902
vt 0.398347 0.732496
vt 0.353774 0.704759
vt 0.655189 0.607952
vt 0.404645 0.715309
vt 0.625247 0.642548
vt 0.669008 0.617360
vt 0.670290 0.641156
vt 0.629866 0.657272
vt 0.633967 0.675274
vt 0.674058 0.664432
vt 0.345812 0.774768
vt 0.637449 0.692485
vt 0.387906 0.765553
vt 0.346295 0.752641
vt 0.351218 0.728717
vt 0.392980 0.747350
vt 0.854032 0.642643
vt 0.181252 0.694641
vt 0.859345 0.625630
vt 0.152631 0.732602
vt 0.157999 0.747449
vt 0.163074 0.765647
vt 0.167481 0.783084
vt 0.845329 0.675366
vt 0.849419 0.657366
vt 0.462802 0.754848
vt 0.433121 0.744888
vt 0.586158 0.633072
vt 0.469035 0.736153
vt 0.562716 0.661102
vt 0.591598 0.653084
vt 0.596668 0.669873
vt 0.567525 0.676181
vt 0.573571 0.695803
vt 0.602326 0.689166
vt 0.414557 0.801264
vt 0.575415 0.714705
vt 0.450039 0.789809
vt 0.420413 0.781867
vt 0.427222 0.762131
vt 0.457315 0.770152
vt 0.916571 0.661069
vt 0.887682 0.653104
vt 0.112049 0.724515
vt 0.922852 0.642462
vt 0.088177 0.754903
vt 0.117860 0.744959
vt 0.123753 0.762207
vt 0.093657 0.770210
vt 0.100926 0.789871
vt 0.130556 0.781946
vt 0.872833 0.708772
vt 0.104321 0.808576
vt 0.905760 0.695791
vt 0.876995 0.689207
vt 0.882631 0.669903
vt 0.911782 0.676158
vt 0.245118 0.820265
vt 0.256063 0.761423
vt 0.275458 0.816348
vt 0.275456 0.817082
vt 0.305796 0.819611
vt 0.322444 0.827635
vt 0.716707 0.746651
vt 0.742277 0.751635
vt 0.767846 0.746640
vt 0.232576 0.815700
vt 0.789238 0.746868
vt 0.242805 0.909093
vt 0.242913 0.847487
vt 0.275453 0.850080
vt 0.275444 0.899369
vt 0.308078 0.909112
vt 0.307992 0.847504
vt 0.685718 0.768892
vt 0.335635 0.923345
vt 0.710517 0.826756
vt 0.709025 0.772272
vt 0.742280 0.767854
vt 0.742288 0.823907
vt 0.774059 0.826743
vt 0.775535 0.772258
vt 0.216918 0.852154
vt 0.800161 0.835727
vt 0.803587 0.472219
vt 0.184266 0.511368
vt 0.823748 0.473030
vt 0.786007 0.508646
vt 0.783967 0.470951
vt 0.760849 0.468488
vt 0.762764 0.507838
vt 0.739729 0.507585
vt 0.739749 0.469813
vt 0.718652 0.468468
vt 0.716699 0.507812
vt 0.693463 0.508589
vt 0.695538 0.470900
vt 0.347089 0.550471
vt 0.343449 0.511536
vt 0.656251 0.437958
vt 0.370672 0.549455
vt 0.305626 0.550928
vt 0.300328 0.509969
vt 0.323635 0.511057
vt 0.326613 0.553291
vt 0.245263 0.550946
vt 0.250519 0.509979
vt 0.275426 0.509223
vt 0.275447 0.553833
vt 0.203857 0.550446
vt 0.207534 0.511493
vt 0.227207 0.511082
vt 0.224277 0.553331
vt 0.296688 0.941095
vt 0.317831 0.963343
vt 0.722395 0.859395
vt 0.742293 0.859091
vt 0.762190 0.859387
vt 0.672412 0.557619
vt 0.673996 0.509116
vt 0.676597 0.435714
vt 0.676064 0.420456
vt 0.798456 0.058765
vt 0.820876 0.052919
vt 0.343747 0.061021
vt 0.365907 0.055032
vt 0.963235 0.483911
vt 0.902883 0.489040
vt 0.909072 0.482168
vt 0.925033 0.475729
vt 0.931354 0.463643
vt 0.080884 0.498420
vt 0.084741 0.496992
vt 0.090126 0.497750
vt 0.096539 0.509638
vt 0.112499 0.516024
vt 0.245369 0.109349
vt 0.249130 0.116712
vt 0.914174 0.091435
vt 0.914507 0.075957
vt 0.915392 0.060496
vt 0.143488 0.116794
vt 0.145270 0.126440
vt 0.455609 0.095160
vt 0.455938 0.079081
vt 0.456800 0.063019
vt 0.982240 0.434188
vt 0.963585 0.427947
vt 0.946509 0.423110
vt 0.890921 0.433118
vt 0.882130 0.436526
vt 0.926679 0.423006
vt 0.909612 0.427375
vt 0.937930 0.422313
vt 0.075163 0.457134
vt 0.058225 0.461798
vt 0.039557 0.467684
vt 0.094859 0.456979
vt 0.083682 0.456346
vt 0.130564 0.466891
vt 0.111877 0.461251
vt 0.033116 0.470128
vt 0.675805 0.472192
vt 0.653419 0.509254
vt 0.655248 0.472962
vt 0.367019 0.511392
vt 0.176921 0.588998
vt 0.180547 0.549455
vt 0.822760 0.437993
vt 0.233028 0.963316
vt 0.215241 0.923308
vt 0.798841 0.768868
vt 0.699605 0.875602
vt 0.684417 0.835751
vt 0.333987 0.852188
vt 0.228471 0.827609
vt 0.254212 0.785439
vt 0.759269 0.697501
vt 0.785216 0.736222
vt 0.695315 0.746888
vt 0.719972 0.697428
vt 0.296799 0.785396
vt 0.318344 0.815723
vt 0.903939 0.714697
vt 0.136407 0.801345
vt 0.081951 0.736203
vt 0.893090 0.633076
vt 0.446638 0.808511
vt 0.606509 0.708725
vt 0.556410 0.642507
vt 0.438944 0.724452
vt 0.841861 0.692578
vt 0.205190 0.774839
vt 0.146366 0.715395
vt 0.823906 0.608060
vt 0.383498 0.782992
vt 0.673752 0.685953
vt 0.619881 0.625562
vt 0.369876 0.694574
vt 0.624476 0.158216
vt 0.327082 0.211968
vt 0.653476 0.212425
vt 0.306569 0.342322
vt 0.153133 0.050558
vt 0.361352 0.222428
vt 0.125968 0.045756
vt 0.396618 0.225899
vt 0.569871 0.190223
vt 0.388031 0.290471
vt 0.615162 0.304972
vt 0.596954 0.173816
vt 0.584932 0.180968
vt 0.909456 0.190131
vt 0.154402 0.225852
vt 0.888489 0.249012
vt 0.175675 0.355943
vt 0.241882 0.047343
vt 0.189385 0.222364
vt 0.213528 0.046751
vt 0.223402 0.212053
vt 0.855547 0.158550
vt 0.235225 0.276013
vt 0.801766 0.268578
vt 0.882733 0.173912
vt 0.870470 0.167071
vt 0.702590 0.322102
vt 0.284431 0.416033
vt 0.369025 0.419829
vt 0.654789 0.409992
vt 0.841623 0.358035
vt 0.185243 0.480200
vt 0.257695 0.404697
vt 0.773758 0.336466
vt 0.177136 0.638471
vt 0.185108 0.495641
vt 0.653403 0.554919
vt 0.655840 0.423782
vt 0.740026 0.329135
vt 0.739609 0.679991
vt 0.717946 0.727940
vt 0.321543 0.784229
vt 0.275425 0.981496
vt 0.229466 0.784279
vt 0.766602 0.727930
vt 0.275513 0.766895
vt 0.294962 0.761394
vt 0.158494 0.031032
vt 0.235614 0.029385
vt 0.253884 0.807420
vt 0.968218 0.693073
vt 0.970279 0.686813
vt 0.964692 0.720144
vt 0.041234 0.817480
vt 0.965692 0.701614
vt 0.035620 0.790589
vt 0.038855 0.799577
vt 0.026837 0.766821
vt 0.976742 0.669618
vt 0.033170 0.783659
vt 0.515345 0.790561
vt 0.512107 0.799546
vt 0.509721 0.817448
vt 0.514670 0.720260
vt 0.513647 0.701731
vt 0.511110 0.693195
vt 0.509040 0.686939
vt 0.502555 0.669755
vt 0.524137 0.766797
vt 0.517798 0.783632
vt 0.052820 0.522857
vt 0.139366 0.470253
vt 0.968347 0.489050
vt 0.988625 0.436785
vt 0.108883 0.091107
vt 0.106409 0.062482
vt 0.399209 0.044805
vt 0.459518 0.102060
vt 0.428604 0.109556
vt 0.167704 0.057128
vt 0.215342 0.132259
vt 0.203222 0.094543
vt 0.855471 0.043005
vt 0.918242 0.098075
vt 0.886101 0.105305
vt 0.255511 0.067846
vt 0.169019 0.047690
vt 0.166893 0.025823
vt 0.125973 0.120002
vt 0.337008 0.054912
vt 0.115292 0.038211
vt 0.149847 0.015689
vt 0.254586 0.043904
vt 0.241676 0.021944
vt 0.231922 0.132778
vt 0.791425 0.052872
vt 0.199112 0.046316
vt 0.223332 0.014444
vn -0.522449 0.065630 0.850141
vn -0.522449 0.065630 0.850141
vn -0.299581 -0.080358 0.950681
vn -0.306496 -0.076149 0.948821
vn -0.166354 -0.204387 0.964652
vn 0.009678 -0.007579 0.999925
vn -0.155138 -0.182228 0.970940
vn -0.257963 -0.223194 0.940021
vn -0.021194 -0.135731 0.990519
vn -0.212314 0.087008 0.973320
vn 0.129192 0.006069 0.991601
vn 0.118623 -0.001357 0.992938
vn -0.940009 0.130277 0.315296
vn -0.921983 -0.048721 0.384153
vn -0.697457 -0.115119 0.707320
vn -0.734841 0.037895 0.677180
vn -0.344390 0.017651 0.938661
vn -0.340466 -0.188186 0.921232
vn -0.087185 -0.205893 0.974683
vn -0.085129 0.025821 0.996035
vn 0.186373 0.025930 0.982137
vn 0.179390 -0.171785 0.968664
vn 0.559750 -0.092884 0.823440
vn 0.599617 0.053454 0.798500
vn -0.084320 -0.098230 0.991585
vn -0.649957 0.176135 0.739278
vn -0.709575 0.076099 0.700509
vn -0.407373 0.103955 0.907326
vn -0.210589 0.212600 0.954177
vn -0.253045 0.065253 0.965251
vn -0.086009 0.067020 0.994038
vn -0.088467 0.190722 0.977650
vn 0.032167 0.219745 0.975027
vn 0.087235 0.073300 0.993487
vn 0.563652 0.091782 0.820898
vn 0.229058 0.130007 0.964692
vn -0.875697 0.412358 0.251227
vn -0.691574 0.256794 0.675116
vn -0.451719 0.590986 0.668346
vn -0.496893 0.859580 0.119246
vn -0.661089 0.739186 0.128709
vn -0.533797 0.340311 0.774112
vn -0.028661 0.356551 0.933836
vn -0.045103 0.937428 0.345244
vn 0.467785 0.868161 0.165750
vn 0.043749 0.577131 0.815479
vn 0.276939 0.628226 0.727074
vn 0.412993 0.890279 0.191936
vn -0.490391 0.040831 -0.870545
vn -0.872131 0.367888 -0.322563
vn -0.503008 0.699168 -0.508082
vn -0.254530 0.224604 -0.940621
vn -0.038259 0.285561 -0.957597
vn -0.185479 0.619963 -0.762394
vn 0.059044 0.435951 -0.898031
vn 0.070848 0.270106 -0.960221
vn 0.180826 0.295334 -0.938126
vn 0.275677 0.641629 -0.715762
vn 0.530882 0.736052 -0.419990
vn 0.384189 0.246300 -0.889795
vn -0.810717 0.197702 -0.551046
vn -0.495989 0.015760 -0.868186
vn -0.335659 0.132208 -0.932660
vn -0.296457 0.163671 -0.940917
vn 0.019227 0.133639 -0.990844
vn 0.000156 0.135812 -0.990735
vn 0.078084 0.134516 -0.987830
vn 0.081025 0.126378 -0.988668
vn 0.146472 0.132292 -0.980329
vn 0.159771 0.139779 -0.977208
vn 0.492579 0.158283 -0.855752
vn 0.447968 0.174018 -0.876951
vn -0.621326 -0.121829 -0.774023
vn -0.665174 -0.087133 -0.741587
vn -0.097402 -0.087699 -0.991374
vn -0.048422 -0.127300 -0.990682
vn 0.136416 -0.161216 -0.977446
vn 0.105322 -0.108382 -0.988514
vn 0.101554 -0.130126 -0.986283
vn 0.103803 -0.202670 -0.973730
vn 0.061528 -0.186006 -0.980620
vn 0.093567 -0.119771 -0.988383
vn 0.271842 -0.102392 -0.956879
vn 0.214784 -0.153266 -0.964561
vn 0.004002 -0.998041 -0.062440
vn 0.014104 -0.995566 -0.092998
vn 0.026583 -0.995970 -0.085662
vn 0.016380 -0.998284 -0.056218
vn 0.906994 -0.345066 0.241435
vn 0.759689 -0.583075 -0.287917
vn 0.097999 -0.776944 -0.621896
vn -0.195501 -0.715897 0.670277
vn -0.010240 -0.999283 -0.036455
vn -0.012442 -0.997850 -0.064355
vn -0.005756 -0.997696 -0.067594
vn -0.004196 -0.999097 -0.042290
vn 0.983873 0.023511 0.177317
vn 0.983873 0.023511 0.177317
vn 0.983873 0.023511 0.177317
vn 0.983873 0.023511 0.177317
vn 0.865125 0.147001 0.479530
vn 0.841995 -0.027448 0.538787
vn 0.996245 0.023386 0.083355
vn 0.971144 0.196018 0.135853
vn 0.231499 -0.950226 0.208515
vn 0.231496 -0.950227 0.208514
vn 0.231496 -0.950227 0.208514
vn 0.231498 -0.950226 0.208515
vn -0.896786 -0.156371 -0.413913
vn -0.896786 -0.156371 -0.413913
vn -0.896786 -0.156371 -0.413913
vn -0.896786 -0.156371 -0.413913
vn -0.721234 0.081325 -0.687902
vn -0.995241 0.013815 -0.096459
vn -0.984769 0.171277 -0.029923
vn -0.209521 -0.957687 0.197324
vn -0.209521 -0.957687 0.197325
vn -0.209521 -0.957687 0.197325
vn -0.209521 -0.957687 0.197324
vn -0.130183 -0.344098 -0.929865
vn -0.176624 -0.320248 -0.930723
vn 0.130426 -0.348253 -0.928283
vn 0.220639 -0.358660 -0.907018
vn 0.984979 -0.171828 0.017091
vn 0.987540 -0.155659 0.023130
vn 0.548138 0.169464 0.819040
vn -0.222763 0.303477 0.926433
vn -0.241238 0.302152 0.922230
vn -0.998064 -0.023721 -0.057487
vn -0.999101 -0.016972 -0.038843
vn -0.999101 -0.016972 -0.038843
vn -0.998222 -0.022839 -0.055051
vn -0.396732 -0.474253 -0.785931
vn -0.357397 -0.478962 -0.801787
vn 0.006190 -0.466954 -0.884260
vn -0.068297 -0.478655 -0.875343
vn 0.959161 -0.103429 -0.263274
vn 0.960147 -0.101405 -0.260450
vn 0.960147 -0.101405 -0.260450
vn 0.959078 -0.103597 -0.263508
vn 0.462437 0.425432 0.777920
vn 0.382315 0.449419 0.807377
vn 0.043739 0.445814 0.894056
vn 0.084961 0.440550 0.893699
vn -0.658509 0.209841 0.722726
vn -0.907713 -0.392529 0.148252
vn -0.912519 -0.054387 0.405403
vn -0.588435 0.272868 -0.761110
vn -0.695227 0.269364 -0.666410
vn 0.279451 0.479390 -0.831921
vn 0.323328 0.398872 -0.858114
vn 0.961712 0.181708 -0.205165
vn 0.971823 0.198678 -0.126838
vn 0.909820 -0.057390 0.411016
vn 0.934582 -0.071782 0.348432
vn 0.586606 -0.276196 0.761321
vn 0.516799 -0.237468 0.822513
vn -0.247171 -0.318186 0.915240
vn -0.301359 -0.391141 0.869593
vn -0.961356 -0.167218 0.218708
vn -0.893985 -0.183324 0.408880
vn -0.971918 0.040339 -0.231835
vn -0.940021 0.055541 -0.336565
vn -0.934824 0.069091 -0.348327
vn -0.962404 0.083153 -0.258580
vn -0.204067 0.362856 -0.909226
vn -0.221920 0.286206 -0.932115
vn 0.672080 0.251613 -0.696419
vn 0.758533 0.267218 -0.594325
vn 0.987067 0.113604 -0.113107
vn 0.972846 0.104276 -0.206631
vn 0.929930 -0.056449 0.363379
vn 0.832980 -0.052829 0.550776
vn 0.157287 -0.192963 0.968517
vn 0.211405 -0.261507 0.941765
vn -0.668902 -0.240505 0.703369
vn -0.589760 -0.200345 0.782333
vn -0.950527 -0.104457 0.292552
vn -0.967640 -0.119306 0.222350
vn -0.097504 0.393143 -0.914293
vn -0.097504 0.393143 -0.914293
vn 0.356718 0.448308 -0.819617
vn 0.384908 0.448518 -0.806646
vn 0.923638 0.315160 0.218099
vn 0.923638 0.315160 0.218099
vn 0.923638 0.315160 0.218099
vn 0.923638 0.315160 0.218099
vn -0.000689 0.978783 0.204898
vn -0.000689 0.978783 0.204898
vn -0.079829 0.982610 0.167647
vn -0.079811 0.982610 0.167655
vn -0.788028 0.562566 -0.250065
vn -0.788028 0.562566 -0.250065
vn -0.788028 0.562566 -0.250065
vn -0.788028 0.562566 -0.250065
vn -0.620409 0.401217 -0.673883
vn -0.620409 0.401217 -0.673883
vn -0.209124 0.449570 -0.868420
vn -0.216034 0.449538 -0.866744
vn 0.858550 0.323587 -0.397723
vn 0.858550 0.323587 -0.397723
vn 0.858550 0.323587 -0.397723
vn 0.858550 0.323587 -0.397723
vn 0.146184 0.966887 0.209188
vn 0.146184 0.966887 0.209188
vn 0.062448 0.970975 0.230885
vn 0.062221 0.970976 0.230941
vn -0.799796 0.533384 0.275368
vn -0.799797 0.533384 0.275368
vn -0.799797 0.533384 0.275368
vn -0.799796 0.533384 0.275368
vn 0.011552 0.997685 -0.067013
vn 0.011552 0.997685 -0.067013
vn 0.032787 0.998003 -0.053987
vn 0.032974 0.998003 -0.053872
vn -0.759294 0.430760 -0.487769
vn -0.759294 0.430760 -0.487769
vn -0.759294 0.430760 -0.487769
vn -0.759294 0.430760 -0.487769
vn -0.039444 -0.997093 0.065184
vn -0.019748 -0.999776 0.007547
vn -0.012078 -0.999841 0.013151
vn -0.035777 -0.997085 0.067384
vn 0.898728 -0.003118 0.438495
vn 0.900584 -0.004061 0.434663
vn 0.900656 -0.004098 0.434513
vn 0.898728 -0.003118 0.438495
vn -0.021656 0.999213 -0.033223
vn -0.021656 0.999213 -0.033223
vn -0.008313 0.999169 -0.039896
vn -0.008273 0.999169 -0.039916
vn -0.895578 0.426451 0.126810
vn -0.895578 0.426451 0.126810
vn -0.895578 0.426451 0.126810
vn -0.895577 0.426451 0.126810
vn 0.005589 -0.998760 0.049474
vn -0.002026 -0.999906 0.013575
vn 0.001701 -0.999949 0.009985
vn 0.007055 -0.998834 0.047762
vn 0.971679 -0.004527 -0.236263
vn 0.972021 -0.001994 -0.234885
vn 0.972030 -0.001928 -0.234849
vn 0.971679 -0.004527 -0.236263
vn -0.967463 -0.070712 0.242931
vn 0.490375 0.138276 0.860472
vn -0.915513 -0.145597 -0.375017
vn -0.894666 -0.113108 -0.432179
vn -0.319909 -0.064487 -0.945251
vn 0.646026 0.070802 -0.760025
vn 0.572813 0.063731 -0.817205
vn 0.452619 0.075611 -0.888492
vn 0.940503 0.260860 -0.217731
vn 0.889092 0.406151 -0.211083
vn 0.821187 0.453615 0.346244
vn 0.860360 0.287458 0.420890
vn 0.406344 0.197891 0.892033
vn 0.587811 0.316144 0.744669
vn -0.009140 -0.088721 0.996015
vn -0.497190 -0.001359 0.867640
vn 0.300800 -0.069220 -0.951172
vn 0.924260 -0.137494 -0.356144
vn 0.895419 -0.098329 -0.434231
vn 0.965653 -0.034652 0.257514
vn 0.482572 0.039436 0.874968
vn -0.418098 0.185782 0.889201
vn -0.885690 0.254702 0.388175
vn -0.942088 0.220390 -0.252783
vn -0.440821 0.047459 -0.896340
vn -0.970688 -0.193973 0.141912
vn -0.971439 -0.064854 0.228253
vn -0.856412 -0.148238 -0.494554
vn -0.829571 -0.313477 -0.462108
vn -0.356190 -0.308979 -0.881851
vn -0.264089 -0.124595 -0.956417
vn 0.496356 -0.005555 -0.868102
vn 0.517442 -0.142195 -0.843821
vn 0.994484 -0.030580 -0.100331
vn 0.951858 0.133246 -0.276066
vn 0.859595 0.192470 0.473342
vn 0.865112 0.043628 0.499678
vn 0.405203 0.085688 0.910202
vn 0.296404 0.177734 0.938379
vn -0.504918 0.066101 0.860632
vn -0.500242 0.050077 0.864436
vn 0.356430 -0.289045 -0.888488
vn 0.259357 -0.118451 -0.958490
vn 0.854521 -0.125736 -0.503969
vn 0.832112 -0.289176 -0.473252
vn 0.975723 -0.175611 0.130865
vn 0.972925 -0.036535 0.228217
vn 0.508038 0.087700 0.856858
vn 0.506047 0.047567 0.861193
vn -0.399579 0.063888 0.914470
vn -0.280436 0.167801 0.945092
vn -0.861744 0.156314 0.482662
vn -0.861491 0.018305 0.507443
vn -0.994559 -0.050180 -0.091289
vn -0.960676 0.094109 -0.261236
vn -0.503250 -0.025943 -0.863752
vn -0.520785 -0.141360 -0.841903
vn -0.583234 -0.535997 0.610364
vn -0.583234 -0.535997 0.610364
vn -0.583234 -0.535997 0.610364
vn -0.583234 -0.535997 0.610364
vn 0.914628 -0.280354 0.291303
vn 0.914628 -0.280354 0.291303
vn 0.979717 -0.152527 0.129962
vn 0.660572 -0.260190 -0.704234
vn 0.067113 0.212216 -0.974915
vn 0.057500 -0.093215 -0.993984
vn -0.547487 -0.295045 -0.783075
vn -0.539781 0.836813 0.091546
vn -0.968664 -0.248311 -0.005614
vn -0.749933 -0.041870 0.660188
vn -0.696734 -0.264455 0.666803
vn -0.017876 -0.259133 0.965676
vn -0.017301 -0.056647 0.998244
vn 0.727857 0.030689 0.685042
vn 0.668464 -0.211459 0.713050
vn 0.982026 -0.158130 0.103057
vn 0.983729 0.167931 0.063843
vn 0.699129 0.143471 -0.700453
vn 0.687571 -0.102037 -0.718912
vn 0.030314 -0.086921 -0.995754
vn 0.019324 0.027660 -0.999431
vn -0.677273 0.081464 -0.731208
vn -0.634290 -0.154191 -0.757563
vn -0.969937 -0.238092 0.050347
vn -0.997408 0.069835 0.017325
vn -0.684117 -0.035572 -0.728504
vn -0.987552 -0.068121 -0.141775
vn -0.989482 -0.068091 -0.127627
vn -0.203075 0.105001 -0.973517
vn -0.143048 -0.011350 -0.989651
vn 0.073099 -0.023081 -0.997058
vn 0.041097 0.096363 -0.994497
vn 0.087520 0.087289 -0.992331
vn 0.096223 -0.029705 -0.994916
vn 0.121810 -0.033185 -0.991999
vn 0.136349 0.085691 -0.986948
vn 0.365234 0.089953 -0.926560
vn 0.323629 -0.031927 -0.945645
vn 0.806899 -0.122217 0.577908
vn 0.781663 -0.106640 0.614517
vn 0.992604 -0.106259 0.058712
vn 0.992317 -0.097917 0.075627
vn 0.086620 -0.308358 0.947319
vn 0.004259 -0.193694 0.981053
vn 0.299618 -0.156065 0.941208
vn 0.427166 -0.206610 0.880251
vn -0.273051 -0.312173 0.909940
vn -0.206079 -0.183819 0.961115
vn -0.103023 -0.191850 0.976002
vn -0.094188 -0.362350 0.927271
vn -0.906914 -0.101247 0.408969
vn -0.895287 -0.065434 0.440658
vn -0.494622 -0.127843 0.859654
vn -0.597589 -0.204166 0.775373
vn -0.188474 -0.158853 0.969146
vn -0.408304 -0.109922 0.906204
vn -0.903692 -0.058454 0.424175
vn 0.026366 -0.157981 0.987090
vn -0.009373 -0.173352 0.984815
vn -0.101915 -0.172459 0.979730
vn 0.339094 0.156699 0.927610
vn 0.339094 0.156699 0.927610
vn 0.811103 -0.077463 0.579751
vn 0.214237 -0.138730 0.966880
vn -0.215282 0.560339 0.799796
vn -0.089019 0.358936 0.929108
vn 0.498444 0.404881 0.766567
vn 0.582054 0.798399 0.154180
vn 0.499016 0.751750 -0.431109
vn -0.023490 0.810043 -0.585899
vn -0.524270 0.724265 -0.447863
vn 0.893612 0.226565 -0.387462
vn 0.833451 0.075158 -0.547459
vn 0.185978 -0.423978 -0.886372
vn 0.155205 -0.347325 -0.924812
vn 0.091644 -0.325992 -0.940920
vn -0.225229 -0.198990 -0.953769
vn -0.225228 -0.198990 -0.953769
vn 0.003201 -0.477506 -0.878623
vn -0.689386 -0.645108 -0.329519
vn 0.216494 -0.491617 -0.843471
vn -0.010384 -0.460021 -0.887847
vn 0.788138 -0.116069 -0.604455
vn 0.733082 -0.142513 -0.665042
vn 0.354517 -0.252708 -0.900253
vn 0.354517 -0.252708 -0.900253
vn -0.008610 -0.408497 -0.912719
vn 0.049673 -0.387791 -0.920408
vn 0.038990 -0.996163 -0.078347
vn 0.027466 -0.998532 -0.046683
vn -0.004318 -0.999822 0.018387
vn 0.000943 -0.997488 -0.070835
vn 0.002013 -0.998972 -0.045290
vn 0.005433 -0.999966 0.006233
vn 0.966540 -0.125606 -0.223658
vn 0.966540 -0.125606 -0.223658
vn 0.966540 -0.125606 -0.223658
vn 0.966540 -0.125606 -0.223658
vn 0.995370 -0.096109 -0.000943
vn 0.943360 0.289407 0.162219
vn 0.231497 -0.950227 0.208513
vn 0.231497 -0.950227 0.208513
vn 0.231499 -0.950227 0.208512
vn 0.231499 -0.950227 0.208512
vn 0.231500 -0.950227 0.208511
vn 0.231500 -0.950227 0.208511
vn 0.231500 -0.950226 0.208515
vn 0.231501 -0.950226 0.208515
vn -0.998339 -0.054201 0.019521
vn -0.998339 -0.054201 0.019521
vn -0.998339 -0.054201 0.019521
vn -0.998339 -0.054201 0.019521
vn -0.978958 -0.081467 -0.187093
vn -0.962339 0.271585 0.012044
vn -0.209522 -0.957687 0.197322
vn -0.209522 -0.957687 0.197322
vn -0.209523 -0.957686 0.197325
vn -0.209522 -0.957686 0.197325
vn -0.209523 -0.957686 0.197327
vn -0.209523 -0.957686 0.197327
vn -0.209521 -0.957687 0.197324
vn -0.209521 -0.957687 0.197324
vn 0.536126 -0.331433 -0.776351
vn 0.565024 -0.330902 -0.755812
vn 0.597985 -0.329751 -0.730532
vn 0.263462 -0.373079 -0.889607
vn -0.084248 -0.366599 -0.926557
vn 0.848404 -0.010506 0.529246
vn 0.858145 0.073644 0.508098
vn 0.858145 0.073644 0.508098
vn 0.994694 -0.091614 0.046811
vn 0.994694 -0.091614 0.046811
vn -0.553669 0.284533 0.782619
vn -0.622091 0.266305 0.736264
vn -0.677871 0.248937 0.691752
vn -0.267562 0.299708 0.915743
vn 0.253056 0.278423 0.926522
vn -0.892471 -0.160671 -0.421522
vn -0.892471 -0.160671 -0.421523
vn -0.892286 -0.162208 -0.421325
vn -0.892272 -0.162327 -0.421309
vn -0.892086 -0.163850 -0.421112
vn -0.892086 -0.163850 -0.421112
vn -0.996705 -0.030165 -0.075290
vn -0.996705 -0.030165 -0.075290
vn 0.295195 -0.411174 -0.862436
vn 0.251940 -0.434175 -0.864880
vn 0.209099 -0.455636 -0.865259
vn -0.109647 -0.488617 -0.865582
vn -0.442342 -0.467565 -0.765321
vn 0.992232 0.092581 0.083088
vn 0.992232 0.092581 0.083088
vn 0.995358 0.075025 0.060284
vn 0.994983 0.077408 0.063378
vn 0.997469 0.059067 0.039583
vn 0.997469 0.059067 0.039583
vn 0.958119 -0.105536 -0.266213
vn 0.958119 -0.105536 -0.266213
vn -0.358129 0.365121 0.859320
vn 0.117533 0.429889 0.895199
vn 0.526973 0.402683 0.748429
vn -0.962213 -0.264381 -0.065180
vn -0.966833 -0.247895 -0.061490
vn -0.982507 -0.180364 -0.046358
vn -0.982507 -0.180364 -0.046358
vn -0.929713 0.028416 0.367186
vn -0.929713 0.028416 0.367186
vn 0.958977 0.146908 -0.242450
vn 0.346935 0.343936 -0.872551
vn -0.531297 0.249283 -0.809680
vn 0.639996 -0.325567 0.695997
vn 0.945480 -0.093967 0.311830
vn -0.989956 -0.140279 0.017585
vn -0.377714 -0.474052 0.795366
vn -0.906031 0.064871 -0.418211
vn 0.656094 0.213949 -0.723717
vn -0.211488 0.235368 -0.948617
vn -0.919964 0.037484 -0.390207
vn 0.975836 -0.071240 0.206564
vn 0.961109 0.089846 -0.261147
vn -0.726855 -0.287892 0.623539
vn 0.266434 -0.343625 0.900519
vn -0.972837 -0.141333 0.183338
vn 0.757335 0.398021 -0.517709
vn 0.757335 0.398021 -0.517709
vn 0.815536 0.025279 -0.578154
vn 0.815536 0.025279 -0.578154
vn 0.427931 0.031369 -0.903267
vn 0.414740 0.031427 -0.909397
vn -0.084163 0.029251 -0.996023
vn -0.084163 0.029251 -0.996023
vn 0.711068 0.542939 0.446767
vn 0.711068 0.542939 0.446767
vn 0.711068 0.542939 0.446767
vn 0.711068 0.542939 0.446767
vn 0.902270 -0.004925 0.431144
vn 0.902270 -0.004925 0.431144
vn 0.979456 0.000581 0.201656
vn 0.979456 0.000581 0.201656
vn 0.979456 0.000581 0.201656
vn 0.979456 0.000581 0.201656
vn -0.158272 0.978912 0.129152
vn -0.158272 0.978912 0.129152
vn -0.446365 -0.376838 0.811635
vn -0.446365 -0.376838 0.811635
vn -0.405680 -0.377212 0.832547
vn -0.405690 -0.377212 0.832542
vn -0.364184 -0.376797 0.851701
vn -0.364184 -0.376797 0.851701
vn -0.765572 0.311424 -0.562951
vn -0.765572 0.311424 -0.562951
vn -0.765572 0.311424 -0.562951
vn -0.765572 0.311424 -0.562951
vn -0.777436 0.008003 -0.628911
vn -0.777436 0.008003 -0.628911
vn -0.777436 0.008003 -0.628911
vn -0.777436 0.008003 -0.628911
vn -0.902399 0.006080 -0.430858
vn -0.900460 0.004677 -0.434913
vn -0.900548 0.004740 -0.434731
vn -0.902400 0.006080 -0.430858
vn 0.227336 0.407541 -0.884437
vn 0.227336 0.407541 -0.884437
vn 0.243202 0.029057 -0.969540
vn 0.243202 0.029057 -0.969540
vn -0.235404 0.029079 -0.971462
vn -0.230085 0.029118 -0.972735
vn -0.658808 0.022473 -0.751975
vn -0.658808 0.022473 -0.751976
vn 0.838894 0.534334 -0.103654
vn 0.838894 0.534334 -0.103654
vn 0.838894 0.534334 -0.103654
vn 0.838894 0.534334 -0.103654
vn 0.972323 0.000288 -0.233642
vn 0.972323 0.000288 -0.233642
vn 0.896101 0.008581 -0.443767
vn 0.896101 0.008581 -0.443767
vn 0.896101 0.008581 -0.443767
vn 0.896101 0.008581 -0.443767
vn -0.022016 0.967760 0.250909
vn -0.022016 0.967761 0.250909
vn 0.169633 -0.428709 0.887374
vn 0.169633 -0.428709 0.887374
vn 0.214549 -0.429135 0.877389
vn 0.214692 -0.429135 0.877354
vn 0.259207 -0.428649 0.865489
vn 0.259207 -0.428649 0.865489
vn -0.947708 0.314856 0.052106
vn -0.947708 0.314856 0.052106
vn -0.947708 0.314856 0.052106
vn -0.947708 0.314856 0.052106
vn -0.999673 0.000471 0.025575
vn -0.999673 0.000471 0.025575
vn -0.999673 0.000471 0.025575
vn -0.999673 0.000471 0.025575
vn -0.972485 0.000735 0.232966
vn -0.972135 0.002559 0.234408
vn -0.972140 0.002534 0.234389
vn -0.972485 0.000735 0.232966
vn 0.054460 0.997688 -0.040645
vn 0.054460 0.997688 -0.040645
vn -0.055584 0.993150 -0.102783
vn -0.055584 0.993150 -0.102783
vn 0.032119 0.997636 -0.060749
vn 0.032136 0.997636 -0.060741
vn 0.119649 0.992652 -0.018075
vn 0.119649 0.992652 -0.018075
vn -0.898324 0.003147 -0.439323
vn -0.898324 0.003147 -0.439323
vn -0.927238 -0.218613 -0.304038
vn -0.927238 -0.218613 -0.304037
vn -0.927238 -0.218613 -0.304037
vn -0.927238 -0.218613 -0.304037
vn -0.720793 0.551508 -0.419878
vn -0.720793 0.551508 -0.419878
vn -0.720793 0.551508 -0.419878
vn -0.720793 0.551508 -0.419878
vn -0.032104 -0.997059 0.069585
vn -0.007873 -0.974971 0.222195
vn -0.007873 -0.974971 0.222195
vn -0.090969 -0.978970 0.182598
vn -0.090861 -0.978970 0.182651
vn -0.173275 -0.974661 0.141460
vn -0.173275 -0.974661 0.141460
vn 0.854453 0.419861 0.305986
vn 0.854453 0.419861 0.305986
vn 0.854453 0.419861 0.305986
vn 0.854453 0.419861 0.305986
vn 0.776524 0.549568 0.308197
vn 0.776524 0.549568 0.308196
vn 0.776524 0.549568 0.308197
vn 0.776524 0.549568 0.308197
vn 0.810359 -0.221993 0.542252
vn 0.810359 -0.221993 0.542252
vn 0.810359 -0.221993 0.542252
vn 0.810359 -0.221993 0.542252
vn 0.004964 0.998905 -0.046525
vn 0.004964 0.998905 -0.046525
vn -0.091185 0.995751 0.012838
vn -0.091185 0.995751 0.012838
vn 0.003243 0.999936 -0.010881
vn 0.003491 0.999934 -0.010944
vn 0.097694 0.994618 -0.034511
vn 0.097694 0.994618 -0.034511
vn -0.971740 0.004588 0.236010
vn -0.971740 0.004588 0.236010
vn -0.911568 -0.219682 0.347539
vn -0.911568 -0.219682 0.347539
vn -0.911568 -0.219682 0.347539
vn -0.911568 -0.219682 0.347539
vn -0.811580 0.559337 0.168761
vn -0.811580 0.559337 0.168761
vn -0.811580 0.559337 0.168761
vn -0.811580 0.559337 0.168761
vn 0.008526 -0.998903 0.046043
vn 0.119335 -0.985188 0.123144
vn 0.119335 -0.985188 0.123144
vn 0.029969 -0.988945 0.145225
vn 0.029949 -0.988945 0.145230
vn -0.059578 -0.984315 0.166056
vn -0.059578 -0.984315 0.166056
vn 0.857073 0.418525 -0.300437
vn 0.857073 0.418525 -0.300437
vn 0.857073 0.418525 -0.300437
vn 0.857073 0.418525 -0.300437
vn 0.804525 0.547367 -0.230499
vn 0.804525 0.547367 -0.230499
vn 0.804525 0.547367 -0.230499
vn 0.804525 0.547367 -0.230499
vn 0.965559 -0.233686 -0.114401
vn 0.965559 -0.233686 -0.114401
vn 0.965559 -0.233686 -0.114401
vn 0.965559 -0.233686 -0.114401
vn -0.392611 -0.349764 -0.850601
vn -0.815251 -0.371290 -0.444422
vn -0.962890 -0.244426 0.114448
vn 0.995508 -0.024844 -0.091362
vn 0.501147 -0.128760 -0.855729
vn 0.397149 0.081710 0.914109
vn 0.864097 0.024300 0.502739
vn -0.517076 0.044629 0.854775
vn 0.968813 -0.225763 0.102140
vn 0.818838 -0.347670 -0.456760
vn 0.392653 -0.329356 -0.858690
vn -0.392321 0.061149 0.917794
vn 0.523265 0.043539 0.851057
vn -0.995636 -0.043501 -0.082566
vn -0.860235 0.000240 0.509897
vn -0.504929 -0.127311 -0.853721
vn 0.534278 -0.504173 0.678496
vn 0.534278 -0.504173 0.678496
vn 0.534278 -0.504173 0.678496
vn 0.534278 -0.504173 0.678496
vn 0.674601 -0.496052 0.546668
vn -0.036415 -0.532603 0.845581
vn -0.680144 -0.559240 0.473978
vn 0.798288 -0.597110 0.078721
vn -0.923231 -0.351984 0.154113
vn -0.923231 -0.351984 0.154113
vn -0.739315 -0.673316 -0.007672
vn 0.815410 -0.068412 -0.574828
vn -0.514831 0.106351 0.850670
vn -0.917858 -0.102457 0.383457
vn -0.917858 -0.102457 0.383457
vn -0.514122 0.106609 0.851066
vn -0.889627 -0.286729 -0.355457
vn -0.889627 -0.286729 -0.355457
vn -0.889627 -0.286729 -0.355457
vn -0.889627 -0.286730 -0.355457
vn -0.767628 -0.304093 -0.564159
vn -0.767628 -0.304093 -0.564159
vn -0.767628 -0.304093 -0.564159
vn -0.767628 -0.304093 -0.564159
vn -0.008567 -0.187328 -0.982260
vn 0.497235 -0.035074 -0.866907
vn 0.497265 -0.035063 -0.866890
vn -0.008567 -0.187328 -0.982260
vn 0.779540 0.084176 -0.620671
vn 0.779540 0.084176 -0.620671
vn 0.834008 0.320882 0.448849
vn 0.834008 0.320882 0.448849
vn 0.834008 0.320882 0.448849
vn 0.834008 0.320882 0.448849
vn 0.819654 0.322880 0.473198
vn 0.819654 0.322880 0.473198
vn 0.819654 0.322880 0.473198
vn 0.819654 0.322880 0.473198
vn -0.060339 0.236705 0.969706
vn -0.060339 0.236705 0.969706
vn -0.504539 -0.033624 -0.862734
vn 0.003237 -0.173556 -0.984819
vn 0.003237 -0.173556 -0.984819
vn -0.504569 -0.033614 -0.862717
vn 0.768490 -0.280009 -0.575341
vn 0.768490 -0.280009 -0.575341
vn 0.768491 -0.280009 -0.575341
vn 0.768490 -0.280009 -0.575341
vn 0.892065 -0.262945 -0.367532
vn 0.892065 -0.262945 -0.367532
vn 0.892065 -0.262945 -0.367532
vn 0.892065 -0.262945 -0.367532
vn 0.923379 -0.088319 0.373592
vn 0.520464 0.105476 0.847344
vn 0.519758 0.105712 0.847748
vn 0.923379 -0.088319 0.373592
vn 0.064474 0.224547 0.972328
vn 0.064474 0.224547 0.972328
vn -0.821755 0.298944 0.485130
vn -0.821755 0.298944 0.485130
vn -0.821755 0.298944 0.485130
vn -0.821755 0.298944 0.485130
vn -0.836293 0.296979 0.460888
vn -0.836293 0.296979 0.460888
vn -0.836293 0.296979 0.460888
vn -0.836293 0.296979 0.460888
vn -0.786952 0.076233 -0.612287
vn -0.786952 0.076233 -0.612287
s 1
g pCube1
usemtl pCube1SG
f 101/1/1 1/2/2 98/3/3 97/4/4
f 99/5/5 2/6/6 103/7/7 102/8/8
f 104/9/9 3/10/10 107/11/11 106/12/12
s 3
f 114/13/13 5/14/14 111/15/15 110/16/16
f 112/17/17 6/18/18 116/19/19 115/20/20
f 117/21/21 7/22/22 120/23/23 119/24/24
f 126/25/25 9/26/26 113/27/27 123/28/28
f 124/29/29 10/30/30 118/31/31 127/32/32
f 128/33/33 11/34/34 122/35/35 130/36/36
f 136/424/37 13/38/38 125/39/39 133/474/40
f 141/401/41 85/42/42 138/43/43 137/473/44
f 145/413/45 15/477/46 132/47/47 142/472/48
f 149/49/49 17/50/50 135/51/51 146/52/52
f 147/53/53 18/54/54 151/470/55 150/56/56
f 152/57/57 19/58/58 144/59/59 154/60/60
f 160/61/61 21/62/62 148/63/63 157/64/64
f 158/65/65 22/66/66 153/67/67 161/68/68
f 162/69/69 23/70/70 156/71/71 164/72/72
f 171/73/73 90/74/74 168/75/75 167/76/76
f 169/77/77 91/78/78 173/79/79 172/80/80
f 174/81/81 92/82/82 177/83/83 176/84/84
s 10
f 184/85/85 49/86/86 181/87/87 180/88/88
s 1
f 187/464/89 30/90/90 175/91/91 185/469/92
s 12
f 192/93/93 53/94/94 189/95/95 188/96/96
s off
f 108/97/97 4/98/98 194/99/99 193/100/100
s 3
f 121/101/101 8/102/102 197/103/103 196/104/104
s 13
f 378/105/105 377/106/106 379/107/107 380/108/108
s off
f 171/73/109 29/109/110 204/110/111 203/111/112
s 3
f 160/61/61 25/112/113 207/113/114 206/114/115
s 14
f 386/501/116 387/116/117 388/117/118 389/118/119
s 15
f 216/119/120 29/109/121 170/120/122 213/121/123
s 1
f 214/122/124 30/90/90 187/464/89 217/123/125
f 218/124/126 2/6/6 98/3/127 220/125/128
s 17
f 221/126/129 1/2/130 204/462/131 223/127/132
s 18
f 228/128/133 31/129/134 179/130/135 225/131/136
s 19
f 226/132/137 32/133/138 194/460/139 229/134/140
s 1
f 230/135/141 4/98/142 107/11/143 232/136/144
f 233/137/145 3/10/10 186/458/146 235/139/147
s 21
f 240/140/148 33/141/149 215/142/150 237/143/151
f 238/144/152 34/145/153 219/454/154 241/147/155
f 242/148/156 35/149/157 222/150/158 244/151/159
f 245/152/160 36/153/161 224/447/162 247/155/163
s 22
f 252/156/164 37/157/165 227/158/166 249/159/167
f 250/160/168 38/161/169 231/441/170 253/163/171
f 254/164/172 39/165/173 234/166/174 256/167/175
f 257/168/176 40/169/177 236/434/178 259/171/179
s 23
f 263/524/180 41/479/181 239/174/182 261/528/183
s off
f 262/176/184 42/177/185 243/178/186 264/527/187
s 24
f 270/511/188 58/181/189 267/182/190 266/525/191
s off
f 272/516/192 44/448/193 248/186/194 271/523/195
s 25
f 275/518/196 45/478/197 251/190/198 273/522/199
s off
f 274/192/200 46/193/201 255/194/202 276/521/203
s 26
f 282/505/204 62/197/205 279/198/206 278/519/207
s off
f 284/510/208 48/435/209 260/202/210 283/517/211
s 27
f 287/204/212 43/450/213 246/206/214 285/207/215
s off
f 286/208/216 44/448/217 272/516/218 288/209/219
s 10
f 289/210/220 52/211/221 183/212/222 290/213/223
s 28
f 291/214/224 51/215/225 265/513/226 292/217/227
s 29
f 295/218/228 47/437/229 258/220/230 293/221/231
s off
f 294/222/232 48/435/233 284/510/234 296/223/235
s 12
f 297/224/236 56/225/237 191/226/238 298/227/239
s 30
f 299/228/240 55/229/241 277/507/242 300/231/243
s 3
f 304/232/244 12/233/245 198/430/246 301/235/247
f 302/236/248 24/237/249 155/238/250 305/239/251
f 306/240/252 20/241/253 143/428/254 308/243/255
f 309/244/256 16/245/257 131/246/258 311/247/259
f 316/248/260 21/62/62 208/426/261 313/250/262
f 314/251/263 9/26/26 126/25/25 317/252/264
f 318/253/265 13/38/38 136/424/37 320/254/266
f 321/255/267 17/50/50 149/49/49 323/256/268
f 327/257/269 66/258/270 303/422/271 325/260/272
f 326/261/273 65/262/274 307/263/275 328/264/276
f 329/265/277 67/266/278 310/420/279 330/268/280
f 331/269/281 68/270/282 312/271/283 332/272/284
f 335/273/285 69/274/286 315/418/287 333/276/288
f 334/277/289 70/278/290 319/279/291 336/280/292
f 337/281/293 71/282/294 322/416/295 338/284/296
f 339/285/297 72/286/298 324/287/299 340/288/300
s off
f 344/289/301 14/480/302 129/291/303 341/292/304
s 3
f 342/293/305 15/46/306 145/414/45 345/294/307
f 346/295/308 19/471/58 151/55/309 348/296/310
f 349/297/311 18/475/54 134/410/312 351/299/313
f 355/300/314 81/301/315 343/302/316 353/303/317
f 354/304/318 82/305/319 347/406/320 356/307/321
f 357/308/322 83/309/323 350/310/324 358/311/325
f 359/312/326 84/313/327 352/403/328 360/315/329
f 363/316/330 90/74/74 205/400/331 361/318/332
f 363/316/330 25/112/113 159/319/333 364/320/334
f 365/321/335 26/322/336 163/323/337 366/324/338
f 367/325/339 27/326/340 166/327/341 368/328/342
f 371/329/343 94/330/344 195/397/345 370/332/346
f 373/333/347 95/334/348 109/335/349 372/336/350
f 375/337/351 96/338/352 105/339/353 374/340/354
f 362/341/355 89/342/356 100/343/357 376/344/358
s 1
f 98/3/3 2/6/6 99/5/5 97/4/4
s 3
f 99/5/359 96/338/352 100/343/357 97/4/360
f 100/343/357 89/342/356 101/1/361 97/4/360
s 1
f 103/7/7 3/10/10 104/9/9 102/8/362
s 3
f 104/9/363 95/334/348 105/339/353 102/8/364
f 105/339/353 96/338/352 99/5/359 102/8/364
s 1
f 107/11/11 4/98/365 108/97/366 106/12/12
s 3
f 108/97/367 94/330/344 109/335/349 106/12/368
f 109/335/349 95/334/348 104/9/363 106/12/368
f 111/15/15 6/18/18 112/17/17 110/16/16
f 112/17/17 10/30/30 113/27/27 110/16/16
f 113/27/27 9/26/26 114/13/13 110/16/16
f 116/19/19 7/22/22 117/21/21 115/20/20
f 117/21/21 11/34/34 118/31/31 115/20/20
f 118/31/31 10/30/30 112/17/17 115/20/20
f 120/23/23 8/102/102 121/101/101 119/24/24
f 121/101/101 12/233/245 122/35/35 119/24/24
f 122/35/35 11/34/34 117/21/21 119/24/24
f 113/27/27 10/30/30 124/29/29 123/28/28
f 124/29/29 14/290/369 125/39/39 123/28/28
f 125/39/39 13/38/38 126/25/25 123/28/28
f 118/31/31 11/34/34 128/33/33 127/32/32
f 128/33/33 15/477/46 129/476/370 127/32/32
f 129/476/370 14/290/369 124/29/29 127/32/32
f 122/35/35 12/233/245 131/246/258 130/36/36
f 131/246/258 16/245/257 132/47/47 130/36/36
f 132/47/47 15/477/46 128/33/33 130/36/36
f 125/39/39 14/290/369 134/408/312 133/474/40
f 134/409/312 18/54/54 135/51/51 133/40/40
f 135/51/51 17/50/50 136/37/37 133/40/40
f 138/43/43 86/345/371 139/346/372 137/473/44
f 139/404/372 87/347/373 140/348/374 137/44/44
f 140/348/374 88/349/375 141/41/41 137/44/44
f 132/47/47 16/245/257 143/242/254 142/472/48
f 143/428/254 20/241/253 144/59/59 142/48/48
f 144/59/59 19/58/58 145/412/45 142/48/48
f 135/51/51 18/54/54 147/53/53 146/52/52
f 147/53/53 22/66/66 148/63/63 146/52/52
f 148/63/63 21/62/62 149/49/49 146/52/52
f 151/470/55 19/58/58 152/57/57 150/56/56
f 152/57/57 23/70/70 153/67/67 150/56/56
f 153/67/67 22/66/66 147/53/53 150/56/56
f 144/59/59 20/241/253 155/238/250 154/60/60
f 155/238/250 24/237/249 156/71/71 154/60/60
f 156/71/71 23/70/70 152/57/57 154/60/60
f 148/63/63 22/66/66 158/65/65 157/64/64
f 158/65/65 26/322/336 159/319/333 157/64/64
f 159/319/333 25/112/113 160/61/61 157/64/64
f 153/67/67 23/70/70 162/69/69 161/68/68
f 162/69/69 27/326/340 163/323/337 161/68/68
f 163/323/337 26/322/336 158/65/65 161/68/68
f 156/71/71 24/237/249 165/350/376 164/72/72
f 165/350/376 28/351/377 166/327/341 164/72/72
f 166/327/341 27/326/340 162/69/69 164/72/72
f 168/75/75 91/78/78 169/77/77 167/76/76
s 1
f 169/77/378 30/90/90 170/120/379 167/76/380
f 170/120/379 29/109/381 171/73/382 167/76/380
s 3
f 173/79/79 92/82/82 174/81/81 172/80/80
s 1
f 174/81/383 31/129/384 175/91/91 172/80/385
f 175/91/91 30/90/90 169/77/378 172/80/386
s 3
f 177/83/83 93/352/387 178/353/388 176/84/84
s 1
f 178/353/389 32/133/390 179/130/391 176/84/392
f 179/130/391 31/129/384 174/81/383 176/84/392
s 10
f 181/87/87 50/354/393 182/355/394 180/88/88
f 182/355/394 51/215/395 183/212/222 180/88/88
f 183/212/222 52/211/221 184/85/85 180/88/88
s 1
f 175/91/91 31/129/384 186/138/146 185/469/92
f 186/458/146 3/10/10 103/7/7 185/92/92
f 103/7/7 2/6/6 187/89/89 185/92/92
s 12
f 189/95/95 54/356/396 190/357/397 188/96/96
f 190/357/397 55/229/398 191/226/238 188/96/96
f 191/226/238 56/225/237 192/93/93 188/96/96
s off
f 194/460/399 32/133/400 178/353/401 193/468/402
s 3
f 178/353/388 93/352/387 195/331/345 193/468/403
f 195/397/345 94/330/344 108/97/367 193/100/403
f 197/395/103 28/351/377 165/350/376 196/467/104
f 165/350/376 24/237/249 198/234/404 196/467/104
f 198/430/404 12/233/245 121/101/101 196/104/104
s 41
f 379/107/405 381/358/406 382/503/407 380/108/408
f 382/359/407 383/360/409 384/361/410 380/108/408
s 13
f 384/361/411 385/362/412 378/105/105 380/108/108
s off
f 204/462/413 1/2/414 101/1/415 203/466/416
s 3
f 101/1/361 89/342/356 205/317/331 203/466/417
f 205/400/331 90/74/74 171/73/73 203/111/417
f 207/398/114 5/14/14 114/13/13 206/465/115
f 114/13/13 9/26/26 208/249/418 206/465/115
f 208/426/418 21/62/62 160/61/61 206/114/115
s 42
f 388/117/419 390/363/420 391/364/421 389/118/422
f 391/364/421 392/365/423 393/366/424 389/118/422
s 14
f 393/366/425 394/367/426 386/115/116 389/118/119
s 15
f 170/120/122 30/90/427 214/122/428 213/121/123
f 214/122/428 34/145/429 215/142/430 213/121/123
f 215/142/430 33/141/431 216/119/120 213/121/123
s 1
f 187/89/89 2/6/6 218/124/126 217/463/432
f 218/124/126 35/149/433 219/146/434 217/463/432
f 219/454/435 34/145/436 214/122/124 217/123/125
f 98/3/127 1/2/437 221/126/438 220/125/128
f 221/126/438 36/153/439 222/150/440 220/125/128
f 222/150/440 35/149/441 218/124/126 220/125/128
s 43
f 204/110/442 29/109/443 216/119/444 223/461/445
f 216/119/444 33/141/446 224/154/447 223/461/445
s 17
f 224/447/448 36/153/449 221/126/129 223/127/132
s 18
f 179/130/135 32/133/450 226/132/451 225/131/136
f 226/132/451 38/161/452 227/158/453 225/131/136
f 227/158/453 37/157/454 228/128/133 225/131/136
s 44
f 194/99/455 4/98/456 230/135/457 229/459/458
f 230/135/457 39/165/459 231/162/460 229/459/458
s 19
f 231/441/461 38/161/462 226/132/137 229/134/140
s 1
f 107/11/143 3/10/10 233/137/145 232/136/144
f 233/137/145 40/169/463 234/166/464 232/136/144
f 234/166/464 39/165/465 230/135/141 232/136/144
f 186/138/146 31/129/384 228/128/466 235/457/467
f 228/128/466 37/157/468 236/170/469 235/457/467
f 236/434/470 40/169/471 233/137/145 235/139/147
s 21
f 215/142/150 34/145/153 238/144/152 237/143/151
f 238/144/152 42/456/472 239/455/473 237/143/151
f 239/455/473 41/173/474 240/140/148 237/143/151
f 219/146/154 35/149/157 242/148/156 241/453/155
f 242/148/156 43/205/475 243/451/476 241/453/155
f 243/452/476 42/456/472 238/144/152 241/147/155
f 222/150/158 36/153/161 245/152/160 244/151/159
f 245/152/160 44/185/477 246/449/478 244/151/159
f 246/449/478 43/205/475 242/148/156 244/151/159
f 224/154/162 33/141/149 240/140/148 247/446/163
f 240/140/148 41/173/474 248/444/479 247/446/163
f 248/445/479 44/185/477 245/152/160 247/155/163
s 22
f 227/158/166 38/161/169 250/160/168 249/159/167
f 250/160/168 46/443/480 251/442/481 249/159/167
f 251/442/481 45/189/482 252/156/164 249/159/167
f 231/162/170 39/165/173 254/164/172 253/440/171
f 254/164/172 47/219/483 255/438/484 253/440/171
f 255/439/484 46/443/480 250/160/168 253/163/171
f 234/166/174 40/169/177 257/168/176 256/167/175
f 257/168/176 48/201/485 258/436/486 256/167/175
f 258/436/486 47/219/483 254/164/172 256/167/175
f 236/170/178 37/157/165 252/156/164 259/433/179
f 252/156/164 45/189/482 260/431/487 259/433/179
f 260/432/487 48/201/485 257/168/176 259/171/179
s 23
f 239/174/182 42/177/488 262/176/489 261/528/183
s 45
f 262/526/490 50/354/491 181/87/492 261/175/493
f 181/87/492 49/86/494 263/172/495 261/175/493
s off
f 243/178/496 43/450/497 265/216/498 264/527/499
s 28
f 265/513/226 51/215/225 182/355/500 264/179/501
s off
f 182/355/502 50/354/503 262/526/504 264/179/505
s 24
f 267/182/190 57/368/506 268/369/507 266/525/191
s 46
f 268/514/508 59/370/509 269/371/510 266/183/511
f 269/371/510 60/372/512 270/180/513 266/183/511
s off
f 248/186/514 41/479/515 263/524/516 271/523/517
f 263/172/518 49/86/519 184/85/520 271/187/521
s 47
f 184/85/522 52/211/523 272/184/524 271/187/525
s 25
f 251/190/198 46/193/526 274/192/527 273/522/199
s 48
f 274/520/528 54/356/529 189/95/530 273/191/531
f 189/95/530 53/94/532 275/188/533 273/191/531
s off
f 255/194/534 47/437/535 277/230/536 276/521/537
s 30
f 277/507/242 55/229/241 190/357/538 276/195/539
s off
f 190/357/540 54/356/541 274/520/542 276/195/543
s 26
f 279/198/206 61/373/544 280/374/545 278/519/207
s 49
f 280/508/546 63/375/547 281/376/548 278/199/549
f 281/376/548 64/377/550 282/196/551 278/199/549
s off
f 260/202/552 45/478/553 275/518/554 283/517/555
f 275/188/556 53/94/557 192/93/558 283/203/559
s 50
f 192/93/560 56/225/561 284/200/562 283/203/563
s 27
f 246/206/214 44/448/564 286/208/565 285/207/215
s 51
f 286/208/566 57/368/567 267/182/568 285/207/569
f 267/182/568 58/181/570 287/204/571 285/207/569
s 47
f 272/184/524 52/211/523 289/210/572 288/515/573
s off
f 289/210/574 59/370/575 268/514/576 288/515/577
f 268/369/578 57/368/579 286/208/580 288/209/581
s 10
f 183/212/222 51/215/395 291/214/582 290/213/223
s 52
f 291/214/583 60/372/584 269/371/585 290/213/586
f 269/371/585 59/370/587 289/210/588 290/213/586
s off
f 265/216/589 43/450/590 287/204/591 292/512/592
f 287/204/593 58/181/594 270/511/595 292/512/596
f 270/180/597 60/372/598 291/214/599 292/217/600
s 29
f 258/220/230 48/435/601 294/222/602 293/221/231
s 53
f 294/222/603 61/373/604 279/198/605 293/221/606
f 279/198/605 62/197/607 295/218/608 293/221/606
s 50
f 284/200/562 56/225/561 297/224/609 296/509/610
s off
f 297/224/611 63/375/612 280/508/613 296/509/614
f 280/374/615 61/373/616 294/222/617 296/223/618
s 12
f 191/226/238 55/229/398 299/228/619 298/227/239
s 54
f 299/228/620 64/377/621 281/376/622 298/227/623
f 281/376/622 63/375/624 297/224/625 298/227/623
s off
f 277/230/626 47/437/627 295/218/628 300/506/629
f 295/218/630 62/197/631 282/505/632 300/506/633
f 282/196/634 64/377/635 299/228/636 300/231/637
s 3
f 198/234/246 24/237/249 302/236/248 301/429/247
f 302/236/248 65/262/274 303/259/271 301/429/247
f 303/422/271 66/258/270 304/232/244 301/235/247
f 155/238/250 20/241/253 306/240/252 305/239/251
f 306/240/252 67/266/278 307/263/275 305/239/251
f 307/263/275 65/262/274 302/236/248 305/239/251
f 143/242/254 16/245/257 309/244/256 308/427/255
f 309/244/256 68/270/282 310/267/279 308/427/255
f 310/420/279 67/266/278 306/240/252 308/243/255
f 131/246/258 12/233/245 304/232/244 311/247/259
f 304/232/244 66/258/270 312/271/283 311/247/259
f 312/271/283 68/270/282 309/244/256 311/247/259
f 208/249/261 9/26/26 314/251/263 313/425/262
f 314/251/263 70/278/290 315/275/287 313/425/262
f 315/418/287 69/274/286 316/248/260 313/250/262
f 126/25/25 13/38/38 318/253/265 317/252/264
f 318/253/265 71/282/294 319/279/291 317/252/264
f 319/279/291 70/278/290 314/251/263 317/252/264
f 136/37/37 17/50/50 321/255/267 320/423/266
f 321/255/267 72/286/298 322/283/295 320/423/266
f 322/416/295 71/282/294 318/253/265 320/254/266
f 149/49/49 21/62/62 316/248/260 323/256/268
f 316/248/260 69/274/286 324/287/299 323/256/268
f 324/287/299 72/286/298 321/255/267 323/256/268
f 303/259/271 65/262/274 326/261/273 325/421/272
f 326/261/273 73/497/638 199/498/639 325/421/272
f 199/499/639 74/500/640 327/257/269 325/260/272
f 307/263/275 67/266/278 329/265/277 328/264/276
f 329/265/277 75/495/641 200/496/642 328/264/276
f 200/496/642 73/497/638 326/261/273 328/264/276
f 310/267/279 68/270/282 331/269/281 330/419/280
f 331/269/281 76/492/643 201/493/644 330/419/280
f 201/494/644 75/495/641 329/265/277 330/268/280
f 312/271/283 66/258/270 327/257/269 332/272/284
f 327/257/269 74/500/640 202/491/645 332/272/284
f 202/491/645 76/492/643 331/269/281 332/272/284
f 315/275/287 70/278/290 334/277/289 333/417/288
f 334/277/289 78/490/646 209/488/647 333/417/288
f 209/489/647 77/482/648 335/273/285 333/276/288
f 319/279/291 71/282/294 337/281/293 336/280/292
f 337/281/293 79/487/649 210/486/650 336/280/292
f 210/486/650 78/490/646 334/277/289 336/280/292
f 322/283/295 72/286/298 339/285/297 338/415/296
f 339/285/297 80/485/651 211/483/652 338/415/296
f 211/484/652 79/487/649 337/281/293 338/284/296
f 324/287/299 69/274/286 335/273/285 340/288/300
f 335/273/285 77/482/648 212/481/653 340/288/300
f 212/481/653 80/485/651 339/285/297 340/288/300
s off
f 129/291/654 15/46/655 342/293/656 341/292/657
s 3
f 342/293/658 82/305/319 343/302/316 341/292/659
f 343/302/316 81/301/315 344/289/660 341/292/659
f 145/45/45 19/471/58 346/295/308 345/411/307
f 346/295/308 83/309/323 347/306/320 345/411/661
f 347/406/320 82/305/319 342/293/658 345/294/661
f 151/55/309 18/475/54 349/297/311 348/296/310
f 349/297/311 84/313/327 350/310/324 348/296/310
f 350/310/324 83/309/323 346/295/308 348/296/310
f 134/298/312 14/480/662 344/289/663 351/407/313
f 344/289/660 81/301/315 352/314/328 351/407/664
f 352/403/328 84/313/327 349/297/311 351/299/664
f 343/302/316 82/305/319 354/304/318 353/303/317
f 354/304/318 86/345/371 138/43/43 353/303/317
f 138/43/43 85/42/42 355/300/314 353/303/317
f 347/306/320 83/309/323 357/308/322 356/405/321
f 357/308/322 87/347/373 139/404/372 356/405/321
f 139/346/372 86/345/371 354/304/318 356/307/321
f 350/310/324 84/313/327 359/312/326 358/311/325
f 359/312/326 88/349/375 140/348/374 358/311/325
f 140/348/374 87/347/373 357/308/322 358/311/325
f 352/314/328 81/301/315 355/300/314 360/402/329
f 355/300/314 85/42/42 141/401/41 360/402/329
f 141/41/41 88/349/375 359/312/326 360/315/329
f 205/317/331 89/342/356 362/341/355 361/399/332
f 362/341/355 5/14/14 207/398/114 361/399/332
f 207/113/114 25/112/113 363/316/330 361/318/332
f 159/319/333 26/322/336 365/321/335 364/320/334
f 365/321/335 91/78/78 168/75/75 364/320/334
f 168/75/75 90/74/74 363/316/330 364/320/334
f 163/323/337 27/326/340 367/325/339 366/324/338
f 367/325/339 92/82/82 173/79/79 366/324/338
f 173/79/79 91/78/78 365/321/335 366/324/338
f 166/327/341 28/351/377 369/394/665 368/328/342
f 369/394/665 93/352/387 177/83/83 368/328/342
f 177/83/83 92/82/82 367/325/339 368/328/342
f 195/331/345 93/352/387 369/394/665 370/396/346
f 369/394/665 28/351/377 197/395/103 370/396/346
f 197/103/103 8/102/102 371/329/343 370/332/346
f 109/335/349 94/330/344 371/329/343 372/336/350
f 371/329/343 8/102/102 120/23/23 372/336/350
f 120/23/23 7/22/22 373/333/347 372/336/350
f 105/339/353 95/334/348 373/333/347 374/340/354
f 373/333/347 7/22/22 116/19/19 374/340/354
f 116/19/19 6/18/18 375/337/351 374/340/354
f 100/343/357 96/338/352 375/337/351 376/344/358
f 375/337/351 6/18/18 111/15/15 376/344/358
f 111/15/15 5/14/14 362/341/355 376/344/358
s 55
f 202/385/666 74/380/667 377/106/668 378/105/669
s off
f 74/380/670 199/379/671 379/107/672 377/106/673
f 199/379/674 73/378/675 381/358/676 379/107/677
s 56
f 73/378/678 200/504/679 382/503/680 381/358/681
f 200/382/679 75/381/682 383/360/683 382/359/680
s off
f 75/381/684 201/384/685 384/361/686 383/360/687
f 201/384/688 76/383/689 385/362/690 384/361/691
s 55
f 76/383/692 202/385/666 378/105/669 385/362/693
s 57
f 212/393/694 77/388/695 387/116/696 386/501/697
s off
f 77/388/698 209/387/699 388/117/700 387/116/701
f 209/387/702 78/386/703 390/363/704 388/117/705
s 58
f 78/386/706 210/390/707 391/364/708 390/363/709
f 210/390/707 79/389/710 392/365/711 391/364/708
s off
f 79/389/712 211/392/713 393/366/714 392/365/715
f 211/392/716 80/391/717 394/367/718 393/366/719
s 57
f 80/391/720 212/502/694 386/115/697 394/367/721
