# This file uses centimeters as units for non-parametric coordinates.

mtllib my_animation.0019.mtl
g default
v -16.485220 80.484703 8.576173
v -2.895937 81.070038 9.617635
v 8.336463 82.508102 10.242857
v 22.083523 83.092224 8.765697
v -19.963367 107.030037 11.258916
v -8.568928 104.299347 21.099720
v 9.627552 105.031471 21.579073
v 21.414730 108.678406 12.470793
v -19.984001 137.532562 17.979076
v -8.164773 130.885727 26.056137
v 7.016416 131.591873 26.580181
v 17.860823 138.709778 19.795740
v -20.765873 147.645294 22.130606
v -7.102046 150.733566 22.840132
v 4.335371 151.235809 23.220142
v 19.114298 148.854584 24.167648
v -22.682737 151.125549 12.134208
v -8.721108 153.705475 11.122249
v 6.457487 154.502945 11.726516
v 21.334402 151.872543 13.837575
v -20.924900 139.881744 10.115375
v -7.628390 136.464050 2.991223
v 7.552426 137.165924 3.511673
v 18.923761 141.189362 11.781202
v -19.812580 111.175201 -0.952360
v -6.739968 112.778938 -4.236516
v 8.439274 113.446732 -3.845661
v 21.569780 112.905571 -0.016761
v -15.227158 78.804497 -4.065641
v -1.963590 76.260246 -2.154372
v 7.235661 76.938484 -1.092236
v 20.408293 80.515434 -3.799478
v -13.142916 46.729122 5.714989
v -5.624712 46.893307 6.798170
v -7.504357 48.708927 18.858562
v -15.062750 48.407734 17.810465
v 12.648619 48.972309 10.935256
v 20.314730 48.826382 9.422402
v 22.777393 52.281387 21.424332
v 15.112554 52.420803 22.926117
v -11.793768 17.311949 -4.100801
v -5.573330 17.013414 -0.265031
v -10.600650 11.577628 7.107637
v -16.410618 11.848142 2.717854
v 13.447558 18.509190 8.413015
v 20.170643 18.170671 5.229140
v 23.796013 13.376073 13.501249
v 17.335192 14.045669 17.249798
v -9.667616 13.243229 -7.237400
v -2.722010 12.990981 -1.898204
v -9.296666 4.649739 8.548294
v -18.271742 4.906315 0.990430
v 10.745069 14.818808 6.651158
v 18.526062 14.124736 2.299264
v 25.015501 6.510215 12.506782
v 15.019477 7.652166 18.602049
v -27.586979 4.374085 13.358692
v -20.589926 4.205616 19.467165
v -27.094332 0.916600 12.704733
v -20.094799 0.750645 18.810579
v 24.150848 4.908985 31.237099
v 31.991915 4.045621 26.334074
v 23.132704 1.673189 30.214405
v 30.987179 0.806472 25.329624
v 43.941860 133.684906 18.373589
v 35.858070 134.023773 23.340380
v 46.045647 144.062271 20.504700
v 38.790176 143.829361 26.404778
v -47.153973 140.850067 24.551872
v -38.051029 138.838745 25.436052
v -37.260391 148.771301 29.328793
v -45.196304 151.384018 26.336075
v 45.612186 125.642677 47.943733
v 36.146671 127.707275 49.216125
v 46.503998 129.206299 48.795555
v 37.037357 131.271042 50.068695
v -38.575817 131.900070 52.623447
v -29.275406 131.276199 49.688400
v -28.742535 134.894333 50.607868
v -38.042946 135.518204 53.542915
v -9.246604 155.887512 29.925184
v 6.435710 156.479202 29.863424
v 9.056151 165.901718 16.428724
v -12.661983 165.222748 16.681164
v -9.023275 170.731491 43.456032
v 5.825907 171.290421 43.185017
v 4.746163 185.411987 32.186302
v -9.409293 184.879181 32.444653
v -17.130659 88.120766 8.420051
v -16.711199 88.240219 -4.369573
v -3.716431 89.294441 -6.801406
v 8.173590 90.214966 -6.618395
v 21.242050 90.810089 -4.267670
v 21.647850 90.847229 8.752099
v 9.514443 89.637070 13.054213
v -5.213165 88.510071 12.922260
v -11.224880 84.687378 10.868792
v -10.859164 80.907074 10.816231
v -4.293722 84.750397 11.723784
v -12.085694 88.346748 11.535929
v -16.780756 84.354797 8.131186
v 2.453017 85.413063 11.978001
v 2.773873 81.644196 11.563215
v 9.335180 86.027222 11.857873
v 2.131745 88.867363 13.057104
v 16.314686 86.833282 10.952965
v 16.464930 83.281776 11.073487
v 21.937609 86.946442 8.271373
v 16.449024 90.427345 11.733750
v -16.146372 118.948242 19.834761
v -15.783843 105.472961 16.534475
v -9.424432 117.696495 23.921680
v -16.079508 132.323929 22.374542
v -21.064922 120.648331 15.320516
v 0.023693 116.732224 24.148331
v 0.517912 104.393951 22.159155
v 9.390364 118.319412 24.441675
v -0.544452 131.519623 25.110292
v 16.231829 120.055412 20.822649
v 16.956802 106.796188 17.396996
v 21.308882 122.005249 16.858788
v 14.694016 133.561890 23.472509
v -14.607167 142.518097 24.046953
v -7.822121 143.738831 25.829290
v -15.078249 150.866638 23.333326
v -21.168200 141.901108 21.777996
v -1.132532 143.332138 26.005228
v 5.485572 144.364838 26.290113
v -1.439293 151.917007 24.962749
v 12.296217 143.588547 25.064041
v 19.051010 143.055649 23.792795
v 12.117716 152.041885 24.606970
v -15.189389 154.258011 17.587101
v -8.041808 154.663422 17.896915
v -16.301888 154.294312 10.820923
v -21.469419 150.071259 17.314869
v -1.772701 176.658325 45.432705
v -1.582664 170.733322 43.625652
v 6.625862 178.098083 40.710175
v -2.417635 186.949234 31.319420
v -11.359740 177.409073 41.051628
v 12.566602 155.543991 19.011856
v 20.186409 151.098434 19.263248
v 14.528430 155.666000 12.432150
v 5.270427 155.222076 18.344469
v -15.798679 147.094849 6.994991
v -8.344199 148.359467 6.495082
v -16.252317 136.910706 4.323904
v -23.957375 146.156631 9.457102
v -0.718818 148.708618 6.754190
v -1.324435 157.806488 11.754422
v 6.965110 149.090866 7.035443
v -0.038581 136.825592 3.255907
v 14.482382 148.438828 8.422029
v 21.500204 146.775833 11.019094
v 15.782532 138.236557 5.520148
v -15.222749 124.526688 0.629854
v -7.106665 124.463089 -0.171792
v -14.345914 112.404396 -3.807179
v -21.141485 124.009262 3.872103
v 0.491461 124.747101 0.083322
v 8.064849 125.078445 0.260272
v 0.849465 112.908524 -4.139558
v 16.114908 125.648872 1.594871
v 21.934357 125.419128 5.170809
v 16.027576 113.623413 -3.011477
v -10.121894 83.861122 -6.767362
v -10.988479 88.675133 -6.869844
v -2.977603 84.553658 -6.521458
v -9.330079 78.995476 -6.125730
v -15.911422 83.493286 -4.526857
v 2.495167 85.184357 -6.111084
v 2.248257 89.930946 -6.607276
v 7.957135 85.323143 -6.147706
v 2.669341 80.255989 -5.070119
v 14.974374 85.343231 -6.421718
v 15.415122 90.475555 -6.628063
v 20.868660 85.597427 -4.469933
v 14.377326 80.121407 -5.370743
v -9.148470 9.454505 -0.731711
v -4.949227 14.419888 -6.282224
v -4.657131 9.531791 2.982882
v -13.761756 4.651206 4.727558
v -13.851973 9.885533 -4.234712
v 2.907196 79.301064 10.618899
v 8.644827 69.347496 8.475549
v -2.518789 67.503319 5.884326
v 16.780893 11.445306 9.169519
v 13.806484 15.504631 2.620865
v 21.921047 11.038741 6.336172
v 20.000463 7.022085 15.529175
v 11.798628 12.030869 12.144675
v 22.822006 86.255615 1.463372
v 22.555384 81.731804 1.987389
v 22.999638 90.919884 1.850934
v 23.811836 123.376656 10.738757
v 23.515715 110.989967 5.953832
v 20.135481 138.837006 15.660930
v 40.565006 125.973518 48.423416
v 46.898563 126.889992 48.165806
v 41.655582 130.331390 49.465092
v 35.322784 129.414810 49.722237
v -17.867432 83.754715 1.325045
v -17.268084 79.470863 1.776724
v -18.581045 88.065704 1.587450
v -23.511679 121.975540 9.133432
v -22.044636 109.128380 4.747788
v -23.480978 137.916901 13.734286
v -33.905949 130.838196 50.926880
v -27.893496 132.669006 49.694477
v -33.254311 135.262741 52.051277
v -39.266762 133.431931 53.283680
v -9.075975 63.077770 -1.048712
v -5.030812 62.798889 1.779446
v -9.013126 46.677864 5.113159
v -14.196136 62.273479 0.799256
v -4.021921 64.243225 8.132951
v -6.642591 65.249084 14.192589
v -5.209036 47.830456 13.475298
v -11.239217 66.378189 15.542518
v -15.836746 64.789833 13.192857
v -11.468787 48.991272 20.800909
v -16.305897 63.586590 6.823514
v -15.278191 47.544350 12.011191
v 14.884394 64.508698 1.458070
v 20.190689 64.086494 2.791433
v 16.108316 48.600056 9.165236
v 10.902506 64.319778 4.521811
v 22.550091 66.143311 8.590157
v 22.532909 68.013039 14.949811
v 22.640245 50.628948 15.610886
v 17.941143 69.641762 17.369478
v 13.251722 68.264717 16.689863
v 19.232811 53.016705 24.411793
v 10.397683 66.461327 10.885944
v 12.627629 50.798046 17.574049
v -8.426682 32.867935 -0.379258
v -5.146061 32.328278 2.804725
v -7.760050 18.103895 -3.772029
v -13.019762 33.157574 0.643149
v -5.678009 30.569977 9.195813
v -8.932909 29.377970 14.773877
v -6.820708 14.531463 4.020324
v -13.358857 28.952278 15.557183
v -16.634586 30.270052 12.590502
v -15.082553 9.991277 6.579942
v -16.072271 31.706703 6.270520
v -14.921534 15.032522 -1.203227
v 16.125668 33.653332 6.179466
v 20.748819 34.124809 7.014049
v 16.162033 19.010908 5.173134
v 12.683499 33.672947 9.286107
v 23.718870 33.599651 12.979674
v 24.387014 33.121334 19.612007
v 22.882099 16.216049 8.895825
v 20.944134 32.294849 22.676424
v 16.435829 32.636749 21.976534
v 21.707203 12.086640 17.439436
v 13.278611 32.992340 16.063906
v 14.202310 16.743937 13.244695
v -5.979332 16.747091 -5.307103
v -3.669069 15.355293 -0.977532
v -10.733369 15.646902 -6.118217
v -5.469043 12.051321 3.950680
v -9.971748 7.285047 9.405730
v -25.414398 3.539866 17.912445
v -24.223179 5.241621 16.591988
v -29.857178 3.640396 14.034060
v -23.460743 -0.109269 15.579905
v -20.971621 3.439337 21.790831
v -14.790510 12.491558 -3.030664
v -18.961218 7.554934 1.875480
v 14.771906 17.719810 3.518713
v 19.504742 16.464031 3.305090
v 11.657294 17.074165 7.514935
v 22.870878 13.581259 7.427968
v 25.877888 9.018572 13.426339
v 28.956326 3.402506 30.401705
v 28.348438 5.355023 29.064089
v 23.977272 3.960061 33.513042
v 26.780807 0.346610 27.492197
v 33.938908 2.864089 27.293282
v 12.680742 14.474367 13.082591
v 15.887952 10.175826 19.536915
v -19.435230 6.919943 11.180945
v -23.361565 6.995865 7.727841
v -15.525943 6.824324 14.617874
v -23.406368 4.456738 6.678600
v -22.920385 1.781748 6.060091
v -18.473141 1.695484 9.949057
v -14.024068 1.601614 13.812741
v -14.521688 4.271504 14.452078
v 24.913811 8.350028 23.018936
v 20.535820 8.863692 25.798292
v 29.295090 7.828933 20.231684
v 19.146309 6.524375 25.332203
v 18.304607 3.997239 24.473120
v 23.283291 3.401284 21.366209
v 28.260244 2.798208 18.244654
v 29.083973 5.344267 19.080259
v 31.055727 136.452530 17.798685
v 32.435966 138.933258 13.998116
v 39.746380 132.159622 20.759426
v 30.249823 136.488724 22.422541
v 33.560970 142.975220 14.417171
v 34.315170 147.130753 16.975075
v 45.612492 138.576385 18.526278
v 33.300739 146.517151 21.445261
v 32.040787 144.675308 25.464195
v 43.030560 144.378860 24.102829
v 30.851654 140.020523 24.697643
v 36.248077 138.631195 25.186821
v -35.218540 139.468613 19.352945
v -33.132938 138.962067 23.493002
v -43.054535 138.124710 25.140966
v -36.713188 142.468994 16.042816
v -31.987228 142.369904 25.660536
v -31.472679 147.186829 26.436852
v -36.683151 143.238632 27.178110
v -33.086273 149.525528 22.802925
v -34.930775 150.672028 18.870230
v -41.467945 150.630859 28.664820
v -36.270222 146.635696 16.512262
v -47.078831 146.087906 24.737074
v 39.400612 128.795975 30.094490
v 44.867519 129.455185 29.419029
v 34.965767 131.460510 31.259167
v 46.990829 133.310974 29.899084
v 47.327885 138.725937 31.374350
v 42.415184 140.073578 32.668949
v 37.356174 140.677612 33.461121
v 34.874374 135.693283 32.381115
v -39.798485 134.280075 33.643398
v -34.728256 135.587677 32.669655
v -44.687691 136.445557 35.209629
v -33.102554 139.578369 33.376675
v -33.650349 144.991608 35.089649
v -38.736298 145.889999 36.367313
v -43.850498 146.068848 37.073997
v -45.410656 140.771149 36.109581
v -1.383971 149.962646 29.696476
v 4.759317 155.749374 23.147831
v -1.344398 154.376068 32.185932
v -7.767417 155.304596 22.872961
v 7.273365 157.279922 19.771164
v 4.785281 159.268799 14.821104
v 10.494219 161.284042 23.133202
v -1.523655 161.506897 12.546752
v -7.698605 158.808533 14.586808
v -1.811460 166.059921 15.807288
v -10.241831 156.617950 19.400661
v -13.688420 160.413345 23.248852
v -1.357945 162.938904 40.384903
v 9.272635 166.378830 39.246994
v -12.232355 165.569382 39.639484
v 10.451776 173.280731 32.580288
v 8.467520 178.509918 25.633205
v -2.267195 179.452301 24.100870
v -12.837751 177.707993 26.022049
v -14.168970 172.354004 33.029640
v -20.391960 98.350052 2.619960
v -18.504192 97.856705 9.462424
v -18.442276 99.086067 -3.400139
v -12.904534 99.930923 -6.262428
v -5.434062 100.348015 -6.587887
v 1.403470 101.510765 -6.499605
v 8.325158 101.451546 -6.448173
v 15.773993 102.004173 -5.924052
v 21.428951 101.959282 -3.098014
v 23.186010 101.487297 3.127235
v 21.358732 100.680283 9.976217
v 16.576605 100.527939 14.182360
v 10.567109 99.410408 16.275621
v 1.237208 99.567810 16.413467
v -7.909353 97.961197 15.993575
v -13.998134 98.270584 13.760551
v 36.687889 124.109505 62.707634
v 35.809750 126.020592 63.270367
v 41.567310 122.576965 61.930321
v 42.098866 124.701012 62.438049
v 46.953415 121.870522 61.327053
v 48.363239 123.282585 61.582085
v 47.957100 125.881180 62.285732
v 42.700188 127.103859 63.012402
v 37.691570 128.120163 63.666313
v -35.877224 129.596100 66.281868
v -35.136864 127.874588 65.550568
v -30.020916 127.076088 63.800533
v -29.710690 129.182465 64.335823
v -25.051590 127.198067 62.367836
v -23.544165 128.768814 62.389767
v -24.451870 131.270096 63.402645
v -29.344004 131.672241 64.968536
v -34.537144 131.946594 66.585381
vt 0.208431 0.494797
vt 0.208575 0.478116
vt 0.229443 0.475893
vt 0.229271 0.493426
vt 0.252729 0.492198
vt 0.256170 0.471571
vt 0.275357 0.475888
vt 0.275429 0.493819
vt 0.298111 0.492176
vt 0.294163 0.471736
vt 0.321331 0.475953
vt 0.321541 0.493432
vt 0.198757 0.641525
vt 0.200055 0.589825
vt 0.221664 0.590600
vt 0.219751 0.640956
vt 0.244967 0.639373
vt 0.247968 0.591507
vt 0.275466 0.591669
vt 0.275481 0.635804
vt 0.305994 0.639365
vt 0.302966 0.591494
vt 0.329276 0.590573
vt 0.331197 0.640955
vt 0.199789 0.728809
vt 0.197393 0.704590
vt 0.219517 0.692482
vt 0.227784 0.730211
vt 0.252859 0.733034
vt 0.249003 0.687406
vt 0.275511 0.688085
vt 0.275516 0.730408
vt 0.298175 0.733010
vt 0.302021 0.687396
vt 0.331536 0.692451
vt 0.323246 0.730162
vt 0.805511 0.686057
vt 0.204711 0.752714
vt 0.229559 0.760254
vt 0.782889 0.696424
vt 0.784986 0.875584
vt 0.254181 0.941082
vt 0.275435 0.940431
vt 0.742298 0.896742
vt 0.699334 0.736241
vt 0.297037 0.807427
vt 0.321459 0.760204
vt 0.696358 0.696343
vt 0.808954 0.641287
vt 0.805193 0.664541
vt 0.784300 0.671779
vt 0.785729 0.644267
vt 0.763331 0.647822
vt 0.762442 0.673765
vt 0.742276 0.741120
vt 0.739609 0.647377
vt 0.715889 0.647774
vt 0.716786 0.673709
vt 0.694936 0.671695
vt 0.693494 0.644181
vt 0.806875 0.557726
vt 0.810121 0.617205
vt 0.790367 0.607046
vt 0.787575 0.557696
vt 0.763367 0.556090
vt 0.764746 0.603486
vt 0.739627 0.603152
vt 0.739688 0.556093
vt 0.716014 0.556064
vt 0.714496 0.603455
vt 0.688836 0.606971
vt 0.691820 0.557642
vt 0.803405 0.420481
vt 0.802841 0.435733
vt 0.782960 0.432290
vt 0.783371 0.416064
vt 0.759505 0.410786
vt 0.759570 0.428509
vt 0.739756 0.426992
vt 0.739743 0.409699
vt 0.720007 0.410786
vt 0.719946 0.428500
vt 0.696571 0.432245
vt 0.696182 0.416016
vt 0.819305 0.093413
vt 0.797386 0.086157
vt 0.790779 0.072322
vt 0.822344 0.073237
vt 0.265809 0.416173
vt 0.762697 0.377789
vt 0.739788 0.389948
vt 0.275377 0.462947
vt 0.364323 0.097210
vt 0.342669 0.089884
vt 0.336664 0.075169
vt 0.367299 0.076188
vt 0.342559 0.494848
vt 0.342402 0.478170
vt 0.366070 0.480227
vt 0.366198 0.495669
vt 0.352247 0.641476
vt 0.350872 0.589816
vt 0.374237 0.588973
vt 0.374011 0.638442
vt 0.936729 0.462892
vt 0.940585 0.464321
vt 0.946953 0.476690
vt 0.936605 0.482861
vt 0.804780 0.405462
vt 0.824266 0.410023
vt 0.823186 0.423812
vt 0.805355 0.509178
vt 0.825584 0.509339
vt 0.825621 0.554997
vt 0.118742 0.522844
vt 0.058006 0.517789
vt 0.074507 0.510871
vt 0.084702 0.516921
vt 0.822269 0.350445
vt 0.784755 0.399833
vt 0.805305 0.347137
vt 0.793942 0.336256
vt 0.777469 0.322538
vt 0.236211 0.409364
vt 0.220899 0.415267
vt 0.203041 0.415110
vt 0.182178 0.419746
vt 0.685950 0.336155
vt 0.717407 0.377787
vt 0.694840 0.399772
vt 0.674409 0.347030
vt 0.657366 0.350391
vt 0.674734 0.405426
vt 0.637625 0.358046
vt 0.347747 0.415166
vt 0.329799 0.415381
vt 0.314324 0.409429
vt 0.706215 0.336018
vt 0.292514 0.404556
vt 0.870618 0.237836
vt 0.844433 0.293934
vt 0.832214 0.287148
vt 0.858351 0.228645
vt 0.844944 0.223065
vt 0.821107 0.280742
vt 0.243727 0.342391
vt 0.826584 0.212775
vt 0.214622 0.282882
vt 0.224361 0.346790
vt 0.210147 0.349538
vt 0.199596 0.284960
vt 0.184434 0.288656
vt 0.194986 0.352422
vt 0.864110 0.304875
vt 0.163133 0.290367
vt 0.634803 0.222910
vt 0.658751 0.280554
vt 0.647480 0.287052
vt 0.621343 0.228556
vt 0.609012 0.237734
vt 0.635143 0.293889
vt 0.375465 0.356065
vt 0.590820 0.249121
vt 0.366326 0.288752
vt 0.355651 0.352469
vt 0.340563 0.349608
vt 0.351134 0.285011
vt 0.336042 0.282967
vt 0.326383 0.346874
vt 0.678330 0.268182
vt 0.315081 0.275917
vt 0.789900 0.091626
vt 0.894734 0.181072
vt 0.223763 0.023658
vt 0.779683 0.072008
vt 0.205625 0.023651
vt 0.212375 0.030485
vt 0.208733 0.046428
vt 0.818124 0.043214
vt 0.919973 0.054113
vt 0.218394 0.124576
vt 0.231547 0.124829
vt 0.925982 0.076298
vt 0.853028 0.105343
vt 0.173602 0.224408
vt 0.245023 0.044913
vt 0.815784 0.102925
vt 0.335499 0.095534
vt 0.609223 0.166963
vt 0.147562 0.023794
vt 0.325939 0.074804
vt 0.129108 0.019171
vt 0.133886 0.026698
vt 0.125138 0.040618
vt 0.363323 0.044920
vt 0.461211 0.056389
vt 0.114656 0.083148
vt 0.128082 0.110700
vt 0.466974 0.079440
vt 0.396801 0.109583
vt 0.345740 0.218419
vt 0.158805 0.046562
vt 0.361009 0.107136
vt 0.212264 0.093809
vt 0.204982 0.218327
vt 0.226791 0.056935
vt 0.229179 0.093286
vt 0.246067 0.092223
vt 0.255137 0.092099
vt 0.884191 0.095549
vt 0.853655 0.095653
vt 0.854753 0.074189
vt 0.884265 0.075061
vt 0.885799 0.054616
vt 0.855335 0.052709
vt 0.203340 0.068369
vt 0.888472 0.044995
vt 0.116537 0.064410
vt 0.377147 0.224500
vt 0.136900 0.057215
vt 0.135301 0.068971
vt 0.159593 0.072808
vt 0.169578 0.075371
vt 0.426769 0.099419
vt 0.397393 0.099512
vt 0.398467 0.077209
vt 0.426850 0.078134
vt 0.428347 0.056895
vt 0.399054 0.054890
vt 0.111199 0.052142
vt 0.430928 0.046902
vt 0.398347 0.732496
vt 0.353774 0.704759
vt 0.655189 0.607952
vt 0.404645 0.715309
vt 0.625247 0.642548
vt 0.669008 0.617360
vt 0.670290 0.641156
vt 0.629866 0.657272
vt 0.633967 0.675274
vt 0.674058 0.664432
vt 0.345812 0.774768
vt 0.637449 0.692485
vt 0.387906 0.765553
vt 0.346295 0.752641
vt 0.351218 0.728717
vt 0.392980 0.747350
vt 0.854032 0.642643
vt 0.181252 0.694641
vt 0.859345 0.625630
vt 0.152631 0.732602
vt 0.157999 0.747449
vt 0.163074 0.765647
vt 0.167481 0.783084
vt 0.845329 0.675366
vt 0.849419 0.657366
vt 0.462802 0.754848
vt 0.433121 0.744888
vt 0.586158 0.633072
vt 0.469035 0.736153
vt 0.562716 0.661102
vt 0.591598 0.653084
vt 0.596668 0.669873
vt 0.567525 0.676181
vt 0.573571 0.695803
vt 0.602326 0.689166
vt 0.414557 0.801264
vt 0.575415 0.714705
vt 0.450039 0.789809
vt 0.420413 0.781867
vt 0.427222 0.762131
vt 0.457315 0.770152
vt 0.916571 0.661069
vt 0.887682 0.653104
vt 0.112049 0.724515
vt 0.922852 0.642462
vt 0.088177 0.754903
vt 0.117860 0.744959
vt 0.123753 0.762207
vt 0.093657 0.770210
vt 0.100926 0.789871
vt 0.130556 0.781946
vt 0.872833 0.708772
vt 0.104321 0.808576
vt 0.905760 0.695791
vt 0.876995 0.689207
vt 0.882631 0.669903
vt 0.911782 0.676158
vt 0.245118 0.820265
vt 0.256063 0.761423
vt 0.275458 0.816348
vt 0.275456 0.817082
vt 0.305796 0.819611
vt 0.322444 0.827635
vt 0.716707 0.746651
vt 0.742277 0.751635
vt 0.767846 0.746640
vt 0.232576 0.815700
vt 0.789238 0.746868
vt 0.242805 0.909093
vt 0.242913 0.847487
vt 0.275453 0.850080
vt 0.275444 0.899369
vt 0.308078 0.909112
vt 0.307992 0.847504
vt 0.685718 0.768892
vt 0.335635 0.923345
vt 0.710517 0.826756
vt 0.709025 0.772272
vt 0.742280 0.767854
vt 0.742288 0.823907
vt 0.774059 0.826743
vt 0.775535 0.772258
vt 0.216918 0.852154
vt 0.800161 0.835727
vt 0.803587 0.472219
vt 0.184266 0.511368
vt 0.823748 0.473030
vt 0.786007 0.508646
vt 0.783967 0.470951
vt 0.760849 0.468488
vt 0.762764 0.507838
vt 0.739729 0.507585
vt 0.739749 0.469813
vt 0.718652 0.468468
vt 0.716699 0.507812
vt 0.693463 0.508589
vt 0.695538 0.470900
vt 0.347089 0.550471
vt 0.343449 0.511536
vt 0.656251 0.437958
vt 0.370672 0.549455
vt 0.305626 0.550928
vt 0.300328 0.509969
vt 0.323635 0.511057
vt 0.326613 0.553291
vt 0.245263 0.550946
vt 0.250519 0.509979
vt 0.275426 0.509223
vt 0.275447 0.553833
vt 0.203857 0.550446
vt 0.207534 0.511493
vt 0.227207 0.511082
vt 0.224277 0.553331
vt 0.296688 0.941095
vt 0.317831 0.963343
vt 0.722395 0.859395
vt 0.742293 0.859091
vt 0.762190 0.859387
vt 0.672412 0.557619
vt 0.673996 0.509116
vt 0.676597 0.435714
vt 0.676064 0.420456
vt 0.798456 0.058765
vt 0.820876 0.052919
vt 0.343747 0.061021
vt 0.365907 0.055032
vt 0.963235 0.483911
vt 0.902883 0.489040
vt 0.909072 0.482168
vt 0.925033 0.475729
vt 0.931354 0.463643
vt 0.080884 0.498420
vt 0.084741 0.496992
vt 0.090126 0.497750
vt 0.096539 0.509638
vt 0.112499 0.516024
vt 0.245369 0.109349
vt 0.249130 0.116712
vt 0.914174 0.091435
vt 0.914507 0.075957
vt 0.915392 0.060496
vt 0.143488 0.116794
vt 0.145270 0.126440
vt 0.455609 0.095160
vt 0.455938 0.079081
vt 0.456800 0.063019
vt 0.982240 0.434188
vt 0.963585 0.427947
vt 0.946509 0.423110
vt 0.890921 0.433118
vt 0.882130 0.436526
vt 0.926679 0.423006
vt 0.909612 0.427375
vt 0.937930 0.422313
vt 0.075163 0.457134
vt 0.058225 0.461798
vt 0.039557 0.467684
vt 0.094859 0.456979
vt 0.083682 0.456346
vt 0.130564 0.466891
vt 0.111877 0.461251
vt 0.033116 0.470128
vt 0.675805 0.472192
vt 0.653419 0.509254
vt 0.655248 0.472962
vt 0.367019 0.511392
vt 0.176921 0.588998
vt 0.180547 0.549455
vt 0.822760 0.437993
vt 0.233028 0.963316
vt 0.215241 0.923308
vt 0.798841 0.768868
vt 0.699605 0.875602
vt 0.684417 0.835751
vt 0.333987 0.852188
vt 0.228471 0.827609
vt 0.254212 0.785439
vt 0.759269 0.697501
vt 0.785216 0.736222
vt 0.695315 0.746888
vt 0.719972 0.697428
vt 0.296799 0.785396
vt 0.318344 0.815723
vt 0.903939 0.714697
vt 0.136407 0.801345
vt 0.081951 0.736203
vt 0.893090 0.633076
vt 0.446638 0.808511
vt 0.606509 0.708725
vt 0.556410 0.642507
vt 0.438944 0.724452
vt 0.841861 0.692578
vt 0.205190 0.774839
vt 0.146366 0.715395
vt 0.823906 0.608060
vt 0.383498 0.782992
vt 0.673752 0.685953
vt 0.619881 0.625562
vt 0.369876 0.694574
vt 0.624476 0.158216
vt 0.327082 0.211968
vt 0.653476 0.212425
vt 0.306569 0.342322
vt 0.153133 0.050558
vt 0.361352 0.222428
vt 0.125968 0.045756
vt 0.396618 0.225899
vt 0.569871 0.190223
vt 0.388031 0.290471
vt 0.615162 0.304972
vt 0.596954 0.173816
vt 0.584932 0.180968
vt 0.909456 0.190131
vt 0.154402 0.225852
vt 0.888489 0.249012
vt 0.175675 0.355943
vt 0.241882 0.047343
vt 0.189385 0.222364
vt 0.213528 0.046751
vt 0.223402 0.212053
vt 0.855547 0.158550
vt 0.235225 0.276013
vt 0.801766 0.268578
vt 0.882733 0.173912
vt 0.870470 0.167071
vt 0.702590 0.322102
vt 0.284431 0.416033
vt 0.369025 0.419829
vt 0.654789 0.409992
vt 0.841623 0.358035
vt 0.185243 0.480200
vt 0.257695 0.404697
vt 0.773758 0.336466
vt 0.177136 0.638471
vt 0.185108 0.495641
vt 0.653403 0.554919
vt 0.655840 0.423782
vt 0.740026 0.329135
vt 0.739609 0.679991
vt 0.717946 0.727940
vt 0.321543 0.784229
vt 0.275425 0.981496
vt 0.229466 0.784279
vt 0.766602 0.727930
vt 0.275513 0.766895
vt 0.294962 0.761394
vt 0.158494 0.031032
vt 0.235614 0.029385
vt 0.253884 0.807420
vt 0.968218 0.693073
vt 0.970279 0.686813
vt 0.964692 0.720144
vt 0.041234 0.817480
vt 0.965692 0.701614
vt 0.035620 0.790589
vt 0.038855 0.799577
vt 0.026837 0.766821
vt 0.976742 0.669618
vt 0.033170 0.783659
vt 0.515345 0.790561
vt 0.512107 0.799546
vt 0.509721 0.817448
vt 0.514670 0.720260
vt 0.513647 0.701731
vt 0.511110 0.693195
vt 0.509040 0.686939
vt 0.502555 0.669755
vt 0.524137 0.766797
vt 0.517798 0.783632
vt 0.052820 0.522857
vt 0.139366 0.470253
vt 0.968347 0.489050
vt 0.988625 0.436785
vt 0.108883 0.091107
vt 0.106409 0.062482
vt 0.399209 0.044805
vt 0.459518 0.102060
vt 0.428604 0.109556
vt 0.167704 0.057128
vt 0.215342 0.132259
vt 0.203222 0.094543
vt 0.855471 0.043005
vt 0.918242 0.098075
vt 0.886101 0.105305
vt 0.255511 0.067846
vt 0.169019 0.047690
vt 0.166893 0.025823
vt 0.125973 0.120002
vt 0.337008 0.054912
vt 0.115292 0.038211
vt 0.149847 0.015689
vt 0.254586 0.043904
vt 0.241676 0.021944
vt 0.231922 0.132778
vt 0.791425 0.052872
vt 0.199112 0.046316
vt 0.223332 0.014444
vn -0.407307 0.011638 0.913217
vn -0.407307 0.011638 0.913217
vn -0.167620 -0.154130 0.973729
vn -0.182143 -0.144749 0.972559
vn -0.035796 -0.301929 0.952658
vn 0.151888 -0.060304 0.986556
vn -0.027688 -0.260582 0.965055
vn -0.130365 -0.344677 0.929625
vn 0.069677 -0.235371 0.969405
vn -0.159835 0.058070 0.985434
vn 0.206723 -0.073289 0.975651
vn 0.210733 -0.070110 0.975026
vn -0.837572 -0.137878 0.528643
vn -0.869998 -0.220069 0.441218
vn -0.627589 -0.285225 0.724416
vn -0.628984 -0.162166 0.760317
vn -0.277576 -0.164949 0.946437
vn -0.270131 -0.365160 0.890892
vn -0.003574 -0.393178 0.919456
vn -0.022823 -0.153919 0.987820
vn 0.232361 -0.150314 0.960945
vn 0.250509 -0.361019 0.898282
vn 0.598648 -0.257366 0.758540
vn 0.584457 -0.122594 0.802110
vn -0.008960 -0.325896 0.945363
vn -0.641918 -0.420018 0.641503
vn -0.571526 -0.104733 0.813873
vn -0.333399 -0.003741 0.942779
vn -0.142840 0.083121 0.986249
vn -0.186271 -0.085624 0.978760
vn -0.029439 -0.078923 0.996446
vn -0.037575 0.066141 0.997103
vn 0.058008 0.089049 0.994337
vn 0.129194 -0.075536 0.988738
vn 0.514706 -0.061619 0.855150
vn 0.231003 0.007676 0.972923
vn -0.164159 0.931159 0.325568
vn -0.044669 0.467619 0.882801
vn -0.233240 0.531331 0.814424
vn -0.222437 0.934981 0.276284
vn -0.638069 0.511722 0.575334
vn -0.485338 -0.190061 0.853419
vn 0.027818 -0.264407 0.964010
vn -0.007611 0.553087 0.833089
vn 0.334739 0.901778 0.273397
vn -0.009401 0.444382 0.895788
vn 0.110769 0.545834 0.830539
vn 0.146878 0.945002 0.292231
vn -0.451029 0.192029 -0.871606
vn -0.363744 0.810437 -0.459220
vn -0.241890 0.838751 -0.487838
vn -0.245957 0.320201 -0.914864
vn -0.060991 0.392210 -0.917852
vn -0.141489 0.697664 -0.702315
vn 0.004397 0.555588 -0.831446
vn 0.013474 0.399964 -0.916432
vn 0.106494 0.405159 -0.908023
vn 0.139322 0.709811 -0.690477
vn 0.265199 0.862542 -0.430918
vn 0.303998 0.358236 -0.882753
vn -0.759725 0.183803 -0.623726
vn -0.657988 -0.002616 -0.753024
vn -0.354017 0.241046 -0.903642
vn -0.314805 0.285381 -0.905238
vn -0.041982 0.296549 -0.954094
vn -0.050050 0.267155 -0.962353
vn 0.019599 0.270079 -0.962639
vn 0.015322 0.295283 -0.955287
vn 0.079114 0.305679 -0.948842
vn 0.100710 0.278548 -0.955127
vn 0.416708 0.291777 -0.860942
vn 0.356891 0.325434 -0.875626
vn -0.693581 -0.107361 -0.712333
vn -0.725544 -0.080960 -0.683397
vn -0.192422 -0.002696 -0.981309
vn -0.152335 -0.047411 -0.987191
vn 0.041457 -0.053769 -0.997693
vn 0.011285 0.002758 -0.999933
vn 0.016280 -0.012773 -0.999786
vn 0.030515 -0.087395 -0.995706
vn -0.010336 -0.081464 -0.996623
vn 0.009877 -0.004984 -0.999939
vn 0.191323 0.020710 -0.981309
vn 0.145237 -0.049992 -0.988133
vn 0.310407 -0.816194 -0.487313
vn 0.299961 -0.813745 -0.497838
vn 0.334692 -0.816205 -0.470947
vn 0.338737 -0.820973 -0.459631
vn 0.940593 -0.327122 0.090969
vn 0.766186 -0.513801 -0.385965
vn 0.176209 -0.691356 -0.700697
vn -0.014313 -0.776450 0.630016
vn -0.339370 -0.852758 -0.397030
vn -0.323374 -0.864997 -0.383679
vn -0.305465 -0.865264 -0.397503
vn -0.324557 -0.852275 -0.410233
vn 0.995019 -0.002221 0.099664
vn 0.995019 -0.002221 0.099664
vn 0.995019 -0.002221 0.099664
vn 0.995019 -0.002221 0.099664
vn 0.830252 -0.052920 0.554870
vn 0.859761 -0.163637 0.483771
vn 0.999843 -0.017647 0.001773
vn 0.993211 0.078388 0.085954
vn 0.075387 -0.249629 0.965403
vn 0.075386 -0.249631 0.965402
vn 0.075386 -0.249631 0.965402
vn 0.075387 -0.249629 0.965403
vn -0.937175 -0.165326 -0.307197
vn -0.937175 -0.165326 -0.307196
vn -0.937175 -0.165326 -0.307197
vn -0.937175 -0.165326 -0.307197
vn -0.742917 0.107154 -0.660752
vn -0.993312 -0.102995 -0.052183
vn -0.999349 -0.029528 0.020723
vn 0.272599 -0.274489 0.922142
vn 0.272598 -0.274490 0.922142
vn 0.272598 -0.274490 0.922142
vn 0.272599 -0.274489 0.922142
vn -0.256443 -0.309095 -0.915804
vn -0.296480 -0.290491 -0.909788
vn 0.022252 -0.316949 -0.948182
vn 0.095710 -0.323310 -0.941441
vn 0.977779 -0.166132 -0.127862
vn 0.981319 -0.149675 -0.120875
vn 0.659537 0.144840 0.737586
vn -0.091119 0.276006 0.956827
vn -0.110371 0.272584 0.955780
vn -0.996406 -0.028929 0.079610
vn -0.994962 -0.020732 0.098086
vn -0.994962 -0.020732 0.098086
vn -0.996231 -0.027799 0.082160
vn -0.455546 -0.407581 -0.791426
vn -0.408785 -0.418003 -0.811275
vn -0.035827 -0.413749 -0.909686
vn -0.129262 -0.421759 -0.897447
vn 0.936140 -0.138325 -0.323276
vn 0.935516 -0.140148 -0.324296
vn 0.935516 -0.140148 -0.324296
vn 0.936188 -0.138184 -0.323197
vn 0.522389 0.358394 0.773734
vn 0.443441 0.382067 0.810792
vn 0.120894 0.399030 0.908933
vn 0.148515 0.389828 0.908833
vn -0.613205 0.209917 0.761521
vn -0.916627 -0.358002 0.177848
vn -0.893167 -0.020170 0.449272
vn -0.635411 0.238493 -0.734421
vn -0.738934 0.250164 -0.625616
vn 0.223939 0.340415 -0.913219
vn 0.302663 0.277960 -0.911665
vn 0.963484 0.064713 -0.259828
vn 0.965579 0.089443 -0.244247
vn 0.951030 -0.097071 0.293461
vn 0.944729 -0.133446 0.299466
vn 0.607832 -0.282833 0.741987
vn 0.636775 -0.212095 0.741305
vn -0.148304 -0.227564 0.962404
vn -0.322589 -0.303040 0.896718
vn -0.962091 -0.056482 0.266815
vn -0.879460 -0.058641 0.472346
vn -0.982657 0.108291 -0.150529
vn -0.955812 0.105420 -0.274427
vn -0.958647 0.003932 -0.284569
vn -0.971478 0.021685 -0.236135
vn -0.250961 0.161348 -0.954455
vn -0.287424 0.110600 -0.951396
vn 0.652647 0.116033 -0.748725
vn 0.723826 0.148706 -0.673767
vn 0.976591 0.092935 -0.193994
vn 0.961696 0.059153 -0.267659
vn 0.956317 -0.020066 0.291643
vn 0.898894 0.032784 0.436939
vn 0.202785 -0.055800 0.977632
vn 0.316523 -0.150317 0.936599
vn -0.621583 -0.147696 0.769299
vn -0.622918 -0.086995 0.777435
vn -0.949855 -0.058363 0.307196
vn -0.952174 -0.082826 0.294118
vn -0.069593 0.731702 -0.678063
vn -0.069593 0.731702 -0.678063
vn 0.247942 0.847708 -0.468952
vn 0.355594 0.856997 -0.372973
vn 0.713775 0.462120 0.526280
vn 0.713775 0.462120 0.526280
vn 0.713775 0.462120 0.526280
vn 0.713775 0.462120 0.526280
vn -0.265089 0.847619 0.459641
vn -0.265089 0.847619 0.459641
vn -0.333110 0.851872 0.404169
vn -0.333077 0.851871 0.404197
vn -0.893854 0.397492 -0.207425
vn -0.893854 0.397492 -0.207425
vn -0.893854 0.397492 -0.207425
vn -0.893854 0.397492 -0.207425
vn -0.494499 0.827087 -0.267204
vn -0.494499 0.827087 -0.267204
vn -0.152147 0.829561 -0.537289
vn -0.223892 0.841953 -0.490904
vn 0.832745 0.254340 -0.491779
vn 0.832745 0.254340 -0.491779
vn 0.832745 0.254340 -0.491779
vn 0.832745 0.254340 -0.491779
vn 0.479277 0.738391 0.474419
vn 0.479277 0.738391 0.474419
vn 0.408693 0.748941 0.521591
vn 0.408272 0.748987 0.521855
vn -0.552358 0.498388 0.668214
vn -0.552358 0.498388 0.668214
vn -0.552358 0.498388 0.668214
vn -0.552358 0.498388 0.668214
vn -0.315135 0.888783 0.332798
vn -0.315135 0.888783 0.332798
vn -0.287925 0.881920 0.373252
vn -0.286715 0.881570 0.375006
vn -0.742425 0.425327 -0.517592
vn -0.742425 0.425327 -0.517592
vn -0.742425 0.425327 -0.517592
vn -0.742425 0.425327 -0.517592
vn 0.239897 -0.915576 -0.322755
vn 0.281892 -0.868337 -0.408078
vn 0.297006 -0.872581 -0.387803
vn 0.245036 -0.917866 -0.312215
vn 0.749346 -0.021087 0.661842
vn 0.760186 -0.012186 0.649592
vn 0.761703 -0.010922 0.647834
vn 0.749346 -0.021087 0.661842
vn 0.326304 0.851163 0.411155
vn 0.326304 0.851163 0.411154
vn 0.340401 0.853290 0.394998
vn 0.340121 0.853251 0.395323
vn -0.657395 0.472499 0.587006
vn -0.657395 0.472499 0.587006
vn -0.657395 0.472499 0.587006
vn -0.657395 0.472499 0.587006
vn -0.329649 -0.873611 -0.357960
vn -0.339872 -0.859099 -0.382669
vn -0.332900 -0.857116 -0.393103
vn -0.326885 -0.872353 -0.363518
vn 0.839035 -0.093791 -0.535933
vn 0.847257 -0.099309 -0.521817
vn 0.848279 -0.100004 -0.520021
vn 0.839035 -0.093791 -0.535933
vn -0.295120 -0.838383 0.458277
vn 0.556565 -0.379008 0.739316
vn -0.122509 -0.937195 -0.326585
vn -0.179049 -0.909625 -0.374866
vn 0.120454 -0.424428 -0.897414
vn 0.672869 0.020950 -0.739465
vn 0.397022 0.223185 -0.890260
vn 0.328172 0.181477 -0.927022
vn 0.393034 0.795397 -0.461376
vn 0.455323 0.803974 -0.382501
vn 0.345941 0.878667 0.329043
vn 0.222984 0.929064 0.295157
vn 0.034435 0.468881 0.882590
vn 0.192045 0.475707 0.858383
vn 0.023172 -0.259671 0.965419
vn -0.186401 -0.316780 0.930003
vn -0.489782 -0.328681 -0.807516
vn -0.264599 -0.901673 -0.342014
vn -0.244718 -0.896140 -0.370197
vn 0.092454 -0.910938 0.402051
vn 0.307736 -0.372604 0.875480
vn 0.357762 0.410467 0.838763
vn 0.171082 0.943526 0.283707
vn -0.270243 0.868155 -0.416263
vn -0.511720 0.253172 -0.821003
vn -0.784453 -0.603066 -0.144723
vn -0.696806 -0.716569 -0.031482
vn -0.153347 -0.888562 -0.432367
vn -0.223592 -0.949144 -0.221658
vn 0.449350 -0.855442 -0.257495
vn 0.479105 -0.559326 -0.676471
vn 0.760297 0.007212 -0.649536
vn 0.969933 -0.210706 -0.121789
vn 0.836686 0.493905 0.236674
vn 0.747331 0.558326 -0.360234
vn 0.270086 0.910322 0.313635
vn 0.268533 0.843147 0.465826
vn -0.370586 0.840272 0.395738
vn -0.181635 0.825121 0.534961
vn -0.852720 0.069974 0.517660
vn -0.967377 0.244493 0.066369
vn -0.730249 -0.683167 0.004427
vn -0.843014 -0.353084 -0.405782
vn -0.291049 -0.864833 -0.409090
vn -0.151393 -0.960178 -0.234818
vn 0.462840 -0.780757 -0.419759
vn 0.377266 -0.893649 -0.243026
vn 0.977862 -0.156681 0.138699
vn 0.935371 -0.001436 -0.353665
vn 0.697535 0.700069 0.152803
vn 0.579544 0.740320 0.340668
vn 0.147503 0.930331 0.335750
vn 0.180169 0.857373 0.482132
vn -0.527316 0.676309 0.514338
vn -0.637507 0.759748 -0.127937
vn -0.902689 0.250075 -0.350165
vn -0.954594 0.064334 0.290881
vn -0.529636 -0.770322 0.355092
vn -0.529636 -0.770322 0.355092
vn -0.529636 -0.770322 0.355092
vn -0.529636 -0.770322 0.355092
vn 0.919468 -0.368060 0.138239
vn 0.919468 -0.368060 0.138239
vn 0.985558 -0.169040 0.010023
vn 0.575612 0.165633 -0.800772
vn -0.004097 0.467704 -0.883876
vn -0.011920 0.381337 -0.924359
vn -0.573603 0.150798 -0.805133
vn -0.477384 0.840433 0.256471
vn -0.970602 -0.238437 -0.032849
vn -0.715259 -0.437909 0.544646
vn -0.668279 -0.617728 0.414507
vn 0.032942 -0.782302 0.622027
vn 0.035949 -0.643684 0.764447
vn 0.765598 -0.371786 0.525010
vn 0.710296 -0.578991 0.400311
vn 0.983482 -0.169499 -0.063508
vn 0.989099 0.112969 0.094452
vn 0.657970 0.544553 -0.520132
vn 0.621644 0.360190 -0.695573
vn -0.028412 0.510199 -0.859587
vn -0.034899 0.616492 -0.786587
vn -0.708908 0.490946 -0.506380
vn -0.661372 0.320048 -0.678348
vn -0.971179 -0.234803 -0.040979
vn -0.993506 0.031678 0.109279
vn -0.742826 -0.012055 -0.669376
vn -0.986705 -0.154298 -0.051053
vn -0.988304 -0.141814 -0.056078
vn -0.265226 0.237334 -0.934520
vn -0.235129 0.093277 -0.967478
vn -0.018102 0.110765 -0.993682
vn -0.034562 0.262988 -0.964180
vn 0.008685 0.269178 -0.963051
vn 0.008050 0.121224 -0.992593
vn 0.033480 0.125245 -0.991561
vn 0.055560 0.282381 -0.957692
vn 0.275150 0.287155 -0.917515
vn 0.231108 0.144453 -0.962145
vn 0.867114 -0.127624 0.481483
vn 0.849543 -0.078921 0.521582
vn 0.998903 -0.008022 -0.046133
vn 0.999412 -0.007269 -0.033522
vn 0.196466 -0.450871 0.870699
vn 0.119994 -0.295128 0.947893
vn 0.402883 -0.215850 0.889435
vn 0.513655 -0.308435 0.800641
vn -0.165622 -0.458122 0.873323
vn -0.092792 -0.303611 0.948267
vn 0.012790 -0.304411 0.952455
vn 0.019164 -0.510240 0.859818
vn -0.856637 -0.231910 0.460858
vn -0.832375 -0.202699 0.515814
vn -0.388055 -0.267010 0.882110
vn -0.511351 -0.354021 0.783065
vn -0.070182 -0.290370 0.954337
vn -0.286668 -0.241638 0.927056
vn -0.833383 -0.176853 0.523637
vn 0.142956 -0.277863 0.949924
vn 0.104495 -0.288962 0.951620
vn 0.016464 -0.303774 0.952602
vn 0.404484 0.091721 0.909934
vn 0.404484 0.091721 0.909934
vn 0.870432 -0.061954 0.488375
vn 0.314938 -0.210976 0.925367
vn -0.112351 0.438385 0.891737
vn -0.044516 0.260678 0.964399
vn 0.546468 -0.118512 0.829052
vn 0.605651 0.562402 0.562932
vn 0.491038 0.868469 0.068138
vn -0.037569 0.999275 0.006203
vn -0.532064 0.841440 0.094266
vn 0.817289 0.266600 -0.510846
vn 0.762961 0.193322 -0.616861
vn 0.109366 -0.349113 -0.930677
vn 0.058480 -0.281994 -0.957632
vn 0.005505 -0.268048 -0.963390
vn -0.334266 -0.158873 -0.928992
vn -0.334266 -0.158873 -0.928992
vn -0.039062 -0.404647 -0.913638
vn -0.699646 -0.621916 -0.351734
vn 0.216357 -0.413828 -0.884271
vn -0.053751 -0.382168 -0.922528
vn 0.734447 0.021461 -0.678327
vn 0.687997 -0.034878 -0.724875
vn 0.287662 -0.186465 -0.939405
vn 0.287662 -0.186465 -0.939405
vn -0.058532 -0.335648 -0.940167
vn 0.001025 -0.313173 -0.949696
vn 0.369281 -0.817086 -0.442721
vn 0.365732 -0.824934 -0.430958
vn 0.311786 -0.875935 -0.368142
vn -0.288126 -0.865104 -0.410584
vn -0.311757 -0.849531 -0.425564
vn -0.325663 -0.854967 -0.403701
vn 0.943509 -0.110261 -0.312462
vn 0.943509 -0.110261 -0.312462
vn 0.943509 -0.110261 -0.312462
vn 0.943509 -0.110261 -0.312462
vn 0.994740 -0.022516 -0.099931
vn 0.971613 0.188319 0.143195
vn 0.075388 -0.249631 0.965402
vn 0.075388 -0.249631 0.965402
vn 0.075389 -0.249629 0.965402
vn 0.075389 -0.249629 0.965402
vn 0.075390 -0.249627 0.965403
vn 0.075390 -0.249627 0.965403
vn 0.075388 -0.249628 0.965403
vn 0.075388 -0.249628 0.965403
vn -0.984958 -0.092014 0.146257
vn -0.984958 -0.092014 0.146257
vn -0.984958 -0.092014 0.146257
vn -0.984958 -0.092014 0.146257
vn -0.985764 -0.146626 -0.082284
vn -0.997807 0.036624 0.055131
vn 0.272598 -0.274487 0.922143
vn 0.272598 -0.274487 0.922143
vn 0.272600 -0.274489 0.922142
vn 0.272600 -0.274488 0.922142
vn 0.272601 -0.274490 0.922141
vn 0.272601 -0.274490 0.922141
vn 0.272600 -0.274489 0.922142
vn 0.272600 -0.274489 0.922142
vn 0.427751 -0.302235 -0.851871
vn 0.458542 -0.297552 -0.837378
vn 0.494615 -0.291499 -0.818771
vn 0.139129 -0.331689 -0.933073
vn -0.217045 -0.326588 -0.919909
vn 0.913766 -0.022730 0.405606
vn 0.920689 0.059891 0.385675
vn 0.920689 0.059891 0.385675
vn 0.992073 -0.084492 -0.093016
vn 0.992073 -0.084492 -0.093016
vn -0.437666 0.261999 0.860119
vn -0.511672 0.241100 0.824659
vn -0.573082 0.221508 0.788994
vn -0.131469 0.267016 0.954682
vn 0.383072 0.247966 0.889814
vn -0.940703 -0.150764 -0.303888
vn -0.940703 -0.150764 -0.303888
vn -0.941222 -0.153865 -0.300710
vn -0.941265 -0.154126 -0.300443
vn -0.941752 -0.157149 -0.297335
vn -0.941752 -0.157149 -0.297335
vn -0.997386 -0.036574 0.062323
vn -0.997386 -0.036574 0.062323
vn 0.229276 -0.374254 -0.898536
vn 0.186020 -0.391839 -0.901032
vn 0.142328 -0.408577 -0.901559
vn -0.179800 -0.425850 -0.886749
vn -0.507397 -0.394353 -0.766182
vn 0.999165 0.027189 0.030508
vn 0.999165 0.027189 0.030508
vn 0.999836 0.015963 0.008511
vn 0.999779 0.017543 0.011608
vn 0.999917 0.005736 -0.011514
vn 0.999917 0.005736 -0.011514
vn 0.936791 -0.136411 -0.322204
vn 0.936791 -0.136411 -0.322204
vn -0.295206 0.336966 0.894040
vn 0.185611 0.376041 0.907823
vn 0.587084 0.335615 0.736678
vn -0.977572 -0.209090 -0.025175
vn -0.981197 -0.191959 -0.020100
vn -0.991818 -0.127656 -0.001158
vn -0.991818 -0.127656 -0.001158
vn -0.907035 0.053550 0.417637
vn -0.907035 0.053550 0.417637
vn 0.988965 -0.004184 -0.148093
vn 0.377696 0.222011 -0.898920
vn -0.619125 0.198737 -0.759729
vn 0.450381 -0.384868 0.805626
vn 0.898605 -0.203635 0.388641
vn -0.986163 -0.078693 0.145914
vn -0.538558 -0.346403 0.768089
vn -0.939687 0.088192 -0.330471
vn 0.671785 0.070540 -0.737380
vn -0.319466 0.064529 -0.945398
vn -0.977616 -0.035579 -0.207366
vn 0.966713 -0.087646 0.240385
vn 0.959166 0.020028 -0.282133
vn -0.504819 -0.229730 0.832095
vn 0.468824 -0.230716 0.852628
vn -0.927917 -0.121495 0.352433
vn 0.597125 0.797063 -0.090183
vn 0.597125 0.797063 -0.090183
vn 0.836909 0.467636 -0.284429
vn 0.836909 0.467636 -0.284429
vn 0.545564 0.516244 -0.660191
vn 0.489181 0.513289 -0.705150
vn 0.065224 0.427954 -0.901444
vn 0.065224 0.427954 -0.901444
vn 0.454494 0.395518 0.798123
vn 0.454494 0.395518 0.798123
vn 0.454494 0.395518 0.798123
vn 0.454494 0.395518 0.798123
vn 0.770973 -0.003101 0.636860
vn 0.770973 -0.003101 0.636860
vn 0.885633 0.148882 0.439873
vn 0.885633 0.148882 0.439873
vn 0.885633 0.148882 0.439872
vn 0.885633 0.148882 0.439873
vn -0.398411 0.849559 0.345714
vn -0.398411 0.849559 0.345714
vn -0.523136 -0.681338 0.511965
vn -0.523136 -0.681338 0.511965
vn -0.489307 -0.682702 0.542675
vn -0.489328 -0.682702 0.542657
vn -0.454534 -0.682641 0.572188
vn -0.454534 -0.682641 0.572188
vn -0.738752 0.328636 -0.588426
vn -0.738752 0.328635 -0.588426
vn -0.738752 0.328636 -0.588426
vn -0.738752 0.328635 -0.588426
vn -0.640095 0.097333 -0.762106
vn -0.640095 0.097333 -0.762106
vn -0.640095 0.097333 -0.762106
vn -0.640095 0.097333 -0.762106
vn -0.769888 0.015121 -0.638000
vn -0.756420 0.020052 -0.653779
vn -0.758757 0.019206 -0.651091
vn -0.769888 0.015121 -0.638000
vn 0.157968 0.710382 -0.685859
vn 0.157968 0.710382 -0.685859
vn 0.049742 0.367020 -0.928882
vn 0.049742 0.367020 -0.928882
vn -0.405259 0.486711 -0.773872
vn -0.356822 0.478859 -0.802105
vn -0.726958 0.493485 -0.477499
vn -0.726958 0.493485 -0.477499
vn 0.941937 0.308299 -0.133068
vn 0.941937 0.308299 -0.133068
vn 0.941937 0.308299 -0.133068
vn 0.941937 0.308299 -0.133068
vn 0.855385 -0.104906 -0.507259
vn 0.855385 -0.104906 -0.507259
vn 0.761631 -0.022606 -0.647617
vn 0.761631 -0.022606 -0.647617
vn 0.761631 -0.022606 -0.647617
vn 0.761631 -0.022606 -0.647617
vn 0.334639 0.754025 0.565211
vn 0.334639 0.754025 0.565211
vn 0.215982 -0.789550 0.574423
vn 0.215982 -0.789550 0.574423
vn 0.255647 -0.794341 0.551060
vn 0.255889 -0.794365 0.550913
vn 0.295085 -0.797449 0.526308
vn 0.295085 -0.797449 0.526308
vn -0.743919 0.561229 0.362776
vn -0.743919 0.561229 0.362776
vn -0.743919 0.561229 0.362776
vn -0.743919 0.561229 0.362776
vn -0.925541 0.241662 0.291503
vn -0.925541 0.241662 0.291503
vn -0.925541 0.241662 0.291503
vn -0.925541 0.241662 0.291503
vn -0.857219 0.112661 0.502477
vn -0.849435 0.104330 0.517277
vn -0.850103 0.105034 0.516035
vn -0.857219 0.112661 0.502477
vn -0.257919 0.872165 0.415699
vn -0.257919 0.872165 0.415699
vn -0.253898 0.953232 0.163968
vn -0.253898 0.953232 0.163968
vn -0.180867 0.955992 0.231012
vn -0.180788 0.955990 0.231082
vn -0.105502 0.949266 0.296250
vn -0.105502 0.949266 0.296250
vn -0.743048 0.024818 -0.668777
vn -0.743048 0.024818 -0.668777
vn -0.759523 -0.238750 -0.605081
vn -0.759523 -0.238750 -0.605081
vn -0.759523 -0.238750 -0.605081
vn -0.759523 -0.238750 -0.605081
vn -0.709847 0.552074 -0.437414
vn -0.709847 0.552074 -0.437414
vn -0.709847 0.552074 -0.437414
vn -0.709847 0.552074 -0.437414
vn 0.250155 -0.920032 -0.301601
vn 0.164315 -0.983568 -0.074801
vn 0.164315 -0.983568 -0.074801
vn 0.095803 -0.986238 -0.134745
vn 0.096130 -0.986245 -0.134463
vn 0.026822 -0.980773 -0.193298
vn 0.026822 -0.980773 -0.193298
vn 0.621017 0.364329 0.693976
vn 0.621017 0.364329 0.693976
vn 0.621017 0.364329 0.693976
vn 0.621017 0.364329 0.693976
vn 0.537522 0.528182 0.657338
vn 0.537522 0.528182 0.657338
vn 0.537522 0.528182 0.657338
vn 0.537522 0.528182 0.657338
vn 0.693630 -0.272496 0.666801
vn 0.693630 -0.272496 0.666801
vn 0.693630 -0.272496 0.666801
vn 0.693630 -0.272496 0.666801
vn 0.353850 0.854967 0.379239
vn 0.353850 0.854967 0.379239
vn 0.234482 0.888743 0.393896
vn 0.234482 0.888743 0.393896
vn 0.316844 0.884698 0.341936
vn 0.317238 0.884657 0.341675
vn 0.396133 0.872261 0.286773
vn 0.396133 0.872261 0.286773
vn -0.841319 0.095925 0.531959
vn -0.841319 0.095925 0.531959
vn -0.836456 -0.159764 0.524229
vn -0.836456 -0.159764 0.524230
vn -0.836456 -0.159764 0.524229
vn -0.836456 -0.159764 0.524229
vn -0.530456 0.588163 0.610476
vn -0.530456 0.588163 0.610476
vn -0.530456 0.588163 0.610476
vn -0.530456 0.588163 0.610476
vn -0.324118 -0.871065 -0.369044
vn -0.174894 -0.944421 -0.278353
vn -0.174894 -0.944421 -0.278353
vn -0.254326 -0.938538 -0.233376
vn -0.254640 -0.938499 -0.233191
vn -0.331934 -0.924732 -0.186254
vn -0.331934 -0.924732 -0.186254
vn 0.870969 0.306908 -0.383694
vn 0.870969 0.306908 -0.383694
vn 0.870969 0.306908 -0.383694
vn 0.870969 0.306908 -0.383694
vn 0.864487 0.423514 -0.270738
vn 0.864487 0.423514 -0.270738
vn 0.864487 0.423514 -0.270738
vn 0.864487 0.423514 -0.270738
vn 0.794595 -0.349980 -0.496117
vn 0.794595 -0.349980 -0.496117
vn 0.794595 -0.349980 -0.496117
vn 0.794595 -0.349980 -0.496117
vn 0.350042 -0.916631 -0.193025
vn -0.231221 -0.959931 -0.158333
vn -0.746024 -0.660304 -0.086300
vn 0.768689 0.546878 0.331727
vn 0.964497 -0.256261 -0.063843
vn -0.371514 0.816063 0.442740
vn 0.255652 0.836072 0.485413
vn -0.971629 0.198208 0.129035
vn 0.435959 -0.830175 -0.347489
vn -0.122495 -0.976122 -0.179390
vn -0.629745 -0.776261 0.028971
vn 0.714567 0.670892 0.198238
vn 0.952725 -0.061846 -0.297474
vn -0.389328 0.709235 0.587715
vn 0.199393 0.847101 0.492608
vn -0.933173 0.004556 0.359400
vn 0.564614 -0.746601 0.351850
vn 0.564614 -0.746601 0.351850
vn 0.564614 -0.746601 0.351850
vn 0.564614 -0.746601 0.351850
vn 0.667789 -0.734711 0.119406
vn 0.008477 -0.925700 0.378163
vn -0.628262 -0.768325 0.122324
vn 0.799741 -0.523434 -0.293992
vn -0.901432 -0.420278 0.103860
vn -0.901432 -0.420278 0.103860
vn -0.777694 -0.548850 -0.306522
vn 0.748373 0.103920 -0.655087
vn -0.971198 0.221194 0.088594
vn -0.910519 -0.407376 -0.070717
vn -0.910519 -0.407376 -0.070717
vn -0.970983 0.222051 0.088801
vn -0.355828 -0.909424 -0.215256
vn -0.355828 -0.909424 -0.215256
vn -0.355828 -0.909424 -0.215256
vn -0.355828 -0.909424 -0.215256
vn -0.121131 -0.961715 -0.245830
vn -0.121131 -0.961715 -0.245830
vn -0.121131 -0.961715 -0.245830
vn -0.121131 -0.961715 -0.245830
vn 0.701355 -0.665041 -0.256557
vn 0.965755 -0.203126 -0.161422
vn 0.965764 -0.203092 -0.161414
vn 0.701355 -0.665041 -0.256557
vn 0.982388 0.176603 -0.061030
vn 0.982388 0.176603 -0.061030
vn 0.248399 0.946409 0.206419
vn 0.248399 0.946409 0.206419
vn 0.248399 0.946409 0.206419
vn 0.248399 0.946409 0.206419
vn 0.220937 0.952418 0.209967
vn 0.220937 0.952418 0.209967
vn 0.220937 0.952418 0.209967
vn 0.220937 0.952418 0.209967
vn -0.744134 0.641619 0.185983
vn -0.744134 0.641619 0.185983
vn -0.960012 0.072654 0.270366
vn -0.893528 -0.437078 0.102810
vn -0.893528 -0.437078 0.102810
vn -0.960007 0.072689 0.270375
vn -0.254245 -0.943482 -0.212604
vn -0.254245 -0.943482 -0.212604
vn -0.254245 -0.943482 -0.212604
vn -0.254245 -0.943482 -0.212604
vn -0.023800 -0.957835 -0.286331
vn -0.023800 -0.957835 -0.286331
vn -0.023800 -0.957835 -0.286331
vn -0.023800 -0.957835 -0.286331
vn 0.652115 -0.631824 -0.418980
vn 0.939076 -0.052423 -0.339688
vn 0.939196 -0.051611 -0.339480
vn 0.652115 -0.631824 -0.418980
vn 0.894801 0.407191 -0.183100
vn 0.894801 0.407191 -0.183100
vn 0.150112 0.963324 0.222428
vn 0.150112 0.963323 0.222428
vn 0.150112 0.963324 0.222428
vn 0.150112 0.963324 0.222428
vn 0.123186 0.965106 0.231075
vn 0.123186 0.965106 0.231075
vn 0.123186 0.965106 0.231075
vn 0.123186 0.965106 0.231075
vn -0.831154 0.436634 0.344287
vn -0.831154 0.436634 0.344287
s 1
g pCube1
usemtl pCube1SG
f 101/1/1 1/2/2 98/3/3 97/4/4
f 99/5/5 2/6/6 103/7/7 102/8/8
f 104/9/9 3/10/10 107/11/11 106/12/12
s 3
f 114/13/13 5/14/14 111/15/15 110/16/16
f 112/17/17 6/18/18 116/19/19 115/20/20
f 117/21/21 7/22/22 120/23/23 119/24/24
f 126/25/25 9/26/26 113/27/27 123/28/28
f 124/29/29 10/30/30 118/31/31 127/32/32
f 128/33/33 11/34/34 122/35/35 130/36/36
f 136/424/37 13/38/38 125/39/39 133/474/40
f 141/401/41 85/42/42 138/43/43 137/473/44
f 145/413/45 15/477/46 132/47/47 142/472/48
f 149/49/49 17/50/50 135/51/51 146/52/52
f 147/53/53 18/54/54 151/470/55 150/56/56
f 152/57/57 19/58/58 144/59/59 154/60/60
f 160/61/61 21/62/62 148/63/63 157/64/64
f 158/65/65 22/66/66 153/67/67 161/68/68
f 162/69/69 23/70/70 156/71/71 164/72/72
f 171/73/73 90/74/74 168/75/75 167/76/76
f 169/77/77 91/78/78 173/79/79 172/80/80
f 174/81/81 92/82/82 177/83/83 176/84/84
s 10
f 184/85/85 49/86/86 181/87/87 180/88/88
s 1
f 187/464/89 30/90/90 175/91/91 185/469/92
s 12
f 192/93/93 53/94/94 189/95/95 188/96/96
s off
f 108/97/97 4/98/98 194/99/99 193/100/100
s 3
f 121/101/101 8/102/102 197/103/103 196/104/104
s 13
f 378/105/105 377/106/106 379/107/107 380/108/108
s off
f 171/73/109 29/109/110 204/110/111 203/111/112
s 3
f 160/61/61 25/112/113 207/113/114 206/114/115
s 14
f 386/501/116 387/116/117 388/117/118 389/118/119
s 15
f 216/119/120 29/109/121 170/120/122 213/121/123
s 1
f 214/122/124 30/90/90 187/464/89 217/123/125
f 218/124/126 2/6/6 98/3/127 220/125/128
s 17
f 221/126/129 1/2/130 204/462/131 223/127/132
s 18
f 228/128/133 31/129/134 179/130/135 225/131/136
s 19
f 226/132/137 32/133/138 194/460/139 229/134/140
s 1
f 230/135/141 4/98/142 107/11/143 232/136/144
f 233/137/145 3/10/10 186/458/146 235/139/147
s 21
f 240/140/148 33/141/149 215/142/150 237/143/151
f 238/144/152 34/145/153 219/454/154 241/147/155
f 242/148/156 35/149/157 222/150/158 244/151/159
f 245/152/160 36/153/161 224/447/162 247/155/163
s 22
f 252/156/164 37/157/165 227/158/166 249/159/167
f 250/160/168 38/161/169 231/441/170 253/163/171
f 254/164/172 39/165/173 234/166/174 256/167/175
f 257/168/176 40/169/177 236/434/178 259/171/179
s 23
f 263/524/180 41/479/181 239/174/182 261/528/183
s off
f 262/176/184 42/177/185 243/178/186 264/527/187
s 24
f 270/511/188 58/181/189 267/182/190 266/525/191
s off
f 272/516/192 44/448/193 248/186/194 271/523/195
s 25
f 275/518/196 45/478/197 251/190/198 273/522/199
s off
f 274/192/200 46/193/201 255/194/202 276/521/203
s 26
f 282/505/204 62/197/205 279/198/206 278/519/207
s off
f 284/510/208 48/435/209 260/202/210 283/517/211
s 27
f 287/204/212 43/450/213 246/206/214 285/207/215
s off
f 286/208/216 44/448/217 272/516/218 288/209/219
s 10
f 289/210/220 52/211/221 183/212/222 290/213/223
s 28
f 291/214/224 51/215/225 265/513/226 292/217/227
s 29
f 295/218/228 47/437/229 258/220/230 293/221/231
s off
f 294/222/232 48/435/233 284/510/234 296/223/235
s 12
f 297/224/236 56/225/237 191/226/238 298/227/239
s 30
f 299/228/240 55/229/241 277/507/242 300/231/243
s 3
f 304/232/244 12/233/245 198/430/246 301/235/247
f 302/236/248 24/237/249 155/238/250 305/239/251
f 306/240/252 20/241/253 143/428/254 308/243/255
f 309/244/256 16/245/257 131/246/258 311/247/259
f 316/248/260 21/62/62 208/426/261 313/250/262
f 314/251/263 9/26/26 126/25/25 317/252/264
f 318/253/265 13/38/38 136/424/37 320/254/266
f 321/255/267 17/50/50 149/49/49 323/256/268
f 327/257/269 66/258/270 303/422/271 325/260/272
f 326/261/273 65/262/274 307/263/275 328/264/276
f 329/265/277 67/266/278 310/420/279 330/268/280
f 331/269/281 68/270/282 312/271/283 332/272/284
f 335/273/285 69/274/286 315/418/287 333/276/288
f 334/277/289 70/278/290 319/279/291 336/280/292
f 337/281/293 71/282/294 322/416/295 338/284/296
f 339/285/297 72/286/298 324/287/299 340/288/300
s off
f 344/289/301 14/480/302 129/291/303 341/292/304
s 3
f 342/293/305 15/46/306 145/414/45 345/294/307
f 346/295/308 19/471/58 151/55/309 348/296/310
f 349/297/311 18/475/54 134/410/312 351/299/313
f 355/300/314 81/301/315 343/302/316 353/303/317
f 354/304/318 82/305/319 347/406/320 356/307/321
f 357/308/322 83/309/323 350/310/324 358/311/325
f 359/312/326 84/313/327 352/403/328 360/315/329
f 363/316/330 90/74/74 205/400/331 361/318/332
f 363/316/330 25/112/113 159/319/333 364/320/334
f 365/321/335 26/322/336 163/323/337 366/324/338
f 367/325/339 27/326/340 166/327/341 368/328/342
f 371/329/343 94/330/344 195/397/345 370/332/346
f 373/333/347 95/334/348 109/335/349 372/336/350
f 375/337/351 96/338/352 105/339/353 374/340/354
f 362/341/355 89/342/356 100/343/357 376/344/358
s 1
f 98/3/3 2/6/6 99/5/5 97/4/4
s 3
f 99/5/359 96/338/352 100/343/357 97/4/360
f 100/343/357 89/342/356 101/1/361 97/4/360
s 1
f 103/7/7 3/10/10 104/9/9 102/8/362
s 3
f 104/9/363 95/334/348 105/339/353 102/8/364
f 105/339/353 96/338/352 99/5/359 102/8/364
s 1
f 107/11/11 4/98/365 108/97/366 106/12/12
s 3
f 108/97/367 94/330/344 109/335/349 106/12/368
f 109/335/349 95/334/348 104/9/363 106/12/368
f 111/15/15 6/18/18 112/17/17 110/16/16
f 112/17/17 10/30/30 113/27/27 110/16/16
f 113/27/27 9/26/26 114/13/13 110/16/16
f 116/19/19 7/22/22 117/21/21 115/20/20
f 117/21/21 11/34/34 118/31/31 115/20/20
f 118/31/31 10/30/30 112/17/17 115/20/20
f 120/23/23 8/102/102 121/101/101 119/24/24
f 121/101/101 12/233/245 122/35/35 119/24/24
f 122/35/35 11/34/34 117/21/21 119/24/24
f 113/27/27 10/30/30 124/29/29 123/28/28
f 124/29/29 14/290/369 125/39/39 123/28/28
f 125/39/39 13/38/38 126/25/25 123/28/28
f 118/31/31 11/34/34 128/33/33 127/32/32
f 128/33/33 15/477/46 129/476/370 127/32/32
f 129/476/370 14/290/369 124/29/29 127/32/32
f 122/35/35 12/233/245 131/246/258 130/36/36
f 131/246/258 16/245/257 132/47/47 130/36/36
f 132/47/47 15/477/46 128/33/33 130/36/36
f 125/39/39 14/290/369 134/408/312 133/474/40
f 134/409/312 18/54/54 135/51/51 133/40/40
f 135/51/51 17/50/50 136/37/37 133/40/40
f 138/43/43 86/345/371 139/346/372 137/473/44
f 139/404/372 87/347/373 140/348/374 137/44/44
f 140/348/374 88/349/375 141/41/41 137/44/44
f 132/47/47 16/245/257 143/242/254 142/472/48
f 143/428/254 20/241/253 144/59/59 142/48/48
f 144/59/59 19/58/58 145/412/45 142/48/48
f 135/51/51 18/54/54 147/53/53 146/52/52
f 147/53/53 22/66/66 148/63/63 146/52/52
f 148/63/63 21/62/62 149/49/49 146/52/52
f 151/470/55 19/58/58 152/57/57 150/56/56
f 152/57/57 23/70/70 153/67/67 150/56/56
f 153/67/67 22/66/66 147/53/53 150/56/56
f 144/59/59 20/241/253 155/238/250 154/60/60
f 155/238/250 24/237/249 156/71/71 154/60/60
f 156/71/71 23/70/70 152/57/57 154/60/60
f 148/63/63 22/66/66 158/65/65 157/64/64
f 158/65/65 26/322/336 159/319/333 157/64/64
f 159/319/333 25/112/113 160/61/61 157/64/64
f 153/67/67 23/70/70 162/69/69 161/68/68
f 162/69/69 27/326/340 163/323/337 161/68/68
f 163/323/337 26/322/336 158/65/65 161/68/68
f 156/71/71 24/237/249 165/350/376 164/72/72
f 165/350/376 28/351/377 166/327/341 164/72/72
f 166/327/341 27/326/340 162/69/69 164/72/72
f 168/75/75 91/78/78 169/77/77 167/76/76
s 1
f 169/77/378 30/90/90 170/120/379 167/76/380
f 170/120/379 29/109/381 171/73/382 167/76/380
s 3
f 173/79/79 92/82/82 174/81/81 172/80/80
s 1
f 174/81/383 31/129/384 175/91/91 172/80/385
f 175/91/91 30/90/90 169/77/378 172/80/386
s 3
f 177/83/83 93/352/387 178/353/388 176/84/84
s 1
f 178/353/389 32/133/390 179/130/391 176/84/392
f 179/130/391 31/129/384 174/81/383 176/84/392
s 10
f 181/87/87 50/354/393 182/355/394 180/88/88
f 182/355/394 51/215/395 183/212/222 180/88/88
f 183/212/222 52/211/221 184/85/85 180/88/88
s 1
f 175/91/91 31/129/384 186/138/146 185/469/92
f 186/458/146 3/10/10 103/7/7 185/92/92
f 103/7/7 2/6/6 187/89/89 185/92/92
s 12
f 189/95/95 54/356/396 190/357/397 188/96/96
f 190/357/397 55/229/398 191/226/238 188/96/96
f 191/226/238 56/225/237 192/93/93 188/96/96
s off
f 194/460/399 32/133/400 178/353/401 193/468/402
s 3
f 178/353/388 93/352/387 195/331/345 193/468/403
f 195/397/345 94/330/344 108/97/367 193/100/403
f 197/395/103 28/351/377 165/350/376 196/467/104
f 165/350/376 24/237/249 198/234/404 196/467/104
f 198/430/404 12/233/245 121/101/101 196/104/104
s 41
f 379/107/405 381/358/406 382/503/407 380/108/408
f 382/359/407 383/360/409 384/361/410 380/108/408
s 13
f 384/361/411 385/362/412 378/105/105 380/108/108
s off
f 204/462/413 1/2/414 101/1/415 203/466/416
s 3
f 101/1/361 89/342/356 205/317/331 203/466/417
f 205/400/331 90/74/74 171/73/73 203/111/417
f 207/398/114 5/14/14 114/13/13 206/465/115
f 114/13/13 9/26/26 208/249/418 206/465/115
f 208/426/418 21/62/62 160/61/61 206/114/115
s 42
f 388/117/419 390/363/420 391/364/421 389/118/422
f 391/364/421 392/365/423 393/366/424 389/118/422
s 14
f 393/366/425 394/367/426 386/115/116 389/118/119
s 15
f 170/120/122 30/90/427 214/122/428 213/121/123
f 214/122/428 34/145/429 215/142/430 213/121/123
f 215/142/430 33/141/431 216/119/120 213/121/123
s 1
f 187/89/89 2/6/6 218/124/126 217/463/432
f 218/124/126 35/149/433 219/146/434 217/463/432
f 219/454/435 34/145/436 214/122/124 217/123/125
f 98/3/127 1/2/437 221/126/438 220/125/128
f 221/126/438 36/153/439 222/150/440 220/125/128
f 222/150/440 35/149/441 218/124/126 220/125/128
s 43
f 204/110/442 29/109/443 216/119/444 223/461/445
f 216/119/444 33/141/446 224/154/447 223/461/445
s 17
f 224/447/448 36/153/449 221/126/129 223/127/132
s 18
f 179/130/135 32/133/450 226/132/451 225/131/136
f 226/132/451 38/161/452 227/158/453 225/131/136
f 227/158/453 37/157/454 228/128/133 225/131/136
s 44
f 194/99/455 4/98/456 230/135/457 229/459/458
f 230/135/457 39/165/459 231/162/460 229/459/458
s 19
f 231/441/461 38/161/462 226/132/137 229/134/140
s 1
f 107/11/143 3/10/10 233/137/145 232/136/144
f 233/137/145 40/169/463 234/166/464 232/136/144
f 234/166/464 39/165/465 230/135/141 232/136/144
f 186/138/146 31/129/384 228/128/466 235/457/467
f 228/128/466 37/157/468 236/170/469 235/457/467
f 236/434/470 40/169/471 233/137/145 235/139/147
s 21
f 215/142/150 34/145/153 238/144/152 237/143/151
f 238/144/152 42/456/472 239/455/473 237/143/151
f 239/455/473 41/173/474 240/140/148 237/143/151
f 219/146/154 35/149/157 242/148/156 241/453/155
f 242/148/156 43/205/475 243/451/476 241/453/155
f 243/452/476 42/456/472 238/144/152 241/147/155
f 222/150/158 36/153/161 245/152/160 244/151/159
f 245/152/160 44/185/477 246/449/478 244/151/159
f 246/449/478 43/205/475 242/148/156 244/151/159
f 224/154/162 33/141/149 240/140/148 247/446/163
f 240/140/148 41/173/474 248/444/479 247/446/163
f 248/445/479 44/185/477 245/152/160 247/155/163
s 22
f 227/158/166 38/161/169 250/160/168 249/159/167
f 250/160/168 46/443/480 251/442/481 249/159/167
f 251/442/481 45/189/482 252/156/164 249/159/167
f 231/162/170 39/165/173 254/164/172 253/440/171
f 254/164/172 47/219/483 255/438/484 253/440/171
f 255/439/484 46/443/480 250/160/168 253/163/171
f 234/166/174 40/169/177 257/168/176 256/167/175
f 257/168/176 48/201/485 258/436/486 256/167/175
f 258/436/486 47/219/483 254/164/172 256/167/175
f 236/170/178 37/157/165 252/156/164 259/433/179
f 252/156/164 45/189/482 260/431/487 259/433/179
f 260/432/487 48/201/485 257/168/176 259/171/179
s 23
f 239/174/182 42/177/488 262/176/489 261/528/183
s 45
f 262/526/490 50/354/491 181/87/492 261/175/493
f 181/87/492 49/86/494 263/172/495 261/175/493
s off
f 243/178/496 43/450/497 265/216/498 264/527/499
s 28
f 265/513/226 51/215/225 182/355/500 264/179/501
s off
f 182/355/502 50/354/503 262/526/504 264/179/505
s 24
f 267/182/190 57/368/506 268/369/507 266/525/191
s 46
f 268/514/508 59/370/509 269/371/510 266/183/511
f 269/371/510 60/372/512 270/180/513 266/183/511
s off
f 248/186/514 41/479/515 263/524/516 271/523/517
f 263/172/518 49/86/519 184/85/520 271/187/521
s 47
f 184/85/522 52/211/523 272/184/524 271/187/525
s 25
f 251/190/198 46/193/526 274/192/527 273/522/199
s 48
f 274/520/528 54/356/529 189/95/530 273/191/531
f 189/95/530 53/94/532 275/188/533 273/191/531
s off
f 255/194/534 47/437/535 277/230/536 276/521/537
s 30
f 277/507/242 55/229/241 190/357/538 276/195/539
s off
f 190/357/540 54/356/541 274/520/542 276/195/543
s 26
f 279/198/206 61/373/544 280/374/545 278/519/207
s 49
f 280/508/546 63/375/547 281/376/548 278/199/549
f 281/376/548 64/377/550 282/196/551 278/199/549
s off
f 260/202/552 45/478/553 275/518/554 283/517/555
f 275/188/556 53/94/557 192/93/558 283/203/559
s 50
f 192/93/560 56/225/561 284/200/562 283/203/563
s 27
f 246/206/214 44/448/564 286/208/565 285/207/215
s 51
f 286/208/566 57/368/567 267/182/568 285/207/569
f 267/182/568 58/181/570 287/204/571 285/207/569
s 47
f 272/184/524 52/211/523 289/210/572 288/515/573
s off
f 289/210/574 59/370/575 268/514/576 288/515/577
f 268/369/578 57/368/579 286/208/580 288/209/581
s 10
f 183/212/222 51/215/395 291/214/582 290/213/223
s 52
f 291/214/583 60/372/584 269/371/585 290/213/586
f 269/371/585 59/370/587 289/210/588 290/213/586
s off
f 265/216/589 43/450/590 287/204/591 292/512/592
f 287/204/593 58/181/594 270/511/595 292/512/596
f 270/180/597 60/372/598 291/214/599 292/217/600
s 29
f 258/220/230 48/435/601 294/222/602 293/221/231
s 53
f 294/222/603 61/373/604 279/198/605 293/221/606
f 279/198/605 62/197/607 295/218/608 293/221/606
s 50
f 284/200/562 56/225/561 297/224/609 296/509/610
s off
f 297/224/611 63/375/612 280/508/613 296/509/614
f 280/374/615 61/373/616 294/222/617 296/223/618
s 12
f 191/226/238 55/229/398 299/228/619 298/227/239
s 54
f 299/228/620 64/377/621 281/376/622 298/227/623
f 281/376/622 63/375/624 297/224/625 298/227/623
s off
f 277/230/626 47/437/627 295/218/628 300/506/629
f 295/218/630 62/197/631 282/505/632 300/506/633
f 282/196/634 64/377/635 299/228/636 300/231/637
s 3
f 198/234/246 24/237/249 302/236/248 301/429/247
f 302/236/248 65/262/274 303/259/271 301/429/247
f 303/422/271 66/258/270 304/232/244 301/235/247
f 155/238/250 20/241/253 306/240/252 305/239/251
f 306/240/252 67/266/278 307/263/275 305/239/251
f 307/263/275 65/262/274 302/236/248 305/239/251
f 143/242/254 16/245/257 309/244/256 308/427/255
f 309/244/256 68/270/282 310/267/279 308/427/255
f 310/420/279 67/266/278 306/240/252 308/243/255
f 131/246/258 12/233/245 304/232/244 311/247/259
f 304/232/244 66/258/270 312/271/283 311/247/259
f 312/271/283 68/270/282 309/244/256 311/247/259
f 208/249/261 9/26/26 314/251/263 313/425/262
f 314/251/263 70/278/290 315/275/287 313/425/262
f 315/418/287 69/274/286 316/248/260 313/250/262
f 126/25/25 13/38/38 318/253/265 317/252/264
f 318/253/265 71/282/294 319/279/291 317/252/264
f 319/279/291 70/278/290 314/251/263 317/252/264
f 136/37/37 17/50/50 321/255/267 320/423/266
f 321/255/267 72/286/298 322/283/295 320/423/266
f 322/416/295 71/282/294 318/253/265 320/254/266
f 149/49/49 21/62/62 316/248/260 323/256/268
f 316/248/260 69/274/286 324/287/299 323/256/268
f 324/287/299 72/286/298 321/255/267 323/256/268
f 303/259/271 65/262/274 326/261/273 325/421/272
f 326/261/273 73/497/638 199/498/639 325/421/272
f 199/499/639 74/500/640 327/257/269 325/260/272
f 307/263/275 67/266/278 329/265/277 328/264/276
f 329/265/277 75/495/641 200/496/642 328/264/276
f 200/496/642 73/497/638 326/261/273 328/264/276
f 310/267/279 68/270/282 331/269/281 330/419/280
f 331/269/281 76/492/643 201/493/644 330/419/280
f 201/494/644 75/495/641 329/265/277 330/268/280
f 312/271/283 66/258/270 327/257/269 332/272/284
f 327/257/269 74/500/640 202/491/645 332/272/284
f 202/491/645 76/492/643 331/269/281 332/272/284
f 315/275/287 70/278/290 334/277/289 333/417/288
f 334/277/289 78/490/646 209/488/647 333/417/288
f 209/489/647 77/482/648 335/273/285 333/276/288
f 319/279/291 71/282/294 337/281/293 336/280/292
f 337/281/293 79/487/649 210/486/650 336/280/292
f 210/486/650 78/490/646 334/277/289 336/280/292
f 322/283/295 72/286/298 339/285/297 338/415/296
f 339/285/297 80/485/651 211/483/652 338/415/296
f 211/484/652 79/487/649 337/281/293 338/284/296
f 324/287/299 69/274/286 335/273/285 340/288/300
f 335/273/285 77/482/648 212/481/653 340/288/300
f 212/481/653 80/485/651 339/285/297 340/288/300
s off
f 129/291/654 15/46/655 342/293/656 341/292/657
s 3
f 342/293/658 82/305/319 343/302/316 341/292/659
f 343/302/316 81/301/315 344/289/660 341/292/659
f 145/45/45 19/471/58 346/295/308 345/411/307
f 346/295/308 83/309/323 347/306/320 345/411/661
f 347/406/320 82/305/319 342/293/658 345/294/661
f 151/55/309 18/475/54 349/297/311 348/296/310
f 349/297/311 84/313/327 350/310/324 348/296/310
f 350/310/324 83/309/323 346/295/308 348/296/310
f 134/298/312 14/480/662 344/289/663 351/407/313
f 344/289/660 81/301/315 352/314/328 351/407/664
f 352/403/328 84/313/327 349/297/311 351/299/664
f 343/302/316 82/305/319 354/304/318 353/303/317
f 354/304/318 86/345/371 138/43/43 353/303/317
f 138/43/43 85/42/42 355/300/314 353/303/317
f 347/306/320 83/309/323 357/308/322 356/405/321
f 357/308/322 87/347/373 139/404/372 356/405/321
f 139/346/372 86/345/371 354/304/318 356/307/321
f 350/310/324 84/313/327 359/312/326 358/311/325
f 359/312/326 88/349/375 140/348/374 358/311/325
f 140/348/374 87/347/373 357/308/322 358/311/325
f 352/314/328 81/301/315 355/300/314 360/402/329
f 355/300/314 85/42/42 141/401/41 360/402/329
f 141/41/41 88/349/375 359/312/326 360/315/329
f 205/317/331 89/342/356 362/341/355 361/399/332
f 362/341/355 5/14/14 207/398/114 361/399/332
f 207/113/114 25/112/113 363/316/330 361/318/332
f 159/319/333 26/322/336 365/321/335 364/320/334
f 365/321/335 91/78/78 168/75/75 364/320/334
f 168/75/75 90/74/74 363/316/330 364/320/334
f 163/323/337 27/326/340 367/325/339 366/324/338
f 367/325/339 92/82/82 173/79/79 366/324/338
f 173/79/79 91/78/78 365/321/335 366/324/338
f 166/327/341 28/351/377 369/394/665 368/328/342
f 369/394/665 93/352/387 177/83/83 368/328/342
f 177/83/83 92/82/82 367/325/339 368/328/342
f 195/331/345 93/352/387 369/394/665 370/396/346
f 369/394/665 28/351/377 197/395/103 370/396/346
f 197/103/103 8/102/102 371/329/343 370/332/346
f 109/335/349 94/330/344 371/329/343 372/336/350
f 371/329/343 8/102/102 120/23/23 372/336/350
f 120/23/23 7/22/22 373/333/347 372/336/350
f 105/339/353 95/334/348 373/333/347 374/340/354
f 373/333/347 7/22/22 116/19/19 374/340/354
f 116/19/19 6/18/18 375/337/351 374/340/354
f 100/343/357 96/338/352 375/337/351 376/344/358
f 375/337/351 6/18/18 111/15/15 376/344/358
f 111/15/15 5/14/14 362/341/355 376/344/358
s 55
f 202/385/666 74/380/667 377/106/668 378/105/669
s off
f 74/380/670 199/379/671 379/107/672 377/106/673
f 199/379/674 73/378/675 381/358/676 379/107/677
s 56
f 73/378/678 200/504/679 382/503/680 381/358/681
f 200/382/679 75/381/682 383/360/683 382/359/680
s off
f 75/381/684 201/384/685 384/361/686 383/360/687
f 201/384/688 76/383/689 385/362/690 384/361/691
s 55
f 76/383/692 202/385/666 378/105/669 385/362/693
s 57
f 212/393/694 77/388/695 387/116/696 386/501/697
s off
f 77/388/698 209/387/699 388/117/700 387/116/701
f 209/387/702 78/386/703 390/363/704 388/117/705
s 58
f 78/386/706 210/390/707 391/364/708 390/363/709
f 210/390/707 79/389/710 392/365/711 391/364/708
s off
f 79/389/712 211/392/713 393/366/714 392/365/715
f 211/392/716 80/391/717 394/367/718 393/366/719
s 57
f 80/391/720 212/502/694 386/115/697 394/367/721
