# This file uses centimeters as units for non-parametric coordinates.

mtllib roll_frame16.mtl
g default
v -12.239258 34.196426 59.564281
v -5.654133 33.795818 72.088799
v 0.376043 28.933897 82.290810
v 3.464834 23.237633 94.893669
v 0.427235 26.420128 48.189831
v 10.169761 31.715183 58.503208
v 18.915140 26.189581 73.485291
v 20.267271 13.870048 82.301949
v 22.856531 17.373653 42.709015
v 22.780025 24.856525 48.207691
v 31.373219 21.722263 60.366352
v 36.526199 10.342965 62.007996
v 23.676634 21.071283 33.810738
v 39.221176 20.932941 37.858707
v 46.114525 19.096245 46.580364
v 46.078197 12.869084 60.853458
v 20.218790 11.263092 33.147228
v 39.625233 10.146545 32.589535
v 48.380859 7.250664 44.598663
v 47.673172 5.332369 63.574581
v 21.641949 10.166138 40.876461
v 24.444485 2.243786 41.214893
v 33.049431 -0.884688 53.369431
v 37.387402 3.803509 62.362511
v -5.274193 15.064955 47.244507
v -0.566180 7.172376 57.557297
v 6.693844 2.788249 70.107765
v 14.498049 2.211017 81.304169
v -20.687750 37.135612 64.654472
v -12.129145 38.054752 75.128357
v -5.486608 34.148682 84.922890
v -5.559685 26.529449 96.919502
v -0.941679 63.800293 51.981560
v 3.650756 63.550545 58.091324
v 11.470581 58.603558 52.265762
v 6.846198 59.049839 46.217228
v 21.211100 52.462067 93.569916
v 21.265284 50.190666 101.037544
v 30.487411 42.781643 98.965347
v 30.424967 45.079159 91.511009
v -19.652832 78.095131 68.314667
v -16.782766 74.797386 73.868324
v -8.123845 80.853096 74.941055
v -10.750532 84.481972 69.130203
v 7.080465 74.758736 104.482811
v 6.422085 73.235222 111.666389
v 17.476377 75.818657 113.231697
v 18.124485 76.546448 105.844109
v -23.197384 81.985909 70.928040
v -20.318211 77.171043 77.590576
v -7.154584 84.871315 80.878983
v -11.241704 90.432846 71.443748
v 4.909641 79.604515 104.154152
v 4.107435 78.609909 112.966606
v 18.645493 81.373222 115.768951
v 19.698027 82.082741 104.088837
v 3.650925 96.034355 69.617348
v 7.260181 92.742195 77.522972
v 1.806029 98.446732 71.461639
v 5.416209 95.154579 79.368889
v 35.501480 83.707603 106.630547
v 34.668453 83.447876 115.880013
v 33.931732 86.885925 106.607269
v 33.061062 86.624763 115.853111
v 38.387257 31.083111 72.309875
v 38.812187 33.355251 61.341457
v 49.071247 29.560944 72.095573
v 49.255463 31.576454 61.389019
v 1.230119 31.409662 46.476524
v 10.682960 32.328640 43.109234
v 6.723453 29.670271 33.556576
v -1.943274 26.951975 37.152050
v 43.295776 58.046444 76.664970
v 44.263592 60.031723 67.145340
v 46.977226 57.256977 76.874664
v 47.945190 59.242264 67.355057
v 6.063735 58.627937 34.113964
v 15.249130 56.238434 31.785849
v 14.057196 54.882092 28.475273
v 4.871800 57.271591 30.803391
v 40.273613 28.881582 32.810257
v 51.669777 24.698254 41.708328
v 56.146568 10.606431 34.551781
v 40.344463 17.050350 21.946867
v 56.818401 40.030529 24.329954
v 66.887573 33.498627 33.095230
v 70.676834 22.176178 19.716139
v 61.078068 28.402924 11.360361
v -11.413815 34.295639 59.960873
v -19.665522 28.256475 61.604134
v -15.295319 22.853537 72.425911
v -9.948805 18.259750 81.836906
v -3.717415 15.881290 93.099770
v 4.943105 22.387974 92.353096
v 3.586939 30.306965 81.928078
v -2.746631 35.110390 69.635353
v -8.727822 33.584122 65.014549
v -8.198709 33.887047 64.082092
v -5.204379 34.290039 71.396889
v -6.963608 34.898422 63.880711
v -13.179844 33.496502 60.688656
v -2.038030 33.323872 77.416405
v -2.141760 32.782768 77.574005
v 0.705226 29.602215 83.061111
v 0.618477 33.628155 75.883240
v 2.663073 25.167177 88.728271
v 3.527851 24.972120 89.343781
v 2.570723 22.476660 94.044655
v 5.145675 26.066473 87.701004
v 11.245474 24.277918 46.848274
v 4.741225 29.868294 52.135151
v 14.564096 26.521839 52.782394
v 20.881708 22.137814 43.125072
v 9.303211 20.499195 43.900978
v 18.876478 24.564718 61.030293
v 14.885104 29.708080 66.072830
v 24.751627 21.837393 67.932533
v 27.232101 22.101875 53.892334
v 27.202662 16.059929 71.517822
v 20.457052 19.905230 79.097565
v 27.839689 10.284833 73.245956
v 34.893467 16.310072 63.726120
v 28.815491 23.504801 38.615692
v 33.760731 24.361298 41.533119
v 33.160660 23.287954 32.142372
v 23.000252 20.957172 39.398869
v 36.916058 22.940512 47.275261
v 41.262974 21.620951 52.205780
v 42.818596 22.074915 41.141262
v 42.464333 18.231340 57.884876
v 40.370712 12.467264 61.065075
v 49.368980 17.484388 55.068089
v 34.079967 17.741615 28.751139
v 40.754307 16.128090 33.952183
v 31.086727 11.017374 27.832352
v 22.149982 16.135441 32.613346
v 66.160500 37.977188 24.667944
v 61.810841 37.069202 28.988022
v 70.726425 30.027596 27.964520
v 66.560303 24.188879 13.933589
v 58.528164 37.952621 17.359350
v 51.984062 11.790783 53.404957
v 47.532734 8.856821 61.653248
v 51.578594 4.890022 54.328724
v 49.141533 14.380012 43.586689
v 27.908699 7.070127 33.078457
v 34.650841 5.639833 34.897194
v 21.440884 4.585803 37.746140
v 19.240879 9.776394 38.631168
v 38.953156 4.069247 40.997860
v 45.639706 9.069739 35.587353
v 43.315521 2.507132 47.093384
v 28.669973 0.663118 47.321926
v 44.623257 1.473229 55.271347
v 42.238338 4.344839 65.358215
v 36.670555 -1.213078 58.833214
v 8.985481 4.567723 43.590218
v 12.173604 1.508440 48.879623
v -4.051297 10.473027 51.458248
v 7.487326 8.836884 41.878788
v 16.244534 -0.472944 54.999260
v 20.117069 -2.032882 61.255070
v 3.091614 4.698745 63.780827
v 24.062284 -2.919191 66.732582
v 26.470095 -1.392963 70.692635
v 10.548258 1.208899 76.462204
v -20.151747 30.387121 69.227531
v -18.730822 25.413311 66.603531
v -16.670620 27.586672 74.874222
v -19.459908 36.094742 70.232948
v -21.392027 32.432541 64.110313
v -13.531927 25.422455 79.194122
v -12.254787 19.997501 76.835884
v -11.379626 23.354244 83.941055
v -12.824760 31.093801 80.502869
v -9.230139 22.080502 90.416046
v -7.416276 16.535629 88.270935
v -6.179859 21.091274 95.431580
v -8.157446 28.467234 91.863914
v -16.571659 82.856621 75.112411
v -23.823849 78.186142 74.039085
v -14.719501 79.772690 79.464989
v -9.144141 87.641495 76.246979
v -18.633886 86.041794 70.409981
v -0.276284 32.839043 76.551392
v 8.060480 38.112717 85.404938
v -3.140096 45.553356 68.479370
v 10.754770 80.002716 109.215469
v 2.206099 78.619316 108.301025
v 10.155597 79.603928 115.041260
v 19.193960 81.646538 109.916046
v 11.205189 80.736496 103.472366
v -1.672592 21.388046 96.101700
v -1.097528 24.609762 97.239655
v 0.909927 18.420740 94.101807
v 27.063494 3.627604 73.522026
v 18.193628 7.144352 83.445267
v 34.621174 7.261951 63.350620
v 43.038895 59.228336 71.730324
v 44.698029 57.531746 77.679199
v 47.540863 58.262920 71.986755
v 45.881630 59.959511 66.037865
v -18.357584 33.391708 61.290573
v -17.431721 36.093903 61.047985
v -16.612495 31.526060 59.471119
v 7.045708 14.632116 42.711113
v -3.596151 21.114717 45.903236
v 21.267990 14.741451 45.065903
v 11.027887 57.677975 33.595940
v 15.915401 55.387619 30.148222
v 9.570296 56.019333 29.547508
v 4.682784 58.309689 32.995224
v -10.013336 52.118782 64.280197
v -5.625615 51.540970 66.372223
v 0.709569 64.011353 55.709412
v -10.746636 52.066994 58.711700
v -0.595619 47.969788 64.797737
v 2.686139 44.739746 59.947872
v 8.748557 61.012089 56.128620
v 1.099339 42.919979 55.654221
v -2.470295 44.913792 52.190434
v 10.840774 57.590748 48.168732
v -7.417560 48.450989 54.442291
v 2.588843 61.576565 48.025513
v 5.559605 42.242611 94.804543
v 7.859482 40.185741 99.333458
v 20.428699 52.023983 97.331909
v 7.682984 42.822304 90.256920
v 12.261918 35.483826 99.149452
v 16.949629 31.632711 96.644852
v 26.256462 45.998512 100.936722
v 17.485598 31.091331 91.279694
v 16.817585 34.210060 87.548645
v 32.131912 42.543530 94.669960
v 12.155593 38.907944 87.234970
v 26.128065 49.018177 91.209839
v -8.672351 64.457237 62.889626
v -4.829093 65.077278 65.319542
v -19.797438 75.200523 71.058662
v -9.618435 66.806313 58.861610
v -0.309494 69.733284 64.973732
v 2.733382 74.732208 62.228966
v -12.375132 77.234711 75.068535
v 1.439683 77.434875 58.769730
v -2.005255 76.500130 55.703270
v -6.669319 84.251396 72.651962
v -6.624802 72.083595 56.293232
v -16.212734 81.823166 67.437286
v 12.017663 59.297607 100.735527
v 13.672284 57.757542 104.886070
v 4.842356 73.552475 107.781891
v 14.377800 61.418133 97.395447
v 19.486132 59.365799 107.648849
v 25.599434 61.747902 108.102997
v 11.445939 74.273117 113.634132
v 27.594320 64.432793 104.926430
v 26.289751 65.213463 100.588593
v 20.910528 76.736206 109.824074
v 20.435087 64.007500 97.864960
v 12.309757 75.964470 104.164558
v -22.411753 76.398262 72.324532
v -18.879995 75.504234 75.826462
v -21.899687 80.135162 69.158554
v -13.369841 78.157188 77.600548
v -5.832627 83.047279 79.134109
v 6.928550 95.945465 73.541885
v 5.961533 93.732780 73.064934
v 4.635915 98.029320 68.522758
v 3.106327 97.466225 75.919197
v 9.221184 93.861610 78.561012
v -17.434622 84.304260 68.514565
v -9.893056 88.713852 69.719276
v 2.877790 75.916855 108.046814
v 4.772714 75.835609 112.717690
v 5.576297 77.033089 103.955307
v 10.837275 76.923973 114.877380
v 19.574358 78.806709 115.698723
v 36.842022 84.780571 111.459473
v 35.516075 82.694794 111.261269
v 37.375908 84.960281 105.587868
v 33.064377 87.615372 111.223198
v 36.306641 84.629425 117.332085
v 11.886902 78.274757 103.371719
v 20.610390 79.526756 104.026939
v -0.026100 88.707268 73.478081
v -1.932053 90.775185 69.170929
v 1.878193 86.588097 77.782639
v -3.554580 92.828804 70.058334
v -4.988609 94.697464 71.581253
v -2.810225 92.378395 76.481728
v -0.638837 89.990776 81.378326
v 0.775735 88.105888 79.828957
v 28.538445 79.233887 110.506569
v 28.955469 79.417130 105.317734
v 28.123857 79.055481 115.693176
v 27.957361 81.890762 104.638840
v 26.831953 84.445702 104.642670
v 26.287001 84.208382 110.505928
v 25.751614 83.977509 116.362930
v 26.932713 81.446358 116.371559
v 36.739689 20.746954 65.729370
v 38.432014 19.847668 69.921066
v 36.949715 32.493801 66.800919
v 37.709927 21.460239 61.444645
v 42.575539 19.324217 70.524292
v 47.268547 19.039303 69.138382
v 43.302036 30.091579 73.484367
v 47.538849 19.743059 64.904617
v 46.520279 20.779400 60.768940
v 49.820175 30.462194 66.707123
v 41.683304 21.304935 60.281612
v 43.677784 32.755272 60.182980
v 12.764675 24.706995 45.299042
v 14.869521 27.620134 42.429340
v 6.322789 32.912323 46.134769
v 9.923717 21.003496 45.656998
v 14.226848 27.305407 38.315205
v 12.454582 25.529055 34.207066
v 9.910604 31.073729 38.381424
v 9.905139 21.971468 35.046825
v 7.626827 18.749134 37.227596
v 1.892370 28.613022 34.606403
v 8.290665 19.175747 42.147236
v -1.150813 28.785757 42.651394
v 37.738907 41.978844 68.050865
v 38.940449 40.564365 73.169235
v 39.927620 42.638046 63.261284
v 42.982052 39.489204 74.407936
v 48.489510 38.593491 73.624466
v 49.396736 39.523167 68.657585
v 49.465279 40.614948 63.775574
v 44.172924 42.002998 62.314903
v 8.627125 41.860729 42.937603
v 12.830360 40.092762 40.169353
v 3.047418 42.181702 42.818489
v 12.531843 38.315434 36.188095
v 9.505993 36.639431 31.666451
v 4.355974 37.474495 32.681889
v -0.486147 38.307144 34.541527
v 0.455838 40.579689 39.569542
v 41.475281 26.906227 42.307102
v 49.246246 19.438379 42.096764
v 45.320068 29.043020 38.901581
v 40.500568 20.931332 34.069458
v 51.551304 15.695811 42.316307
v 50.730389 11.181541 38.842491
v 55.953281 17.044985 39.685181
v 46.993256 9.891515 32.228302
v 41.986931 12.833304 30.658381
v 48.387070 12.851005 27.848240
v 39.332047 17.967928 31.056070
v 38.298561 23.434685 25.910038
v 55.603794 35.141975 34.448170
v 64.475616 29.177755 38.293709
v 49.893166 38.637436 25.599598
v 66.937065 21.769934 32.589581
v 66.134537 15.658322 26.143829
v 59.011139 18.647264 18.476126
v 51.687515 25.030149 13.567612
v 50.241829 32.600182 18.056284
v -9.219152 26.974936 52.187096
v -4.049661 31.637964 53.686626
v -12.209307 21.596397 53.876118
v -11.578359 17.357214 58.485065
v -8.684439 14.613273 64.818642
v -5.311335 11.829845 70.262115
v -2.665026 9.929852 76.338982
v 0.892089 7.714069 82.536781
v 4.981079 8.068880 87.332993
v 9.684454 12.323795 88.752708
v 13.259178 18.311417 87.160667
v 14.266607 22.867031 82.815804
v 12.671709 26.884840 78.020050
v 9.415716 29.661757 69.718063
v 4.595801 33.116608 62.548779
v 0.926735 33.139500 57.195511
v 46.781250 73.530312 69.731880
v 48.597229 73.438820 68.534439
v 45.812210 72.582100 74.724228
v 48.006500 72.111557 74.849213
v 45.731598 71.377487 80.054848
v 47.313633 70.806183 81.158173
v 49.874870 70.488991 80.290848
v 50.488796 71.579239 74.990608
v 50.924522 72.641815 69.967880
v 6.086634 71.000427 27.326910
v 7.604018 71.368172 28.595318
v 12.870810 70.205711 27.710588
v 12.176902 69.416084 25.783264
v 17.564569 68.777016 26.070730
v 18.267168 67.831749 24.239635
v 16.223108 67.250511 22.344847
v 11.356684 68.482727 23.505135
v 6.262560 69.841675 24.869446
vt 0.208431 0.494797
vt 0.208575 0.478116
vt 0.229443 0.475893
vt 0.229271 0.493426
vt 0.252729 0.492198
vt 0.256170 0.471571
vt 0.275357 0.475888
vt 0.275429 0.493819
vt 0.298111 0.492176
vt 0.294163 0.471736
vt 0.321331 0.475953
vt 0.321541 0.493432
vt 0.198757 0.641525
vt 0.200055 0.589825
vt 0.221664 0.590600
vt 0.219751 0.640956
vt 0.244967 0.639373
vt 0.247968 0.591507
vt 0.275466 0.591669
vt 0.275481 0.635804
vt 0.305994 0.639365
vt 0.302966 0.591494
vt 0.329276 0.590573
vt 0.331197 0.640955
vt 0.199789 0.728809
vt 0.197393 0.704590
vt 0.219517 0.692482
vt 0.227784 0.730211
vt 0.252859 0.733034
vt 0.249003 0.687406
vt 0.275511 0.688085
vt 0.275516 0.730408
vt 0.298175 0.733010
vt 0.302021 0.687396
vt 0.331536 0.692451
vt 0.323246 0.730162
vt 0.805511 0.686057
vt 0.204711 0.752714
vt 0.229559 0.760254
vt 0.782889 0.696424
vt 0.784986 0.875584
vt 0.254181 0.941082
vt 0.275435 0.940431
vt 0.742298 0.896742
vt 0.699334 0.736241
vt 0.297037 0.807427
vt 0.321459 0.760204
vt 0.696358 0.696343
vt 0.808954 0.641287
vt 0.805193 0.664541
vt 0.784300 0.671779
vt 0.785729 0.644267
vt 0.763331 0.647822
vt 0.762442 0.673765
vt 0.742276 0.741120
vt 0.739609 0.647377
vt 0.715889 0.647774
vt 0.716786 0.673709
vt 0.694936 0.671695
vt 0.693494 0.644181
vt 0.806875 0.557726
vt 0.810121 0.617205
vt 0.790367 0.607046
vt 0.787575 0.557696
vt 0.763367 0.556090
vt 0.764746 0.603486
vt 0.739627 0.603152
vt 0.739688 0.556093
vt 0.716014 0.556064
vt 0.714496 0.603455
vt 0.688836 0.606971
vt 0.691820 0.557642
vt 0.803405 0.420481
vt 0.802841 0.435733
vt 0.782960 0.432290
vt 0.783371 0.416064
vt 0.759505 0.410786
vt 0.759570 0.428509
vt 0.739756 0.426992
vt 0.739743 0.409699
vt 0.720007 0.410786
vt 0.719946 0.428500
vt 0.696571 0.432245
vt 0.696182 0.416016
vt 0.819305 0.093413
vt 0.797386 0.086157
vt 0.790779 0.072322
vt 0.822344 0.073237
vt 0.265809 0.416173
vt 0.762697 0.377789
vt 0.739788 0.389948
vt 0.275377 0.462947
vt 0.364323 0.097210
vt 0.342669 0.089884
vt 0.336664 0.075169
vt 0.367299 0.076188
vt 0.342559 0.494848
vt 0.342402 0.478170
vt 0.366070 0.480227
vt 0.366198 0.495669
vt 0.352247 0.641476
vt 0.350872 0.589816
vt 0.374237 0.588973
vt 0.374011 0.638442
vt 0.936729 0.462892
vt 0.940585 0.464321
vt 0.946953 0.476690
vt 0.936605 0.482861
vt 0.804780 0.405462
vt 0.824266 0.410023
vt 0.823186 0.423812
vt 0.805355 0.509178
vt 0.825584 0.509339
vt 0.825621 0.554997
vt 0.118742 0.522844
vt 0.058006 0.517789
vt 0.074507 0.510871
vt 0.084702 0.516921
vt 0.822269 0.350445
vt 0.784755 0.399833
vt 0.805305 0.347137
vt 0.793942 0.336256
vt 0.777469 0.322538
vt 0.236211 0.409364
vt 0.220899 0.415267
vt 0.203041 0.415110
vt 0.182178 0.419746
vt 0.685950 0.336155
vt 0.717407 0.377787
vt 0.694840 0.399772
vt 0.674409 0.347030
vt 0.657366 0.350391
vt 0.674734 0.405426
vt 0.637625 0.358046
vt 0.347747 0.415166
vt 0.329799 0.415381
vt 0.314324 0.409429
vt 0.706215 0.336018
vt 0.292514 0.404556
vt 0.870618 0.237836
vt 0.844433 0.293934
vt 0.832214 0.287148
vt 0.858351 0.228645
vt 0.844944 0.223065
vt 0.821107 0.280742
vt 0.243727 0.342391
vt 0.826584 0.212775
vt 0.214622 0.282882
vt 0.224361 0.346790
vt 0.210147 0.349538
vt 0.199596 0.284960
vt 0.184434 0.288656
vt 0.194986 0.352422
vt 0.864110 0.304875
vt 0.163133 0.290367
vt 0.634803 0.222910
vt 0.658751 0.280554
vt 0.647480 0.287052
vt 0.621343 0.228556
vt 0.609012 0.237734
vt 0.635143 0.293889
vt 0.375465 0.356065
vt 0.590820 0.249121
vt 0.366326 0.288752
vt 0.355651 0.352469
vt 0.340563 0.349608
vt 0.351134 0.285011
vt 0.336042 0.282967
vt 0.326383 0.346874
vt 0.678330 0.268182
vt 0.315081 0.275917
vt 0.789900 0.091626
vt 0.894734 0.181072
vt 0.223763 0.023658
vt 0.779683 0.072008
vt 0.205625 0.023651
vt 0.212375 0.030485
vt 0.208733 0.046428
vt 0.818124 0.043214
vt 0.919973 0.054113
vt 0.218394 0.124576
vt 0.231547 0.124829
vt 0.925982 0.076298
vt 0.853028 0.105343
vt 0.173602 0.224408
vt 0.245023 0.044913
vt 0.815784 0.102925
vt 0.335499 0.095534
vt 0.609223 0.166963
vt 0.147562 0.023794
vt 0.325939 0.074804
vt 0.129108 0.019171
vt 0.133886 0.026698
vt 0.125138 0.040618
vt 0.363323 0.044920
vt 0.461211 0.056389
vt 0.114656 0.083148
vt 0.128082 0.110700
vt 0.466974 0.079440
vt 0.396801 0.109583
vt 0.345740 0.218419
vt 0.158805 0.046562
vt 0.361009 0.107136
vt 0.212264 0.093809
vt 0.204982 0.218327
vt 0.226791 0.056935
vt 0.229179 0.093286
vt 0.246067 0.092223
vt 0.255137 0.092099
vt 0.884191 0.095549
vt 0.853655 0.095653
vt 0.854753 0.074189
vt 0.884265 0.075061
vt 0.885799 0.054616
vt 0.855335 0.052709
vt 0.203340 0.068369
vt 0.888472 0.044995
vt 0.116537 0.064410
vt 0.377147 0.224500
vt 0.136900 0.057215
vt 0.135301 0.068971
vt 0.159593 0.072808
vt 0.169578 0.075371
vt 0.426769 0.099419
vt 0.397393 0.099512
vt 0.398467 0.077209
vt 0.426850 0.078134
vt 0.428347 0.056895
vt 0.399054 0.054890
vt 0.111199 0.052142
vt 0.430928 0.046902
vt 0.398347 0.732496
vt 0.353774 0.704759
vt 0.655189 0.607952
vt 0.404645 0.715309
vt 0.625247 0.642548
vt 0.669008 0.617360
vt 0.670290 0.641156
vt 0.629866 0.657272
vt 0.633967 0.675274
vt 0.674058 0.664432
vt 0.345812 0.774768
vt 0.637449 0.692485
vt 0.387906 0.765553
vt 0.346295 0.752641
vt 0.351218 0.728717
vt 0.392980 0.747350
vt 0.854032 0.642643
vt 0.181252 0.694641
vt 0.859345 0.625630
vt 0.152631 0.732602
vt 0.157999 0.747449
vt 0.163074 0.765647
vt 0.167481 0.783084
vt 0.845329 0.675366
vt 0.849419 0.657366
vt 0.462802 0.754848
vt 0.433121 0.744888
vt 0.586158 0.633072
vt 0.469035 0.736153
vt 0.562716 0.661102
vt 0.591598 0.653084
vt 0.596668 0.669873
vt 0.567525 0.676181
vt 0.573571 0.695803
vt 0.602326 0.689166
vt 0.414557 0.801264
vt 0.575415 0.714705
vt 0.450039 0.789809
vt 0.420413 0.781867
vt 0.427222 0.762131
vt 0.457315 0.770152
vt 0.916571 0.661069
vt 0.887682 0.653104
vt 0.112049 0.724515
vt 0.922852 0.642462
vt 0.088177 0.754903
vt 0.117860 0.744959
vt 0.123753 0.762207
vt 0.093657 0.770210
vt 0.100926 0.789871
vt 0.130556 0.781946
vt 0.872833 0.708772
vt 0.104321 0.808576
vt 0.905760 0.695791
vt 0.876995 0.689207
vt 0.882631 0.669903
vt 0.911782 0.676158
vt 0.245118 0.820265
vt 0.256063 0.761423
vt 0.275458 0.816348
vt 0.275456 0.817082
vt 0.305796 0.819611
vt 0.322444 0.827635
vt 0.716707 0.746651
vt 0.742277 0.751635
vt 0.767846 0.746640
vt 0.232576 0.815700
vt 0.789238 0.746868
vt 0.242805 0.909093
vt 0.242913 0.847487
vt 0.275453 0.850080
vt 0.275444 0.899369
vt 0.308078 0.909112
vt 0.307992 0.847504
vt 0.685718 0.768892
vt 0.335635 0.923345
vt 0.710517 0.826756
vt 0.709025 0.772272
vt 0.742280 0.767854
vt 0.742288 0.823907
vt 0.774059 0.826743
vt 0.775535 0.772258
vt 0.216918 0.852154
vt 0.800161 0.835727
vt 0.803587 0.472219
vt 0.184266 0.511368
vt 0.823748 0.473030
vt 0.786007 0.508646
vt 0.783967 0.470951
vt 0.760849 0.468488
vt 0.762764 0.507838
vt 0.739729 0.507585
vt 0.739749 0.469813
vt 0.718652 0.468468
vt 0.716699 0.507812
vt 0.693463 0.508589
vt 0.695538 0.470900
vt 0.347089 0.550471
vt 0.343449 0.511536
vt 0.656251 0.437958
vt 0.370672 0.549455
vt 0.305626 0.550928
vt 0.300328 0.509969
vt 0.323635 0.511057
vt 0.326613 0.553291
vt 0.245263 0.550946
vt 0.250519 0.509979
vt 0.275426 0.509223
vt 0.275447 0.553833
vt 0.203857 0.550446
vt 0.207534 0.511493
vt 0.227207 0.511082
vt 0.224277 0.553331
vt 0.296688 0.941095
vt 0.317831 0.963343
vt 0.722395 0.859395
vt 0.742293 0.859091
vt 0.762190 0.859387
vt 0.672412 0.557619
vt 0.673996 0.509116
vt 0.676597 0.435714
vt 0.676064 0.420456
vt 0.798456 0.058765
vt 0.820876 0.052919
vt 0.343747 0.061021
vt 0.365907 0.055032
vt 0.963235 0.483911
vt 0.902883 0.489040
vt 0.909072 0.482168
vt 0.925033 0.475729
vt 0.931354 0.463643
vt 0.080884 0.498420
vt 0.084741 0.496992
vt 0.090126 0.497750
vt 0.096539 0.509638
vt 0.112499 0.516024
vt 0.245369 0.109349
vt 0.249130 0.116712
vt 0.914174 0.091435
vt 0.914507 0.075957
vt 0.915392 0.060496
vt 0.143488 0.116794
vt 0.145270 0.126440
vt 0.455609 0.095160
vt 0.455938 0.079081
vt 0.456800 0.063019
vt 0.982240 0.434188
vt 0.963585 0.427947
vt 0.946509 0.423110
vt 0.890921 0.433118
vt 0.882130 0.436526
vt 0.926679 0.423006
vt 0.909612 0.427375
vt 0.937930 0.422313
vt 0.075163 0.457134
vt 0.058225 0.461798
vt 0.039557 0.467684
vt 0.094859 0.456979
vt 0.083682 0.456346
vt 0.130564 0.466891
vt 0.111877 0.461251
vt 0.033116 0.470128
vt 0.675805 0.472192
vt 0.653419 0.509254
vt 0.655248 0.472962
vt 0.367019 0.511392
vt 0.176921 0.588998
vt 0.180547 0.549455
vt 0.822760 0.437993
vt 0.233028 0.963316
vt 0.215241 0.923308
vt 0.798841 0.768868
vt 0.699605 0.875602
vt 0.684417 0.835751
vt 0.333987 0.852188
vt 0.228471 0.827609
vt 0.254212 0.785439
vt 0.759269 0.697501
vt 0.785216 0.736222
vt 0.695315 0.746888
vt 0.719972 0.697428
vt 0.296799 0.785396
vt 0.318344 0.815723
vt 0.903939 0.714697
vt 0.136407 0.801345
vt 0.081951 0.736203
vt 0.893090 0.633076
vt 0.446638 0.808511
vt 0.606509 0.708725
vt 0.556410 0.642507
vt 0.438944 0.724452
vt 0.841861 0.692578
vt 0.205190 0.774839
vt 0.146366 0.715395
vt 0.823906 0.608060
vt 0.383498 0.782992
vt 0.673752 0.685953
vt 0.619881 0.625562
vt 0.369876 0.694574
vt 0.624476 0.158216
vt 0.327082 0.211968
vt 0.653476 0.212425
vt 0.306569 0.342322
vt 0.153133 0.050558
vt 0.361352 0.222428
vt 0.125968 0.045756
vt 0.396618 0.225899
vt 0.569871 0.190223
vt 0.388031 0.290471
vt 0.615162 0.304972
vt 0.596954 0.173816
vt 0.584932 0.180968
vt 0.909456 0.190131
vt 0.154402 0.225852
vt 0.888489 0.249012
vt 0.175675 0.355943
vt 0.241882 0.047343
vt 0.189385 0.222364
vt 0.213528 0.046751
vt 0.223402 0.212053
vt 0.855547 0.158550
vt 0.235225 0.276013
vt 0.801766 0.268578
vt 0.882733 0.173912
vt 0.870470 0.167071
vt 0.702590 0.322102
vt 0.284431 0.416033
vt 0.369025 0.419829
vt 0.654789 0.409992
vt 0.841623 0.358035
vt 0.185243 0.480200
vt 0.257695 0.404697
vt 0.773758 0.336466
vt 0.177136 0.638471
vt 0.185108 0.495641
vt 0.653403 0.554919
vt 0.655840 0.423782
vt 0.740026 0.329135
vt 0.739609 0.679991
vt 0.717946 0.727940
vt 0.321543 0.784229
vt 0.275425 0.981496
vt 0.229466 0.784279
vt 0.766602 0.727930
vt 0.275513 0.766895
vt 0.294962 0.761394
vt 0.158494 0.031032
vt 0.235614 0.029385
vt 0.253884 0.807420
vt 0.968218 0.693073
vt 0.970279 0.686813
vt 0.964692 0.720144
vt 0.041234 0.817480
vt 0.965692 0.701614
vt 0.035620 0.790589
vt 0.038855 0.799577
vt 0.026837 0.766821
vt 0.976742 0.669618
vt 0.033170 0.783659
vt 0.515345 0.790561
vt 0.512107 0.799546
vt 0.509721 0.817448
vt 0.514670 0.720260
vt 0.513647 0.701731
vt 0.511110 0.693195
vt 0.509040 0.686939
vt 0.502555 0.669755
vt 0.524137 0.766797
vt 0.517798 0.783632
vt 0.052820 0.522857
vt 0.139366 0.470253
vt 0.968347 0.489050
vt 0.988625 0.436785
vt 0.108883 0.091107
vt 0.106409 0.062482
vt 0.399209 0.044805
vt 0.459518 0.102060
vt 0.428604 0.109556
vt 0.167704 0.057128
vt 0.215342 0.132259
vt 0.203222 0.094543
vt 0.855471 0.043005
vt 0.918242 0.098075
vt 0.886101 0.105305
vt 0.255511 0.067846
vt 0.169019 0.047690
vt 0.166893 0.025823
vt 0.125973 0.120002
vt 0.337008 0.054912
vt 0.115292 0.038211
vt 0.149847 0.015689
vt 0.254586 0.043904
vt 0.241676 0.021944
vt 0.231922 0.132778
vt 0.791425 0.052872
vt 0.199112 0.046316
vt 0.223332 0.014444
vn 0.256337 -0.928276 -0.269435
vn 0.256337 -0.928276 -0.269434
vn 0.216125 -0.944420 -0.247711
vn 0.123111 -0.972781 -0.196320
vn -0.766038 0.374280 0.522589
vn 0.767865 -0.592824 -0.242782
vn 0.561694 -0.556745 -0.611993
vn -0.577479 0.679745 0.452178
vn -0.931361 -0.266788 0.247771
vn 0.461201 -0.588924 -0.663673
vn 0.382537 -0.868874 -0.314203
vn -0.425126 -0.886717 -0.181659
vn -0.054990 0.302603 -0.951529
vn -0.113087 0.579195 -0.807307
vn 0.161534 0.816754 -0.553914
vn 0.062090 0.734623 -0.675629
vn 0.344611 0.903907 -0.253368
vn 0.409458 0.890784 -0.197098
vn 0.485282 0.874057 0.022944
vn 0.474379 0.879689 -0.033350
vn 0.586883 0.771395 0.246003
vn 0.580147 0.774837 0.251112
vn 0.708131 0.464236 0.532011
vn 0.738099 0.389778 0.550712
vn 0.255903 0.961465 -0.100497
vn 0.543663 0.735167 -0.404920
vn -0.167659 0.770705 -0.614740
vn -0.149317 0.968187 -0.200795
vn 0.127835 0.991706 -0.013288
vn 0.114945 0.992519 -0.041145
vn 0.183278 0.973298 0.138203
vn 0.177181 0.976378 0.123666
vn 0.280512 0.932337 0.228169
vn 0.303421 0.904959 0.298302
vn 0.598219 0.461604 0.655023
vn 0.362563 0.728165 0.581657
vn -0.296025 0.122212 -0.947330
vn -0.111283 0.652012 -0.749997
vn 0.122653 0.781613 -0.611585
vn 0.189378 0.303888 -0.933696
vn 0.133177 0.715163 -0.686152
vn -0.097703 0.995188 -0.007467
vn 0.239175 0.889301 0.389793
vn 0.680264 0.677344 -0.280083
vn 0.990169 0.134313 0.039066
vn 0.601884 0.798371 0.018434
vn 0.689512 0.672269 0.269493
vn 0.983757 0.179085 0.012266
vn -0.602269 -0.798250 0.008350
vn -0.505399 -0.484543 -0.713996
vn -0.045127 -0.274148 -0.960628
vn -0.160494 -0.795794 -0.583912
vn 0.147984 -0.853343 -0.499906
vn 0.297268 -0.587856 -0.752367
vn 0.356454 -0.810260 -0.465210
vn 0.219005 -0.899036 -0.379171
vn 0.311463 -0.900913 -0.302237
vn 0.713984 -0.624336 -0.316908
vn 0.836871 -0.547356 -0.006984
vn 0.349587 -0.936862 0.008911
vn -0.358369 -0.080297 -0.930121
vn -0.514055 -0.076339 -0.854353
vn -0.272757 -0.666516 -0.693801
vn -0.452111 -0.701816 -0.550500
vn -0.317452 -0.925430 -0.206890
vn -0.044776 -0.935230 -0.351197
vn 0.020546 -0.962482 -0.270566
vn -0.239268 -0.961505 -0.135125
vn -0.194366 -0.976857 -0.089290
vn 0.068976 -0.974436 -0.213816
vn 0.247162 -0.964094 0.097128
vn 0.003005 -0.991726 0.128337
vn -0.952282 -0.227667 -0.203289
vn -0.859318 -0.279223 -0.428493
vn -0.823603 -0.566922 0.016679
vn -0.901053 -0.386539 0.196703
vn -0.848132 -0.405490 0.340955
vn -0.777033 -0.607322 0.165470
vn -0.776526 -0.611278 0.152793
vn -0.868548 -0.373304 0.325989
vn -0.897458 -0.359709 0.255300
vn -0.776744 -0.611143 0.152228
vn -0.700808 -0.658458 0.274412
vn -0.837702 -0.428458 0.338644
vn -0.480021 0.622683 0.617937
vn -0.479282 0.608727 0.632250
vn -0.481782 0.603715 0.635149
vn -0.488010 0.613790 0.620571
vn 0.568605 0.310060 0.761939
vn -0.035011 0.531686 0.846218
vn -0.467197 0.612314 0.637808
vn 0.298416 0.950393 0.087750
vn -0.175000 0.979783 0.096953
vn -0.167707 0.978910 0.116660
vn -0.170113 0.981484 0.088043
vn -0.181766 0.980707 0.071933
vn 0.368471 -0.520285 0.770411
vn 0.368471 -0.520285 0.770411
vn 0.368471 -0.520285 0.770411
vn 0.368471 -0.520285 0.770411
vn 0.775603 0.035688 0.630212
vn 0.695311 0.093652 0.712581
vn 0.516578 -0.325333 0.792026
vn 0.671573 -0.282885 0.684811
vn 0.192638 0.956505 0.219063
vn 0.192637 0.956505 0.219063
vn 0.192637 0.956506 0.219063
vn 0.192638 0.956505 0.219063
vn -0.701445 0.182469 -0.688970
vn -0.701445 0.182469 -0.688970
vn -0.701445 0.182469 -0.688970
vn -0.701445 0.182469 -0.688970
vn -0.644911 -0.290301 -0.706976
vn -0.386960 0.240627 -0.890147
vn -0.149438 0.178474 -0.972530
vn 0.128974 0.900468 -0.415359
vn 0.128974 0.900468 -0.415360
vn 0.128974 0.900468 -0.415360
vn 0.128974 0.900468 -0.415359
vn -0.745178 0.643691 0.174273
vn -0.797182 0.572707 0.191069
vn -0.651782 0.604082 0.458547
vn -0.607364 0.651070 0.455211
vn 0.418407 0.319657 0.850150
vn 0.425754 0.303000 0.852599
vn 0.856333 -0.447692 0.257421
vn 0.560018 -0.769536 -0.306910
vn 0.576468 -0.715279 -0.395045
vn -0.438107 -0.124581 -0.890248
vn -0.422236 -0.176652 -0.889107
vn -0.422236 -0.176652 -0.889107
vn -0.435150 -0.134643 -0.890234
vn -0.615538 0.787447 0.032252
vn -0.658665 0.741274 0.129122
vn -0.669589 0.642243 0.373060
vn -0.641125 0.703403 0.306893
vn -0.068589 -0.089934 0.993583
vn -0.080412 -0.087235 0.992937
vn -0.080412 -0.087235 0.992937
vn -0.067734 -0.090129 0.993624
vn 0.542730 -0.836481 0.075791
vn 0.473715 -0.877894 -0.069965
vn 0.448492 -0.800115 -0.398335
vn 0.539223 -0.781087 -0.314868
vn 0.403315 -0.323259 -0.856061
vn 0.082161 0.532882 -0.842191
vn 0.237416 0.126264 -0.963167
vn -0.726956 -0.341367 -0.595821
vn -0.656421 -0.398082 -0.640813
vn -0.174799 -0.983925 -0.036577
vn -0.497055 -0.864298 0.076981
vn 0.075949 -0.764166 0.640532
vn 0.209261 -0.803410 0.557442
vn 0.728471 -0.019718 0.684793
vn 0.528894 -0.321991 0.785234
vn 0.874590 0.218365 0.432907
vn 0.889564 0.456774 -0.005786
vn 0.680588 0.580908 -0.446481
vn 0.635559 0.720459 -0.277496
vn 0.041958 0.688623 -0.723905
vn 0.364492 0.578064 -0.730061
vn -0.341644 0.330599 -0.879763
vn -0.492593 0.337965 -0.801955
vn -0.460362 0.121334 -0.879400
vn -0.301745 0.176347 -0.936938
vn -0.736676 -0.606789 -0.298523
vn -0.861396 -0.450658 -0.234317
vn -0.560941 -0.620329 0.548212
vn -0.473888 -0.689040 0.548319
vn 0.045957 -0.438575 0.897519
vn -0.075718 -0.440906 0.894354
vn 0.519019 -0.173060 0.837060
vn 0.802272 -0.094928 0.589363
vn 0.981477 0.181123 0.062432
vn 0.945612 0.282863 0.160641
vn 0.639209 0.501815 -0.582746
vn 0.819780 0.374016 -0.433674
vn 0.306508 0.454841 -0.836165
vn 0.118205 0.464983 -0.877393
vn -0.602209 -0.497093 -0.624694
vn -0.602209 -0.497093 -0.624694
vn -0.493590 -0.833384 -0.248677
vn -0.529610 -0.777592 -0.338917
vn 0.276958 -0.826241 0.490531
vn 0.276958 -0.826241 0.490531
vn 0.276958 -0.826241 0.490531
vn 0.276958 -0.826241 0.490531
vn 0.763860 -0.470260 -0.442011
vn 0.763860 -0.470260 -0.442011
vn 0.732623 -0.441562 -0.517964
vn 0.732599 -0.441540 -0.518017
vn 0.082495 0.244312 -0.966181
vn 0.082495 0.244312 -0.966181
vn 0.082495 0.244312 -0.966181
vn 0.082495 0.244312 -0.966181
vn -0.634386 -0.507389 -0.583190
vn -0.634386 -0.507389 -0.583190
vn -0.766975 -0.624522 -0.147382
vn -0.767829 -0.625387 -0.139030
vn -0.227228 -0.470316 0.852743
vn -0.227228 -0.470316 0.852743
vn -0.227228 -0.470316 0.852743
vn -0.227228 -0.470316 0.852743
vn 0.699871 -0.701866 0.132529
vn 0.699871 -0.701866 0.132529
vn 0.710586 -0.702230 0.044056
vn 0.710506 -0.702254 0.044952
vn 0.198293 -0.494738 -0.846117
vn 0.198293 -0.494738 -0.846117
vn 0.198293 -0.494738 -0.846117
vn 0.198293 -0.494738 -0.846117
vn 0.516740 -0.638915 -0.569884
vn 0.516740 -0.638915 -0.569884
vn 0.503489 -0.649739 -0.569507
vn 0.504928 -0.648579 -0.569555
vn -0.121899 0.212887 -0.969443
vn -0.121899 0.212887 -0.969443
vn -0.121899 0.212887 -0.969443
vn -0.121899 0.212887 -0.969443
vn -0.490798 0.662912 0.565389
vn -0.485107 0.645841 0.589543
vn -0.499554 0.633743 0.590607
vn -0.506478 0.648313 0.568481
vn 0.309050 -0.493866 0.812763
vn 0.279999 -0.549349 0.787284
vn 0.277459 -0.553970 0.784942
vn 0.309050 -0.493866 0.812763
vn 0.297565 -0.954632 0.011523
vn 0.297565 -0.954632 0.011523
vn 0.288711 -0.956963 -0.029459
vn 0.288605 -0.956980 -0.029934
vn 0.131446 -0.441965 -0.887350
vn 0.131446 -0.441965 -0.887350
vn 0.131446 -0.441965 -0.887350
vn 0.131446 -0.441965 -0.887350
vn -0.328800 0.944072 0.024887
vn -0.251742 0.966167 0.056104
vn -0.259045 0.965029 0.040179
vn -0.335611 0.941849 0.016908
vn -0.072094 -0.041882 0.996518
vn -0.073791 -0.056013 0.995700
vn -0.073662 -0.054935 0.995769
vn -0.072094 -0.041882 0.996518
vn -0.702313 0.054958 -0.709743
vn 0.466793 0.312497 0.827315
vn -0.804949 -0.123497 0.580349
vn -0.990640 -0.007301 0.136307
vn -0.579669 -0.225521 0.783023
vn 0.237982 -0.619464 0.748083
vn 0.073097 -0.578580 0.812343
vn -0.013945 -0.317983 0.947994
vn 0.664703 -0.285379 0.690455
vn 0.606178 -0.532845 0.590444
vn 0.955592 0.100700 0.276954
vn 0.989315 -0.109290 -0.096496
vn 0.560713 -0.084643 -0.823672
vn 0.907661 0.410159 0.089004
vn 0.658320 0.586670 -0.471628
vn -0.068732 -0.014522 -0.997530
vn -0.303173 -0.453677 0.838011
vn 0.076752 -0.119467 0.989867
vn 0.238021 0.082360 0.967762
vn 0.650099 0.585825 0.483921
vn 0.595838 0.785130 -0.168961
vn 0.219267 0.415769 -0.882643
vn -0.237584 -0.175515 -0.955379
vn -0.614300 -0.677699 -0.404178
vn -0.591745 -0.728821 0.344467
vn -0.728187 0.279178 -0.625942
vn -0.685497 0.130015 -0.716373
vn -0.998254 0.056080 -0.018526
vn -0.975465 0.215454 -0.045247
vn -0.830009 0.067453 0.553657
vn -0.728205 -0.085111 0.680054
vn -0.000948 -0.192514 0.981294
vn -0.064473 -0.131994 0.989152
vn 0.755764 -0.050458 0.652897
vn 0.716466 -0.190617 0.671075
vn 0.995161 -0.097713 -0.010293
vn 0.993976 0.053166 0.095837
vn 0.856040 0.150278 -0.494582
vn 0.712079 0.007460 -0.702060
vn 0.021933 0.111054 -0.993572
vn 0.090308 0.223897 -0.970420
vn -0.351816 0.437574 0.827499
vn -0.508142 -0.010771 0.861206
vn 0.204350 0.187596 0.960754
vn 0.307910 0.368410 0.877192
vn 0.818062 0.103963 0.565656
vn 0.797121 0.230380 0.558142
vn 0.922022 0.096891 -0.374818
vn 0.921443 -0.297878 -0.249423
vn 0.299020 -0.284842 -0.910742
vn 0.205189 -0.155034 -0.966365
vn -0.328773 -0.245885 -0.911838
vn -0.294991 -0.107226 -0.949465
vn -0.838239 0.066429 -0.541241
vn -0.884564 -0.404143 -0.232842
vn -0.875470 -0.277140 0.395911
vn -0.933073 0.267833 0.240082
vn -0.947055 0.143481 0.287227
vn -0.947055 0.143481 0.287227
vn -0.947055 0.143481 0.287227
vn -0.947055 0.143481 0.287227
vn 0.677843 0.194783 0.708935
vn 0.677843 0.194783 0.708935
vn 0.814895 -0.029199 0.578872
vn 0.549689 -0.813790 0.188646
vn 0.357048 -0.867617 -0.346061
vn 0.061387 -0.938160 -0.340718
vn -0.547640 -0.726995 -0.414209
vn 0.355073 0.283198 -0.890911
vn -0.991020 -0.069194 -0.114417
vn -0.547786 0.835673 -0.039777
vn -0.748663 0.661224 0.047817
vn -0.290744 0.690568 0.662256
vn -0.096337 0.765393 0.636312
vn 0.456895 0.203135 0.866016
vn 0.217674 0.276447 0.936053
vn 0.546746 -0.368678 0.751761
vn 0.752020 -0.337521 0.566167
vn 0.563478 -0.823480 -0.066140
vn 0.399729 -0.916051 0.032676
vn -0.008322 -0.855816 -0.517213
vn 0.061921 -0.790283 -0.609605
vn -0.365692 -0.225040 -0.903120
vn -0.529480 -0.418046 -0.738166
vn -0.856081 0.300615 -0.420425
vn -0.604049 0.489644 -0.628787
vn -0.799313 -0.241656 -0.550182
vn -0.552663 0.348986 -0.756817
vn -0.502168 0.383508 -0.775080
vn -0.645423 -0.713699 -0.272146
vn -0.761147 -0.637923 -0.117088
vn -0.695258 -0.717092 0.048935
vn -0.552755 -0.830938 -0.063280
vn -0.495944 -0.868321 -0.007638
vn -0.667817 -0.741276 0.067311
vn -0.641918 -0.761992 0.085497
vn -0.448044 -0.893766 0.020934
vn -0.315844 -0.931685 0.179459
vn -0.534506 -0.813508 0.229146
vn 0.583383 0.205699 0.785718
vn 0.529206 0.244582 0.812478
vn 0.272682 -0.353636 0.894755
vn 0.350843 -0.306904 0.884714
vn 0.448752 0.823647 0.346737
vn 0.397670 0.851451 0.341893
vn 0.450643 0.706435 0.545775
vn 0.567511 0.609745 0.553301
vn 0.260043 0.965431 -0.017934
vn 0.212742 0.976059 0.045284
vn 0.355572 0.917400 0.178735
vn 0.350057 0.919988 0.176303
vn -0.137466 0.782557 -0.607212
vn -0.223058 0.842929 -0.489608
vn 0.002776 0.991387 -0.130935
vn 0.108345 0.944049 -0.311502
vn -0.196391 0.959897 0.200070
vn -0.359357 0.905666 0.225014
vn -0.309659 0.910761 -0.273176
vn -0.870176 0.063968 0.488571
vn 0.039106 0.834971 0.548903
vn 0.010770 0.927821 0.372871
vn 0.518751 -0.794356 -0.316064
vn 0.518751 -0.794356 -0.316064
vn 0.478598 0.079132 0.874461
vn 0.084225 0.816822 0.570709
vn 0.415123 0.853420 -0.315192
vn 0.320043 0.947154 -0.021725
vn 0.618205 0.533443 0.577289
vn 0.983130 0.176804 0.046861
vn 0.901663 -0.260758 -0.344976
vn 0.609718 -0.112751 -0.784558
vn 0.218166 0.194442 -0.956345
vn 0.401927 -0.733598 0.547987
vn 0.092503 -0.798605 0.594705
vn -0.780808 0.203224 0.590795
vn -0.782543 0.149760 0.604317
vn -0.783457 0.149591 0.603174
vn -0.964083 0.092213 0.249079
vn -0.964083 0.092213 0.249079
vn -0.863648 0.291229 0.411458
vn -0.441524 0.878776 -0.181136
vn -0.692962 0.180673 0.697969
vn -0.864635 0.238358 0.442257
vn -0.332757 -0.679042 0.654351
vn -0.543844 -0.527688 0.652518
vn -0.871802 0.003193 0.489849
vn -0.871802 0.003193 0.489849
vn -0.932247 0.259659 0.251978
vn -0.931958 0.245715 0.266607
vn -0.484723 0.597738 0.638555
vn -0.498013 0.604663 0.621584
vn -0.512760 0.622145 0.591619
vn -0.172355 0.983227 0.059649
vn -0.189358 0.980841 0.045770
vn -0.266593 0.963513 0.023872
vn -0.153397 -0.267293 0.951327
vn -0.153397 -0.267293 0.951328
vn -0.153397 -0.267293 0.951328
vn -0.153397 -0.267293 0.951328
vn 0.104037 -0.426004 0.898720
vn 0.770626 -0.120163 0.625857
vn 0.192635 0.956505 0.219066
vn 0.192635 0.956505 0.219066
vn 0.192638 0.956505 0.219065
vn 0.192638 0.956505 0.219065
vn 0.192640 0.956504 0.219065
vn 0.192640 0.956504 0.219065
vn 0.192639 0.956505 0.219064
vn 0.192639 0.956505 0.219064
vn -0.232288 -0.250219 -0.939911
vn -0.232288 -0.250219 -0.939911
vn -0.232288 -0.250219 -0.939911
vn -0.232288 -0.250219 -0.939911
vn -0.630043 0.241611 -0.738017
vn 0.024065 0.159583 -0.986891
vn 0.128973 0.900468 -0.415360
vn 0.128973 0.900468 -0.415360
vn 0.128973 0.900468 -0.415360
vn 0.128973 0.900468 -0.415360
vn 0.128973 0.900468 -0.415359
vn 0.128973 0.900468 -0.415359
vn 0.128974 0.900468 -0.415358
vn 0.128974 0.900468 -0.415358
vn -0.465623 0.583368 0.665490
vn -0.396818 0.636602 0.661267
vn -0.295250 0.703112 0.646885
vn -0.531802 0.741166 0.409708
vn -0.692558 0.703904 0.157742
vn 0.802689 -0.067303 0.592588
vn 0.770234 -0.140973 0.621986
vn 0.770234 -0.140973 0.621986
vn 0.449017 0.247211 0.858645
vn 0.449017 0.247211 0.858645
vn 0.340698 -0.765556 -0.545755
vn 0.321190 -0.658768 -0.680340
vn 0.298629 -0.558971 -0.773545
vn 0.614246 -0.626333 -0.480009
vn 0.830536 -0.556063 -0.031687
vn -0.695209 0.189546 -0.693366
vn -0.695209 0.189546 -0.693366
vn -0.692591 0.184292 -0.697391
vn -0.692157 0.183427 -0.698050
vn -0.689643 0.178449 -0.701818
vn -0.689643 0.178449 -0.701818
vn -0.448966 -0.085994 -0.889401
vn -0.448966 -0.085994 -0.889401
vn -0.644741 0.530342 0.550497
vn -0.597097 0.595695 0.537237
vn -0.540913 0.662025 0.518784
vn -0.574485 0.783931 0.235412
vn -0.549467 0.830610 -0.090407
vn 0.203200 -0.448450 0.870404
vn 0.203200 -0.448450 0.870404
vn 0.177395 -0.405557 0.896691
vn 0.182359 -0.413836 0.891900
vn 0.159866 -0.376223 0.912633
vn 0.159866 -0.376223 0.912633
vn -0.057413 -0.092472 0.994059
vn -0.057413 -0.092472 0.994059
vn 0.576507 -0.522913 -0.627855
vn 0.646366 -0.729663 -0.223166
vn 0.588944 -0.783999 0.196190
vn -0.112136 0.575684 -0.809947
vn -0.113620 0.554098 -0.824661
vn -0.117769 0.483961 -0.867129
vn -0.117769 0.483961 -0.867129
vn 0.186290 0.123849 -0.974658
vn 0.186290 0.123849 -0.974658
vn -0.025855 -0.693695 0.719804
vn -0.681252 -0.730154 0.052640
vn -0.766162 -0.134385 -0.628440
vn 0.724235 -0.052414 0.687559
vn 0.432959 -0.391715 0.811853
vn -0.097793 0.803560 -0.587135
vn 0.647640 0.760310 0.049917
vn -0.511675 0.397495 -0.761700
vn -0.538988 -0.540342 0.646160
vn -0.913717 -0.387185 -0.123323
vn -0.534335 0.148511 -0.832124
vn 0.303115 -0.187693 0.934287
vn -0.101201 -0.413373 0.904920
vn 0.439372 0.606625 -0.662539
vn 0.863932 0.402696 0.302419
vn 0.010155 0.470391 -0.882399
vn -0.301510 -0.946097 0.118285
vn -0.301510 -0.946097 0.118285
vn -0.539345 -0.775487 0.328217
vn -0.539345 -0.775488 0.328217
vn -0.815693 -0.574251 -0.069867
vn -0.805544 -0.590694 -0.046684
vn -0.870090 -0.231138 -0.435338
vn -0.870090 -0.231138 -0.435338
vn 0.543475 -0.796685 0.264440
vn 0.543475 -0.796685 0.264440
vn 0.543475 -0.796685 0.264440
vn 0.543475 -0.796685 0.264440
vn 0.249986 -0.601789 0.758523
vn 0.249986 -0.601789 0.758523
vn 0.098232 -0.699302 0.708044
vn 0.098232 -0.699302 0.708044
vn 0.098232 -0.699302 0.708044
vn 0.098232 -0.699302 0.708044
vn 0.695682 -0.409386 -0.590279
vn 0.695682 -0.409386 -0.590279
vn 0.384418 0.911078 0.148859
vn 0.384418 0.911078 0.148859
vn 0.402347 0.895830 0.188695
vn 0.402348 0.895829 0.188696
vn 0.419409 0.878670 0.228112
vn 0.419409 0.878670 0.228112
vn -0.326166 0.146588 -0.933878
vn -0.326166 0.146588 -0.933878
vn -0.326166 0.146588 -0.933878
vn -0.326166 0.146588 -0.933878
vn -0.490656 0.431653 -0.756923
vn -0.490656 0.431653 -0.756923
vn -0.490656 0.431653 -0.756923
vn -0.490656 0.431653 -0.756923
vn -0.245719 0.608818 -0.754296
vn -0.271817 0.561027 -0.781898
vn -0.272990 0.558784 -0.783094
vn -0.245720 0.608818 -0.754296
vn -0.741968 -0.612418 0.272816
vn -0.741968 -0.612418 0.272816
vn -0.897232 -0.252319 0.362368
vn -0.897232 -0.252319 0.362368
vn -0.966770 -0.232435 -0.106442
vn -0.967145 -0.232885 -0.101953
vn -0.807304 -0.155976 -0.569150
vn -0.807304 -0.155976 -0.569150
vn 0.108272 -0.566231 0.817104
vn 0.108272 -0.566231 0.817104
vn 0.108272 -0.566231 0.817104
vn 0.108272 -0.566231 0.817104
vn -0.075157 -0.067465 0.994887
vn -0.075157 -0.067465 0.994887
vn -0.303937 -0.146307 0.941391
vn -0.303937 -0.146307 0.941391
vn -0.303937 -0.146307 0.941391
vn -0.303937 -0.146307 0.941391
vn 0.715631 -0.697105 -0.043770
vn 0.715631 -0.697106 -0.043770
vn 0.552388 0.833042 0.030138
vn 0.552388 0.833042 0.030138
vn 0.548161 0.833043 0.074565
vn 0.548205 0.833050 0.074150
vn 0.542922 0.831418 0.118233
vn 0.542922 0.831418 0.118233
vn -0.015034 -0.282544 -0.959137
vn -0.015034 -0.282544 -0.959137
vn -0.015034 -0.282544 -0.959137
vn -0.015034 -0.282544 -0.959137
vn -0.105581 0.030858 -0.993932
vn -0.105581 0.030858 -0.993932
vn -0.105581 0.030858 -0.993932
vn -0.105581 0.030858 -0.993932
vn 0.065586 0.053114 -0.996432
vn 0.066362 0.047070 -0.996685
vn 0.066481 0.046139 -0.996720
vn 0.065586 0.053114 -0.996432
vn 0.490676 -0.659915 -0.568990
vn 0.490676 -0.659915 -0.568990
vn 0.524216 -0.587767 -0.616220
vn 0.524216 -0.587767 -0.616220
vn 0.571632 -0.622101 -0.535002
vn 0.571573 -0.622060 -0.535112
vn 0.611057 -0.648742 -0.453589
vn 0.611057 -0.648742 -0.453589
vn -0.302147 0.500179 -0.811498
vn -0.302147 0.500179 -0.811498
vn -0.421991 0.577278 -0.699052
vn -0.421991 0.577278 -0.699052
vn -0.421991 0.577278 -0.699052
vn -0.421991 0.577278 -0.699052
vn -0.035837 -0.056702 -0.997748
vn -0.035837 -0.056702 -0.997748
vn -0.035837 -0.056702 -0.997748
vn -0.035837 -0.056702 -0.997748
vn -0.519955 0.635336 0.570959
vn -0.437060 0.662898 0.607902
vn -0.437060 0.662898 0.607902
vn -0.467347 0.706740 0.531136
vn -0.466641 0.705721 0.533108
vn -0.494423 0.745655 0.446705
vn -0.494423 0.745655 0.446705
vn 0.439610 -0.806232 0.395895
vn 0.439610 -0.806232 0.395895
vn 0.439610 -0.806232 0.395895
vn 0.439610 -0.806232 0.395895
vn 0.622882 -0.671741 0.400977
vn 0.622882 -0.671741 0.400977
vn 0.622882 -0.671741 0.400977
vn 0.622882 -0.671741 0.400977
vn 0.327023 -0.154441 0.932311
vn 0.327023 -0.154441 0.932311
vn 0.327023 -0.154441 0.932311
vn 0.327023 -0.154441 0.932311
vn 0.279102 -0.957601 -0.071433
vn 0.279102 -0.957601 -0.071433
vn 0.505152 -0.858941 -0.083918
vn 0.505152 -0.858941 -0.083918
vn 0.501540 -0.865001 0.015199
vn 0.501591 -0.864986 0.014367
vn 0.492992 -0.862531 0.114013
vn 0.492992 -0.862531 0.114013
vn 0.067310 0.039658 -0.996944
vn 0.067310 0.039658 -0.996944
vn 0.071349 0.290668 -0.954160
vn 0.071349 0.290668 -0.954160
vn 0.071349 0.290668 -0.954160
vn 0.071349 0.290668 -0.954160
vn 0.328446 -0.458700 -0.825662
vn 0.328446 -0.458700 -0.825662
vn 0.328446 -0.458700 -0.825662
vn 0.328446 -0.458700 -0.825662
vn -0.342538 0.939463 0.008744
vn -0.394457 0.914853 0.086297
vn -0.394457 0.914853 0.086297
vn -0.384405 0.923157 -0.003675
vn -0.384464 0.923135 -0.003222
vn -0.371210 0.923838 -0.093415
vn -0.371210 0.923838 -0.093415
vn 0.015303 -0.506656 0.862012
vn 0.015303 -0.506656 0.862012
vn 0.015303 -0.506656 0.862012
vn 0.015303 -0.506656 0.862012
vn 0.187565 -0.520315 0.833122
vn 0.187565 -0.520315 0.833122
vn 0.187565 -0.520315 0.833122
vn 0.187565 -0.520315 0.833122
vn -0.102602 0.218579 0.970410
vn -0.102602 0.218579 0.970410
vn -0.102602 0.218579 0.970410
vn -0.102602 0.218579 0.970410
vn -0.848939 0.117643 0.515231
vn -0.959815 0.277387 -0.042575
vn -0.740609 0.320090 -0.590797
vn 0.748311 -0.059224 0.660698
vn -0.098797 -0.147559 0.984106
vn 0.857867 0.153924 -0.490276
vn 0.991166 0.069202 0.113144
vn 0.080943 0.224365 -0.971138
vn 0.799734 0.180409 0.572607
vn 0.325512 0.421629 0.846328
vn -0.248499 0.496694 0.831591
vn 0.318999 -0.249936 -0.914206
vn 0.940823 -0.239750 -0.239526
vn -0.763678 0.086024 -0.639840
vn -0.277826 -0.093254 -0.956094
vn -0.912337 0.329909 0.242491
vn 0.085349 0.516789 0.851848
vn 0.085349 0.516789 0.851848
vn 0.085349 0.516789 0.851848
vn 0.085349 0.516789 0.851848
vn 0.257744 0.201319 0.945007
vn -0.498558 0.496117 0.710850
vn -0.953307 0.168181 0.250840
vn 0.465227 -0.279330 0.839963
vn -0.998576 -0.052917 0.006790
vn -0.998576 -0.052917 0.006790
vn -0.975489 -0.210370 0.064545
vn -0.147047 -0.741583 0.654547
vn 0.090283 0.162060 -0.982642
vn -0.530435 0.255211 -0.808398
vn -0.530435 0.255211 -0.808398
vn 0.091119 0.161883 -0.982594
vn -0.957772 0.225731 -0.178099
vn -0.957772 0.225731 -0.178099
vn -0.957772 0.225731 -0.178099
vn -0.957772 0.225731 -0.178099
vn -0.982337 0.177836 0.058212
vn -0.982337 0.177836 0.058212
vn -0.982337 0.177836 0.058212
vn -0.982337 0.177836 0.058212
vn -0.598268 -0.091918 0.796007
vn -0.105250 -0.233958 0.966533
vn -0.105215 -0.233966 0.966535
vn -0.598268 -0.091918 0.796007
vn 0.279351 -0.295738 0.913511
vn 0.279351 -0.295738 0.913511
vn 0.971123 -0.229550 0.065015
vn 0.971123 -0.229550 0.065015
vn 0.971123 -0.229550 0.065015
vn 0.971123 -0.229550 0.065015
vn 0.973889 -0.223928 0.037379
vn 0.973889 -0.223928 0.037379
vn 0.973889 -0.223928 0.037379
vn 0.973889 -0.223928 0.037379
vn 0.541416 0.044880 -0.839556
vn 0.541416 0.044880 -0.839556
vn -0.943595 0.215287 0.251555
vn -0.641252 0.369959 0.672255
vn -0.641252 0.369959 0.672255
vn -0.943606 0.215274 0.251524
vn 0.202251 0.380240 0.902503
vn 0.202251 0.380240 0.902503
vn 0.202251 0.380240 0.902503
vn 0.202251 0.380240 0.902503
vn 0.429646 0.319577 0.844556
vn 0.429646 0.319577 0.844556
vn 0.429646 0.319577 0.844556
vn 0.429646 0.319577 0.844556
vn 0.929760 -0.002402 0.368158
vn 0.933668 -0.282730 -0.219837
vn 0.933400 -0.283033 -0.220582
vn 0.929760 -0.002402 0.368158
vn 0.673598 -0.418294 -0.609341
vn 0.673598 -0.418294 -0.609341
vn -0.304682 -0.379702 -0.873496
vn -0.304682 -0.379702 -0.873496
vn -0.304682 -0.379702 -0.873496
vn -0.304682 -0.379702 -0.873496
vn -0.331300 -0.372649 -0.866818
vn -0.331300 -0.372649 -0.866818
vn -0.331300 -0.372649 -0.866818
vn -0.331300 -0.372649 -0.866818
vn -0.992436 0.060815 -0.106636
vn -0.992437 0.060815 -0.106636
s 1
g pCube1
usemtl pCube1SG
f 101/1/1 1/2/2 98/3/3 97/4/4
f 99/5/5 2/6/6 103/7/7 102/8/8
f 104/9/9 3/10/10 107/11/11 106/12/12
s 3
f 114/13/13 5/14/14 111/15/15 110/16/16
f 112/17/17 6/18/18 116/19/19 115/20/20
f 117/21/21 7/22/22 120/23/23 119/24/24
f 126/25/25 9/26/26 113/27/27 123/28/28
f 124/29/29 10/30/30 118/31/31 127/32/32
f 128/33/33 11/34/34 122/35/35 130/36/36
f 136/424/37 13/38/38 125/39/39 133/474/40
f 141/401/41 85/42/42 138/43/43 137/473/44
f 145/413/45 15/477/46 132/47/47 142/472/48
f 149/49/49 17/50/50 135/51/51 146/52/52
f 147/53/53 18/54/54 151/470/55 150/56/56
f 152/57/57 19/58/58 144/59/59 154/60/60
f 160/61/61 21/62/62 148/63/63 157/64/64
f 158/65/65 22/66/66 153/67/67 161/68/68
f 162/69/69 23/70/70 156/71/71 164/72/72
f 171/73/73 90/74/74 168/75/75 167/76/76
f 169/77/77 91/78/78 173/79/79 172/80/80
f 174/81/81 92/82/82 177/83/83 176/84/84
s 10
f 184/85/85 49/86/86 181/87/87 180/88/88
s 1
f 187/464/89 30/90/90 175/91/91 185/469/92
s 12
f 192/93/93 53/94/94 189/95/95 188/96/96
s off
f 108/97/97 4/98/98 194/99/99 193/100/100
s 3
f 121/101/101 8/102/102 197/103/103 196/104/104
s 13
f 378/105/105 377/106/106 379/107/107 380/108/108
s off
f 171/73/109 29/109/110 204/110/111 203/111/112
s 3
f 160/61/61 25/112/113 207/113/114 206/114/115
s 14
f 386/501/116 387/116/117 388/117/118 389/118/119
s 15
f 216/119/120 29/109/121 170/120/122 213/121/123
s 1
f 214/122/124 30/90/90 187/464/89 217/123/125
f 218/124/126 2/6/6 98/3/127 220/125/128
s 17
f 221/126/129 1/2/130 204/462/131 223/127/132
s 18
f 228/128/133 31/129/134 179/130/135 225/131/136
s 19
f 226/132/137 32/133/138 194/460/139 229/134/140
s 1
f 230/135/141 4/98/142 107/11/143 232/136/144
f 233/137/145 3/10/10 186/458/146 235/139/147
s 21
f 240/140/148 33/141/149 215/142/150 237/143/151
f 238/144/152 34/145/153 219/454/154 241/147/155
f 242/148/156 35/149/157 222/150/158 244/151/159
f 245/152/160 36/153/161 224/447/162 247/155/163
s 22
f 252/156/164 37/157/165 227/158/166 249/159/167
f 250/160/168 38/161/169 231/441/170 253/163/171
f 254/164/172 39/165/173 234/166/174 256/167/175
f 257/168/176 40/169/177 236/434/178 259/171/179
s 23
f 263/524/180 41/479/181 239/174/182 261/528/183
s off
f 262/176/184 42/177/185 243/178/186 264/527/187
s 24
f 270/511/188 58/181/189 267/182/190 266/525/191
s off
f 272/516/192 44/448/193 248/186/194 271/523/195
s 25
f 275/518/196 45/478/197 251/190/198 273/522/199
s off
f 274/192/200 46/193/201 255/194/202 276/521/203
s 26
f 282/505/204 62/197/205 279/198/206 278/519/207
s off
f 284/510/208 48/435/209 260/202/210 283/517/211
s 27
f 287/204/212 43/450/213 246/206/214 285/207/215
s off
f 286/208/216 44/448/217 272/516/218 288/209/219
s 10
f 289/210/220 52/211/221 183/212/222 290/213/223
s 28
f 291/214/224 51/215/225 265/513/226 292/217/227
s 29
f 295/218/228 47/437/229 258/220/230 293/221/231
s off
f 294/222/232 48/435/233 284/510/234 296/223/235
s 12
f 297/224/236 56/225/237 191/226/238 298/227/239
s 30
f 299/228/240 55/229/241 277/507/242 300/231/243
s 3
f 304/232/244 12/233/245 198/430/246 301/235/247
f 302/236/248 24/237/249 155/238/250 305/239/251
f 306/240/252 20/241/253 143/428/254 308/243/255
f 309/244/256 16/245/257 131/246/258 311/247/259
f 316/248/260 21/62/62 208/426/261 313/250/262
f 314/251/263 9/26/26 126/25/25 317/252/264
f 318/253/265 13/38/38 136/424/37 320/254/266
f 321/255/267 17/50/50 149/49/49 323/256/268
f 327/257/269 66/258/270 303/422/271 325/260/272
f 326/261/273 65/262/274 307/263/275 328/264/276
f 329/265/277 67/266/278 310/420/279 330/268/280
f 331/269/281 68/270/282 312/271/283 332/272/284
f 335/273/285 69/274/286 315/418/287 333/276/288
f 334/277/289 70/278/290 319/279/291 336/280/292
f 337/281/293 71/282/294 322/416/295 338/284/296
f 339/285/297 72/286/298 324/287/299 340/288/300
s off
f 344/289/301 14/480/302 129/291/303 341/292/304
s 3
f 342/293/305 15/46/306 145/414/45 345/294/307
f 346/295/308 19/471/58 151/55/309 348/296/310
f 349/297/311 18/475/54 134/410/312 351/299/313
f 355/300/314 81/301/315 343/302/316 353/303/317
f 354/304/318 82/305/319 347/406/320 356/307/321
f 357/308/322 83/309/323 350/310/324 358/311/325
f 359/312/326 84/313/327 352/403/328 360/315/329
f 363/316/330 90/74/74 205/400/331 361/318/332
f 363/316/330 25/112/113 159/319/333 364/320/334
f 365/321/335 26/322/336 163/323/337 366/324/338
f 367/325/339 27/326/340 166/327/341 368/328/342
f 371/329/343 94/330/344 195/397/345 370/332/346
f 373/333/347 95/334/348 109/335/349 372/336/350
f 375/337/351 96/338/352 105/339/353 374/340/354
f 362/341/355 89/342/356 100/343/357 376/344/358
s 1
f 98/3/3 2/6/6 99/5/5 97/4/4
s 3
f 99/5/359 96/338/352 100/343/357 97/4/360
f 100/343/357 89/342/356 101/1/361 97/4/360
s 1
f 103/7/7 3/10/10 104/9/9 102/8/362
s 3
f 104/9/363 95/334/348 105/339/353 102/8/364
f 105/339/353 96/338/352 99/5/359 102/8/364
s 1
f 107/11/11 4/98/365 108/97/366 106/12/12
s 3
f 108/97/367 94/330/344 109/335/349 106/12/368
f 109/335/349 95/334/348 104/9/363 106/12/368
f 111/15/15 6/18/18 112/17/17 110/16/16
f 112/17/17 10/30/30 113/27/27 110/16/16
f 113/27/27 9/26/26 114/13/13 110/16/16
f 116/19/19 7/22/22 117/21/21 115/20/20
f 117/21/21 11/34/34 118/31/31 115/20/20
f 118/31/31 10/30/30 112/17/17 115/20/20
f 120/23/23 8/102/102 121/101/101 119/24/24
f 121/101/101 12/233/245 122/35/35 119/24/24
f 122/35/35 11/34/34 117/21/21 119/24/24
f 113/27/27 10/30/30 124/29/29 123/28/28
f 124/29/29 14/290/369 125/39/39 123/28/28
f 125/39/39 13/38/38 126/25/25 123/28/28
f 118/31/31 11/34/34 128/33/33 127/32/32
f 128/33/33 15/477/46 129/476/370 127/32/32
f 129/476/370 14/290/369 124/29/29 127/32/32
f 122/35/35 12/233/245 131/246/258 130/36/36
f 131/246/258 16/245/257 132/47/47 130/36/36
f 132/47/47 15/477/46 128/33/33 130/36/36
f 125/39/39 14/290/369 134/408/312 133/474/40
f 134/409/312 18/54/54 135/51/51 133/40/40
f 135/51/51 17/50/50 136/37/37 133/40/40
f 138/43/43 86/345/371 139/346/372 137/473/44
f 139/404/372 87/347/373 140/348/374 137/44/44
f 140/348/374 88/349/375 141/41/41 137/44/44
f 132/47/47 16/245/257 143/242/254 142/472/48
f 143/428/254 20/241/253 144/59/59 142/48/48
f 144/59/59 19/58/58 145/412/45 142/48/48
f 135/51/51 18/54/54 147/53/53 146/52/52
f 147/53/53 22/66/66 148/63/63 146/52/52
f 148/63/63 21/62/62 149/49/49 146/52/52
f 151/470/55 19/58/58 152/57/57 150/56/56
f 152/57/57 23/70/70 153/67/67 150/56/56
f 153/67/67 22/66/66 147/53/53 150/56/56
f 144/59/59 20/241/253 155/238/250 154/60/60
f 155/238/250 24/237/249 156/71/71 154/60/60
f 156/71/71 23/70/70 152/57/57 154/60/60
f 148/63/63 22/66/66 158/65/65 157/64/64
f 158/65/65 26/322/336 159/319/333 157/64/64
f 159/319/333 25/112/113 160/61/61 157/64/64
f 153/67/67 23/70/70 162/69/69 161/68/68
f 162/69/69 27/326/340 163/323/337 161/68/68
f 163/323/337 26/322/336 158/65/65 161/68/68
f 156/71/71 24/237/249 165/350/376 164/72/72
f 165/350/376 28/351/377 166/327/341 164/72/72
f 166/327/341 27/326/340 162/69/69 164/72/72
f 168/75/75 91/78/78 169/77/77 167/76/76
s 1
f 169/77/378 30/90/90 170/120/379 167/76/380
f 170/120/379 29/109/381 171/73/382 167/76/380
s 3
f 173/79/79 92/82/82 174/81/81 172/80/80
s 1
f 174/81/383 31/129/384 175/91/91 172/80/385
f 175/91/91 30/90/90 169/77/378 172/80/386
s 3
f 177/83/83 93/352/387 178/353/388 176/84/84
s 1
f 178/353/389 32/133/390 179/130/391 176/84/392
f 179/130/391 31/129/384 174/81/383 176/84/392
s 10
f 181/87/87 50/354/393 182/355/394 180/88/88
f 182/355/394 51/215/395 183/212/222 180/88/88
f 183/212/222 52/211/221 184/85/85 180/88/88
s 1
f 175/91/91 31/129/384 186/138/146 185/469/92
f 186/458/146 3/10/10 103/7/7 185/92/92
f 103/7/7 2/6/6 187/89/89 185/92/92
s 12
f 189/95/95 54/356/396 190/357/397 188/96/96
f 190/357/397 55/229/398 191/226/238 188/96/96
f 191/226/238 56/225/237 192/93/93 188/96/96
s off
f 194/460/399 32/133/400 178/353/401 193/468/402
s 3
f 178/353/388 93/352/387 195/331/345 193/468/403
f 195/397/345 94/330/344 108/97/367 193/100/403
f 197/395/103 28/351/377 165/350/376 196/467/104
f 165/350/376 24/237/249 198/234/404 196/467/104
f 198/430/404 12/233/245 121/101/101 196/104/104
s 41
f 379/107/405 381/358/406 382/503/407 380/108/408
f 382/359/407 383/360/409 384/361/410 380/108/408
s 13
f 384/361/411 385/362/412 378/105/105 380/108/108
s off
f 204/462/413 1/2/414 101/1/415 203/466/416
s 3
f 101/1/361 89/342/356 205/317/331 203/466/417
f 205/400/331 90/74/74 171/73/73 203/111/417
f 207/398/114 5/14/14 114/13/13 206/465/115
f 114/13/13 9/26/26 208/249/418 206/465/115
f 208/426/418 21/62/62 160/61/61 206/114/115
s 42
f 388/117/419 390/363/420 391/364/421 389/118/422
f 391/364/421 392/365/423 393/366/424 389/118/422
s 14
f 393/366/425 394/367/426 386/115/116 389/118/119
s 15
f 170/120/122 30/90/427 214/122/428 213/121/123
f 214/122/428 34/145/429 215/142/430 213/121/123
f 215/142/430 33/141/431 216/119/120 213/121/123
s 1
f 187/89/89 2/6/6 218/124/126 217/463/432
f 218/124/126 35/149/433 219/146/434 217/463/432
f 219/454/435 34/145/436 214/122/124 217/123/125
f 98/3/127 1/2/437 221/126/438 220/125/128
f 221/126/438 36/153/439 222/150/440 220/125/128
f 222/150/440 35/149/441 218/124/126 220/125/128
s 43
f 204/110/442 29/109/443 216/119/444 223/461/445
f 216/119/444 33/141/446 224/154/447 223/461/445
s 17
f 224/447/448 36/153/449 221/126/129 223/127/132
s 18
f 179/130/135 32/133/450 226/132/451 225/131/136
f 226/132/451 38/161/452 227/158/453 225/131/136
f 227/158/453 37/157/454 228/128/133 225/131/136
s 44
f 194/99/455 4/98/456 230/135/457 229/459/458
f 230/135/457 39/165/459 231/162/460 229/459/458
s 19
f 231/441/461 38/161/462 226/132/137 229/134/140
s 1
f 107/11/143 3/10/10 233/137/145 232/136/144
f 233/137/145 40/169/463 234/166/464 232/136/144
f 234/166/464 39/165/465 230/135/141 232/136/144
f 186/138/146 31/129/384 228/128/466 235/457/467
f 228/128/466 37/157/468 236/170/469 235/457/467
f 236/434/470 40/169/471 233/137/145 235/139/147
s 21
f 215/142/150 34/145/153 238/144/152 237/143/151
f 238/144/152 42/456/472 239/455/473 237/143/151
f 239/455/473 41/173/474 240/140/148 237/143/151
f 219/146/154 35/149/157 242/148/156 241/453/155
f 242/148/156 43/205/475 243/451/476 241/453/155
f 243/452/476 42/456/472 238/144/152 241/147/155
f 222/150/158 36/153/161 245/152/160 244/151/159
f 245/152/160 44/185/477 246/449/478 244/151/159
f 246/449/478 43/205/475 242/148/156 244/151/159
f 224/154/162 33/141/149 240/140/148 247/446/163
f 240/140/148 41/173/474 248/444/479 247/446/163
f 248/445/479 44/185/477 245/152/160 247/155/163
s 22
f 227/158/166 38/161/169 250/160/168 249/159/167
f 250/160/168 46/443/480 251/442/481 249/159/167
f 251/442/481 45/189/482 252/156/164 249/159/167
f 231/162/170 39/165/173 254/164/172 253/440/171
f 254/164/172 47/219/483 255/438/484 253/440/171
f 255/439/484 46/443/480 250/160/168 253/163/171
f 234/166/174 40/169/177 257/168/176 256/167/175
f 257/168/176 48/201/485 258/436/486 256/167/175
f 258/436/486 47/219/483 254/164/172 256/167/175
f 236/170/178 37/157/165 252/156/164 259/433/179
f 252/156/164 45/189/482 260/431/487 259/433/179
f 260/432/487 48/201/485 257/168/176 259/171/179
s 23
f 239/174/182 42/177/488 262/176/489 261/528/183
s 45
f 262/526/490 50/354/491 181/87/492 261/175/493
f 181/87/492 49/86/494 263/172/495 261/175/493
s off
f 243/178/496 43/450/497 265/216/498 264/527/499
s 28
f 265/513/226 51/215/225 182/355/500 264/179/501
s off
f 182/355/502 50/354/503 262/526/504 264/179/505
s 24
f 267/182/190 57/368/506 268/369/507 266/525/191
s 46
f 268/514/508 59/370/509 269/371/510 266/183/511
f 269/371/510 60/372/512 270/180/513 266/183/511
s off
f 248/186/514 41/479/515 263/524/516 271/523/517
f 263/172/518 49/86/519 184/85/520 271/187/521
s 47
f 184/85/522 52/211/523 272/184/524 271/187/525
s 25
f 251/190/198 46/193/526 274/192/527 273/522/199
s 48
f 274/520/528 54/356/529 189/95/530 273/191/531
f 189/95/530 53/94/532 275/188/533 273/191/531
s off
f 255/194/534 47/437/535 277/230/536 276/521/537
s 30
f 277/507/242 55/229/241 190/357/538 276/195/539
s off
f 190/357/540 54/356/541 274/520/542 276/195/543
s 26
f 279/198/206 61/373/544 280/374/545 278/519/207
s 49
f 280/508/546 63/375/547 281/376/548 278/199/549
f 281/376/548 64/377/550 282/196/551 278/199/549
s off
f 260/202/552 45/478/553 275/518/554 283/517/555
f 275/188/556 53/94/557 192/93/558 283/203/559
s 50
f 192/93/560 56/225/561 284/200/562 283/203/563
s 27
f 246/206/214 44/448/564 286/208/565 285/207/215
s 51
f 286/208/566 57/368/567 267/182/568 285/207/569
f 267/182/568 58/181/570 287/204/571 285/207/569
s 47
f 272/184/524 52/211/523 289/210/572 288/515/573
s off
f 289/210/574 59/370/575 268/514/576 288/515/577
f 268/369/578 57/368/579 286/208/580 288/209/581
s 10
f 183/212/222 51/215/395 291/214/582 290/213/223
s 52
f 291/214/583 60/372/584 269/371/585 290/213/586
f 269/371/585 59/370/587 289/210/588 290/213/586
s off
f 265/216/589 43/450/590 287/204/591 292/512/592
f 287/204/593 58/181/594 270/511/595 292/512/596
f 270/180/597 60/372/598 291/214/599 292/217/600
s 29
f 258/220/230 48/435/601 294/222/602 293/221/231
s 53
f 294/222/603 61/373/604 279/198/605 293/221/606
f 279/198/605 62/197/607 295/218/608 293/221/606
s 50
f 284/200/562 56/225/561 297/224/609 296/509/610
s off
f 297/224/611 63/375/612 280/508/613 296/509/614
f 280/374/615 61/373/616 294/222/617 296/223/618
s 12
f 191/226/238 55/229/398 299/228/619 298/227/239
s 54
f 299/228/620 64/377/621 281/376/622 298/227/623
f 281/376/622 63/375/624 297/224/625 298/227/623
s off
f 277/230/626 47/437/627 295/218/628 300/506/629
f 295/218/630 62/197/631 282/505/632 300/506/633
f 282/196/634 64/377/635 299/228/636 300/231/637
s 3
f 198/234/246 24/237/249 302/236/248 301/429/247
f 302/236/248 65/262/274 303/259/271 301/429/247
f 303/422/271 66/258/270 304/232/244 301/235/247
f 155/238/250 20/241/253 306/240/252 305/239/251
f 306/240/252 67/266/278 307/263/275 305/239/251
f 307/263/275 65/262/274 302/236/248 305/239/251
f 143/242/254 16/245/257 309/244/256 308/427/255
f 309/244/256 68/270/282 310/267/279 308/427/255
f 310/420/279 67/266/278 306/240/252 308/243/255
f 131/246/258 12/233/245 304/232/244 311/247/259
f 304/232/244 66/258/270 312/271/283 311/247/259
f 312/271/283 68/270/282 309/244/256 311/247/259
f 208/249/261 9/26/26 314/251/263 313/425/262
f 314/251/263 70/278/290 315/275/287 313/425/262
f 315/418/287 69/274/286 316/248/260 313/250/262
f 126/25/25 13/38/38 318/253/265 317/252/264
f 318/253/265 71/282/294 319/279/291 317/252/264
f 319/279/291 70/278/290 314/251/263 317/252/264
f 136/37/37 17/50/50 321/255/267 320/423/266
f 321/255/267 72/286/298 322/283/295 320/423/266
f 322/416/295 71/282/294 318/253/265 320/254/266
f 149/49/49 21/62/62 316/248/260 323/256/268
f 316/248/260 69/274/286 324/287/299 323/256/268
f 324/287/299 72/286/298 321/255/267 323/256/268
f 303/259/271 65/262/274 326/261/273 325/421/272
f 326/261/273 73/497/638 199/498/639 325/421/272
f 199/499/639 74/500/640 327/257/269 325/260/272
f 307/263/275 67/266/278 329/265/277 328/264/276
f 329/265/277 75/495/641 200/496/642 328/264/276
f 200/496/642 73/497/638 326/261/273 328/264/276
f 310/267/279 68/270/282 331/269/281 330/419/280
f 331/269/281 76/492/643 201/493/644 330/419/280
f 201/494/644 75/495/641 329/265/277 330/268/280
f 312/271/283 66/258/270 327/257/269 332/272/284
f 327/257/269 74/500/640 202/491/645 332/272/284
f 202/491/645 76/492/643 331/269/281 332/272/284
f 315/275/287 70/278/290 334/277/289 333/417/288
f 334/277/289 78/490/646 209/488/647 333/417/288
f 209/489/647 77/482/648 335/273/285 333/276/288
f 319/279/291 71/282/294 337/281/293 336/280/292
f 337/281/293 79/487/649 210/486/650 336/280/292
f 210/486/650 78/490/646 334/277/289 336/280/292
f 322/283/295 72/286/298 339/285/297 338/415/296
f 339/285/297 80/485/651 211/483/652 338/415/296
f 211/484/652 79/487/649 337/281/293 338/284/296
f 324/287/299 69/274/286 335/273/285 340/288/300
f 335/273/285 77/482/648 212/481/653 340/288/300
f 212/481/653 80/485/651 339/285/297 340/288/300
s off
f 129/291/654 15/46/655 342/293/656 341/292/657
s 3
f 342/293/658 82/305/319 343/302/316 341/292/659
f 343/302/316 81/301/315 344/289/660 341/292/659
f 145/45/45 19/471/58 346/295/308 345/411/307
f 346/295/308 83/309/323 347/306/320 345/411/661
f 347/406/320 82/305/319 342/293/658 345/294/661
f 151/55/309 18/475/54 349/297/311 348/296/310
f 349/297/311 84/313/327 350/310/324 348/296/310
f 350/310/324 83/309/323 346/295/308 348/296/310
f 134/298/312 14/480/662 344/289/663 351/407/313
f 344/289/660 81/301/315 352/314/328 351/407/664
f 352/403/328 84/313/327 349/297/311 351/299/664
f 343/302/316 82/305/319 354/304/318 353/303/317
f 354/304/318 86/345/371 138/43/43 353/303/317
f 138/43/43 85/42/42 355/300/314 353/303/317
f 347/306/320 83/309/323 357/308/322 356/405/321
f 357/308/322 87/347/373 139/404/372 356/405/321
f 139/346/372 86/345/371 354/304/318 356/307/321
f 350/310/324 84/313/327 359/312/326 358/311/325
f 359/312/326 88/349/375 140/348/374 358/311/325
f 140/348/374 87/347/373 357/308/322 358/311/325
f 352/314/328 81/301/315 355/300/314 360/402/329
f 355/300/314 85/42/42 141/401/41 360/402/329
f 141/41/41 88/349/375 359/312/326 360/315/329
f 205/317/331 89/342/356 362/341/355 361/399/332
f 362/341/355 5/14/14 207/398/114 361/399/332
f 207/113/114 25/112/113 363/316/330 361/318/332
f 159/319/333 26/322/336 365/321/335 364/320/334
f 365/321/335 91/78/78 168/75/75 364/320/334
f 168/75/75 90/74/74 363/316/330 364/320/334
f 163/323/337 27/326/340 367/325/339 366/324/338
f 367/325/339 92/82/82 173/79/79 366/324/338
f 173/79/79 91/78/78 365/321/335 366/324/338
f 166/327/341 28/351/377 369/394/665 368/328/342
f 369/394/665 93/352/387 177/83/83 368/328/342
f 177/83/83 92/82/82 367/325/339 368/328/342
f 195/331/345 93/352/387 369/394/665 370/396/346
f 369/394/665 28/351/377 197/395/103 370/396/346
f 197/103/103 8/102/102 371/329/343 370/332/346
f 109/335/349 94/330/344 371/329/343 372/336/350
f 371/329/343 8/102/102 120/23/23 372/336/350
f 120/23/23 7/22/22 373/333/347 372/336/350
f 105/339/353 95/334/348 373/333/347 374/340/354
f 373/333/347 7/22/22 116/19/19 374/340/354
f 116/19/19 6/18/18 375/337/351 374/340/354
f 100/343/357 96/338/352 375/337/351 376/344/358
f 375/337/351 6/18/18 111/15/15 376/344/358
f 111/15/15 5/14/14 362/341/355 376/344/358
s 55
f 202/385/666 74/380/667 377/106/668 378/105/669
s off
f 74/380/670 199/379/671 379/107/672 377/106/673
f 199/379/674 73/378/675 381/358/676 379/107/677
s 56
f 73/378/678 200/504/679 382/503/680 381/358/681
f 200/382/679 75/381/682 383/360/683 382/359/680
s off
f 75/381/684 201/384/685 384/361/686 383/360/687
f 201/384/688 76/383/689 385/362/690 384/361/691
s 55
f 76/383/692 202/385/666 378/105/669 385/362/693
s 57
f 212/393/694 77/388/695 387/116/696 386/501/697
s off
f 77/388/698 209/387/699 388/117/700 387/116/701
f 209/387/702 78/386/703 390/363/704 388/117/705
s 58
f 78/386/706 210/390/707 391/364/708 390/363/709
f 210/390/707 79/389/710 392/365/711 391/364/708
s off
f 79/389/712 211/392/713 393/366/714 392/365/715
f 211/392/716 80/391/717 394/367/718 393/366/719
s 57
f 80/391/720 212/502/694 386/115/697 394/367/721
