# This file uses centimeters as units for non-parametric coordinates.

mtllib roll_frame10.mtl
g default
v -12.362287 49.803219 31.186144
v 0.000018 54.451481 30.015926
v 9.976745 59.789013 29.560667
v 21.265247 67.435486 32.200298
v -4.189119 40.980370 54.569290
v 8.095802 36.934067 46.636986
v 24.389179 43.616058 42.136532
v 32.843323 56.230885 44.342121
v 7.952893 31.739683 83.955025
v 15.304356 30.262770 70.151268
v 29.462566 32.385258 64.974007
v 36.531071 33.845657 69.369995
v 12.070219 28.655210 93.265442
v 24.238485 29.101259 88.473267
v 34.813694 30.768476 84.421501
v 44.292233 29.667065 74.786446
v 7.033599 35.209328 96.806190
v 22.910620 39.466770 94.676811
v 37.085968 41.609718 89.408371
v 46.485199 39.693287 71.979103
v 5.761592 37.315350 87.221672
v 16.192476 51.225773 81.202682
v 30.356188 53.363098 76.029427
v 37.447704 40.911884 68.923424
v -6.847197 51.688961 61.159367
v 4.151959 59.879822 59.942558
v 17.714050 65.361595 56.163277
v 30.157393 67.210983 51.083191
v -14.573529 61.119347 29.097229
v -1.509649 63.536049 25.814293
v 10.476094 65.400734 22.474821
v 19.495243 74.934418 26.050804
v -6.666726 44.741692 -1.792125
v 0.670902 46.572224 -0.971377
v 2.825397 35.408764 3.434778
v -4.479667 33.731052 2.512208
v 36.331497 44.062328 13.173086
v 42.339710 48.614693 15.222975
v 43.554493 42.809509 24.265104
v 37.572777 38.255360 22.131321
v -8.426949 47.381283 -31.707502
v -3.467914 52.549446 -30.736046
v 4.784058 47.217331 -35.062080
v -0.151962 41.754185 -35.485889
v 25.718132 70.896904 6.177616
v 32.616131 73.196838 6.873473
v 35.074997 65.969261 -2.074990
v 27.833563 64.394775 -2.164315
v -10.784064 48.455601 -36.127270
v -5.289636 55.223969 -35.031433
v 7.560700 49.063641 -42.009220
v -0.401375 40.561764 -42.033257
v 24.262836 75.972702 3.828327
v 32.885532 78.082130 4.044740
v 36.501774 68.605820 -7.271649
v 24.974424 66.427132 -7.114861
v 11.483173 30.452988 -42.777596
v 18.456621 36.469303 -44.033676
v 10.428698 30.973690 -46.130436
v 17.402534 36.991436 -47.386410
v 27.460630 56.225002 -19.097763
v 36.597229 57.870358 -19.464291
v 26.860228 59.484894 -20.332727
v 35.991798 61.164375 -20.666119
v 38.416561 27.829760 45.334061
v 37.689724 21.226652 53.663300
v 49.151070 28.313694 46.703068
v 48.295700 21.221722 54.247360
v 2.300807 7.709643 103.738571
v 8.371109 8.276946 97.430077
v 10.005396 16.605658 103.018936
v 2.116651 15.673995 108.528214
v 40.027855 -0.241676 35.643150
v 39.805157 -3.926865 44.690479
v 43.785843 0.004608 35.835968
v 43.563145 -3.681079 44.884029
v 30.247519 -0.162234 113.410522
v 33.336147 1.335140 104.260681
v 34.044392 4.944862 105.090492
v 30.955763 3.447489 114.240326
v 30.234751 21.336931 99.324127
v 41.867313 24.979237 89.739632
v 42.026608 41.162785 92.039322
v 25.961735 36.186005 105.263275
v 46.433823 20.901869 114.731689
v 56.541996 24.667295 104.507675
v 55.788647 41.556053 110.487526
v 46.152710 37.966541 120.233887
v -10.921144 48.988708 36.936810
v -14.375652 59.496181 41.000767
v -3.632710 67.025436 40.593887
v 6.840831 72.425995 36.975151
v 18.570045 76.906456 34.176273
v 22.087782 67.240318 30.728069
v 13.778688 57.609905 29.497080
v 1.303585 50.445660 32.476295
v -6.566815 50.240303 33.443851
v -6.678647 49.943123 31.305956
v -0.075999 52.580742 31.261534
v -5.419681 48.578220 35.044369
v -12.404226 50.403397 34.247269
v 5.806793 55.881531 29.087267
v 5.112497 56.216423 28.526142
v 10.982006 59.852100 28.837029
v 7.842050 53.818253 30.280815
v 16.243919 63.998230 30.663088
v 16.727070 63.336700 31.609135
v 20.424995 68.604927 31.283548
v 18.694132 62.329384 29.998421
v 3.970106 35.278950 63.340061
v 0.680929 38.082722 50.775444
v 10.317279 33.643467 58.943535
v 8.556013 31.412275 75.635963
v -0.842226 37.416840 67.861488
v 18.657969 36.118053 54.921913
v 16.403990 39.555264 43.949192
v 27.727657 38.142296 53.252476
v 22.462053 32.421947 68.132652
v 32.723419 42.003441 53.998947
v 29.986250 50.154964 42.699043
v 35.265892 44.620110 54.873165
v 34.984600 34.322308 65.870827
v 14.478427 28.181999 83.677872
v 20.838717 27.722399 81.477715
v 17.550392 27.365829 91.361435
v 10.736931 28.264774 88.969391
v 26.771772 28.863792 78.572021
v 33.235416 29.571884 76.938965
v 30.543245 27.266621 87.865784
v 37.808598 30.910667 75.170143
v 39.838692 29.085392 71.790070
v 42.075706 30.480974 82.098045
v 17.915493 32.231094 95.903160
v 24.659227 32.997196 93.713242
v 15.412807 38.243847 97.946892
v 10.148793 32.238888 95.867096
v 55.159050 24.762873 113.977821
v 51.551071 22.385460 109.535133
v 58.718857 30.996248 107.391182
v 51.147888 41.626278 116.222771
v 46.477913 26.418076 119.771515
v 44.230663 35.871277 84.151100
v 45.955204 34.470036 73.816475
v 45.326702 42.259365 81.964638
v 36.805923 35.022484 88.726334
v 12.326691 42.608574 92.278175
v 20.666035 45.125248 91.082260
v 8.075608 47.233082 84.733719
v 4.087980 35.142780 92.439743
v 27.803286 46.209934 88.457748
v 30.898386 40.206833 94.474792
v 34.970612 47.245331 85.458061
v 23.239567 52.298790 78.626915
v 40.406403 46.060665 77.721420
v 42.080585 41.408676 68.887619
v 36.399704 50.588257 71.329727
v 3.075529 52.762398 73.238533
v 10.590566 56.067989 70.651436
v -2.617259 56.428600 61.472763
v -2.144770 47.567448 74.102600
v 17.601147 57.764698 68.315056
v 24.484547 59.483505 66.020676
v 10.979168 62.626133 58.043617
v 30.965076 59.022697 62.970360
v 34.892914 55.048306 59.093716
v 24.584486 67.630608 53.977295
v -10.536541 65.244293 35.480019
v -10.079421 63.984161 41.192238
v -4.182127 67.914383 35.611530
v -9.870540 64.980705 29.515383
v -15.101535 61.207874 35.030430
v 1.178016 69.839027 33.612015
v 1.700866 69.504829 39.456211
v 6.220520 72.407852 31.312603
v 1.912758 68.667824 28.107082
v 12.519611 75.763298 29.759199
v 13.033290 75.921021 35.411987
v 17.865458 77.090096 29.648214
v 14.349708 73.237289 24.470697
v -3.141191 49.110252 -38.219402
v -9.950844 53.113014 -34.614311
v 0.460319 53.391674 -37.545357
v 3.667527 44.888229 -42.102432
v -7.035456 44.426708 -38.655945
v 6.250490 55.423588 28.456945
v 19.478149 54.255913 21.784044
v 1.233953 53.615959 18.842033
v 29.750755 72.844711 -0.596795
v 28.170673 78.435814 5.750168
v 35.361576 74.338272 -0.637030
v 30.746519 67.425278 -7.131810
v 24.023436 71.764076 -0.793264
v 20.297401 73.817505 30.347738
v 21.416653 72.144630 29.075672
v 21.535810 73.122070 32.419830
v 36.019432 49.763840 55.715004
v 33.225304 62.783371 47.404823
v 35.403992 35.219936 67.191391
v 39.143467 -2.186037 40.253021
v 41.577415 0.218122 34.838581
v 43.739029 -1.884862 40.488811
v 41.305080 -4.288717 45.902760
v -15.259983 55.676708 34.478279
v -14.846894 55.394310 29.797119
v -14.265099 53.911240 39.264175
v -4.015312 42.047527 71.742569
v -7.519462 45.803570 58.568054
v 5.813323 31.150276 86.167259
v 31.689512 -0.132378 108.538834
v 34.011070 2.990300 103.451637
v 32.555611 4.281873 109.553589
v 30.234053 1.159195 114.640778
v -6.003963 56.755360 12.854437
v -1.404359 55.249542 13.323775
v -3.089108 46.785591 -1.738370
v -10.150002 53.261398 12.186689
v 1.058594 49.990433 16.114145
v 0.174613 43.707569 18.338505
v 3.266062 40.975975 1.482332
v -3.906775 41.325233 19.610386
v -8.639778 41.729519 17.410852
v -0.305931 32.368187 3.967175
v -10.660559 47.293434 14.746450
v -6.458837 38.539810 0.295426
v 26.895193 60.128025 16.765722
v 31.482624 61.417824 19.448835
v 39.100281 46.759113 13.358426
v 24.339415 55.796627 16.996555
v 32.635910 59.188919 25.336700
v 32.243820 55.229549 30.594170
v 43.909351 46.009686 20.155685
v 27.926876 51.997726 31.324568
v 25.119942 49.591442 28.210505
v 40.630695 39.364956 24.932131
v 23.380476 51.744411 22.213596
v 35.987373 40.178291 17.445755
v -6.534492 49.753128 -15.394485
v -1.972022 50.134487 -14.774221
v -7.450474 51.154335 -30.557232
v -8.798297 45.622707 -15.759516
v 2.901553 45.666153 -15.446499
v 5.289581 39.604359 -16.174919
v 1.122284 50.681396 -32.420895
v 3.112773 35.686153 -17.224646
v -1.631176 35.062389 -17.064644
v 4.862086 43.222214 -36.736717
v -6.290035 39.626392 -16.707134
v -5.584957 43.564556 -33.414738
v 31.937834 58.431217 16.630697
v 36.534000 59.530140 16.369576
v 28.673540 73.120918 8.057782
v 29.634218 55.296822 14.109204
v 40.595871 57.851887 11.470929
v 42.623516 54.671700 6.138011
v 35.124260 70.443230 2.802236
v 39.808605 52.112469 3.299838
v 35.594620 50.466820 4.041383
v 31.707762 63.092602 -4.570265
v 31.535662 52.282104 8.627812
v 25.958189 67.677223 2.113616
v -9.213270 52.299091 -32.179783
v -4.525854 54.301731 -32.538097
v -10.130241 47.647926 -33.659100
v 1.146788 52.401619 -34.906441
v 8.227589 48.346783 -39.303181
v 16.140821 31.908226 -44.307728
v 15.258768 33.313759 -42.489750
v 11.713061 28.094460 -43.507473
v 13.626835 34.119610 -47.678684
v 20.568579 35.721992 -45.107983
v -6.473107 43.479183 -36.060242
v 0.307899 39.762665 -39.426453
v 28.425079 76.192406 7.434206
v 33.161144 75.973427 5.786637
v 24.622623 73.688828 5.415847
v 35.756020 72.346085 0.997885
v 36.962330 66.279053 -5.952282
v 32.043709 56.590645 -21.368204
v 32.195633 56.143478 -18.931967
v 26.240913 55.553452 -21.153713
v 31.263020 61.210918 -20.826027
v 37.841511 57.652637 -21.608465
v 24.511690 69.567032 0.675141
v 25.442862 64.121284 -5.792147
v 10.580974 38.981804 -40.015339
v 6.840189 35.491829 -39.581867
v 14.305889 42.509354 -40.419785
v 5.559129 35.520302 -42.028683
v 4.737470 36.025814 -44.657433
v 8.999880 39.972385 -45.182903
v 13.231307 43.976021 -45.656879
v 14.030216 43.466679 -42.999363
v 31.968445 58.885262 -11.574788
v 26.838928 58.028374 -11.360184
v 37.090836 59.729908 -11.795474
v 25.725504 60.290260 -12.424263
v 25.264402 62.790485 -13.540489
v 31.064960 63.812206 -13.693440
v 36.858589 64.815826 -13.858111
v 37.328362 62.280025 -12.812594
v 36.678143 29.944159 58.030853
v 38.550274 34.006741 56.487015
v 36.399986 24.276337 49.201786
v 37.467125 25.712669 60.012829
v 42.703873 34.603367 56.756752
v 47.316170 33.281506 57.989876
v 43.474834 28.997211 45.155964
v 47.400173 29.060635 59.956295
v 46.152317 24.940744 61.605236
v 49.421661 24.462639 50.240215
v 41.375084 24.481756 61.126133
v 42.504566 20.588226 54.880875
v 6.007086 17.681625 93.180832
v 10.249574 17.813602 94.513786
v 5.482150 6.485292 100.508522
v 1.669766 19.054935 94.004066
v 11.037313 19.764374 97.914040
v 10.160076 22.186029 101.866905
v 9.843190 12.427136 98.872688
v 5.965962 23.266027 102.273735
v 1.752472 23.658316 101.555244
v 6.374426 16.418356 106.911888
v 0.709912 21.368650 97.404663
v 1.311103 11.597004 105.943733
v 35.959991 14.919919 46.474895
v 37.843956 17.245741 41.766289
v 37.569893 13.060973 51.196526
v 42.116291 18.134895 40.972424
v 47.602196 18.010275 42.231899
v 47.876991 15.757329 46.999748
v 47.310848 13.689762 51.661320
v 41.761162 12.873793 52.483635
v 14.018307 2.564116 103.502678
v 16.029505 4.995028 99.284332
v 12.276918 3.379584 108.464325
v 17.158152 9.159770 99.192551
v 17.667709 14.114999 101.714760
v 15.612971 13.495323 106.549110
v 13.151779 12.158255 110.902039
v 12.129848 7.052180 110.305656
v 31.501263 21.806410 87.313423
v 37.295830 30.179523 88.722977
v 36.190388 20.419909 93.528595
v 26.518555 27.903524 94.378555
v 39.306740 34.064068 88.968399
v 37.129761 38.507210 92.300713
v 44.042118 33.674023 89.296066
v 31.973211 40.050087 96.742226
v 26.349745 36.231167 97.860207
v 33.879940 39.459118 98.889763
v 24.297880 30.858751 96.946777
v 26.025511 28.091190 103.957451
v 46.193680 19.781660 103.353096
v 54.345520 25.218178 97.697121
v 39.706589 19.764984 112.503815
v 54.375046 34.799572 98.988472
v 51.350677 42.843899 101.372925
v 43.644424 42.258636 109.037209
v 36.847698 37.441353 116.042107
v 37.615147 28.556293 115.940437
v -10.265113 48.203609 48.815094
v -6.491767 43.647301 44.832783
v -10.465522 53.934383 51.631638
v -6.524724 58.816559 52.187084
v -0.246245 62.641449 50.818821
v 5.977372 65.688171 49.877174
v 11.706962 69.028221 48.072205
v 18.325533 72.105461 46.472351
v 24.000341 72.588203 43.804676
v 27.462538 68.455025 40.167427
v 28.034235 62.108234 36.879021
v 25.492203 56.306847 36.097946
v 20.697012 52.057125 35.662186
v 13.168907 47.062607 38.271458
v 4.679917 43.444508 39.322708
v -1.014826 42.143635 42.195930
v 40.684380 -17.019749 39.889530
v 42.373611 -17.407818 41.207077
v 40.333488 -15.107444 35.095612
v 42.573395 -14.960657 35.210537
v 40.925869 -13.023026 30.077904
v 42.668926 -12.520314 29.208654
v 45.155281 -12.745847 30.294909
v 45.107296 -14.794588 35.340549
v 44.913788 -16.742569 40.106537
v 43.076279 -2.364348 118.861824
v 43.079060 -3.857543 117.513901
v 44.711842 -3.472996 112.312042
v 45.124161 -1.371517 112.795135
v 46.428337 -2.233806 107.591904
v 47.172035 -0.378699 106.728439
v 47.225426 1.828757 108.525803
v 45.611526 1.112472 113.366158
v 43.876152 0.205003 118.447800
vt 0.208431 0.494797
vt 0.208575 0.478116
vt 0.229443 0.475893
vt 0.229271 0.493426
vt 0.252729 0.492198
vt 0.256170 0.471571
vt 0.275357 0.475888
vt 0.275429 0.493819
vt 0.298111 0.492176
vt 0.294163 0.471736
vt 0.321331 0.475953
vt 0.321541 0.493432
vt 0.198757 0.641525
vt 0.200055 0.589825
vt 0.221664 0.590600
vt 0.219751 0.640956
vt 0.244967 0.639373
vt 0.247968 0.591507
vt 0.275466 0.591669
vt 0.275481 0.635804
vt 0.305994 0.639365
vt 0.302966 0.591494
vt 0.329276 0.590573
vt 0.331197 0.640955
vt 0.199789 0.728809
vt 0.197393 0.704590
vt 0.219517 0.692482
vt 0.227784 0.730211
vt 0.252859 0.733034
vt 0.249003 0.687406
vt 0.275511 0.688085
vt 0.275516 0.730408
vt 0.298175 0.733010
vt 0.302021 0.687396
vt 0.331536 0.692451
vt 0.323246 0.730162
vt 0.805511 0.686057
vt 0.204711 0.752714
vt 0.229559 0.760254
vt 0.782889 0.696424
vt 0.784986 0.875584
vt 0.254181 0.941082
vt 0.275435 0.940431
vt 0.742298 0.896742
vt 0.699334 0.736241
vt 0.297037 0.807427
vt 0.321459 0.760204
vt 0.696358 0.696343
vt 0.808954 0.641287
vt 0.805193 0.664541
vt 0.784300 0.671779
vt 0.785729 0.644267
vt 0.763331 0.647822
vt 0.762442 0.673765
vt 0.742276 0.741120
vt 0.739609 0.647377
vt 0.715889 0.647774
vt 0.716786 0.673709
vt 0.694936 0.671695
vt 0.693494 0.644181
vt 0.806875 0.557726
vt 0.810121 0.617205
vt 0.790367 0.607046
vt 0.787575 0.557696
vt 0.763367 0.556090
vt 0.764746 0.603486
vt 0.739627 0.603152
vt 0.739688 0.556093
vt 0.716014 0.556064
vt 0.714496 0.603455
vt 0.688836 0.606971
vt 0.691820 0.557642
vt 0.803405 0.420481
vt 0.802841 0.435733
vt 0.782960 0.432290
vt 0.783371 0.416064
vt 0.759505 0.410786
vt 0.759570 0.428509
vt 0.739756 0.426992
vt 0.739743 0.409699
vt 0.720007 0.410786
vt 0.719946 0.428500
vt 0.696571 0.432245
vt 0.696182 0.416016
vt 0.819305 0.093413
vt 0.797386 0.086157
vt 0.790779 0.072322
vt 0.822344 0.073237
vt 0.265809 0.416173
vt 0.762697 0.377789
vt 0.739788 0.389948
vt 0.275377 0.462947
vt 0.364323 0.097210
vt 0.342669 0.089884
vt 0.336664 0.075169
vt 0.367299 0.076188
vt 0.342559 0.494848
vt 0.342402 0.478170
vt 0.366070 0.480227
vt 0.366198 0.495669
vt 0.352247 0.641476
vt 0.350872 0.589816
vt 0.374237 0.588973
vt 0.374011 0.638442
vt 0.936729 0.462892
vt 0.940585 0.464321
vt 0.946953 0.476690
vt 0.936605 0.482861
vt 0.804780 0.405462
vt 0.824266 0.410023
vt 0.823186 0.423812
vt 0.805355 0.509178
vt 0.825584 0.509339
vt 0.825621 0.554997
vt 0.118742 0.522844
vt 0.058006 0.517789
vt 0.074507 0.510871
vt 0.084702 0.516921
vt 0.822269 0.350445
vt 0.784755 0.399833
vt 0.805305 0.347137
vt 0.793942 0.336256
vt 0.777469 0.322538
vt 0.236211 0.409364
vt 0.220899 0.415267
vt 0.203041 0.415110
vt 0.182178 0.419746
vt 0.685950 0.336155
vt 0.717407 0.377787
vt 0.694840 0.399772
vt 0.674409 0.347030
vt 0.657366 0.350391
vt 0.674734 0.405426
vt 0.637625 0.358046
vt 0.347747 0.415166
vt 0.329799 0.415381
vt 0.314324 0.409429
vt 0.706215 0.336018
vt 0.292514 0.404556
vt 0.870618 0.237836
vt 0.844433 0.293934
vt 0.832214 0.287148
vt 0.858351 0.228645
vt 0.844944 0.223065
vt 0.821107 0.280742
vt 0.243727 0.342391
vt 0.826584 0.212775
vt 0.214622 0.282882
vt 0.224361 0.346790
vt 0.210147 0.349538
vt 0.199596 0.284960
vt 0.184434 0.288656
vt 0.194986 0.352422
vt 0.864110 0.304875
vt 0.163133 0.290367
vt 0.634803 0.222910
vt 0.658751 0.280554
vt 0.647480 0.287052
vt 0.621343 0.228556
vt 0.609012 0.237734
vt 0.635143 0.293889
vt 0.375465 0.356065
vt 0.590820 0.249121
vt 0.366326 0.288752
vt 0.355651 0.352469
vt 0.340563 0.349608
vt 0.351134 0.285011
vt 0.336042 0.282967
vt 0.326383 0.346874
vt 0.678330 0.268182
vt 0.315081 0.275917
vt 0.789900 0.091626
vt 0.894734 0.181072
vt 0.223763 0.023658
vt 0.779683 0.072008
vt 0.205625 0.023651
vt 0.212375 0.030485
vt 0.208733 0.046428
vt 0.818124 0.043214
vt 0.919973 0.054113
vt 0.218394 0.124576
vt 0.231547 0.124829
vt 0.925982 0.076298
vt 0.853028 0.105343
vt 0.173602 0.224408
vt 0.245023 0.044913
vt 0.815784 0.102925
vt 0.335499 0.095534
vt 0.609223 0.166963
vt 0.147562 0.023794
vt 0.325939 0.074804
vt 0.129108 0.019171
vt 0.133886 0.026698
vt 0.125138 0.040618
vt 0.363323 0.044920
vt 0.461211 0.056389
vt 0.114656 0.083148
vt 0.128082 0.110700
vt 0.466974 0.079440
vt 0.396801 0.109583
vt 0.345740 0.218419
vt 0.158805 0.046562
vt 0.361009 0.107136
vt 0.212264 0.093809
vt 0.204982 0.218327
vt 0.226791 0.056935
vt 0.229179 0.093286
vt 0.246067 0.092223
vt 0.255137 0.092099
vt 0.884191 0.095549
vt 0.853655 0.095653
vt 0.854753 0.074189
vt 0.884265 0.075061
vt 0.885799 0.054616
vt 0.855335 0.052709
vt 0.203340 0.068369
vt 0.888472 0.044995
vt 0.116537 0.064410
vt 0.377147 0.224500
vt 0.136900 0.057215
vt 0.135301 0.068971
vt 0.159593 0.072808
vt 0.169578 0.075371
vt 0.426769 0.099419
vt 0.397393 0.099512
vt 0.398467 0.077209
vt 0.426850 0.078134
vt 0.428347 0.056895
vt 0.399054 0.054890
vt 0.111199 0.052142
vt 0.430928 0.046902
vt 0.398347 0.732496
vt 0.353774 0.704759
vt 0.655189 0.607952
vt 0.404645 0.715309
vt 0.625247 0.642548
vt 0.669008 0.617360
vt 0.670290 0.641156
vt 0.629866 0.657272
vt 0.633967 0.675274
vt 0.674058 0.664432
vt 0.345812 0.774768
vt 0.637449 0.692485
vt 0.387906 0.765553
vt 0.346295 0.752641
vt 0.351218 0.728717
vt 0.392980 0.747350
vt 0.854032 0.642643
vt 0.181252 0.694641
vt 0.859345 0.625630
vt 0.152631 0.732602
vt 0.157999 0.747449
vt 0.163074 0.765647
vt 0.167481 0.783084
vt 0.845329 0.675366
vt 0.849419 0.657366
vt 0.462802 0.754848
vt 0.433121 0.744888
vt 0.586158 0.633072
vt 0.469035 0.736153
vt 0.562716 0.661102
vt 0.591598 0.653084
vt 0.596668 0.669873
vt 0.567525 0.676181
vt 0.573571 0.695803
vt 0.602326 0.689166
vt 0.414557 0.801264
vt 0.575415 0.714705
vt 0.450039 0.789809
vt 0.420413 0.781867
vt 0.427222 0.762131
vt 0.457315 0.770152
vt 0.916571 0.661069
vt 0.887682 0.653104
vt 0.112049 0.724515
vt 0.922852 0.642462
vt 0.088177 0.754903
vt 0.117860 0.744959
vt 0.123753 0.762207
vt 0.093657 0.770210
vt 0.100926 0.789871
vt 0.130556 0.781946
vt 0.872833 0.708772
vt 0.104321 0.808576
vt 0.905760 0.695791
vt 0.876995 0.689207
vt 0.882631 0.669903
vt 0.911782 0.676158
vt 0.245118 0.820265
vt 0.256063 0.761423
vt 0.275458 0.816348
vt 0.275456 0.817082
vt 0.305796 0.819611
vt 0.322444 0.827635
vt 0.716707 0.746651
vt 0.742277 0.751635
vt 0.767846 0.746640
vt 0.232576 0.815700
vt 0.789238 0.746868
vt 0.242805 0.909093
vt 0.242913 0.847487
vt 0.275453 0.850080
vt 0.275444 0.899369
vt 0.308078 0.909112
vt 0.307992 0.847504
vt 0.685718 0.768892
vt 0.335635 0.923345
vt 0.710517 0.826756
vt 0.709025 0.772272
vt 0.742280 0.767854
vt 0.742288 0.823907
vt 0.774059 0.826743
vt 0.775535 0.772258
vt 0.216918 0.852154
vt 0.800161 0.835727
vt 0.803587 0.472219
vt 0.184266 0.511368
vt 0.823748 0.473030
vt 0.786007 0.508646
vt 0.783967 0.470951
vt 0.760849 0.468488
vt 0.762764 0.507838
vt 0.739729 0.507585
vt 0.739749 0.469813
vt 0.718652 0.468468
vt 0.716699 0.507812
vt 0.693463 0.508589
vt 0.695538 0.470900
vt 0.347089 0.550471
vt 0.343449 0.511536
vt 0.656251 0.437958
vt 0.370672 0.549455
vt 0.305626 0.550928
vt 0.300328 0.509969
vt 0.323635 0.511057
vt 0.326613 0.553291
vt 0.245263 0.550946
vt 0.250519 0.509979
vt 0.275426 0.509223
vt 0.275447 0.553833
vt 0.203857 0.550446
vt 0.207534 0.511493
vt 0.227207 0.511082
vt 0.224277 0.553331
vt 0.296688 0.941095
vt 0.317831 0.963343
vt 0.722395 0.859395
vt 0.742293 0.859091
vt 0.762190 0.859387
vt 0.672412 0.557619
vt 0.673996 0.509116
vt 0.676597 0.435714
vt 0.676064 0.420456
vt 0.798456 0.058765
vt 0.820876 0.052919
vt 0.343747 0.061021
vt 0.365907 0.055032
vt 0.963235 0.483911
vt 0.902883 0.489040
vt 0.909072 0.482168
vt 0.925033 0.475729
vt 0.931354 0.463643
vt 0.080884 0.498420
vt 0.084741 0.496992
vt 0.090126 0.497750
vt 0.096539 0.509638
vt 0.112499 0.516024
vt 0.245369 0.109349
vt 0.249130 0.116712
vt 0.914174 0.091435
vt 0.914507 0.075957
vt 0.915392 0.060496
vt 0.143488 0.116794
vt 0.145270 0.126440
vt 0.455609 0.095160
vt 0.455938 0.079081
vt 0.456800 0.063019
vt 0.982240 0.434188
vt 0.963585 0.427947
vt 0.946509 0.423110
vt 0.890921 0.433118
vt 0.882130 0.436526
vt 0.926679 0.423006
vt 0.909612 0.427375
vt 0.937930 0.422313
vt 0.075163 0.457134
vt 0.058225 0.461798
vt 0.039557 0.467684
vt 0.094859 0.456979
vt 0.083682 0.456346
vt 0.130564 0.466891
vt 0.111877 0.461251
vt 0.033116 0.470128
vt 0.675805 0.472192
vt 0.653419 0.509254
vt 0.655248 0.472962
vt 0.367019 0.511392
vt 0.176921 0.588998
vt 0.180547 0.549455
vt 0.822760 0.437993
vt 0.233028 0.963316
vt 0.215241 0.923308
vt 0.798841 0.768868
vt 0.699605 0.875602
vt 0.684417 0.835751
vt 0.333987 0.852188
vt 0.228471 0.827609
vt 0.254212 0.785439
vt 0.759269 0.697501
vt 0.785216 0.736222
vt 0.695315 0.746888
vt 0.719972 0.697428
vt 0.296799 0.785396
vt 0.318344 0.815723
vt 0.903939 0.714697
vt 0.136407 0.801345
vt 0.081951 0.736203
vt 0.893090 0.633076
vt 0.446638 0.808511
vt 0.606509 0.708725
vt 0.556410 0.642507
vt 0.438944 0.724452
vt 0.841861 0.692578
vt 0.205190 0.774839
vt 0.146366 0.715395
vt 0.823906 0.608060
vt 0.383498 0.782992
vt 0.673752 0.685953
vt 0.619881 0.625562
vt 0.369876 0.694574
vt 0.624476 0.158216
vt 0.327082 0.211968
vt 0.653476 0.212425
vt 0.306569 0.342322
vt 0.153133 0.050558
vt 0.361352 0.222428
vt 0.125968 0.045756
vt 0.396618 0.225899
vt 0.569871 0.190223
vt 0.388031 0.290471
vt 0.615162 0.304972
vt 0.596954 0.173816
vt 0.584932 0.180968
vt 0.909456 0.190131
vt 0.154402 0.225852
vt 0.888489 0.249012
vt 0.175675 0.355943
vt 0.241882 0.047343
vt 0.189385 0.222364
vt 0.213528 0.046751
vt 0.223402 0.212053
vt 0.855547 0.158550
vt 0.235225 0.276013
vt 0.801766 0.268578
vt 0.882733 0.173912
vt 0.870470 0.167071
vt 0.702590 0.322102
vt 0.284431 0.416033
vt 0.369025 0.419829
vt 0.654789 0.409992
vt 0.841623 0.358035
vt 0.185243 0.480200
vt 0.257695 0.404697
vt 0.773758 0.336466
vt 0.177136 0.638471
vt 0.185108 0.495641
vt 0.653403 0.554919
vt 0.655840 0.423782
vt 0.740026 0.329135
vt 0.739609 0.679991
vt 0.717946 0.727940
vt 0.321543 0.784229
vt 0.275425 0.981496
vt 0.229466 0.784279
vt 0.766602 0.727930
vt 0.275513 0.766895
vt 0.294962 0.761394
vt 0.158494 0.031032
vt 0.235614 0.029385
vt 0.253884 0.807420
vt 0.968218 0.693073
vt 0.970279 0.686813
vt 0.964692 0.720144
vt 0.041234 0.817480
vt 0.965692 0.701614
vt 0.035620 0.790589
vt 0.038855 0.799577
vt 0.026837 0.766821
vt 0.976742 0.669618
vt 0.033170 0.783659
vt 0.515345 0.790561
vt 0.512107 0.799546
vt 0.509721 0.817448
vt 0.514670 0.720260
vt 0.513647 0.701731
vt 0.511110 0.693195
vt 0.509040 0.686939
vt 0.502555 0.669755
vt 0.524137 0.766797
vt 0.517798 0.783632
vt 0.052820 0.522857
vt 0.139366 0.470253
vt 0.968347 0.489050
vt 0.988625 0.436785
vt 0.108883 0.091107
vt 0.106409 0.062482
vt 0.399209 0.044805
vt 0.459518 0.102060
vt 0.428604 0.109556
vt 0.167704 0.057128
vt 0.215342 0.132259
vt 0.203222 0.094543
vt 0.855471 0.043005
vt 0.918242 0.098075
vt 0.886101 0.105305
vt 0.255511 0.067846
vt 0.169019 0.047690
vt 0.166893 0.025823
vt 0.125973 0.120002
vt 0.337008 0.054912
vt 0.115292 0.038211
vt 0.149847 0.015689
vt 0.254586 0.043904
vt 0.241676 0.021944
vt 0.231922 0.132778
vt 0.791425 0.052872
vt 0.199112 0.046316
vt 0.223332 0.014444
vn 0.008102 -0.985415 0.169974
vn 0.008102 -0.985415 0.169974
vn 0.168494 -0.981010 -0.096066
vn 0.153359 -0.985676 -0.070171
vn 0.272327 -0.820802 -0.502117
vn 0.616731 -0.713139 0.333281
vn 0.267201 -0.904688 0.331877
vn 0.030402 -0.628276 -0.777397
vn -0.567859 0.821860 -0.045635
vn -0.167721 -0.566854 0.806564
vn -0.567678 0.593468 0.570559
vn -0.573996 0.624558 0.529581
vn -0.637513 -0.770079 -0.023564
vn -0.666461 -0.744529 -0.038812
vn -0.383653 -0.897297 -0.218332
vn -0.408735 -0.905166 -0.116663
vn -0.083382 -0.966157 -0.244108
vn -0.043028 -0.900167 -0.433414
vn 0.156234 -0.804838 -0.572562
vn 0.139958 -0.926534 -0.349209
vn 0.340267 -0.818914 -0.462167
vn 0.370615 -0.665837 -0.647538
vn 0.672178 -0.404976 -0.619816
vn 0.657849 -0.557486 -0.506403
vn 0.510628 -0.812153 -0.282252
vn -0.478835 -0.852622 -0.209172
vn -0.390399 -0.913988 -0.110517
vn -0.207146 -0.972821 -0.103489
vn -0.015366 -0.989335 -0.144844
vn -0.070351 -0.966305 -0.247597
vn 0.064279 -0.945964 -0.317837
vn 0.069799 -0.975481 -0.208723
vn 0.134471 -0.971526 -0.195078
vn 0.154876 -0.912379 -0.378916
vn 0.510905 -0.733712 -0.447933
vn 0.062421 -0.992331 -0.106692
vn 0.236969 0.006666 0.971494
vn 0.694210 -0.460599 0.553102
vn 0.129003 -0.931258 0.340760
vn 0.246724 -0.432325 0.867308
vn 0.137021 -0.240169 0.961012
vn 0.085785 -0.858135 0.506207
vn 0.462919 -0.876182 0.134204
vn 0.731267 -0.268922 0.626841
vn 0.768470 -0.212407 0.603603
vn 0.286430 -0.941044 0.179986
vn 0.494795 -0.777337 0.388492
vn 0.785663 -0.219875 0.578264
vn -0.909967 0.392555 0.133642
vn -0.484956 0.491921 0.723071
vn -0.035945 0.360172 0.932193
vn -0.329649 0.730223 0.598420
vn -0.010313 0.779313 0.626550
vn 0.060654 0.501134 0.863242
vn 0.171326 0.677481 0.715309
vn 0.108546 0.795099 0.596687
vn 0.344255 0.810030 0.474701
vn 0.513074 0.564414 0.646678
vn 0.827178 0.440470 0.348945
vn 0.603596 0.793798 0.074543
vn -0.786847 0.310824 0.533160
vn -0.877297 0.237860 0.416860
vn -0.435716 0.682393 0.586934
vn -0.440170 0.727243 0.526658
vn -0.166196 0.871053 0.462219
vn -0.087767 0.857547 0.506864
vn 0.027260 0.870613 0.491213
vn -0.068759 0.872546 0.483669
vn 0.108718 0.857473 0.502911
vn 0.273357 0.864814 0.421156
vn 0.747425 0.655500 0.108052
vn 0.571518 0.729650 0.375470
vn -0.883287 0.413508 0.220941
vn -0.876604 0.301011 0.375443
vn -0.528763 0.737689 0.419792
vn -0.542498 0.806800 0.234032
vn -0.367580 0.912645 0.178786
vn -0.352035 0.851921 0.387687
vn -0.342747 0.871355 0.351092
vn -0.407726 0.908004 0.096377
vn -0.464107 0.884504 0.047517
vn -0.375670 0.873786 0.308822
vn -0.255330 0.920235 0.296605
vn -0.364900 0.930521 0.031275
vn -0.291935 0.314870 -0.903123
vn -0.275450 0.327998 -0.903629
vn -0.268842 0.348392 -0.897969
vn -0.290899 0.338498 -0.894873
vn 0.958517 0.154280 -0.239674
vn 0.420694 0.622680 -0.659763
vn -0.317212 0.454284 -0.832468
vn -0.040852 -0.454758 -0.889678
vn -0.124380 0.744126 -0.656358
vn -0.122269 0.732656 -0.669526
vn -0.157631 0.723249 -0.672357
vn -0.156842 0.734866 -0.659828
vn 0.581727 0.306878 0.753272
vn 0.581727 0.306878 0.753272
vn 0.581727 0.306878 0.753272
vn 0.581727 0.306878 0.753272
vn 0.907744 -0.228838 -0.351616
vn 0.884408 -0.063786 -0.462335
vn 0.930617 0.326832 -0.164719
vn 0.989442 0.062129 -0.130941
vn 0.079754 -0.923847 -0.374361
vn 0.079753 -0.923847 -0.374362
vn 0.079753 -0.923847 -0.374362
vn 0.079754 -0.923847 -0.374361
vn -0.995296 0.037007 -0.089539
vn -0.995296 0.037007 -0.089539
vn -0.995296 0.037007 -0.089539
vn -0.995296 0.037007 -0.089539
vn -0.852627 0.332793 0.402835
vn -0.923093 -0.340778 0.178241
vn -0.909890 -0.304631 0.281604
vn 0.929966 -0.245395 0.273760
vn 0.929966 -0.245395 0.273761
vn 0.929966 -0.245395 0.273761
vn 0.929966 -0.245395 0.273760
vn -0.490907 0.704583 -0.512420
vn -0.529689 0.706540 -0.469288
vn -0.307145 0.810405 -0.498904
vn -0.199060 0.828771 -0.522985
vn 0.907654 0.383890 -0.169684
vn 0.911456 0.383396 -0.149186
vn 0.826936 -0.399036 0.396166
vn 0.230821 -0.775058 0.588223
vn 0.194999 -0.811121 0.551414
vn -0.923247 -0.381869 -0.042329
vn -0.921925 -0.385640 -0.036557
vn -0.921925 -0.385640 -0.036557
vn -0.923033 -0.382488 -0.041384
vn -0.210275 0.203111 -0.956311
vn -0.240562 0.262654 -0.934421
vn -0.044823 0.432902 -0.900326
vn -0.016399 0.391193 -0.920162
vn 0.770041 0.631669 0.089616
vn 0.766479 0.635442 0.093394
vn 0.766479 0.635442 0.093394
vn 0.770583 0.631090 0.089038
vn 0.198590 -0.103657 0.974586
vn 0.046105 -0.036733 0.998261
vn -0.125777 -0.234685 0.963900
vn -0.046507 -0.310493 0.949437
vn -0.512367 -0.723501 0.462630
vn -0.575203 -0.633622 -0.517363
vn -0.621383 -0.778600 -0.087553
vn -0.999110 -0.001729 0.042157
vn -0.986480 0.103289 0.127231
vn -0.367328 0.893782 0.257340
vn -0.554436 0.813682 0.174710
vn 0.381769 0.910672 0.157891
vn 0.640482 0.756113 0.134451
vn 0.949239 0.299250 0.096927
vn 0.837876 0.534234 0.112066
vn 0.998405 -0.030700 0.047374
vn 0.941059 -0.335508 0.042923
vn 0.381390 -0.921530 -0.072962
vn 0.527171 -0.833132 -0.167279
vn -0.360602 -0.905049 -0.225506
vn -0.415216 -0.900858 -0.126690
vn -0.881812 -0.468614 -0.052986
vn -0.823800 -0.552995 -0.124701
vn -0.832645 -0.204781 0.514555
vn -0.513144 -0.305315 0.802163
vn -0.143805 -0.266022 0.953180
vn -0.330661 0.162930 0.929579
vn 0.385931 0.392835 0.834708
vn 0.048602 -0.009993 0.998768
vn 0.956106 0.264835 0.125392
vn 0.882827 0.440166 0.163925
vn 0.925920 -0.069007 -0.371363
vn 0.751885 -0.544504 -0.371731
vn 0.592593 -0.668613 -0.449210
vn 0.504504 -0.542183 -0.671947
vn -0.231462 -0.764854 -0.601185
vn 0.371097 -0.769997 -0.519029
vn -0.507044 -0.709696 -0.489120
vn -0.853631 -0.484151 -0.192124
vn -0.726842 -0.050438 0.684950
vn -0.726842 -0.050438 0.684950
vn -0.485143 0.382834 0.786177
vn -0.550647 0.293936 0.781274
vn 0.464050 0.739747 0.487270
vn 0.464050 0.739747 0.487270
vn 0.464050 0.739747 0.487270
vn 0.464050 0.739747 0.487270
vn 0.531184 -0.316910 0.785756
vn 0.531184 -0.316910 0.785756
vn 0.467600 -0.374614 0.800634
vn 0.467555 -0.374652 0.800642
vn -0.276416 -0.911245 0.305331
vn -0.276416 -0.911245 0.305331
vn -0.276416 -0.911245 0.305331
vn -0.276416 -0.911245 0.305331
vn -0.537292 0.075319 0.840026
vn -0.537292 0.075319 0.840026
vn -0.177826 0.171602 0.968984
vn -0.074662 0.193352 0.978284
vn 0.883978 0.063855 0.463148
vn 0.883977 0.063855 0.463148
vn 0.883977 0.063855 0.463148
vn 0.883978 0.063855 0.463148
vn 0.264770 -0.964197 0.014845
vn 0.264770 -0.964197 0.014845
vn 0.177653 -0.983918 0.018588
vn 0.178795 -0.983712 0.018540
vn -0.701572 -0.631662 0.329847
vn -0.701572 -0.631662 0.329847
vn -0.701572 -0.631662 0.329847
vn -0.701572 -0.631662 0.329847
vn 0.325296 -0.308621 0.893832
vn 0.325296 -0.308621 0.893832
vn 0.322561 -0.281458 0.903734
vn 0.322882 -0.284529 0.902657
vn -0.514767 -0.798683 0.311643
vn -0.514767 -0.798683 0.311643
vn -0.514767 -0.798683 0.311643
vn -0.514767 -0.798683 0.311643
vn -0.295969 0.231442 -0.926735
vn -0.300662 0.273883 -0.913559
vn -0.306602 0.294337 -0.905186
vn -0.305317 0.251700 -0.918384
vn 0.653758 0.756682 -0.005675
vn 0.610189 0.790293 0.055741
vn 0.602255 0.795546 0.066295
vn 0.653759 0.756682 -0.005675
vn 0.213173 -0.815349 0.538296
vn 0.213173 -0.815349 0.538296
vn 0.166336 -0.825454 0.539405
vn 0.164562 -0.825798 0.539423
vn -0.778219 -0.511398 0.364482
vn -0.778219 -0.511398 0.364482
vn -0.778219 -0.511398 0.364482
vn -0.778219 -0.511398 0.364482
vn -0.157108 0.859174 -0.486967
vn -0.141334 0.806561 -0.574007
vn -0.161044 0.800427 -0.577392
vn -0.165760 0.856707 -0.488444
vn 0.984961 0.167118 -0.043855
vn 0.983007 0.182587 -0.018925
vn 0.983316 0.180541 -0.022239
vn 0.984961 0.167118 -0.043855
vn -0.809991 -0.515921 0.278818
vn -0.661565 -0.746715 0.068909
vn -0.976975 0.131583 -0.167946
vn -0.987368 0.119854 -0.103631
vn -0.571203 0.708042 -0.415216
vn 0.797296 0.478740 -0.367596
vn 0.414225 0.806515 -0.421843
vn 0.143476 0.887009 -0.438897
vn 0.806746 0.562067 -0.182324
vn 0.892222 0.440732 -0.098467
vn 0.974165 -0.153350 0.165789
vn 0.984453 -0.060917 0.164747
vn 0.638860 -0.655464 0.402771
vn 0.649286 -0.697639 0.302867
vn -0.322937 -0.898689 0.296764
vn -0.269517 -0.860733 0.431856
vn -0.849152 -0.204268 -0.487048
vn -0.444337 -0.381194 -0.810713
vn -0.387817 -0.456276 -0.800881
vn 0.516783 -0.450656 -0.727904
vn 0.981334 -0.164149 -0.100191
vn 0.832658 0.216122 0.509874
vn 0.320682 0.468123 0.823422
vn -0.686757 0.441892 0.577145
vn -0.993104 0.113703 -0.028568
vn -0.814601 -0.248429 0.524127
vn -0.824811 -0.312404 0.471265
vn -0.986701 0.127240 -0.101147
vn -0.995645 -0.064800 -0.067018
vn -0.757060 0.171186 -0.630520
vn -0.588860 0.537525 -0.603581
vn 0.083150 0.687681 -0.721236
vn 0.041913 0.326203 -0.944370
vn 0.780810 0.089761 -0.618287
vn 0.706018 0.510615 -0.490724
vn 0.997857 -0.038861 0.052637
vn 0.982463 -0.178939 -0.052423
vn 0.790628 -0.334911 0.512583
vn 0.781840 -0.378059 0.495780
vn -0.056557 -0.608325 0.791670
vn -0.025064 -0.353688 0.935027
vn -0.364546 -0.854306 0.370497
vn -0.772707 -0.634753 0.003551
vn -0.413254 -0.766632 -0.491423
vn -0.182452 -0.957145 -0.224912
vn 0.025355 -0.649985 -0.759524
vn 0.012330 -0.479435 -0.877491
vn 0.680510 0.186392 -0.708635
vn 0.280091 0.251318 -0.926493
vn 0.429291 0.861278 -0.271865
vn 0.689072 0.699723 0.188595
vn 0.225413 0.738015 0.636021
vn 0.362594 0.865109 0.346572
vn 0.034308 0.493757 0.868923
vn -0.610683 0.208299 0.763988
vn -0.868847 -0.226323 0.440320
vn -0.353943 -0.270937 0.895163
vn -0.688342 -0.627438 -0.364015
vn -0.688342 -0.627438 -0.364015
vn -0.688342 -0.627438 -0.364015
vn -0.688342 -0.627438 -0.364015
vn 0.683867 0.069684 -0.726271
vn 0.683867 0.069684 -0.726271
vn 0.782220 0.153713 -0.603741
vn 0.142339 0.895369 -0.421965
vn 0.050117 0.818277 0.572635
vn -0.215146 0.953130 0.212735
vn -0.794251 0.520083 0.314133
vn -0.185154 -0.503957 0.843650
vn -0.951257 -0.207016 0.228592
vn -0.361300 -0.839214 0.406426
vn -0.505542 -0.844482 0.176854
vn -0.009760 -0.951144 -0.308592
vn 0.178544 -0.970185 -0.163900
vn 0.654815 -0.464761 -0.595999
vn 0.450193 -0.531869 -0.717246
vn 0.527661 0.167582 -0.832761
vn 0.766724 0.225786 -0.600961
vn 0.377221 0.869730 -0.318236
vn 0.161365 0.869432 -0.466957
vn -0.289710 0.955439 0.056616
vn -0.213794 0.967948 0.131791
vn -0.562568 0.519387 0.643238
vn -0.725857 0.495298 0.477297
vn -0.796967 -0.340286 0.499049
vn -0.592943 -0.287410 0.752206
vn -0.888952 0.215998 0.403867
vn -0.932025 -0.325623 0.159056
vn -0.898760 -0.412446 0.148722
vn -0.491402 0.749398 0.443764
vn -0.536636 0.704910 0.463814
vn -0.337860 0.829511 0.444704
vn -0.267218 0.859510 0.435703
vn -0.188758 0.854144 0.484570
vn -0.293745 0.840836 0.454653
vn -0.274679 0.836576 0.474016
vn -0.096443 0.833868 0.543472
vn 0.204012 0.833701 0.513149
vn -0.106448 0.882972 0.457197
vn 0.786353 0.037853 -0.616617
vn 0.679806 0.092672 -0.727513
vn 0.790056 0.523683 -0.318698
vn 0.821854 0.480084 -0.306717
vn 0.322810 -0.505914 -0.799903
vn 0.273367 -0.452851 -0.848644
vn 0.416595 -0.211676 -0.884106
vn 0.571047 -0.303166 -0.762886
vn -0.007461 -0.734222 -0.678868
vn 0.038133 -0.685070 -0.727479
vn 0.166380 -0.608340 -0.776041
vn 0.137845 -0.632147 -0.762488
vn -0.621475 -0.765125 -0.168379
vn -0.647372 -0.737936 -0.190683
vn -0.197325 -0.784568 -0.587805
vn -0.284169 -0.834238 -0.472540
vn -0.051080 -0.568464 -0.821121
vn -0.124059 -0.751239 -0.648266
vn -0.726550 -0.678497 -0.108470
vn -0.063846 0.186903 -0.980302
vn 0.110198 -0.111455 -0.987641
vn 0.038994 -0.409749 -0.911365
vn -0.509419 0.404516 0.759512
vn -0.509419 0.404516 0.759512
vn 0.164600 0.178626 -0.970051
vn 0.021380 0.174666 -0.984396
vn 0.113674 -0.977643 0.176899
vn 0.128772 -0.990097 -0.055917
vn 0.798503 -0.572796 -0.185196
vn 0.991406 0.070023 0.110502
vn 0.763973 0.606626 0.219887
vn 0.430586 0.621325 0.654637
vn 0.077070 0.348943 0.933970
vn 0.933487 0.347597 0.088193
vn 0.693415 0.685665 0.221446
vn -0.313952 0.883512 -0.347622
vn -0.320370 0.914608 -0.246689
vn -0.357971 0.904707 -0.231002
vn -0.641418 0.762251 -0.086928
vn -0.641418 0.762251 -0.086928
vn -0.432635 0.680467 -0.591432
vn -0.552233 -0.108176 -0.826642
vn -0.278376 0.789477 -0.547023
vn -0.568969 0.724333 -0.389378
vn 0.272913 0.951630 0.141138
vn 0.087608 0.995816 -0.025990
vn -0.171345 0.842554 -0.510630
vn -0.171345 0.842555 -0.510630
vn -0.486819 0.631673 -0.603322
vn -0.485875 0.632550 -0.603163
vn -0.260694 0.372763 -0.890554
vn -0.293300 0.361518 -0.885031
vn -0.312164 0.311577 -0.897482
vn -0.192692 0.712895 -0.674278
vn -0.187036 0.726626 -0.661084
vn -0.180137 0.794414 -0.580050
vn 0.812275 0.583274 -0.000024
vn 0.812275 0.583274 -0.000024
vn 0.812276 0.583274 -0.000024
vn 0.812276 0.583274 -0.000024
vn 0.775158 0.537851 -0.331431
vn 0.998769 0.018334 -0.046096
vn 0.079751 -0.923847 -0.374362
vn 0.079751 -0.923847 -0.374362
vn 0.079753 -0.923846 -0.374363
vn 0.079753 -0.923846 -0.374363
vn 0.079755 -0.923846 -0.374363
vn 0.079755 -0.923846 -0.374363
vn 0.079754 -0.923847 -0.374361
vn 0.079754 -0.923847 -0.374361
vn -0.897336 -0.441341 -0.002427
vn -0.897336 -0.441341 -0.002427
vn -0.897336 -0.441341 -0.002427
vn -0.897336 -0.441341 -0.002427
vn -0.971454 -0.203711 0.121567
vn -0.852967 -0.423769 0.304743
vn 0.929966 -0.245395 0.273761
vn 0.929966 -0.245395 0.273761
vn 0.929966 -0.245395 0.273761
vn 0.929966 -0.245395 0.273761
vn 0.929966 -0.245395 0.273761
vn 0.929966 -0.245395 0.273761
vn 0.929966 -0.245395 0.273760
vn 0.929966 -0.245395 0.273760
vn 0.078001 0.871985 -0.483279
vn 0.155211 0.857356 -0.490765
vn 0.244683 0.833342 -0.495653
vn -0.137906 0.814523 -0.563502
vn -0.450315 0.700231 -0.553979
vn 0.985756 -0.077535 0.149244
vn 0.981370 -0.043762 0.187077
vn 0.981370 -0.043762 0.187077
vn 0.919286 0.381407 -0.097166
vn 0.919287 0.381407 -0.097166
vn -0.136832 -0.844172 0.518315
vn -0.244946 -0.857576 0.452288
vn -0.331208 -0.858161 0.392251
vn 0.128552 -0.858468 0.496495
vn 0.600183 -0.637572 0.482994
vn -0.966408 -0.006833 -0.256924
vn -0.966408 -0.006833 -0.256924
vn -0.969725 -0.033079 -0.241950
vn -0.970024 -0.035864 -0.240347
vn -0.972333 -0.061839 -0.225264
vn -0.972333 -0.061839 -0.225264
vn -0.924330 -0.378662 -0.047214
vn -0.924330 -0.378662 -0.047214
vn 0.169205 0.582928 -0.794710
vn 0.227920 0.536607 -0.812469
vn 0.282558 0.489571 -0.824913
vn 0.074705 0.331561 -0.940472
vn -0.167401 0.120489 -0.978499
vn 0.682176 0.485718 0.546548
vn 0.682176 0.485718 0.546548
vn 0.733373 0.484349 0.477043
vn 0.722114 0.484983 0.493299
vn 0.764339 0.481448 0.428945
vn 0.764339 0.481448 0.428945
vn 0.773595 0.627844 0.085809
vn 0.773595 0.627844 0.085809
vn -0.293525 -0.665267 0.686486
vn 0.041403 -0.435145 0.899408
vn 0.326934 -0.159605 0.931472
vn -0.622400 -0.509240 -0.594384
vn -0.632855 -0.511263 -0.581467
vn -0.674476 -0.518142 -0.525938
vn -0.674476 -0.518142 -0.525938
vn -0.687788 -0.723268 -0.061892
vn -0.687788 -0.723268 -0.061892
vn 0.297789 0.944289 0.140141
vn -0.664370 0.740071 0.104437
vn -0.982188 -0.179344 -0.056059
vn 0.986008 0.162471 0.037296
vn 0.754637 0.643901 0.126152
vn -0.162670 -0.929588 -0.330762
vn 0.715307 -0.662010 -0.223785
vn -0.706046 -0.674844 -0.214671
vn 0.517824 0.588384 0.621018
vn -0.364079 0.413130 0.834728
vn -0.938573 -0.076382 0.336523
vn 0.877391 0.223337 -0.424624
vn 0.871538 0.475327 0.120355
vn -0.704868 -0.557289 -0.438851
vn 0.177717 -0.425300 -0.887432
vn -0.916566 -0.381804 -0.118882
vn -0.211117 0.653598 0.726801
vn -0.211117 0.653598 0.726801
vn -0.340388 0.849540 0.403011
vn -0.340388 0.849540 0.403011
vn -0.744048 0.533537 0.402157
vn -0.721795 0.560708 0.405732
vn -0.951105 0.083210 0.297448
vn -0.951105 0.083210 0.297448
vn 0.689550 0.467170 0.553419
vn 0.689550 0.467170 0.553419
vn 0.689550 0.467170 0.553419
vn 0.689550 0.467170 0.553419
vn 0.559730 0.819923 0.120117
vn 0.559730 0.819924 0.120117
vn 0.387770 0.894221 0.223614
vn 0.387770 0.894221 0.223614
vn 0.387770 0.894221 0.223614
vn 0.387770 0.894221 0.223614
vn 0.400178 -0.429696 0.809456
vn 0.400178 -0.429696 0.809456
vn 0.330094 -0.605933 -0.723798
vn 0.330094 -0.605933 -0.723798
vn 0.364909 -0.576289 -0.731254
vn 0.364900 -0.576297 -0.731252
vn 0.398888 -0.545458 -0.737132
vn 0.398888 -0.545458 -0.737132
vn -0.639911 -0.692345 0.333424
vn -0.639911 -0.692345 0.333424
vn -0.639911 -0.692345 0.333424
vn -0.639911 -0.692345 0.333424
vn -0.754746 -0.654433 -0.045570
vn -0.754746 -0.654433 -0.045570
vn -0.754746 -0.654433 -0.045570
vn -0.754746 -0.654433 -0.045570
vn -0.541266 -0.828128 -0.145726
vn -0.592731 -0.801547 -0.078692
vn -0.591932 -0.802029 -0.079785
vn -0.541266 -0.828128 -0.145726
vn 0.303867 0.253214 0.918449
vn 0.303867 0.253214 0.918449
vn 0.296966 0.612702 0.732399
vn 0.296966 0.612702 0.732399
vn -0.152041 0.582132 0.798753
vn -0.204296 0.570296 0.795629
vn -0.609991 0.408089 0.679245
vn -0.609991 0.408089 0.679245
vn 0.917761 -0.247628 0.310476
vn 0.917761 -0.247628 0.310476
vn 0.917761 -0.247628 0.310476
vn 0.917761 -0.247628 0.310476
vn 0.980900 0.194513 0.000481
vn 0.980900 0.194513 0.000481
vn 0.913813 0.336529 0.227363
vn 0.913813 0.336529 0.227363
vn 0.913813 0.336529 0.227363
vn 0.913813 0.336529 0.227363
vn 0.090398 -0.995660 0.022131
vn 0.090398 -0.995660 0.022131
vn -0.109911 0.154438 -0.981870
vn -0.109911 0.154438 -0.981870
vn -0.066700 0.163443 -0.984295
vn -0.067198 0.163341 -0.984279
vn -0.024108 0.171982 -0.984805
vn -0.024108 0.171982 -0.984805
vn -0.892601 -0.352622 0.280930
vn -0.892601 -0.352622 0.280930
vn -0.892601 -0.352622 0.280930
vn -0.892601 -0.352622 0.280930
vn -0.986868 -0.100563 0.126407
vn -0.986868 -0.100563 0.126407
vn -0.986868 -0.100563 0.126407
vn -0.986868 -0.100563 0.126407
vn -0.980477 -0.195556 0.020581
vn -0.982756 -0.181708 0.034246
vn -0.983050 -0.179730 0.036192
vn -0.980477 -0.195556 0.020581
vn 0.319569 -0.254192 0.912832
vn 0.319569 -0.254192 0.912832
vn 0.249783 -0.274335 0.928627
vn 0.249783 -0.274335 0.928627
vn 0.332809 -0.216480 0.917810
vn 0.333448 -0.216016 0.917687
vn 0.407609 -0.160132 0.899006
vn 0.407609 -0.160132 0.899006
vn -0.645789 -0.763515 -0.001420
vn -0.645789 -0.763515 -0.001420
vn -0.734357 -0.665339 -0.134324
vn -0.734357 -0.665339 -0.134324
vn -0.734357 -0.665339 -0.134324
vn -0.734357 -0.665339 -0.134324
vn -0.464103 -0.633993 0.618596
vn -0.464103 -0.633993 0.618596
vn -0.464103 -0.633993 0.618596
vn -0.464103 -0.633993 0.618596
vn -0.312979 0.268485 -0.911022
vn -0.185300 0.190321 -0.964076
vn -0.185300 0.190321 -0.964076
vn -0.248266 0.122397 -0.960928
vn -0.246289 0.124581 -0.961156
vn -0.311675 0.050423 -0.948850
vn -0.311675 0.050423 -0.948850
vn 0.651389 0.586097 0.481852
vn 0.651389 0.586097 0.481852
vn 0.651389 0.586097 0.481852
vn 0.651389 0.586097 0.481852
vn 0.792546 0.438749 0.423520
vn 0.792546 0.438749 0.423520
vn 0.792546 0.438749 0.423520
vn 0.792546 0.438749 0.423520
vn 0.711100 0.608721 -0.351847
vn 0.711100 0.608721 -0.351847
vn 0.711100 0.608721 -0.351847
vn 0.711100 0.608721 -0.351847
vn 0.115685 -0.834183 0.539218
vn 0.115685 -0.834183 0.539218
vn 0.076392 -0.953541 0.291416
vn 0.076392 -0.953542 0.291416
vn 0.174475 -0.942261 0.285838
vn 0.173597 -0.942404 0.285901
vn 0.270821 -0.921774 0.277468
vn 0.270821 -0.921774 0.277468
vn -0.985034 -0.164650 0.050966
vn -0.985034 -0.164650 0.050966
vn -0.989451 0.017740 -0.143775
vn -0.989451 0.017740 -0.143775
vn -0.989451 0.017740 -0.143775
vn -0.989451 0.017740 -0.143775
vn -0.726503 -0.654375 0.209728
vn -0.726503 -0.654375 0.209728
vn -0.726503 -0.654375 0.209728
vn -0.726503 -0.654375 0.209728
vn -0.174457 0.854150 -0.489890
vn -0.083022 0.910755 -0.404516
vn -0.083022 0.910755 -0.404516
vn -0.173102 0.897064 -0.406585
vn -0.172507 0.897180 -0.406583
vn -0.261568 0.875973 -0.405283
vn -0.261568 0.875973 -0.405283
vn 0.934859 -0.225964 0.273824
vn 0.934859 -0.225964 0.273824
vn 0.934859 -0.225964 0.273824
vn 0.934859 -0.225964 0.273824
vn 0.913811 -0.377499 0.149816
vn 0.913811 -0.377499 0.149816
vn 0.913811 -0.377499 0.149816
vn 0.913811 -0.377499 0.149816
vn 0.915001 0.347443 -0.205078
vn 0.915001 0.347443 -0.205078
vn 0.915001 0.347443 -0.205077
vn 0.915001 0.347443 -0.205078
vn -0.807005 0.093036 -0.583170
vn -0.988641 -0.129120 -0.076927
vn -0.829811 -0.293802 0.474441
vn 0.808931 0.041167 -0.586461
vn 0.004734 0.304760 -0.952418
vn 0.780519 -0.357373 0.512907
vn 0.978433 -0.198327 -0.057749
vn -0.039677 -0.384882 0.922113
vn 0.058432 -0.704059 -0.707734
vn -0.113131 -0.971302 -0.209221
vn -0.264199 -0.901423 0.342981
vn 0.499930 0.816494 -0.288803
vn 0.324536 0.159167 -0.932385
vn 0.144807 0.595238 0.790394
vn 0.397750 0.857961 0.325111
vn -0.272663 -0.222323 0.936070
vn 0.278385 -0.386605 -0.879226
vn 0.278385 -0.386605 -0.879226
vn 0.278385 -0.386605 -0.879226
vn 0.278385 -0.386605 -0.879226
vn 0.236585 -0.272523 -0.932609
vn -0.280492 -0.814600 -0.507692
vn -0.745424 -0.663530 -0.063808
vn 0.010550 0.190064 -0.981715
vn -0.939822 -0.333174 0.075691
vn -0.939822 -0.333174 0.075691
vn -0.971007 -0.235632 0.040277
vn 0.435240 0.882952 0.175961
vn -0.026741 -0.337213 0.941049
vn -0.634880 -0.304447 0.710098
vn -0.634880 -0.304447 0.710098
vn -0.025875 -0.337158 0.941092
vn -0.992216 -0.104722 0.067394
vn -0.992216 -0.104722 0.067394
vn -0.992216 -0.104722 0.067394
vn -0.992215 -0.104722 0.067394
vn -0.987409 -0.014499 -0.157525
vn -0.987409 -0.014499 -0.157525
vn -0.987409 -0.014499 -0.157525
vn -0.987409 -0.014499 -0.157525
vn -0.501614 0.314441 -0.805922
vn 0.020173 0.406814 -0.913288
vn 0.020210 0.406817 -0.913286
vn -0.501614 0.314441 -0.805922
vn 0.402814 0.399750 -0.823372
vn 0.402814 0.399750 -0.823372
vn 0.995152 0.087346 0.045196
vn 0.995152 0.087346 0.045196
vn 0.995152 0.087346 0.045196
vn 0.995152 0.087346 0.045196
vn 0.994481 0.076792 0.071484
vn 0.994481 0.076792 0.071484
vn 0.994481 0.076792 0.071484
vn 0.994481 0.076792 0.071484
vn 0.447779 -0.267358 0.853237
vn 0.447778 -0.267358 0.853237
vn -0.345955 -0.145234 0.926942
vn -0.394249 -0.621982 0.676540
vn -0.394249 -0.621982 0.676540
vn -0.345948 -0.145199 0.926950
vn -0.229693 -0.967039 -0.109892
vn -0.229693 -0.967039 -0.109892
vn -0.229693 -0.967039 -0.109892
vn -0.229693 -0.967039 -0.109892
vn -0.154079 -0.928819 -0.336978
vn -0.154079 -0.928819 -0.336978
vn -0.154079 -0.928819 -0.336978
vn -0.154079 -0.928819 -0.336978
vn 0.100227 -0.460690 -0.881884
vn 0.275825 0.163193 -0.947253
vn 0.275986 0.164004 -0.947066
vn 0.100227 -0.460690 -0.881884
vn 0.332927 0.596210 -0.730543
vn 0.332927 0.596210 -0.730543
vn 0.175260 0.963718 0.201324
vn 0.175260 0.963718 0.201324
vn 0.175260 0.963718 0.201324
vn 0.175260 0.963718 0.201324
vn 0.166441 0.959354 0.227896
vn 0.166441 0.959354 0.227896
vn 0.166441 0.959354 0.227896
vn 0.166441 0.959354 0.227896
vn -0.246017 0.234739 0.940411
vn -0.246017 0.234739 0.940411
s 1
g pCube1
usemtl pCube1SG
f 101/1/1 1/2/2 98/3/3 97/4/4
f 99/5/5 2/6/6 103/7/7 102/8/8
f 104/9/9 3/10/10 107/11/11 106/12/12
s 3
f 114/13/13 5/14/14 111/15/15 110/16/16
f 112/17/17 6/18/18 116/19/19 115/20/20
f 117/21/21 7/22/22 120/23/23 119/24/24
f 126/25/25 9/26/26 113/27/27 123/28/28
f 124/29/29 10/30/30 118/31/31 127/32/32
f 128/33/33 11/34/34 122/35/35 130/36/36
f 136/424/37 13/38/38 125/39/39 133/474/40
f 141/401/41 85/42/42 138/43/43 137/473/44
f 145/413/45 15/477/46 132/47/47 142/472/48
f 149/49/49 17/50/50 135/51/51 146/52/52
f 147/53/53 18/54/54 151/470/55 150/56/56
f 152/57/57 19/58/58 144/59/59 154/60/60
f 160/61/61 21/62/62 148/63/63 157/64/64
f 158/65/65 22/66/66 153/67/67 161/68/68
f 162/69/69 23/70/70 156/71/71 164/72/72
f 171/73/73 90/74/74 168/75/75 167/76/76
f 169/77/77 91/78/78 173/79/79 172/80/80
f 174/81/81 92/82/82 177/83/83 176/84/84
s 10
f 184/85/85 49/86/86 181/87/87 180/88/88
s 1
f 187/464/89 30/90/90 175/91/91 185/469/92
s 12
f 192/93/93 53/94/94 189/95/95 188/96/96
s off
f 108/97/97 4/98/98 194/99/99 193/100/100
s 3
f 121/101/101 8/102/102 197/103/103 196/104/104
s 13
f 378/105/105 377/106/106 379/107/107 380/108/108
s off
f 171/73/109 29/109/110 204/110/111 203/111/112
s 3
f 160/61/61 25/112/113 207/113/114 206/114/115
s 14
f 386/501/116 387/116/117 388/117/118 389/118/119
s 15
f 216/119/120 29/109/121 170/120/122 213/121/123
s 1
f 214/122/124 30/90/90 187/464/89 217/123/125
f 218/124/126 2/6/6 98/3/127 220/125/128
s 17
f 221/126/129 1/2/130 204/462/131 223/127/132
s 18
f 228/128/133 31/129/134 179/130/135 225/131/136
s 19
f 226/132/137 32/133/138 194/460/139 229/134/140
s 1
f 230/135/141 4/98/142 107/11/143 232/136/144
f 233/137/145 3/10/10 186/458/146 235/139/147
s 21
f 240/140/148 33/141/149 215/142/150 237/143/151
f 238/144/152 34/145/153 219/454/154 241/147/155
f 242/148/156 35/149/157 222/150/158 244/151/159
f 245/152/160 36/153/161 224/447/162 247/155/163
s 22
f 252/156/164 37/157/165 227/158/166 249/159/167
f 250/160/168 38/161/169 231/441/170 253/163/171
f 254/164/172 39/165/173 234/166/174 256/167/175
f 257/168/176 40/169/177 236/434/178 259/171/179
s 23
f 263/524/180 41/479/181 239/174/182 261/528/183
s off
f 262/176/184 42/177/185 243/178/186 264/527/187
s 24
f 270/511/188 58/181/189 267/182/190 266/525/191
s off
f 272/516/192 44/448/193 248/186/194 271/523/195
s 25
f 275/518/196 45/478/197 251/190/198 273/522/199
s off
f 274/192/200 46/193/201 255/194/202 276/521/203
s 26
f 282/505/204 62/197/205 279/198/206 278/519/207
s off
f 284/510/208 48/435/209 260/202/210 283/517/211
s 27
f 287/204/212 43/450/213 246/206/214 285/207/215
s off
f 286/208/216 44/448/217 272/516/218 288/209/219
s 10
f 289/210/220 52/211/221 183/212/222 290/213/223
s 28
f 291/214/224 51/215/225 265/513/226 292/217/227
s 29
f 295/218/228 47/437/229 258/220/230 293/221/231
s off
f 294/222/232 48/435/233 284/510/234 296/223/235
s 12
f 297/224/236 56/225/237 191/226/238 298/227/239
s 30
f 299/228/240 55/229/241 277/507/242 300/231/243
s 3
f 304/232/244 12/233/245 198/430/246 301/235/247
f 302/236/248 24/237/249 155/238/250 305/239/251
f 306/240/252 20/241/253 143/428/254 308/243/255
f 309/244/256 16/245/257 131/246/258 311/247/259
f 316/248/260 21/62/62 208/426/261 313/250/262
f 314/251/263 9/26/26 126/25/25 317/252/264
f 318/253/265 13/38/38 136/424/37 320/254/266
f 321/255/267 17/50/50 149/49/49 323/256/268
f 327/257/269 66/258/270 303/422/271 325/260/272
f 326/261/273 65/262/274 307/263/275 328/264/276
f 329/265/277 67/266/278 310/420/279 330/268/280
f 331/269/281 68/270/282 312/271/283 332/272/284
f 335/273/285 69/274/286 315/418/287 333/276/288
f 334/277/289 70/278/290 319/279/291 336/280/292
f 337/281/293 71/282/294 322/416/295 338/284/296
f 339/285/297 72/286/298 324/287/299 340/288/300
s off
f 344/289/301 14/480/302 129/291/303 341/292/304
s 3
f 342/293/305 15/46/306 145/414/45 345/294/307
f 346/295/308 19/471/58 151/55/309 348/296/310
f 349/297/311 18/475/54 134/410/312 351/299/313
f 355/300/314 81/301/315 343/302/316 353/303/317
f 354/304/318 82/305/319 347/406/320 356/307/321
f 357/308/322 83/309/323 350/310/324 358/311/325
f 359/312/326 84/313/327 352/403/328 360/315/329
f 363/316/330 90/74/74 205/400/331 361/318/332
f 363/316/330 25/112/113 159/319/333 364/320/334
f 365/321/335 26/322/336 163/323/337 366/324/338
f 367/325/339 27/326/340 166/327/341 368/328/342
f 371/329/343 94/330/344 195/397/345 370/332/346
f 373/333/347 95/334/348 109/335/349 372/336/350
f 375/337/351 96/338/352 105/339/353 374/340/354
f 362/341/355 89/342/356 100/343/357 376/344/358
s 1
f 98/3/3 2/6/6 99/5/5 97/4/4
s 3
f 99/5/359 96/338/352 100/343/357 97/4/360
f 100/343/357 89/342/356 101/1/361 97/4/360
s 1
f 103/7/7 3/10/10 104/9/9 102/8/362
s 3
f 104/9/363 95/334/348 105/339/353 102/8/364
f 105/339/353 96/338/352 99/5/359 102/8/364
s 1
f 107/11/11 4/98/365 108/97/366 106/12/12
s 3
f 108/97/367 94/330/344 109/335/349 106/12/368
f 109/335/349 95/334/348 104/9/363 106/12/368
f 111/15/15 6/18/18 112/17/17 110/16/16
f 112/17/17 10/30/30 113/27/27 110/16/16
f 113/27/27 9/26/26 114/13/13 110/16/16
f 116/19/19 7/22/22 117/21/21 115/20/20
f 117/21/21 11/34/34 118/31/31 115/20/20
f 118/31/31 10/30/30 112/17/17 115/20/20
f 120/23/23 8/102/102 121/101/101 119/24/24
f 121/101/101 12/233/245 122/35/35 119/24/24
f 122/35/35 11/34/34 117/21/21 119/24/24
f 113/27/27 10/30/30 124/29/29 123/28/28
f 124/29/29 14/290/369 125/39/39 123/28/28
f 125/39/39 13/38/38 126/25/25 123/28/28
f 118/31/31 11/34/34 128/33/33 127/32/32
f 128/33/33 15/477/46 129/476/370 127/32/32
f 129/476/370 14/290/369 124/29/29 127/32/32
f 122/35/35 12/233/245 131/246/258 130/36/36
f 131/246/258 16/245/257 132/47/47 130/36/36
f 132/47/47 15/477/46 128/33/33 130/36/36
f 125/39/39 14/290/369 134/408/312 133/474/40
f 134/409/312 18/54/54 135/51/51 133/40/40
f 135/51/51 17/50/50 136/37/37 133/40/40
f 138/43/43 86/345/371 139/346/372 137/473/44
f 139/404/372 87/347/373 140/348/374 137/44/44
f 140/348/374 88/349/375 141/41/41 137/44/44
f 132/47/47 16/245/257 143/242/254 142/472/48
f 143/428/254 20/241/253 144/59/59 142/48/48
f 144/59/59 19/58/58 145/412/45 142/48/48
f 135/51/51 18/54/54 147/53/53 146/52/52
f 147/53/53 22/66/66 148/63/63 146/52/52
f 148/63/63 21/62/62 149/49/49 146/52/52
f 151/470/55 19/58/58 152/57/57 150/56/56
f 152/57/57 23/70/70 153/67/67 150/56/56
f 153/67/67 22/66/66 147/53/53 150/56/56
f 144/59/59 20/241/253 155/238/250 154/60/60
f 155/238/250 24/237/249 156/71/71 154/60/60
f 156/71/71 23/70/70 152/57/57 154/60/60
f 148/63/63 22/66/66 158/65/65 157/64/64
f 158/65/65 26/322/336 159/319/333 157/64/64
f 159/319/333 25/112/113 160/61/61 157/64/64
f 153/67/67 23/70/70 162/69/69 161/68/68
f 162/69/69 27/326/340 163/323/337 161/68/68
f 163/323/337 26/322/336 158/65/65 161/68/68
f 156/71/71 24/237/249 165/350/376 164/72/72
f 165/350/376 28/351/377 166/327/341 164/72/72
f 166/327/341 27/326/340 162/69/69 164/72/72
f 168/75/75 91/78/78 169/77/77 167/76/76
s 1
f 169/77/378 30/90/90 170/120/379 167/76/380
f 170/120/379 29/109/381 171/73/382 167/76/380
s 3
f 173/79/79 92/82/82 174/81/81 172/80/80
s 1
f 174/81/383 31/129/384 175/91/91 172/80/385
f 175/91/91 30/90/90 169/77/378 172/80/386
s 3
f 177/83/83 93/352/387 178/353/388 176/84/84
s 1
f 178/353/389 32/133/390 179/130/391 176/84/392
f 179/130/391 31/129/384 174/81/383 176/84/392
s 10
f 181/87/87 50/354/393 182/355/394 180/88/88
f 182/355/394 51/215/395 183/212/222 180/88/88
f 183/212/222 52/211/221 184/85/85 180/88/88
s 1
f 175/91/91 31/129/384 186/138/146 185/469/92
f 186/458/146 3/10/10 103/7/7 185/92/92
f 103/7/7 2/6/6 187/89/89 185/92/92
s 12
f 189/95/95 54/356/396 190/357/397 188/96/96
f 190/357/397 55/229/398 191/226/238 188/96/96
f 191/226/238 56/225/237 192/93/93 188/96/96
s off
f 194/460/399 32/133/400 178/353/401 193/468/402
s 3
f 178/353/388 93/352/387 195/331/345 193/468/403
f 195/397/345 94/330/344 108/97/367 193/100/403
f 197/395/103 28/351/377 165/350/376 196/467/104
f 165/350/376 24/237/249 198/234/404 196/467/104
f 198/430/404 12/233/245 121/101/101 196/104/104
s 41
f 379/107/405 381/358/406 382/503/407 380/108/408
f 382/359/407 383/360/409 384/361/410 380/108/408
s 13
f 384/361/411 385/362/412 378/105/105 380/108/108
s off
f 204/462/413 1/2/414 101/1/415 203/466/416
s 3
f 101/1/361 89/342/356 205/317/331 203/466/417
f 205/400/331 90/74/74 171/73/73 203/111/417
f 207/398/114 5/14/14 114/13/13 206/465/115
f 114/13/13 9/26/26 208/249/418 206/465/115
f 208/426/418 21/62/62 160/61/61 206/114/115
s 42
f 388/117/419 390/363/420 391/364/421 389/118/422
f 391/364/421 392/365/423 393/366/424 389/118/422
s 14
f 393/366/425 394/367/426 386/115/116 389/118/119
s 15
f 170/120/122 30/90/427 214/122/428 213/121/123
f 214/122/428 34/145/429 215/142/430 213/121/123
f 215/142/430 33/141/431 216/119/120 213/121/123
s 1
f 187/89/89 2/6/6 218/124/126 217/463/432
f 218/124/126 35/149/433 219/146/434 217/463/432
f 219/454/435 34/145/436 214/122/124 217/123/125
f 98/3/127 1/2/437 221/126/438 220/125/128
f 221/126/438 36/153/439 222/150/440 220/125/128
f 222/150/440 35/149/441 218/124/126 220/125/128
s 43
f 204/110/442 29/109/443 216/119/444 223/461/445
f 216/119/444 33/141/446 224/154/447 223/461/445
s 17
f 224/447/448 36/153/449 221/126/129 223/127/132
s 18
f 179/130/135 32/133/450 226/132/451 225/131/136
f 226/132/451 38/161/452 227/158/453 225/131/136
f 227/158/453 37/157/454 228/128/133 225/131/136
s 44
f 194/99/455 4/98/456 230/135/457 229/459/458
f 230/135/457 39/165/459 231/162/460 229/459/458
s 19
f 231/441/461 38/161/462 226/132/137 229/134/140
s 1
f 107/11/143 3/10/10 233/137/145 232/136/144
f 233/137/145 40/169/463 234/166/464 232/136/144
f 234/166/464 39/165/465 230/135/141 232/136/144
f 186/138/146 31/129/384 228/128/466 235/457/467
f 228/128/466 37/157/468 236/170/469 235/457/467
f 236/434/470 40/169/471 233/137/145 235/139/147
s 21
f 215/142/150 34/145/153 238/144/152 237/143/151
f 238/144/152 42/456/472 239/455/473 237/143/151
f 239/455/473 41/173/474 240/140/148 237/143/151
f 219/146/154 35/149/157 242/148/156 241/453/155
f 242/148/156 43/205/475 243/451/476 241/453/155
f 243/452/476 42/456/472 238/144/152 241/147/155
f 222/150/158 36/153/161 245/152/160 244/151/159
f 245/152/160 44/185/477 246/449/478 244/151/159
f 246/449/478 43/205/475 242/148/156 244/151/159
f 224/154/162 33/141/149 240/140/148 247/446/163
f 240/140/148 41/173/474 248/444/479 247/446/163
f 248/445/479 44/185/477 245/152/160 247/155/163
s 22
f 227/158/166 38/161/169 250/160/168 249/159/167
f 250/160/168 46/443/480 251/442/481 249/159/167
f 251/442/481 45/189/482 252/156/164 249/159/167
f 231/162/170 39/165/173 254/164/172 253/440/171
f 254/164/172 47/219/483 255/438/484 253/440/171
f 255/439/484 46/443/480 250/160/168 253/163/171
f 234/166/174 40/169/177 257/168/176 256/167/175
f 257/168/176 48/201/485 258/436/486 256/167/175
f 258/436/486 47/219/483 254/164/172 256/167/175
f 236/170/178 37/157/165 252/156/164 259/433/179
f 252/156/164 45/189/482 260/431/487 259/433/179
f 260/432/487 48/201/485 257/168/176 259/171/179
s 23
f 239/174/182 42/177/488 262/176/489 261/528/183
s 45
f 262/526/490 50/354/491 181/87/492 261/175/493
f 181/87/492 49/86/494 263/172/495 261/175/493
s off
f 243/178/496 43/450/497 265/216/498 264/527/499
s 28
f 265/513/226 51/215/225 182/355/500 264/179/501
s off
f 182/355/502 50/354/503 262/526/504 264/179/505
s 24
f 267/182/190 57/368/506 268/369/507 266/525/191
s 46
f 268/514/508 59/370/509 269/371/510 266/183/511
f 269/371/510 60/372/512 270/180/513 266/183/511
s off
f 248/186/514 41/479/515 263/524/516 271/523/517
f 263/172/518 49/86/519 184/85/520 271/187/521
s 47
f 184/85/522 52/211/523 272/184/524 271/187/525
s 25
f 251/190/198 46/193/526 274/192/527 273/522/199
s 48
f 274/520/528 54/356/529 189/95/530 273/191/531
f 189/95/530 53/94/532 275/188/533 273/191/531
s off
f 255/194/534 47/437/535 277/230/536 276/521/537
s 30
f 277/507/242 55/229/241 190/357/538 276/195/539
s off
f 190/357/540 54/356/541 274/520/542 276/195/543
s 26
f 279/198/206 61/373/544 280/374/545 278/519/207
s 49
f 280/508/546 63/375/547 281/376/548 278/199/549
f 281/376/548 64/377/550 282/196/551 278/199/549
s off
f 260/202/552 45/478/553 275/518/554 283/517/555
f 275/188/556 53/94/557 192/93/558 283/203/559
s 50
f 192/93/560 56/225/561 284/200/562 283/203/563
s 27
f 246/206/214 44/448/564 286/208/565 285/207/215
s 51
f 286/208/566 57/368/567 267/182/568 285/207/569
f 267/182/568 58/181/570 287/204/571 285/207/569
s 47
f 272/184/524 52/211/523 289/210/572 288/515/573
s off
f 289/210/574 59/370/575 268/514/576 288/515/577
f 268/369/578 57/368/579 286/208/580 288/209/581
s 10
f 183/212/222 51/215/395 291/214/582 290/213/223
s 52
f 291/214/583 60/372/584 269/371/585 290/213/586
f 269/371/585 59/370/587 289/210/588 290/213/586
s off
f 265/216/589 43/450/590 287/204/591 292/512/592
f 287/204/593 58/181/594 270/511/595 292/512/596
f 270/180/597 60/372/598 291/214/599 292/217/600
s 29
f 258/220/230 48/435/601 294/222/602 293/221/231
s 53
f 294/222/603 61/373/604 279/198/605 293/221/606
f 279/198/605 62/197/607 295/218/608 293/221/606
s 50
f 284/200/562 56/225/561 297/224/609 296/509/610
s off
f 297/224/611 63/375/612 280/508/613 296/509/614
f 280/374/615 61/373/616 294/222/617 296/223/618
s 12
f 191/226/238 55/229/398 299/228/619 298/227/239
s 54
f 299/228/620 64/377/621 281/376/622 298/227/623
f 281/376/622 63/375/624 297/224/625 298/227/623
s off
f 277/230/626 47/437/627 295/218/628 300/506/629
f 295/218/630 62/197/631 282/505/632 300/506/633
f 282/196/634 64/377/635 299/228/636 300/231/637
s 3
f 198/234/246 24/237/249 302/236/248 301/429/247
f 302/236/248 65/262/274 303/259/271 301/429/247
f 303/422/271 66/258/270 304/232/244 301/235/247
f 155/238/250 20/241/253 306/240/252 305/239/251
f 306/240/252 67/266/278 307/263/275 305/239/251
f 307/263/275 65/262/274 302/236/248 305/239/251
f 143/242/254 16/245/257 309/244/256 308/427/255
f 309/244/256 68/270/282 310/267/279 308/427/255
f 310/420/279 67/266/278 306/240/252 308/243/255
f 131/246/258 12/233/245 304/232/244 311/247/259
f 304/232/244 66/258/270 312/271/283 311/247/259
f 312/271/283 68/270/282 309/244/256 311/247/259
f 208/249/261 9/26/26 314/251/263 313/425/262
f 314/251/263 70/278/290 315/275/287 313/425/262
f 315/418/287 69/274/286 316/248/260 313/250/262
f 126/25/25 13/38/38 318/253/265 317/252/264
f 318/253/265 71/282/294 319/279/291 317/252/264
f 319/279/291 70/278/290 314/251/263 317/252/264
f 136/37/37 17/50/50 321/255/267 320/423/266
f 321/255/267 72/286/298 322/283/295 320/423/266
f 322/416/295 71/282/294 318/253/265 320/254/266
f 149/49/49 21/62/62 316/248/260 323/256/268
f 316/248/260 69/274/286 324/287/299 323/256/268
f 324/287/299 72/286/298 321/255/267 323/256/268
f 303/259/271 65/262/274 326/261/273 325/421/272
f 326/261/273 73/497/638 199/498/639 325/421/272
f 199/499/639 74/500/640 327/257/269 325/260/272
f 307/263/275 67/266/278 329/265/277 328/264/276
f 329/265/277 75/495/641 200/496/642 328/264/276
f 200/496/642 73/497/638 326/261/273 328/264/276
f 310/267/279 68/270/282 331/269/281 330/419/280
f 331/269/281 76/492/643 201/493/644 330/419/280
f 201/494/644 75/495/641 329/265/277 330/268/280
f 312/271/283 66/258/270 327/257/269 332/272/284
f 327/257/269 74/500/640 202/491/645 332/272/284
f 202/491/645 76/492/643 331/269/281 332/272/284
f 315/275/287 70/278/290 334/277/289 333/417/288
f 334/277/289 78/490/646 209/488/647 333/417/288
f 209/489/647 77/482/648 335/273/285 333/276/288
f 319/279/291 71/282/294 337/281/293 336/280/292
f 337/281/293 79/487/649 210/486/650 336/280/292
f 210/486/650 78/490/646 334/277/289 336/280/292
f 322/283/295 72/286/298 339/285/297 338/415/296
f 339/285/297 80/485/651 211/483/652 338/415/296
f 211/484/652 79/487/649 337/281/293 338/284/296
f 324/287/299 69/274/286 335/273/285 340/288/300
f 335/273/285 77/482/648 212/481/653 340/288/300
f 212/481/653 80/485/651 339/285/297 340/288/300
s off
f 129/291/654 15/46/655 342/293/656 341/292/657
s 3
f 342/293/658 82/305/319 343/302/316 341/292/659
f 343/302/316 81/301/315 344/289/660 341/292/659
f 145/45/45 19/471/58 346/295/308 345/411/307
f 346/295/308 83/309/323 347/306/320 345/411/661
f 347/406/320 82/305/319 342/293/658 345/294/661
f 151/55/309 18/475/54 349/297/311 348/296/310
f 349/297/311 84/313/327 350/310/324 348/296/310
f 350/310/324 83/309/323 346/295/308 348/296/310
f 134/298/312 14/480/662 344/289/663 351/407/313
f 344/289/660 81/301/315 352/314/328 351/407/664
f 352/403/328 84/313/327 349/297/311 351/299/664
f 343/302/316 82/305/319 354/304/318 353/303/317
f 354/304/318 86/345/371 138/43/43 353/303/317
f 138/43/43 85/42/42 355/300/314 353/303/317
f 347/306/320 83/309/323 357/308/322 356/405/321
f 357/308/322 87/347/373 139/404/372 356/405/321
f 139/346/372 86/345/371 354/304/318 356/307/321
f 350/310/324 84/313/327 359/312/326 358/311/325
f 359/312/326 88/349/375 140/348/374 358/311/325
f 140/348/374 87/347/373 357/308/322 358/311/325
f 352/314/328 81/301/315 355/300/314 360/402/329
f 355/300/314 85/42/42 141/401/41 360/402/329
f 141/41/41 88/349/375 359/312/326 360/315/329
f 205/317/331 89/342/356 362/341/355 361/399/332
f 362/341/355 5/14/14 207/398/114 361/399/332
f 207/113/114 25/112/113 363/316/330 361/318/332
f 159/319/333 26/322/336 365/321/335 364/320/334
f 365/321/335 91/78/78 168/75/75 364/320/334
f 168/75/75 90/74/74 363/316/330 364/320/334
f 163/323/337 27/326/340 367/325/339 366/324/338
f 367/325/339 92/82/82 173/79/79 366/324/338
f 173/79/79 91/78/78 365/321/335 366/324/338
f 166/327/341 28/351/377 369/394/665 368/328/342
f 369/394/665 93/352/387 177/83/83 368/328/342
f 177/83/83 92/82/82 367/325/339 368/328/342
f 195/331/345 93/352/387 369/394/665 370/396/346
f 369/394/665 28/351/377 197/395/103 370/396/346
f 197/103/103 8/102/102 371/329/343 370/332/346
f 109/335/349 94/330/344 371/329/343 372/336/350
f 371/329/343 8/102/102 120/23/23 372/336/350
f 120/23/23 7/22/22 373/333/347 372/336/350
f 105/339/353 95/334/348 373/333/347 374/340/354
f 373/333/347 7/22/22 116/19/19 374/340/354
f 116/19/19 6/18/18 375/337/351 374/340/354
f 100/343/357 96/338/352 375/337/351 376/344/358
f 375/337/351 6/18/18 111/15/15 376/344/358
f 111/15/15 5/14/14 362/341/355 376/344/358
s 55
f 202/385/666 74/380/667 377/106/668 378/105/669
s off
f 74/380/670 199/379/671 379/107/672 377/106/673
f 199/379/674 73/378/675 381/358/676 379/107/677
s 56
f 73/378/678 200/504/679 382/503/680 381/358/681
f 200/382/679 75/381/682 383/360/683 382/359/680
s off
f 75/381/684 201/384/685 384/361/686 383/360/687
f 201/384/688 76/383/689 385/362/690 384/361/691
s 55
f 76/383/692 202/385/666 378/105/669 385/362/693
s 57
f 212/393/694 77/388/695 387/116/696 386/501/697
s off
f 77/388/698 209/387/699 388/117/700 387/116/701
f 209/387/702 78/386/703 390/363/704 388/117/705
s 58
f 78/386/706 210/390/707 391/364/708 390/363/709
f 210/390/707 79/389/710 392/365/711 391/364/708
s off
f 79/389/712 211/392/713 393/366/714 392/365/715
f 211/392/716 80/391/717 394/367/718 393/366/719
s 57
f 80/391/720 212/502/694 386/115/697 394/367/721
