# This file uses centimeters as units for non-parametric coordinates.

mtllib roll_frame08.mtl
g default
v -14.433799 54.358803 25.753038
v -1.400954 54.581497 23.321930
v 10.360450 55.286953 20.678312
v 23.217291 60.544701 20.227694
v -7.121422 50.186024 51.201202
v 2.888701 40.565498 44.939819
v 19.932646 40.681271 38.551792
v 31.632919 50.436512 36.663036
v 5.502631 45.921150 83.028603
v 11.519983 38.802670 69.444626
v 25.497093 36.602043 63.844673
v 37.839825 40.362652 66.683990
v 9.919397 44.830967 92.792587
v 21.127617 41.967178 87.184441
v 31.694576 40.269604 83.125587
v 42.366802 36.322906 76.150948
v 6.278755 52.629326 94.285133
v 22.002396 53.743313 89.716957
v 35.975151 51.541260 84.120377
v 48.286274 44.161465 73.566925
v 4.594192 52.440979 84.425102
v 16.613316 61.667885 73.191902
v 30.595882 59.476578 67.591011
v 41.512661 46.465324 66.340790
v -6.175944 62.700008 54.084507
v 6.407692 66.594017 50.337605
v 20.599873 66.643661 45.010616
v 32.622040 63.244240 39.602886
v -13.697059 65.384270 21.044649
v -0.648896 63.053585 16.884037
v 10.999950 59.933876 12.025958
v 21.559525 67.697227 12.681865
v -12.254865 41.456692 -6.146631
v -4.691556 41.624928 -6.002729
v -4.796298 31.607063 1.312457
v -12.294234 31.600552 1.058301
v 32.625305 35.084560 1.648412
v 39.221054 39.247528 1.955288
v 41.839645 34.017567 12.013266
v 35.262711 29.816622 11.638067
v -13.923862 24.718685 -34.184742
v -7.064107 27.265764 -35.509769
v -2.760147 17.063261 -36.965103
v -9.784064 15.167959 -35.634533
v 29.071035 49.692535 -23.187658
v 36.201885 50.936260 -22.245173
v 37.835751 39.831196 -24.932926
v 30.551460 39.511810 -26.272791
v -15.518814 24.945961 -38.930538
v -7.266051 27.750622 -40.595993
v 0.058588 12.106160 -42.604820
v -11.310219 9.910642 -41.361473
v 29.415092 52.543922 -28.337326
v 38.142662 53.147774 -26.846136
v 40.927555 38.667049 -30.158417
v 29.421087 38.590591 -32.431690
v -8.647079 4.218616 -29.645004
v 0.643734 4.582471 -29.755310
v -8.539905 1.174554 -31.474421
v 0.747507 1.549756 -31.587698
v 30.807434 22.801676 -34.620296
v 39.921497 22.656353 -32.824902
v 31.462629 24.447016 -37.696564
v 40.576466 24.330807 -35.898617
v 49.309853 18.835913 56.042900
v 42.400520 20.082239 62.753792
v 57.356792 21.452803 62.202358
v 50.437401 21.847984 69.508224
v -3.172968 27.191233 105.914284
v 4.768809 26.831005 100.578247
v 7.331984 35.369709 106.249725
v -1.992600 35.819935 110.540886
v 43.615429 -6.144979 72.499809
v 36.716202 -1.342493 77.481613
v 46.195713 -5.059377 75.026451
v 39.295906 -0.256686 80.009224
v 19.113194 14.126065 121.556450
v 24.827267 14.730918 113.651711
v 26.043524 18.114084 114.789780
v 20.329451 17.509232 122.694511
v 24.104528 40.581074 101.594215
v 37.703114 38.207870 94.435219
v 39.768848 52.926910 88.031303
v 20.848349 56.147884 97.793327
v 36.770641 48.700989 118.278122
v 49.170921 46.609013 110.357224
v 48.977104 64.028366 106.104591
v 37.156139 66.022606 113.655441
v -13.187401 55.102840 32.180744
v -12.784418 67.097191 32.966351
v -0.326898 70.351105 30.088537
v 10.666396 70.459862 24.805183
v 22.549562 70.089020 20.570778
v 22.847506 58.774433 20.171389
v 11.983028 52.450569 22.148895
v -1.729144 51.250679 27.386803
v -8.879138 53.666153 28.112679
v -8.981119 52.902802 25.791275
v -2.359942 53.228951 25.390371
v -8.330041 52.424133 30.436867
v -14.276716 55.794052 28.887077
v 4.030058 53.418045 22.313440
v 4.095712 53.599937 21.217514
v 10.435061 54.771358 20.634327
v 5.208013 51.469032 24.178879
v 16.957226 57.440731 20.826462
v 18.116905 57.214088 21.059551
v 22.045599 60.998726 19.894283
v 18.172884 55.099026 21.062323
v 0.422663 44.296463 61.418411
v -3.560741 44.979527 48.510220
v 6.013837 39.942657 57.705944
v 5.249682 42.883034 74.558319
v -3.554456 48.782196 65.287888
v 14.356958 39.133301 53.102303
v 11.337820 39.786808 41.557541
v 23.537907 38.434464 50.875645
v 18.792658 38.893944 66.831825
v 30.487911 41.659355 49.586124
v 27.108919 45.221096 37.020576
v 35.887249 44.809570 49.165169
v 33.121494 38.647144 62.533150
v 11.185308 41.258507 83.115402
v 17.196560 39.011089 80.981697
v 14.719012 42.297810 90.535683
v 8.275038 43.560608 88.986900
v 23.056683 38.093163 77.857063
v 29.439745 37.077251 76.076225
v 26.955950 39.309227 88.209633
v 34.638725 37.392078 72.787025
v 39.565311 36.239174 71.903000
v 37.635704 37.665112 80.624725
v 16.224276 48.149990 93.337479
v 22.244284 47.427162 90.661659
v 14.956103 54.753185 93.596786
v 8.788318 49.150738 94.259262
v 45.818787 51.765503 117.690643
v 43.007301 47.275135 114.475174
v 51.349327 53.546356 109.870628
v 43.255070 67.064575 109.636497
v 36.330879 56.063885 119.471741
v 40.739845 42.821194 83.070381
v 45.671947 40.212528 75.833954
v 44.252747 48.412613 81.281960
v 34.522633 45.425903 86.010567
v 12.134687 57.708652 86.953049
v 20.545839 58.284325 84.514923
v 8.103504 60.513870 78.300575
v 3.148121 51.902863 90.127426
v 27.596153 57.188126 81.659142
v 29.353363 53.423927 88.775230
v 34.823601 55.972923 78.816132
v 23.585890 60.579689 70.401237
v 41.921986 52.358139 74.348145
v 46.101387 45.405430 68.298630
v 38.850300 55.560707 65.045174
v 3.920904 63.673710 65.335670
v 11.765514 64.222710 61.662621
v -0.826669 65.875267 52.884258
v -2.218545 60.318501 68.122200
v 18.809731 63.531906 58.905273
v 25.797714 62.899895 56.183384
v 13.532518 66.599449 47.657967
v 33.609085 60.804245 53.537872
v 38.844513 56.137947 51.240437
v 27.635162 66.096878 42.220272
v -8.041707 69.660851 25.988604
v -7.320042 69.873917 31.725838
v -1.144924 70.088684 25.156769
v -8.060765 67.811172 20.356611
v -13.643214 67.153259 26.788618
v 4.264166 69.270470 22.541424
v 5.372675 70.330864 28.090807
v 9.359001 69.255669 19.397175
v 4.142136 66.745888 17.487665
v 15.765704 70.287430 16.770390
v 17.195358 71.316597 22.176582
v 21.074919 70.034149 16.087305
v 16.132053 66.873001 11.955832
v -8.691381 19.682140 -41.503757
v -12.361954 28.775726 -39.605984
v -3.375581 21.739738 -41.822468
v -5.503767 10.778944 -42.287529
v -14.492730 18.387444 -39.733517
v 5.563758 52.685982 20.848009
v 18.551117 47.459244 11.814672
v -1.010054 51.932289 12.376158
v 34.519226 46.827553 -28.973986
v 33.503033 55.077354 -26.952459
v 40.222710 47.166122 -28.088938
v 35.157864 38.608913 -31.232317
v 28.799345 46.593204 -30.138824
v 22.832884 66.128159 17.564060
v 23.517590 64.844154 16.103338
v 24.118881 65.023254 19.991976
v 39.219002 50.259033 49.037033
v 34.043694 57.211792 37.504768
v 39.767952 41.223400 65.530334
v 39.541279 -3.899524 74.542564
v 45.337780 -6.172297 73.040779
v 42.696655 -2.571965 77.632332
v 36.900551 -0.299366 79.133469
v -15.462903 61.761692 27.757812
v -15.447795 60.106647 23.116365
v -14.587187 61.400806 32.982105
v -5.389140 54.912876 67.752731
v -8.648725 56.757084 53.479725
v 3.872235 46.377068 85.453529
v 21.800196 13.743714 117.261406
v 26.037670 16.182144 113.124001
v 23.287531 17.880915 118.653114
v 19.050056 15.442484 122.790527
v -7.668422 55.644470 6.013037
v -3.543211 53.150433 6.707351
v -8.344733 42.530689 -6.776624
v -12.576033 53.239929 6.181793
v -2.240493 48.084232 10.509035
v -4.455294 42.800968 14.031671
v -3.256439 36.347164 -2.104216
v -8.891030 41.819172 15.846828
v -13.514547 42.957462 13.681060
v -8.480560 29.603811 2.676433
v -14.325251 48.210232 9.946393
v -13.272143 36.113602 -2.313718
v 25.360245 51.864086 4.757289
v 30.433680 53.021976 6.418927
v 35.554878 37.537842 0.909974
v 22.568996 47.871029 6.042155
v 32.491459 51.409184 12.288644
v 32.771198 48.190891 18.057131
v 41.571915 36.867252 7.261813
v 28.437775 45.504158 19.968430
v 24.940639 43.033596 17.740969
v 38.879383 30.901785 13.750949
v 22.287670 44.597382 11.879891
v 32.900112 31.514992 6.812686
v -12.079431 35.186428 -22.095308
v -7.497420 35.264549 -21.486185
v -11.355651 27.916431 -34.903248
v -14.947009 32.073902 -20.050102
v -3.389380 30.650673 -18.944427
v -2.043127 25.105572 -15.689293
v -3.830697 22.861652 -36.067356
v -4.827869 21.755377 -14.337226
v -9.557767 22.098787 -14.214412
v -5.307924 13.504924 -37.165859
v -13.412787 26.537989 -17.021370
v -13.057218 19.778717 -34.067654
v 32.467411 46.134438 -6.317287
v 37.199787 46.106609 -6.523298
v 32.269352 52.139439 -22.158592
v 29.581932 42.506748 -6.687073
v 40.886742 41.067047 -8.657371
v 42.284172 34.894634 -10.524916
v 38.350243 46.048225 -23.434845
v 39.035404 31.539030 -11.589990
v 34.546734 31.401873 -10.687095
v 34.297489 36.659290 -26.411732
v 30.865158 36.386627 -8.859345
v 28.949331 44.748032 -24.806227
v -12.024020 28.981276 -36.967297
v -6.938694 28.057425 -37.876221
v -15.176993 25.172541 -36.178200
v -3.093034 22.378979 -39.010712
v 0.178066 13.496224 -40.308464
v -3.936757 3.081247 -28.010387
v -4.035525 5.241128 -29.186710
v -9.829951 2.841235 -27.956263
v -3.869661 0.530062 -32.017963
v 1.956435 3.321259 -28.064512
v -14.212914 18.930605 -36.708305
v -11.168981 11.167131 -38.916645
v 32.874798 54.226143 -24.337090
v 37.553593 52.423187 -24.294064
v 28.865046 51.590645 -25.689924
v 39.747906 46.453667 -25.614967
v 40.442493 37.621212 -27.652706
v 35.586887 20.986839 -34.945976
v 35.183064 22.277037 -32.870728
v 29.802521 21.075779 -36.097294
v 36.197330 24.840759 -37.632065
v 41.375763 20.900099 -33.816238
v 28.361546 45.621777 -27.552011
v 28.943825 37.553940 -29.929346
v -4.114250 8.683488 -35.483646
v -9.269593 8.233315 -35.326336
v 1.027506 9.155990 -35.687206
v -9.968040 6.279968 -36.904068
v -9.981969 4.267661 -38.566395
v -4.152088 4.786454 -38.759842
v 1.647762 5.395574 -39.030521
v 1.671887 7.375401 -37.343464
v 34.577797 29.185310 -29.297174
v 29.474911 29.299025 -30.321251
v 39.673264 29.061108 -28.269976
v 29.306540 30.452566 -32.820656
v 29.830772 31.661737 -35.288986
v 35.603859 31.594233 -34.109303
v 41.371101 31.511610 -32.926781
v 40.851784 30.256821 -30.476469
v 42.447540 29.287361 62.581669
v 45.582405 31.676699 60.140823
v 44.749271 18.740643 58.473938
v 41.511532 27.062691 66.445366
v 49.377029 32.389965 61.770615
v 52.811470 32.105080 65.313713
v 53.669682 20.272411 58.096626
v 51.225285 29.795395 68.950768
v 48.569763 27.394775 71.702034
v 54.647968 21.188013 66.403946
v 44.341976 26.747089 69.485550
v 45.270802 21.199644 66.610611
v 2.814657 34.842941 94.798859
v 7.055971 34.778313 96.237442
v 0.605111 25.511484 103.068420
v -1.336733 36.824520 95.227913
v 8.067711 37.288078 99.269867
v 7.485137 40.551804 102.659164
v 6.943458 30.857836 102.285522
v 3.480537 42.172825 102.691811
v -0.667269 42.861992 101.740746
v 2.886493 35.985947 109.421379
v -2.003265 39.883801 98.090721
v -3.584157 31.402979 108.054459
v 42.086735 10.461682 63.074261
v 46.975178 8.671525 61.335117
v 39.741604 13.329551 66.859451
v 50.731945 9.509249 63.334118
v 53.850834 11.466203 67.548309
v 50.425709 13.807836 70.852707
v 46.499012 16.066954 73.337494
v 41.834900 15.078106 70.273865
v 7.204726 20.134018 107.816017
v 10.767429 21.994610 104.364082
v 4.414955 21.385172 112.286842
v 12.776507 25.827761 104.754089
v 13.696421 30.640366 107.531189
v 10.418525 30.619535 111.712769
v 6.685379 29.921982 115.368591
v 4.649494 25.056616 114.305283
v 27.063204 34.487080 91.035400
v 34.123428 41.423409 88.806892
v 30.803555 36.575256 98.618370
v 22.684471 43.332932 93.338402
v 36.798271 44.640057 87.590370
v 35.227459 50.202477 88.257805
v 41.156330 45.139015 90.075928
v 29.763350 54.411869 90.663765
v 23.785572 52.087997 92.798958
v 30.323839 55.364174 92.713455
v 20.838184 47.305988 94.034203
v 20.111067 48.781109 100.974846
v 38.828331 41.595123 109.537598
v 48.549393 43.340656 103.997726
v 30.590969 46.370312 115.468994
v 49.331196 52.100662 99.982422
v 46.749325 60.079384 96.946388
v 37.568722 63.527012 101.668747
v 28.957682 63.080906 108.311119
v 28.770863 55.569271 113.115707
v -11.394329 57.972061 43.751362
v -9.732256 51.478939 41.395969
v -9.465167 64.000992 44.590618
v -4.166175 67.215904 43.506287
v 2.792732 68.147614 40.912174
v 9.464332 68.515961 38.969582
v 15.719064 69.074165 36.125019
v 22.741125 69.149460 33.544086
v 27.938320 66.883545 30.786127
v 29.485270 60.948658 28.616638
v 27.658880 54.104980 27.522621
v 23.361458 49.528263 28.667433
v 17.439386 47.180462 29.668425
v 9.131339 46.001411 33.830170
v 0.098542 45.906811 36.089699
v -5.326445 47.470421 39.289452
v 33.680603 -12.651818 85.106430
v 33.923782 -11.502574 86.939499
v 36.996460 -15.318945 82.164795
v 38.534409 -14.671889 83.670776
v 41.162689 -17.859808 79.703156
v 43.073460 -17.871311 80.331947
v 44.066662 -16.638021 82.546753
v 40.274223 -13.939894 85.374413
v 36.584576 -11.430032 87.950027
v 29.180117 9.280154 130.177200
v 29.228281 7.796173 128.819992
v 32.260700 7.711624 124.273514
v 32.968773 9.681208 124.936058
v 35.424564 8.452069 120.248169
v 36.757416 10.082252 119.694908
v 36.793396 12.259656 121.528992
v 33.805717 12.009296 125.719200
v 30.597111 11.603743 130.100815
vt 0.208431 0.494797
vt 0.208575 0.478116
vt 0.229443 0.475893
vt 0.229271 0.493426
vt 0.252729 0.492198
vt 0.256170 0.471571
vt 0.275357 0.475888
vt 0.275429 0.493819
vt 0.298111 0.492176
vt 0.294163 0.471736
vt 0.321331 0.475953
vt 0.321541 0.493432
vt 0.198757 0.641525
vt 0.200055 0.589825
vt 0.221664 0.590600
vt 0.219751 0.640956
vt 0.244967 0.639373
vt 0.247968 0.591507
vt 0.275466 0.591669
vt 0.275481 0.635804
vt 0.305994 0.639365
vt 0.302966 0.591494
vt 0.329276 0.590573
vt 0.331197 0.640955
vt 0.199789 0.728809
vt 0.197393 0.704590
vt 0.219517 0.692482
vt 0.227784 0.730211
vt 0.252859 0.733034
vt 0.249003 0.687406
vt 0.275511 0.688085
vt 0.275516 0.730408
vt 0.298175 0.733010
vt 0.302021 0.687396
vt 0.331536 0.692451
vt 0.323246 0.730162
vt 0.805511 0.686057
vt 0.204711 0.752714
vt 0.229559 0.760254
vt 0.782889 0.696424
vt 0.784986 0.875584
vt 0.254181 0.941082
vt 0.275435 0.940431
vt 0.742298 0.896742
vt 0.699334 0.736241
vt 0.297037 0.807427
vt 0.321459 0.760204
vt 0.696358 0.696343
vt 0.808954 0.641287
vt 0.805193 0.664541
vt 0.784300 0.671779
vt 0.785729 0.644267
vt 0.763331 0.647822
vt 0.762442 0.673765
vt 0.742276 0.741120
vt 0.739609 0.647377
vt 0.715889 0.647774
vt 0.716786 0.673709
vt 0.694936 0.671695
vt 0.693494 0.644181
vt 0.806875 0.557726
vt 0.810121 0.617205
vt 0.790367 0.607046
vt 0.787575 0.557696
vt 0.763367 0.556090
vt 0.764746 0.603486
vt 0.739627 0.603152
vt 0.739688 0.556093
vt 0.716014 0.556064
vt 0.714496 0.603455
vt 0.688836 0.606971
vt 0.691820 0.557642
vt 0.803405 0.420481
vt 0.802841 0.435733
vt 0.782960 0.432290
vt 0.783371 0.416064
vt 0.759505 0.410786
vt 0.759570 0.428509
vt 0.739756 0.426992
vt 0.739743 0.409699
vt 0.720007 0.410786
vt 0.719946 0.428500
vt 0.696571 0.432245
vt 0.696182 0.416016
vt 0.819305 0.093413
vt 0.797386 0.086157
vt 0.790779 0.072322
vt 0.822344 0.073237
vt 0.265809 0.416173
vt 0.762697 0.377789
vt 0.739788 0.389948
vt 0.275377 0.462947
vt 0.364323 0.097210
vt 0.342669 0.089884
vt 0.336664 0.075169
vt 0.367299 0.076188
vt 0.342559 0.494848
vt 0.342402 0.478170
vt 0.366070 0.480227
vt 0.366198 0.495669
vt 0.352247 0.641476
vt 0.350872 0.589816
vt 0.374237 0.588973
vt 0.374011 0.638442
vt 0.936729 0.462892
vt 0.940585 0.464321
vt 0.946953 0.476690
vt 0.936605 0.482861
vt 0.804780 0.405462
vt 0.824266 0.410023
vt 0.823186 0.423812
vt 0.805355 0.509178
vt 0.825584 0.509339
vt 0.825621 0.554997
vt 0.118742 0.522844
vt 0.058006 0.517789
vt 0.074507 0.510871
vt 0.084702 0.516921
vt 0.822269 0.350445
vt 0.784755 0.399833
vt 0.805305 0.347137
vt 0.793942 0.336256
vt 0.777469 0.322538
vt 0.236211 0.409364
vt 0.220899 0.415267
vt 0.203041 0.415110
vt 0.182178 0.419746
vt 0.685950 0.336155
vt 0.717407 0.377787
vt 0.694840 0.399772
vt 0.674409 0.347030
vt 0.657366 0.350391
vt 0.674734 0.405426
vt 0.637625 0.358046
vt 0.347747 0.415166
vt 0.329799 0.415381
vt 0.314324 0.409429
vt 0.706215 0.336018
vt 0.292514 0.404556
vt 0.870618 0.237836
vt 0.844433 0.293934
vt 0.832214 0.287148
vt 0.858351 0.228645
vt 0.844944 0.223065
vt 0.821107 0.280742
vt 0.243727 0.342391
vt 0.826584 0.212775
vt 0.214622 0.282882
vt 0.224361 0.346790
vt 0.210147 0.349538
vt 0.199596 0.284960
vt 0.184434 0.288656
vt 0.194986 0.352422
vt 0.864110 0.304875
vt 0.163133 0.290367
vt 0.634803 0.222910
vt 0.658751 0.280554
vt 0.647480 0.287052
vt 0.621343 0.228556
vt 0.609012 0.237734
vt 0.635143 0.293889
vt 0.375465 0.356065
vt 0.590820 0.249121
vt 0.366326 0.288752
vt 0.355651 0.352469
vt 0.340563 0.349608
vt 0.351134 0.285011
vt 0.336042 0.282967
vt 0.326383 0.346874
vt 0.678330 0.268182
vt 0.315081 0.275917
vt 0.789900 0.091626
vt 0.894734 0.181072
vt 0.223763 0.023658
vt 0.779683 0.072008
vt 0.205625 0.023651
vt 0.212375 0.030485
vt 0.208733 0.046428
vt 0.818124 0.043214
vt 0.919973 0.054113
vt 0.218394 0.124576
vt 0.231547 0.124829
vt 0.925982 0.076298
vt 0.853028 0.105343
vt 0.173602 0.224408
vt 0.245023 0.044913
vt 0.815784 0.102925
vt 0.335499 0.095534
vt 0.609223 0.166963
vt 0.147562 0.023794
vt 0.325939 0.074804
vt 0.129108 0.019171
vt 0.133886 0.026698
vt 0.125138 0.040618
vt 0.363323 0.044920
vt 0.461211 0.056389
vt 0.114656 0.083148
vt 0.128082 0.110700
vt 0.466974 0.079440
vt 0.396801 0.109583
vt 0.345740 0.218419
vt 0.158805 0.046562
vt 0.361009 0.107136
vt 0.212264 0.093809
vt 0.204982 0.218327
vt 0.226791 0.056935
vt 0.229179 0.093286
vt 0.246067 0.092223
vt 0.255137 0.092099
vt 0.884191 0.095549
vt 0.853655 0.095653
vt 0.854753 0.074189
vt 0.884265 0.075061
vt 0.885799 0.054616
vt 0.855335 0.052709
vt 0.203340 0.068369
vt 0.888472 0.044995
vt 0.116537 0.064410
vt 0.377147 0.224500
vt 0.136900 0.057215
vt 0.135301 0.068971
vt 0.159593 0.072808
vt 0.169578 0.075371
vt 0.426769 0.099419
vt 0.397393 0.099512
vt 0.398467 0.077209
vt 0.426850 0.078134
vt 0.428347 0.056895
vt 0.399054 0.054890
vt 0.111199 0.052142
vt 0.430928 0.046902
vt 0.398347 0.732496
vt 0.353774 0.704759
vt 0.655189 0.607952
vt 0.404645 0.715309
vt 0.625247 0.642548
vt 0.669008 0.617360
vt 0.670290 0.641156
vt 0.629866 0.657272
vt 0.633967 0.675274
vt 0.674058 0.664432
vt 0.345812 0.774768
vt 0.637449 0.692485
vt 0.387906 0.765553
vt 0.346295 0.752641
vt 0.351218 0.728717
vt 0.392980 0.747350
vt 0.854032 0.642643
vt 0.181252 0.694641
vt 0.859345 0.625630
vt 0.152631 0.732602
vt 0.157999 0.747449
vt 0.163074 0.765647
vt 0.167481 0.783084
vt 0.845329 0.675366
vt 0.849419 0.657366
vt 0.462802 0.754848
vt 0.433121 0.744888
vt 0.586158 0.633072
vt 0.469035 0.736153
vt 0.562716 0.661102
vt 0.591598 0.653084
vt 0.596668 0.669873
vt 0.567525 0.676181
vt 0.573571 0.695803
vt 0.602326 0.689166
vt 0.414557 0.801264
vt 0.575415 0.714705
vt 0.450039 0.789809
vt 0.420413 0.781867
vt 0.427222 0.762131
vt 0.457315 0.770152
vt 0.916571 0.661069
vt 0.887682 0.653104
vt 0.112049 0.724515
vt 0.922852 0.642462
vt 0.088177 0.754903
vt 0.117860 0.744959
vt 0.123753 0.762207
vt 0.093657 0.770210
vt 0.100926 0.789871
vt 0.130556 0.781946
vt 0.872833 0.708772
vt 0.104321 0.808576
vt 0.905760 0.695791
vt 0.876995 0.689207
vt 0.882631 0.669903
vt 0.911782 0.676158
vt 0.245118 0.820265
vt 0.256063 0.761423
vt 0.275458 0.816348
vt 0.275456 0.817082
vt 0.305796 0.819611
vt 0.322444 0.827635
vt 0.716707 0.746651
vt 0.742277 0.751635
vt 0.767846 0.746640
vt 0.232576 0.815700
vt 0.789238 0.746868
vt 0.242805 0.909093
vt 0.242913 0.847487
vt 0.275453 0.850080
vt 0.275444 0.899369
vt 0.308078 0.909112
vt 0.307992 0.847504
vt 0.685718 0.768892
vt 0.335635 0.923345
vt 0.710517 0.826756
vt 0.709025 0.772272
vt 0.742280 0.767854
vt 0.742288 0.823907
vt 0.774059 0.826743
vt 0.775535 0.772258
vt 0.216918 0.852154
vt 0.800161 0.835727
vt 0.803587 0.472219
vt 0.184266 0.511368
vt 0.823748 0.473030
vt 0.786007 0.508646
vt 0.783967 0.470951
vt 0.760849 0.468488
vt 0.762764 0.507838
vt 0.739729 0.507585
vt 0.739749 0.469813
vt 0.718652 0.468468
vt 0.716699 0.507812
vt 0.693463 0.508589
vt 0.695538 0.470900
vt 0.347089 0.550471
vt 0.343449 0.511536
vt 0.656251 0.437958
vt 0.370672 0.549455
vt 0.305626 0.550928
vt 0.300328 0.509969
vt 0.323635 0.511057
vt 0.326613 0.553291
vt 0.245263 0.550946
vt 0.250519 0.509979
vt 0.275426 0.509223
vt 0.275447 0.553833
vt 0.203857 0.550446
vt 0.207534 0.511493
vt 0.227207 0.511082
vt 0.224277 0.553331
vt 0.296688 0.941095
vt 0.317831 0.963343
vt 0.722395 0.859395
vt 0.742293 0.859091
vt 0.762190 0.859387
vt 0.672412 0.557619
vt 0.673996 0.509116
vt 0.676597 0.435714
vt 0.676064 0.420456
vt 0.798456 0.058765
vt 0.820876 0.052919
vt 0.343747 0.061021
vt 0.365907 0.055032
vt 0.963235 0.483911
vt 0.902883 0.489040
vt 0.909072 0.482168
vt 0.925033 0.475729
vt 0.931354 0.463643
vt 0.080884 0.498420
vt 0.084741 0.496992
vt 0.090126 0.497750
vt 0.096539 0.509638
vt 0.112499 0.516024
vt 0.245369 0.109349
vt 0.249130 0.116712
vt 0.914174 0.091435
vt 0.914507 0.075957
vt 0.915392 0.060496
vt 0.143488 0.116794
vt 0.145270 0.126440
vt 0.455609 0.095160
vt 0.455938 0.079081
vt 0.456800 0.063019
vt 0.982240 0.434188
vt 0.963585 0.427947
vt 0.946509 0.423110
vt 0.890921 0.433118
vt 0.882130 0.436526
vt 0.926679 0.423006
vt 0.909612 0.427375
vt 0.937930 0.422313
vt 0.075163 0.457134
vt 0.058225 0.461798
vt 0.039557 0.467684
vt 0.094859 0.456979
vt 0.083682 0.456346
vt 0.130564 0.466891
vt 0.111877 0.461251
vt 0.033116 0.470128
vt 0.675805 0.472192
vt 0.653419 0.509254
vt 0.655248 0.472962
vt 0.367019 0.511392
vt 0.176921 0.588998
vt 0.180547 0.549455
vt 0.822760 0.437993
vt 0.233028 0.963316
vt 0.215241 0.923308
vt 0.798841 0.768868
vt 0.699605 0.875602
vt 0.684417 0.835751
vt 0.333987 0.852188
vt 0.228471 0.827609
vt 0.254212 0.785439
vt 0.759269 0.697501
vt 0.785216 0.736222
vt 0.695315 0.746888
vt 0.719972 0.697428
vt 0.296799 0.785396
vt 0.318344 0.815723
vt 0.903939 0.714697
vt 0.136407 0.801345
vt 0.081951 0.736203
vt 0.893090 0.633076
vt 0.446638 0.808511
vt 0.606509 0.708725
vt 0.556410 0.642507
vt 0.438944 0.724452
vt 0.841861 0.692578
vt 0.205190 0.774839
vt 0.146366 0.715395
vt 0.823906 0.608060
vt 0.383498 0.782992
vt 0.673752 0.685953
vt 0.619881 0.625562
vt 0.369876 0.694574
vt 0.624476 0.158216
vt 0.327082 0.211968
vt 0.653476 0.212425
vt 0.306569 0.342322
vt 0.153133 0.050558
vt 0.361352 0.222428
vt 0.125968 0.045756
vt 0.396618 0.225899
vt 0.569871 0.190223
vt 0.388031 0.290471
vt 0.615162 0.304972
vt 0.596954 0.173816
vt 0.584932 0.180968
vt 0.909456 0.190131
vt 0.154402 0.225852
vt 0.888489 0.249012
vt 0.175675 0.355943
vt 0.241882 0.047343
vt 0.189385 0.222364
vt 0.213528 0.046751
vt 0.223402 0.212053
vt 0.855547 0.158550
vt 0.235225 0.276013
vt 0.801766 0.268578
vt 0.882733 0.173912
vt 0.870470 0.167071
vt 0.702590 0.322102
vt 0.284431 0.416033
vt 0.369025 0.419829
vt 0.654789 0.409992
vt 0.841623 0.358035
vt 0.185243 0.480200
vt 0.257695 0.404697
vt 0.773758 0.336466
vt 0.177136 0.638471
vt 0.185108 0.495641
vt 0.653403 0.554919
vt 0.655840 0.423782
vt 0.740026 0.329135
vt 0.739609 0.679991
vt 0.717946 0.727940
vt 0.321543 0.784229
vt 0.275425 0.981496
vt 0.229466 0.784279
vt 0.766602 0.727930
vt 0.275513 0.766895
vt 0.294962 0.761394
vt 0.158494 0.031032
vt 0.235614 0.029385
vt 0.253884 0.807420
vt 0.968218 0.693073
vt 0.970279 0.686813
vt 0.964692 0.720144
vt 0.041234 0.817480
vt 0.965692 0.701614
vt 0.035620 0.790589
vt 0.038855 0.799577
vt 0.026837 0.766821
vt 0.976742 0.669618
vt 0.033170 0.783659
vt 0.515345 0.790561
vt 0.512107 0.799546
vt 0.509721 0.817448
vt 0.514670 0.720260
vt 0.513647 0.701731
vt 0.511110 0.693195
vt 0.509040 0.686939
vt 0.502555 0.669755
vt 0.524137 0.766797
vt 0.517798 0.783632
vt 0.052820 0.522857
vt 0.139366 0.470253
vt 0.968347 0.489050
vt 0.988625 0.436785
vt 0.108883 0.091107
vt 0.106409 0.062482
vt 0.399209 0.044805
vt 0.459518 0.102060
vt 0.428604 0.109556
vt 0.167704 0.057128
vt 0.215342 0.132259
vt 0.203222 0.094543
vt 0.855471 0.043005
vt 0.918242 0.098075
vt 0.886101 0.105305
vt 0.255511 0.067846
vt 0.169019 0.047690
vt 0.166893 0.025823
vt 0.125973 0.120002
vt 0.337008 0.054912
vt 0.115292 0.038211
vt 0.149847 0.015689
vt 0.254586 0.043904
vt 0.241676 0.021944
vt 0.231922 0.132778
vt 0.791425 0.052872
vt 0.199112 0.046316
vt 0.223332 0.014444
vn -0.268461 -0.888975 0.371014
vn -0.268461 -0.888975 0.371014
vn -0.119665 -0.984274 0.129942
vn -0.159540 -0.967943 0.193991
vn -0.021226 -0.979131 -0.202117
vn 0.391547 -0.797499 0.459007
vn -0.064821 -0.941865 0.329680
vn -0.268605 -0.829712 -0.489314
vn 0.055268 -0.791561 -0.608586
vn -0.056065 -0.550347 0.833052
vn -0.114025 0.411610 0.904199
vn -0.181424 0.599570 0.779488
vn -0.802998 -0.561640 0.199384
vn -0.852269 -0.497942 0.160287
vn -0.638285 -0.768813 0.038980
vn -0.619537 -0.770847 0.148219
vn -0.322257 -0.945444 0.047811
vn -0.331847 -0.930105 -0.157427
vn -0.116291 -0.947621 -0.297476
vn -0.096151 -0.994104 -0.050124
vn 0.125278 -0.976175 -0.177166
vn 0.124862 -0.911311 -0.392329
vn 0.461803 -0.758900 -0.459139
vn 0.440336 -0.841296 -0.313569
vn 0.439591 -0.896998 -0.046417
vn -0.664665 -0.742279 0.085103
vn -0.574734 -0.798980 0.176953
vn -0.377214 -0.902234 0.209006
vn -0.190546 -0.965214 0.179036
vn -0.267045 -0.961780 0.060544
vn -0.132516 -0.991178 -0.002394
vn -0.106470 -0.986975 0.120604
vn -0.021029 -0.994462 0.102967
vn -0.007439 -0.997448 -0.071015
vn 0.341108 -0.913623 -0.221221
vn 0.061370 -0.997759 -0.026667
vn 0.304982 0.249607 0.919066
vn 0.688332 -0.327662 0.647176
vn 0.045075 -0.800146 0.598109
vn 0.303164 -0.187425 0.934325
vn -0.097651 0.320094 0.942340
vn -0.116600 -0.446805 0.887000
vn 0.326854 -0.653085 0.683115
vn 0.547585 0.130694 0.826480
vn 0.660158 -0.267556 0.701858
vn 0.086757 -0.899257 0.428731
vn 0.152852 -0.823431 0.546440
vn 0.496854 -0.273567 0.823588
vn -0.829527 0.556722 0.044105
vn -0.372004 0.733366 0.569024
vn 0.108055 0.642287 0.758810
vn -0.162369 0.921773 0.352094
vn 0.161198 0.926687 0.339511
vn 0.217742 0.744697 0.630884
vn 0.316174 0.822897 0.472095
vn 0.269984 0.912324 0.307853
vn 0.410960 0.873857 0.259781
vn 0.532719 0.655132 0.535735
vn 0.750424 0.389887 0.533715
vn 0.651597 0.756377 0.057579
vn -0.658458 0.620673 0.425675
vn -0.784203 0.512826 0.349334
vn -0.249686 0.899805 0.357781
vn -0.210291 0.931380 0.297169
vn 0.073236 0.979170 0.189374
vn 0.108574 0.970266 0.216325
vn 0.211147 0.959185 0.188096
vn 0.156222 0.969389 0.189422
vn 0.249838 0.945037 0.210918
vn 0.333097 0.927331 0.170599
vn 0.676255 0.735339 0.044209
vn 0.549990 0.823487 0.139215
vn -0.711191 0.695575 0.101892
vn -0.702407 0.654344 0.280105
vn -0.227681 0.955023 0.189982
vn -0.250372 0.968138 0.004823
vn -0.026047 0.996402 -0.080651
vn -0.012680 0.992622 0.120582
vn 0.004395 0.997268 0.073740
vn -0.064419 0.985374 -0.157761
vn -0.170379 0.972424 -0.159255
vn -0.050200 0.997499 0.049749
vn 0.069022 0.996808 0.040117
vn -0.075056 0.986344 -0.146602
vn -0.265867 0.060284 -0.962123
vn -0.301586 0.073529 -0.950600
vn -0.226971 0.101889 -0.968557
vn -0.181157 0.074673 -0.980615
vn 0.929427 -0.164789 -0.330168
vn 0.479465 0.339797 -0.809106
vn -0.252439 0.309147 -0.916898
vn -0.317069 -0.667043 -0.674181
vn 0.182377 0.271685 -0.944948
vn 0.173369 0.260580 -0.949758
vn 0.152012 0.254654 -0.955010
vn 0.162497 0.262770 -0.951077
vn 0.701794 0.345515 0.622980
vn 0.701794 0.345515 0.622980
vn 0.701794 0.345515 0.622980
vn 0.701794 0.345515 0.622980
vn 0.653823 -0.648841 -0.389258
vn 0.725943 -0.473074 -0.499207
vn 0.909152 0.011930 -0.416293
vn 0.925420 -0.181214 -0.332806
vn -0.182497 -0.821948 0.539533
vn -0.182499 -0.821949 0.539531
vn -0.182499 -0.821949 0.539531
vn -0.182497 -0.821948 0.539533
vn -0.951877 0.292107 -0.092756
vn -0.951877 0.292107 -0.092756
vn -0.951877 0.292107 -0.092756
vn -0.951877 0.292107 -0.092756
vn -0.686786 0.658766 0.307168
vn -0.965156 0.006076 0.261605
vn -0.933453 0.004389 0.358672
vn 0.744372 -0.437349 0.504615
vn 0.744372 -0.437349 0.504615
vn 0.744372 -0.437349 0.504615
vn 0.744372 -0.437349 0.504615
vn -0.348905 0.689281 -0.634947
vn -0.371739 0.703939 -0.605211
vn -0.132871 0.740288 -0.659029
vn -0.023423 0.731435 -0.681509
vn 0.960471 0.101741 -0.259120
vn 0.964840 0.105757 -0.240622
vn 0.734164 -0.509083 0.449262
vn 0.034114 -0.690861 0.722182
vn 0.020906 -0.715212 0.698595
vn -0.988738 -0.142040 0.047129
vn -0.989455 -0.137158 0.046558
vn -0.989455 -0.137158 0.046558
vn -0.988860 -0.141221 0.047033
vn -0.366029 0.098651 -0.925360
vn -0.373951 0.157752 -0.913934
vn -0.158456 0.311963 -0.936788
vn -0.144139 0.274698 -0.950666
vn 0.823040 0.557816 -0.106992
vn 0.825989 0.556534 -0.089508
vn 0.825989 0.556534 -0.089508
vn 0.822597 0.557984 -0.109487
vn 0.374646 0.002509 0.927164
vn 0.239332 0.066373 0.968667
vn 0.023367 -0.149608 0.988469
vn 0.105841 -0.194958 0.975084
vn -0.485216 -0.622556 0.613995
vn -0.711363 -0.626769 -0.317998
vn -0.682641 -0.720728 0.120633
vn -0.973526 0.212217 -0.084915
vn -0.929279 0.360241 -0.081654
vn -0.178259 0.896975 -0.404549
vn -0.350521 0.832439 -0.429163
vn 0.587871 0.715064 -0.378273
vn 0.748498 0.583853 -0.314432
vn 0.984321 0.168936 -0.050721
vn 0.945403 0.292594 -0.143533
vn 0.965744 -0.227449 0.124918
vn 0.905925 -0.337467 0.255764
vn 0.157092 -0.873923 0.459979
vn 0.317773 -0.873073 0.369816
vn -0.583703 -0.755575 0.297317
vn -0.705383 -0.645636 0.292558
vn -0.972942 -0.190833 0.130260
vn -0.937119 -0.319871 0.139609
vn -0.933653 0.227613 0.276557
vn -0.937189 0.068229 0.342083
vn -0.357881 0.588080 0.725316
vn -0.360605 0.798920 0.481344
vn 0.496677 0.797780 0.341848
vn 0.467307 0.765069 0.443051
vn 0.973491 0.226112 0.034470
vn 0.942144 0.335136 -0.006925
vn 0.940069 -0.306780 -0.148847
vn 0.813592 -0.581379 -0.008125
vn 0.487936 -0.872349 -0.030428
vn 0.406966 -0.888975 -0.210008
vn -0.466454 -0.875726 -0.124601
vn 0.017020 -0.998419 -0.053580
vn -0.752066 -0.657123 -0.050847
vn -0.928241 -0.371867 -0.009190
vn -0.606788 0.606122 0.514222
vn -0.606788 0.606122 0.514222
vn -0.216021 0.847836 0.484262
vn -0.186017 0.858362 0.478133
vn 0.820001 0.548011 0.165176
vn 0.820001 0.548011 0.165176
vn 0.820001 0.548011 0.165176
vn 0.820001 0.548011 0.165176
vn 0.070220 0.657599 0.750088
vn 0.070220 0.657599 0.750088
vn -0.018181 0.654062 0.756223
vn -0.018185 0.654061 0.756223
vn -0.576850 -0.493153 0.651187
vn -0.576850 -0.493153 0.651187
vn -0.576850 -0.493153 0.651187
vn -0.576850 -0.493153 0.651187
vn -0.605252 0.630891 0.485435
vn -0.605252 0.630891 0.485435
vn -0.261244 0.725058 0.637215
vn -0.164273 0.731865 0.661354
vn 0.786715 0.177981 0.591102
vn 0.786715 0.177981 0.591102
vn 0.786715 0.177981 0.591102
vn 0.786715 0.177981 0.591102
vn -0.056474 -0.725199 0.686219
vn -0.056474 -0.725199 0.686219
vn -0.144093 -0.726609 0.671771
vn -0.143425 -0.726620 0.671902
vn -0.902201 -0.249737 0.351661
vn -0.902200 -0.249737 0.351661
vn -0.902201 -0.249737 0.351661
vn -0.902200 -0.249737 0.351661
vn -0.098540 0.188662 0.977086
vn -0.098540 0.188662 0.977086
vn 0.036668 0.191769 0.980755
vn 0.031832 0.191718 0.980934
vn -0.897512 -0.044096 0.438780
vn -0.897512 -0.044096 0.438780
vn -0.897512 -0.044096 0.438780
vn -0.897512 -0.044096 0.438780
vn -0.026790 -0.482049 -0.875735
vn -0.161506 -0.161054 -0.973641
vn -0.083545 -0.186667 -0.978865
vn 0.007938 -0.481813 -0.876238
vn 0.974971 0.151169 -0.163034
vn 0.951701 0.244020 -0.186331
vn 0.937701 0.286489 -0.196572
vn 0.974971 0.151169 -0.163034
vn -0.151750 -0.334806 0.929988
vn -0.151750 -0.334806 0.929988
vn -0.179330 -0.341783 0.922511
vn -0.180203 -0.341999 0.922260
vn -0.955452 -0.075021 0.285452
vn -0.955452 -0.075021 0.285452
vn -0.955452 -0.075021 0.285452
vn -0.955452 -0.075021 0.285452
vn 0.188521 0.383396 -0.904139
vn 0.188635 0.329031 -0.925287
vn 0.177078 0.321174 -0.930317
vn 0.183654 0.378605 -0.907154
vn 0.981377 -0.016080 0.191419
vn 0.980520 0.010125 0.196158
vn 0.980631 0.007635 0.195714
vn 0.981377 -0.016080 0.191419
vn -0.958506 -0.280602 0.050286
vn 0.019811 -0.910115 -0.413881
vn -0.632245 0.066908 -0.771874
vn -0.712105 0.052144 -0.700134
vn -0.077322 0.331926 -0.940131
vn 0.868641 0.302004 -0.392756
vn 0.703402 0.531364 -0.472100
vn 0.538587 0.458310 -0.707019
vn 0.924664 0.368429 -0.096206
vn 0.933193 0.331329 0.139186
vn 0.729688 -0.204617 0.652447
vn 0.750965 0.007633 0.660298
vn 0.149634 -0.343443 0.927177
vn 0.184683 -0.638394 0.747225
vn -0.566864 -0.770860 0.290588
vn -0.645477 -0.477485 0.596127
vn -0.858604 -0.177420 -0.480959
vn -0.489329 -0.498986 -0.715241
vn -0.381985 -0.565271 -0.731133
vn 0.515276 -0.600572 -0.611395
vn 0.963740 -0.249728 -0.094023
vn 0.849291 0.282403 0.446043
vn 0.330276 0.624080 0.708126
vn -0.615487 0.651963 0.442854
vn -0.962383 0.261958 -0.072085
vn -0.967655 0.101373 -0.231013
vn -0.979617 0.084963 -0.182022
vn -0.645992 -0.068969 -0.760222
vn -0.685515 -0.296798 -0.664816
vn -0.099240 -0.530796 -0.841669
vn 0.031776 -0.099438 -0.994536
vn 0.637564 -0.017338 -0.770202
vn 0.668843 -0.520616 -0.530667
vn 0.932615 -0.281003 0.226423
vn 0.968664 0.053494 -0.242547
vn 0.762719 0.088515 0.640644
vn 0.642873 0.052379 0.764180
vn 0.121789 0.392286 0.911745
vn 0.261539 0.114948 0.958324
vn -0.696529 0.185023 0.693263
vn -0.671470 0.542004 0.505332
vn -0.609469 -0.757566 0.233757
vn -0.862726 -0.499249 -0.080344
vn -0.426335 -0.729524 -0.534820
vn -0.308651 -0.900454 -0.306458
vn 0.090102 -0.657225 -0.748290
vn 0.155292 -0.555936 -0.816590
vn 0.834783 0.042812 -0.548912
vn 0.576988 0.138228 -0.804971
vn 0.689901 0.715639 -0.109076
vn 0.758741 0.611433 0.224638
vn 0.254274 0.747389 0.613803
vn 0.449173 0.759162 0.471080
vn -0.060720 0.496618 0.865843
vn -0.626762 0.426040 0.652425
vn -0.939805 -0.023038 0.340934
vn -0.602966 -0.157716 0.782022
vn -0.749437 -0.652488 -0.112265
vn -0.749437 -0.652488 -0.112265
vn -0.749437 -0.652488 -0.112265
vn -0.749437 -0.652488 -0.112265
vn 0.773799 -0.412826 -0.480428
vn 0.773799 -0.412825 -0.480428
vn 0.876604 -0.260380 -0.404682
vn 0.407416 0.448594 -0.795472
vn 0.244516 0.961369 0.126419
vn -0.130363 0.852008 -0.507038
vn -0.759417 0.554351 -0.340560
vn -0.095492 -0.220668 0.970663
vn -0.995785 0.058520 0.070619
vn -0.527681 -0.497323 0.688638
vn -0.631446 -0.616762 0.469980
vn -0.057648 -0.965749 0.252993
vn 0.097652 -0.901246 0.422162
vn 0.707904 -0.702216 -0.075918
vn 0.516374 -0.840072 -0.166243
vn 0.728492 -0.305354 -0.613236
vn 0.899155 -0.118973 -0.421148
vn 0.524110 0.567252 -0.635244
vn 0.374871 0.467479 -0.800584
vn -0.194648 0.804666 -0.560915
vn -0.130377 0.875392 -0.465501
vn -0.624743 0.773143 0.109297
vn -0.745959 0.661448 -0.077659
vn -0.922757 -0.019448 0.384892
vn -0.766752 0.153346 0.623359
vn -0.723283 0.600200 0.341500
vn -0.963508 0.049597 0.263044
vn -0.959437 -0.030017 0.280320
vn -0.213931 0.948539 0.233468
vn -0.231237 0.939673 0.252080
vn -0.008774 0.982380 0.186690
vn 0.024230 0.983220 0.180807
vn 0.086833 0.975506 0.202110
vn 0.029701 0.984016 0.175585
vn 0.038780 0.982203 0.183775
vn 0.148574 0.960563 0.235040
vn 0.373775 0.911138 0.173550
vn 0.212467 0.966806 0.141930
vn 0.694846 -0.402339 -0.596080
vn 0.596908 -0.345433 -0.724138
vn 0.862702 0.131272 -0.488378
vn 0.884266 0.073915 -0.461097
vn 0.062084 -0.807431 -0.586686
vn 0.015875 -0.774658 -0.632181
vn 0.244433 -0.615654 -0.749148
vn 0.376031 -0.691820 -0.616429
vn -0.307002 -0.855781 -0.416400
vn -0.252161 -0.849215 -0.463949
vn -0.125372 -0.841093 -0.526159
vn -0.144584 -0.841722 -0.520192
vn -0.844438 -0.529092 0.083578
vn -0.858241 -0.508111 0.072426
vn -0.486658 -0.824781 -0.287924
vn -0.576226 -0.794854 -0.190185
vn -0.294667 -0.766613 -0.570505
vn -0.392090 -0.851304 -0.348637
vn -0.890624 -0.444674 0.095150
vn 0.102498 -0.828653 -0.550299
vn -0.027801 -0.523200 -0.851756
vn -0.189499 -0.702205 -0.686293
vn -0.107318 0.392636 0.913411
vn -0.107318 0.392636 0.913411
vn 0.307497 -0.232053 -0.922820
vn 0.002767 -0.242132 -0.970240
vn -0.032729 -0.882535 0.469108
vn -0.046055 -0.961141 0.272191
vn 0.753185 -0.561776 0.342227
vn 0.946692 0.143850 0.288240
vn 0.760110 0.648612 0.039169
vn 0.345234 0.887126 0.306301
vn -0.086864 0.799677 0.594114
vn 0.921861 0.375229 -0.096830
vn 0.784111 0.610611 -0.111012
vn -0.046260 0.832013 -0.552824
vn -0.074024 0.881338 -0.466652
vn -0.115017 0.886790 -0.447632
vn -0.416851 0.866975 -0.273112
vn -0.416851 0.866975 -0.273112
vn -0.301179 0.653593 -0.694340
vn -0.678940 -0.178179 -0.712245
vn -0.090443 0.715246 -0.692995
vn -0.325182 0.764049 -0.557213
vn 0.574130 0.806040 -0.143789
vn 0.371875 0.903440 -0.213321
vn -0.041125 0.816657 -0.575656
vn -0.041125 0.816657 -0.575656
vn -0.424475 0.625785 -0.654381
vn -0.421413 0.628011 -0.654227
vn -0.136707 0.134568 -0.981429
vn -0.100127 0.087822 -0.991091
vn -0.026764 -0.190704 -0.981283
vn 0.130223 0.248494 -0.959840
vn 0.144727 0.255085 -0.956026
vn 0.165948 0.313938 -0.934829
vn 0.900492 0.423511 -0.098752
vn 0.900492 0.423511 -0.098752
vn 0.900492 0.423511 -0.098752
vn 0.900492 0.423511 -0.098752
vn 0.884412 0.209532 -0.417027
vn 0.877904 -0.409559 -0.248085
vn -0.182496 -0.821950 0.539531
vn -0.182496 -0.821950 0.539531
vn -0.182497 -0.821949 0.539532
vn -0.182497 -0.821949 0.539532
vn -0.182497 -0.821949 0.539533
vn -0.182497 -0.821949 0.539533
vn -0.182496 -0.821948 0.539534
vn -0.182496 -0.821948 0.539534
vn -0.983988 -0.158739 0.081056
vn -0.983988 -0.158739 0.081056
vn -0.983988 -0.158739 0.081056
vn -0.983988 -0.158739 0.081056
vn -0.975701 0.130964 0.175658
vn -0.893984 -0.116220 0.432765
vn 0.744371 -0.437349 0.504617
vn 0.744371 -0.437349 0.504617
vn 0.744371 -0.437349 0.504616
vn 0.744371 -0.437349 0.504616
vn 0.744371 -0.437349 0.504616
vn 0.744371 -0.437349 0.504616
vn 0.744372 -0.437349 0.504615
vn 0.744372 -0.437349 0.504615
vn 0.280912 0.698913 -0.657731
vn 0.338667 0.674662 -0.655848
vn 0.403926 0.643246 -0.650444
vn 0.011740 0.708320 -0.705794
vn -0.325870 0.673757 -0.663220
vn 0.947688 -0.287605 0.138458
vn 0.955700 -0.241865 0.167744
vn 0.955700 -0.241865 0.167744
vn 0.974813 0.116397 -0.190238
vn 0.974813 0.116397 -0.190238
vn -0.319126 -0.670316 0.669951
vn -0.417532 -0.665916 0.618242
vn -0.498127 -0.655525 0.567588
vn -0.032915 -0.748334 0.662505
vn 0.471944 -0.653313 0.591989
vn -0.952738 0.188703 -0.238081
vn -0.952738 0.188703 -0.238081
vn -0.964393 0.160273 -0.210377
vn -0.965555 0.157181 -0.207359
vn -0.975312 0.128669 -0.179472
vn -0.975312 0.128669 -0.179472
vn -0.988092 -0.146309 0.047628
vn -0.988092 -0.146309 0.047628
vn 0.111591 0.466072 -0.877681
vn 0.136260 0.420627 -0.896943
vn 0.158856 0.377162 -0.912422
vn -0.085707 0.220771 -0.971553
vn -0.353526 0.020206 -0.935206
vn 0.793170 0.484088 0.369515
vn 0.793170 0.484088 0.369515
vn 0.836354 0.470712 0.280968
vn 0.827725 0.473996 0.300331
vn 0.860680 0.459141 0.220045
vn 0.860680 0.459141 0.220045
vn 0.819959 0.558881 -0.123768
vn 0.819959 0.558881 -0.123768
vn -0.230557 -0.532707 0.814289
vn 0.164785 -0.303316 0.938534
vn 0.478095 -0.049503 0.876912
vn -0.758432 -0.514630 -0.399921
vn -0.765810 -0.515285 -0.384728
vn -0.793610 -0.516430 -0.321688
vn -0.793610 -0.516430 -0.321688
vn -0.741962 -0.653751 0.148667
vn -0.741962 -0.653751 0.148667
vn 0.597410 0.708296 -0.376055
vn -0.398226 0.788979 -0.467898
vn -0.995835 0.036659 -0.083484
vn 0.949870 -0.301969 0.081002
vn 0.935768 0.311038 -0.166115
vn -0.404350 -0.864027 0.299931
vn 0.368690 -0.879923 0.299673
vn -0.862987 -0.478837 0.161146
vn 0.595726 0.778498 0.197614
vn -0.345319 0.877646 0.332403
vn -0.960339 0.237615 0.145908
vn 0.922668 -0.213622 -0.321014
vn 0.944264 0.322997 -0.063557
vn -0.774834 -0.616213 -0.141117
vn 0.109561 -0.905680 -0.409562
vn -0.965550 -0.259724 -0.016039
vn 0.210399 0.910581 0.355774
vn 0.210399 0.910581 0.355774
vn 0.166177 0.979451 -0.114283
vn 0.166177 0.979451 -0.114283
vn -0.322926 0.945401 -0.044006
vn -0.349029 0.936276 -0.039573
vn -0.765918 0.641350 0.045165
vn -0.765918 0.641350 0.045165
vn 0.896790 0.206704 0.391205
vn 0.896790 0.206704 0.391205
vn 0.896790 0.206704 0.391205
vn 0.896790 0.206704 0.391205
vn 0.910957 0.353723 -0.212219
vn 0.910957 0.353723 -0.212219
vn 0.801767 0.568098 -0.185563
vn 0.801767 0.568098 -0.185563
vn 0.801767 0.568098 -0.185563
vn 0.801767 0.568098 -0.185563
vn -0.106665 0.645351 0.756402
vn -0.106665 0.645351 0.756402
vn -0.005802 -0.872766 0.488103
vn -0.005802 -0.872766 0.488104
vn 0.040745 -0.872130 0.487575
vn 0.040654 -0.872133 0.487577
vn 0.086835 -0.869631 0.486006
vn 0.086835 -0.869631 0.486006
vn -0.870276 -0.159694 0.465959
vn -0.870276 -0.159694 0.465959
vn -0.870276 -0.159694 0.465959
vn -0.870276 -0.159694 0.465959
vn -0.977998 -0.165308 0.127252
vn -0.977998 -0.165308 0.127252
vn -0.977998 -0.165308 0.127252
vn -0.977998 -0.165308 0.127252
vn -0.898719 -0.391319 0.197923
vn -0.944642 -0.273336 0.181493
vn -0.927802 -0.321924 0.188542
vn -0.898719 -0.391319 0.197923
vn 0.241886 0.682915 0.689288
vn 0.241886 0.682915 0.689288
vn 0.343920 0.872498 0.347084
vn 0.343920 0.872498 0.347084
vn -0.107733 0.952341 0.285378
vn -0.161391 0.948189 0.273662
vn -0.567568 0.809459 0.150473
vn -0.567568 0.809459 0.150473
vn 0.739092 -0.145671 0.657665
vn 0.739092 -0.145671 0.657665
vn 0.739092 -0.145671 0.657665
vn 0.739092 -0.145671 0.657665
vn 0.979293 0.031688 0.199954
vn 0.979293 0.031688 0.199954
vn 0.922906 0.271520 0.272987
vn 0.922906 0.271519 0.272987
vn 0.922906 0.271519 0.272987
vn 0.922906 0.271520 0.272987
vn -0.229844 -0.722348 0.652215
vn -0.229844 -0.722349 0.652215
vn 0.112382 -0.532793 -0.838750
vn 0.112382 -0.532793 -0.838750
vn 0.156696 -0.533409 -0.831216
vn 0.156369 -0.533409 -0.831279
vn 0.200220 -0.532958 -0.822111
vn 0.200220 -0.532958 -0.822111
vn -0.988120 0.007652 0.153496
vn -0.988120 0.007652 0.153496
vn -0.988120 0.007652 0.153496
vn -0.988120 0.007652 0.153496
vn -0.981610 0.133972 -0.135994
vn -0.981610 0.133972 -0.135994
vn -0.981610 0.133972 -0.135994
vn -0.981610 0.133972 -0.135994
vn -0.982617 -0.019983 -0.184565
vn -0.982552 -0.000234 -0.185989
vn -0.982535 0.000993 -0.186075
vn -0.982617 -0.019983 -0.184565
vn 0.192794 0.190969 0.962477
vn 0.192794 0.190969 0.962477
vn -0.142438 0.836514 0.529109
vn -0.142438 0.836513 0.529109
vn -0.041670 0.839665 0.541504
vn -0.036503 0.839593 0.541988
vn 0.058921 0.834212 0.548287
vn 0.058921 0.834212 0.548287
vn -0.973614 -0.159205 0.163490
vn -0.973614 -0.159205 0.163490
vn -0.955208 -0.294795 -0.025946
vn -0.955208 -0.294794 -0.025946
vn -0.955208 -0.294794 -0.025946
vn -0.955208 -0.294794 -0.025946
vn -0.829980 0.478367 0.286876
vn -0.829980 0.478367 0.286876
vn -0.829980 0.478367 0.286876
vn -0.829980 0.478367 0.286876
vn 0.036678 -0.481178 -0.875855
vn 0.142256 -0.862156 -0.486262
vn 0.142256 -0.862156 -0.486262
vn 0.051572 -0.876996 -0.477722
vn 0.054299 -0.876660 -0.478037
vn -0.043193 -0.884505 -0.464526
vn -0.043193 -0.884505 -0.464526
vn 0.891882 0.399761 0.211513
vn 0.891882 0.399761 0.211513
vn 0.891882 0.399761 0.211513
vn 0.891882 0.399761 0.211513
vn 0.800842 0.518659 0.299410
vn 0.800842 0.518659 0.299410
vn 0.800842 0.518659 0.299410
vn 0.800842 0.518659 0.299410
vn 0.972334 -0.223002 -0.069552
vn 0.972334 -0.223002 -0.069552
vn 0.972334 -0.223002 -0.069552
vn 0.972334 -0.223002 -0.069552
vn -0.208332 -0.348840 0.913733
vn -0.208332 -0.348840 0.913733
vn -0.272374 -0.516222 0.811990
vn -0.272374 -0.516222 0.811990
vn -0.176599 -0.522230 0.834319
vn -0.177057 -0.522213 0.834233
vn -0.079018 -0.523167 0.848559
vn -0.079018 -0.523167 0.848559
vn -0.981989 0.022787 -0.187557
vn -0.981989 0.022787 -0.187557
vn -0.896794 0.036065 -0.440976
vn -0.896794 0.036065 -0.440976
vn -0.896794 0.036065 -0.440976
vn -0.896794 0.036065 -0.440976
vn -0.917649 -0.252246 0.307070
vn -0.917649 -0.252246 0.307070
vn -0.917649 -0.252246 0.307070
vn -0.917649 -0.252246 0.307070
vn 0.178795 0.373810 -0.910109
vn 0.274453 0.402975 -0.873091
vn 0.274453 0.402975 -0.873091
vn 0.185605 0.404107 -0.895683
vn 0.186007 0.404110 -0.895598
vn 0.095359 0.401850 -0.910727
vn 0.095359 0.401850 -0.910727
vn 0.776212 -0.114460 0.619995
vn 0.776212 -0.114460 0.619995
vn 0.776212 -0.114460 0.619995
vn 0.776212 -0.114460 0.619995
vn 0.714946 -0.284809 0.638542
vn 0.714946 -0.284809 0.638542
vn 0.714946 -0.284809 0.638542
vn 0.714946 -0.284809 0.638542
vn 0.998399 0.005160 -0.056336
vn 0.998399 0.005160 -0.056336
vn 0.998399 0.005160 -0.056336
vn 0.998399 0.005160 -0.056336
vn -0.194702 -0.568688 -0.799178
vn -0.700214 -0.344301 -0.625426
vn -0.970293 0.021737 -0.240954
vn 0.902491 -0.260703 0.342846
vn 0.664941 -0.559942 -0.494286
vn 0.090208 0.353975 0.930894
vn 0.619733 0.044023 0.783577
vn -0.713732 0.484540 0.505775
vn 0.094838 -0.713236 -0.694479
vn -0.259215 -0.926713 -0.272049
vn -0.532554 -0.817327 0.219914
vn 0.730765 0.672669 -0.116186
vn 0.591848 0.061992 -0.803662
vn 0.064057 0.558094 0.827302
vn 0.483306 0.749848 0.451823
vn -0.550865 -0.142981 0.822255
vn 0.286933 -0.845589 -0.450166
vn 0.286933 -0.845589 -0.450165
vn 0.286933 -0.845589 -0.450165
vn 0.286933 -0.845589 -0.450165
vn 0.427219 -0.784260 -0.449912
vn -0.239866 -0.970077 -0.037623
vn -0.807370 -0.579360 0.111783
vn 0.391542 -0.405759 -0.825866
vn -0.995643 -0.089132 0.027400
vn -0.995643 -0.089132 0.027400
vn -0.968341 -0.192364 -0.159094
vn 0.701776 0.697374 -0.145532
vn -0.697980 0.526082 0.485862
vn -0.970735 0.238175 -0.030748
vn -0.970735 0.238175 -0.030748
vn -0.697362 0.526340 0.486469
vn -0.765404 -0.218212 -0.605426
vn -0.765404 -0.218212 -0.605426
vn -0.765404 -0.218212 -0.605426
vn -0.765404 -0.218212 -0.605426
vn -0.595071 -0.338555 -0.728883
vn -0.595071 -0.338555 -0.728883
vn -0.595071 -0.338555 -0.728883
vn -0.595071 -0.338555 -0.728883
vn 0.251559 -0.545568 -0.799421
vn 0.711558 -0.464632 -0.527069
vn 0.711583 -0.464622 -0.527045
vn 0.251559 -0.545568 -0.799421
vn 0.920187 -0.318507 -0.227619
vn 0.920187 -0.318507 -0.227619
vn 0.697125 0.296037 0.652977
vn 0.697125 0.296037 0.652977
vn 0.697125 0.296037 0.652977
vn 0.697125 0.296037 0.652977
vn 0.677136 0.310077 0.667337
vn 0.677136 0.310077 0.667337
vn 0.677136 0.310077 0.667337
vn 0.677136 0.310077 0.667337
vn -0.291848 0.598955 0.745706
vn -0.291848 0.598955 0.745706
vn -0.608475 -0.047746 0.792135
vn -0.688286 -0.507247 0.518617
vn -0.688286 -0.507247 0.518617
vn -0.608464 -0.047714 0.792146
vn -0.393952 -0.895389 -0.207557
vn -0.393952 -0.895390 -0.207557
vn -0.393952 -0.895390 -0.207557
vn -0.393952 -0.895390 -0.207557
vn -0.252884 -0.879119 -0.403980
vn -0.252884 -0.879119 -0.403980
vn -0.252884 -0.879119 -0.403980
vn -0.252884 -0.879119 -0.403980
vn 0.235113 -0.488774 -0.840133
vn 0.552132 0.080200 -0.829890
vn 0.552407 0.080959 -0.829634
vn 0.235113 -0.488774 -0.840133
vn 0.639961 0.494443 -0.588197
vn 0.639961 0.494443 -0.588197
vn 0.317263 0.905857 0.280655
vn 0.317263 0.905857 0.280655
vn 0.317263 0.905857 0.280655
vn 0.317263 0.905857 0.280655
vn 0.300809 0.904052 0.303651
vn 0.300809 0.904052 0.303651
vn 0.300809 0.904052 0.303651
vn 0.300809 0.904052 0.303651
vn -0.436500 0.301370 0.847729
vn -0.436500 0.301370 0.847729
s 1
g pCube1
usemtl pCube1SG
f 101/1/1 1/2/2 98/3/3 97/4/4
f 99/5/5 2/6/6 103/7/7 102/8/8
f 104/9/9 3/10/10 107/11/11 106/12/12
s 3
f 114/13/13 5/14/14 111/15/15 110/16/16
f 112/17/17 6/18/18 116/19/19 115/20/20
f 117/21/21 7/22/22 120/23/23 119/24/24
f 126/25/25 9/26/26 113/27/27 123/28/28
f 124/29/29 10/30/30 118/31/31 127/32/32
f 128/33/33 11/34/34 122/35/35 130/36/36
f 136/424/37 13/38/38 125/39/39 133/474/40
f 141/401/41 85/42/42 138/43/43 137/473/44
f 145/413/45 15/477/46 132/47/47 142/472/48
f 149/49/49 17/50/50 135/51/51 146/52/52
f 147/53/53 18/54/54 151/470/55 150/56/56
f 152/57/57 19/58/58 144/59/59 154/60/60
f 160/61/61 21/62/62 148/63/63 157/64/64
f 158/65/65 22/66/66 153/67/67 161/68/68
f 162/69/69 23/70/70 156/71/71 164/72/72
f 171/73/73 90/74/74 168/75/75 167/76/76
f 169/77/77 91/78/78 173/79/79 172/80/80
f 174/81/81 92/82/82 177/83/83 176/84/84
s 10
f 184/85/85 49/86/86 181/87/87 180/88/88
s 1
f 187/464/89 30/90/90 175/91/91 185/469/92
s 12
f 192/93/93 53/94/94 189/95/95 188/96/96
s off
f 108/97/97 4/98/98 194/99/99 193/100/100
s 3
f 121/101/101 8/102/102 197/103/103 196/104/104
s 13
f 378/105/105 377/106/106 379/107/107 380/108/108
s off
f 171/73/109 29/109/110 204/110/111 203/111/112
s 3
f 160/61/61 25/112/113 207/113/114 206/114/115
s 14
f 386/501/116 387/116/117 388/117/118 389/118/119
s 15
f 216/119/120 29/109/121 170/120/122 213/121/123
s 1
f 214/122/124 30/90/90 187/464/89 217/123/125
f 218/124/126 2/6/6 98/3/127 220/125/128
s 17
f 221/126/129 1/2/130 204/462/131 223/127/132
s 18
f 228/128/133 31/129/134 179/130/135 225/131/136
s 19
f 226/132/137 32/133/138 194/460/139 229/134/140
s 1
f 230/135/141 4/98/142 107/11/143 232/136/144
f 233/137/145 3/10/10 186/458/146 235/139/147
s 21
f 240/140/148 33/141/149 215/142/150 237/143/151
f 238/144/152 34/145/153 219/454/154 241/147/155
f 242/148/156 35/149/157 222/150/158 244/151/159
f 245/152/160 36/153/161 224/447/162 247/155/163
s 22
f 252/156/164 37/157/165 227/158/166 249/159/167
f 250/160/168 38/161/169 231/441/170 253/163/171
f 254/164/172 39/165/173 234/166/174 256/167/175
f 257/168/176 40/169/177 236/434/178 259/171/179
s 23
f 263/524/180 41/479/181 239/174/182 261/528/183
s off
f 262/176/184 42/177/185 243/178/186 264/527/187
s 24
f 270/511/188 58/181/189 267/182/190 266/525/191
s off
f 272/516/192 44/448/193 248/186/194 271/523/195
s 25
f 275/518/196 45/478/197 251/190/198 273/522/199
s off
f 274/192/200 46/193/201 255/194/202 276/521/203
s 26
f 282/505/204 62/197/205 279/198/206 278/519/207
s off
f 284/510/208 48/435/209 260/202/210 283/517/211
s 27
f 287/204/212 43/450/213 246/206/214 285/207/215
s off
f 286/208/216 44/448/217 272/516/218 288/209/219
s 10
f 289/210/220 52/211/221 183/212/222 290/213/223
s 28
f 291/214/224 51/215/225 265/513/226 292/217/227
s 29
f 295/218/228 47/437/229 258/220/230 293/221/231
s off
f 294/222/232 48/435/233 284/510/234 296/223/235
s 12
f 297/224/236 56/225/237 191/226/238 298/227/239
s 30
f 299/228/240 55/229/241 277/507/242 300/231/243
s 3
f 304/232/244 12/233/245 198/430/246 301/235/247
f 302/236/248 24/237/249 155/238/250 305/239/251
f 306/240/252 20/241/253 143/428/254 308/243/255
f 309/244/256 16/245/257 131/246/258 311/247/259
f 316/248/260 21/62/62 208/426/261 313/250/262
f 314/251/263 9/26/26 126/25/25 317/252/264
f 318/253/265 13/38/38 136/424/37 320/254/266
f 321/255/267 17/50/50 149/49/49 323/256/268
f 327/257/269 66/258/270 303/422/271 325/260/272
f 326/261/273 65/262/274 307/263/275 328/264/276
f 329/265/277 67/266/278 310/420/279 330/268/280
f 331/269/281 68/270/282 312/271/283 332/272/284
f 335/273/285 69/274/286 315/418/287 333/276/288
f 334/277/289 70/278/290 319/279/291 336/280/292
f 337/281/293 71/282/294 322/416/295 338/284/296
f 339/285/297 72/286/298 324/287/299 340/288/300
s off
f 344/289/301 14/480/302 129/291/303 341/292/304
s 3
f 342/293/305 15/46/306 145/414/45 345/294/307
f 346/295/308 19/471/58 151/55/309 348/296/310
f 349/297/311 18/475/54 134/410/312 351/299/313
f 355/300/314 81/301/315 343/302/316 353/303/317
f 354/304/318 82/305/319 347/406/320 356/307/321
f 357/308/322 83/309/323 350/310/324 358/311/325
f 359/312/326 84/313/327 352/403/328 360/315/329
f 363/316/330 90/74/74 205/400/331 361/318/332
f 363/316/330 25/112/113 159/319/333 364/320/334
f 365/321/335 26/322/336 163/323/337 366/324/338
f 367/325/339 27/326/340 166/327/341 368/328/342
f 371/329/343 94/330/344 195/397/345 370/332/346
f 373/333/347 95/334/348 109/335/349 372/336/350
f 375/337/351 96/338/352 105/339/353 374/340/354
f 362/341/355 89/342/356 100/343/357 376/344/358
s 1
f 98/3/3 2/6/6 99/5/5 97/4/4
s 3
f 99/5/359 96/338/352 100/343/357 97/4/360
f 100/343/357 89/342/356 101/1/361 97/4/360
s 1
f 103/7/7 3/10/10 104/9/9 102/8/362
s 3
f 104/9/363 95/334/348 105/339/353 102/8/364
f 105/339/353 96/338/352 99/5/359 102/8/364
s 1
f 107/11/11 4/98/365 108/97/366 106/12/12
s 3
f 108/97/367 94/330/344 109/335/349 106/12/368
f 109/335/349 95/334/348 104/9/363 106/12/368
f 111/15/15 6/18/18 112/17/17 110/16/16
f 112/17/17 10/30/30 113/27/27 110/16/16
f 113/27/27 9/26/26 114/13/13 110/16/16
f 116/19/19 7/22/22 117/21/21 115/20/20
f 117/21/21 11/34/34 118/31/31 115/20/20
f 118/31/31 10/30/30 112/17/17 115/20/20
f 120/23/23 8/102/102 121/101/101 119/24/24
f 121/101/101 12/233/245 122/35/35 119/24/24
f 122/35/35 11/34/34 117/21/21 119/24/24
f 113/27/27 10/30/30 124/29/29 123/28/28
f 124/29/29 14/290/369 125/39/39 123/28/28
f 125/39/39 13/38/38 126/25/25 123/28/28
f 118/31/31 11/34/34 128/33/33 127/32/32
f 128/33/33 15/477/46 129/476/370 127/32/32
f 129/476/370 14/290/369 124/29/29 127/32/32
f 122/35/35 12/233/245 131/246/258 130/36/36
f 131/246/258 16/245/257 132/47/47 130/36/36
f 132/47/47 15/477/46 128/33/33 130/36/36
f 125/39/39 14/290/369 134/408/312 133/474/40
f 134/409/312 18/54/54 135/51/51 133/40/40
f 135/51/51 17/50/50 136/37/37 133/40/40
f 138/43/43 86/345/371 139/346/372 137/473/44
f 139/404/372 87/347/373 140/348/374 137/44/44
f 140/348/374 88/349/375 141/41/41 137/44/44
f 132/47/47 16/245/257 143/242/254 142/472/48
f 143/428/254 20/241/253 144/59/59 142/48/48
f 144/59/59 19/58/58 145/412/45 142/48/48
f 135/51/51 18/54/54 147/53/53 146/52/52
f 147/53/53 22/66/66 148/63/63 146/52/52
f 148/63/63 21/62/62 149/49/49 146/52/52
f 151/470/55 19/58/58 152/57/57 150/56/56
f 152/57/57 23/70/70 153/67/67 150/56/56
f 153/67/67 22/66/66 147/53/53 150/56/56
f 144/59/59 20/241/253 155/238/250 154/60/60
f 155/238/250 24/237/249 156/71/71 154/60/60
f 156/71/71 23/70/70 152/57/57 154/60/60
f 148/63/63 22/66/66 158/65/65 157/64/64
f 158/65/65 26/322/336 159/319/333 157/64/64
f 159/319/333 25/112/113 160/61/61 157/64/64
f 153/67/67 23/70/70 162/69/69 161/68/68
f 162/69/69 27/326/340 163/323/337 161/68/68
f 163/323/337 26/322/336 158/65/65 161/68/68
f 156/71/71 24/237/249 165/350/376 164/72/72
f 165/350/376 28/351/377 166/327/341 164/72/72
f 166/327/341 27/326/340 162/69/69 164/72/72
f 168/75/75 91/78/78 169/77/77 167/76/76
s 1
f 169/77/378 30/90/90 170/120/379 167/76/380
f 170/120/379 29/109/381 171/73/382 167/76/380
s 3
f 173/79/79 92/82/82 174/81/81 172/80/80
s 1
f 174/81/383 31/129/384 175/91/91 172/80/385
f 175/91/91 30/90/90 169/77/378 172/80/386
s 3
f 177/83/83 93/352/387 178/353/388 176/84/84
s 1
f 178/353/389 32/133/390 179/130/391 176/84/392
f 179/130/391 31/129/384 174/81/383 176/84/392
s 10
f 181/87/87 50/354/393 182/355/394 180/88/88
f 182/355/394 51/215/395 183/212/222 180/88/88
f 183/212/222 52/211/221 184/85/85 180/88/88
s 1
f 175/91/91 31/129/384 186/138/146 185/469/92
f 186/458/146 3/10/10 103/7/7 185/92/92
f 103/7/7 2/6/6 187/89/89 185/92/92
s 12
f 189/95/95 54/356/396 190/357/397 188/96/96
f 190/357/397 55/229/398 191/226/238 188/96/96
f 191/226/238 56/225/237 192/93/93 188/96/96
s off
f 194/460/399 32/133/400 178/353/401 193/468/402
s 3
f 178/353/388 93/352/387 195/331/345 193/468/403
f 195/397/345 94/330/344 108/97/367 193/100/403
f 197/395/103 28/351/377 165/350/376 196/467/104
f 165/350/376 24/237/249 198/234/404 196/467/104
f 198/430/404 12/233/245 121/101/101 196/104/104
s 41
f 379/107/405 381/358/406 382/503/407 380/108/408
f 382/359/407 383/360/409 384/361/410 380/108/408
s 13
f 384/361/411 385/362/412 378/105/105 380/108/108
s off
f 204/462/413 1/2/414 101/1/415 203/466/416
s 3
f 101/1/361 89/342/356 205/317/331 203/466/417
f 205/400/331 90/74/74 171/73/73 203/111/417
f 207/398/114 5/14/14 114/13/13 206/465/115
f 114/13/13 9/26/26 208/249/418 206/465/115
f 208/426/418 21/62/62 160/61/61 206/114/115
s 42
f 388/117/419 390/363/420 391/364/421 389/118/422
f 391/364/421 392/365/423 393/366/424 389/118/422
s 14
f 393/366/425 394/367/426 386/115/116 389/118/119
s 15
f 170/120/122 30/90/427 214/122/428 213/121/123
f 214/122/428 34/145/429 215/142/430 213/121/123
f 215/142/430 33/141/431 216/119/120 213/121/123
s 1
f 187/89/89 2/6/6 218/124/126 217/463/432
f 218/124/126 35/149/433 219/146/434 217/463/432
f 219/454/435 34/145/436 214/122/124 217/123/125
f 98/3/127 1/2/437 221/126/438 220/125/128
f 221/126/438 36/153/439 222/150/440 220/125/128
f 222/150/440 35/149/441 218/124/126 220/125/128
s 43
f 204/110/442 29/109/443 216/119/444 223/461/445
f 216/119/444 33/141/446 224/154/447 223/461/445
s 17
f 224/447/448 36/153/449 221/126/129 223/127/132
s 18
f 179/130/135 32/133/450 226/132/451 225/131/136
f 226/132/451 38/161/452 227/158/453 225/131/136
f 227/158/453 37/157/454 228/128/133 225/131/136
s 44
f 194/99/455 4/98/456 230/135/457 229/459/458
f 230/135/457 39/165/459 231/162/460 229/459/458
s 19
f 231/441/461 38/161/462 226/132/137 229/134/140
s 1
f 107/11/143 3/10/10 233/137/145 232/136/144
f 233/137/145 40/169/463 234/166/464 232/136/144
f 234/166/464 39/165/465 230/135/141 232/136/144
f 186/138/146 31/129/384 228/128/466 235/457/467
f 228/128/466 37/157/468 236/170/469 235/457/467
f 236/434/470 40/169/471 233/137/145 235/139/147
s 21
f 215/142/150 34/145/153 238/144/152 237/143/151
f 238/144/152 42/456/472 239/455/473 237/143/151
f 239/455/473 41/173/474 240/140/148 237/143/151
f 219/146/154 35/149/157 242/148/156 241/453/155
f 242/148/156 43/205/475 243/451/476 241/453/155
f 243/452/476 42/456/472 238/144/152 241/147/155
f 222/150/158 36/153/161 245/152/160 244/151/159
f 245/152/160 44/185/477 246/449/478 244/151/159
f 246/449/478 43/205/475 242/148/156 244/151/159
f 224/154/162 33/141/149 240/140/148 247/446/163
f 240/140/148 41/173/474 248/444/479 247/446/163
f 248/445/479 44/185/477 245/152/160 247/155/163
s 22
f 227/158/166 38/161/169 250/160/168 249/159/167
f 250/160/168 46/443/480 251/442/481 249/159/167
f 251/442/481 45/189/482 252/156/164 249/159/167
f 231/162/170 39/165/173 254/164/172 253/440/171
f 254/164/172 47/219/483 255/438/484 253/440/171
f 255/439/484 46/443/480 250/160/168 253/163/171
f 234/166/174 40/169/177 257/168/176 256/167/175
f 257/168/176 48/201/485 258/436/486 256/167/175
f 258/436/486 47/219/483 254/164/172 256/167/175
f 236/170/178 37/157/165 252/156/164 259/433/179
f 252/156/164 45/189/482 260/431/487 259/433/179
f 260/432/487 48/201/485 257/168/176 259/171/179
s 23
f 239/174/182 42/177/488 262/176/489 261/528/183
s 45
f 262/526/490 50/354/491 181/87/492 261/175/493
f 181/87/492 49/86/494 263/172/495 261/175/493
s off
f 243/178/496 43/450/497 265/216/498 264/527/499
s 28
f 265/513/226 51/215/225 182/355/500 264/179/501
s off
f 182/355/502 50/354/503 262/526/504 264/179/505
s 24
f 267/182/190 57/368/506 268/369/507 266/525/191
s 46
f 268/514/508 59/370/509 269/371/510 266/183/511
f 269/371/510 60/372/512 270/180/513 266/183/511
s off
f 248/186/514 41/479/515 263/524/516 271/523/517
f 263/172/518 49/86/519 184/85/520 271/187/521
s 47
f 184/85/522 52/211/523 272/184/524 271/187/525
s 25
f 251/190/198 46/193/526 274/192/527 273/522/199
s 48
f 274/520/528 54/356/529 189/95/530 273/191/531
f 189/95/530 53/94/532 275/188/533 273/191/531
s off
f 255/194/534 47/437/535 277/230/536 276/521/537
s 30
f 277/507/242 55/229/241 190/357/538 276/195/539
s off
f 190/357/540 54/356/541 274/520/542 276/195/543
s 26
f 279/198/206 61/373/544 280/374/545 278/519/207
s 49
f 280/508/546 63/375/547 281/376/548 278/199/549
f 281/376/548 64/377/550 282/196/551 278/199/549
s off
f 260/202/552 45/478/553 275/518/554 283/517/555
f 275/188/556 53/94/557 192/93/558 283/203/559
s 50
f 192/93/560 56/225/561 284/200/562 283/203/563
s 27
f 246/206/214 44/448/564 286/208/565 285/207/215
s 51
f 286/208/566 57/368/567 267/182/568 285/207/569
f 267/182/568 58/181/570 287/204/571 285/207/569
s 47
f 272/184/524 52/211/523 289/210/572 288/515/573
s off
f 289/210/574 59/370/575 268/514/576 288/515/577
f 268/369/578 57/368/579 286/208/580 288/209/581
s 10
f 183/212/222 51/215/395 291/214/582 290/213/223
s 52
f 291/214/583 60/372/584 269/371/585 290/213/586
f 269/371/585 59/370/587 289/210/588 290/213/586
s off
f 265/216/589 43/450/590 287/204/591 292/512/592
f 287/204/593 58/181/594 270/511/595 292/512/596
f 270/180/597 60/372/598 291/214/599 292/217/600
s 29
f 258/220/230 48/435/601 294/222/602 293/221/231
s 53
f 294/222/603 61/373/604 279/198/605 293/221/606
f 279/198/605 62/197/607 295/218/608 293/221/606
s 50
f 284/200/562 56/225/561 297/224/609 296/509/610
s off
f 297/224/611 63/375/612 280/508/613 296/509/614
f 280/374/615 61/373/616 294/222/617 296/223/618
s 12
f 191/226/238 55/229/398 299/228/619 298/227/239
s 54
f 299/228/620 64/377/621 281/376/622 298/227/623
f 281/376/622 63/375/624 297/224/625 298/227/623
s off
f 277/230/626 47/437/627 295/218/628 300/506/629
f 295/218/630 62/197/631 282/505/632 300/506/633
f 282/196/634 64/377/635 299/228/636 300/231/637
s 3
f 198/234/246 24/237/249 302/236/248 301/429/247
f 302/236/248 65/262/274 303/259/271 301/429/247
f 303/422/271 66/258/270 304/232/244 301/235/247
f 155/238/250 20/241/253 306/240/252 305/239/251
f 306/240/252 67/266/278 307/263/275 305/239/251
f 307/263/275 65/262/274 302/236/248 305/239/251
f 143/242/254 16/245/257 309/244/256 308/427/255
f 309/244/256 68/270/282 310/267/279 308/427/255
f 310/420/279 67/266/278 306/240/252 308/243/255
f 131/246/258 12/233/245 304/232/244 311/247/259
f 304/232/244 66/258/270 312/271/283 311/247/259
f 312/271/283 68/270/282 309/244/256 311/247/259
f 208/249/261 9/26/26 314/251/263 313/425/262
f 314/251/263 70/278/290 315/275/287 313/425/262
f 315/418/287 69/274/286 316/248/260 313/250/262
f 126/25/25 13/38/38 318/253/265 317/252/264
f 318/253/265 71/282/294 319/279/291 317/252/264
f 319/279/291 70/278/290 314/251/263 317/252/264
f 136/37/37 17/50/50 321/255/267 320/423/266
f 321/255/267 72/286/298 322/283/295 320/423/266
f 322/416/295 71/282/294 318/253/265 320/254/266
f 149/49/49 21/62/62 316/248/260 323/256/268
f 316/248/260 69/274/286 324/287/299 323/256/268
f 324/287/299 72/286/298 321/255/267 323/256/268
f 303/259/271 65/262/274 326/261/273 325/421/272
f 326/261/273 73/497/638 199/498/639 325/421/272
f 199/499/639 74/500/640 327/257/269 325/260/272
f 307/263/275 67/266/278 329/265/277 328/264/276
f 329/265/277 75/495/641 200/496/642 328/264/276
f 200/496/642 73/497/638 326/261/273 328/264/276
f 310/267/279 68/270/282 331/269/281 330/419/280
f 331/269/281 76/492/643 201/493/644 330/419/280
f 201/494/644 75/495/641 329/265/277 330/268/280
f 312/271/283 66/258/270 327/257/269 332/272/284
f 327/257/269 74/500/640 202/491/645 332/272/284
f 202/491/645 76/492/643 331/269/281 332/272/284
f 315/275/287 70/278/290 334/277/289 333/417/288
f 334/277/289 78/490/646 209/488/647 333/417/288
f 209/489/647 77/482/648 335/273/285 333/276/288
f 319/279/291 71/282/294 337/281/293 336/280/292
f 337/281/293 79/487/649 210/486/650 336/280/292
f 210/486/650 78/490/646 334/277/289 336/280/292
f 322/283/295 72/286/298 339/285/297 338/415/296
f 339/285/297 80/485/651 211/483/652 338/415/296
f 211/484/652 79/487/649 337/281/293 338/284/296
f 324/287/299 69/274/286 335/273/285 340/288/300
f 335/273/285 77/482/648 212/481/653 340/288/300
f 212/481/653 80/485/651 339/285/297 340/288/300
s off
f 129/291/654 15/46/655 342/293/656 341/292/657
s 3
f 342/293/658 82/305/319 343/302/316 341/292/659
f 343/302/316 81/301/315 344/289/660 341/292/659
f 145/45/45 19/471/58 346/295/308 345/411/307
f 346/295/308 83/309/323 347/306/320 345/411/661
f 347/406/320 82/305/319 342/293/658 345/294/661
f 151/55/309 18/475/54 349/297/311 348/296/310
f 349/297/311 84/313/327 350/310/324 348/296/310
f 350/310/324 83/309/323 346/295/308 348/296/310
f 134/298/312 14/480/662 344/289/663 351/407/313
f 344/289/660 81/301/315 352/314/328 351/407/664
f 352/403/328 84/313/327 349/297/311 351/299/664
f 343/302/316 82/305/319 354/304/318 353/303/317
f 354/304/318 86/345/371 138/43/43 353/303/317
f 138/43/43 85/42/42 355/300/314 353/303/317
f 347/306/320 83/309/323 357/308/322 356/405/321
f 357/308/322 87/347/373 139/404/372 356/405/321
f 139/346/372 86/345/371 354/304/318 356/307/321
f 350/310/324 84/313/327 359/312/326 358/311/325
f 359/312/326 88/349/375 140/348/374 358/311/325
f 140/348/374 87/347/373 357/308/322 358/311/325
f 352/314/328 81/301/315 355/300/314 360/402/329
f 355/300/314 85/42/42 141/401/41 360/402/329
f 141/41/41 88/349/375 359/312/326 360/315/329
f 205/317/331 89/342/356 362/341/355 361/399/332
f 362/341/355 5/14/14 207/398/114 361/399/332
f 207/113/114 25/112/113 363/316/330 361/318/332
f 159/319/333 26/322/336 365/321/335 364/320/334
f 365/321/335 91/78/78 168/75/75 364/320/334
f 168/75/75 90/74/74 363/316/330 364/320/334
f 163/323/337 27/326/340 367/325/339 366/324/338
f 367/325/339 92/82/82 173/79/79 366/324/338
f 173/79/79 91/78/78 365/321/335 366/324/338
f 166/327/341 28/351/377 369/394/665 368/328/342
f 369/394/665 93/352/387 177/83/83 368/328/342
f 177/83/83 92/82/82 367/325/339 368/328/342
f 195/331/345 93/352/387 369/394/665 370/396/346
f 369/394/665 28/351/377 197/395/103 370/396/346
f 197/103/103 8/102/102 371/329/343 370/332/346
f 109/335/349 94/330/344 371/329/343 372/336/350
f 371/329/343 8/102/102 120/23/23 372/336/350
f 120/23/23 7/22/22 373/333/347 372/336/350
f 105/339/353 95/334/348 373/333/347 374/340/354
f 373/333/347 7/22/22 116/19/19 374/340/354
f 116/19/19 6/18/18 375/337/351 374/340/354
f 100/343/357 96/338/352 375/337/351 376/344/358
f 375/337/351 6/18/18 111/15/15 376/344/358
f 111/15/15 5/14/14 362/341/355 376/344/358
s 55
f 202/385/666 74/380/667 377/106/668 378/105/669
s off
f 74/380/670 199/379/671 379/107/672 377/106/673
f 199/379/674 73/378/675 381/358/676 379/107/677
s 56
f 73/378/678 200/504/679 382/503/680 381/358/681
f 200/382/679 75/381/682 383/360/683 382/359/680
s off
f 75/381/684 201/384/685 384/361/686 383/360/687
f 201/384/688 76/383/689 385/362/690 384/361/691
s 55
f 76/383/692 202/385/666 378/105/669 385/362/693
s 57
f 212/393/694 77/388/695 387/116/696 386/501/697
s off
f 77/388/698 209/387/699 388/117/700 387/116/701
f 209/387/702 78/386/703 390/363/704 388/117/705
s 58
f 78/386/706 210/390/707 391/364/708 390/363/709
f 210/390/707 79/389/710 392/365/711 391/364/708
s off
f 79/389/712 211/392/713 393/366/714 392/365/715
f 211/392/716 80/391/717 394/367/718 393/366/719
s 57
f 80/391/720 212/502/694 386/115/697 394/367/721
