# This file uses centimeters as units for non-parametric coordinates.

mtllib roll_frame18.mtl
g default
v -23.443338 33.553318 65.753418
v -13.051971 25.567560 70.882385
v -5.989232 14.101544 73.221550
v -2.295196 1.728676 78.816750
v -9.832911 38.599655 51.896423
v 2.050684 33.819229 60.090576
v 12.625959 19.176075 61.960281
v 14.099255 5.196724 56.261829
v 5.287961 43.464764 36.783978
v 10.473834 40.180889 46.047539
v 22.590614 31.058104 47.320080
v 29.269859 24.126425 39.031166
v 6.416338 53.210747 33.385098
v 21.716524 50.057957 32.505276
v 30.876913 43.250519 33.451923
v 37.028687 30.869921 38.900181
v 1.083272 48.445999 25.873285
v 18.603092 47.418285 21.035410
v 30.769436 38.364273 22.332724
v 39.165390 26.927788 29.638744
v 2.453919 40.678436 30.329660
v 7.001019 32.468250 23.878872
v 19.115885 23.345230 25.152992
v 30.128658 20.915014 31.441252
v -16.791384 32.633873 42.997482
v -11.239515 19.984760 41.299732
v -2.416875 7.935847 43.018879
v 7.019708 -0.919872 47.114952
v -29.395531 28.343750 72.058693
v -18.977491 23.956652 76.527176
v -15.454255 14.545906 76.112427
v -13.949191 0.564169 79.055550
v -21.393740 58.526386 85.884918
v -14.404575 56.233837 87.967178
v -9.991851 61.735638 79.565010
v -17.007193 64.109360 77.688499
v -3.547103 30.376675 99.897392
v -2.719646 24.199944 104.606247
v 8.972674 23.946287 102.551750
v 8.122898 30.136190 97.870880
v -30.135401 45.190861 108.923012
v -24.161381 41.324982 109.399330
v -18.617422 48.353786 115.016693
v -24.476368 52.751110 114.372635
v -28.856520 33.169395 112.156113
v -28.935776 26.312294 115.130989
v -22.487324 29.376732 123.518173
v -21.950172 36.379150 120.842903
v -33.225990 43.637596 113.289093
v -26.382967 38.220249 113.626595
v -16.867479 47.007225 121.965157
v -26.086302 54.127159 120.588623
v -33.637821 35.344807 113.898849
v -34.226852 27.018671 117.169373
v -25.611031 29.238285 128.878006
v -24.495279 40.245224 124.855782
v -15.873884 66.040222 123.528008
v -8.462546 60.804134 125.532974
v -17.332819 65.172043 126.649284
v -9.920794 59.935017 128.654434
v -14.328464 42.105850 137.291977
v -15.396078 33.437878 140.460632
v -17.636866 42.858330 138.319443
v -18.730497 34.184105 141.461670
v 47.928761 9.262144 49.980938
v 42.501633 13.407727 47.355392
v 54.773113 17.628880 48.899200
v 49.222424 21.676655 48.327122
v -14.419386 54.056503 50.672947
v -4.318263 58.120724 50.149586
v -7.523060 64.007454 41.884636
v -17.144178 59.270176 41.647526
v 28.034117 25.147734 68.024963
v 24.008514 28.771303 59.892365
v 30.486538 28.011662 68.087044
v 26.459488 31.636364 59.954044
v -15.452469 78.893524 66.280655
v -6.083683 81.000710 64.467644
v -7.104778 82.856056 61.347496
v -16.473562 80.748878 63.160507
v 24.233093 59.901596 31.826836
v 38.259823 53.355736 34.002453
v 40.129848 45.198421 19.727518
v 20.667887 53.783447 16.687483
v 32.111237 76.660667 22.339518
v 45.814880 71.483559 24.847858
v 46.523121 66.077965 7.764700
v 33.459686 71.013214 5.373543
v -19.296635 33.211285 65.510872
v -27.365110 27.485893 62.440712
v -21.920298 16.501661 63.333061
v -17.119854 6.044346 63.283253
v -9.999367 -4.105923 67.664612
v -0.100083 0.673844 72.830170
v -2.187859 13.512856 72.879463
v -9.373449 26.508156 70.449768
v -16.941833 29.802633 67.386703
v -17.978117 31.502989 67.165192
v -11.991120 25.431124 70.951012
v -14.284757 30.953585 67.585373
v -22.423542 31.948298 65.677811
v -7.947271 19.378014 73.293510
v -8.530858 20.210043 73.103767
v -4.648336 12.330846 73.938683
v -5.658393 20.343094 72.376297
v -2.161910 5.757322 74.557671
v -2.271780 6.610755 76.229706
v -2.158327 0.268105 75.924812
v -0.059433 6.478084 72.973541
v -0.850980 39.015060 48.002136
v -4.571745 37.587757 56.121544
v 4.584751 35.865334 52.101437
v 5.448306 42.978531 41.858749
v -4.770344 39.820312 43.833981
v 10.803177 28.910833 53.722034
v 7.775887 26.880377 61.631065
v 18.049225 22.878328 53.608166
v 16.406168 35.239323 45.493237
v 21.082977 16.960678 50.430401
v 14.406639 11.200508 59.495888
v 22.398491 12.272965 46.911392
v 27.263538 26.012352 44.165646
v 11.844870 49.164642 37.901276
v 18.051439 47.639442 38.814220
v 14.570993 54.922352 32.640297
v 6.106387 49.015064 36.962067
v 22.950039 43.155575 39.733784
v 28.654896 39.640388 39.945908
v 27.658308 48.875416 33.973167
v 32.018963 34.025951 40.128361
v 32.784435 27.150936 40.966644
v 37.017002 38.272194 35.673157
v 13.924191 54.455292 26.028196
v 21.596720 50.599915 26.114458
v 10.070552 51.074390 20.853630
v 3.986671 51.487099 28.983780
v 41.110611 77.643875 19.233093
v 38.966599 74.259659 23.961451
v 48.072399 70.952827 17.939104
v 40.231548 68.202881 4.549818
v 31.473810 77.231781 14.916726
v 38.041573 37.129944 29.450956
v 38.304886 29.429222 34.222786
v 37.524216 32.748985 24.404016
v 32.359573 42.855274 27.260269
v 7.202999 43.878738 21.981810
v 14.394213 41.774372 20.171593
v 1.952963 36.982468 24.830805
v -0.244949 43.403690 28.526590
v 20.471830 37.193630 20.813059
v 26.388990 44.699837 20.065262
v 26.624445 32.582062 21.475296
v 12.995676 27.864162 24.536329
v 31.639574 27.276817 24.259155
v 36.069534 22.271172 29.320057
v 25.466486 19.574461 26.992571
v -6.520131 30.102406 30.856798
v -1.706808 24.168800 30.351974
v -15.388781 26.667002 41.288898
v -8.704028 34.705231 33.741898
v 3.792285 18.926125 30.898180
v 9.035634 13.853799 31.836960
v -6.758329 13.794035 41.939323
v 14.597786 9.335973 33.306828
v 19.119322 7.214770 36.538643
v 2.236851 2.181568 44.398117
v -26.841663 22.163708 68.505295
v -25.855360 22.071709 62.693081
v -22.644655 17.123125 68.682945
v -26.434801 24.300589 73.832123
v -29.175329 26.729744 67.696487
v -19.986460 12.509134 67.858437
v -19.172895 11.440030 62.731422
v -18.705006 7.241445 68.022125
v -19.671831 15.099169 72.642006
v -16.577099 1.460841 70.660728
v -14.221212 -0.081979 65.333549
v -12.897676 -2.613335 73.510941
v -17.320347 4.863834 76.130836
v -26.354755 44.845528 116.719742
v -31.149450 39.245106 112.184502
v -21.873831 41.307190 116.962868
v -21.416540 50.534382 121.333168
v -31.055967 48.551380 116.294975
v -7.918315 22.390814 72.316040
v -6.529601 20.957209 81.839035
v -13.809073 36.741665 78.627090
v -29.967976 32.727913 120.166206
v -35.295628 30.520578 113.733673
v -30.568539 27.300695 122.351746
v -24.983833 34.714302 126.826698
v -29.700987 38.225033 118.153969
v -7.371820 -2.437262 75.228470
v -8.139720 0.005707 79.607849
v -4.695221 -3.201252 70.475998
v 21.435938 7.978615 42.091022
v 11.508719 0.348707 51.691174
v 29.807974 19.839745 36.064312
v 25.462341 26.423527 63.833080
v 29.424145 25.958359 68.843864
v 28.461355 29.925760 63.908993
v 24.500498 30.390184 58.898514
v -27.114635 30.019506 66.630058
v -27.720163 31.485641 68.892082
v -24.572287 31.358189 63.609138
v -8.545315 37.781635 38.974941
v -14.719960 37.237442 46.975128
v 2.885273 41.353291 36.179966
v -10.429083 79.596176 65.988304
v -5.324980 82.019020 62.971977
v -11.677756 81.865044 62.172741
v -16.781860 79.442200 65.189064
v -22.249538 39.870304 83.259155
v -17.413673 40.077862 83.107658
v -18.150105 56.748772 87.658356
v -25.442825 43.430054 80.609253
v -13.372594 41.734985 78.488022
v -12.370737 45.113903 72.823914
v -10.708750 58.856945 83.988136
v -15.543468 46.575302 69.405922
v -20.521723 48.385921 69.987846
v -12.425492 63.887169 76.770683
v -24.153700 46.227772 74.899384
v -20.080000 61.986305 81.429008
v -11.730172 16.848791 90.140907
v -8.934325 13.426971 93.385262
v -4.177110 27.438740 102.335701
v -9.951290 20.877598 87.666710
v -2.649368 11.914580 92.405022
v 3.522614 12.566510 90.159279
v 3.652265 23.317045 104.218056
v 4.578242 15.757786 85.933334
v 2.542840 20.015045 84.399307
v 10.709674 27.082752 99.665520
v -3.902029 21.723804 84.899460
v 2.483790 31.376377 98.083374
v -21.769819 47.299454 93.695229
v -17.382950 48.113857 94.840912
v -28.103806 41.782856 108.142868
v -25.126474 50.671486 93.657784
v -14.581798 53.254112 97.777847
v -14.403160 59.349033 99.963142
v -20.745281 44.148930 112.058228
v -17.824368 62.358341 100.554352
v -22.176130 62.010834 98.703278
v -19.631386 52.419018 116.369164
v -24.928665 56.779675 96.144775
v -28.800835 49.572170 111.319565
v -15.445519 26.006626 104.182770
v -13.522153 23.204336 107.478500
v -30.027695 29.083668 112.156578
v -14.598837 30.527334 103.467499
v -10.106654 25.205252 112.769791
v -6.754300 29.219282 116.731178
v -25.958738 26.889757 119.491600
v -6.569450 33.838669 116.313690
v -7.729485 36.487049 112.735954
v -20.367235 33.507580 124.679405
v -11.398715 34.766872 107.553581
v -25.681479 35.883774 115.720154
v -30.065382 40.192619 109.762573
v -25.303442 39.282581 111.210823
v -32.234978 44.524231 110.826675
v -20.902517 42.414856 114.493584
v -15.872831 47.890862 119.435120
v -11.344420 65.032829 125.677856
v -11.769406 63.662655 123.677711
v -16.049179 68.353828 124.402504
v -14.027289 62.319038 128.508270
v -6.639662 61.711842 126.953201
v -30.202202 49.524914 113.796379
v -25.091673 55.060055 118.131264
v -32.998810 29.677708 112.398491
v -31.883526 26.238441 115.868431
v -31.412693 34.529648 112.525658
v -28.253548 26.633459 121.109413
v -23.184265 28.583643 127.785164
v -14.416130 38.429974 140.862198
v -13.946830 37.562084 138.587540
v -13.744784 43.938812 138.863434
v -19.084175 38.723736 140.163681
v -15.107992 32.929787 142.878677
v -27.512980 37.514275 116.826630
v -22.085163 39.595291 123.754539
v -15.273909 57.646881 120.281227
v -19.363203 60.659775 119.353516
v -11.173352 54.611210 121.180016
v -20.977798 60.340321 121.578522
v -22.102486 59.593746 124.039650
v -17.456493 56.185879 125.114281
v -12.804273 52.743996 126.145943
v -11.694857 53.492970 123.663834
v -16.614592 35.374828 131.563217
v -16.075680 40.240845 129.766861
v -17.156178 30.501884 133.360535
v -18.440500 41.487068 130.427261
v -21.000595 42.114170 131.345932
v -21.642408 36.590496 133.312866
v -22.283323 31.060778 135.284790
v -19.698347 30.450720 134.417953
v 39.653069 14.114081 42.667942
v 42.700413 13.877773 39.036713
v 44.117676 10.081540 49.217907
v 38.175198 16.562923 46.270306
v 45.450611 16.985176 38.324604
v 47.534481 21.274393 39.238731
v 51.761333 12.637053 49.295059
v 45.593746 23.139967 42.869663
v 42.999485 23.992338 46.499809
v 52.430458 20.201420 49.556324
v 39.973679 20.239996 47.118210
v 45.044128 17.650084 47.344650
v -3.608629 49.504742 44.450676
v -0.641538 53.064682 44.560795
v -9.017881 55.480774 51.942181
v -7.233334 47.481586 42.196136
v -0.948751 56.046829 41.695320
v -2.724616 58.325836 37.838661
v -4.675908 61.194626 46.226791
v -6.076898 55.978371 35.983482
v -9.185554 52.814899 35.213108
v -12.684870 62.278023 41.400448
v -8.894480 49.285809 38.692318
v -16.726288 55.778603 46.371738
v 36.516834 14.903836 54.034149
v 40.145882 14.065461 57.995239
v 35.491344 18.142725 50.023350
v 43.683239 16.657061 58.664562
v 46.817520 21.271675 57.990005
v 44.533501 23.801767 54.261158
v 41.913242 25.516836 50.243370
v 37.798183 21.765347 49.171104
v -8.884603 63.125820 57.813107
v -4.526220 65.116692 55.467625
v -14.408441 62.668549 57.242348
v -4.573898 67.464157 51.769093
v -7.311518 69.916824 47.444180
v -12.412784 68.875473 47.980320
v -17.316618 67.226158 49.108326
v -16.726276 64.303627 53.854023
v 28.602142 51.704998 38.577930
v 34.059753 46.772758 30.706064
v 31.317736 57.636345 35.683029
v 23.601770 53.416916 29.489241
v 35.746975 44.171284 27.497814
v 33.035458 43.631073 22.184126
v 41.629372 48.098839 27.220804
v 28.112925 46.519806 18.499176
v 22.634888 50.261665 21.025002
v 30.425617 49.358730 17.440279
v 21.083618 53.398098 25.780088
v 20.034834 58.156265 23.907717
v 35.946037 68.995544 29.970816
v 46.438801 65.367569 28.551508
v 26.592812 72.865196 24.918859
v 48.024799 60.985367 20.080820
v 46.117561 56.957142 12.355577
v 36.202801 59.541348 8.682744
v 26.455883 64.385139 8.756663
v 25.303419 69.569298 15.921853
v -17.988625 35.871780 54.885487
v -12.320662 37.407406 58.923813
v -21.259039 31.368753 51.758881
v -20.583704 25.187662 50.772923
v -17.373180 18.496901 51.689178
v -13.754686 12.488749 52.067947
v -10.754228 6.500961 53.541752
v -6.859269 0.236937 54.740963
v -2.363368 -3.415401 57.225842
v 2.784902 -2.069839 60.962231
v 6.698741 2.709992 64.575035
v 7.695927 8.888474 65.783600
v 5.992400 15.059235 66.628670
v 2.296444 23.399847 64.650681
v -2.848278 31.134058 64.078857
v -6.972652 35.460472 61.567070
v 14.755986 36.239677 67.233459
v 15.330968 38.042557 66.156868
v 16.573338 33.971954 71.513222
v 18.035070 35.678970 71.550224
v 19.122881 32.309086 76.052803
v 20.671148 33.235924 76.941849
v 21.882948 35.532284 76.122665
v 19.688673 37.610031 71.592079
v 17.516054 39.462875 67.303322
v -18.405069 91.110374 72.697342
v -16.946447 90.484436 73.933128
v -11.598758 91.427391 73.311691
v -12.193207 92.507530 71.495232
v -6.787030 92.769440 71.967117
v -5.981344 93.904663 70.293137
v -7.936217 94.857536 68.455544
v -12.895862 93.784256 69.348137
v -18.095634 92.572533 70.421570
vt 0.208431 0.494797
vt 0.208575 0.478116
vt 0.229443 0.475893
vt 0.229271 0.493426
vt 0.252729 0.492198
vt 0.256170 0.471571
vt 0.275357 0.475888
vt 0.275429 0.493819
vt 0.298111 0.492176
vt 0.294163 0.471736
vt 0.321331 0.475953
vt 0.321541 0.493432
vt 0.198757 0.641525
vt 0.200055 0.589825
vt 0.221664 0.590600
vt 0.219751 0.640956
vt 0.244967 0.639373
vt 0.247968 0.591507
vt 0.275466 0.591669
vt 0.275481 0.635804
vt 0.305994 0.639365
vt 0.302966 0.591494
vt 0.329276 0.590573
vt 0.331197 0.640955
vt 0.199789 0.728809
vt 0.197393 0.704590
vt 0.219517 0.692482
vt 0.227784 0.730211
vt 0.252859 0.733034
vt 0.249003 0.687406
vt 0.275511 0.688085
vt 0.275516 0.730408
vt 0.298175 0.733010
vt 0.302021 0.687396
vt 0.331536 0.692451
vt 0.323246 0.730162
vt 0.805511 0.686057
vt 0.204711 0.752714
vt 0.229559 0.760254
vt 0.782889 0.696424
vt 0.784986 0.875584
vt 0.254181 0.941082
vt 0.275435 0.940431
vt 0.742298 0.896742
vt 0.699334 0.736241
vt 0.297037 0.807427
vt 0.321459 0.760204
vt 0.696358 0.696343
vt 0.808954 0.641287
vt 0.805193 0.664541
vt 0.784300 0.671779
vt 0.785729 0.644267
vt 0.763331 0.647822
vt 0.762442 0.673765
vt 0.742276 0.741120
vt 0.739609 0.647377
vt 0.715889 0.647774
vt 0.716786 0.673709
vt 0.694936 0.671695
vt 0.693494 0.644181
vt 0.806875 0.557726
vt 0.810121 0.617205
vt 0.790367 0.607046
vt 0.787575 0.557696
vt 0.763367 0.556090
vt 0.764746 0.603486
vt 0.739627 0.603152
vt 0.739688 0.556093
vt 0.716014 0.556064
vt 0.714496 0.603455
vt 0.688836 0.606971
vt 0.691820 0.557642
vt 0.803405 0.420481
vt 0.802841 0.435733
vt 0.782960 0.432290
vt 0.783371 0.416064
vt 0.759505 0.410786
vt 0.759570 0.428509
vt 0.739756 0.426992
vt 0.739743 0.409699
vt 0.720007 0.410786
vt 0.719946 0.428500
vt 0.696571 0.432245
vt 0.696182 0.416016
vt 0.819305 0.093413
vt 0.797386 0.086157
vt 0.790779 0.072322
vt 0.822344 0.073237
vt 0.265809 0.416173
vt 0.762697 0.377789
vt 0.739788 0.389948
vt 0.275377 0.462947
vt 0.364323 0.097210
vt 0.342669 0.089884
vt 0.336664 0.075169
vt 0.367299 0.076188
vt 0.342559 0.494848
vt 0.342402 0.478170
vt 0.366070 0.480227
vt 0.366198 0.495669
vt 0.352247 0.641476
vt 0.350872 0.589816
vt 0.374237 0.588973
vt 0.374011 0.638442
vt 0.936729 0.462892
vt 0.940585 0.464321
vt 0.946953 0.476690
vt 0.936605 0.482861
vt 0.804780 0.405462
vt 0.824266 0.410023
vt 0.823186 0.423812
vt 0.805355 0.509178
vt 0.825584 0.509339
vt 0.825621 0.554997
vt 0.118742 0.522844
vt 0.058006 0.517789
vt 0.074507 0.510871
vt 0.084702 0.516921
vt 0.822269 0.350445
vt 0.784755 0.399833
vt 0.805305 0.347137
vt 0.793942 0.336256
vt 0.777469 0.322538
vt 0.236211 0.409364
vt 0.220899 0.415267
vt 0.203041 0.415110
vt 0.182178 0.419746
vt 0.685950 0.336155
vt 0.717407 0.377787
vt 0.694840 0.399772
vt 0.674409 0.347030
vt 0.657366 0.350391
vt 0.674734 0.405426
vt 0.637625 0.358046
vt 0.347747 0.415166
vt 0.329799 0.415381
vt 0.314324 0.409429
vt 0.706215 0.336018
vt 0.292514 0.404556
vt 0.870618 0.237836
vt 0.844433 0.293934
vt 0.832214 0.287148
vt 0.858351 0.228645
vt 0.844944 0.223065
vt 0.821107 0.280742
vt 0.243727 0.342391
vt 0.826584 0.212775
vt 0.214622 0.282882
vt 0.224361 0.346790
vt 0.210147 0.349538
vt 0.199596 0.284960
vt 0.184434 0.288656
vt 0.194986 0.352422
vt 0.864110 0.304875
vt 0.163133 0.290367
vt 0.634803 0.222910
vt 0.658751 0.280554
vt 0.647480 0.287052
vt 0.621343 0.228556
vt 0.609012 0.237734
vt 0.635143 0.293889
vt 0.375465 0.356065
vt 0.590820 0.249121
vt 0.366326 0.288752
vt 0.355651 0.352469
vt 0.340563 0.349608
vt 0.351134 0.285011
vt 0.336042 0.282967
vt 0.326383 0.346874
vt 0.678330 0.268182
vt 0.315081 0.275917
vt 0.789900 0.091626
vt 0.894734 0.181072
vt 0.223763 0.023658
vt 0.779683 0.072008
vt 0.205625 0.023651
vt 0.212375 0.030485
vt 0.208733 0.046428
vt 0.818124 0.043214
vt 0.919973 0.054113
vt 0.218394 0.124576
vt 0.231547 0.124829
vt 0.925982 0.076298
vt 0.853028 0.105343
vt 0.173602 0.224408
vt 0.245023 0.044913
vt 0.815784 0.102925
vt 0.335499 0.095534
vt 0.609223 0.166963
vt 0.147562 0.023794
vt 0.325939 0.074804
vt 0.129108 0.019171
vt 0.133886 0.026698
vt 0.125138 0.040618
vt 0.363323 0.044920
vt 0.461211 0.056389
vt 0.114656 0.083148
vt 0.128082 0.110700
vt 0.466974 0.079440
vt 0.396801 0.109583
vt 0.345740 0.218419
vt 0.158805 0.046562
vt 0.361009 0.107136
vt 0.212264 0.093809
vt 0.204982 0.218327
vt 0.226791 0.056935
vt 0.229179 0.093286
vt 0.246067 0.092223
vt 0.255137 0.092099
vt 0.884191 0.095549
vt 0.853655 0.095653
vt 0.854753 0.074189
vt 0.884265 0.075061
vt 0.885799 0.054616
vt 0.855335 0.052709
vt 0.203340 0.068369
vt 0.888472 0.044995
vt 0.116537 0.064410
vt 0.377147 0.224500
vt 0.136900 0.057215
vt 0.135301 0.068971
vt 0.159593 0.072808
vt 0.169578 0.075371
vt 0.426769 0.099419
vt 0.397393 0.099512
vt 0.398467 0.077209
vt 0.426850 0.078134
vt 0.428347 0.056895
vt 0.399054 0.054890
vt 0.111199 0.052142
vt 0.430928 0.046902
vt 0.398347 0.732496
vt 0.353774 0.704759
vt 0.655189 0.607952
vt 0.404645 0.715309
vt 0.625247 0.642548
vt 0.669008 0.617360
vt 0.670290 0.641156
vt 0.629866 0.657272
vt 0.633967 0.675274
vt 0.674058 0.664432
vt 0.345812 0.774768
vt 0.637449 0.692485
vt 0.387906 0.765553
vt 0.346295 0.752641
vt 0.351218 0.728717
vt 0.392980 0.747350
vt 0.854032 0.642643
vt 0.181252 0.694641
vt 0.859345 0.625630
vt 0.152631 0.732602
vt 0.157999 0.747449
vt 0.163074 0.765647
vt 0.167481 0.783084
vt 0.845329 0.675366
vt 0.849419 0.657366
vt 0.462802 0.754848
vt 0.433121 0.744888
vt 0.586158 0.633072
vt 0.469035 0.736153
vt 0.562716 0.661102
vt 0.591598 0.653084
vt 0.596668 0.669873
vt 0.567525 0.676181
vt 0.573571 0.695803
vt 0.602326 0.689166
vt 0.414557 0.801264
vt 0.575415 0.714705
vt 0.450039 0.789809
vt 0.420413 0.781867
vt 0.427222 0.762131
vt 0.457315 0.770152
vt 0.916571 0.661069
vt 0.887682 0.653104
vt 0.112049 0.724515
vt 0.922852 0.642462
vt 0.088177 0.754903
vt 0.117860 0.744959
vt 0.123753 0.762207
vt 0.093657 0.770210
vt 0.100926 0.789871
vt 0.130556 0.781946
vt 0.872833 0.708772
vt 0.104321 0.808576
vt 0.905760 0.695791
vt 0.876995 0.689207
vt 0.882631 0.669903
vt 0.911782 0.676158
vt 0.245118 0.820265
vt 0.256063 0.761423
vt 0.275458 0.816348
vt 0.275456 0.817082
vt 0.305796 0.819611
vt 0.322444 0.827635
vt 0.716707 0.746651
vt 0.742277 0.751635
vt 0.767846 0.746640
vt 0.232576 0.815700
vt 0.789238 0.746868
vt 0.242805 0.909093
vt 0.242913 0.847487
vt 0.275453 0.850080
vt 0.275444 0.899369
vt 0.308078 0.909112
vt 0.307992 0.847504
vt 0.685718 0.768892
vt 0.335635 0.923345
vt 0.710517 0.826756
vt 0.709025 0.772272
vt 0.742280 0.767854
vt 0.742288 0.823907
vt 0.774059 0.826743
vt 0.775535 0.772258
vt 0.216918 0.852154
vt 0.800161 0.835727
vt 0.803587 0.472219
vt 0.184266 0.511368
vt 0.823748 0.473030
vt 0.786007 0.508646
vt 0.783967 0.470951
vt 0.760849 0.468488
vt 0.762764 0.507838
vt 0.739729 0.507585
vt 0.739749 0.469813
vt 0.718652 0.468468
vt 0.716699 0.507812
vt 0.693463 0.508589
vt 0.695538 0.470900
vt 0.347089 0.550471
vt 0.343449 0.511536
vt 0.656251 0.437958
vt 0.370672 0.549455
vt 0.305626 0.550928
vt 0.300328 0.509969
vt 0.323635 0.511057
vt 0.326613 0.553291
vt 0.245263 0.550946
vt 0.250519 0.509979
vt 0.275426 0.509223
vt 0.275447 0.553833
vt 0.203857 0.550446
vt 0.207534 0.511493
vt 0.227207 0.511082
vt 0.224277 0.553331
vt 0.296688 0.941095
vt 0.317831 0.963343
vt 0.722395 0.859395
vt 0.742293 0.859091
vt 0.762190 0.859387
vt 0.672412 0.557619
vt 0.673996 0.509116
vt 0.676597 0.435714
vt 0.676064 0.420456
vt 0.798456 0.058765
vt 0.820876 0.052919
vt 0.343747 0.061021
vt 0.365907 0.055032
vt 0.963235 0.483911
vt 0.902883 0.489040
vt 0.909072 0.482168
vt 0.925033 0.475729
vt 0.931354 0.463643
vt 0.080884 0.498420
vt 0.084741 0.496992
vt 0.090126 0.497750
vt 0.096539 0.509638
vt 0.112499 0.516024
vt 0.245369 0.109349
vt 0.249130 0.116712
vt 0.914174 0.091435
vt 0.914507 0.075957
vt 0.915392 0.060496
vt 0.143488 0.116794
vt 0.145270 0.126440
vt 0.455609 0.095160
vt 0.455938 0.079081
vt 0.456800 0.063019
vt 0.982240 0.434188
vt 0.963585 0.427947
vt 0.946509 0.423110
vt 0.890921 0.433118
vt 0.882130 0.436526
vt 0.926679 0.423006
vt 0.909612 0.427375
vt 0.937930 0.422313
vt 0.075163 0.457134
vt 0.058225 0.461798
vt 0.039557 0.467684
vt 0.094859 0.456979
vt 0.083682 0.456346
vt 0.130564 0.466891
vt 0.111877 0.461251
vt 0.033116 0.470128
vt 0.675805 0.472192
vt 0.653419 0.509254
vt 0.655248 0.472962
vt 0.367019 0.511392
vt 0.176921 0.588998
vt 0.180547 0.549455
vt 0.822760 0.437993
vt 0.233028 0.963316
vt 0.215241 0.923308
vt 0.798841 0.768868
vt 0.699605 0.875602
vt 0.684417 0.835751
vt 0.333987 0.852188
vt 0.228471 0.827609
vt 0.254212 0.785439
vt 0.759269 0.697501
vt 0.785216 0.736222
vt 0.695315 0.746888
vt 0.719972 0.697428
vt 0.296799 0.785396
vt 0.318344 0.815723
vt 0.903939 0.714697
vt 0.136407 0.801345
vt 0.081951 0.736203
vt 0.893090 0.633076
vt 0.446638 0.808511
vt 0.606509 0.708725
vt 0.556410 0.642507
vt 0.438944 0.724452
vt 0.841861 0.692578
vt 0.205190 0.774839
vt 0.146366 0.715395
vt 0.823906 0.608060
vt 0.383498 0.782992
vt 0.673752 0.685953
vt 0.619881 0.625562
vt 0.369876 0.694574
vt 0.624476 0.158216
vt 0.327082 0.211968
vt 0.653476 0.212425
vt 0.306569 0.342322
vt 0.153133 0.050558
vt 0.361352 0.222428
vt 0.125968 0.045756
vt 0.396618 0.225899
vt 0.569871 0.190223
vt 0.388031 0.290471
vt 0.615162 0.304972
vt 0.596954 0.173816
vt 0.584932 0.180968
vt 0.909456 0.190131
vt 0.154402 0.225852
vt 0.888489 0.249012
vt 0.175675 0.355943
vt 0.241882 0.047343
vt 0.189385 0.222364
vt 0.213528 0.046751
vt 0.223402 0.212053
vt 0.855547 0.158550
vt 0.235225 0.276013
vt 0.801766 0.268578
vt 0.882733 0.173912
vt 0.870470 0.167071
vt 0.702590 0.322102
vt 0.284431 0.416033
vt 0.369025 0.419829
vt 0.654789 0.409992
vt 0.841623 0.358035
vt 0.185243 0.480200
vt 0.257695 0.404697
vt 0.773758 0.336466
vt 0.177136 0.638471
vt 0.185108 0.495641
vt 0.653403 0.554919
vt 0.655840 0.423782
vt 0.740026 0.329135
vt 0.739609 0.679991
vt 0.717946 0.727940
vt 0.321543 0.784229
vt 0.275425 0.981496
vt 0.229466 0.784279
vt 0.766602 0.727930
vt 0.275513 0.766895
vt 0.294962 0.761394
vt 0.158494 0.031032
vt 0.235614 0.029385
vt 0.253884 0.807420
vt 0.968218 0.693073
vt 0.970279 0.686813
vt 0.964692 0.720144
vt 0.041234 0.817480
vt 0.965692 0.701614
vt 0.035620 0.790589
vt 0.038855 0.799577
vt 0.026837 0.766821
vt 0.976742 0.669618
vt 0.033170 0.783659
vt 0.515345 0.790561
vt 0.512107 0.799546
vt 0.509721 0.817448
vt 0.514670 0.720260
vt 0.513647 0.701731
vt 0.511110 0.693195
vt 0.509040 0.686939
vt 0.502555 0.669755
vt 0.524137 0.766797
vt 0.517798 0.783632
vt 0.052820 0.522857
vt 0.139366 0.470253
vt 0.968347 0.489050
vt 0.988625 0.436785
vt 0.108883 0.091107
vt 0.106409 0.062482
vt 0.399209 0.044805
vt 0.459518 0.102060
vt 0.428604 0.109556
vt 0.167704 0.057128
vt 0.215342 0.132259
vt 0.203222 0.094543
vt 0.855471 0.043005
vt 0.918242 0.098075
vt 0.886101 0.105305
vt 0.255511 0.067846
vt 0.169019 0.047690
vt 0.166893 0.025823
vt 0.125973 0.120002
vt 0.337008 0.054912
vt 0.115292 0.038211
vt 0.149847 0.015689
vt 0.254586 0.043904
vt 0.241676 0.021944
vt 0.231922 0.132778
vt 0.791425 0.052872
vt 0.199112 0.046316
vt 0.223332 0.014444
vn 0.327691 0.162756 -0.930661
vn 0.327691 0.162756 -0.930661
vn 0.374169 0.221486 -0.900523
vn 0.674271 0.717086 -0.176480
vn 0.304923 0.592301 0.745789
vn 0.746718 0.223656 -0.626411
vn 0.877387 0.312970 -0.363652
vn 0.124479 0.447623 0.885516
vn 0.876951 0.432009 0.210537
vn 0.750380 0.281397 -0.598118
vn 0.984269 0.154943 0.084901
vn 0.990618 0.114989 0.073851
vn -0.242609 0.970094 0.007638
vn -0.147466 0.985232 0.087019
vn 0.182011 0.925270 0.332787
vn 0.032650 0.938363 0.344107
vn 0.383457 0.751734 0.536522
vn 0.450055 0.694616 0.561213
vn 0.533438 0.508459 0.675954
vn 0.521987 0.583420 0.622214
vn 0.662654 0.298273 0.686966
vn 0.654631 0.249449 0.713606
vn 0.776229 -0.134124 0.616019
vn 0.813250 -0.091984 0.574598
vn 0.390073 0.567717 0.724942
vn 0.063887 0.504336 0.861141
vn -0.156754 0.828229 0.538019
vn -0.028870 0.691037 0.722243
vn 0.221233 0.618892 0.753677
vn 0.219383 0.616720 0.755994
vn 0.321021 0.501724 0.803255
vn 0.310398 0.522583 0.794078
vn 0.416008 0.461705 0.783432
vn 0.453242 0.366477 0.812568
vn 0.724278 -0.019647 0.689229
vn 0.499572 0.275470 0.821306
vn -0.252126 0.849335 -0.463748
vn 0.091993 0.991481 0.092209
vn 0.159929 0.943158 0.291336
vn 0.099849 0.929793 -0.354280
vn -0.279138 0.880516 -0.383110
vn -0.289740 0.875330 0.387102
vn 0.183464 0.777578 0.601426
vn 0.375579 0.906557 -0.192601
vn 0.943906 0.279151 -0.176400
vn 0.588812 0.638682 0.495365
vn 0.751207 0.507721 0.421791
vn 0.876054 0.450731 -0.171378
vn -0.771488 -0.412709 -0.484229
vn -0.608443 0.256250 -0.751088
vn -0.211703 0.533429 -0.818923
vn -0.391354 -0.073380 -0.917310
vn -0.122557 -0.113525 -0.985947
vn 0.024412 0.279249 -0.959908
vn 0.073161 -0.046807 -0.996221
vn -0.041160 -0.192615 -0.980411
vn 0.071596 -0.248209 -0.966057
vn 0.398882 -0.007138 -0.916975
vn 0.707399 0.028772 -0.706229
vn 0.256108 -0.414514 -0.873262
vn -0.677290 0.484554 -0.553611
vn -0.885010 0.165614 -0.435119
vn -0.524484 -0.013144 -0.851319
vn -0.631907 -0.113342 -0.766712
vn -0.454749 -0.416334 -0.787318
vn -0.262866 -0.290602 -0.920028
vn -0.178326 -0.348988 -0.920004
vn -0.365802 -0.471707 -0.802298
vn -0.291577 -0.508417 -0.810244
vn -0.098485 -0.399923 -0.911242
vn 0.180778 -0.582417 -0.792533
vn -0.042977 -0.660428 -0.749659
vn -0.949795 -0.136980 -0.281294
vn -0.914829 0.132561 -0.381465
vn -0.836986 -0.401903 -0.371387
vn -0.846525 -0.508020 -0.159096
vn -0.821072 -0.566389 -0.071029
vn -0.802156 -0.504069 -0.320094
vn -0.825175 -0.428896 -0.367607
vn -0.906546 -0.411172 -0.095455
vn -0.902799 -0.385481 -0.190679
vn -0.787576 -0.458676 -0.411510
vn -0.669116 -0.648727 -0.362544
vn -0.779682 -0.603023 -0.168696
vn -0.370782 -0.357814 0.857024
vn -0.360891 -0.373768 0.854433
vn -0.355696 -0.383805 0.852158
vn -0.368895 -0.372045 0.851762
vn 0.806199 -0.203606 0.555506
vn 0.192797 -0.389877 0.900458
vn -0.501966 -0.169329 0.848150
vn 0.398691 0.315736 0.861020
vn -0.797897 0.249001 0.548961
vn -0.787335 0.247850 0.564512
vn -0.786235 0.274114 0.553802
vn -0.796664 0.271951 0.539787
vn 0.330059 -0.813965 0.478039
vn 0.330059 -0.813965 0.478039
vn 0.330059 -0.813965 0.478039
vn 0.330059 -0.813965 0.478039
vn 0.838340 -0.375577 0.395131
vn 0.752452 -0.503568 0.424542
vn 0.553010 -0.826182 0.107717
vn 0.729055 -0.682025 0.057632
vn -0.638160 0.534453 0.554177
vn -0.638162 0.534451 0.554177
vn -0.638162 0.534451 0.554177
vn -0.638160 0.534453 0.554177
vn -0.899025 0.343387 -0.271734
vn -0.899025 0.343387 -0.271734
vn -0.899025 0.343387 -0.271734
vn -0.899025 0.343387 -0.271734
vn -0.811710 0.306917 -0.496919
vn -0.520007 0.832422 -0.191483
vn -0.472276 0.836072 -0.279176
vn -0.087131 0.843467 0.530067
vn -0.087132 0.843468 0.530066
vn -0.087132 0.843468 0.530066
vn -0.087131 0.843467 0.530067
vn -0.665598 -0.137329 0.733566
vn -0.721362 -0.197737 0.663729
vn -0.457955 -0.330521 0.825247
vn -0.412649 -0.283207 0.865745
vn 0.728685 -0.296383 0.617394
vn 0.741846 -0.298447 0.600495
vn 0.931808 -0.023785 -0.362172
vn 0.507590 0.087699 -0.857124
vn 0.421728 0.199672 -0.884464
vn -0.788032 0.377666 -0.486183
vn -0.753183 0.356646 -0.552738
vn -0.753183 0.356646 -0.552738
vn -0.782555 0.374321 -0.497486
vn -0.918407 0.350351 0.183798
vn -0.936823 0.285735 0.201789
vn -0.901178 -0.062735 0.428884
vn -0.919890 0.070074 0.385865
vn -0.078591 -0.710235 0.699565
vn -0.098073 -0.715673 0.691516
vn -0.098073 -0.715673 0.691516
vn -0.077135 -0.709815 0.700152
vn 0.914403 -0.385159 -0.124577
vn 0.914245 -0.325634 -0.241076
vn 0.878269 -0.107124 -0.466013
vn 0.904993 -0.091192 -0.415537
vn 0.560878 0.489798 -0.667468
vn -0.126430 0.954541 -0.269938
vn 0.191648 0.777203 -0.599355
vn -0.856807 -0.189248 -0.479654
vn -0.849006 -0.108200 -0.517187
vn -0.037601 -0.596787 -0.801518
vn -0.208271 -0.781435 -0.588203
vn 0.553332 -0.781577 -0.288031
vn 0.592823 -0.692393 -0.411282
vn 0.976111 -0.098182 0.193826
vn 0.917042 -0.390650 0.080167
vn 0.917625 0.283639 0.278411
vn 0.693486 0.687011 0.217010
vn 0.264563 0.954364 0.138551
vn 0.274608 0.896535 0.347586
vn -0.476356 0.862486 0.170888
vn -0.163558 0.985338 0.048551
vn -0.806802 0.580140 -0.111835
vn -0.899119 0.431704 -0.072228
vn -0.337156 0.436091 -0.834356
vn -0.262848 0.528269 -0.807368
vn -0.142505 -0.533844 -0.833488
vn -0.383540 -0.476431 -0.791145
vn -0.135848 -0.979364 -0.149641
vn 0.002539 -0.993103 -0.117219
vn 0.238913 -0.805934 0.541656
vn 0.122696 -0.899551 0.419230
vn 0.476880 -0.435337 0.763588
vn 0.673126 -0.044426 0.738193
vn 0.693015 0.481831 0.536254
vn 0.586417 0.456288 0.669266
vn 0.274065 0.956208 0.102741
vn 0.510529 0.836952 0.197158
vn 0.060237 0.947621 -0.313664
vn -0.092820 0.916776 -0.388467
vn -0.603194 -0.140333 -0.785152
vn -0.603194 -0.140333 -0.785152
vn -0.238432 -0.525210 -0.816887
vn -0.327677 -0.450725 -0.830346
vn 0.717398 -0.614959 -0.327363
vn 0.717398 -0.614959 -0.327363
vn 0.717398 -0.614959 -0.327363
vn 0.717398 -0.614959 -0.327363
vn 0.596352 0.429648 -0.678061
vn 0.596352 0.429648 -0.678061
vn 0.528867 0.480432 -0.699632
vn 0.528836 0.480453 -0.699641
vn -0.411373 0.806091 -0.425428
vn -0.411373 0.806091 -0.425428
vn -0.411373 0.806091 -0.425428
vn -0.411373 0.806091 -0.425428
vn -0.094706 0.043317 -0.994562
vn -0.094706 0.043317 -0.994563
vn -0.150791 -0.412821 -0.898243
vn -0.144805 -0.353008 -0.924347
vn 0.082498 -0.995616 0.044072
vn 0.082498 -0.995616 0.044072
vn 0.082498 -0.995616 0.044072
vn 0.082498 -0.995616 0.044072
vn 0.979088 -0.196447 0.052871
vn 0.979088 -0.196447 0.052871
vn 0.993240 -0.113876 0.022495
vn 0.993137 -0.114709 0.022800
vn 0.523822 0.659506 -0.539132
vn 0.523822 0.659506 -0.539132
vn 0.523822 0.659506 -0.539132
vn 0.523822 0.659506 -0.539132
vn 0.396741 0.340228 -0.852550
vn 0.396741 0.340228 -0.852550
vn 0.396748 0.320378 -0.860203
vn 0.396755 0.322215 -0.859513
vn -0.576525 0.686497 -0.443104
vn -0.576525 0.686497 -0.443104
vn -0.576525 0.686497 -0.443104
vn -0.576525 0.686497 -0.443104
vn -0.389097 -0.290615 0.874155
vn -0.382743 -0.322126 0.865877
vn -0.385934 -0.336993 0.858773
vn -0.393915 -0.306400 0.866574
vn 0.762297 -0.637395 0.112387
vn 0.749829 -0.658337 0.065941
vn 0.748370 -0.660476 0.060949
vn 0.762297 -0.637395 0.112387
vn 0.862866 -0.284587 -0.417699
vn 0.862866 -0.284587 -0.417699
vn 0.865638 -0.247590 -0.435167
vn 0.865570 -0.248806 -0.434607
vn 0.468355 0.697011 -0.542972
vn 0.468355 0.697011 -0.542972
vn 0.468355 0.697011 -0.542972
vn 0.468355 0.697011 -0.542972
vn -0.886499 0.233049 0.399759
vn -0.845614 0.242726 0.475417
vn -0.845903 0.256559 0.467574
vn -0.887316 0.238825 0.394503
vn -0.110571 -0.939689 0.323663
vn -0.099865 -0.936926 0.334957
vn -0.100835 -0.937186 0.333939
vn -0.110571 -0.939690 0.323663
vn -0.644896 -0.288598 0.707687
vn 0.388829 -0.435034 0.812132
vn -0.558187 -0.828608 0.042860
vn -0.528414 -0.848979 -0.003647
vn 0.077833 -0.840233 -0.536610
vn 0.329880 -0.789087 -0.518190
vn 0.388395 -0.561594 -0.730589
vn 0.519289 -0.507472 -0.687613
vn 0.813939 0.151779 -0.560773
vn 0.830100 -0.029090 -0.556855
vn 0.881278 0.472535 0.007716
vn 0.628877 0.774835 -0.064381
vn 0.117013 0.700924 0.703572
vn 0.541257 0.575286 0.613259
vn -0.147838 0.240692 0.959277
vn -0.356290 0.243645 0.902050
vn -0.427890 -0.865466 0.260536
vn -0.052953 -0.793964 0.605655
vn 0.158708 -0.698698 0.697591
vn 0.707764 -0.129062 0.694559
vn 0.807017 0.487437 0.333360
vn 0.414760 0.835692 -0.359990
vn -0.162178 0.645639 -0.746223
vn -0.678932 0.004056 -0.734190
vn -0.741333 -0.607859 -0.284487
vn -0.711085 -0.389177 -0.585576
vn -0.787872 -0.545090 -0.286592
vn -0.413881 -0.907429 -0.072625
vn -0.645580 -0.763684 -0.003776
vn -0.163768 -0.823224 0.543584
vn 0.345525 -0.931305 0.115255
vn 0.792452 -0.606361 0.065926
vn 0.472420 -0.385576 0.792559
vn 0.684277 0.304745 0.662492
vn 0.995258 -0.092031 0.031500
vn 0.593921 0.801973 0.064011
vn 0.475469 0.861070 0.180244
vn 0.196248 0.872791 -0.446903
vn 0.318540 0.939752 -0.124088
vn -0.537355 0.521939 -0.662441
vn -0.311925 0.318146 -0.895257
vn -0.376438 -0.503725 0.777532
vn -0.489397 -0.709889 0.506506
vn 0.214867 -0.636825 0.740463
vn 0.264035 -0.486530 0.832811
vn 0.793353 -0.282557 0.539215
vn 0.809800 -0.240332 0.535223
vn 0.924707 0.373260 -0.074798
vn 0.955038 0.215946 -0.203151
vn 0.312569 0.675480 -0.667853
vn 0.332889 0.687642 -0.645238
vn -0.278263 0.583900 -0.762647
vn -0.297026 0.693062 -0.656841
vn -0.824958 0.413268 -0.385557
vn -0.851286 0.030204 -0.523833
vn -0.892298 -0.451169 -0.015854
vn -0.958777 -0.170071 0.227647
vn -0.672659 0.120061 0.730147
vn -0.672659 0.120061 0.730147
vn -0.672659 0.120061 0.730147
vn -0.672659 0.120061 0.730147
vn 0.636578 -0.646342 0.420726
vn 0.636579 -0.646342 0.420726
vn 0.705222 -0.664228 0.247915
vn 0.350112 -0.791551 -0.500868
vn -0.006980 -0.192308 -0.981310
vn -0.117566 -0.490986 -0.863198
vn -0.760199 -0.276551 -0.587892
vn 0.114299 0.939488 -0.322951
vn -0.902002 0.428774 0.050460
vn -0.644457 0.610280 0.460688
vn -0.645962 0.425857 0.633544
vn -0.010381 0.283735 0.958847
vn 0.042411 0.487549 0.872065
vn 0.723487 0.095441 0.683709
vn 0.598394 -0.099491 0.795001
vn 0.821634 -0.479608 0.308047
vn 0.963707 -0.230624 0.134465
vn 0.647872 -0.532306 -0.544897
vn 0.513072 -0.725954 -0.457982
vn -0.104761 -0.584055 -0.804926
vn -0.054363 -0.515720 -0.855031
vn -0.638419 -0.070061 -0.766494
vn -0.718809 -0.250310 -0.648582
vn -0.969768 0.242242 0.029470
vn -0.872981 0.450289 -0.187469
vn -0.877562 0.289818 -0.381955
vn -0.630280 0.773230 -0.069730
vn -0.549305 0.834758 -0.037978
vn -0.755216 -0.261306 -0.601139
vn -0.825124 -0.303354 -0.476600
vn -0.749407 -0.474957 -0.461308
vn -0.636558 -0.472919 -0.609215
vn -0.567317 -0.524118 -0.635179
vn -0.722076 -0.481850 -0.496414
vn -0.676625 -0.509357 -0.531728
vn -0.506933 -0.550577 -0.663237
vn -0.339515 -0.696665 -0.631971
vn -0.542395 -0.674133 -0.501351
vn 0.686826 -0.533715 0.493375
vn 0.673627 -0.551589 0.491911
vn 0.314598 -0.928697 0.196343
vn 0.411542 -0.893989 0.177251
vn 0.559442 0.208345 0.802257
vn 0.538660 0.270616 0.797880
vn 0.667892 0.026163 0.743798
vn 0.694079 -0.085970 0.714748
vn 0.343590 0.561255 0.752954
vn 0.320211 0.525238 0.788410
vn 0.462347 0.395705 0.793507
vn 0.444068 0.383499 0.809773
vn -0.135212 0.936600 0.323262
vn -0.232054 0.871098 0.432827
vn 0.078898 0.690885 0.718646
vn 0.157357 0.793265 0.588192
vn -0.035830 0.436057 0.899206
vn -0.158716 0.419885 0.893592
vn -0.342573 0.864377 0.368097
vn -0.676814 -0.260550 0.688503
vn 0.361804 0.205681 0.909282
vn 0.198186 0.304732 0.931591
vn 0.998816 0.015652 0.046063
vn 0.998816 0.015652 0.046063
vn 0.603842 -0.645791 0.467256
vn 0.603508 0.130617 0.786586
vn 0.366937 0.811997 0.453893
vn 0.393138 0.620705 0.678356
vn 0.670958 0.520434 0.528171
vn 0.872427 0.457217 -0.172694
vn 0.740141 0.142070 -0.657273
vn 0.281875 0.305674 -0.909456
vn -0.198553 0.508737 -0.837713
vn 0.405846 -0.803900 -0.434780
vn 0.104372 -0.929840 -0.352853
vn -0.677404 -0.485168 0.552934
vn -0.590178 -0.633449 0.500432
vn -0.592637 -0.632667 0.498513
vn -0.860321 -0.469576 0.198360
vn -0.860321 -0.469576 0.198360
vn -0.958397 -0.095485 0.268994
vn -0.738001 0.582486 0.340683
vn -0.759978 -0.396360 0.515105
vn -0.830672 -0.287732 0.476648
vn -0.254978 -0.958701 -0.126008
vn -0.397833 -0.916826 0.034049
vn -0.812493 -0.549147 0.195686
vn -0.812493 -0.549147 0.195686
vn -0.965891 -0.179051 0.187071
vn -0.952405 -0.238081 0.190376
vn -0.349765 -0.395094 0.849450
vn -0.368944 -0.385821 0.845590
vn -0.388986 -0.350832 0.851826
vn -0.784480 0.300411 0.542535
vn -0.796089 0.295386 0.528195
vn -0.846169 0.270550 0.459130
vn -0.123907 -0.873004 0.471711
vn -0.123907 -0.873004 0.471711
vn -0.123907 -0.873004 0.471711
vn -0.123907 -0.873004 0.471711
vn 0.175962 -0.950375 0.256565
vn 0.844227 -0.530119 0.079085
vn -0.638160 0.534450 0.554179
vn -0.638160 0.534450 0.554179
vn -0.638159 0.534452 0.554179
vn -0.638159 0.534452 0.554179
vn -0.638158 0.534453 0.554180
vn -0.638158 0.534453 0.554180
vn -0.638159 0.534454 0.554177
vn -0.638159 0.534454 0.554177
vn -0.510228 0.333410 -0.792783
vn -0.510228 0.333410 -0.792783
vn -0.510228 0.333410 -0.792783
vn -0.510228 0.333410 -0.792783
vn -0.760609 0.603719 -0.238742
vn -0.418489 0.874586 -0.244881
vn -0.087131 0.843466 0.530069
vn -0.087131 0.843466 0.530069
vn -0.087131 0.843467 0.530067
vn -0.087131 0.843467 0.530067
vn -0.087132 0.843468 0.530066
vn -0.087132 0.843468 0.530066
vn -0.087130 0.843467 0.530068
vn -0.087130 0.843467 0.530068
vn -0.188735 -0.415265 0.889907
vn -0.116380 -0.349321 0.929747
vn -0.027141 -0.264356 0.964043
vn -0.346429 -0.179882 0.920668
vn -0.610181 -0.082905 0.787912
vn 0.987183 -0.107947 0.117551
vn 0.983536 -0.169607 0.062368
vn 0.983536 -0.169607 0.062368
vn 0.778488 -0.303707 0.549289
vn 0.778488 -0.303707 0.549289
vn 0.145417 0.184423 -0.972030
vn 0.033435 0.324280 -0.945370
vn -0.051976 0.422988 -0.904643
vn 0.378144 0.322438 -0.867779
vn 0.772972 0.132686 -0.620411
vn -0.947696 0.296528 -0.118085
vn -0.947696 0.296528 -0.118085
vn -0.952741 0.288340 -0.095626
vn -0.953306 0.287350 -0.092938
vn -0.957271 0.279872 -0.072824
vn -0.957271 0.279872 -0.072824
vn -0.810942 0.391874 -0.434521
vn -0.810942 0.391874 -0.434521
vn -0.820445 -0.241094 0.518405
vn -0.827998 -0.161466 0.536980
vn -0.829842 -0.071736 0.553368
vn -0.906287 0.175612 0.384454
vn -0.891733 0.422571 0.162007
vn 0.296323 -0.760490 0.577795
vn 0.296323 -0.760491 0.577795
vn 0.289015 -0.761972 0.579542
vn 0.290218 -0.761731 0.579257
vn 0.282850 -0.763184 0.580987
vn 0.282850 -0.763184 0.580987
vn -0.056603 -0.703706 0.708233
vn -0.056603 -0.703706 0.708233
vn 0.798005 0.256165 -0.545498
vn 0.945081 -0.108079 -0.308450
vn 0.902833 -0.429124 -0.027292
vn -0.338541 0.859323 -0.383347
vn -0.331004 0.852771 -0.404002
vn -0.304959 0.828026 -0.470502
vn -0.304959 0.828026 -0.470502
vn 0.148521 0.761165 -0.631323
vn 0.148521 0.761165 -0.631323
vn 0.546230 -0.823664 -0.152354
vn -0.351889 -0.815997 -0.458610
vn -0.941311 -0.083098 -0.327152
vn 0.963617 -0.033714 0.265152
vn 0.881359 -0.466403 0.075330
vn -0.543466 0.766311 0.342654
vn 0.423631 0.721550 0.547634
vn -0.904225 0.426979 -0.008105
vn -0.220541 -0.972207 -0.078582
vn -0.506116 -0.419834 -0.753383
vn -0.379836 0.513386 -0.769519
vn 0.285768 -0.667636 0.687458
vn 0.065028 -0.919246 0.388275
vn 0.091630 0.987810 0.125840
vn 0.445173 0.309341 0.840315
vn -0.148297 0.913054 -0.379921
vn 0.097388 -0.726110 -0.680647
vn 0.097388 -0.726110 -0.680647
vn -0.061843 -0.911605 -0.406389
vn -0.061843 -0.911605 -0.406389
vn -0.525316 -0.686730 -0.502439
vn -0.494147 -0.711269 -0.499915
vn -0.836143 -0.291451 -0.464673
vn -0.836143 -0.291451 -0.464673
vn 0.859350 -0.293779 -0.418583
vn 0.859350 -0.293779 -0.418583
vn 0.859350 -0.293779 -0.418583
vn 0.859350 -0.293779 -0.418583
vn 0.735296 -0.677471 0.019306
vn 0.735296 -0.677471 0.019306
vn 0.614274 -0.783905 -0.090337
vn 0.614274 -0.783905 -0.090337
vn 0.614274 -0.783905 -0.090337
vn 0.614274 -0.783905 -0.090337
vn 0.457166 0.527686 -0.715923
vn 0.457166 0.527686 -0.715923
vn 0.142726 0.588993 0.795435
vn 0.142726 0.588993 0.795435
vn 0.179479 0.563383 0.806466
vn 0.179476 0.563385 0.806465
vn 0.215822 0.536595 0.815773
vn 0.215822 0.536595 0.815773
vn -0.704240 0.525693 -0.477172
vn -0.704240 0.525693 -0.477172
vn -0.704240 0.525693 -0.477172
vn -0.704240 0.525693 -0.477172
vn -0.873856 0.461895 -0.151754
vn -0.873855 0.461895 -0.151754
vn -0.873856 0.461895 -0.151754
vn -0.873856 0.461895 -0.151754
vn -0.735290 0.677617 -0.013574
vn -0.747482 0.661784 -0.057551
vn -0.747558 0.661672 -0.057847
vn -0.735290 0.677617 -0.013574
vn -0.172783 -0.738118 -0.652171
vn -0.172783 -0.738118 -0.652171
vn -0.528155 -0.676622 -0.513064
vn -0.528155 -0.676622 -0.513064
vn -0.554636 -0.264404 -0.788967
vn -0.557186 -0.294436 -0.776435
vn -0.456285 0.179300 -0.871582
vn -0.456285 0.179300 -0.871582
vn 0.412812 -0.909568 0.047672
vn 0.412812 -0.909568 0.047672
vn 0.412812 -0.909568 0.047672
vn 0.412812 -0.909568 0.047672
vn -0.090962 -0.934455 0.344266
vn -0.090962 -0.934455 0.344266
vn -0.191569 -0.961626 0.196412
vn -0.191569 -0.961626 0.196412
vn -0.191569 -0.961626 0.196412
vn -0.191569 -0.961626 0.196412
vn 0.999479 -0.031334 -0.007719
vn 0.999479 -0.031334 -0.007719
vn -0.167460 0.396498 0.902633
vn -0.167460 0.396498 0.902633
vn -0.173599 0.355238 0.918515
vn -0.173543 0.355625 0.918375
vn -0.179314 0.313851 0.932386
vn -0.179314 0.313851 0.932386
vn 0.228316 0.679208 -0.697530
vn 0.228316 0.679208 -0.697530
vn 0.228316 0.679208 -0.697530
vn 0.228316 0.679208 -0.697530
vn -0.039700 0.840763 -0.539946
vn -0.039700 0.840763 -0.539946
vn -0.039700 0.840763 -0.539946
vn -0.039700 0.840763 -0.539946
vn 0.090423 0.932004 -0.350987
vn 0.098448 0.935156 -0.340282
vn 0.099424 0.935528 -0.338973
vn 0.090423 0.932004 -0.350987
vn 0.396586 0.301145 -0.867197
vn 0.396586 0.301145 -0.867197
vn 0.350290 0.359593 -0.864864
vn 0.350290 0.359593 -0.864864
vn 0.434667 0.310005 -0.845554
vn 0.434719 0.309972 -0.845539
vn 0.511262 0.259732 -0.819238
vn 0.511262 0.259732 -0.819238
vn -0.759383 0.641596 -0.108128
vn -0.759383 0.641596 -0.108128
vn -0.822592 0.566276 0.051715
vn -0.822592 0.566276 0.051715
vn -0.822592 0.566276 0.051715
vn -0.822592 0.566276 0.051715
vn -0.440597 0.617416 -0.651669
vn -0.440597 0.617416 -0.651669
vn -0.440597 0.617416 -0.651669
vn -0.440597 0.617416 -0.651669
vn -0.398119 -0.320450 0.859542
vn -0.299166 -0.264411 0.916835
vn -0.299166 -0.264411 0.916835
vn -0.370781 -0.206553 0.905460
vn -0.369373 -0.207734 0.905765
vn -0.441085 -0.145213 0.885639
vn -0.441085 -0.145213 0.885639
vn 0.804547 -0.467524 -0.366231
vn 0.804548 -0.467524 -0.366231
vn 0.804547 -0.467524 -0.366231
vn 0.804548 -0.467524 -0.366231
vn 0.895122 -0.315111 -0.315375
vn 0.895122 -0.315111 -0.315375
vn 0.895122 -0.315111 -0.315375
vn 0.895122 -0.315111 -0.315375
vn 0.723179 -0.536298 0.435197
vn 0.723179 -0.536298 0.435197
vn 0.723179 -0.536298 0.435197
vn 0.723179 -0.536298 0.435197
vn 0.866931 -0.211565 -0.451299
vn 0.866931 -0.211565 -0.451299
vn 0.959452 -0.102336 -0.262640
vn 0.959452 -0.102336 -0.262640
vn 0.953957 -0.195181 -0.227749
vn 0.954081 -0.194066 -0.228186
vn 0.939148 -0.285648 -0.190803
vn 0.939148 -0.285648 -0.190803
vn 0.108327 0.938802 -0.326979
vn 0.108327 0.938802 -0.326979
vn -0.078567 0.983512 -0.162885
vn -0.078567 0.983512 -0.162885
vn -0.078567 0.983512 -0.162885
vn -0.078567 0.983512 -0.162885
vn 0.613240 0.664390 -0.427226
vn 0.613240 0.664390 -0.427226
vn 0.613240 0.664390 -0.427226
vn 0.613240 0.664390 -0.427226
vn -0.888081 0.244604 0.389206
vn -0.916991 0.146630 0.370980
vn -0.916991 0.146630 0.370980
vn -0.909077 0.233182 0.345261
vn -0.909044 0.233427 0.345183
vn -0.893605 0.318208 0.316565
vn -0.893605 0.318208 0.316565
vn 0.285071 -0.958266 0.021478
vn 0.285071 -0.958266 0.021478
vn 0.285071 -0.958266 0.021478
vn 0.285071 -0.958266 0.021478
vn 0.429929 -0.892684 0.135192
vn 0.429929 -0.892684 0.135192
vn 0.429929 -0.892684 0.135192
vn 0.429929 -0.892684 0.135192
vn -0.291176 -0.828144 0.478951
vn -0.291176 -0.828144 0.478951
vn -0.291176 -0.828144 0.478951
vn -0.291176 -0.828144 0.478951
vn -0.335852 -0.800178 0.496909
vn -0.690361 -0.723124 0.022207
vn -0.782890 -0.396387 -0.479542
vn 0.598291 0.481954 0.640131
vn 0.358735 -0.351984 0.864532
vn 0.142128 0.916707 -0.373428
vn 0.451949 0.874095 0.178047
vn -0.418435 0.360397 -0.833682
vn 0.765694 -0.255906 0.590106
vn 0.266612 -0.430441 0.862344
vn -0.309186 -0.469802 0.826855
vn 0.328931 0.682020 -0.653187
vn 0.960173 0.219672 -0.172664
vn -0.787922 0.463997 -0.404829
vn -0.289731 0.707326 -0.644783
vn -0.951504 -0.169820 0.256519
vn 0.290484 -0.437739 0.850884
vn 0.290484 -0.437739 0.850884
vn 0.290484 -0.437739 0.850884
vn 0.290484 -0.437739 0.850884
vn 0.439165 -0.470395 0.765417
vn -0.057718 -0.077090 0.995352
vn -0.779494 0.090193 0.619883
vn 0.435888 -0.813685 0.384601
vn -0.905430 0.340046 0.254098
vn -0.905430 0.340046 0.254098
vn -0.938892 -0.190608 0.286619
vn -0.109128 -0.966573 -0.232006
vn -0.384783 0.347087 -0.855262
vn -0.702511 -0.195071 -0.684416
vn -0.702511 -0.195071 -0.684416
vn -0.384157 0.347822 -0.855245
vn -0.691708 -0.711420 -0.124185
vn -0.691708 -0.711420 -0.124185
vn -0.691708 -0.711420 -0.124185
vn -0.691708 -0.711420 -0.124185
vn -0.593144 -0.801288 0.078219
vn -0.593144 -0.801288 0.078219
vn -0.593144 -0.801288 0.078219
vn -0.593144 -0.801288 0.078219
vn 0.031482 -0.727246 0.685655
vn 0.432477 -0.388011 0.813887
vn 0.432500 -0.387983 0.813887
vn 0.031482 -0.727246 0.685655
vn 0.649186 -0.064829 0.757862
vn 0.649186 -0.064829 0.757862
vn 0.667492 0.744404 0.017809
vn 0.667492 0.744404 0.017809
vn 0.667492 0.744404 0.017809
vn 0.667492 0.744404 0.017809
vn 0.655898 0.754827 -0.005853
vn 0.655898 0.754827 -0.005853
vn 0.655898 0.754827 -0.005853
vn 0.655898 0.754827 -0.005853
vn -0.032266 0.665754 -0.745473
vn -0.032266 0.665754 -0.745473
vn -0.955366 -0.242789 0.168312
vn -0.674624 -0.464407 0.573767
vn -0.674624 -0.464407 0.573767
vn -0.955376 -0.242771 0.168282
vn 0.156431 -0.519368 0.840111
vn 0.156431 -0.519368 0.840111
vn 0.156431 -0.519368 0.840111
vn 0.156431 -0.519368 0.840111
vn 0.388677 -0.467741 0.793819
vn 0.388677 -0.467741 0.793819
vn 0.388677 -0.467741 0.793819
vn 0.388677 -0.467741 0.793819
vn 0.924207 -0.163199 0.345264
vn 0.961659 0.179066 -0.207719
vn 0.961430 0.179484 -0.208419
vn 0.924207 -0.163199 0.345264
vn 0.719457 0.391392 -0.573755
vn 0.719457 0.391392 -0.573754
vn -0.255142 0.479498 -0.839633
vn -0.255142 0.479498 -0.839633
vn -0.255142 0.479498 -0.839633
vn -0.255142 0.479498 -0.839633
vn -0.282322 0.473517 -0.834311
vn -0.282322 0.473517 -0.834311
vn -0.282322 0.473517 -0.834311
vn -0.282322 0.473517 -0.834311
vn -0.986028 -0.033642 -0.163149
vn -0.986028 -0.033642 -0.163149
s 1
g pCube1
usemtl pCube1SG
f 101/1/1 1/2/2 98/3/3 97/4/4
f 99/5/5 2/6/6 103/7/7 102/8/8
f 104/9/9 3/10/10 107/11/11 106/12/12
s 3
f 114/13/13 5/14/14 111/15/15 110/16/16
f 112/17/17 6/18/18 116/19/19 115/20/20
f 117/21/21 7/22/22 120/23/23 119/24/24
f 126/25/25 9/26/26 113/27/27 123/28/28
f 124/29/29 10/30/30 118/31/31 127/32/32
f 128/33/33 11/34/34 122/35/35 130/36/36
f 136/424/37 13/38/38 125/39/39 133/474/40
f 141/401/41 85/42/42 138/43/43 137/473/44
f 145/413/45 15/477/46 132/47/47 142/472/48
f 149/49/49 17/50/50 135/51/51 146/52/52
f 147/53/53 18/54/54 151/470/55 150/56/56
f 152/57/57 19/58/58 144/59/59 154/60/60
f 160/61/61 21/62/62 148/63/63 157/64/64
f 158/65/65 22/66/66 153/67/67 161/68/68
f 162/69/69 23/70/70 156/71/71 164/72/72
f 171/73/73 90/74/74 168/75/75 167/76/76
f 169/77/77 91/78/78 173/79/79 172/80/80
f 174/81/81 92/82/82 177/83/83 176/84/84
s 10
f 184/85/85 49/86/86 181/87/87 180/88/88
s 1
f 187/464/89 30/90/90 175/91/91 185/469/92
s 12
f 192/93/93 53/94/94 189/95/95 188/96/96
s off
f 108/97/97 4/98/98 194/99/99 193/100/100
s 3
f 121/101/101 8/102/102 197/103/103 196/104/104
s 13
f 378/105/105 377/106/106 379/107/107 380/108/108
s off
f 171/73/109 29/109/110 204/110/111 203/111/112
s 3
f 160/61/61 25/112/113 207/113/114 206/114/115
s 14
f 386/501/116 387/116/117 388/117/118 389/118/119
s 15
f 216/119/120 29/109/121 170/120/122 213/121/123
s 1
f 214/122/124 30/90/90 187/464/89 217/123/125
f 218/124/126 2/6/6 98/3/127 220/125/128
s 17
f 221/126/129 1/2/130 204/462/131 223/127/132
s 18
f 228/128/133 31/129/134 179/130/135 225/131/136
s 19
f 226/132/137 32/133/138 194/460/139 229/134/140
s 1
f 230/135/141 4/98/142 107/11/143 232/136/144
f 233/137/145 3/10/10 186/458/146 235/139/147
s 21
f 240/140/148 33/141/149 215/142/150 237/143/151
f 238/144/152 34/145/153 219/454/154 241/147/155
f 242/148/156 35/149/157 222/150/158 244/151/159
f 245/152/160 36/153/161 224/447/162 247/155/163
s 22
f 252/156/164 37/157/165 227/158/166 249/159/167
f 250/160/168 38/161/169 231/441/170 253/163/171
f 254/164/172 39/165/173 234/166/174 256/167/175
f 257/168/176 40/169/177 236/434/178 259/171/179
s 23
f 263/524/180 41/479/181 239/174/182 261/528/183
s off
f 262/176/184 42/177/185 243/178/186 264/527/187
s 24
f 270/511/188 58/181/189 267/182/190 266/525/191
s off
f 272/516/192 44/448/193 248/186/194 271/523/195
s 25
f 275/518/196 45/478/197 251/190/198 273/522/199
s off
f 274/192/200 46/193/201 255/194/202 276/521/203
s 26
f 282/505/204 62/197/205 279/198/206 278/519/207
s off
f 284/510/208 48/435/209 260/202/210 283/517/211
s 27
f 287/204/212 43/450/213 246/206/214 285/207/215
s off
f 286/208/216 44/448/217 272/516/218 288/209/219
s 10
f 289/210/220 52/211/221 183/212/222 290/213/223
s 28
f 291/214/224 51/215/225 265/513/226 292/217/227
s 29
f 295/218/228 47/437/229 258/220/230 293/221/231
s off
f 294/222/232 48/435/233 284/510/234 296/223/235
s 12
f 297/224/236 56/225/237 191/226/238 298/227/239
s 30
f 299/228/240 55/229/241 277/507/242 300/231/243
s 3
f 304/232/244 12/233/245 198/430/246 301/235/247
f 302/236/248 24/237/249 155/238/250 305/239/251
f 306/240/252 20/241/253 143/428/254 308/243/255
f 309/244/256 16/245/257 131/246/258 311/247/259
f 316/248/260 21/62/62 208/426/261 313/250/262
f 314/251/263 9/26/26 126/25/25 317/252/264
f 318/253/265 13/38/38 136/424/37 320/254/266
f 321/255/267 17/50/50 149/49/49 323/256/268
f 327/257/269 66/258/270 303/422/271 325/260/272
f 326/261/273 65/262/274 307/263/275 328/264/276
f 329/265/277 67/266/278 310/420/279 330/268/280
f 331/269/281 68/270/282 312/271/283 332/272/284
f 335/273/285 69/274/286 315/418/287 333/276/288
f 334/277/289 70/278/290 319/279/291 336/280/292
f 337/281/293 71/282/294 322/416/295 338/284/296
f 339/285/297 72/286/298 324/287/299 340/288/300
s off
f 344/289/301 14/480/302 129/291/303 341/292/304
s 3
f 342/293/305 15/46/306 145/414/45 345/294/307
f 346/295/308 19/471/58 151/55/309 348/296/310
f 349/297/311 18/475/54 134/410/312 351/299/313
f 355/300/314 81/301/315 343/302/316 353/303/317
f 354/304/318 82/305/319 347/406/320 356/307/321
f 357/308/322 83/309/323 350/310/324 358/311/325
f 359/312/326 84/313/327 352/403/328 360/315/329
f 363/316/330 90/74/74 205/400/331 361/318/332
f 363/316/330 25/112/113 159/319/333 364/320/334
f 365/321/335 26/322/336 163/323/337 366/324/338
f 367/325/339 27/326/340 166/327/341 368/328/342
f 371/329/343 94/330/344 195/397/345 370/332/346
f 373/333/347 95/334/348 109/335/349 372/336/350
f 375/337/351 96/338/352 105/339/353 374/340/354
f 362/341/355 89/342/356 100/343/357 376/344/358
s 1
f 98/3/3 2/6/6 99/5/5 97/4/4
s 3
f 99/5/359 96/338/352 100/343/357 97/4/360
f 100/343/357 89/342/356 101/1/361 97/4/360
s 1
f 103/7/7 3/10/10 104/9/9 102/8/362
s 3
f 104/9/363 95/334/348 105/339/353 102/8/364
f 105/339/353 96/338/352 99/5/359 102/8/364
s 1
f 107/11/11 4/98/365 108/97/366 106/12/12
s 3
f 108/97/367 94/330/344 109/335/349 106/12/368
f 109/335/349 95/334/348 104/9/363 106/12/368
f 111/15/15 6/18/18 112/17/17 110/16/16
f 112/17/17 10/30/30 113/27/27 110/16/16
f 113/27/27 9/26/26 114/13/13 110/16/16
f 116/19/19 7/22/22 117/21/21 115/20/20
f 117/21/21 11/34/34 118/31/31 115/20/20
f 118/31/31 10/30/30 112/17/17 115/20/20
f 120/23/23 8/102/102 121/101/101 119/24/24
f 121/101/101 12/233/245 122/35/35 119/24/24
f 122/35/35 11/34/34 117/21/21 119/24/24
f 113/27/27 10/30/30 124/29/29 123/28/28
f 124/29/29 14/290/369 125/39/39 123/28/28
f 125/39/39 13/38/38 126/25/25 123/28/28
f 118/31/31 11/34/34 128/33/33 127/32/32
f 128/33/33 15/477/46 129/476/370 127/32/32
f 129/476/370 14/290/369 124/29/29 127/32/32
f 122/35/35 12/233/245 131/246/258 130/36/36
f 131/246/258 16/245/257 132/47/47 130/36/36
f 132/47/47 15/477/46 128/33/33 130/36/36
f 125/39/39 14/290/369 134/408/312 133/474/40
f 134/409/312 18/54/54 135/51/51 133/40/40
f 135/51/51 17/50/50 136/37/37 133/40/40
f 138/43/43 86/345/371 139/346/372 137/473/44
f 139/404/372 87/347/373 140/348/374 137/44/44
f 140/348/374 88/349/375 141/41/41 137/44/44
f 132/47/47 16/245/257 143/242/254 142/472/48
f 143/428/254 20/241/253 144/59/59 142/48/48
f 144/59/59 19/58/58 145/412/45 142/48/48
f 135/51/51 18/54/54 147/53/53 146/52/52
f 147/53/53 22/66/66 148/63/63 146/52/52
f 148/63/63 21/62/62 149/49/49 146/52/52
f 151/470/55 19/58/58 152/57/57 150/56/56
f 152/57/57 23/70/70 153/67/67 150/56/56
f 153/67/67 22/66/66 147/53/53 150/56/56
f 144/59/59 20/241/253 155/238/250 154/60/60
f 155/238/250 24/237/249 156/71/71 154/60/60
f 156/71/71 23/70/70 152/57/57 154/60/60
f 148/63/63 22/66/66 158/65/65 157/64/64
f 158/65/65 26/322/336 159/319/333 157/64/64
f 159/319/333 25/112/113 160/61/61 157/64/64
f 153/67/67 23/70/70 162/69/69 161/68/68
f 162/69/69 27/326/340 163/323/337 161/68/68
f 163/323/337 26/322/336 158/65/65 161/68/68
f 156/71/71 24/237/249 165/350/376 164/72/72
f 165/350/376 28/351/377 166/327/341 164/72/72
f 166/327/341 27/326/340 162/69/69 164/72/72
f 168/75/75 91/78/78 169/77/77 167/76/76
s 1
f 169/77/378 30/90/90 170/120/379 167/76/380
f 170/120/379 29/109/381 171/73/382 167/76/380
s 3
f 173/79/79 92/82/82 174/81/81 172/80/80
s 1
f 174/81/383 31/129/384 175/91/91 172/80/385
f 175/91/91 30/90/90 169/77/378 172/80/386
s 3
f 177/83/83 93/352/387 178/353/388 176/84/84
s 1
f 178/353/389 32/133/390 179/130/391 176/84/392
f 179/130/391 31/129/384 174/81/383 176/84/392
s 10
f 181/87/87 50/354/393 182/355/394 180/88/88
f 182/355/394 51/215/395 183/212/222 180/88/88
f 183/212/222 52/211/221 184/85/85 180/88/88
s 1
f 175/91/91 31/129/384 186/138/146 185/469/92
f 186/458/146 3/10/10 103/7/7 185/92/92
f 103/7/7 2/6/6 187/89/89 185/92/92
s 12
f 189/95/95 54/356/396 190/357/397 188/96/96
f 190/357/397 55/229/398 191/226/238 188/96/96
f 191/226/238 56/225/237 192/93/93 188/96/96
s off
f 194/460/399 32/133/400 178/353/401 193/468/402
s 3
f 178/353/388 93/352/387 195/331/345 193/468/403
f 195/397/345 94/330/344 108/97/367 193/100/403
f 197/395/103 28/351/377 165/350/376 196/467/104
f 165/350/376 24/237/249 198/234/404 196/467/104
f 198/430/404 12/233/245 121/101/101 196/104/104
s 41
f 379/107/405 381/358/406 382/503/407 380/108/408
f 382/359/407 383/360/409 384/361/410 380/108/408
s 13
f 384/361/411 385/362/412 378/105/105 380/108/108
s off
f 204/462/413 1/2/414 101/1/415 203/466/416
s 3
f 101/1/361 89/342/356 205/317/331 203/466/417
f 205/400/331 90/74/74 171/73/73 203/111/417
f 207/398/114 5/14/14 114/13/13 206/465/115
f 114/13/13 9/26/26 208/249/418 206/465/115
f 208/426/418 21/62/62 160/61/61 206/114/115
s 42
f 388/117/419 390/363/420 391/364/421 389/118/422
f 391/364/421 392/365/423 393/366/424 389/118/422
s 14
f 393/366/425 394/367/426 386/115/116 389/118/119
s 15
f 170/120/122 30/90/427 214/122/428 213/121/123
f 214/122/428 34/145/429 215/142/430 213/121/123
f 215/142/430 33/141/431 216/119/120 213/121/123
s 1
f 187/89/89 2/6/6 218/124/126 217/463/432
f 218/124/126 35/149/433 219/146/434 217/463/432
f 219/454/435 34/145/436 214/122/124 217/123/125
f 98/3/127 1/2/437 221/126/438 220/125/128
f 221/126/438 36/153/439 222/150/440 220/125/128
f 222/150/440 35/149/441 218/124/126 220/125/128
s 43
f 204/110/442 29/109/443 216/119/444 223/461/445
f 216/119/444 33/141/446 224/154/447 223/461/445
s 17
f 224/447/448 36/153/449 221/126/129 223/127/132
s 18
f 179/130/135 32/133/450 226/132/451 225/131/136
f 226/132/451 38/161/452 227/158/453 225/131/136
f 227/158/453 37/157/454 228/128/133 225/131/136
s 44
f 194/99/455 4/98/456 230/135/457 229/459/458
f 230/135/457 39/165/459 231/162/460 229/459/458
s 19
f 231/441/461 38/161/462 226/132/137 229/134/140
s 1
f 107/11/143 3/10/10 233/137/145 232/136/144
f 233/137/145 40/169/463 234/166/464 232/136/144
f 234/166/464 39/165/465 230/135/141 232/136/144
f 186/138/146 31/129/384 228/128/466 235/457/467
f 228/128/466 37/157/468 236/170/469 235/457/467
f 236/434/470 40/169/471 233/137/145 235/139/147
s 21
f 215/142/150 34/145/153 238/144/152 237/143/151
f 238/144/152 42/456/472 239/455/473 237/143/151
f 239/455/473 41/173/474 240/140/148 237/143/151
f 219/146/154 35/149/157 242/148/156 241/453/155
f 242/148/156 43/205/475 243/451/476 241/453/155
f 243/452/476 42/456/472 238/144/152 241/147/155
f 222/150/158 36/153/161 245/152/160 244/151/159
f 245/152/160 44/185/477 246/449/478 244/151/159
f 246/449/478 43/205/475 242/148/156 244/151/159
f 224/154/162 33/141/149 240/140/148 247/446/163
f 240/140/148 41/173/474 248/444/479 247/446/163
f 248/445/479 44/185/477 245/152/160 247/155/163
s 22
f 227/158/166 38/161/169 250/160/168 249/159/167
f 250/160/168 46/443/480 251/442/481 249/159/167
f 251/442/481 45/189/482 252/156/164 249/159/167
f 231/162/170 39/165/173 254/164/172 253/440/171
f 254/164/172 47/219/483 255/438/484 253/440/171
f 255/439/484 46/443/480 250/160/168 253/163/171
f 234/166/174 40/169/177 257/168/176 256/167/175
f 257/168/176 48/201/485 258/436/486 256/167/175
f 258/436/486 47/219/483 254/164/172 256/167/175
f 236/170/178 37/157/165 252/156/164 259/433/179
f 252/156/164 45/189/482 260/431/487 259/433/179
f 260/432/487 48/201/485 257/168/176 259/171/179
s 23
f 239/174/182 42/177/488 262/176/489 261/528/183
s 45
f 262/526/490 50/354/491 181/87/492 261/175/493
f 181/87/492 49/86/494 263/172/495 261/175/493
s off
f 243/178/496 43/450/497 265/216/498 264/527/499
s 28
f 265/513/226 51/215/225 182/355/500 264/179/501
s off
f 182/355/502 50/354/503 262/526/504 264/179/505
s 24
f 267/182/190 57/368/506 268/369/507 266/525/191
s 46
f 268/514/508 59/370/509 269/371/510 266/183/511
f 269/371/510 60/372/512 270/180/513 266/183/511
s off
f 248/186/514 41/479/515 263/524/516 271/523/517
f 263/172/518 49/86/519 184/85/520 271/187/521
s 47
f 184/85/522 52/211/523 272/184/524 271/187/525
s 25
f 251/190/198 46/193/526 274/192/527 273/522/199
s 48
f 274/520/528 54/356/529 189/95/530 273/191/531
f 189/95/530 53/94/532 275/188/533 273/191/531
s off
f 255/194/534 47/437/535 277/230/536 276/521/537
s 30
f 277/507/242 55/229/241 190/357/538 276/195/539
s off
f 190/357/540 54/356/541 274/520/542 276/195/543
s 26
f 279/198/206 61/373/544 280/374/545 278/519/207
s 49
f 280/508/546 63/375/547 281/376/548 278/199/549
f 281/376/548 64/377/550 282/196/551 278/199/549
s off
f 260/202/552 45/478/553 275/518/554 283/517/555
f 275/188/556 53/94/557 192/93/558 283/203/559
s 50
f 192/93/560 56/225/561 284/200/562 283/203/563
s 27
f 246/206/214 44/448/564 286/208/565 285/207/215
s 51
f 286/208/566 57/368/567 267/182/568 285/207/569
f 267/182/568 58/181/570 287/204/571 285/207/569
s 47
f 272/184/524 52/211/523 289/210/572 288/515/573
s off
f 289/210/574 59/370/575 268/514/576 288/515/577
f 268/369/578 57/368/579 286/208/580 288/209/581
s 10
f 183/212/222 51/215/395 291/214/582 290/213/223
s 52
f 291/214/583 60/372/584 269/371/585 290/213/586
f 269/371/585 59/370/587 289/210/588 290/213/586
s off
f 265/216/589 43/450/590 287/204/591 292/512/592
f 287/204/593 58/181/594 270/511/595 292/512/596
f 270/180/597 60/372/598 291/214/599 292/217/600
s 29
f 258/220/230 48/435/601 294/222/602 293/221/231
s 53
f 294/222/603 61/373/604 279/198/605 293/221/606
f 279/198/605 62/197/607 295/218/608 293/221/606
s 50
f 284/200/562 56/225/561 297/224/609 296/509/610
s off
f 297/224/611 63/375/612 280/508/613 296/509/614
f 280/374/615 61/373/616 294/222/617 296/223/618
s 12
f 191/226/238 55/229/398 299/228/619 298/227/239
s 54
f 299/228/620 64/377/621 281/376/622 298/227/623
f 281/376/622 63/375/624 297/224/625 298/227/623
s off
f 277/230/626 47/437/627 295/218/628 300/506/629
f 295/218/630 62/197/631 282/505/632 300/506/633
f 282/196/634 64/377/635 299/228/636 300/231/637
s 3
f 198/234/246 24/237/249 302/236/248 301/429/247
f 302/236/248 65/262/274 303/259/271 301/429/247
f 303/422/271 66/258/270 304/232/244 301/235/247
f 155/238/250 20/241/253 306/240/252 305/239/251
f 306/240/252 67/266/278 307/263/275 305/239/251
f 307/263/275 65/262/274 302/236/248 305/239/251
f 143/242/254 16/245/257 309/244/256 308/427/255
f 309/244/256 68/270/282 310/267/279 308/427/255
f 310/420/279 67/266/278 306/240/252 308/243/255
f 131/246/258 12/233/245 304/232/244 311/247/259
f 304/232/244 66/258/270 312/271/283 311/247/259
f 312/271/283 68/270/282 309/244/256 311/247/259
f 208/249/261 9/26/26 314/251/263 313/425/262
f 314/251/263 70/278/290 315/275/287 313/425/262
f 315/418/287 69/274/286 316/248/260 313/250/262
f 126/25/25 13/38/38 318/253/265 317/252/264
f 318/253/265 71/282/294 319/279/291 317/252/264
f 319/279/291 70/278/290 314/251/263 317/252/264
f 136/37/37 17/50/50 321/255/267 320/423/266
f 321/255/267 72/286/298 322/283/295 320/423/266
f 322/416/295 71/282/294 318/253/265 320/254/266
f 149/49/49 21/62/62 316/248/260 323/256/268
f 316/248/260 69/274/286 324/287/299 323/256/268
f 324/287/299 72/286/298 321/255/267 323/256/268
f 303/259/271 65/262/274 326/261/273 325/421/272
f 326/261/273 73/497/638 199/498/639 325/421/272
f 199/499/639 74/500/640 327/257/269 325/260/272
f 307/263/275 67/266/278 329/265/277 328/264/276
f 329/265/277 75/495/641 200/496/642 328/264/276
f 200/496/642 73/497/638 326/261/273 328/264/276
f 310/267/279 68/270/282 331/269/281 330/419/280
f 331/269/281 76/492/643 201/493/644 330/419/280
f 201/494/644 75/495/641 329/265/277 330/268/280
f 312/271/283 66/258/270 327/257/269 332/272/284
f 327/257/269 74/500/640 202/491/645 332/272/284
f 202/491/645 76/492/643 331/269/281 332/272/284
f 315/275/287 70/278/290 334/277/289 333/417/288
f 334/277/289 78/490/646 209/488/647 333/417/288
f 209/489/647 77/482/648 335/273/285 333/276/288
f 319/279/291 71/282/294 337/281/293 336/280/292
f 337/281/293 79/487/649 210/486/650 336/280/292
f 210/486/650 78/490/646 334/277/289 336/280/292
f 322/283/295 72/286/298 339/285/297 338/415/296
f 339/285/297 80/485/651 211/483/652 338/415/296
f 211/484/652 79/487/649 337/281/293 338/284/296
f 324/287/299 69/274/286 335/273/285 340/288/300
f 335/273/285 77/482/648 212/481/653 340/288/300
f 212/481/653 80/485/651 339/285/297 340/288/300
s off
f 129/291/654 15/46/655 342/293/656 341/292/657
s 3
f 342/293/658 82/305/319 343/302/316 341/292/659
f 343/302/316 81/301/315 344/289/660 341/292/659
f 145/45/45 19/471/58 346/295/308 345/411/307
f 346/295/308 83/309/323 347/306/320 345/411/661
f 347/406/320 82/305/319 342/293/658 345/294/661
f 151/55/309 18/475/54 349/297/311 348/296/310
f 349/297/311 84/313/327 350/310/324 348/296/310
f 350/310/324 83/309/323 346/295/308 348/296/310
f 134/298/312 14/480/662 344/289/663 351/407/313
f 344/289/660 81/301/315 352/314/328 351/407/664
f 352/403/328 84/313/327 349/297/311 351/299/664
f 343/302/316 82/305/319 354/304/318 353/303/317
f 354/304/318 86/345/371 138/43/43 353/303/317
f 138/43/43 85/42/42 355/300/314 353/303/317
f 347/306/320 83/309/323 357/308/322 356/405/321
f 357/308/322 87/347/373 139/404/372 356/405/321
f 139/346/372 86/345/371 354/304/318 356/307/321
f 350/310/324 84/313/327 359/312/326 358/311/325
f 359/312/326 88/349/375 140/348/374 358/311/325
f 140/348/374 87/347/373 357/308/322 358/311/325
f 352/314/328 81/301/315 355/300/314 360/402/329
f 355/300/314 85/42/42 141/401/41 360/402/329
f 141/41/41 88/349/375 359/312/326 360/315/329
f 205/317/331 89/342/356 362/341/355 361/399/332
f 362/341/355 5/14/14 207/398/114 361/399/332
f 207/113/114 25/112/113 363/316/330 361/318/332
f 159/319/333 26/322/336 365/321/335 364/320/334
f 365/321/335 91/78/78 168/75/75 364/320/334
f 168/75/75 90/74/74 363/316/330 364/320/334
f 163/323/337 27/326/340 367/325/339 366/324/338
f 367/325/339 92/82/82 173/79/79 366/324/338
f 173/79/79 91/78/78 365/321/335 366/324/338
f 166/327/341 28/351/377 369/394/665 368/328/342
f 369/394/665 93/352/387 177/83/83 368/328/342
f 177/83/83 92/82/82 367/325/339 368/328/342
f 195/331/345 93/352/387 369/394/665 370/396/346
f 369/394/665 28/351/377 197/395/103 370/396/346
f 197/103/103 8/102/102 371/329/343 370/332/346
f 109/335/349 94/330/344 371/329/343 372/336/350
f 371/329/343 8/102/102 120/23/23 372/336/350
f 120/23/23 7/22/22 373/333/347 372/336/350
f 105/339/353 95/334/348 373/333/347 374/340/354
f 373/333/347 7/22/22 116/19/19 374/340/354
f 116/19/19 6/18/18 375/337/351 374/340/354
f 100/343/357 96/338/352 375/337/351 376/344/358
f 375/337/351 6/18/18 111/15/15 376/344/358
f 111/15/15 5/14/14 362/341/355 376/344/358
s 55
f 202/385/666 74/380/667 377/106/668 378/105/669
s off
f 74/380/670 199/379/671 379/107/672 377/106/673
f 199/379/674 73/378/675 381/358/676 379/107/677
s 56
f 73/378/678 200/504/679 382/503/680 381/358/681
f 200/382/679 75/381/682 383/360/683 382/359/680
s off
f 75/381/684 201/384/685 384/361/686 383/360/687
f 201/384/688 76/383/689 385/362/690 384/361/691
s 55
f 76/383/692 202/385/666 378/105/669 385/362/693
s 57
f 212/393/694 77/388/695 387/116/696 386/501/697
s off
f 77/388/698 209/387/699 388/117/700 387/116/701
f 209/387/702 78/386/703 390/363/704 388/117/705
s 58
f 78/386/706 210/390/707 391/364/708 390/363/709
f 210/390/707 79/389/710 392/365/711 391/364/708
s off
f 79/389/712 211/392/713 393/366/714 392/365/715
f 211/392/716 80/391/717 394/367/718 393/366/719
s 57
f 80/391/720 212/502/694 386/115/697 394/367/721
