# This file uses centimeters as units for non-parametric coordinates.

mtllib roll_frame01.mtl
g default
v -14.958624 58.902382 -1.946964
v -2.272691 59.138988 0.484790
v 8.440814 59.745598 4.019107
v 22.252844 59.401752 4.119229
v -14.837428 84.588364 11.530358
v -4.986208 77.235710 20.632029
v 12.974544 74.871864 22.447786
v 25.993769 79.050476 15.739029
v -8.512065 101.155312 32.179981
v -1.666834 93.659477 32.570995
v 13.453823 93.823723 34.114544
v 25.183386 105.645317 32.116241
v -13.588945 105.490692 40.511921
v -0.987400 111.029396 43.285770
v 10.417890 111.065422 44.273930
v 28.375652 110.762947 40.000969
v -17.707750 108.804832 32.076279
v -2.288792 120.710083 36.027710
v 12.831600 120.844170 37.532330
v 26.252478 119.921638 37.213341
v -10.694887 105.416985 26.193607
v -0.441688 112.871147 18.662434
v 14.672344 113.027924 20.216902
v 23.355768 112.972168 29.391888
v -12.824319 91.954247 1.195930
v 0.678615 92.650375 -0.623147
v 15.641352 90.607445 0.931624
v 28.041409 86.615021 5.195637
v -13.162677 64.284203 -13.564899
v -0.053904 60.685509 -11.830886
v 8.466699 54.342747 -4.276209
v 21.540367 55.195984 -6.294590
v -6.325963 32.475361 -23.030344
v 1.076810 32.786842 -21.632225
v -0.876575 27.246584 -10.952960
v -8.332723 26.743010 -12.415714
v 15.113404 31.116913 20.275068
v 22.797617 30.496592 19.130520
v 24.396297 36.891117 28.552080
v 16.694414 37.418709 29.705475
v -2.445564 15.725862 -51.006802
v 4.581002 14.402032 -49.203617
v 1.727206 7.901165 -41.260120
v -5.271375 8.681960 -43.413147
v 11.670287 15.563268 -5.397596
v 19.119251 14.995315 -5.945683
v 19.579054 11.903490 3.868720
v 12.088891 12.005000 4.571913
v -2.769931 10.684053 -54.960163
v 5.683855 9.481622 -52.592674
v 3.002229 1.429821 -38.838661
v -7.995096 1.895096 -42.925797
v 10.421180 9.685628 -7.696540
v 19.363249 9.423304 -8.526184
v 22.100185 6.399665 5.957185
v 10.385086 6.372593 7.172815
v -12.664884 6.623731 -29.424395
v -4.278661 7.060958 -25.441217
v -12.799515 3.140141 -28.738068
v -4.413065 3.580645 -24.762539
v 13.411227 9.822783 22.960928
v 22.646326 9.970519 21.963575
v 13.436607 6.279695 22.727850
v 22.672277 6.429033 21.737829
v 31.319487 122.945648 12.953612
v 29.050657 121.167015 17.388290
v 38.655582 128.115845 19.085690
v 37.819889 124.968719 22.247211
v -11.206726 79.495621 35.637180
v -11.704963 87.764252 37.302086
v -20.435213 86.028931 43.013443
v -21.548124 80.200294 39.065266
v 37.755600 95.361359 25.453402
v 31.732201 98.014572 32.675488
v 40.648525 96.939850 27.286335
v 34.624676 99.591736 34.510044
v 1.461994 89.924004 61.883018
v -1.559909 98.981300 59.800980
v -4.833563 98.288803 61.539921
v -1.811660 89.231514 63.621964
v -2.014736 119.020271 55.601517
v 13.536782 117.354286 54.626579
v 16.160345 124.531738 40.584759
v -5.380851 126.507088 41.638565
v 1.808730 139.746002 63.338959
v 16.489006 137.829498 62.034904
v 15.975429 147.047775 46.662327
v 1.980988 148.874741 47.905460
v -16.029949 67.997932 1.846280
v -13.740425 73.607941 -9.529719
v -0.477796 73.090057 -10.444311
v 11.274696 68.739883 -9.255117
v 23.564669 65.336029 -6.225858
v 21.912018 62.150341 5.039557
v 9.300167 61.926010 8.177242
v -5.065974 64.405983 6.827209
v -10.712073 62.175495 2.736395
v -9.729774 58.369991 0.579772
v -4.330494 61.236134 4.060400
v -11.535528 66.070976 5.056459
v -15.818002 63.395180 -0.187346
v 2.007533 60.629402 5.063022
v 2.594240 58.570488 3.484616
v 8.805356 60.572651 5.496714
v 2.050189 62.819462 7.613822
v 16.017504 61.175186 5.195232
v 16.434549 60.121063 5.744639
v 21.921272 60.845463 3.225031
v 16.343801 61.942078 7.343648
v -9.658543 89.252670 22.287279
v -11.466643 80.862747 16.258104
v -3.659333 85.816254 25.201633
v -7.554663 96.707077 31.125694
v -13.053475 92.370529 19.467964
v 5.626376 84.356430 25.603512
v 3.870052 75.549171 22.210159
v 14.992739 84.914474 27.123604
v 5.944597 94.779755 32.642513
v 22.322306 88.011833 25.034206
v 20.846287 76.580940 19.527985
v 27.826111 91.988876 22.257109
v 21.776520 97.916420 32.902771
v -6.777163 103.417076 38.949287
v -1.651618 103.574318 40.760426
v -8.925431 110.153557 43.272915
v -10.339861 101.871788 38.170555
v 5.035872 103.129463 40.923298
v 11.610558 103.708000 42.100479
v 4.699124 111.438721 47.179825
v 19.451344 104.304794 40.440331
v 28.071095 107.127083 35.647163
v 19.407343 111.106865 45.409290
v -10.131176 115.818253 40.559391
v -1.772353 117.320114 41.913857
v -12.137665 118.438622 34.643349
v -15.922895 107.753922 36.844566
v 9.918374 144.769043 62.559151
v 9.163671 138.639221 63.071842
v 17.856308 143.080032 57.169579
v 9.008968 149.277115 45.696350
v 0.075245 145.395020 58.765770
v 19.245117 117.381950 43.538429
v 27.767799 115.722786 38.781498
v 20.209200 121.908279 38.974400
v 11.513496 117.220108 42.880211
v -9.786583 115.431229 27.627764
v -1.691289 119.568611 29.021223
v -8.284967 110.362122 19.649054
v -15.257961 105.993164 27.672422
v 5.990733 119.725609 29.817602
v 5.152477 122.612503 38.200691
v 13.460643 119.836617 30.608700
v 7.134079 112.918289 19.402416
v 19.797895 119.004799 31.742397
v 24.108059 118.464424 33.326488
v 21.826658 113.223259 22.457956
v -7.071385 103.360977 8.679721
v 0.686489 104.138245 8.170535
v -6.965660 93.078529 -0.807287
v -12.313143 100.267868 11.188432
v 8.268092 103.887642 8.863956
v 15.777953 103.322250 9.647193
v 8.227704 91.781227 0.061236
v 23.357595 102.666641 11.335102
v 28.638147 101.048271 14.063545
v 23.012012 89.125397 2.230603
v -7.750673 69.815453 -13.153872
v -7.730351 74.038795 -11.213428
v -0.610889 69.146225 -12.200898
v -7.228822 65.493393 -14.918145
v -13.767799 68.945198 -11.669057
v 4.748702 66.670700 -10.780895
v 5.553875 71.321747 -9.686040
v 10.053021 63.508480 -9.947717
v 4.361341 61.942341 -10.970337
v 16.844265 61.209934 -9.524667
v 18.240030 66.924683 -8.740226
v 22.339312 60.143032 -7.522581
v 15.720702 55.272926 -7.864236
v -0.043905 5.795261 -48.635658
v 2.132802 11.504882 -55.839512
v 5.467064 5.660227 -47.006180
v -2.451504 1.447837 -40.824245
v -5.771820 7.024869 -50.409225
v 3.662598 57.754131 2.628501
v 10.018850 48.356003 9.073139
v 0.783205 50.330154 -10.678286
v 15.349771 7.852783 -2.105201
v 14.783360 10.184582 -10.305165
v 21.178289 7.823449 -2.740343
v 16.253546 6.380362 6.588344
v 9.484448 8.041789 -1.609510
v 23.559130 60.203587 -2.433614
v 23.213690 57.010815 -1.471369
v 24.318567 63.583817 -0.818134
v 30.387178 96.552010 17.614573
v 29.050734 82.727921 10.412887
v 24.605583 110.240707 29.368118
v 34.067509 96.400627 28.789789
v 39.519573 95.744316 25.493658
v 37.605206 98.330933 31.031244
v 32.153473 98.988083 34.326279
v -16.281511 66.323044 -6.504172
v -15.425573 61.631165 -8.333225
v -16.468960 71.160522 -4.384856
v -14.431260 95.585571 14.837524
v -15.912653 88.777435 5.865147
v -8.960657 100.962502 29.462000
v 0.579899 94.720009 60.456875
v -3.269450 99.834572 60.247093
v -3.423381 93.873169 62.583389
v 0.425968 88.758606 62.793175
v -4.992340 49.974628 -19.435335
v -0.908190 48.625866 -17.019491
v -2.243573 33.211117 -23.295807
v -9.824995 47.715359 -18.644632
v 0.007239 46.400906 -10.865725
v -2.510909 43.603149 -5.431166
v 1.425571 29.792131 -15.681295
v -7.129086 43.252445 -3.939210
v -11.418612 42.685799 -7.054375
v -4.798882 25.938768 -9.432089
v -11.902979 45.186993 -13.031713
v -8.498805 29.323223 -17.626535
v 16.521969 41.392010 5.026410
v 21.814322 41.639496 6.458099
v 18.652597 30.256111 18.897648
v 12.511914 42.174774 7.985196
v 23.968273 45.706730 11.015267
v 23.781298 49.747253 16.252270
v 24.652723 33.638317 24.113314
v 19.091755 51.977474 17.869829
v 14.499072 50.331017 17.808043
v 20.698639 38.434933 30.891441
v 11.823866 46.448383 13.112568
v 14.594253 34.468689 25.487717
v 0.834192 27.335176 -35.877155
v 3.918883 24.893053 -33.544380
v 1.643951 16.406435 -51.598682
v -3.840117 26.783789 -35.462914
v 3.236835 19.550386 -30.177723
v -0.209897 15.052782 -27.093628
v 4.364419 10.922566 -45.262371
v -4.705892 14.038931 -27.233118
v -7.983356 16.744968 -28.957850
v -2.567407 6.886636 -40.024120
v -7.147974 21.920221 -32.645447
v -5.040059 12.449243 -47.878799
v 18.759663 29.269728 6.941534
v 22.697987 27.094595 8.439353
v 15.418212 16.055670 -7.332754
v 14.454985 28.904535 8.644156
v 22.908184 22.065353 12.462317
v 20.815266 17.949104 16.788149
v 20.294788 12.949244 -1.636010
v 16.317478 17.365170 17.874493
v 12.598707 19.884333 17.013462
v 16.208216 11.658618 7.177325
v 12.135196 24.502245 12.748505
v 10.564266 13.567868 -0.842162
v 2.051129 14.254395 -54.385059
v 5.592762 12.181520 -51.253441
v -2.861210 13.486368 -53.554867
v 5.373122 8.299984 -45.989185
v 2.992018 4.124863 -38.455627
v -9.396488 6.988632 -25.508129
v -8.437485 7.807782 -27.621866
v -14.717793 6.696314 -28.035686
v -8.645844 2.416492 -26.559689
v -4.075185 7.280950 -22.980572
v -5.899161 9.852271 -49.275269
v -8.040755 4.675814 -42.434002
v 14.968051 13.195854 -9.579208
v 19.497437 12.277835 -7.848569
v 10.566122 12.657837 -7.056120
v 21.206863 10.489433 -2.244776
v 22.112135 9.159927 6.308343
v 18.258642 9.490866 24.548590
v 18.021904 10.864407 22.526470
v 12.394906 9.399622 25.180105
v 18.061501 5.382501 22.169966
v 24.122187 9.587363 23.915905
v 9.521754 10.844691 -1.168416
v 10.388213 9.123081 7.508212
v -5.150963 6.143898 -34.016857
v -9.901830 6.051272 -36.108437
v -0.389275 6.225935 -31.918955
v -10.598872 3.439545 -36.174450
v -10.675590 0.721049 -35.933331
v -5.300674 0.858541 -33.581833
v 0.090653 0.971370 -31.265038
v 0.167732 3.662187 -31.478968
v 17.186617 11.320576 14.921486
v 12.003051 11.240661 15.483122
v 22.377102 11.419099 14.367529
v 11.331593 8.550224 15.338570
v 11.342992 5.746000 15.111591
v 17.208950 5.827240 14.491497
v 23.084862 5.926453 13.886678
v 23.067730 8.729554 14.090070
v 26.807278 117.894310 21.372263
v 25.335392 122.017441 23.302309
v 29.342129 120.985458 14.031773
v 30.219671 114.702385 21.112713
v 27.875000 124.105713 25.907869
v 32.038635 124.734245 28.442608
v 34.617798 125.884918 15.544338
v 34.918087 121.185844 27.824783
v 36.749229 117.325615 26.400414
v 39.478340 126.251587 20.456625
v 33.753773 115.178093 23.358992
v 32.722942 122.869904 20.185949
v -10.006394 90.312927 33.512661
v -9.187804 91.139610 37.978947
v -9.637161 83.462090 36.294426
v -13.270424 90.287682 30.187771
v -12.387876 92.339699 40.669270
v -16.911259 93.706131 42.058815
v -15.847182 87.687164 40.036587
v -19.560896 93.677505 38.415802
v -21.008173 92.993935 34.163647
v -21.268909 82.699394 41.929340
v -17.322552 91.404884 31.115854
v -16.260166 79.043640 36.556480
v 29.795767 111.764633 18.770020
v 34.100655 111.707680 15.703453
v 28.123989 113.676163 23.316864
v 37.847130 113.734505 16.850817
v 41.523453 116.244286 20.272024
v 39.020336 117.016838 24.333170
v 35.675438 117.804893 27.968706
v 30.695406 115.780907 26.167776
v -4.988290 88.315773 43.851471
v -7.963880 92.717209 43.694885
v -5.243935 82.959091 45.319138
v -12.009339 92.924171 45.407932
v -16.488062 90.629295 48.174568
v -15.648819 85.569199 49.026089
v -14.270965 80.844055 49.131470
v -9.001348 80.946533 46.973515
v 4.828926 109.299751 52.470810
v 11.083281 115.511925 47.521313
v 5.774027 116.507599 57.414993
v -1.411505 115.998756 47.257133
v 13.649752 117.936165 44.977692
v 11.264750 121.853523 41.287758
v 17.575737 120.697784 47.495224
v 5.139354 124.405922 39.316578
v -1.178418 122.248123 40.993942
v 5.386020 126.051964 40.513416
v -3.811826 118.643143 44.638924
v -6.413922 123.133873 48.898388
v 8.020238 130.080429 63.016926
v 18.836195 131.356003 60.011017
v -2.424180 134.131531 61.899590
v 20.125113 135.130081 51.203827
v 18.054613 137.761597 42.937531
v 7.419307 139.766068 41.778801
v -3.008316 140.511353 44.808559
v -4.215578 138.307755 53.366024
v -15.840189 80.945412 0.630757
v -15.261980 77.506012 6.779349
v -12.815147 83.337822 -4.448195
v -6.839458 83.703712 -6.346283
v 0.512667 82.317406 -5.948805
v 7.314096 81.527229 -4.979313
v 13.959767 79.667412 -4.435345
v 21.182348 78.094688 -3.200197
v 26.166168 75.562485 -0.216212
v 26.730927 72.360802 5.417900
v 23.673893 69.560257 11.244083
v 18.341642 69.086990 14.705897
v 11.921625 68.770844 15.671754
v 3.024698 71.374146 15.361961
v -6.100037 72.389641 13.607095
v -11.514064 75.048325 11.329807
v 33.747326 85.945816 39.426514
v 34.252567 87.028366 41.246635
v 36.562443 84.351120 35.389965
v 38.286739 85.291954 36.482468
v 40.279530 83.070137 31.593193
v 42.240654 83.511757 31.667442
v 43.535362 84.846642 33.656059
v 40.237354 86.356285 37.718357
v 37.003159 87.722321 41.489380
v 6.009136 92.936623 74.898041
v 7.187234 94.211929 73.882057
v 5.911314 99.345100 72.505211
v 4.005485 98.941956 73.517578
v 3.910313 104.033569 71.624306
v 2.001845 104.947281 72.137093
v 0.225976 103.254204 73.581398
v 1.752756 98.465424 74.714203
v 3.502914 93.432564 75.839142
vt 0.208431 0.494797
vt 0.208575 0.478116
vt 0.229443 0.475893
vt 0.229271 0.493426
vt 0.252729 0.492198
vt 0.256170 0.471571
vt 0.275357 0.475888
vt 0.275429 0.493819
vt 0.298111 0.492176
vt 0.294163 0.471736
vt 0.321331 0.475953
vt 0.321541 0.493432
vt 0.198757 0.641525
vt 0.200055 0.589825
vt 0.221664 0.590600
vt 0.219751 0.640956
vt 0.244967 0.639373
vt 0.247968 0.591507
vt 0.275466 0.591669
vt 0.275481 0.635804
vt 0.305994 0.639365
vt 0.302966 0.591494
vt 0.329276 0.590573
vt 0.331197 0.640955
vt 0.199789 0.728809
vt 0.197393 0.704590
vt 0.219517 0.692482
vt 0.227784 0.730211
vt 0.252859 0.733034
vt 0.249003 0.687406
vt 0.275511 0.688085
vt 0.275516 0.730408
vt 0.298175 0.733010
vt 0.302021 0.687396
vt 0.331536 0.692451
vt 0.323246 0.730162
vt 0.805511 0.686057
vt 0.204711 0.752714
vt 0.229559 0.760254
vt 0.782889 0.696424
vt 0.784986 0.875584
vt 0.254181 0.941082
vt 0.275435 0.940431
vt 0.742298 0.896742
vt 0.699334 0.736241
vt 0.297037 0.807427
vt 0.321459 0.760204
vt 0.696358 0.696343
vt 0.808954 0.641287
vt 0.805193 0.664541
vt 0.784300 0.671779
vt 0.785729 0.644267
vt 0.763331 0.647822
vt 0.762442 0.673765
vt 0.742276 0.741120
vt 0.739609 0.647377
vt 0.715889 0.647774
vt 0.716786 0.673709
vt 0.694936 0.671695
vt 0.693494 0.644181
vt 0.806875 0.557726
vt 0.810121 0.617205
vt 0.790367 0.607046
vt 0.787575 0.557696
vt 0.763367 0.556090
vt 0.764746 0.603486
vt 0.739627 0.603152
vt 0.739688 0.556093
vt 0.716014 0.556064
vt 0.714496 0.603455
vt 0.688836 0.606971
vt 0.691820 0.557642
vt 0.803405 0.420481
vt 0.802841 0.435733
vt 0.782960 0.432290
vt 0.783371 0.416064
vt 0.759505 0.410786
vt 0.759570 0.428509
vt 0.739756 0.426992
vt 0.739743 0.409699
vt 0.720007 0.410786
vt 0.719946 0.428500
vt 0.696571 0.432245
vt 0.696182 0.416016
vt 0.819305 0.093413
vt 0.797386 0.086157
vt 0.790779 0.072322
vt 0.822344 0.073237
vt 0.265809 0.416173
vt 0.762697 0.377789
vt 0.739788 0.389948
vt 0.275377 0.462947
vt 0.364323 0.097210
vt 0.342669 0.089884
vt 0.336664 0.075169
vt 0.367299 0.076188
vt 0.342559 0.494848
vt 0.342402 0.478170
vt 0.366070 0.480227
vt 0.366198 0.495669
vt 0.352247 0.641476
vt 0.350872 0.589816
vt 0.374237 0.588973
vt 0.374011 0.638442
vt 0.936729 0.462892
vt 0.940585 0.464321
vt 0.946953 0.476690
vt 0.936605 0.482861
vt 0.804780 0.405462
vt 0.824266 0.410023
vt 0.823186 0.423812
vt 0.805355 0.509178
vt 0.825584 0.509339
vt 0.825621 0.554997
vt 0.118742 0.522844
vt 0.058006 0.517789
vt 0.074507 0.510871
vt 0.084702 0.516921
vt 0.822269 0.350445
vt 0.784755 0.399833
vt 0.805305 0.347137
vt 0.793942 0.336256
vt 0.777469 0.322538
vt 0.236211 0.409364
vt 0.220899 0.415267
vt 0.203041 0.415110
vt 0.182178 0.419746
vt 0.685950 0.336155
vt 0.717407 0.377787
vt 0.694840 0.399772
vt 0.674409 0.347030
vt 0.657366 0.350391
vt 0.674734 0.405426
vt 0.637625 0.358046
vt 0.347747 0.415166
vt 0.329799 0.415381
vt 0.314324 0.409429
vt 0.706215 0.336018
vt 0.292514 0.404556
vt 0.870618 0.237836
vt 0.844433 0.293934
vt 0.832214 0.287148
vt 0.858351 0.228645
vt 0.844944 0.223065
vt 0.821107 0.280742
vt 0.243727 0.342391
vt 0.826584 0.212775
vt 0.214622 0.282882
vt 0.224361 0.346790
vt 0.210147 0.349538
vt 0.199596 0.284960
vt 0.184434 0.288656
vt 0.194986 0.352422
vt 0.864110 0.304875
vt 0.163133 0.290367
vt 0.634803 0.222910
vt 0.658751 0.280554
vt 0.647480 0.287052
vt 0.621343 0.228556
vt 0.609012 0.237734
vt 0.635143 0.293889
vt 0.375465 0.356065
vt 0.590820 0.249121
vt 0.366326 0.288752
vt 0.355651 0.352469
vt 0.340563 0.349608
vt 0.351134 0.285011
vt 0.336042 0.282967
vt 0.326383 0.346874
vt 0.678330 0.268182
vt 0.315081 0.275917
vt 0.789900 0.091626
vt 0.894734 0.181072
vt 0.223763 0.023658
vt 0.779683 0.072008
vt 0.205625 0.023651
vt 0.212375 0.030485
vt 0.208733 0.046428
vt 0.818124 0.043214
vt 0.919973 0.054113
vt 0.218394 0.124576
vt 0.231547 0.124829
vt 0.925982 0.076298
vt 0.853028 0.105343
vt 0.173602 0.224408
vt 0.245023 0.044913
vt 0.815784 0.102925
vt 0.335499 0.095534
vt 0.609223 0.166963
vt 0.147562 0.023794
vt 0.325939 0.074804
vt 0.129108 0.019171
vt 0.133886 0.026698
vt 0.125138 0.040618
vt 0.363323 0.044920
vt 0.461211 0.056389
vt 0.114656 0.083148
vt 0.128082 0.110700
vt 0.466974 0.079440
vt 0.396801 0.109583
vt 0.345740 0.218419
vt 0.158805 0.046562
vt 0.361009 0.107136
vt 0.212264 0.093809
vt 0.204982 0.218327
vt 0.226791 0.056935
vt 0.229179 0.093286
vt 0.246067 0.092223
vt 0.255137 0.092099
vt 0.884191 0.095549
vt 0.853655 0.095653
vt 0.854753 0.074189
vt 0.884265 0.075061
vt 0.885799 0.054616
vt 0.855335 0.052709
vt 0.203340 0.068369
vt 0.888472 0.044995
vt 0.116537 0.064410
vt 0.377147 0.224500
vt 0.136900 0.057215
vt 0.135301 0.068971
vt 0.159593 0.072808
vt 0.169578 0.075371
vt 0.426769 0.099419
vt 0.397393 0.099512
vt 0.398467 0.077209
vt 0.426850 0.078134
vt 0.428347 0.056895
vt 0.399054 0.054890
vt 0.111199 0.052142
vt 0.430928 0.046902
vt 0.398347 0.732496
vt 0.353774 0.704759
vt 0.655189 0.607952
vt 0.404645 0.715309
vt 0.625247 0.642548
vt 0.669008 0.617360
vt 0.670290 0.641156
vt 0.629866 0.657272
vt 0.633967 0.675274
vt 0.674058 0.664432
vt 0.345812 0.774768
vt 0.637449 0.692485
vt 0.387906 0.765553
vt 0.346295 0.752641
vt 0.351218 0.728717
vt 0.392980 0.747350
vt 0.854032 0.642643
vt 0.181252 0.694641
vt 0.859345 0.625630
vt 0.152631 0.732602
vt 0.157999 0.747449
vt 0.163074 0.765647
vt 0.167481 0.783084
vt 0.845329 0.675366
vt 0.849419 0.657366
vt 0.462802 0.754848
vt 0.433121 0.744888
vt 0.586158 0.633072
vt 0.469035 0.736153
vt 0.562716 0.661102
vt 0.591598 0.653084
vt 0.596668 0.669873
vt 0.567525 0.676181
vt 0.573571 0.695803
vt 0.602326 0.689166
vt 0.414557 0.801264
vt 0.575415 0.714705
vt 0.450039 0.789809
vt 0.420413 0.781867
vt 0.427222 0.762131
vt 0.457315 0.770152
vt 0.916571 0.661069
vt 0.887682 0.653104
vt 0.112049 0.724515
vt 0.922852 0.642462
vt 0.088177 0.754903
vt 0.117860 0.744959
vt 0.123753 0.762207
vt 0.093657 0.770210
vt 0.100926 0.789871
vt 0.130556 0.781946
vt 0.872833 0.708772
vt 0.104321 0.808576
vt 0.905760 0.695791
vt 0.876995 0.689207
vt 0.882631 0.669903
vt 0.911782 0.676158
vt 0.245118 0.820265
vt 0.256063 0.761423
vt 0.275458 0.816348
vt 0.275456 0.817082
vt 0.305796 0.819611
vt 0.322444 0.827635
vt 0.716707 0.746651
vt 0.742277 0.751635
vt 0.767846 0.746640
vt 0.232576 0.815700
vt 0.789238 0.746868
vt 0.242805 0.909093
vt 0.242913 0.847487
vt 0.275453 0.850080
vt 0.275444 0.899369
vt 0.308078 0.909112
vt 0.307992 0.847504
vt 0.685718 0.768892
vt 0.335635 0.923345
vt 0.710517 0.826756
vt 0.709025 0.772272
vt 0.742280 0.767854
vt 0.742288 0.823907
vt 0.774059 0.826743
vt 0.775535 0.772258
vt 0.216918 0.852154
vt 0.800161 0.835727
vt 0.803587 0.472219
vt 0.184266 0.511368
vt 0.823748 0.473030
vt 0.786007 0.508646
vt 0.783967 0.470951
vt 0.760849 0.468488
vt 0.762764 0.507838
vt 0.739729 0.507585
vt 0.739749 0.469813
vt 0.718652 0.468468
vt 0.716699 0.507812
vt 0.693463 0.508589
vt 0.695538 0.470900
vt 0.347089 0.550471
vt 0.343449 0.511536
vt 0.656251 0.437958
vt 0.370672 0.549455
vt 0.305626 0.550928
vt 0.300328 0.509969
vt 0.323635 0.511057
vt 0.326613 0.553291
vt 0.245263 0.550946
vt 0.250519 0.509979
vt 0.275426 0.509223
vt 0.275447 0.553833
vt 0.203857 0.550446
vt 0.207534 0.511493
vt 0.227207 0.511082
vt 0.224277 0.553331
vt 0.296688 0.941095
vt 0.317831 0.963343
vt 0.722395 0.859395
vt 0.742293 0.859091
vt 0.762190 0.859387
vt 0.672412 0.557619
vt 0.673996 0.509116
vt 0.676597 0.435714
vt 0.676064 0.420456
vt 0.798456 0.058765
vt 0.820876 0.052919
vt 0.343747 0.061021
vt 0.365907 0.055032
vt 0.963235 0.483911
vt 0.902883 0.489040
vt 0.909072 0.482168
vt 0.925033 0.475729
vt 0.931354 0.463643
vt 0.080884 0.498420
vt 0.084741 0.496992
vt 0.090126 0.497750
vt 0.096539 0.509638
vt 0.112499 0.516024
vt 0.245369 0.109349
vt 0.249130 0.116712
vt 0.914174 0.091435
vt 0.914507 0.075957
vt 0.915392 0.060496
vt 0.143488 0.116794
vt 0.145270 0.126440
vt 0.455609 0.095160
vt 0.455938 0.079081
vt 0.456800 0.063019
vt 0.982240 0.434188
vt 0.963585 0.427947
vt 0.946509 0.423110
vt 0.890921 0.433118
vt 0.882130 0.436526
vt 0.926679 0.423006
vt 0.909612 0.427375
vt 0.937930 0.422313
vt 0.075163 0.457134
vt 0.058225 0.461798
vt 0.039557 0.467684
vt 0.094859 0.456979
vt 0.083682 0.456346
vt 0.130564 0.466891
vt 0.111877 0.461251
vt 0.033116 0.470128
vt 0.675805 0.472192
vt 0.653419 0.509254
vt 0.655248 0.472962
vt 0.367019 0.511392
vt 0.176921 0.588998
vt 0.180547 0.549455
vt 0.822760 0.437993
vt 0.233028 0.963316
vt 0.215241 0.923308
vt 0.798841 0.768868
vt 0.699605 0.875602
vt 0.684417 0.835751
vt 0.333987 0.852188
vt 0.228471 0.827609
vt 0.254212 0.785439
vt 0.759269 0.697501
vt 0.785216 0.736222
vt 0.695315 0.746888
vt 0.719972 0.697428
vt 0.296799 0.785396
vt 0.318344 0.815723
vt 0.903939 0.714697
vt 0.136407 0.801345
vt 0.081951 0.736203
vt 0.893090 0.633076
vt 0.446638 0.808511
vt 0.606509 0.708725
vt 0.556410 0.642507
vt 0.438944 0.724452
vt 0.841861 0.692578
vt 0.205190 0.774839
vt 0.146366 0.715395
vt 0.823906 0.608060
vt 0.383498 0.782992
vt 0.673752 0.685953
vt 0.619881 0.625562
vt 0.369876 0.694574
vt 0.624476 0.158216
vt 0.327082 0.211968
vt 0.653476 0.212425
vt 0.306569 0.342322
vt 0.153133 0.050558
vt 0.361352 0.222428
vt 0.125968 0.045756
vt 0.396618 0.225899
vt 0.569871 0.190223
vt 0.388031 0.290471
vt 0.615162 0.304972
vt 0.596954 0.173816
vt 0.584932 0.180968
vt 0.909456 0.190131
vt 0.154402 0.225852
vt 0.888489 0.249012
vt 0.175675 0.355943
vt 0.241882 0.047343
vt 0.189385 0.222364
vt 0.213528 0.046751
vt 0.223402 0.212053
vt 0.855547 0.158550
vt 0.235225 0.276013
vt 0.801766 0.268578
vt 0.882733 0.173912
vt 0.870470 0.167071
vt 0.702590 0.322102
vt 0.284431 0.416033
vt 0.369025 0.419829
vt 0.654789 0.409992
vt 0.841623 0.358035
vt 0.185243 0.480200
vt 0.257695 0.404697
vt 0.773758 0.336466
vt 0.177136 0.638471
vt 0.185108 0.495641
vt 0.653403 0.554919
vt 0.655840 0.423782
vt 0.740026 0.329135
vt 0.739609 0.679991
vt 0.717946 0.727940
vt 0.321543 0.784229
vt 0.275425 0.981496
vt 0.229466 0.784279
vt 0.766602 0.727930
vt 0.275513 0.766895
vt 0.294962 0.761394
vt 0.158494 0.031032
vt 0.235614 0.029385
vt 0.253884 0.807420
vt 0.968218 0.693073
vt 0.970279 0.686813
vt 0.964692 0.720144
vt 0.041234 0.817480
vt 0.965692 0.701614
vt 0.035620 0.790589
vt 0.038855 0.799577
vt 0.026837 0.766821
vt 0.976742 0.669618
vt 0.033170 0.783659
vt 0.515345 0.790561
vt 0.512107 0.799546
vt 0.509721 0.817448
vt 0.514670 0.720260
vt 0.513647 0.701731
vt 0.511110 0.693195
vt 0.509040 0.686939
vt 0.502555 0.669755
vt 0.524137 0.766797
vt 0.517798 0.783632
vt 0.052820 0.522857
vt 0.139366 0.470253
vt 0.968347 0.489050
vt 0.988625 0.436785
vt 0.108883 0.091107
vt 0.106409 0.062482
vt 0.399209 0.044805
vt 0.459518 0.102060
vt 0.428604 0.109556
vt 0.167704 0.057128
vt 0.215342 0.132259
vt 0.203222 0.094543
vt 0.855471 0.043005
vt 0.918242 0.098075
vt 0.886101 0.105305
vt 0.255511 0.067846
vt 0.169019 0.047690
vt 0.166893 0.025823
vt 0.125973 0.120002
vt 0.337008 0.054912
vt 0.115292 0.038211
vt 0.149847 0.015689
vt 0.254586 0.043904
vt 0.241676 0.021944
vt 0.231922 0.132778
vt 0.791425 0.052872
vt 0.199112 0.046316
vt 0.223332 0.014444
vn -0.474011 -0.459636 0.751032
vn -0.474011 -0.459635 0.751032
vn -0.261390 -0.616007 0.743109
vn -0.299489 -0.592034 0.748200
vn -0.133960 -0.750959 0.646618
vn 0.067651 -0.585447 0.807883
vn -0.340567 -0.655485 0.674058
vn -0.269805 -0.812510 0.516752
vn -0.018773 -0.608711 0.793170
vn -0.418582 0.394049 0.818239
vn 0.192482 0.218585 0.956646
vn 0.120110 0.007735 0.992730
vn -0.914355 -0.122605 0.385904
vn -0.940351 -0.144867 0.307820
vn -0.726579 -0.367407 0.580599
vn -0.695578 -0.376890 0.611657
vn -0.342732 -0.491392 0.800668
vn -0.393777 -0.546116 0.739389
vn -0.162253 -0.588311 0.792190
vn -0.110201 -0.491891 0.863655
vn 0.175165 -0.513096 0.840268
vn 0.102518 -0.572748 0.813296
vn 0.492812 -0.498037 0.713509
vn 0.554546 -0.446378 0.702300
vn 0.492104 -0.178363 0.852068
vn 0.491624 -0.537852 0.684851
vn -0.597207 -0.518648 0.611839
vn -0.221375 -0.587842 0.778097
vn -0.159791 -0.576600 0.801249
vn -0.205832 -0.633482 0.745878
vn -0.084333 -0.636314 0.766807
vn -0.074590 -0.605404 0.792416
vn 0.078914 -0.575152 0.814232
vn 0.115437 -0.618820 0.777005
vn 0.549720 -0.508223 0.662961
vn 0.359430 -0.592291 0.721111
vn -0.829385 0.296684 0.473391
vn -0.453414 0.088223 0.886923
vn -0.312953 -0.013422 0.949674
vn -0.491583 0.556534 0.669788
vn -0.501316 0.777492 0.379720
vn -0.406713 0.208659 0.889408
vn 0.101356 0.100232 0.989788
vn 0.153986 0.808930 0.567380
vn 0.244921 0.447107 0.860296
vn 0.037519 -0.271955 0.961578
vn 0.257081 -0.166506 0.951938
vn 0.169527 0.485152 0.857839
vn -0.668994 0.095087 -0.737161
vn -0.918141 0.343504 -0.197539
vn -0.623913 0.781488 -0.002973
vn -0.502820 0.681673 -0.531502
vn -0.151302 0.883913 -0.442499
vn -0.264202 0.960742 -0.084687
vn 0.012710 0.968504 -0.248675
vn 0.032253 0.900706 -0.433231
vn 0.092819 0.899572 -0.426796
vn 0.077853 0.996656 -0.024810
vn 0.161243 0.938630 0.304919
vn 0.247857 0.866611 -0.433073
vn -0.841975 0.477446 -0.251243
vn -0.872913 0.177777 -0.454333
vn -0.546220 0.672648 -0.499189
vn -0.382280 0.700453 -0.602684
vn -0.011506 0.702345 -0.711744
vn -0.102434 0.800767 -0.590153
vn 0.064353 0.797812 -0.599462
vn 0.110768 0.671866 -0.732344
vn 0.176108 0.646969 -0.741901
vn 0.128873 0.784969 -0.605983
vn 0.432237 0.742818 -0.511265
vn 0.422758 0.608626 -0.671454
vn -0.671834 0.300270 -0.677109
vn -0.650859 0.364556 -0.665944
vn -0.061063 0.441306 -0.895277
vn -0.054760 0.413428 -0.908888
vn 0.216272 0.341963 -0.914488
vn 0.179509 0.396510 -0.900309
vn 0.210826 0.336509 -0.917777
vn 0.221818 0.192892 -0.955819
vn 0.131230 0.120299 -0.984026
vn 0.183332 0.294250 -0.937980
vn 0.317953 0.267088 -0.909708
vn 0.239420 0.096355 -0.966123
vn 0.037886 -0.827783 -0.559768
vn 0.021680 -0.786454 -0.617268
vn 0.066968 -0.796954 -0.600316
vn 0.082319 -0.844781 -0.528743
vn 0.979089 -0.202467 0.019769
vn 0.801674 -0.169430 -0.573247
vn 0.440602 -0.470880 -0.764291
vn -0.584951 -0.797917 0.145468
vn -0.039440 -0.976769 -0.210634
vn -0.052496 -0.961715 -0.268977
vn -0.048382 -0.962708 -0.266181
vn -0.034660 -0.977338 -0.208830
vn 0.975759 0.078827 0.204160
vn 0.975759 0.078827 0.204160
vn 0.975759 0.078827 0.204160
vn 0.975759 0.078827 0.204160
vn 0.853730 -0.244526 0.459731
vn 0.798230 -0.379345 0.467895
vn 0.985870 -0.161782 0.043448
vn 0.995711 0.046140 0.080197
vn 0.177517 -0.866685 0.466202
vn 0.177517 -0.866687 0.466199
vn 0.177517 -0.866687 0.466199
vn 0.177517 -0.866685 0.466202
vn -0.912366 0.020313 -0.408872
vn -0.912366 0.020313 -0.408872
vn -0.912366 0.020313 -0.408872
vn -0.912366 0.020313 -0.408872
vn -0.674894 0.494704 -0.547527
vn -0.979920 0.174846 -0.095840
vn -0.981111 0.167761 0.096325
vn 0.388266 0.327550 0.861371
vn 0.388268 0.327549 0.861371
vn 0.388268 0.327549 0.861371
vn 0.388266 0.327550 0.861371
vn -0.223247 0.222987 -0.948914
vn -0.261959 0.234485 -0.936160
vn 0.061932 0.285463 -0.956387
vn 0.153400 0.283024 -0.946766
vn 0.990291 0.079822 -0.113812
vn 0.990837 0.086087 -0.104078
vn 0.651212 -0.206397 0.730290
vn -0.178811 -0.343762 0.921876
vn -0.149277 -0.339983 0.928508
vn -0.979707 -0.199314 -0.021160
vn -0.978107 -0.207722 -0.012609
vn -0.978107 -0.207722 -0.012609
vn -0.979490 -0.200502 -0.019953
vn -0.405358 -0.699431 -0.588626
vn -0.360973 -0.681667 -0.636418
vn -0.080073 -0.702136 -0.707526
vn -0.117605 -0.727028 -0.676461
vn 0.945977 -0.209411 -0.247536
vn 0.943982 -0.215057 -0.250299
vn 0.943982 -0.215057 -0.250299
vn 0.946227 -0.208696 -0.247186
vn 0.472584 0.687140 0.551819
vn 0.374260 0.777291 0.505715
vn 0.033615 0.811255 0.583726
vn 0.112005 0.760009 0.640189
vn -0.622958 0.505009 0.597402
vn -0.952296 -0.233619 0.196350
vn -0.906941 0.120812 0.403562
vn -0.627484 0.633843 -0.452224
vn -0.753048 0.546621 -0.366230
vn 0.187742 0.894152 -0.406503
vn 0.273510 0.830895 -0.484568
vn 0.944384 0.316504 -0.089245
vn 0.947663 0.319129 -0.009609
vn 0.939079 -0.216488 0.266951
vn 0.957210 -0.189732 0.218519
vn 0.646371 -0.617365 0.448403
vn 0.607793 -0.626841 0.487502
vn -0.109176 -0.821199 0.560101
vn -0.235452 -0.839009 0.490536
vn -0.940882 -0.323167 0.101510
vn -0.842565 -0.465778 0.270436
vn -0.986040 0.106901 -0.127658
vn -0.958918 0.180012 -0.219253
vn -0.626676 0.707167 -0.327402
vn -0.594648 0.782750 -0.183567
vn 0.128507 0.978983 -0.158362
vn 0.100264 0.836568 -0.538611
vn 0.808934 0.447887 -0.380818
vn 0.826793 0.519238 -0.216345
vn 0.933321 -0.301768 0.194545
vn 0.982767 -0.184722 -0.006879
vn 0.630759 -0.590474 0.503471
vn 0.376927 -0.541683 0.751336
vn 0.009966 -0.538644 0.842474
vn -0.050335 -0.687184 0.724737
vn -0.748521 -0.387065 0.538421
vn -0.407876 -0.447406 0.795905
vn -0.964561 -0.003554 0.263835
vn -0.986065 0.162044 0.037643
vn -0.219176 0.753438 -0.619914
vn -0.219176 0.753438 -0.619914
vn 0.261590 0.785712 -0.560560
vn 0.268141 0.784814 -0.558719
vn 0.936688 0.250489 0.244685
vn 0.936688 0.250489 0.244686
vn 0.936688 0.250489 0.244686
vn 0.936688 0.250489 0.244685
vn -0.015680 0.991739 0.127310
vn -0.015680 0.991739 0.127310
vn -0.097065 0.990985 0.092342
vn -0.097026 0.990987 0.092359
vn -0.866098 0.464211 0.185427
vn -0.866098 0.464211 0.185427
vn -0.866098 0.464211 0.185427
vn -0.866098 0.464211 0.185427
vn -0.445855 0.581261 -0.680697
vn -0.445856 0.581261 -0.680697
vn -0.030182 0.621684 -0.782686
vn -0.046686 0.622271 -0.781409
vn 0.938685 0.308559 -0.153822
vn 0.938685 0.308559 -0.153822
vn 0.938685 0.308559 -0.153822
vn 0.938685 0.308559 -0.153822
vn 0.111557 0.925815 0.361139
vn 0.111557 0.925815 0.361139
vn 0.025372 0.927944 0.371855
vn 0.025217 0.927942 0.371871
vn -0.814351 0.519262 0.259227
vn -0.814351 0.519262 0.259227
vn -0.814351 0.519262 0.259227
vn -0.814351 0.519262 0.259227
vn -0.130208 0.984764 0.115266
vn -0.130208 0.984764 0.115266
vn -0.054923 0.981164 0.185206
vn -0.051626 0.980771 0.188212
vn -0.852161 0.399771 -0.337646
vn -0.852161 0.399771 -0.337646
vn -0.852161 0.399771 -0.337646
vn -0.852161 0.399771 -0.337646
vn 0.018989 -0.993109 -0.115645
vn 0.037316 -0.935901 -0.350280
vn 0.062849 -0.950979 -0.302801
vn 0.025624 -0.995965 -0.086001
vn 0.930573 -0.023026 0.365383
vn 0.947323 -0.037356 0.318093
vn 0.949903 -0.039772 0.310003
vn 0.930573 -0.023026 0.365383
vn -0.018057 0.998647 0.048759
vn -0.018057 0.998647 0.048759
vn -0.000930 0.998564 0.053558
vn -0.001270 0.998569 0.053463
vn -0.904360 0.420755 0.071400
vn -0.904360 0.420755 0.071400
vn -0.904360 0.420755 0.071400
vn -0.904360 0.420755 0.071400
vn -0.000058 -0.997239 -0.074255
vn -0.016608 -0.991735 -0.127225
vn -0.012315 -0.992517 -0.121482
vn 0.001599 -0.997572 -0.069629
vn 0.992467 0.013067 -0.121814
vn 0.993603 0.010816 -0.112406
vn 0.993579 0.010867 -0.112622
vn 0.992467 0.013067 -0.121814
vn 0.235812 -0.695656 -0.678568
vn 0.866994 -0.434066 0.244763
vn -0.643287 -0.438115 -0.627883
vn -0.763953 -0.281036 -0.580856
vn -0.852426 0.472725 -0.223386
vn 0.237716 0.761243 -0.603324
vn -0.342281 0.930529 -0.130227
vn -0.599102 0.800572 0.012693
vn 0.053506 0.898629 0.435433
vn 0.361080 0.765420 0.532686
vn 0.642452 0.316184 0.698056
vn 0.717985 0.320937 0.617654
vn 0.944740 -0.310188 0.106067
vn 0.715688 -0.290958 0.634928
vn 0.695678 -0.687751 0.207438
vn 0.717537 -0.611259 -0.333922
vn 0.093156 -0.341624 -0.935208
vn 0.771792 -0.277932 -0.571919
vn 0.862274 -0.232338 -0.450002
vn 0.919939 -0.102323 0.378474
vn 0.630085 -0.067214 0.773611
vn -0.235742 0.163503 0.957963
vn -0.891952 0.248048 0.378014
vn -0.938028 0.011808 -0.346357
vn -0.510427 -0.223913 -0.830257
vn -0.995450 -0.058062 0.075546
vn -0.920375 -0.067031 -0.385250
vn -0.767100 -0.177579 -0.616460
vn -0.759106 -0.422051 -0.495612
vn -0.106347 -0.430419 -0.896342
vn -0.208660 0.337274 -0.917991
vn 0.124770 0.709141 -0.693939
vn 0.618080 -0.143025 -0.772995
vn 0.977126 0.045511 -0.207733
vn 0.449488 0.841055 -0.300976
vn 0.778487 0.340377 0.527353
vn 0.801830 0.178470 0.570279
vn 0.207617 0.440871 0.873229
vn 0.719680 0.386956 0.576477
vn -0.273359 0.956409 -0.102750
vn -0.612822 0.412086 0.674266
vn 0.833755 -0.513694 -0.202415
vn 0.347536 -0.763367 -0.544508
vn 0.826670 -0.083850 -0.556404
vn 0.868874 0.170143 -0.464875
vn 0.453504 0.694078 -0.559098
vn 0.766616 0.505620 -0.395788
vn -0.203813 0.946175 0.251423
vn -0.370406 0.883558 -0.286573
vn -0.822075 0.450031 0.348804
vn -0.816521 0.349425 0.459559
vn -0.894655 -0.057065 0.443098
vn -0.728851 -0.120777 0.673936
vn -0.373472 -0.747407 0.549456
vn -0.723264 -0.659758 -0.203982
vn -0.226122 -0.854936 -0.466854
vn 0.217660 -0.953696 0.207575
vn -0.581517 -0.783000 0.220793
vn -0.581517 -0.782999 0.220793
vn -0.581517 -0.782999 0.220793
vn -0.581517 -0.783000 0.220793
vn 0.905410 -0.418699 -0.070177
vn 0.905410 -0.418699 -0.070177
vn 0.960040 -0.267059 -0.083681
vn 0.574816 -0.043663 -0.817117
vn 0.001885 0.901167 -0.433469
vn -0.032253 0.487656 -0.872440
vn -0.700271 0.157214 -0.696351
vn -0.612344 0.490009 0.620424
vn -0.980919 -0.179563 -0.074528
vn -0.686987 -0.103593 0.719248
vn -0.665667 -0.365910 0.650383
vn -0.019644 -0.552807 0.833078
vn 0.034309 -0.324871 0.945136
vn 0.753853 -0.274415 0.596994
vn 0.643035 -0.523649 0.558835
vn 0.935623 -0.347471 -0.062238
vn 0.999783 -0.016401 -0.012860
vn 0.658809 0.183393 -0.729615
vn 0.608262 -0.055077 -0.791823
vn -0.055232 0.145863 -0.987762
vn -0.043312 0.253213 -0.966441
vn -0.701486 0.365109 -0.612056
vn -0.736364 0.149984 -0.659752
vn -0.989030 -0.091208 0.116191
vn -0.962783 0.221884 0.154327
vn -0.628518 0.405549 -0.663698
vn -0.982591 0.113487 -0.147093
vn -0.979136 0.134077 -0.152699
vn -0.172531 0.593913 -0.785812
vn -0.070270 0.476571 -0.876323
vn 0.145640 0.436807 -0.887687
vn 0.078576 0.553562 -0.829093
vn 0.149984 0.517575 -0.842390
vn 0.182113 0.406462 -0.895334
vn 0.206081 0.388458 -0.898126
vn 0.205212 0.493014 -0.845473
vn 0.403672 0.435808 -0.804438
vn 0.388330 0.343315 -0.855181
vn 0.717615 -0.512507 0.471556
vn 0.676351 -0.593072 0.436825
vn 0.965251 -0.261323 0.000609
vn 0.962827 -0.264593 0.054361
vn -0.003317 -0.727830 0.685750
vn -0.063341 -0.741774 0.667652
vn 0.211915 -0.759084 0.615535
vn 0.338155 -0.661648 0.669233
vn -0.372910 -0.652682 0.659503
vn -0.296890 -0.623565 0.723203
vn -0.192005 -0.679997 0.707628
vn -0.197996 -0.726941 0.657537
vn -0.939724 -0.153830 0.305378
vn -0.923628 -0.172176 0.342442
vn -0.558228 -0.474988 0.680270
vn -0.667955 -0.453064 0.590397
vn -0.251995 -0.654717 0.712632
vn -0.433055 -0.529090 0.729744
vn -0.896538 -0.247212 0.367568
vn 0.011660 -0.726572 0.686991
vn -0.028809 -0.866119 0.499008
vn -0.157406 -0.758022 0.632950
vn 0.290339 0.542573 0.788237
vn 0.290339 0.542574 0.788237
vn 0.742865 -0.558868 0.368535
vn 0.107303 -0.903368 0.415224
vn -0.190926 -0.234181 0.953261
vn -0.079076 -0.471528 0.878299
vn 0.614637 0.103507 0.781990
vn 0.729880 0.624223 0.278606
vn 0.600437 0.746380 -0.287041
vn 0.088792 0.927594 -0.362884
vn -0.408765 0.891664 -0.194542
vn 0.824502 0.425365 -0.373177
vn 0.831296 0.200485 -0.518414
vn 0.288727 0.087055 -0.953445
vn 0.125449 0.206045 -0.970468
vn 0.067945 0.227282 -0.971456
vn -0.272367 0.333561 -0.902526
vn -0.272367 0.333561 -0.902526
vn 0.011587 -0.400625 -0.916169
vn -0.681681 -0.618370 -0.391062
vn 0.265018 -0.386243 -0.883505
vn 0.225961 -0.010430 -0.974081
vn 0.773496 0.084096 -0.628198
vn 0.669533 -0.003765 -0.742773
vn 0.261229 -0.290438 -0.920546
vn 0.261229 -0.290438 -0.920546
vn -0.092616 -0.370058 -0.924381
vn -0.078201 -0.367728 -0.926640
vn 0.119324 -0.806694 -0.578797
vn 0.127393 -0.860422 -0.493402
vn 0.086887 -0.960115 -0.265763
vn -0.044257 -0.963679 -0.263371
vn -0.028435 -0.979066 -0.201548
vn -0.008120 -0.993206 -0.116084
vn 0.950359 -0.198162 -0.239895
vn 0.950359 -0.198162 -0.239895
vn 0.950359 -0.198162 -0.239895
vn 0.950359 -0.198162 -0.239895
vn 0.974081 -0.211386 -0.080510
vn 0.957084 0.256409 0.135075
vn 0.177515 -0.866688 0.466197
vn 0.177515 -0.866688 0.466197
vn 0.177516 -0.866688 0.466198
vn 0.177516 -0.866688 0.466198
vn 0.177517 -0.866687 0.466198
vn 0.177517 -0.866687 0.466198
vn 0.177517 -0.866684 0.466204
vn 0.177517 -0.866684 0.466204
vn -0.983551 -0.180440 -0.008308
vn -0.983551 -0.180440 -0.008308
vn -0.983551 -0.180440 -0.008308
vn -0.983551 -0.180440 -0.008308
vn -0.985837 0.042374 -0.162263
vn -0.961152 0.142655 0.236296
vn 0.388264 0.327552 0.861372
vn 0.388264 0.327552 0.861372
vn 0.388265 0.327551 0.861371
vn 0.388265 0.327551 0.861371
vn 0.388266 0.327550 0.861371
vn 0.388266 0.327550 0.861371
vn 0.388265 0.327550 0.861372
vn 0.388265 0.327550 0.861372
vn 0.546866 0.302192 -0.780780
vn 0.531870 0.294314 -0.794037
vn 0.513985 0.284910 -0.809102
vn 0.175686 0.265753 -0.947897
vn -0.184683 0.211259 -0.959824
vn 0.915605 -0.104788 0.388184
vn 0.911393 -0.043917 0.409187
vn 0.911393 -0.043917 0.409187
vn 0.991504 0.119154 -0.052170
vn 0.991504 0.119154 -0.052170
vn -0.478199 -0.342205 0.808840
vn -0.535686 -0.339715 0.773068
vn -0.585371 -0.336136 0.737803
vn -0.143594 -0.336597 0.930636
vn 0.364960 -0.250377 0.896725
vn -0.913772 -0.071440 -0.399898
vn -0.913772 -0.071440 -0.399898
vn -0.913579 -0.079194 -0.398877
vn -0.913559 -0.079861 -0.398788
vn -0.913296 -0.087869 -0.397705
vn -0.913296 -0.087869 -0.397705
vn -0.981158 -0.190916 -0.029668
vn -0.981158 -0.190916 -0.029668
vn 0.204432 -0.664109 -0.719143
vn 0.179060 -0.707101 -0.684066
vn 0.152588 -0.748102 -0.645803
vn -0.138983 -0.771853 -0.620425
vn -0.457940 -0.717053 -0.525477
vn 0.990390 0.136189 0.024096
vn 0.990390 0.136189 0.024096
vn 0.995897 0.089661 0.012273
vn 0.995019 0.098615 0.014546
vn 0.998435 0.055810 0.003686
vn 0.998435 0.055810 0.003686
vn 0.948024 -0.203486 -0.244630
vn 0.948024 -0.203486 -0.244630
vn -0.299328 0.631076 0.715643
vn 0.168552 0.681624 0.712025
vn 0.545799 0.603501 0.581283
vn -0.963159 -0.268052 0.021764
vn -0.967906 -0.250174 0.023899
vn -0.980104 -0.196166 0.030238
vn -0.980104 -0.196166 0.030238
vn -0.916905 0.169444 0.361351
vn -0.916905 0.169444 0.361351
vn 0.934368 0.315056 -0.166421
vn 0.286160 0.791936 -0.539398
vn -0.586417 0.635700 -0.501996
vn 0.714566 -0.580945 0.389740
vn 0.969973 -0.175661 0.168215
vn -0.972837 -0.229103 -0.033154
vn -0.283032 -0.864414 0.415549
vn -0.935625 0.221789 -0.274618
vn 0.774437 0.375092 -0.509464
vn 0.051955 0.727975 -0.683632
vn -0.684496 0.591996 -0.425448
vn 0.846573 -0.508252 0.158095
vn 0.985152 -0.111386 -0.130649
vn -0.929806 -0.278305 0.240845
vn -0.082627 -0.878500 0.470542
vn -0.976449 0.208407 -0.055803
vn 0.696607 0.621842 -0.357842
vn 0.696607 0.621842 -0.357842
vn 0.729441 0.330234 -0.599050
vn 0.729441 0.330234 -0.599050
vn 0.299193 0.443807 -0.844701
vn 0.283208 0.445657 -0.849225
vn -0.222812 0.440915 -0.869453
vn -0.222812 0.440915 -0.869453
vn 0.695749 0.433226 0.572930
vn 0.695749 0.433226 0.572930
vn 0.695749 0.433226 0.572930
vn 0.695749 0.433226 0.572930
vn 0.961724 -0.051838 0.269073
vn 0.961724 -0.051838 0.269073
vn 0.998702 0.012856 0.049295
vn 0.998702 0.012856 0.049295
vn 0.998702 0.012856 0.049295
vn 0.998702 0.012856 0.049295
vn -0.177609 0.982467 0.056685
vn -0.177609 0.982467 0.056685
vn -0.432663 -0.323637 0.841464
vn -0.432663 -0.323637 0.841464
vn -0.391620 -0.321714 0.862052
vn -0.391686 -0.321718 0.862021
vn -0.350009 -0.319130 0.880710
vn -0.350008 -0.319130 0.880710
vn -0.864765 0.433988 -0.252656
vn -0.864765 0.433988 -0.252656
vn -0.864765 0.433988 -0.252656
vn -0.864765 0.433988 -0.252656
vn -0.873446 0.171612 -0.455676
vn -0.873446 0.171612 -0.455676
vn -0.873446 0.171612 -0.455676
vn -0.873446 0.171612 -0.455676
vn -0.964294 0.045866 -0.260831
vn -0.948759 0.033620 -0.314209
vn -0.953185 0.036883 -0.300131
vn -0.964294 0.045866 -0.260831
vn 0.408503 0.541425 -0.734837
vn 0.408503 0.541425 -0.734837
vn 0.383723 0.195115 -0.902600
vn 0.383723 0.195114 -0.902600
vn -0.086408 0.231545 -0.968979
vn -0.084832 0.231510 -0.969127
vn -0.512218 0.217926 -0.830747
vn -0.512218 0.217926 -0.830747
vn 0.816656 0.570768 0.085428
vn 0.816656 0.570768 0.085428
vn 0.816656 0.570768 0.085428
vn 0.816656 0.570768 0.085428
vn 0.994545 0.008790 -0.103938
vn 0.994545 0.008790 -0.103938
vn 0.957501 0.032671 -0.286575
vn 0.957501 0.032671 -0.286575
vn 0.957501 0.032671 -0.286575
vn 0.957501 0.032671 -0.286575
vn -0.061184 0.923052 0.379778
vn -0.061184 0.923052 0.379778
vn 0.052156 -0.550681 0.833085
vn 0.052156 -0.550681 0.833085
vn 0.097921 -0.550379 0.829153
vn 0.098017 -0.550377 0.829143
vn 0.143613 -0.548910 0.823452
vn 0.143613 -0.548910 0.823452
vn -0.926353 0.372641 -0.054850
vn -0.926353 0.372641 -0.054850
vn -0.926353 0.372641 -0.054850
vn -0.926353 0.372641 -0.054850
vn -0.987481 0.058589 -0.146455
vn -0.987481 0.058589 -0.146455
vn -0.987481 0.058589 -0.146455
vn -0.987481 0.058589 -0.146455
vn -0.995024 -0.006656 0.099418
vn -0.994041 -0.009900 0.108560
vn -0.994058 -0.009846 0.108409
vn -0.995024 -0.006656 0.099418
vn 0.029054 0.965088 0.260311
vn 0.029054 0.965088 0.260311
vn -0.055510 0.979593 -0.193173
vn -0.055510 0.979593 -0.193173
vn 0.037629 0.986947 -0.156591
vn 0.042025 0.987048 -0.154822
vn 0.130201 0.984379 -0.118511
vn 0.130201 0.984379 -0.118511
vn -0.931105 0.021855 -0.364097
vn -0.931105 0.021855 -0.364097
vn -0.925468 -0.250742 -0.283968
vn -0.925468 -0.250742 -0.283968
vn -0.925468 -0.250742 -0.283968
vn -0.925468 -0.250742 -0.283968
vn -0.710712 0.526921 -0.466093
vn -0.710712 0.526921 -0.466093
vn -0.710712 0.526921 -0.466093
vn -0.710712 0.526921 -0.466093
vn 0.031809 -0.997799 -0.058193
vn 0.000747 -0.955541 0.294856
vn 0.000747 -0.955541 0.294856
vn -0.077977 -0.964154 0.253626
vn -0.076796 -0.964082 0.254262
vn -0.158671 -0.964979 0.208897
vn -0.158671 -0.964980 0.208897
vn 0.858154 0.406838 0.313137
vn 0.858154 0.406838 0.313137
vn 0.858154 0.406838 0.313137
vn 0.858154 0.406838 0.313137
vn 0.781555 0.569297 0.255094
vn 0.781555 0.569297 0.255094
vn 0.781555 0.569297 0.255094
vn 0.781555 0.569297 0.255094
vn 0.812455 -0.188141 0.551833
vn 0.812455 -0.188141 0.551834
vn 0.812455 -0.188141 0.551833
vn 0.812455 -0.188141 0.551834
vn 0.015799 0.998178 0.058228
vn 0.015799 0.998178 0.058228
vn -0.098910 0.985596 0.137173
vn -0.098910 0.985596 0.137173
vn -0.002693 0.991805 0.127730
vn -0.002822 0.991803 0.127743
vn 0.093447 0.988714 0.117100
vn 0.093447 0.988714 0.117100
vn -0.992841 -0.013494 0.118680
vn -0.992841 -0.013494 0.118680
vn -0.947737 -0.255123 0.191593
vn -0.947737 -0.255123 0.191593
vn -0.947737 -0.255123 0.191593
vn -0.947737 -0.255123 0.191593
vn -0.830099 0.540725 0.136205
vn -0.830099 0.540725 0.136205
vn -0.830099 0.540725 0.136205
vn -0.830099 0.540725 0.136205
vn 0.003227 -0.997875 -0.065082
vn 0.108672 -0.994078 0.000624
vn 0.108672 -0.994078 0.000624
vn 0.016901 -0.999802 0.010492
vn 0.016399 -0.999810 0.010545
vn -0.075262 -0.996957 0.020296
vn -0.075262 -0.996957 0.020296
vn 0.875501 0.457033 -0.156901
vn 0.875501 0.457033 -0.156901
vn 0.875501 0.457033 -0.156901
vn 0.875501 0.457033 -0.156901
vn 0.827604 0.559593 -0.043904
vn 0.827604 0.559593 -0.043904
vn 0.827604 0.559593 -0.043904
vn 0.827604 0.559593 -0.043904
vn 0.973757 -0.226884 -0.017898
vn 0.973757 -0.226884 -0.017898
vn 0.973757 -0.226884 -0.017898
vn 0.973757 -0.226884 -0.017898
vn -0.250826 -0.544431 -0.800426
vn -0.752076 -0.474894 -0.457008
vn -0.978030 -0.204686 0.039503
vn 0.999220 -0.036492 0.015098
vn 0.615075 -0.314301 -0.723116
vn 0.267185 0.322696 0.908008
vn 0.793643 0.160765 0.586759
vn -0.625711 0.267935 0.732596
vn 0.542744 0.688115 -0.481588
vn 0.893110 0.196494 -0.404654
vn 0.908510 -0.365907 -0.201798
vn -0.786474 0.465583 0.405821
vn -0.307997 0.927140 -0.213421
vn -0.385226 -0.617991 0.685337
vn -0.719778 -0.088317 0.688563
vn 0.344715 -0.900646 0.264591
vn 0.522667 -0.834020 0.176719
vn 0.522667 -0.834020 0.176719
vn 0.522667 -0.834020 0.176719
vn 0.522667 -0.834020 0.176719
vn 0.609197 -0.765051 0.208748
vn -0.119766 -0.827063 0.549201
vn -0.722445 -0.607326 0.330497
vn 0.597586 -0.737873 -0.313743
vn -0.938600 -0.344320 -0.021761
vn -0.938600 -0.344320 -0.021761
vn -0.846410 -0.513310 -0.141787
vn 0.843752 0.090183 -0.529102
vn -0.624023 0.307988 0.718150
vn -0.963986 -0.013947 0.265586
vn -0.963986 -0.013947 0.265586
vn -0.623249 0.308409 0.718641
vn -0.839269 -0.374925 -0.393776
vn -0.839269 -0.374925 -0.393776
vn -0.839269 -0.374925 -0.393776
vn -0.839269 -0.374925 -0.393776
vn -0.690262 -0.442117 -0.572774
vn -0.690262 -0.442117 -0.572774
vn -0.690262 -0.442117 -0.572774
vn -0.690262 -0.442117 -0.572774
vn 0.121548 -0.424508 -0.897228
vn 0.610330 -0.243216 -0.753885
vn 0.610358 -0.243201 -0.753868
vn 0.121548 -0.424508 -0.897228
vn 0.859052 -0.063852 -0.507890
vn 0.859052 -0.063852 -0.507890
vn 0.772206 0.430556 0.467246
vn 0.772206 0.430556 0.467246
vn 0.772206 0.430556 0.467246
vn 0.772206 0.430556 0.467246
vn 0.754704 0.438364 0.488118
vn 0.754704 0.438364 0.488118
vn 0.754704 0.438364 0.488118
vn 0.754704 0.438364 0.488118
vn -0.186952 0.468524 0.863443
vn -0.186952 0.468524 0.863443
vn 0.296535 -0.936916 0.185085
vn 0.704601 -0.704728 -0.083047
vn 0.704601 -0.704728 -0.083047
vn 0.296503 -0.936922 0.185102
vn 0.896021 0.071011 -0.438298
vn 0.896021 0.071011 -0.438297
vn 0.896021 0.071011 -0.438297
vn 0.896021 0.071011 -0.438297
vn 0.819887 0.295094 -0.490617
vn 0.819887 0.295094 -0.490617
vn 0.819887 0.295094 -0.490617
vn 0.819887 0.295094 -0.490617
vn 0.278006 0.830849 -0.482082
vn -0.325214 0.912003 -0.249971
vn -0.325950 0.911848 -0.249578
vn 0.278006 0.830849 -0.482082
vn -0.696716 0.717346 -0.001332
vn -0.696716 0.717346 -0.001332
vn -0.879522 -0.176118 0.442067
vn -0.879522 -0.176118 0.442067
vn -0.879522 -0.176118 0.442067
vn -0.879522 -0.176118 0.442067
vn -0.870716 -0.202334 0.448235
vn -0.870716 -0.202334 0.448235
vn -0.870716 -0.202334 0.448235
vn -0.870716 -0.202334 0.448235
vn -0.060647 -0.935046 0.349301
vn -0.060647 -0.935046 0.349301
s 1
g pCube1
usemtl pCube1SG
f 101/1/1 1/2/2 98/3/3 97/4/4
f 99/5/5 2/6/6 103/7/7 102/8/8
f 104/9/9 3/10/10 107/11/11 106/12/12
s 3
f 114/13/13 5/14/14 111/15/15 110/16/16
f 112/17/17 6/18/18 116/19/19 115/20/20
f 117/21/21 7/22/22 120/23/23 119/24/24
f 126/25/25 9/26/26 113/27/27 123/28/28
f 124/29/29 10/30/30 118/31/31 127/32/32
f 128/33/33 11/34/34 122/35/35 130/36/36
f 136/424/37 13/38/38 125/39/39 133/474/40
f 141/401/41 85/42/42 138/43/43 137/473/44
f 145/413/45 15/477/46 132/47/47 142/472/48
f 149/49/49 17/50/50 135/51/51 146/52/52
f 147/53/53 18/54/54 151/470/55 150/56/56
f 152/57/57 19/58/58 144/59/59 154/60/60
f 160/61/61 21/62/62 148/63/63 157/64/64
f 158/65/65 22/66/66 153/67/67 161/68/68
f 162/69/69 23/70/70 156/71/71 164/72/72
f 171/73/73 90/74/74 168/75/75 167/76/76
f 169/77/77 91/78/78 173/79/79 172/80/80
f 174/81/81 92/82/82 177/83/83 176/84/84
s 10
f 184/85/85 49/86/86 181/87/87 180/88/88
s 1
f 187/464/89 30/90/90 175/91/91 185/469/92
s 12
f 192/93/93 53/94/94 189/95/95 188/96/96
s off
f 108/97/97 4/98/98 194/99/99 193/100/100
s 3
f 121/101/101 8/102/102 197/103/103 196/104/104
s 13
f 378/105/105 377/106/106 379/107/107 380/108/108
s off
f 171/73/109 29/109/110 204/110/111 203/111/112
s 3
f 160/61/61 25/112/113 207/113/114 206/114/115
s 14
f 386/501/116 387/116/117 388/117/118 389/118/119
s 15
f 216/119/120 29/109/121 170/120/122 213/121/123
s 1
f 214/122/124 30/90/90 187/464/89 217/123/125
f 218/124/126 2/6/6 98/3/127 220/125/128
s 17
f 221/126/129 1/2/130 204/462/131 223/127/132
s 18
f 228/128/133 31/129/134 179/130/135 225/131/136
s 19
f 226/132/137 32/133/138 194/460/139 229/134/140
s 1
f 230/135/141 4/98/142 107/11/143 232/136/144
f 233/137/145 3/10/10 186/458/146 235/139/147
s 21
f 240/140/148 33/141/149 215/142/150 237/143/151
f 238/144/152 34/145/153 219/454/154 241/147/155
f 242/148/156 35/149/157 222/150/158 244/151/159
f 245/152/160 36/153/161 224/447/162 247/155/163
s 22
f 252/156/164 37/157/165 227/158/166 249/159/167
f 250/160/168 38/161/169 231/441/170 253/163/171
f 254/164/172 39/165/173 234/166/174 256/167/175
f 257/168/176 40/169/177 236/434/178 259/171/179
s 23
f 263/524/180 41/479/181 239/174/182 261/528/183
s off
f 262/176/184 42/177/185 243/178/186 264/527/187
s 24
f 270/511/188 58/181/189 267/182/190 266/525/191
s off
f 272/516/192 44/448/193 248/186/194 271/523/195
s 25
f 275/518/196 45/478/197 251/190/198 273/522/199
s off
f 274/192/200 46/193/201 255/194/202 276/521/203
s 26
f 282/505/204 62/197/205 279/198/206 278/519/207
s off
f 284/510/208 48/435/209 260/202/210 283/517/211
s 27
f 287/204/212 43/450/213 246/206/214 285/207/215
s off
f 286/208/216 44/448/217 272/516/218 288/209/219
s 10
f 289/210/220 52/211/221 183/212/222 290/213/223
s 28
f 291/214/224 51/215/225 265/513/226 292/217/227
s 29
f 295/218/228 47/437/229 258/220/230 293/221/231
s off
f 294/222/232 48/435/233 284/510/234 296/223/235
s 12
f 297/224/236 56/225/237 191/226/238 298/227/239
s 30
f 299/228/240 55/229/241 277/507/242 300/231/243
s 3
f 304/232/244 12/233/245 198/430/246 301/235/247
f 302/236/248 24/237/249 155/238/250 305/239/251
f 306/240/252 20/241/253 143/428/254 308/243/255
f 309/244/256 16/245/257 131/246/258 311/247/259
f 316/248/260 21/62/62 208/426/261 313/250/262
f 314/251/263 9/26/26 126/25/25 317/252/264
f 318/253/265 13/38/38 136/424/37 320/254/266
f 321/255/267 17/50/50 149/49/49 323/256/268
f 327/257/269 66/258/270 303/422/271 325/260/272
f 326/261/273 65/262/274 307/263/275 328/264/276
f 329/265/277 67/266/278 310/420/279 330/268/280
f 331/269/281 68/270/282 312/271/283 332/272/284
f 335/273/285 69/274/286 315/418/287 333/276/288
f 334/277/289 70/278/290 319/279/291 336/280/292
f 337/281/293 71/282/294 322/416/295 338/284/296
f 339/285/297 72/286/298 324/287/299 340/288/300
s off
f 344/289/301 14/480/302 129/291/303 341/292/304
s 3
f 342/293/305 15/46/306 145/414/45 345/294/307
f 346/295/308 19/471/58 151/55/309 348/296/310
f 349/297/311 18/475/54 134/410/312 351/299/313
f 355/300/314 81/301/315 343/302/316 353/303/317
f 354/304/318 82/305/319 347/406/320 356/307/321
f 357/308/322 83/309/323 350/310/324 358/311/325
f 359/312/326 84/313/327 352/403/328 360/315/329
f 363/316/330 90/74/74 205/400/331 361/318/332
f 363/316/330 25/112/113 159/319/333 364/320/334
f 365/321/335 26/322/336 163/323/337 366/324/338
f 367/325/339 27/326/340 166/327/341 368/328/342
f 371/329/343 94/330/344 195/397/345 370/332/346
f 373/333/347 95/334/348 109/335/349 372/336/350
f 375/337/351 96/338/352 105/339/353 374/340/354
f 362/341/355 89/342/356 100/343/357 376/344/358
s 1
f 98/3/3 2/6/6 99/5/5 97/4/4
s 3
f 99/5/359 96/338/352 100/343/357 97/4/360
f 100/343/357 89/342/356 101/1/361 97/4/360
s 1
f 103/7/7 3/10/10 104/9/9 102/8/362
s 3
f 104/9/363 95/334/348 105/339/353 102/8/364
f 105/339/353 96/338/352 99/5/359 102/8/364
s 1
f 107/11/11 4/98/365 108/97/366 106/12/12
s 3
f 108/97/367 94/330/344 109/335/349 106/12/368
f 109/335/349 95/334/348 104/9/363 106/12/368
f 111/15/15 6/18/18 112/17/17 110/16/16
f 112/17/17 10/30/30 113/27/27 110/16/16
f 113/27/27 9/26/26 114/13/13 110/16/16
f 116/19/19 7/22/22 117/21/21 115/20/20
f 117/21/21 11/34/34 118/31/31 115/20/20
f 118/31/31 10/30/30 112/17/17 115/20/20
f 120/23/23 8/102/102 121/101/101 119/24/24
f 121/101/101 12/233/245 122/35/35 119/24/24
f 122/35/35 11/34/34 117/21/21 119/24/24
f 113/27/27 10/30/30 124/29/29 123/28/28
f 124/29/29 14/290/369 125/39/39 123/28/28
f 125/39/39 13/38/38 126/25/25 123/28/28
f 118/31/31 11/34/34 128/33/33 127/32/32
f 128/33/33 15/477/46 129/476/370 127/32/32
f 129/476/370 14/290/369 124/29/29 127/32/32
f 122/35/35 12/233/245 131/246/258 130/36/36
f 131/246/258 16/245/257 132/47/47 130/36/36
f 132/47/47 15/477/46 128/33/33 130/36/36
f 125/39/39 14/290/369 134/408/312 133/474/40
f 134/409/312 18/54/54 135/51/51 133/40/40
f 135/51/51 17/50/50 136/37/37 133/40/40
f 138/43/43 86/345/371 139/346/372 137/473/44
f 139/404/372 87/347/373 140/348/374 137/44/44
f 140/348/374 88/349/375 141/41/41 137/44/44
f 132/47/47 16/245/257 143/242/254 142/472/48
f 143/428/254 20/241/253 144/59/59 142/48/48
f 144/59/59 19/58/58 145/412/45 142/48/48
f 135/51/51 18/54/54 147/53/53 146/52/52
f 147/53/53 22/66/66 148/63/63 146/52/52
f 148/63/63 21/62/62 149/49/49 146/52/52
f 151/470/55 19/58/58 152/57/57 150/56/56
f 152/57/57 23/70/70 153/67/67 150/56/56
f 153/67/67 22/66/66 147/53/53 150/56/56
f 144/59/59 20/241/253 155/238/250 154/60/60
f 155/238/250 24/237/249 156/71/71 154/60/60
f 156/71/71 23/70/70 152/57/57 154/60/60
f 148/63/63 22/66/66 158/65/65 157/64/64
f 158/65/65 26/322/336 159/319/333 157/64/64
f 159/319/333 25/112/113 160/61/61 157/64/64
f 153/67/67 23/70/70 162/69/69 161/68/68
f 162/69/69 27/326/340 163/323/337 161/68/68
f 163/323/337 26/322/336 158/65/65 161/68/68
f 156/71/71 24/237/249 165/350/376 164/72/72
f 165/350/376 28/351/377 166/327/341 164/72/72
f 166/327/341 27/326/340 162/69/69 164/72/72
f 168/75/75 91/78/78 169/77/77 167/76/76
s 1
f 169/77/378 30/90/90 170/120/379 167/76/380
f 170/120/379 29/109/381 171/73/382 167/76/380
s 3
f 173/79/79 92/82/82 174/81/81 172/80/80
s 1
f 174/81/383 31/129/384 175/91/91 172/80/385
f 175/91/91 30/90/90 169/77/378 172/80/386
s 3
f 177/83/83 93/352/387 178/353/388 176/84/84
s 1
f 178/353/389 32/133/390 179/130/391 176/84/392
f 179/130/391 31/129/384 174/81/383 176/84/392
s 10
f 181/87/87 50/354/393 182/355/394 180/88/88
f 182/355/394 51/215/395 183/212/222 180/88/88
f 183/212/222 52/211/221 184/85/85 180/88/88
s 1
f 175/91/91 31/129/384 186/138/146 185/469/92
f 186/458/146 3/10/10 103/7/7 185/92/92
f 103/7/7 2/6/6 187/89/89 185/92/92
s 12
f 189/95/95 54/356/396 190/357/397 188/96/96
f 190/357/397 55/229/398 191/226/238 188/96/96
f 191/226/238 56/225/237 192/93/93 188/96/96
s off
f 194/460/399 32/133/400 178/353/401 193/468/402
s 3
f 178/353/388 93/352/387 195/331/345 193/468/403
f 195/397/345 94/330/344 108/97/367 193/100/403
f 197/395/103 28/351/377 165/350/376 196/467/104
f 165/350/376 24/237/249 198/234/404 196/467/104
f 198/430/404 12/233/245 121/101/101 196/104/104
s 41
f 379/107/405 381/358/406 382/503/407 380/108/408
f 382/359/407 383/360/409 384/361/410 380/108/408
s 13
f 384/361/411 385/362/412 378/105/105 380/108/108
s off
f 204/462/413 1/2/414 101/1/415 203/466/416
s 3
f 101/1/361 89/342/356 205/317/331 203/466/417
f 205/400/331 90/74/74 171/73/73 203/111/417
f 207/398/114 5/14/14 114/13/13 206/465/115
f 114/13/13 9/26/26 208/249/418 206/465/115
f 208/426/418 21/62/62 160/61/61 206/114/115
s 42
f 388/117/419 390/363/420 391/364/421 389/118/422
f 391/364/421 392/365/423 393/366/424 389/118/422
s 14
f 393/366/425 394/367/426 386/115/116 389/118/119
s 15
f 170/120/122 30/90/427 214/122/428 213/121/123
f 214/122/428 34/145/429 215/142/430 213/121/123
f 215/142/430 33/141/431 216/119/120 213/121/123
s 1
f 187/89/89 2/6/6 218/124/126 217/463/432
f 218/124/126 35/149/433 219/146/434 217/463/432
f 219/454/435 34/145/436 214/122/124 217/123/125
f 98/3/127 1/2/437 221/126/438 220/125/128
f 221/126/438 36/153/439 222/150/440 220/125/128
f 222/150/440 35/149/441 218/124/126 220/125/128
s 43
f 204/110/442 29/109/443 216/119/444 223/461/445
f 216/119/444 33/141/446 224/154/447 223/461/445
s 17
f 224/447/448 36/153/449 221/126/129 223/127/132
s 18
f 179/130/135 32/133/450 226/132/451 225/131/136
f 226/132/451 38/161/452 227/158/453 225/131/136
f 227/158/453 37/157/454 228/128/133 225/131/136
s 44
f 194/99/455 4/98/456 230/135/457 229/459/458
f 230/135/457 39/165/459 231/162/460 229/459/458
s 19
f 231/441/461 38/161/462 226/132/137 229/134/140
s 1
f 107/11/143 3/10/10 233/137/145 232/136/144
f 233/137/145 40/169/463 234/166/464 232/136/144
f 234/166/464 39/165/465 230/135/141 232/136/144
f 186/138/146 31/129/384 228/128/466 235/457/467
f 228/128/466 37/157/468 236/170/469 235/457/467
f 236/434/470 40/169/471 233/137/145 235/139/147
s 21
f 215/142/150 34/145/153 238/144/152 237/143/151
f 238/144/152 42/456/472 239/455/473 237/143/151
f 239/455/473 41/173/474 240/140/148 237/143/151
f 219/146/154 35/149/157 242/148/156 241/453/155
f 242/148/156 43/205/475 243/451/476 241/453/155
f 243/452/476 42/456/472 238/144/152 241/147/155
f 222/150/158 36/153/161 245/152/160 244/151/159
f 245/152/160 44/185/477 246/449/478 244/151/159
f 246/449/478 43/205/475 242/148/156 244/151/159
f 224/154/162 33/141/149 240/140/148 247/446/163
f 240/140/148 41/173/474 248/444/479 247/446/163
f 248/445/479 44/185/477 245/152/160 247/155/163
s 22
f 227/158/166 38/161/169 250/160/168 249/159/167
f 250/160/168 46/443/480 251/442/481 249/159/167
f 251/442/481 45/189/482 252/156/164 249/159/167
f 231/162/170 39/165/173 254/164/172 253/440/171
f 254/164/172 47/219/483 255/438/484 253/440/171
f 255/439/484 46/443/480 250/160/168 253/163/171
f 234/166/174 40/169/177 257/168/176 256/167/175
f 257/168/176 48/201/485 258/436/486 256/167/175
f 258/436/486 47/219/483 254/164/172 256/167/175
f 236/170/178 37/157/165 252/156/164 259/433/179
f 252/156/164 45/189/482 260/431/487 259/433/179
f 260/432/487 48/201/485 257/168/176 259/171/179
s 23
f 239/174/182 42/177/488 262/176/489 261/528/183
s 45
f 262/526/490 50/354/491 181/87/492 261/175/493
f 181/87/492 49/86/494 263/172/495 261/175/493
s off
f 243/178/496 43/450/497 265/216/498 264/527/499
s 28
f 265/513/226 51/215/225 182/355/500 264/179/501
s off
f 182/355/502 50/354/503 262/526/504 264/179/505
s 24
f 267/182/190 57/368/506 268/369/507 266/525/191
s 46
f 268/514/508 59/370/509 269/371/510 266/183/511
f 269/371/510 60/372/512 270/180/513 266/183/511
s off
f 248/186/514 41/479/515 263/524/516 271/523/517
f 263/172/518 49/86/519 184/85/520 271/187/521
s 47
f 184/85/522 52/211/523 272/184/524 271/187/525
s 25
f 251/190/198 46/193/526 274/192/527 273/522/199
s 48
f 274/520/528 54/356/529 189/95/530 273/191/531
f 189/95/530 53/94/532 275/188/533 273/191/531
s off
f 255/194/534 47/437/535 277/230/536 276/521/537
s 30
f 277/507/242 55/229/241 190/357/538 276/195/539
s off
f 190/357/540 54/356/541 274/520/542 276/195/543
s 26
f 279/198/206 61/373/544 280/374/545 278/519/207
s 49
f 280/508/546 63/375/547 281/376/548 278/199/549
f 281/376/548 64/377/550 282/196/551 278/199/549
s off
f 260/202/552 45/478/553 275/518/554 283/517/555
f 275/188/556 53/94/557 192/93/558 283/203/559
s 50
f 192/93/560 56/225/561 284/200/562 283/203/563
s 27
f 246/206/214 44/448/564 286/208/565 285/207/215
s 51
f 286/208/566 57/368/567 267/182/568 285/207/569
f 267/182/568 58/181/570 287/204/571 285/207/569
s 47
f 272/184/524 52/211/523 289/210/572 288/515/573
s off
f 289/210/574 59/370/575 268/514/576 288/515/577
f 268/369/578 57/368/579 286/208/580 288/209/581
s 10
f 183/212/222 51/215/395 291/214/582 290/213/223
s 52
f 291/214/583 60/372/584 269/371/585 290/213/586
f 269/371/585 59/370/587 289/210/588 290/213/586
s off
f 265/216/589 43/450/590 287/204/591 292/512/592
f 287/204/593 58/181/594 270/511/595 292/512/596
f 270/180/597 60/372/598 291/214/599 292/217/600
s 29
f 258/220/230 48/435/601 294/222/602 293/221/231
s 53
f 294/222/603 61/373/604 279/198/605 293/221/606
f 279/198/605 62/197/607 295/218/608 293/221/606
s 50
f 284/200/562 56/225/561 297/224/609 296/509/610
s off
f 297/224/611 63/375/612 280/508/613 296/509/614
f 280/374/615 61/373/616 294/222/617 296/223/618
s 12
f 191/226/238 55/229/398 299/228/619 298/227/239
s 54
f 299/228/620 64/377/621 281/376/622 298/227/623
f 281/376/622 63/375/624 297/224/625 298/227/623
s off
f 277/230/626 47/437/627 295/218/628 300/506/629
f 295/218/630 62/197/631 282/505/632 300/506/633
f 282/196/634 64/377/635 299/228/636 300/231/637
s 3
f 198/234/246 24/237/249 302/236/248 301/429/247
f 302/236/248 65/262/274 303/259/271 301/429/247
f 303/422/271 66/258/270 304/232/244 301/235/247
f 155/238/250 20/241/253 306/240/252 305/239/251
f 306/240/252 67/266/278 307/263/275 305/239/251
f 307/263/275 65/262/274 302/236/248 305/239/251
f 143/242/254 16/245/257 309/244/256 308/427/255
f 309/244/256 68/270/282 310/267/279 308/427/255
f 310/420/279 67/266/278 306/240/252 308/243/255
f 131/246/258 12/233/245 304/232/244 311/247/259
f 304/232/244 66/258/270 312/271/283 311/247/259
f 312/271/283 68/270/282 309/244/256 311/247/259
f 208/249/261 9/26/26 314/251/263 313/425/262
f 314/251/263 70/278/290 315/275/287 313/425/262
f 315/418/287 69/274/286 316/248/260 313/250/262
f 126/25/25 13/38/38 318/253/265 317/252/264
f 318/253/265 71/282/294 319/279/291 317/252/264
f 319/279/291 70/278/290 314/251/263 317/252/264
f 136/37/37 17/50/50 321/255/267 320/423/266
f 321/255/267 72/286/298 322/283/295 320/423/266
f 322/416/295 71/282/294 318/253/265 320/254/266
f 149/49/49 21/62/62 316/248/260 323/256/268
f 316/248/260 69/274/286 324/287/299 323/256/268
f 324/287/299 72/286/298 321/255/267 323/256/268
f 303/259/271 65/262/274 326/261/273 325/421/272
f 326/261/273 73/497/638 199/498/639 325/421/272
f 199/499/639 74/500/640 327/257/269 325/260/272
f 307/263/275 67/266/278 329/265/277 328/264/276
f 329/265/277 75/495/641 200/496/642 328/264/276
f 200/496/642 73/497/638 326/261/273 328/264/276
f 310/267/279 68/270/282 331/269/281 330/419/280
f 331/269/281 76/492/643 201/493/644 330/419/280
f 201/494/644 75/495/641 329/265/277 330/268/280
f 312/271/283 66/258/270 327/257/269 332/272/284
f 327/257/269 74/500/640 202/491/645 332/272/284
f 202/491/645 76/492/643 331/269/281 332/272/284
f 315/275/287 70/278/290 334/277/289 333/417/288
f 334/277/289 78/490/646 209/488/647 333/417/288
f 209/489/647 77/482/648 335/273/285 333/276/288
f 319/279/291 71/282/294 337/281/293 336/280/292
f 337/281/293 79/487/649 210/486/650 336/280/292
f 210/486/650 78/490/646 334/277/289 336/280/292
f 322/283/295 72/286/298 339/285/297 338/415/296
f 339/285/297 80/485/651 211/483/652 338/415/296
f 211/484/652 79/487/649 337/281/293 338/284/296
f 324/287/299 69/274/286 335/273/285 340/288/300
f 335/273/285 77/482/648 212/481/653 340/288/300
f 212/481/653 80/485/651 339/285/297 340/288/300
s off
f 129/291/654 15/46/655 342/293/656 341/292/657
s 3
f 342/293/658 82/305/319 343/302/316 341/292/659
f 343/302/316 81/301/315 344/289/660 341/292/659
f 145/45/45 19/471/58 346/295/308 345/411/307
f 346/295/308 83/309/323 347/306/320 345/411/661
f 347/406/320 82/305/319 342/293/658 345/294/661
f 151/55/309 18/475/54 349/297/311 348/296/310
f 349/297/311 84/313/327 350/310/324 348/296/310
f 350/310/324 83/309/323 346/295/308 348/296/310
f 134/298/312 14/480/662 344/289/663 351/407/313
f 344/289/660 81/301/315 352/314/328 351/407/664
f 352/403/328 84/313/327 349/297/311 351/299/664
f 343/302/316 82/305/319 354/304/318 353/303/317
f 354/304/318 86/345/371 138/43/43 353/303/317
f 138/43/43 85/42/42 355/300/314 353/303/317
f 347/306/320 83/309/323 357/308/322 356/405/321
f 357/308/322 87/347/373 139/404/372 356/405/321
f 139/346/372 86/345/371 354/304/318 356/307/321
f 350/310/324 84/313/327 359/312/326 358/311/325
f 359/312/326 88/349/375 140/348/374 358/311/325
f 140/348/374 87/347/373 357/308/322 358/311/325
f 352/314/328 81/301/315 355/300/314 360/402/329
f 355/300/314 85/42/42 141/401/41 360/402/329
f 141/41/41 88/349/375 359/312/326 360/315/329
f 205/317/331 89/342/356 362/341/355 361/399/332
f 362/341/355 5/14/14 207/398/114 361/399/332
f 207/113/114 25/112/113 363/316/330 361/318/332
f 159/319/333 26/322/336 365/321/335 364/320/334
f 365/321/335 91/78/78 168/75/75 364/320/334
f 168/75/75 90/74/74 363/316/330 364/320/334
f 163/323/337 27/326/340 367/325/339 366/324/338
f 367/325/339 92/82/82 173/79/79 366/324/338
f 173/79/79 91/78/78 365/321/335 366/324/338
f 166/327/341 28/351/377 369/394/665 368/328/342
f 369/394/665 93/352/387 177/83/83 368/328/342
f 177/83/83 92/82/82 367/325/339 368/328/342
f 195/331/345 93/352/387 369/394/665 370/396/346
f 369/394/665 28/351/377 197/395/103 370/396/346
f 197/103/103 8/102/102 371/329/343 370/332/346
f 109/335/349 94/330/344 371/329/343 372/336/350
f 371/329/343 8/102/102 120/23/23 372/336/350
f 120/23/23 7/22/22 373/333/347 372/336/350
f 105/339/353 95/334/348 373/333/347 374/340/354
f 373/333/347 7/22/22 116/19/19 374/340/354
f 116/19/19 6/18/18 375/337/351 374/340/354
f 100/343/357 96/338/352 375/337/351 376/344/358
f 375/337/351 6/18/18 111/15/15 376/344/358
f 111/15/15 5/14/14 362/341/355 376/344/358
s 55
f 202/385/666 74/380/667 377/106/668 378/105/669
s off
f 74/380/670 199/379/671 379/107/672 377/106/673
f 199/379/674 73/378/675 381/358/676 379/107/677
s 56
f 73/378/678 200/504/679 382/503/680 381/358/681
f 200/382/679 75/381/682 383/360/683 382/359/680
s off
f 75/381/684 201/384/685 384/361/686 383/360/687
f 201/384/688 76/383/689 385/362/690 384/361/691
s 55
f 76/383/692 202/385/666 378/105/669 385/362/693
s 57
f 212/393/694 77/388/695 387/116/696 386/501/697
s off
f 77/388/698 209/387/699 388/117/700 387/116/701
f 209/387/702 78/386/703 390/363/704 388/117/705
s 58
f 78/386/706 210/390/707 391/364/708 390/363/709
f 210/390/707 79/389/710 392/365/711 391/364/708
s off
f 79/389/712 211/392/713 393/366/714 392/365/715
f 211/392/716 80/391/717 394/367/718 393/366/719
s 57
f 80/391/720 212/502/694 386/115/697 394/367/721
