# This file uses centimeters as units for non-parametric coordinates.

mtllib roll_frame24.mtl
g default
v -23.207863 38.364906 38.903587
v -12.386162 37.463760 30.549482
v -5.432421 32.366352 21.084976
v 1.506245 28.267391 9.142152
v -19.302279 58.120285 39.323753
v -4.632740 54.687222 37.508331
v 8.300362 55.237175 24.857098
v 10.015401 59.172333 10.391376
v -16.178530 79.365952 41.140808
v -5.038071 70.346184 41.770271
v 8.875846 73.106094 36.234657
v 15.470131 85.284645 30.544746
v -19.825121 82.545189 50.054817
v -2.516517 87.743904 52.038620
v 8.057085 89.583176 48.170815
v 21.623070 88.657242 37.281063
v -22.134096 91.823944 43.921299
v -8.181594 96.933441 46.995892
v 5.824408 99.611534 41.544056
v 19.920174 98.527206 34.190044
v -17.815895 86.349586 37.276245
v -13.385776 89.317764 30.235090
v 0.524653 92.074852 24.694269
v 13.096352 93.120766 28.504654
v -27.878569 62.694408 31.104412
v -21.154734 64.818550 19.011570
v -10.358528 65.129539 8.707603
v 1.269677 63.910110 1.952400
v -25.317245 29.979521 33.286366
v -14.555445 30.390879 27.373810
v -15.548335 29.801693 14.850445
v -9.349739 30.079254 1.913677
v -5.329041 23.579533 61.606682
v 1.367971 24.885101 58.473721
v 0.716749 33.782078 63.511684
v -5.912131 32.063091 66.797760
v -19.024885 -0.504232 16.381165
v -15.296901 -2.421520 9.782897
v -6.507221 -4.956664 15.597999
v -10.311453 -3.063728 22.159737
v -10.282393 7.554361 35.489838
v -2.909819 7.431527 35.117702
v -2.831301 6.328667 45.467529
v -10.185864 6.104488 45.474419
v -30.740849 22.049965 0.511637
v -26.934771 18.308573 -4.309104
v -32.188004 7.611016 1.453945
v -35.856941 12.067201 5.939986
v -10.779362 1.235795 33.971619
v -1.950800 1.410215 33.972008
v -0.584015 1.552886 48.824673
v -12.365192 1.119674 48.600433
v -34.449169 23.624067 -3.839526
v -29.821276 18.234543 -8.983587
v -34.782028 5.022962 -0.920983
v -40.173706 11.895373 6.552793
v -11.648135 5.767711 64.299400
v -2.367783 6.123128 64.532753
v -11.510651 2.218555 64.203682
v -2.230382 2.573762 64.438133
v -50.254639 2.324774 8.821584
v -46.953777 -2.428722 1.542298
v -50.433411 4.973673 6.905708
v -47.064323 0.366722 -0.397018
v 18.339931 95.379829 6.079716
v 17.304987 88.247467 12.351976
v 28.394606 97.395241 9.372152
v 27.672754 89.527184 14.619424
v -35.912678 71.638512 25.620346
v -29.623928 69.990936 32.651543
v -36.773903 75.248116 38.567333
v -41.827152 78.462204 31.308447
v 25.656769 67.376770 -3.994290
v 23.736813 63.540768 4.785052
v 29.225834 67.993187 -2.944472
v 27.305868 64.156212 5.835768
v -43.374542 47.776413 43.297497
v -35.530533 49.389740 48.898392
v -37.561981 51.701694 51.077465
v -45.405991 50.088367 45.476574
v -5.005865 96.084160 62.831184
v 10.295129 93.945045 60.589622
v 12.194889 102.317619 46.907410
v -8.811215 105.219513 49.596107
v 0.218374 115.465912 72.370117
v 14.625093 112.288910 70.570908
v 14.929717 123.305397 56.425213
v 1.196052 126.333969 58.140369
v -21.335995 41.438839 37.813099
v -29.026470 40.166523 30.717928
v -22.546934 40.165127 19.677961
v -16.311876 41.146931 9.714533
v -6.567997 39.248592 0.768661
v 3.939112 37.449928 8.528787
v -0.072719 38.264248 20.656542
v -9.561910 40.189072 32.049553
v -17.845490 40.027813 35.015018
v -18.112206 39.710552 36.444084
v -11.669316 38.547535 30.922840
v -15.786242 41.390957 35.974159
v -23.357010 39.209743 37.220287
v -6.267944 36.355972 26.018009
v -7.582062 34.621586 26.648212
v -1.992068 34.280544 20.574680
v -4.485073 38.876820 26.536200
v 1.456379 33.408123 14.671647
v -0.128114 29.211580 14.909613
v 2.792252 32.787258 8.639095
v 3.117578 37.705963 14.435848
v -13.728863 64.688728 39.129120
v -12.791574 56.194733 39.686195
v -6.470018 62.635345 37.777988
v -12.767419 72.963165 42.276958
v -19.359987 67.595871 38.352242
v 1.399034 62.933395 32.558113
v 2.385399 54.630943 31.714205
v 9.309952 65.260658 28.106712
v 1.527901 72.778061 38.429588
v 12.781843 69.114479 22.171673
v 10.430277 57.139568 16.859941
v 14.515451 73.195259 17.138401
v 14.355792 78.127953 31.600971
v -10.465387 79.060143 49.190498
v -2.784658 80.202873 49.716263
v -11.030878 85.235489 54.763088
v -18.613632 79.008018 45.779423
v 3.201649 80.900017 46.779415
v 9.398588 82.596878 44.864853
v 2.723497 88.975601 53.490536
v 14.814305 83.840256 40.112148
v 19.161161 85.442329 33.640930
v 16.284533 90.105759 45.096554
v -12.917396 91.543594 53.407227
v -4.938347 93.920784 51.300053
v -16.190964 96.007027 48.736561
v -21.322464 87.560631 47.595669
v 8.783177 119.725494 72.045517
v 7.424248 113.682663 71.834518
v 16.476412 117.929810 66.344582
v 8.214019 126.308563 55.863953
v -0.973833 121.769585 68.539635
v 15.101087 96.313385 43.837418
v 21.164721 93.713882 35.943943
v 14.144305 101.051498 39.349812
v 7.474121 95.705795 47.167828
v -16.183544 93.860001 41.282784
v -10.548697 95.981514 40.425835
v -18.571114 88.223495 33.276909
v -20.495193 90.256615 38.739285
v -3.660516 97.303871 37.641331
v -0.535831 100.297287 45.386280
v 3.340846 98.730202 34.924252
v -6.481866 90.643349 27.407064
v 10.513618 98.819618 32.745159
v 16.466185 98.089767 30.933792
v 8.177462 93.432281 23.323975
v -22.588308 77.833595 26.608793
v -16.940742 79.385078 21.720028
v -26.180519 64.017151 25.105402
v -24.886086 75.399605 30.965206
v -10.502871 80.532089 17.868088
v -4.296218 81.161606 14.217813
v -15.695214 65.221954 13.645238
v 2.571710 81.884254 11.067756
v 8.903877 81.295074 10.301488
v -4.623146 64.922630 3.919215
v -25.192560 34.189217 26.042046
v -26.971748 39.881516 25.133064
v -21.017090 35.278618 20.804434
v -21.996283 29.711103 28.593609
v -27.891886 34.213818 31.083010
v -18.634193 36.625301 15.910645
v -19.444342 41.061600 14.823092
v -16.785063 36.831558 10.484008
v -17.410265 32.632870 17.863979
v -13.016991 35.913681 4.495572
v -11.924503 40.279087 3.923173
v -7.881927 34.618351 1.167874
v -14.303253 31.563299 5.428787
v -6.382374 1.155475 39.981892
v -6.391809 1.489406 31.519442
v -0.507299 1.281519 39.959202
v -6.473533 1.378946 48.723934
v -12.294873 0.953967 39.878067
v -8.438482 34.396782 27.439596
v -13.584920 19.972212 18.741495
v -7.071797 32.210682 39.604748
v -34.034744 15.075408 -2.054971
v -31.088352 22.793650 -7.541399
v -31.449245 11.994118 -6.078791
v -37.276802 8.292289 3.134669
v -37.359024 19.037769 0.757902
v -2.018617 33.517559 3.513469
v -3.485927 28.951925 4.204686
v -0.684222 38.205379 3.178728
v 13.142796 77.409317 12.169138
v 6.811522 61.666271 4.534293
v 13.978125 89.851196 28.367519
v 23.938944 65.278831 0.302373
v 27.295151 68.001808 -4.424307
v 28.303474 66.032639 1.586173
v 24.947283 63.310276 6.312232
v -26.791882 36.191536 34.948162
v -25.312061 33.541214 36.811348
v -26.537611 40.732788 35.225487
v -24.061214 71.078552 34.712753
v -25.325914 60.501595 36.558434
v -17.354834 81.927391 37.245682
v -38.927662 48.131744 45.729076
v -35.373634 50.531815 50.486053
v -41.411877 50.958981 48.393822
v -44.965904 48.558910 43.636845
v -11.097192 24.087421 43.516731
v -7.086600 26.748196 43.019936
v -1.771686 23.556355 59.459339
v -14.555263 24.747719 47.698250
v -5.891270 32.826447 44.394146
v -7.493871 38.267879 47.933586
v 2.363410 29.698511 60.712376
v -11.706013 39.551537 50.057896
v -15.199852 36.487686 52.515366
v -2.601732 34.995384 66.042542
v -16.010197 30.345123 50.632702
v -6.570569 27.684904 64.926125
v -16.987707 16.026136 8.606694
v -13.064118 13.611709 5.641303
v -18.014078 -1.194550 12.705575
v -17.662615 15.903014 13.577198
v -6.976517 12.563744 8.017218
v -2.146128 11.842116 12.481932
v -10.241473 -4.203680 11.988010
v -2.713020 13.718612 17.558266
v -6.743522 14.135698 20.419191
v -6.772187 -4.388576 20.128584
v -13.001029 15.562052 18.413021
v -15.154987 -1.598244 20.557333
v -4.605996 23.287794 46.129738
v -0.362573 21.989965 47.263870
v -6.663573 7.959526 33.400871
v -8.444118 22.195845 48.694454
v 1.623387 17.743135 51.436779
v 0.767922 13.934609 56.388512
v -1.605025 6.527248 39.749115
v -3.062790 12.343153 58.386139
v -7.239377 13.988253 57.950035
v -6.607527 6.517510 48.661201
v -9.104777 17.924660 53.541531
v -11.416965 6.359210 40.049442
v -17.388067 12.170972 8.954171
v -16.400141 9.356870 5.276255
v -27.851349 21.785231 -2.568233
v -20.396656 11.417123 12.405559
v -19.941738 4.227975 3.417664
v -24.372934 -0.351285 3.937402
v -28.889622 12.956283 -2.955022
v -27.800056 -0.381721 7.229393
v -28.281363 1.957671 11.124252
v -35.564507 6.801966 5.668570
v -25.103384 7.060233 12.793143
v -33.801605 18.093636 3.279719
v -6.502145 4.572630 31.666290
v -2.054964 4.378551 34.011059
v -10.879238 4.257804 34.115833
v -0.581665 4.004959 39.901550
v -0.667660 4.302460 48.842262
v -7.048742 5.610550 66.529556
v -7.045678 6.916094 64.442902
v -12.940925 5.386321 66.380615
v -6.832904 1.423333 64.294762
v -1.156562 5.834779 66.678497
v -12.358661 3.692257 39.926968
v -12.445437 3.858434 48.627476
v -29.193546 22.843649 -5.497591
v -28.002592 18.385990 -7.163879
v -32.617294 23.543320 -1.853019
v -29.958548 12.044376 -4.674010
v -33.810265 4.026627 0.676280
v -50.503273 -0.288888 4.515361
v -48.514343 -0.804830 5.766511
v -52.648239 2.725101 9.088896
v -48.754856 3.381157 2.783377
v -48.458221 -3.240475 -0.201513
v -35.868877 18.861420 2.321482
v -39.243156 11.006302 8.030826
v -6.847881 7.080686 56.672909
v -12.059719 6.920526 56.566078
v -1.641721 7.279294 56.791595
v -12.644213 4.208200 56.512177
v -12.538531 1.397062 56.469135
v -6.644531 1.595253 56.592136
v -0.752894 1.819580 56.738609
v -0.856389 4.619911 56.771984
v -41.388138 1.455079 7.506427
v -43.407684 4.529152 11.149911
v -39.450298 -1.536418 3.737943
v -44.165058 6.448529 10.125733
v -44.618225 8.116012 8.564639
v -42.153526 4.918636 4.441298
v -39.787422 1.786082 0.184165
v -39.478851 -0.101400 1.736090
v 15.270197 92.342949 18.793600
v 16.055403 96.999977 19.261368
v 16.376457 91.335579 8.474914
v 17.093645 87.983383 19.075558
v 19.886446 98.332932 20.274794
v 24.602388 97.700287 21.452820
v 22.993399 97.316681 7.185949
v 25.699997 93.243004 21.640753
v 25.528568 88.680077 21.422026
v 28.929184 93.235580 11.624904
v 21.129250 87.369102 20.186106
v 21.926405 88.137306 14.197764
v -25.230974 76.271164 32.767563
v -25.877237 73.514793 36.560184
v -32.193531 69.406761 28.297939
v -26.352957 80.339508 30.658611
v -28.546446 74.664711 39.783432
v -31.674297 77.602821 42.229084
v -32.086929 72.387520 36.135082
v -32.357704 81.402481 39.738800
v -32.206291 84.539688 36.211983
v -40.250732 76.749313 35.349693
v -29.120785 83.046638 32.517578
v -38.959522 75.429962 27.397970
v 17.669060 81.974495 5.499564
v 20.253506 84.677895 1.409417
v 18.359245 80.180298 10.442148
v 24.416010 86.137367 1.634938
v 29.479681 86.562141 4.036877
v 28.989786 84.098900 8.666162
v 27.625555 81.805893 13.081995
v 22.146938 80.410484 12.626850
v -33.723866 61.212898 33.621471
v -30.660864 63.021835 37.580509
v -38.749088 61.743774 31.337790
v -32.064297 65.781212 40.643318
v -36.139915 68.955299 43.004707
v -40.500713 68.622299 39.945377
v -44.203953 68.061562 36.301304
v -41.897549 64.492348 32.739388
v 2.833480 86.561432 58.633965
v 8.216767 93.525597 52.438595
v 2.807390 93.129822 63.903130
v -3.714397 92.989365 55.398785
v 9.836611 96.213074 49.467213
v 6.331469 100.082047 46.629627
v 13.914768 97.838326 53.374672
v 0.124325 102.300270 46.419518
v -5.553391 99.435249 49.658737
v 1.592814 104.252747 47.744926
v -6.871636 95.533752 53.614353
v -9.640568 101.004585 56.760052
v 5.480242 105.377022 70.775978
v 16.301081 105.908943 67.742714
v -4.563124 110.509956 70.348389
v 17.900473 110.576187 59.428249
v 16.046967 114.379295 51.576855
v 5.657073 117.543983 50.866131
v -4.623470 118.937584 54.158325
v -5.986645 115.843819 62.411442
v -24.510355 52.292000 37.388702
v -17.975161 51.176678 40.055149
v -28.090933 53.063393 32.160141
v -27.021902 53.200447 25.953920
v -22.838812 52.549850 19.799963
v -18.550413 52.683468 14.185975
v -14.456062 51.549320 8.838817
v -9.601839 50.982491 3.198673
v -4.070285 49.918015 0.399114
v 1.880515 48.821991 2.773306
v 6.198644 47.915054 8.407649
v 6.743248 48.242386 14.747005
v 4.679569 47.820271 20.836193
v -0.581615 49.499397 28.377808
v -6.530756 49.250145 35.512249
v -11.859719 50.570198 38.975933
v 27.008635 50.680492 0.407221
v 28.380823 50.441227 2.080503
v 27.576040 52.626431 -4.352303
v 29.703342 52.993832 -3.726572
v 29.090626 54.841274 -9.113985
v 30.926844 55.529350 -9.562769
v 33.107414 55.535019 -7.932472
v 32.109856 53.409470 -3.018708
v 31.025423 51.374237 1.588734
v -48.870621 37.680302 51.483147
v -47.111061 36.793179 51.078789
v -42.487099 37.404057 53.928165
v -43.669746 38.750011 55.196762
v -38.605091 38.542656 57.152344
v -38.468868 39.819714 58.910366
v -40.891380 41.144650 59.604778
v -45.067665 40.340961 56.696262
v -49.397346 39.395157 53.531219
vt 0.208431 0.494797
vt 0.208575 0.478116
vt 0.229443 0.475893
vt 0.229271 0.493426
vt 0.252729 0.492198
vt 0.256170 0.471571
vt 0.275357 0.475888
vt 0.275429 0.493819
vt 0.298111 0.492176
vt 0.294163 0.471736
vt 0.321331 0.475953
vt 0.321541 0.493432
vt 0.198757 0.641525
vt 0.200055 0.589825
vt 0.221664 0.590600
vt 0.219751 0.640956
vt 0.244967 0.639373
vt 0.247968 0.591507
vt 0.275466 0.591669
vt 0.275481 0.635804
vt 0.305994 0.639365
vt 0.302966 0.591494
vt 0.329276 0.590573
vt 0.331197 0.640955
vt 0.199789 0.728809
vt 0.197393 0.704590
vt 0.219517 0.692482
vt 0.227784 0.730211
vt 0.252859 0.733034
vt 0.249003 0.687406
vt 0.275511 0.688085
vt 0.275516 0.730408
vt 0.298175 0.733010
vt 0.302021 0.687396
vt 0.331536 0.692451
vt 0.323246 0.730162
vt 0.805511 0.686057
vt 0.204711 0.752714
vt 0.229559 0.760254
vt 0.782889 0.696424
vt 0.784986 0.875584
vt 0.254181 0.941082
vt 0.275435 0.940431
vt 0.742298 0.896742
vt 0.699334 0.736241
vt 0.297037 0.807427
vt 0.321459 0.760204
vt 0.696358 0.696343
vt 0.808954 0.641287
vt 0.805193 0.664541
vt 0.784300 0.671779
vt 0.785729 0.644267
vt 0.763331 0.647822
vt 0.762442 0.673765
vt 0.742276 0.741120
vt 0.739609 0.647377
vt 0.715889 0.647774
vt 0.716786 0.673709
vt 0.694936 0.671695
vt 0.693494 0.644181
vt 0.806875 0.557726
vt 0.810121 0.617205
vt 0.790367 0.607046
vt 0.787575 0.557696
vt 0.763367 0.556090
vt 0.764746 0.603486
vt 0.739627 0.603152
vt 0.739688 0.556093
vt 0.716014 0.556064
vt 0.714496 0.603455
vt 0.688836 0.606971
vt 0.691820 0.557642
vt 0.803405 0.420481
vt 0.802841 0.435733
vt 0.782960 0.432290
vt 0.783371 0.416064
vt 0.759505 0.410786
vt 0.759570 0.428509
vt 0.739756 0.426992
vt 0.739743 0.409699
vt 0.720007 0.410786
vt 0.719946 0.428500
vt 0.696571 0.432245
vt 0.696182 0.416016
vt 0.819305 0.093413
vt 0.797386 0.086157
vt 0.790779 0.072322
vt 0.822344 0.073237
vt 0.265809 0.416173
vt 0.762697 0.377789
vt 0.739788 0.389948
vt 0.275377 0.462947
vt 0.364323 0.097210
vt 0.342669 0.089884
vt 0.336664 0.075169
vt 0.367299 0.076188
vt 0.342559 0.494848
vt 0.342402 0.478170
vt 0.366070 0.480227
vt 0.366198 0.495669
vt 0.352247 0.641476
vt 0.350872 0.589816
vt 0.374237 0.588973
vt 0.374011 0.638442
vt 0.936729 0.462892
vt 0.940585 0.464321
vt 0.946953 0.476690
vt 0.936605 0.482861
vt 0.804780 0.405462
vt 0.824266 0.410023
vt 0.823186 0.423812
vt 0.805355 0.509178
vt 0.825584 0.509339
vt 0.825621 0.554997
vt 0.118742 0.522844
vt 0.058006 0.517789
vt 0.074507 0.510871
vt 0.084702 0.516921
vt 0.822269 0.350445
vt 0.784755 0.399833
vt 0.805305 0.347137
vt 0.793942 0.336256
vt 0.777469 0.322538
vt 0.236211 0.409364
vt 0.220899 0.415267
vt 0.203041 0.415110
vt 0.182178 0.419746
vt 0.685950 0.336155
vt 0.717407 0.377787
vt 0.694840 0.399772
vt 0.674409 0.347030
vt 0.657366 0.350391
vt 0.674734 0.405426
vt 0.637625 0.358046
vt 0.347747 0.415166
vt 0.329799 0.415381
vt 0.314324 0.409429
vt 0.706215 0.336018
vt 0.292514 0.404556
vt 0.870618 0.237836
vt 0.844433 0.293934
vt 0.832214 0.287148
vt 0.858351 0.228645
vt 0.844944 0.223065
vt 0.821107 0.280742
vt 0.243727 0.342391
vt 0.826584 0.212775
vt 0.214622 0.282882
vt 0.224361 0.346790
vt 0.210147 0.349538
vt 0.199596 0.284960
vt 0.184434 0.288656
vt 0.194986 0.352422
vt 0.864110 0.304875
vt 0.163133 0.290367
vt 0.634803 0.222910
vt 0.658751 0.280554
vt 0.647480 0.287052
vt 0.621343 0.228556
vt 0.609012 0.237734
vt 0.635143 0.293889
vt 0.375465 0.356065
vt 0.590820 0.249121
vt 0.366326 0.288752
vt 0.355651 0.352469
vt 0.340563 0.349608
vt 0.351134 0.285011
vt 0.336042 0.282967
vt 0.326383 0.346874
vt 0.678330 0.268182
vt 0.315081 0.275917
vt 0.789900 0.091626
vt 0.894734 0.181072
vt 0.223763 0.023658
vt 0.779683 0.072008
vt 0.205625 0.023651
vt 0.212375 0.030485
vt 0.208733 0.046428
vt 0.818124 0.043214
vt 0.919973 0.054113
vt 0.218394 0.124576
vt 0.231547 0.124829
vt 0.925982 0.076298
vt 0.853028 0.105343
vt 0.173602 0.224408
vt 0.245023 0.044913
vt 0.815784 0.102925
vt 0.335499 0.095534
vt 0.609223 0.166963
vt 0.147562 0.023794
vt 0.325939 0.074804
vt 0.129108 0.019171
vt 0.133886 0.026698
vt 0.125138 0.040618
vt 0.363323 0.044920
vt 0.461211 0.056389
vt 0.114656 0.083148
vt 0.128082 0.110700
vt 0.466974 0.079440
vt 0.396801 0.109583
vt 0.345740 0.218419
vt 0.158805 0.046562
vt 0.361009 0.107136
vt 0.212264 0.093809
vt 0.204982 0.218327
vt 0.226791 0.056935
vt 0.229179 0.093286
vt 0.246067 0.092223
vt 0.255137 0.092099
vt 0.884191 0.095549
vt 0.853655 0.095653
vt 0.854753 0.074189
vt 0.884265 0.075061
vt 0.885799 0.054616
vt 0.855335 0.052709
vt 0.203340 0.068369
vt 0.888472 0.044995
vt 0.116537 0.064410
vt 0.377147 0.224500
vt 0.136900 0.057215
vt 0.135301 0.068971
vt 0.159593 0.072808
vt 0.169578 0.075371
vt 0.426769 0.099419
vt 0.397393 0.099512
vt 0.398467 0.077209
vt 0.426850 0.078134
vt 0.428347 0.056895
vt 0.399054 0.054890
vt 0.111199 0.052142
vt 0.430928 0.046902
vt 0.398347 0.732496
vt 0.353774 0.704759
vt 0.655189 0.607952
vt 0.404645 0.715309
vt 0.625247 0.642548
vt 0.669008 0.617360
vt 0.670290 0.641156
vt 0.629866 0.657272
vt 0.633967 0.675274
vt 0.674058 0.664432
vt 0.345812 0.774768
vt 0.637449 0.692485
vt 0.387906 0.765553
vt 0.346295 0.752641
vt 0.351218 0.728717
vt 0.392980 0.747350
vt 0.854032 0.642643
vt 0.181252 0.694641
vt 0.859345 0.625630
vt 0.152631 0.732602
vt 0.157999 0.747449
vt 0.163074 0.765647
vt 0.167481 0.783084
vt 0.845329 0.675366
vt 0.849419 0.657366
vt 0.462802 0.754848
vt 0.433121 0.744888
vt 0.586158 0.633072
vt 0.469035 0.736153
vt 0.562716 0.661102
vt 0.591598 0.653084
vt 0.596668 0.669873
vt 0.567525 0.676181
vt 0.573571 0.695803
vt 0.602326 0.689166
vt 0.414557 0.801264
vt 0.575415 0.714705
vt 0.450039 0.789809
vt 0.420413 0.781867
vt 0.427222 0.762131
vt 0.457315 0.770152
vt 0.916571 0.661069
vt 0.887682 0.653104
vt 0.112049 0.724515
vt 0.922852 0.642462
vt 0.088177 0.754903
vt 0.117860 0.744959
vt 0.123753 0.762207
vt 0.093657 0.770210
vt 0.100926 0.789871
vt 0.130556 0.781946
vt 0.872833 0.708772
vt 0.104321 0.808576
vt 0.905760 0.695791
vt 0.876995 0.689207
vt 0.882631 0.669903
vt 0.911782 0.676158
vt 0.245118 0.820265
vt 0.256063 0.761423
vt 0.275458 0.816348
vt 0.275456 0.817082
vt 0.305796 0.819611
vt 0.322444 0.827635
vt 0.716707 0.746651
vt 0.742277 0.751635
vt 0.767846 0.746640
vt 0.232576 0.815700
vt 0.789238 0.746868
vt 0.242805 0.909093
vt 0.242913 0.847487
vt 0.275453 0.850080
vt 0.275444 0.899369
vt 0.308078 0.909112
vt 0.307992 0.847504
vt 0.685718 0.768892
vt 0.335635 0.923345
vt 0.710517 0.826756
vt 0.709025 0.772272
vt 0.742280 0.767854
vt 0.742288 0.823907
vt 0.774059 0.826743
vt 0.775535 0.772258
vt 0.216918 0.852154
vt 0.800161 0.835727
vt 0.803587 0.472219
vt 0.184266 0.511368
vt 0.823748 0.473030
vt 0.786007 0.508646
vt 0.783967 0.470951
vt 0.760849 0.468488
vt 0.762764 0.507838
vt 0.739729 0.507585
vt 0.739749 0.469813
vt 0.718652 0.468468
vt 0.716699 0.507812
vt 0.693463 0.508589
vt 0.695538 0.470900
vt 0.347089 0.550471
vt 0.343449 0.511536
vt 0.656251 0.437958
vt 0.370672 0.549455
vt 0.305626 0.550928
vt 0.300328 0.509969
vt 0.323635 0.511057
vt 0.326613 0.553291
vt 0.245263 0.550946
vt 0.250519 0.509979
vt 0.275426 0.509223
vt 0.275447 0.553833
vt 0.203857 0.550446
vt 0.207534 0.511493
vt 0.227207 0.511082
vt 0.224277 0.553331
vt 0.296688 0.941095
vt 0.317831 0.963343
vt 0.722395 0.859395
vt 0.742293 0.859091
vt 0.762190 0.859387
vt 0.672412 0.557619
vt 0.673996 0.509116
vt 0.676597 0.435714
vt 0.676064 0.420456
vt 0.798456 0.058765
vt 0.820876 0.052919
vt 0.343747 0.061021
vt 0.365907 0.055032
vt 0.963235 0.483911
vt 0.902883 0.489040
vt 0.909072 0.482168
vt 0.925033 0.475729
vt 0.931354 0.463643
vt 0.080884 0.498420
vt 0.084741 0.496992
vt 0.090126 0.497750
vt 0.096539 0.509638
vt 0.112499 0.516024
vt 0.245369 0.109349
vt 0.249130 0.116712
vt 0.914174 0.091435
vt 0.914507 0.075957
vt 0.915392 0.060496
vt 0.143488 0.116794
vt 0.145270 0.126440
vt 0.455609 0.095160
vt 0.455938 0.079081
vt 0.456800 0.063019
vt 0.982240 0.434188
vt 0.963585 0.427947
vt 0.946509 0.423110
vt 0.890921 0.433118
vt 0.882130 0.436526
vt 0.926679 0.423006
vt 0.909612 0.427375
vt 0.937930 0.422313
vt 0.075163 0.457134
vt 0.058225 0.461798
vt 0.039557 0.467684
vt 0.094859 0.456979
vt 0.083682 0.456346
vt 0.130564 0.466891
vt 0.111877 0.461251
vt 0.033116 0.470128
vt 0.675805 0.472192
vt 0.653419 0.509254
vt 0.655248 0.472962
vt 0.367019 0.511392
vt 0.176921 0.588998
vt 0.180547 0.549455
vt 0.822760 0.437993
vt 0.233028 0.963316
vt 0.215241 0.923308
vt 0.798841 0.768868
vt 0.699605 0.875602
vt 0.684417 0.835751
vt 0.333987 0.852188
vt 0.228471 0.827609
vt 0.254212 0.785439
vt 0.759269 0.697501
vt 0.785216 0.736222
vt 0.695315 0.746888
vt 0.719972 0.697428
vt 0.296799 0.785396
vt 0.318344 0.815723
vt 0.903939 0.714697
vt 0.136407 0.801345
vt 0.081951 0.736203
vt 0.893090 0.633076
vt 0.446638 0.808511
vt 0.606509 0.708725
vt 0.556410 0.642507
vt 0.438944 0.724452
vt 0.841861 0.692578
vt 0.205190 0.774839
vt 0.146366 0.715395
vt 0.823906 0.608060
vt 0.383498 0.782992
vt 0.673752 0.685953
vt 0.619881 0.625562
vt 0.369876 0.694574
vt 0.624476 0.158216
vt 0.327082 0.211968
vt 0.653476 0.212425
vt 0.306569 0.342322
vt 0.153133 0.050558
vt 0.361352 0.222428
vt 0.125968 0.045756
vt 0.396618 0.225899
vt 0.569871 0.190223
vt 0.388031 0.290471
vt 0.615162 0.304972
vt 0.596954 0.173816
vt 0.584932 0.180968
vt 0.909456 0.190131
vt 0.154402 0.225852
vt 0.888489 0.249012
vt 0.175675 0.355943
vt 0.241882 0.047343
vt 0.189385 0.222364
vt 0.213528 0.046751
vt 0.223402 0.212053
vt 0.855547 0.158550
vt 0.235225 0.276013
vt 0.801766 0.268578
vt 0.882733 0.173912
vt 0.870470 0.167071
vt 0.702590 0.322102
vt 0.284431 0.416033
vt 0.369025 0.419829
vt 0.654789 0.409992
vt 0.841623 0.358035
vt 0.185243 0.480200
vt 0.257695 0.404697
vt 0.773758 0.336466
vt 0.177136 0.638471
vt 0.185108 0.495641
vt 0.653403 0.554919
vt 0.655840 0.423782
vt 0.740026 0.329135
vt 0.739609 0.679991
vt 0.717946 0.727940
vt 0.321543 0.784229
vt 0.275425 0.981496
vt 0.229466 0.784279
vt 0.766602 0.727930
vt 0.275513 0.766895
vt 0.294962 0.761394
vt 0.158494 0.031032
vt 0.235614 0.029385
vt 0.253884 0.807420
vt 0.968218 0.693073
vt 0.970279 0.686813
vt 0.964692 0.720144
vt 0.041234 0.817480
vt 0.965692 0.701614
vt 0.035620 0.790589
vt 0.038855 0.799577
vt 0.026837 0.766821
vt 0.976742 0.669618
vt 0.033170 0.783659
vt 0.515345 0.790561
vt 0.512107 0.799546
vt 0.509721 0.817448
vt 0.514670 0.720260
vt 0.513647 0.701731
vt 0.511110 0.693195
vt 0.509040 0.686939
vt 0.502555 0.669755
vt 0.524137 0.766797
vt 0.517798 0.783632
vt 0.052820 0.522857
vt 0.139366 0.470253
vt 0.968347 0.489050
vt 0.988625 0.436785
vt 0.108883 0.091107
vt 0.106409 0.062482
vt 0.399209 0.044805
vt 0.459518 0.102060
vt 0.428604 0.109556
vt 0.167704 0.057128
vt 0.215342 0.132259
vt 0.203222 0.094543
vt 0.855471 0.043005
vt 0.918242 0.098075
vt 0.886101 0.105305
vt 0.255511 0.067846
vt 0.169019 0.047690
vt 0.166893 0.025823
vt 0.125973 0.120002
vt 0.337008 0.054912
vt 0.115292 0.038211
vt 0.149847 0.015689
vt 0.254586 0.043904
vt 0.241676 0.021944
vt 0.231922 0.132778
vt 0.791425 0.052872
vt 0.199112 0.046316
vt 0.223332 0.014444
vn -0.037891 0.936622 0.348287
vn -0.037891 0.936622 0.348287
vn 0.122777 0.863107 0.489869
vn 0.490348 0.482684 0.725655
vn 0.585506 -0.173058 0.791981
vn 0.594191 0.803409 0.038358
vn 0.717360 -0.429769 0.548355
vn 0.529181 -0.309355 0.790106
vn 0.629112 -0.486560 0.606199
vn 0.611288 -0.307016 0.729430
vn 0.805561 -0.377860 0.456392
vn 0.807953 -0.376367 0.453387
vn -0.456650 0.052704 0.888084
vn -0.246287 0.076491 0.966174
vn 0.147613 -0.000203 0.989045
vn -0.055797 -0.135036 0.989268
vn 0.371784 -0.205648 0.905254
vn 0.502990 -0.169320 0.847545
vn 0.638588 -0.321052 0.699379
vn 0.558602 -0.297701 0.774169
vn 0.775650 -0.370380 0.511064
vn 0.810456 -0.374184 0.450720
vn 0.946943 -0.311580 0.078847
vn 0.946999 -0.280554 0.156470
vn -0.114946 -0.822199 0.557473
vn -0.334780 -0.690370 0.641336
vn -0.239330 -0.492339 0.836854
vn -0.092723 -0.673783 0.733089
vn 0.229935 -0.597316 0.768338
vn 0.258816 -0.569733 0.780012
vn 0.425271 -0.593807 0.683036
vn 0.396002 -0.596370 0.698230
vn 0.509393 -0.555134 0.657530
vn 0.590533 -0.570607 0.570682
vn 0.888457 -0.390360 0.241378
vn 0.673520 -0.572169 0.467967
vn -0.648832 0.297371 0.700419
vn -0.452874 -0.282347 0.845687
vn -0.087443 -0.216892 0.972271
vn -0.253770 0.396355 0.882328
vn -0.418679 0.771270 0.479427
vn -0.377953 0.138268 0.915442
vn 0.117330 -0.030490 0.992625
vn 0.237744 0.715256 0.657181
vn 0.615104 0.478043 0.626995
vn 0.495079 -0.257136 0.829926
vn 0.644457 -0.135954 0.752457
vn 0.514732 0.485341 0.706750
vn -0.287072 0.776185 -0.561362
vn -0.663482 0.718890 0.207338
vn -0.456091 0.787463 0.414587
vn -0.388276 0.859632 -0.332076
vn -0.335414 0.888325 -0.313648
vn -0.301083 0.945437 0.124494
vn -0.245689 0.955106 -0.165558
vn -0.310986 0.887365 -0.340400
vn -0.226880 0.905971 -0.357409
vn -0.017304 0.999587 0.022949
vn 0.273678 0.927779 0.253627
vn -0.060145 0.907939 -0.414764
vn -0.946707 0.291763 0.136455
vn -0.493084 0.632739 -0.597084
vn -0.665469 0.651171 -0.364867
vn -0.790864 0.419664 -0.445439
vn -0.585224 0.488646 -0.647100
vn -0.432962 0.736356 -0.519927
vn -0.376954 0.765134 -0.521991
vn -0.502063 0.552636 -0.665226
vn -0.439005 0.592174 -0.675726
vn -0.310620 0.782434 -0.539734
vn 0.012749 0.787149 -0.616631
vn -0.184596 0.619235 -0.763199
vn -0.969078 -0.214733 -0.121560
vn -0.999193 -0.023986 0.032227
vn -0.875651 -0.073130 -0.477376
vn -0.803788 -0.306422 -0.509931
vn -0.739857 -0.334908 -0.583480
vn -0.801318 -0.092033 -0.591118
vn -0.832508 -0.029004 -0.553253
vn -0.838977 -0.245017 -0.485884
vn -0.862093 -0.031972 -0.505741
vn -0.811123 0.057743 -0.582019
vn -0.655467 0.076795 -0.751309
vn -0.696727 0.054110 -0.715293
vn 0.037321 -0.999303 -0.000528
vn 0.035209 -0.998615 -0.039104
vn 0.023732 -0.999064 -0.036159
vn 0.028561 -0.999592 0.000271
vn 0.936604 0.028592 -0.349221
vn 0.384922 -0.847720 -0.364975
vn -0.811378 -0.550495 0.196522
vn 0.652277 -0.731658 0.198020
vn -0.766754 -0.153470 -0.623325
vn -0.747626 -0.170248 -0.641927
vn -0.798823 -0.108914 -0.591624
vn -0.809698 -0.084785 -0.580690
vn 0.664306 -0.291772 -0.688161
vn 0.664306 -0.291772 -0.688161
vn 0.664306 -0.291772 -0.688161
vn 0.664306 -0.291772 -0.688161
vn 0.979265 -0.079427 -0.186361
vn 0.920214 -0.207244 -0.332050
vn 0.669314 -0.014760 -0.742833
vn 0.817668 0.174579 -0.548581
vn 0.256172 -0.905053 -0.339492
vn 0.256170 -0.905054 -0.339491
vn 0.256170 -0.905054 -0.339491
vn 0.256172 -0.905053 -0.339492
vn -0.881074 -0.305702 0.360908
vn -0.881074 -0.305702 0.360908
vn -0.881074 -0.305702 0.360908
vn -0.881074 -0.305702 0.360908
vn -0.987322 0.139896 0.075000
vn -0.681048 0.107388 0.724322
vn -0.744803 0.178173 0.643058
vn -0.255983 -0.772570 0.581041
vn -0.255983 -0.772570 0.581040
vn -0.255983 -0.772570 0.581040
vn -0.255983 -0.772570 0.581041
vn -0.195020 -0.978849 -0.061820
vn -0.298773 -0.945527 -0.129280
vn -0.059444 -0.961649 -0.267766
vn 0.023431 -0.971819 -0.234559
vn 0.886520 -0.117176 -0.447606
vn 0.886472 -0.089838 -0.453978
vn 0.581132 0.797627 -0.161483
vn 0.022675 0.999280 0.030417
vn -0.029002 0.985269 0.168534
vn -0.843696 -0.026875 0.536148
vn -0.842901 0.029278 0.537271
vn -0.842901 0.029278 0.537271
vn -0.843748 -0.017584 0.536451
vn -0.984078 0.099672 -0.147158
vn -0.981990 0.152906 -0.110979
vn -0.844492 0.044136 -0.533746
vn -0.877623 0.023129 -0.478793
vn 0.305087 -0.276291 -0.911365
vn 0.305575 -0.276135 -0.911248
vn 0.305575 -0.276135 -0.911248
vn 0.305043 -0.276305 -0.911375
vn 0.966584 -0.180027 0.182500
vn 0.961772 -0.144273 0.232765
vn 0.843702 -0.087916 0.529564
vn 0.845514 -0.104647 0.523598
vn 0.232066 0.024019 0.972404
vn -0.559278 -0.092513 0.823802
vn -0.268411 0.058010 0.961556
vn -0.709900 0.652524 -0.265058
vn -0.465330 0.880009 -0.095143
vn -0.098535 0.992965 -0.065668
vn -0.093549 0.813275 -0.574310
vn 0.650403 0.565514 -0.507119
vn 0.414095 0.861187 -0.294758
vn 0.944831 -0.159180 0.286281
vn 0.992248 -0.109940 -0.057938
vn 0.747972 -0.440223 0.496732
vn 0.586015 -0.278025 0.761110
vn 0.353929 -0.332086 0.874330
vn 0.256761 -0.578637 0.774114
vn -0.525166 -0.428070 0.735498
vn 0.083064 -0.378068 0.922044
vn -0.939191 -0.061017 0.337931
vn -0.985180 0.129552 0.112416
vn 0.268000 0.642060 0.718286
vn 0.670071 0.371328 0.642745
vn 0.879148 0.162768 0.447889
vn 0.765260 0.599753 0.233823
vn 0.903191 0.170517 -0.393916
vn 0.980458 0.174420 0.090992
vn 0.305707 -0.582746 -0.752961
vn 0.339238 -0.372308 -0.863889
vn -0.136682 -0.838089 -0.528133
vn -0.181400 -0.981396 -0.062893
vn -0.288481 -0.949817 0.120939
vn -0.450150 -0.892822 0.015297
vn -0.577372 -0.446070 0.683859
vn -0.400932 -0.857891 0.321366
vn -0.564222 -0.109532 0.818325
vn -0.357114 0.342772 0.868894
vn -0.480062 0.395477 -0.783032
vn -0.480062 0.395476 -0.783032
vn -0.058381 0.457280 -0.887405
vn -0.025165 0.458408 -0.888385
vn 0.917521 0.343421 -0.200545
vn 0.917521 0.343421 -0.200545
vn 0.917521 0.343421 -0.200545
vn 0.917521 0.343421 -0.200545
vn 0.042810 0.938949 0.341382
vn 0.042810 0.938949 0.341382
vn -0.044397 0.939278 0.340274
vn -0.044411 0.939277 0.340273
vn -0.815596 0.574412 0.069673
vn -0.815596 0.574412 0.069673
vn -0.815596 0.574412 0.069673
vn -0.815596 0.574412 0.069673
vn 0.366173 0.905630 0.213898
vn 0.366173 0.905630 0.213898
vn 0.658515 0.752543 -0.006116
vn 0.714431 0.697141 -0.059849
vn 0.857878 -0.394956 -0.328719
vn 0.857878 -0.394956 -0.328719
vn 0.857878 -0.394956 -0.328719
vn 0.857878 -0.394956 -0.328719
vn -0.236858 -0.900294 0.365197
vn -0.236858 -0.900294 0.365197
vn -0.261363 -0.859888 0.438499
vn -0.261203 -0.860185 0.438011
vn 0.156070 0.464527 0.871698
vn 0.156070 0.464527 0.871698
vn 0.156070 0.464527 0.871698
vn 0.156070 0.464527 0.871698
vn -0.027337 0.996680 -0.076688
vn -0.027337 0.996680 -0.076688
vn -0.031867 0.996572 -0.076339
vn -0.031917 0.996571 -0.076336
vn -0.892229 0.434190 -0.124125
vn -0.892229 0.434190 -0.124125
vn -0.892229 0.434190 -0.124125
vn -0.892229 0.434190 -0.124125
vn 0.038094 -0.998756 0.032166
vn 0.038341 -0.998897 0.027120
vn 0.033639 -0.999029 0.028449
vn 0.035598 -0.998863 0.031725
vn 0.999211 0.033497 0.021318
vn 0.999417 0.031034 0.014265
vn 0.999408 0.031154 0.014608
vn 0.999211 0.033497 0.021318
vn 0.681171 -0.450971 0.576742
vn 0.681171 -0.450971 0.576742
vn 0.650716 -0.333442 0.682192
vn 0.648052 -0.325194 0.688677
vn 0.290524 0.257050 0.921695
vn 0.290524 0.257051 0.921695
vn 0.290524 0.257051 0.921695
vn 0.290524 0.257051 0.921695
vn -0.555632 0.381285 -0.738847
vn -0.716720 0.081542 -0.692577
vn -0.735528 0.142867 -0.662259
vn -0.537135 0.439424 -0.719995
vn 0.298326 -0.640407 -0.707729
vn 0.416539 -0.647489 -0.638164
vn 0.378457 -0.646507 -0.662419
vn 0.298326 -0.640407 -0.707729
vn -0.568853 -0.802726 -0.178990
vn 0.884388 -0.431139 -0.178825
vn -0.938520 -0.262591 -0.224113
vn -0.981240 -0.072396 -0.178681
vn -0.737713 0.657274 -0.154178
vn 0.021916 0.779139 -0.626468
vn -0.075964 0.968826 -0.235807
vn -0.202416 0.977004 -0.067012
vn 0.593443 0.787947 0.164210
vn 0.652497 0.728297 0.209358
vn 0.889367 0.244643 0.386232
vn 0.945047 0.153686 0.288561
vn 0.839836 -0.513665 0.175568
vn 0.867031 -0.309772 0.390254
vn 0.574753 -0.813940 0.084622
vn 0.248823 -0.966404 -0.064430
vn 0.348885 0.263948 -0.899228
vn 0.651116 -0.359036 -0.668686
vn 0.668633 -0.339789 -0.661418
vn 0.525835 -0.850586 0.000641
vn 0.042084 -0.834015 0.550134
vn -0.469694 -0.250384 0.846579
vn -0.659812 0.411630 0.628656
vn -0.557319 0.828184 -0.059221
vn -0.089185 0.696532 -0.711962
vn -0.878246 -0.328767 0.347270
vn -0.877139 -0.422303 0.228664
vn -0.963987 0.059738 -0.259154
vn -0.942323 -0.165354 -0.291009
vn -0.596381 0.128850 -0.792293
vn -0.551247 0.589611 -0.590327
vn 0.036606 0.837475 -0.545249
vn 0.194918 0.382156 -0.903307
vn 0.855200 0.227216 -0.465840
vn 0.600504 0.743819 -0.293477
vn 0.976711 0.093949 0.192897
vn 0.984807 -0.067202 0.160122
vn 0.676786 -0.231211 0.698930
vn 0.817581 -0.312163 0.483854
vn -0.076470 -0.744677 0.663030
vn -0.194456 -0.328317 0.924335
vn -0.092993 -0.573565 -0.813864
vn -0.032374 -0.081118 -0.996179
vn 0.561191 -0.399320 -0.724988
vn 0.528944 -0.621184 -0.578228
vn 0.927004 -0.354086 -0.123638
vn 0.884308 -0.448311 -0.130445
vn 0.600249 -0.205390 0.772992
vn 0.787337 0.241955 0.567061
vn -0.022837 0.483676 0.874949
vn -0.307907 0.276573 0.910330
vn -0.660019 0.472064 0.584406
vn -0.612402 0.390670 0.687271
vn -0.978112 0.185280 0.094696
vn -0.752458 0.572405 -0.325821
vn -0.474597 0.329475 -0.816213
vn -0.783714 -0.187124 -0.592264
vn -0.466561 -0.855365 0.225106
vn -0.466561 -0.855365 0.225106
vn -0.466561 -0.855365 0.225106
vn -0.466561 -0.855365 0.225106
vn 0.951743 -0.212081 -0.221825
vn 0.951743 -0.212081 -0.221825
vn 0.957006 -0.085354 -0.277225
vn 0.440862 0.249472 -0.862209
vn -0.254523 0.859002 -0.444222
vn -0.210322 0.465017 -0.859956
vn -0.806029 0.024429 -0.591372
vn -0.251001 0.345420 0.904259
vn -0.942861 -0.289050 0.165722
vn -0.684510 -0.124523 0.718290
vn -0.653488 -0.399581 0.642876
vn -0.009481 -0.641946 0.766691
vn 0.024019 -0.437357 0.898967
vn 0.741079 -0.412934 0.529422
vn 0.653671 -0.615881 0.439778
vn 0.901957 -0.401929 -0.157882
vn 0.992626 -0.110473 -0.049899
vn 0.669520 0.217634 -0.710196
vn 0.548208 0.029014 -0.835838
vn -0.085648 0.289391 -0.953372
vn -0.038341 0.385981 -0.921710
vn -0.675862 0.500601 -0.540934
vn -0.751145 0.278409 -0.598557
vn -0.988821 -0.035548 0.144811
vn -0.934826 0.288388 0.207200
vn -0.988615 0.037147 0.145813
vn -0.723213 -0.017355 0.690407
vn -0.636844 -0.004762 0.770978
vn -0.858553 0.170752 -0.483457
vn -0.897534 0.036107 -0.439465
vn -0.792856 0.040576 -0.608057
vn -0.716075 0.218119 -0.663069
vn -0.649260 0.286914 -0.704374
vn -0.770250 0.094188 -0.630749
vn -0.740231 0.152678 -0.654788
vn -0.599397 0.350067 -0.719845
vn -0.412749 0.371889 -0.831467
vn -0.582590 0.167332 -0.795354
vn 0.889433 -0.247789 -0.384071
vn 0.906532 -0.252177 -0.338537
vn 0.567448 -0.171593 -0.805332
vn 0.581916 -0.131165 -0.802602
vn 0.789963 -0.448542 0.418054
vn 0.773474 -0.373166 0.512334
vn 0.912626 -0.323518 0.249899
vn 0.925718 -0.362681 0.107282
vn 0.537687 -0.437168 0.720955
vn 0.537865 -0.479140 0.693632
vn 0.673039 -0.417969 0.610181
vn 0.656575 -0.484673 0.577929
vn -0.109529 -0.130296 0.985407
vn -0.157178 -0.233870 0.959479
vn 0.306425 -0.459213 0.833803
vn 0.293044 -0.303467 0.906660
vn 0.324508 -0.705493 0.630060
vn 0.272432 -0.695563 0.664811
vn -0.372786 -0.103484 0.922129
vn 0.582304 -0.581073 0.568574
vn 0.742385 -0.386899 0.546968
vn 0.558276 -0.537362 0.632115
vn 0.921342 -0.280538 0.269123
vn 0.921342 -0.280538 0.269123
vn 0.905011 -0.278619 -0.321443
vn 0.878904 -0.319976 0.353755
vn 0.222818 -0.268158 0.937253
vn 0.379978 -0.461299 0.801760
vn 0.627911 -0.052263 0.776528
vn 0.790375 0.511197 0.337618
vn 0.669942 0.713029 -0.206801
vn 0.178425 0.951456 -0.250791
vn -0.319084 0.944456 -0.078665
vn 0.381509 0.495898 -0.780087
vn 0.112702 0.246653 -0.962528
vn -0.455545 -0.797195 -0.396179
vn -0.365290 -0.760848 -0.536352
vn -0.372687 -0.759211 -0.533576
vn -0.657299 -0.646632 -0.387073
vn -0.657299 -0.646632 -0.387073
vn -0.929984 -0.204759 -0.305294
vn -0.909163 -0.214267 0.357089
vn -0.890348 -0.359176 -0.279773
vn -0.665295 -0.729257 -0.159897
vn -0.066061 -0.044753 -0.996812
vn -0.101101 -0.068360 -0.992525
vn -0.558188 0.016250 -0.829555
vn -0.558188 0.016250 -0.829555
vn -0.858462 -0.095632 -0.503882
vn -0.814597 -0.075597 -0.575079
vn 0.012368 -0.999371 -0.033240
vn 0.020439 -0.999778 0.005164
vn 0.029001 -0.999137 0.029729
vn -0.844542 -0.044054 -0.533674
vn -0.845355 -0.018574 -0.533882
vn -0.763145 0.189749 -0.617742
vn 0.315511 -0.246348 -0.916387
vn 0.315511 -0.246348 -0.916387
vn 0.315511 -0.246348 -0.916387
vn 0.315511 -0.246348 -0.916387
vn 0.543024 -0.200684 -0.815384
vn 0.880191 0.334454 -0.336755
vn 0.256170 -0.905053 -0.339493
vn 0.256170 -0.905053 -0.339493
vn 0.256173 -0.905053 -0.339493
vn 0.256173 -0.905053 -0.339493
vn 0.256174 -0.905052 -0.339492
vn 0.256174 -0.905053 -0.339492
vn 0.256173 -0.905053 -0.339492
vn 0.256173 -0.905053 -0.339492
vn -0.780515 0.227180 0.582397
vn -0.780514 0.227180 0.582397
vn -0.780515 0.227180 0.582397
vn -0.780514 0.227180 0.582397
vn -0.855754 -0.047903 0.515161
vn -0.716954 0.168775 0.676382
vn -0.255985 -0.772569 0.581041
vn -0.255985 -0.772569 0.581041
vn -0.255984 -0.772569 0.581041
vn -0.255984 -0.772569 0.581041
vn -0.255984 -0.772569 0.581042
vn -0.255984 -0.772569 0.581042
vn -0.255984 -0.772570 0.581041
vn -0.255984 -0.772570 0.581041
vn 0.202589 -0.896706 -0.393544
vn 0.304635 -0.884726 -0.352787
vn 0.416251 -0.857930 -0.301149
vn 0.167893 -0.973318 -0.156408
vn -0.094900 -0.995484 0.002311
vn 0.844195 0.453619 -0.285596
vn 0.819281 0.484040 -0.307382
vn 0.819281 0.484040 -0.307382
vn 0.883389 -0.022412 -0.468105
vn 0.883389 -0.022412 -0.468105
vn -0.329486 0.912438 0.242684
vn -0.393557 0.834644 0.385335
vn -0.435362 0.755962 0.488857
vn -0.051763 0.946480 0.318586
vn 0.354153 0.932349 0.072812
vn -0.791283 -0.431074 0.433643
vn -0.791283 -0.431074 0.433643
vn -0.775235 -0.458928 0.434046
vn -0.773087 -0.462519 0.434065
vn -0.756131 -0.489841 0.433961
vn -0.756131 -0.489841 0.433961
vn -0.842357 -0.072942 0.533960
vn -0.842357 -0.072942 0.533960
vn -0.603389 -0.051071 -0.795810
vn -0.650231 -0.080797 -0.755428
vn -0.692257 -0.108933 -0.713383
vn -0.871000 -0.044978 -0.489221
vn -0.980705 0.030008 -0.193175
vn 0.638615 -0.294023 -0.711141
vn 0.638615 -0.294023 -0.711141
vn 0.633505 -0.294386 -0.715548
vn 0.634089 -0.294345 -0.715047
vn 0.628157 -0.294749 -0.720099
vn 0.628157 -0.294749 -0.720099
vn 0.304509 -0.276475 -0.911502
vn 0.304509 -0.276475 -0.911502
vn 0.540448 -0.014034 0.841261
vn 0.843466 -0.129411 0.521362
vn 0.967756 -0.211049 0.137501
vn -0.734826 0.119594 0.667629
vn -0.732996 0.122769 0.669063
vn -0.700861 0.175339 0.691411
vn -0.700861 0.175339 0.691411
vn -0.269410 0.152377 0.950894
vn -0.269410 0.152377 0.950894
vn 0.662303 0.406135 -0.629610
vn -0.097194 0.648352 -0.755112
vn -0.772576 0.478629 -0.417182
vn 0.830952 -0.536933 0.145676
vn 0.972588 -0.043407 -0.228450
vn -0.921465 -0.205202 0.329840
vn -0.007076 -0.848802 0.528663
vn -0.988299 0.152241 0.009418
vn 0.752368 0.239970 -0.613479
vn 0.611167 0.785182 0.099822
vn 0.074168 0.765997 0.638551
vn -0.189705 -0.565515 -0.802624
vn 0.342059 -0.308491 -0.887597
vn -0.480612 0.186701 0.856829
vn -0.766793 -0.623005 0.154572
vn -0.310185 0.481982 0.819438
vn 0.432168 0.420227 -0.797897
vn 0.432168 0.420227 -0.797897
vn 0.475560 0.043846 -0.878590
vn 0.475560 0.043846 -0.878590
vn -0.004539 0.039204 -0.999221
vn -0.016479 0.038966 -0.999105
vn -0.489183 0.024721 -0.871831
vn -0.489183 0.024721 -0.871831
vn 0.792057 0.606780 0.066810
vn 0.792057 0.606780 0.066810
vn 0.792057 0.606780 0.066810
vn 0.792057 0.606780 0.066810
vn 0.999548 0.028918 0.008210
vn 0.999548 0.028918 0.008210
vn 0.971009 0.029682 -0.237195
vn 0.971009 0.029682 -0.237195
vn 0.971009 0.029682 -0.237195
vn 0.971009 0.029682 -0.237195
vn -0.131335 0.932454 0.336573
vn -0.131335 0.932454 0.336573
vn -0.047520 -0.521607 0.851862
vn -0.047520 -0.521607 0.851862
vn -0.001726 -0.520475 0.853875
vn -0.001720 -0.520475 0.853875
vn 0.044093 -0.518248 0.854093
vn 0.044093 -0.518248 0.854093
vn -0.938716 0.289233 -0.187503
vn -0.938716 0.289233 -0.187503
vn -0.938716 0.289233 -0.187503
vn -0.938715 0.289233 -0.187503
vn -0.968343 -0.019169 -0.248888
vn -0.968343 -0.019169 -0.248888
vn -0.968343 -0.019169 -0.248888
vn -0.968343 -0.019169 -0.248888
vn -0.999621 -0.026170 -0.008515
vn -0.999455 -0.029445 -0.014934
vn -0.999444 -0.029622 -0.015281
vn -0.999621 -0.026170 -0.008515
vn 0.883511 0.362217 -0.296995
vn 0.883511 0.362217 -0.296995
vn 0.650288 0.399940 -0.645890
vn 0.650288 0.399940 -0.645890
vn 0.443431 0.785446 -0.431792
vn 0.412132 0.818714 -0.399819
vn 0.115459 0.988344 -0.099220
vn 0.115459 0.988344 -0.099220
vn 0.867561 -0.495483 -0.042830
vn 0.867561 -0.495483 -0.042830
vn 0.867561 -0.495483 -0.042830
vn 0.867561 -0.495483 -0.042830
vn 0.477487 -0.646222 -0.595318
vn 0.477487 -0.646222 -0.595318
vn 0.637185 -0.449825 -0.625822
vn 0.637185 -0.449825 -0.625822
vn 0.637185 -0.449825 -0.625822
vn 0.637185 -0.449825 -0.625822
vn -0.284176 -0.812251 0.509403
vn -0.284176 -0.812251 0.509403
vn -0.837785 0.234983 -0.492847
vn -0.837786 0.234983 -0.492847
vn -0.825886 0.221043 -0.518702
vn -0.826437 0.221672 -0.517555
vn -0.814125 0.207934 -0.542184
vn -0.814125 0.207934 -0.542184
vn -0.186866 0.694759 0.694543
vn -0.186866 0.694759 0.694543
vn -0.186866 0.694759 0.694543
vn -0.186866 0.694759 0.694543
vn -0.452379 0.753002 0.477850
vn -0.452379 0.753002 0.477850
vn -0.452379 0.753002 0.477850
vn -0.452379 0.753002 0.477850
vn -0.465695 0.651542 0.598850
vn -0.413571 0.658093 0.629183
vn -0.364748 0.661955 0.654809
vn -0.465695 0.651542 0.598850
vn -0.036506 0.996441 -0.075981
vn -0.036506 0.996441 -0.075981
vn -0.133823 0.987289 0.085741
vn -0.133823 0.987289 0.085741
vn -0.038089 0.995450 0.087336
vn -0.037744 0.995463 0.087341
vn 0.057938 0.994423 0.088125
vn 0.057938 0.994423 0.088125
vn -0.999201 -0.033192 -0.022281
vn -0.999201 -0.033192 -0.022281
vn -0.959463 -0.272785 0.070840
vn -0.959464 -0.272785 0.070840
vn -0.959464 -0.272785 0.070840
vn -0.959463 -0.272785 0.070840
vn -0.853501 0.521068 0.004821
vn -0.853501 0.521068 0.004821
vn -0.853501 0.521068 0.004821
vn -0.853501 0.521068 0.004821
vn 0.033114 -0.998962 0.031286
vn 0.128327 -0.990403 0.051321
vn 0.128327 -0.990403 0.051321
vn 0.035763 -0.998187 0.048412
vn 0.035908 -0.998182 0.048416
vn -0.057237 -0.997342 0.045079
vn -0.057237 -0.997342 0.045079
vn 0.867851 0.490753 -0.077434
vn 0.867851 0.490753 -0.077434
vn 0.867851 0.490753 -0.077434
vn 0.867851 0.490753 -0.077434
vn 0.811648 0.582391 0.045261
vn 0.811648 0.582391 0.045261
vn 0.811648 0.582391 0.045261
vn 0.811648 0.582391 0.045261
vn 0.972162 -0.200876 0.120624
vn 0.972162 -0.200876 0.120624
vn 0.972162 -0.200876 0.120624
vn 0.972162 -0.200876 0.120624
vn 0.599395 -0.197929 0.775596
vn 0.599395 -0.197929 0.775596
vn 0.031049 -0.724588 0.688483
vn 0.031049 -0.724588 0.688483
vn 0.038837 -0.795612 0.604561
vn 0.038941 -0.796527 0.603348
vn 0.046057 -0.856207 0.514577
vn 0.046057 -0.856207 0.514577
vn -0.288506 0.663949 0.689881
vn -0.288506 0.663949 0.689881
vn -0.445054 0.715321 0.538742
vn -0.445054 0.715321 0.538742
vn -0.445054 0.715321 0.538741
vn -0.445054 0.715321 0.538741
vn -0.220996 0.017966 0.975109
vn -0.220996 0.017966 0.975109
vn -0.220996 0.017966 0.975109
vn -0.220996 0.017966 0.975109
vn -0.510471 0.510709 -0.691806
vn -0.055287 0.754617 -0.653832
vn -0.055287 0.754617 -0.653832
vn -0.108143 0.788266 -0.605757
vn -0.103169 0.785291 -0.610470
vn -0.159645 0.816653 -0.554610
vn -0.159645 0.816653 -0.554610
vn 0.725049 -0.681880 0.096669
vn 0.725049 -0.681879 0.096669
vn 0.725049 -0.681880 0.096669
vn 0.725049 -0.681880 0.096669
vn 0.292474 -0.916704 -0.272238
vn 0.292474 -0.916704 -0.272238
vn 0.292474 -0.916704 -0.272238
vn 0.292474 -0.916704 -0.272238
vn 0.235622 -0.336492 -0.911732
vn 0.235622 -0.336492 -0.911732
vn 0.235622 -0.336492 -0.911732
vn 0.235622 -0.336492 -0.911732
vn -0.656449 0.020316 -0.754097
vn -0.926473 -0.226953 -0.300233
vn -0.881677 -0.382036 0.276938
vn 0.908962 0.138505 -0.393197
vn 0.186751 0.318596 -0.929312
vn 0.676239 -0.280257 0.681291
vn 0.982050 -0.091546 0.164915
vn -0.208042 -0.396764 0.894034
vn 0.893523 -0.430036 -0.129178
vn 0.521351 -0.666281 -0.533162
vn -0.013508 -0.654939 -0.755561
vn -0.018575 0.434675 0.900396
vn 0.799736 0.164300 0.577432
vn -0.950718 0.191276 0.244026
vn -0.602002 0.377769 0.703480
vn -0.792987 -0.252249 -0.554565
vn 0.646176 -0.756034 0.104256
vn 0.646176 -0.756034 0.104256
vn 0.646176 -0.756034 0.104256
vn 0.646176 -0.756034 0.104256
vn 0.641821 -0.766107 0.033859
vn 0.072600 -0.885698 0.458551
vn -0.665924 -0.656584 0.354179
vn 0.574289 -0.647680 -0.500702
vn -0.851975 -0.504587 0.139751
vn -0.851975 -0.504587 0.139751
vn -0.846203 -0.531229 -0.041674
vn -0.030332 0.044082 -0.998567
vn -0.207875 -0.353543 0.912028
vn -0.746869 -0.377763 0.547249
vn -0.746869 -0.377763 0.547249
vn -0.207017 -0.353396 0.912280
vn -0.965474 -0.204178 -0.161775
vn -0.965474 -0.204178 -0.161775
vn -0.965474 -0.204178 -0.161775
vn -0.965474 -0.204178 -0.161775
vn -0.918313 -0.110261 -0.380190
vn -0.918313 -0.110261 -0.380190
vn -0.918313 -0.110261 -0.380190
vn -0.918313 -0.110261 -0.380190
vn -0.332407 0.276017 -0.901843
vn 0.188060 0.421678 -0.887030
vn 0.188094 0.421684 -0.887019
vn -0.332407 0.276017 -0.901843
vn 0.538578 0.451316 -0.711511
vn 0.538578 0.451316 -0.711511
vn 0.944239 0.185344 0.272139
vn 0.944239 0.185344 0.272139
vn 0.944239 0.185344 0.272139
vn 0.944239 0.185344 0.272139
vn 0.938622 0.174347 0.297643
vn 0.938622 0.174347 0.297643
vn 0.938622 0.174347 0.297643
vn 0.938622 0.174347 0.297643
vn 0.264652 -0.235320 0.935192
vn 0.264652 -0.235320 0.935192
vn -0.793956 -0.140045 -0.591627
vn -0.397147 -0.437780 -0.806612
vn -0.397147 -0.437780 -0.806612
vn -0.793975 -0.140023 -0.591605
vn 0.441957 -0.623333 -0.645081
vn 0.441957 -0.623333 -0.645081
vn 0.441957 -0.623333 -0.645081
vn 0.441957 -0.623333 -0.645081
vn 0.636374 -0.581871 -0.506412
vn 0.636374 -0.581871 -0.506412
vn 0.636374 -0.581871 -0.506412
vn 0.636374 -0.581871 -0.506412
vn 0.972489 -0.220743 0.074409
vn 0.813127 0.197789 0.547453
vn 0.812670 0.198307 0.547944
vn 0.972489 -0.220744 0.074409
vn 0.461666 0.463397 0.756391
vn 0.461666 0.463397 0.756391
vn -0.522164 0.629535 0.575353
vn -0.522164 0.629535 0.575353
vn -0.522164 0.629535 0.575353
vn -0.522164 0.629535 0.575353
vn -0.544951 0.624755 0.559205
vn -0.544951 0.624755 0.559205
vn -0.544951 0.624755 0.559205
vn -0.544951 0.624755 0.559205
vn -0.940508 0.106407 -0.322680
vn -0.940508 0.106407 -0.322680
s 1
g pCube1
usemtl pCube1SG
f 101/1/1 1/2/2 98/3/3 97/4/4
f 99/5/5 2/6/6 103/7/7 102/8/8
f 104/9/9 3/10/10 107/11/11 106/12/12
s 3
f 114/13/13 5/14/14 111/15/15 110/16/16
f 112/17/17 6/18/18 116/19/19 115/20/20
f 117/21/21 7/22/22 120/23/23 119/24/24
f 126/25/25 9/26/26 113/27/27 123/28/28
f 124/29/29 10/30/30 118/31/31 127/32/32
f 128/33/33 11/34/34 122/35/35 130/36/36
f 136/424/37 13/38/38 125/39/39 133/474/40
f 141/401/41 85/42/42 138/43/43 137/473/44
f 145/413/45 15/477/46 132/47/47 142/472/48
f 149/49/49 17/50/50 135/51/51 146/52/52
f 147/53/53 18/54/54 151/470/55 150/56/56
f 152/57/57 19/58/58 144/59/59 154/60/60
f 160/61/61 21/62/62 148/63/63 157/64/64
f 158/65/65 22/66/66 153/67/67 161/68/68
f 162/69/69 23/70/70 156/71/71 164/72/72
f 171/73/73 90/74/74 168/75/75 167/76/76
f 169/77/77 91/78/78 173/79/79 172/80/80
f 174/81/81 92/82/82 177/83/83 176/84/84
s 10
f 184/85/85 49/86/86 181/87/87 180/88/88
s 1
f 187/464/89 30/90/90 175/91/91 185/469/92
s 12
f 192/93/93 53/94/94 189/95/95 188/96/96
s off
f 108/97/97 4/98/98 194/99/99 193/100/100
s 3
f 121/101/101 8/102/102 197/103/103 196/104/104
s 13
f 378/105/105 377/106/106 379/107/107 380/108/108
s off
f 171/73/109 29/109/110 204/110/111 203/111/112
s 3
f 160/61/61 25/112/113 207/113/114 206/114/115
s 14
f 386/501/116 387/116/117 388/117/118 389/118/119
s 15
f 216/119/120 29/109/121 170/120/122 213/121/123
s 1
f 214/122/124 30/90/90 187/464/89 217/123/125
f 218/124/126 2/6/6 98/3/127 220/125/128
s 17
f 221/126/129 1/2/130 204/462/131 223/127/132
s 18
f 228/128/133 31/129/134 179/130/135 225/131/136
s 19
f 226/132/137 32/133/138 194/460/139 229/134/140
s 1
f 230/135/141 4/98/142 107/11/143 232/136/144
f 233/137/145 3/10/10 186/458/146 235/139/147
s 21
f 240/140/148 33/141/149 215/142/150 237/143/151
f 238/144/152 34/145/153 219/454/154 241/147/155
f 242/148/156 35/149/157 222/150/158 244/151/159
f 245/152/160 36/153/161 224/447/162 247/155/163
s 22
f 252/156/164 37/157/165 227/158/166 249/159/167
f 250/160/168 38/161/169 231/441/170 253/163/171
f 254/164/172 39/165/173 234/166/174 256/167/175
f 257/168/176 40/169/177 236/434/178 259/171/179
s 23
f 263/524/180 41/479/181 239/174/182 261/528/183
s off
f 262/176/184 42/177/185 243/178/186 264/527/187
s 24
f 270/511/188 58/181/189 267/182/190 266/525/191
s off
f 272/516/192 44/448/193 248/186/194 271/523/195
s 25
f 275/518/196 45/478/197 251/190/198 273/522/199
s off
f 274/192/200 46/193/201 255/194/202 276/521/203
s 26
f 282/505/204 62/197/205 279/198/206 278/519/207
s off
f 284/510/208 48/435/209 260/202/210 283/517/211
s 27
f 287/204/212 43/450/213 246/206/214 285/207/215
s off
f 286/208/216 44/448/217 272/516/218 288/209/219
s 10
f 289/210/220 52/211/221 183/212/222 290/213/223
s 28
f 291/214/224 51/215/225 265/513/226 292/217/227
s 29
f 295/218/228 47/437/229 258/220/230 293/221/231
s off
f 294/222/232 48/435/233 284/510/234 296/223/235
s 12
f 297/224/236 56/225/237 191/226/238 298/227/239
s 30
f 299/228/240 55/229/241 277/507/242 300/231/243
s 3
f 304/232/244 12/233/245 198/430/246 301/235/247
f 302/236/248 24/237/249 155/238/250 305/239/251
f 306/240/252 20/241/253 143/428/254 308/243/255
f 309/244/256 16/245/257 131/246/258 311/247/259
f 316/248/260 21/62/62 208/426/261 313/250/262
f 314/251/263 9/26/26 126/25/25 317/252/264
f 318/253/265 13/38/38 136/424/37 320/254/266
f 321/255/267 17/50/50 149/49/49 323/256/268
f 327/257/269 66/258/270 303/422/271 325/260/272
f 326/261/273 65/262/274 307/263/275 328/264/276
f 329/265/277 67/266/278 310/420/279 330/268/280
f 331/269/281 68/270/282 312/271/283 332/272/284
f 335/273/285 69/274/286 315/418/287 333/276/288
f 334/277/289 70/278/290 319/279/291 336/280/292
f 337/281/293 71/282/294 322/416/295 338/284/296
f 339/285/297 72/286/298 324/287/299 340/288/300
s off
f 344/289/301 14/480/302 129/291/303 341/292/304
s 3
f 342/293/305 15/46/306 145/414/45 345/294/307
f 346/295/308 19/471/58 151/55/309 348/296/310
f 349/297/311 18/475/54 134/410/312 351/299/313
f 355/300/314 81/301/315 343/302/316 353/303/317
f 354/304/318 82/305/319 347/406/320 356/307/321
f 357/308/322 83/309/323 350/310/324 358/311/325
f 359/312/326 84/313/327 352/403/328 360/315/329
f 363/316/330 90/74/74 205/400/331 361/318/332
f 363/316/330 25/112/113 159/319/333 364/320/334
f 365/321/335 26/322/336 163/323/337 366/324/338
f 367/325/339 27/326/340 166/327/341 368/328/342
f 371/329/343 94/330/344 195/397/345 370/332/346
f 373/333/347 95/334/348 109/335/349 372/336/350
f 375/337/351 96/338/352 105/339/353 374/340/354
f 362/341/355 89/342/356 100/343/357 376/344/358
s 1
f 98/3/3 2/6/6 99/5/5 97/4/4
s 3
f 99/5/359 96/338/352 100/343/357 97/4/360
f 100/343/357 89/342/356 101/1/361 97/4/360
s 1
f 103/7/7 3/10/10 104/9/9 102/8/362
s 3
f 104/9/363 95/334/348 105/339/353 102/8/364
f 105/339/353 96/338/352 99/5/359 102/8/364
s 1
f 107/11/11 4/98/365 108/97/366 106/12/12
s 3
f 108/97/367 94/330/344 109/335/349 106/12/368
f 109/335/349 95/334/348 104/9/363 106/12/368
f 111/15/15 6/18/18 112/17/17 110/16/16
f 112/17/17 10/30/30 113/27/27 110/16/16
f 113/27/27 9/26/26 114/13/13 110/16/16
f 116/19/19 7/22/22 117/21/21 115/20/20
f 117/21/21 11/34/34 118/31/31 115/20/20
f 118/31/31 10/30/30 112/17/17 115/20/20
f 120/23/23 8/102/102 121/101/101 119/24/24
f 121/101/101 12/233/245 122/35/35 119/24/24
f 122/35/35 11/34/34 117/21/21 119/24/24
f 113/27/27 10/30/30 124/29/29 123/28/28
f 124/29/29 14/290/369 125/39/39 123/28/28
f 125/39/39 13/38/38 126/25/25 123/28/28
f 118/31/31 11/34/34 128/33/33 127/32/32
f 128/33/33 15/477/46 129/476/370 127/32/32
f 129/476/370 14/290/369 124/29/29 127/32/32
f 122/35/35 12/233/245 131/246/258 130/36/36
f 131/246/258 16/245/257 132/47/47 130/36/36
f 132/47/47 15/477/46 128/33/33 130/36/36
f 125/39/39 14/290/369 134/408/312 133/474/40
f 134/409/312 18/54/54 135/51/51 133/40/40
f 135/51/51 17/50/50 136/37/37 133/40/40
f 138/43/43 86/345/371 139/346/372 137/473/44
f 139/404/372 87/347/373 140/348/374 137/44/44
f 140/348/374 88/349/375 141/41/41 137/44/44
f 132/47/47 16/245/257 143/242/254 142/472/48
f 143/428/254 20/241/253 144/59/59 142/48/48
f 144/59/59 19/58/58 145/412/45 142/48/48
f 135/51/51 18/54/54 147/53/53 146/52/52
f 147/53/53 22/66/66 148/63/63 146/52/52
f 148/63/63 21/62/62 149/49/49 146/52/52
f 151/470/55 19/58/58 152/57/57 150/56/56
f 152/57/57 23/70/70 153/67/67 150/56/56
f 153/67/67 22/66/66 147/53/53 150/56/56
f 144/59/59 20/241/253 155/238/250 154/60/60
f 155/238/250 24/237/249 156/71/71 154/60/60
f 156/71/71 23/70/70 152/57/57 154/60/60
f 148/63/63 22/66/66 158/65/65 157/64/64
f 158/65/65 26/322/336 159/319/333 157/64/64
f 159/319/333 25/112/113 160/61/61 157/64/64
f 153/67/67 23/70/70 162/69/69 161/68/68
f 162/69/69 27/326/340 163/323/337 161/68/68
f 163/323/337 26/322/336 158/65/65 161/68/68
f 156/71/71 24/237/249 165/350/376 164/72/72
f 165/350/376 28/351/377 166/327/341 164/72/72
f 166/327/341 27/326/340 162/69/69 164/72/72
f 168/75/75 91/78/78 169/77/77 167/76/76
s 1
f 169/77/378 30/90/90 170/120/379 167/76/380
f 170/120/379 29/109/381 171/73/382 167/76/380
s 3
f 173/79/79 92/82/82 174/81/81 172/80/80
s 1
f 174/81/383 31/129/384 175/91/91 172/80/385
f 175/91/91 30/90/90 169/77/378 172/80/386
s 3
f 177/83/83 93/352/387 178/353/388 176/84/84
s 1
f 178/353/389 32/133/390 179/130/391 176/84/392
f 179/130/391 31/129/384 174/81/383 176/84/392
s 10
f 181/87/87 50/354/393 182/355/394 180/88/88
f 182/355/394 51/215/395 183/212/222 180/88/88
f 183/212/222 52/211/221 184/85/85 180/88/88
s 1
f 175/91/91 31/129/384 186/138/146 185/469/92
f 186/458/146 3/10/10 103/7/7 185/92/92
f 103/7/7 2/6/6 187/89/89 185/92/92
s 12
f 189/95/95 54/356/396 190/357/397 188/96/96
f 190/357/397 55/229/398 191/226/238 188/96/96
f 191/226/238 56/225/237 192/93/93 188/96/96
s off
f 194/460/399 32/133/400 178/353/401 193/468/402
s 3
f 178/353/388 93/352/387 195/331/345 193/468/403
f 195/397/345 94/330/344 108/97/367 193/100/403
f 197/395/103 28/351/377 165/350/376 196/467/104
f 165/350/376 24/237/249 198/234/404 196/467/104
f 198/430/404 12/233/245 121/101/101 196/104/104
s 41
f 379/107/405 381/358/406 382/503/407 380/108/408
f 382/359/407 383/360/409 384/361/410 380/108/408
s 13
f 384/361/411 385/362/412 378/105/105 380/108/108
s off
f 204/462/413 1/2/414 101/1/415 203/466/416
s 3
f 101/1/361 89/342/356 205/317/331 203/466/417
f 205/400/331 90/74/74 171/73/73 203/111/417
f 207/398/114 5/14/14 114/13/13 206/465/115
f 114/13/13 9/26/26 208/249/418 206/465/115
f 208/426/418 21/62/62 160/61/61 206/114/115
s 42
f 388/117/419 390/363/420 391/364/421 389/118/422
f 391/364/421 392/365/423 393/366/424 389/118/422
s 14
f 393/366/425 394/367/426 386/115/116 389/118/119
s 15
f 170/120/122 30/90/427 214/122/428 213/121/123
f 214/122/428 34/145/429 215/142/430 213/121/123
f 215/142/430 33/141/431 216/119/120 213/121/123
s 1
f 187/89/89 2/6/6 218/124/126 217/463/432
f 218/124/126 35/149/433 219/146/434 217/463/432
f 219/454/435 34/145/436 214/122/124 217/123/125
f 98/3/127 1/2/437 221/126/438 220/125/128
f 221/126/438 36/153/439 222/150/440 220/125/128
f 222/150/440 35/149/441 218/124/126 220/125/128
s 43
f 204/110/442 29/109/443 216/119/444 223/461/445
f 216/119/444 33/141/446 224/154/447 223/461/445
s 17
f 224/447/448 36/153/449 221/126/129 223/127/132
s 18
f 179/130/135 32/133/450 226/132/451 225/131/136
f 226/132/451 38/161/452 227/158/453 225/131/136
f 227/158/453 37/157/454 228/128/133 225/131/136
s 44
f 194/99/455 4/98/456 230/135/457 229/459/458
f 230/135/457 39/165/459 231/162/460 229/459/458
s 19
f 231/441/461 38/161/462 226/132/137 229/134/140
s 1
f 107/11/143 3/10/10 233/137/145 232/136/144
f 233/137/145 40/169/463 234/166/464 232/136/144
f 234/166/464 39/165/465 230/135/141 232/136/144
f 186/138/146 31/129/384 228/128/466 235/457/467
f 228/128/466 37/157/468 236/170/469 235/457/467
f 236/434/470 40/169/471 233/137/145 235/139/147
s 21
f 215/142/150 34/145/153 238/144/152 237/143/151
f 238/144/152 42/456/472 239/455/473 237/143/151
f 239/455/473 41/173/474 240/140/148 237/143/151
f 219/146/154 35/149/157 242/148/156 241/453/155
f 242/148/156 43/205/475 243/451/476 241/453/155
f 243/452/476 42/456/472 238/144/152 241/147/155
f 222/150/158 36/153/161 245/152/160 244/151/159
f 245/152/160 44/185/477 246/449/478 244/151/159
f 246/449/478 43/205/475 242/148/156 244/151/159
f 224/154/162 33/141/149 240/140/148 247/446/163
f 240/140/148 41/173/474 248/444/479 247/446/163
f 248/445/479 44/185/477 245/152/160 247/155/163
s 22
f 227/158/166 38/161/169 250/160/168 249/159/167
f 250/160/168 46/443/480 251/442/481 249/159/167
f 251/442/481 45/189/482 252/156/164 249/159/167
f 231/162/170 39/165/173 254/164/172 253/440/171
f 254/164/172 47/219/483 255/438/484 253/440/171
f 255/439/484 46/443/480 250/160/168 253/163/171
f 234/166/174 40/169/177 257/168/176 256/167/175
f 257/168/176 48/201/485 258/436/486 256/167/175
f 258/436/486 47/219/483 254/164/172 256/167/175
f 236/170/178 37/157/165 252/156/164 259/433/179
f 252/156/164 45/189/482 260/431/487 259/433/179
f 260/432/487 48/201/485 257/168/176 259/171/179
s 23
f 239/174/182 42/177/488 262/176/489 261/528/183
s 45
f 262/526/490 50/354/491 181/87/492 261/175/493
f 181/87/492 49/86/494 263/172/495 261/175/493
s off
f 243/178/496 43/450/497 265/216/498 264/527/499
s 28
f 265/513/226 51/215/225 182/355/500 264/179/501
s off
f 182/355/502 50/354/503 262/526/504 264/179/505
s 24
f 267/182/190 57/368/506 268/369/507 266/525/191
s 46
f 268/514/508 59/370/509 269/371/510 266/183/511
f 269/371/510 60/372/512 270/180/513 266/183/511
s off
f 248/186/514 41/479/515 263/524/516 271/523/517
f 263/172/518 49/86/519 184/85/520 271/187/521
s 47
f 184/85/522 52/211/523 272/184/524 271/187/525
s 25
f 251/190/198 46/193/526 274/192/527 273/522/199
s 48
f 274/520/528 54/356/529 189/95/530 273/191/531
f 189/95/530 53/94/532 275/188/533 273/191/531
s off
f 255/194/534 47/437/535 277/230/536 276/521/537
s 30
f 277/507/242 55/229/241 190/357/538 276/195/539
s off
f 190/357/540 54/356/541 274/520/542 276/195/543
s 26
f 279/198/206 61/373/544 280/374/545 278/519/207
s 49
f 280/508/546 63/375/547 281/376/548 278/199/549
f 281/376/548 64/377/550 282/196/551 278/199/549
s off
f 260/202/552 45/478/553 275/518/554 283/517/555
f 275/188/556 53/94/557 192/93/558 283/203/559
s 50
f 192/93/560 56/225/561 284/200/562 283/203/563
s 27
f 246/206/214 44/448/564 286/208/565 285/207/215
s 51
f 286/208/566 57/368/567 267/182/568 285/207/569
f 267/182/568 58/181/570 287/204/571 285/207/569
s 47
f 272/184/524 52/211/523 289/210/572 288/515/573
s off
f 289/210/574 59/370/575 268/514/576 288/515/577
f 268/369/578 57/368/579 286/208/580 288/209/581
s 10
f 183/212/222 51/215/395 291/214/582 290/213/223
s 52
f 291/214/583 60/372/584 269/371/585 290/213/586
f 269/371/585 59/370/587 289/210/588 290/213/586
s off
f 265/216/589 43/450/590 287/204/591 292/512/592
f 287/204/593 58/181/594 270/511/595 292/512/596
f 270/180/597 60/372/598 291/214/599 292/217/600
s 29
f 258/220/230 48/435/601 294/222/602 293/221/231
s 53
f 294/222/603 61/373/604 279/198/605 293/221/606
f 279/198/605 62/197/607 295/218/608 293/221/606
s 50
f 284/200/562 56/225/561 297/224/609 296/509/610
s off
f 297/224/611 63/375/612 280/508/613 296/509/614
f 280/374/615 61/373/616 294/222/617 296/223/618
s 12
f 191/226/238 55/229/398 299/228/619 298/227/239
s 54
f 299/228/620 64/377/621 281/376/622 298/227/623
f 281/376/622 63/375/624 297/224/625 298/227/623
s off
f 277/230/626 47/437/627 295/218/628 300/506/629
f 295/218/630 62/197/631 282/505/632 300/506/633
f 282/196/634 64/377/635 299/228/636 300/231/637
s 3
f 198/234/246 24/237/249 302/236/248 301/429/247
f 302/236/248 65/262/274 303/259/271 301/429/247
f 303/422/271 66/258/270 304/232/244 301/235/247
f 155/238/250 20/241/253 306/240/252 305/239/251
f 306/240/252 67/266/278 307/263/275 305/239/251
f 307/263/275 65/262/274 302/236/248 305/239/251
f 143/242/254 16/245/257 309/244/256 308/427/255
f 309/244/256 68/270/282 310/267/279 308/427/255
f 310/420/279 67/266/278 306/240/252 308/243/255
f 131/246/258 12/233/245 304/232/244 311/247/259
f 304/232/244 66/258/270 312/271/283 311/247/259
f 312/271/283 68/270/282 309/244/256 311/247/259
f 208/249/261 9/26/26 314/251/263 313/425/262
f 314/251/263 70/278/290 315/275/287 313/425/262
f 315/418/287 69/274/286 316/248/260 313/250/262
f 126/25/25 13/38/38 318/253/265 317/252/264
f 318/253/265 71/282/294 319/279/291 317/252/264
f 319/279/291 70/278/290 314/251/263 317/252/264
f 136/37/37 17/50/50 321/255/267 320/423/266
f 321/255/267 72/286/298 322/283/295 320/423/266
f 322/416/295 71/282/294 318/253/265 320/254/266
f 149/49/49 21/62/62 316/248/260 323/256/268
f 316/248/260 69/274/286 324/287/299 323/256/268
f 324/287/299 72/286/298 321/255/267 323/256/268
f 303/259/271 65/262/274 326/261/273 325/421/272
f 326/261/273 73/497/638 199/498/639 325/421/272
f 199/499/639 74/500/640 327/257/269 325/260/272
f 307/263/275 67/266/278 329/265/277 328/264/276
f 329/265/277 75/495/641 200/496/642 328/264/276
f 200/496/642 73/497/638 326/261/273 328/264/276
f 310/267/279 68/270/282 331/269/281 330/419/280
f 331/269/281 76/492/643 201/493/644 330/419/280
f 201/494/644 75/495/641 329/265/277 330/268/280
f 312/271/283 66/258/270 327/257/269 332/272/284
f 327/257/269 74/500/640 202/491/645 332/272/284
f 202/491/645 76/492/643 331/269/281 332/272/284
f 315/275/287 70/278/290 334/277/289 333/417/288
f 334/277/289 78/490/646 209/488/647 333/417/288
f 209/489/647 77/482/648 335/273/285 333/276/288
f 319/279/291 71/282/294 337/281/293 336/280/292
f 337/281/293 79/487/649 210/486/650 336/280/292
f 210/486/650 78/490/646 334/277/289 336/280/292
f 322/283/295 72/286/298 339/285/297 338/415/296
f 339/285/297 80/485/651 211/483/652 338/415/296
f 211/484/652 79/487/649 337/281/293 338/284/296
f 324/287/299 69/274/286 335/273/285 340/288/300
f 335/273/285 77/482/648 212/481/653 340/288/300
f 212/481/653 80/485/651 339/285/297 340/288/300
s off
f 129/291/654 15/46/655 342/293/656 341/292/657
s 3
f 342/293/658 82/305/319 343/302/316 341/292/659
f 343/302/316 81/301/315 344/289/660 341/292/659
f 145/45/45 19/471/58 346/295/308 345/411/307
f 346/295/308 83/309/323 347/306/320 345/411/661
f 347/406/320 82/305/319 342/293/658 345/294/661
f 151/55/309 18/475/54 349/297/311 348/296/310
f 349/297/311 84/313/327 350/310/324 348/296/310
f 350/310/324 83/309/323 346/295/308 348/296/310
f 134/298/312 14/480/662 344/289/663 351/407/313
f 344/289/660 81/301/315 352/314/328 351/407/664
f 352/403/328 84/313/327 349/297/311 351/299/664
f 343/302/316 82/305/319 354/304/318 353/303/317
f 354/304/318 86/345/371 138/43/43 353/303/317
f 138/43/43 85/42/42 355/300/314 353/303/317
f 347/306/320 83/309/323 357/308/322 356/405/321
f 357/308/322 87/347/373 139/404/372 356/405/321
f 139/346/372 86/345/371 354/304/318 356/307/321
f 350/310/324 84/313/327 359/312/326 358/311/325
f 359/312/326 88/349/375 140/348/374 358/311/325
f 140/348/374 87/347/373 357/308/322 358/311/325
f 352/314/328 81/301/315 355/300/314 360/402/329
f 355/300/314 85/42/42 141/401/41 360/402/329
f 141/41/41 88/349/375 359/312/326 360/315/329
f 205/317/331 89/342/356 362/341/355 361/399/332
f 362/341/355 5/14/14 207/398/114 361/399/332
f 207/113/114 25/112/113 363/316/330 361/318/332
f 159/319/333 26/322/336 365/321/335 364/320/334
f 365/321/335 91/78/78 168/75/75 364/320/334
f 168/75/75 90/74/74 363/316/330 364/320/334
f 163/323/337 27/326/340 367/325/339 366/324/338
f 367/325/339 92/82/82 173/79/79 366/324/338
f 173/79/79 91/78/78 365/321/335 366/324/338
f 166/327/341 28/351/377 369/394/665 368/328/342
f 369/394/665 93/352/387 177/83/83 368/328/342
f 177/83/83 92/82/82 367/325/339 368/328/342
f 195/331/345 93/352/387 369/394/665 370/396/346
f 369/394/665 28/351/377 197/395/103 370/396/346
f 197/103/103 8/102/102 371/329/343 370/332/346
f 109/335/349 94/330/344 371/329/343 372/336/350
f 371/329/343 8/102/102 120/23/23 372/336/350
f 120/23/23 7/22/22 373/333/347 372/336/350
f 105/339/353 95/334/348 373/333/347 374/340/354
f 373/333/347 7/22/22 116/19/19 374/340/354
f 116/19/19 6/18/18 375/337/351 374/340/354
f 100/343/357 96/338/352 375/337/351 376/344/358
f 375/337/351 6/18/18 111/15/15 376/344/358
f 111/15/15 5/14/14 362/341/355 376/344/358
s 55
f 202/385/666 74/380/667 377/106/668 378/105/669
s off
f 74/380/670 199/379/671 379/107/672 377/106/673
f 199/379/674 73/378/675 381/358/676 379/107/677
s 56
f 73/378/678 200/504/679 382/503/680 381/358/681
f 200/382/679 75/381/682 383/360/683 382/359/680
s off
f 75/381/684 201/384/685 384/361/686 383/360/687
f 201/384/688 76/383/689 385/362/690 384/361/691
s 55
f 76/383/692 202/385/666 378/105/669 385/362/693
s 57
f 212/393/694 77/388/695 387/116/696 386/501/697
s off
f 77/388/698 209/387/699 388/117/700 387/116/701
f 209/387/702 78/386/703 390/363/704 388/117/705
s 58
f 78/386/706 210/390/707 391/364/708 390/363/709
f 210/390/707 79/389/710 392/365/711 391/364/708
s off
f 79/389/712 211/392/713 393/366/714 392/365/715
f 211/392/716 80/391/717 394/367/718 393/366/719
s 57
f 80/391/720 212/502/694 386/115/697 394/367/721
