# This file uses centimeters as units for non-parametric coordinates.

mtllib roll_frame26.mtl
g default
v -20.741961 50.248695 19.143560
v -7.953134 51.862564 16.543142
v 1.730926 51.074932 12.049338
v 14.823627 51.264278 9.183346
v -19.441717 73.693153 23.813065
v -5.375706 70.561234 28.828655
v 11.923385 72.489479 23.694405
v 19.932571 77.861519 12.042989
v -18.759523 93.725632 33.209984
v -6.098453 86.174072 34.914257
v 8.370630 90.865181 34.532066
v 14.927863 104.597351 31.434641
v -23.994619 96.361732 41.813339
v -9.312991 103.028496 45.989750
v 1.619558 106.412331 45.697746
v 18.151674 108.673836 39.148289
v -27.711924 103.218437 34.253605
v -14.258707 111.820503 39.357441
v 0.247435 116.461281 38.983738
v 15.503562 118.144524 36.813457
v -21.034513 99.738983 28.380560
v -12.476445 104.794991 21.648035
v 1.989940 109.476555 21.266281
v 11.832275 112.045746 29.435411
v -23.444614 79.025650 12.903986
v -12.084063 82.299782 5.624333
v 2.286861 83.792877 1.511412
v 15.853126 83.363091 0.889534
v -20.451303 46.623215 7.782401
v -7.545674 46.450512 6.983761
v 0.327479 45.115868 1.276798
v 12.848828 48.473660 -2.937181
v -8.975790 20.487131 27.732792
v -1.688914 22.455387 27.848442
v -3.608087 26.184755 37.999100
v -10.860824 23.858784 37.848385
v 7.903264 18.110653 15.937084
v 15.669529 18.365705 15.151820
v 16.295980 21.606226 25.476906
v 8.521671 21.272524 26.197390
v -4.470940 8.888190 -0.155163
v 2.759894 8.824547 1.366240
v 0.457852 5.776716 10.671817
v -6.680210 5.583947 8.871867
v 5.060333 29.346876 -12.355743
v 12.364282 28.247604 -13.585517
v 11.639293 18.632755 -9.306705
v 4.348279 19.949577 -8.362742
v -4.371997 2.777273 -2.642512
v 4.181285 2.906436 -0.439234
v 1.926967 0.482297 14.111570
v -9.451106 0.076656 11.033774
v 2.962287 27.347597 -17.882589
v 11.632571 25.660175 -19.494789
v 12.419161 12.452090 -11.420556
v 0.945694 14.468450 -10.434958
v -12.492159 4.690309 26.447098
v -3.528118 5.063434 28.857340
v -12.370344 1.140731 26.548237
v -3.406142 1.514195 28.957235
v 1.057870 7.048552 3.229834
v 10.172644 5.863239 3.493333
v 0.727957 4.336442 0.990355
v 9.870850 3.137833 1.286581
v 17.498255 121.059303 9.819447
v 16.889683 114.591270 15.166864
v 26.439438 124.672211 14.746065
v 26.553982 117.510239 18.688427
v -26.313215 73.564964 27.097206
v -23.082403 79.912224 29.625511
v -33.032085 81.109261 33.537880
v -36.364651 77.142418 29.060055
v 30.030050 93.448486 2.995982
v 27.293795 90.128479 11.768981
v 33.291363 94.642616 4.465068
v 30.555136 91.321289 13.239072
v -16.802427 74.346901 56.543621
v -14.315263 83.685593 55.093033
v -17.779888 84.767242 56.116116
v -20.267052 75.428551 57.566704
v -13.129562 110.461823 57.597065
v 2.438289 111.760750 56.779232
v 3.661896 120.511414 43.223145
v -17.749023 118.611885 44.054871
v -12.902568 130.476654 67.433197
v 1.926930 130.833359 66.515152
v 0.437943 141.638092 52.281498
v -13.698750 141.298050 53.156651
v -20.453363 57.122795 19.465935
v -23.494663 57.987656 7.855035
v -12.169055 59.253185 1.595339
v -0.982888 59.179367 -3.304668
v 12.297285 58.637970 -5.001308
v 16.204123 57.260880 7.016642
v 6.495846 56.062641 14.670981
v -7.344995 56.435364 19.979406
v -15.329362 54.418247 19.537151
v -15.229640 51.819389 20.064684
v -8.113249 54.044125 18.380177
v -14.722424 57.060337 20.812206
v -21.155336 53.537079 18.342443
v -1.420549 53.320545 15.907043
v -2.632463 51.056488 15.449398
v 4.434120 53.062057 13.106163
v -0.087073 55.813618 17.467785
v 10.349895 54.018974 10.834233
v 9.403744 51.223938 11.559875
v 15.298702 54.298954 7.501246
v 12.222332 56.720387 11.220151
v -13.795807 79.945221 28.252436
v -13.714653 71.777519 27.062744
v -6.208675 78.541489 29.737394
v -14.360429 87.613853 33.386299
v -19.535065 82.281967 25.775242
v 2.954308 79.771538 28.002966
v 3.541315 71.148994 26.962994
v 11.783890 82.982353 27.139799
v 0.807439 89.544647 34.072685
v 16.973513 87.616653 23.198162
v 17.407639 75.196701 17.776230
v 20.119696 92.443375 19.246836
v 14.494288 96.898109 32.133377
v -14.757925 93.813774 41.119457
v -7.952304 95.679565 43.374741
v -17.503931 99.772949 46.352814
v -21.307766 93.512177 38.548065
v -1.472958 97.252960 42.675121
v 4.728990 99.774124 43.030785
v -4.160277 105.007805 49.178822
v 11.406026 102.133072 40.310020
v 17.449678 105.472572 34.884243
v 10.307592 108.260651 45.569798
v -19.857424 105.743279 44.403721
v -12.131497 108.861420 44.796932
v -22.669931 109.584282 38.966812
v -26.249550 100.218941 38.645039
v -5.596056 136.657639 67.558121
v -5.460615 130.465607 67.339996
v 2.628484 136.763153 62.337315
v -6.754362 142.953400 51.293884
v -15.332792 136.322906 63.465115
v 8.621117 114.308952 44.125690
v 17.160116 113.621132 38.136631
v 8.335933 119.138588 39.759983
v 0.645734 112.559090 44.464817
v -20.630341 107.611206 31.532364
v -14.185923 111.008316 32.338123
v -19.410032 102.259010 23.064949
v -25.203516 101.746361 29.470234
v -6.948372 113.324242 32.119835
v -7.343609 116.056824 40.479736
v 0.261561 115.714836 31.992874
v -5.241933 107.090492 21.391317
v 7.415605 116.823944 32.461262
v 13.100169 117.360664 33.259453
v 9.182819 111.887398 22.636734
v -18.577948 93.309074 13.918296
v -11.262594 95.771446 11.665271
v -19.235874 80.927719 8.558312
v -22.849909 90.075462 17.227232
v -3.964608 97.706718 10.629804
v 3.174583 99.138702 9.697127
v -4.803513 83.289276 3.410190
v 10.615878 100.653107 9.508208
v 16.633650 100.716843 11.090261
v 9.645139 84.128029 -0.054986
v -17.527925 53.020004 3.596483
v -18.857447 58.571327 3.826071
v -11.192051 54.366386 1.713614
v -15.429814 47.676292 4.747364
v -22.347557 52.052814 7.016160
v -6.178053 54.631184 -0.810511
v -6.720251 59.652176 -0.662166
v -0.990669 54.002625 -3.480908
v -5.260263 49.631233 0.167918
v 6.155082 53.490623 -5.491929
v 6.092050 58.886589 -5.547206
v 12.397535 53.487389 -4.597581
v 6.682525 47.939716 -4.186810
v -1.557610 1.407557 4.144930
v 0.459778 3.418603 -3.842521
v 4.151986 1.666938 5.573961
v -3.768314 0.255555 12.597631
v -7.250298 1.406446 2.560738
v -3.026644 49.902298 15.184255
v 2.280215 37.514656 10.642984
v -4.589255 40.833084 18.690550
v 7.108189 20.752903 -15.921490
v 7.430944 28.522104 -19.768471
v 12.755635 19.888117 -16.732841
v 6.704296 13.379586 -10.980762
v 1.389101 22.050266 -14.896381
v 15.206129 53.853966 0.785509
v 15.133496 49.814659 2.557509
v 15.624585 58.001862 0.214093
v 20.226217 97.059456 14.216038
v 19.691711 80.904732 5.596226
v 13.022880 109.333389 29.357889
v 27.955841 91.497154 7.203539
v 31.622971 94.258080 2.737029
v 31.944029 92.957428 9.000053
v 28.276899 90.197350 13.465867
v -23.169128 52.301857 12.577953
v -21.846792 47.810848 13.293419
v -23.642385 57.432690 13.750424
v -23.340300 85.441124 21.057739
v -23.615278 76.313721 18.719927
v -19.731285 95.760750 30.060617
v -14.814544 78.924011 55.588619
v -15.412202 85.295410 55.327229
v -19.051359 80.246727 56.839725
v -18.453699 73.875328 57.101116
v -9.568791 33.285625 14.702949
v -5.569415 34.850636 17.001751
v -4.986990 21.278498 26.851208
v -14.082960 31.879339 17.346119
v -4.845519 38.362556 22.395992
v -7.416471 40.607552 28.169975
v -1.298367 24.627724 33.334656
v -12.070282 41.017536 29.618616
v -16.063086 37.776840 28.464748
v -7.471993 26.024351 40.025497
v -16.311380 34.503849 22.864763
v -11.019074 21.789602 33.098179
v 9.398206 32.473206 4.325948
v 14.588462 32.605808 6.144501
v 11.567416 17.950478 14.646955
v 5.214177 32.159950 7.059971
v 16.213341 35.269394 11.897460
v 15.473681 37.594921 18.076408
v 17.035709 19.890387 20.536249
v 10.567066 38.990532 19.945822
v 6.091211 37.176559 19.006351
v 12.369450 22.125435 27.816824
v 3.956554 34.708561 13.155335
v 6.872249 19.628414 21.463015
v -3.283150 21.843489 15.092701
v 0.558863 20.333601 17.079283
v -0.488466 9.678242 -1.076605
v -7.587656 20.070089 16.008396
v 1.661951 15.138457 20.415529
v -0.211932 10.132283 23.797085
v 2.969256 7.015430 5.775293
v -4.305567 8.017214 24.122625
v -8.335434 9.644283 22.856909
v -3.950300 5.499195 12.742206
v -9.223083 14.618259 19.179424
v -6.606425 6.807698 3.537990
v 10.874486 29.333010 6.246682
v 15.019009 27.081198 5.817883
v 8.836588 30.529064 -13.541347
v 6.715756 27.507097 6.985141
v 15.831553 20.762306 4.832816
v 14.285809 14.680126 4.649838
v 13.196668 23.380529 -12.264935
v 9.932321 13.209200 4.800780
v 6.028477 15.316780 5.978937
v 7.720836 17.016710 -7.119143
v 5.026547 21.452158 6.476937
v 3.657347 24.913599 -10.713190
v 0.213066 6.504217 -3.272521
v 3.973444 5.902651 0.003068
v -4.600662 5.800345 -2.113399
v 4.017434 4.428008 5.815672
v 1.806133 3.250690 14.243064
v -8.552734 4.643263 29.707684
v -8.043413 5.850366 27.623920
v -14.244281 4.404357 28.178143
v -7.854889 0.356951 27.780447
v -2.861190 4.882169 31.237226
v -7.401014 4.175377 2.891315
v -9.573056 2.843952 11.180727
v 8.192268 30.116827 -17.161987
v 12.391736 27.281506 -17.012033
v 3.704495 28.884926 -15.406448
v 13.446923 21.565954 -14.553636
v 12.926219 14.282972 -9.441192
v 5.342214 4.927668 4.806882
v 5.708704 7.182404 3.952298
v -0.455364 5.695606 4.646059
v 5.213019 2.978002 0.503708
v 11.132874 4.199483 5.024759
v 2.073724 23.660227 -12.687494
v 1.470078 16.326813 -8.400396
v -6.041083 5.646067 20.255600
v -11.078787 5.482403 18.918436
v -1.014533 5.848269 21.619875
v -11.641299 2.770312 18.764359
v -11.537375 -0.039477 18.792150
v -5.838149 0.166954 20.299095
v -0.148441 0.395467 21.834333
v -0.250803 3.192685 21.809341
v 6.727465 11.885711 -1.809711
v 1.672812 12.654125 -1.653116
v 11.798241 11.167524 -1.828871
v 0.638786 10.794559 -3.431027
v 0.273996 8.730747 -5.300955
v 6.063437 7.821523 -5.411741
v 11.865021 6.962039 -5.372610
v 12.175463 9.059678 -3.572579
v 13.949922 115.300934 20.792656
v 13.535596 119.709442 22.498133
v 15.996032 117.108994 11.467957
v 16.718821 111.538498 20.305632
v 16.808867 121.483871 24.383694
v 21.389847 121.555389 26.078419
v 21.492455 123.654007 11.833466
v 23.483137 117.561256 25.353996
v 24.410528 113.327637 24.029970
v 27.515236 121.007706 16.320757
v 20.626270 111.526733 21.856880
v 21.198652 115.313591 17.496357
v -22.191036 85.067734 29.123592
v -22.090904 83.896385 33.595757
v -23.155365 75.728683 28.457502
v -24.772444 86.977768 25.718040
v -25.548712 84.515739 36.180225
v -30.044016 86.032181 37.499714
v -27.324928 81.299690 31.546978
v -31.997093 87.895180 33.871742
v -32.739670 89.216019 29.500204
v -35.409279 78.516441 32.063515
v -28.770470 88.343384 26.520241
v -31.341000 75.075562 27.197454
v 18.903215 107.620895 9.729254
v 21.677788 110.389557 5.872279
v 19.065268 106.341820 14.849365
v 25.500839 112.509583 6.608657
v 30.048744 113.838989 9.627501
v 29.234831 111.634575 14.230187
v 27.539980 109.482994 18.574547
v 22.418262 107.298523 17.494669
v -18.969917 76.585014 37.515770
v -19.247105 81.863152 37.399063
v -22.072330 72.163734 38.150658
v -22.876011 84.074478 38.347378
v -28.353909 84.295952 39.924557
v -30.275946 79.404854 40.180462
v -31.429655 74.628494 39.870937
v -26.480232 72.286324 38.749557
v -3.809714 102.675171 54.289024
v 0.809103 110.535088 49.277920
v -4.993554 109.278122 59.399918
v -11.355989 107.845779 49.673908
v 2.514635 113.591415 46.673569
v -1.001280 116.904816 43.196983
v 5.757740 116.428734 49.900135
v -7.561606 118.013351 41.612587
v -13.105968 114.136017 43.593559
v -7.177511 120.055176 43.073498
v -14.511649 109.887512 47.247475
v -18.202717 114.307053 51.078335
v -5.327649 121.929024 66.270370
v 5.240303 125.044365 63.865482
v -16.236181 124.527763 65.195023
v 6.172831 129.978287 55.603619
v 3.936657 133.248032 47.612881
v -6.846877 133.843826 46.259861
v -17.340372 132.736237 48.930073
v -18.415277 129.386841 57.125786
v -23.327295 68.350037 17.456038
v -19.154694 66.818657 23.005962
v -23.645683 69.763321 11.241834
v -19.478737 70.560555 6.597030
v -12.653907 70.513947 3.535340
v -6.117424 71.159584 1.090748
v 0.252176 70.557915 -1.395793
v 7.380405 70.525826 -3.655088
v 13.618367 69.671745 -3.190726
v 17.467012 68.203224 1.841024
v 18.202559 66.595757 8.772029
v 15.314442 66.211388 14.439334
v 10.355128 65.151840 18.466154
v 1.886290 66.106758 22.201210
v -6.940019 65.180672 25.055376
v -13.317862 66.218117 25.329071
v 32.786156 77.530571 9.240200
v 33.906628 77.625694 11.104474
v 33.822220 79.132675 4.431718
v 35.766090 79.844414 5.307350
v 35.753292 81.132179 -0.274243
v 37.535076 82.030022 -0.530528
v 39.423725 82.476105 1.379134
v 37.965099 80.649590 6.297913
v 36.456585 78.874496 10.893577
v -14.319909 74.392296 70.435280
v -12.471456 74.885612 69.813660
v -10.653831 79.954514 68.877884
v -12.670836 80.584221 69.473488
v -9.774400 85.012398 68.240662
v -11.021754 86.776123 68.511688
v -13.673663 86.229744 69.392082
v -15.054980 81.328537 70.177505
v -16.370703 76.102951 70.965080
vt 0.208431 0.494797
vt 0.208575 0.478116
vt 0.229443 0.475893
vt 0.229271 0.493426
vt 0.252729 0.492198
vt 0.256170 0.471571
vt 0.275357 0.475888
vt 0.275429 0.493819
vt 0.298111 0.492176
vt 0.294163 0.471736
vt 0.321331 0.475953
vt 0.321541 0.493432
vt 0.198757 0.641525
vt 0.200055 0.589825
vt 0.221664 0.590600
vt 0.219751 0.640956
vt 0.244967 0.639373
vt 0.247968 0.591507
vt 0.275466 0.591669
vt 0.275481 0.635804
vt 0.305994 0.639365
vt 0.302966 0.591494
vt 0.329276 0.590573
vt 0.331197 0.640955
vt 0.199789 0.728809
vt 0.197393 0.704590
vt 0.219517 0.692482
vt 0.227784 0.730211
vt 0.252859 0.733034
vt 0.249003 0.687406
vt 0.275511 0.688085
vt 0.275516 0.730408
vt 0.298175 0.733010
vt 0.302021 0.687396
vt 0.331536 0.692451
vt 0.323246 0.730162
vt 0.805511 0.686057
vt 0.204711 0.752714
vt 0.229559 0.760254
vt 0.782889 0.696424
vt 0.784986 0.875584
vt 0.254181 0.941082
vt 0.275435 0.940431
vt 0.742298 0.896742
vt 0.699334 0.736241
vt 0.297037 0.807427
vt 0.321459 0.760204
vt 0.696358 0.696343
vt 0.808954 0.641287
vt 0.805193 0.664541
vt 0.784300 0.671779
vt 0.785729 0.644267
vt 0.763331 0.647822
vt 0.762442 0.673765
vt 0.742276 0.741120
vt 0.739609 0.647377
vt 0.715889 0.647774
vt 0.716786 0.673709
vt 0.694936 0.671695
vt 0.693494 0.644181
vt 0.806875 0.557726
vt 0.810121 0.617205
vt 0.790367 0.607046
vt 0.787575 0.557696
vt 0.763367 0.556090
vt 0.764746 0.603486
vt 0.739627 0.603152
vt 0.739688 0.556093
vt 0.716014 0.556064
vt 0.714496 0.603455
vt 0.688836 0.606971
vt 0.691820 0.557642
vt 0.803405 0.420481
vt 0.802841 0.435733
vt 0.782960 0.432290
vt 0.783371 0.416064
vt 0.759505 0.410786
vt 0.759570 0.428509
vt 0.739756 0.426992
vt 0.739743 0.409699
vt 0.720007 0.410786
vt 0.719946 0.428500
vt 0.696571 0.432245
vt 0.696182 0.416016
vt 0.819305 0.093413
vt 0.797386 0.086157
vt 0.790779 0.072322
vt 0.822344 0.073237
vt 0.265809 0.416173
vt 0.762697 0.377789
vt 0.739788 0.389948
vt 0.275377 0.462947
vt 0.364323 0.097210
vt 0.342669 0.089884
vt 0.336664 0.075169
vt 0.367299 0.076188
vt 0.342559 0.494848
vt 0.342402 0.478170
vt 0.366070 0.480227
vt 0.366198 0.495669
vt 0.352247 0.641476
vt 0.350872 0.589816
vt 0.374237 0.588973
vt 0.374011 0.638442
vt 0.936729 0.462892
vt 0.940585 0.464321
vt 0.946953 0.476690
vt 0.936605 0.482861
vt 0.804780 0.405462
vt 0.824266 0.410023
vt 0.823186 0.423812
vt 0.805355 0.509178
vt 0.825584 0.509339
vt 0.825621 0.554997
vt 0.118742 0.522844
vt 0.058006 0.517789
vt 0.074507 0.510871
vt 0.084702 0.516921
vt 0.822269 0.350445
vt 0.784755 0.399833
vt 0.805305 0.347137
vt 0.793942 0.336256
vt 0.777469 0.322538
vt 0.236211 0.409364
vt 0.220899 0.415267
vt 0.203041 0.415110
vt 0.182178 0.419746
vt 0.685950 0.336155
vt 0.717407 0.377787
vt 0.694840 0.399772
vt 0.674409 0.347030
vt 0.657366 0.350391
vt 0.674734 0.405426
vt 0.637625 0.358046
vt 0.347747 0.415166
vt 0.329799 0.415381
vt 0.314324 0.409429
vt 0.706215 0.336018
vt 0.292514 0.404556
vt 0.870618 0.237836
vt 0.844433 0.293934
vt 0.832214 0.287148
vt 0.858351 0.228645
vt 0.844944 0.223065
vt 0.821107 0.280742
vt 0.243727 0.342391
vt 0.826584 0.212775
vt 0.214622 0.282882
vt 0.224361 0.346790
vt 0.210147 0.349538
vt 0.199596 0.284960
vt 0.184434 0.288656
vt 0.194986 0.352422
vt 0.864110 0.304875
vt 0.163133 0.290367
vt 0.634803 0.222910
vt 0.658751 0.280554
vt 0.647480 0.287052
vt 0.621343 0.228556
vt 0.609012 0.237734
vt 0.635143 0.293889
vt 0.375465 0.356065
vt 0.590820 0.249121
vt 0.366326 0.288752
vt 0.355651 0.352469
vt 0.340563 0.349608
vt 0.351134 0.285011
vt 0.336042 0.282967
vt 0.326383 0.346874
vt 0.678330 0.268182
vt 0.315081 0.275917
vt 0.789900 0.091626
vt 0.894734 0.181072
vt 0.223763 0.023658
vt 0.779683 0.072008
vt 0.205625 0.023651
vt 0.212375 0.030485
vt 0.208733 0.046428
vt 0.818124 0.043214
vt 0.919973 0.054113
vt 0.218394 0.124576
vt 0.231547 0.124829
vt 0.925982 0.076298
vt 0.853028 0.105343
vt 0.173602 0.224408
vt 0.245023 0.044913
vt 0.815784 0.102925
vt 0.335499 0.095534
vt 0.609223 0.166963
vt 0.147562 0.023794
vt 0.325939 0.074804
vt 0.129108 0.019171
vt 0.133886 0.026698
vt 0.125138 0.040618
vt 0.363323 0.044920
vt 0.461211 0.056389
vt 0.114656 0.083148
vt 0.128082 0.110700
vt 0.466974 0.079440
vt 0.396801 0.109583
vt 0.345740 0.218419
vt 0.158805 0.046562
vt 0.361009 0.107136
vt 0.212264 0.093809
vt 0.204982 0.218327
vt 0.226791 0.056935
vt 0.229179 0.093286
vt 0.246067 0.092223
vt 0.255137 0.092099
vt 0.884191 0.095549
vt 0.853655 0.095653
vt 0.854753 0.074189
vt 0.884265 0.075061
vt 0.885799 0.054616
vt 0.855335 0.052709
vt 0.203340 0.068369
vt 0.888472 0.044995
vt 0.116537 0.064410
vt 0.377147 0.224500
vt 0.136900 0.057215
vt 0.135301 0.068971
vt 0.159593 0.072808
vt 0.169578 0.075371
vt 0.426769 0.099419
vt 0.397393 0.099512
vt 0.398467 0.077209
vt 0.426850 0.078134
vt 0.428347 0.056895
vt 0.399054 0.054890
vt 0.111199 0.052142
vt 0.430928 0.046902
vt 0.398347 0.732496
vt 0.353774 0.704759
vt 0.655189 0.607952
vt 0.404645 0.715309
vt 0.625247 0.642548
vt 0.669008 0.617360
vt 0.670290 0.641156
vt 0.629866 0.657272
vt 0.633967 0.675274
vt 0.674058 0.664432
vt 0.345812 0.774768
vt 0.637449 0.692485
vt 0.387906 0.765553
vt 0.346295 0.752641
vt 0.351218 0.728717
vt 0.392980 0.747350
vt 0.854032 0.642643
vt 0.181252 0.694641
vt 0.859345 0.625630
vt 0.152631 0.732602
vt 0.157999 0.747449
vt 0.163074 0.765647
vt 0.167481 0.783084
vt 0.845329 0.675366
vt 0.849419 0.657366
vt 0.462802 0.754848
vt 0.433121 0.744888
vt 0.586158 0.633072
vt 0.469035 0.736153
vt 0.562716 0.661102
vt 0.591598 0.653084
vt 0.596668 0.669873
vt 0.567525 0.676181
vt 0.573571 0.695803
vt 0.602326 0.689166
vt 0.414557 0.801264
vt 0.575415 0.714705
vt 0.450039 0.789809
vt 0.420413 0.781867
vt 0.427222 0.762131
vt 0.457315 0.770152
vt 0.916571 0.661069
vt 0.887682 0.653104
vt 0.112049 0.724515
vt 0.922852 0.642462
vt 0.088177 0.754903
vt 0.117860 0.744959
vt 0.123753 0.762207
vt 0.093657 0.770210
vt 0.100926 0.789871
vt 0.130556 0.781946
vt 0.872833 0.708772
vt 0.104321 0.808576
vt 0.905760 0.695791
vt 0.876995 0.689207
vt 0.882631 0.669903
vt 0.911782 0.676158
vt 0.245118 0.820265
vt 0.256063 0.761423
vt 0.275458 0.816348
vt 0.275456 0.817082
vt 0.305796 0.819611
vt 0.322444 0.827635
vt 0.716707 0.746651
vt 0.742277 0.751635
vt 0.767846 0.746640
vt 0.232576 0.815700
vt 0.789238 0.746868
vt 0.242805 0.909093
vt 0.242913 0.847487
vt 0.275453 0.850080
vt 0.275444 0.899369
vt 0.308078 0.909112
vt 0.307992 0.847504
vt 0.685718 0.768892
vt 0.335635 0.923345
vt 0.710517 0.826756
vt 0.709025 0.772272
vt 0.742280 0.767854
vt 0.742288 0.823907
vt 0.774059 0.826743
vt 0.775535 0.772258
vt 0.216918 0.852154
vt 0.800161 0.835727
vt 0.803587 0.472219
vt 0.184266 0.511368
vt 0.823748 0.473030
vt 0.786007 0.508646
vt 0.783967 0.470951
vt 0.760849 0.468488
vt 0.762764 0.507838
vt 0.739729 0.507585
vt 0.739749 0.469813
vt 0.718652 0.468468
vt 0.716699 0.507812
vt 0.693463 0.508589
vt 0.695538 0.470900
vt 0.347089 0.550471
vt 0.343449 0.511536
vt 0.656251 0.437958
vt 0.370672 0.549455
vt 0.305626 0.550928
vt 0.300328 0.509969
vt 0.323635 0.511057
vt 0.326613 0.553291
vt 0.245263 0.550946
vt 0.250519 0.509979
vt 0.275426 0.509223
vt 0.275447 0.553833
vt 0.203857 0.550446
vt 0.207534 0.511493
vt 0.227207 0.511082
vt 0.224277 0.553331
vt 0.296688 0.941095
vt 0.317831 0.963343
vt 0.722395 0.859395
vt 0.742293 0.859091
vt 0.762190 0.859387
vt 0.672412 0.557619
vt 0.673996 0.509116
vt 0.676597 0.435714
vt 0.676064 0.420456
vt 0.798456 0.058765
vt 0.820876 0.052919
vt 0.343747 0.061021
vt 0.365907 0.055032
vt 0.963235 0.483911
vt 0.902883 0.489040
vt 0.909072 0.482168
vt 0.925033 0.475729
vt 0.931354 0.463643
vt 0.080884 0.498420
vt 0.084741 0.496992
vt 0.090126 0.497750
vt 0.096539 0.509638
vt 0.112499 0.516024
vt 0.245369 0.109349
vt 0.249130 0.116712
vt 0.914174 0.091435
vt 0.914507 0.075957
vt 0.915392 0.060496
vt 0.143488 0.116794
vt 0.145270 0.126440
vt 0.455609 0.095160
vt 0.455938 0.079081
vt 0.456800 0.063019
vt 0.982240 0.434188
vt 0.963585 0.427947
vt 0.946509 0.423110
vt 0.890921 0.433118
vt 0.882130 0.436526
vt 0.926679 0.423006
vt 0.909612 0.427375
vt 0.937930 0.422313
vt 0.075163 0.457134
vt 0.058225 0.461798
vt 0.039557 0.467684
vt 0.094859 0.456979
vt 0.083682 0.456346
vt 0.130564 0.466891
vt 0.111877 0.461251
vt 0.033116 0.470128
vt 0.675805 0.472192
vt 0.653419 0.509254
vt 0.655248 0.472962
vt 0.367019 0.511392
vt 0.176921 0.588998
vt 0.180547 0.549455
vt 0.822760 0.437993
vt 0.233028 0.963316
vt 0.215241 0.923308
vt 0.798841 0.768868
vt 0.699605 0.875602
vt 0.684417 0.835751
vt 0.333987 0.852188
vt 0.228471 0.827609
vt 0.254212 0.785439
vt 0.759269 0.697501
vt 0.785216 0.736222
vt 0.695315 0.746888
vt 0.719972 0.697428
vt 0.296799 0.785396
vt 0.318344 0.815723
vt 0.903939 0.714697
vt 0.136407 0.801345
vt 0.081951 0.736203
vt 0.893090 0.633076
vt 0.446638 0.808511
vt 0.606509 0.708725
vt 0.556410 0.642507
vt 0.438944 0.724452
vt 0.841861 0.692578
vt 0.205190 0.774839
vt 0.146366 0.715395
vt 0.823906 0.608060
vt 0.383498 0.782992
vt 0.673752 0.685953
vt 0.619881 0.625562
vt 0.369876 0.694574
vt 0.624476 0.158216
vt 0.327082 0.211968
vt 0.653476 0.212425
vt 0.306569 0.342322
vt 0.153133 0.050558
vt 0.361352 0.222428
vt 0.125968 0.045756
vt 0.396618 0.225899
vt 0.569871 0.190223
vt 0.388031 0.290471
vt 0.615162 0.304972
vt 0.596954 0.173816
vt 0.584932 0.180968
vt 0.909456 0.190131
vt 0.154402 0.225852
vt 0.888489 0.249012
vt 0.175675 0.355943
vt 0.241882 0.047343
vt 0.189385 0.222364
vt 0.213528 0.046751
vt 0.223402 0.212053
vt 0.855547 0.158550
vt 0.235225 0.276013
vt 0.801766 0.268578
vt 0.882733 0.173912
vt 0.870470 0.167071
vt 0.702590 0.322102
vt 0.284431 0.416033
vt 0.369025 0.419829
vt 0.654789 0.409992
vt 0.841623 0.358035
vt 0.185243 0.480200
vt 0.257695 0.404697
vt 0.773758 0.336466
vt 0.177136 0.638471
vt 0.185108 0.495641
vt 0.653403 0.554919
vt 0.655840 0.423782
vt 0.740026 0.329135
vt 0.739609 0.679991
vt 0.717946 0.727940
vt 0.321543 0.784229
vt 0.275425 0.981496
vt 0.229466 0.784279
vt 0.766602 0.727930
vt 0.275513 0.766895
vt 0.294962 0.761394
vt 0.158494 0.031032
vt 0.235614 0.029385
vt 0.253884 0.807420
vt 0.968218 0.693073
vt 0.970279 0.686813
vt 0.964692 0.720144
vt 0.041234 0.817480
vt 0.965692 0.701614
vt 0.035620 0.790589
vt 0.038855 0.799577
vt 0.026837 0.766821
vt 0.976742 0.669618
vt 0.033170 0.783659
vt 0.515345 0.790561
vt 0.512107 0.799546
vt 0.509721 0.817448
vt 0.514670 0.720260
vt 0.513647 0.701731
vt 0.511110 0.693195
vt 0.509040 0.686939
vt 0.502555 0.669755
vt 0.524137 0.766797
vt 0.517798 0.783632
vt 0.052820 0.522857
vt 0.139366 0.470253
vt 0.968347 0.489050
vt 0.988625 0.436785
vt 0.108883 0.091107
vt 0.106409 0.062482
vt 0.399209 0.044805
vt 0.459518 0.102060
vt 0.428604 0.109556
vt 0.167704 0.057128
vt 0.215342 0.132259
vt 0.203222 0.094543
vt 0.855471 0.043005
vt 0.918242 0.098075
vt 0.886101 0.105305
vt 0.255511 0.067846
vt 0.169019 0.047690
vt 0.166893 0.025823
vt 0.125973 0.120002
vt 0.337008 0.054912
vt 0.115292 0.038211
vt 0.149847 0.015689
vt 0.254586 0.043904
vt 0.241676 0.021944
vt 0.231922 0.132778
vt 0.791425 0.052872
vt 0.199112 0.046316
vt 0.223332 0.014444
vn -0.220743 0.196370 0.955359
vn -0.220743 0.196370 0.955359
vn 0.023837 -0.009460 0.999671
vn 0.046334 -0.028448 0.998521
vn 0.257884 -0.332847 0.907033
vn 0.464585 0.402005 0.789020
vn 0.443042 -0.154721 0.883049
vn 0.191430 -0.485572 0.852980
vn 0.276296 -0.353498 0.893700
vn 0.000170 0.128969 0.991649
vn 0.323763 -0.041570 0.945225
vn 0.395271 0.093844 0.913758
vn -0.729746 -0.238208 0.640881
vn -0.672032 -0.151223 0.724917
vn -0.328603 -0.221849 0.918043
vn -0.387716 -0.351521 0.852121
vn 0.014833 -0.341223 0.939865
vn 0.064393 -0.338339 0.938819
vn 0.271576 -0.397072 0.876687
vn 0.239873 -0.351138 0.905076
vn 0.539110 -0.354054 0.764203
vn 0.534571 -0.380099 0.754824
vn 0.828136 -0.269660 0.491400
vn 0.830442 -0.215058 0.513923
vn 0.132621 -0.672069 0.728515
vn -0.209379 -0.749916 0.627525
vn -0.369447 -0.615450 0.696226
vn -0.158918 -0.711177 0.684815
vn 0.068260 -0.612681 0.787377
vn 0.071019 -0.614130 0.786003
vn 0.227140 -0.598810 0.768006
vn 0.213465 -0.594563 0.775196
vn 0.341093 -0.529554 0.776678
vn 0.424067 -0.535207 0.730562
vn 0.792754 -0.297067 0.532252
vn 0.580213 -0.496066 0.645965
vn -0.811306 0.209383 0.545840
vn -0.502580 -0.206781 0.839437
vn -0.232240 -0.227751 0.945618
vn -0.468360 0.392393 0.791622
vn -0.618181 0.647941 0.444999
vn -0.453897 0.042127 0.890058
vn 0.062131 -0.003968 0.998060
vn 0.020910 0.749752 0.661389
vn 0.255645 0.515201 0.818055
vn 0.232395 -0.243115 0.941747
vn 0.401897 -0.101575 0.910034
vn 0.187436 0.485969 0.853640
vn -0.553747 0.428312 -0.714082
vn -0.871883 0.485340 -0.065309
vn -0.618865 0.753269 0.222695
vn -0.464186 0.766217 -0.444345
vn -0.340019 0.853260 -0.395391
vn -0.440318 0.897666 0.017801
vn -0.302944 0.927108 -0.220672
vn -0.291427 0.865661 -0.407064
vn -0.217026 0.892522 -0.395354
vn -0.172166 0.984872 0.019658
vn 0.024358 0.930964 0.364297
vn -0.049701 0.915696 -0.398785
vn -0.935812 0.241838 -0.256458
vn -0.716979 0.292062 -0.632962
vn -0.586150 0.607110 -0.536513
vn -0.577701 0.469245 -0.667885
vn -0.332902 0.545092 -0.769449
vn -0.323510 0.733843 -0.597341
vn -0.263202 0.760113 -0.594099
vn -0.254835 0.580701 -0.773204
vn -0.193178 0.600044 -0.776292
vn -0.199341 0.775601 -0.598921
vn 0.129478 0.821093 -0.555915
vn 0.071550 0.643034 -0.762488
vn -0.841613 -0.096536 -0.531384
vn -0.900495 0.034330 -0.433510
vn -0.514442 0.096943 -0.852028
vn -0.452557 -0.057386 -0.889887
vn -0.347565 -0.057314 -0.935903
vn -0.363243 0.097923 -0.926534
vn -0.386939 0.113086 -0.915145
vn -0.426052 -0.023429 -0.904395
vn -0.348788 0.007968 -0.937168
vn -0.338652 0.129366 -0.931976
vn -0.122338 0.115465 -0.985749
vn -0.099256 -0.014868 -0.994951
vn 0.057934 -0.984341 -0.166485
vn 0.067530 -0.972202 -0.224193
vn 0.075533 -0.972804 -0.218967
vn 0.067744 -0.984310 -0.162928
vn 0.999618 0.022413 0.016198
vn 0.683797 -0.546431 -0.483565
vn -0.581822 -0.641239 -0.500295
vn 0.348989 -0.763112 0.543937
vn -0.234182 -0.473620 -0.849025
vn -0.254129 -0.418987 -0.871704
vn -0.235058 -0.428384 -0.872488
vn -0.213495 -0.490483 -0.844894
vn 0.997573 -0.064810 0.025451
vn 0.997573 -0.064810 0.025451
vn 0.997573 -0.064810 0.025451
vn 0.997573 -0.064810 0.025451
vn 0.977531 0.025880 0.209196
vn 0.983157 -0.133008 0.125342
vn 0.936697 0.064905 -0.344074
vn 0.942788 0.282971 -0.176289
vn 0.416712 -0.885560 -0.205266
vn 0.416709 -0.885562 -0.205267
vn 0.416709 -0.885562 -0.205267
vn 0.416711 -0.885561 -0.205266
vn -0.934583 -0.324864 -0.144977
vn -0.934583 -0.324864 -0.144977
vn -0.934583 -0.324864 -0.144977
vn -0.934583 -0.324864 -0.144977
vn -0.908587 0.145531 -0.391523
vn -0.954926 -0.052570 0.292153
vn -0.962758 -0.033890 0.268231
vn 0.301835 0.067329 0.950980
vn 0.301836 0.067328 0.950980
vn 0.301836 0.067328 0.950980
vn 0.301835 0.067329 0.950980
vn -0.194664 -0.665514 -0.720553
vn -0.281588 -0.612853 -0.738323
vn -0.049566 -0.602133 -0.796855
vn 0.075307 -0.612961 -0.786516
vn 0.980465 0.045287 -0.191407
vn 0.979965 0.073761 -0.185006
vn 0.619833 0.571245 0.538040
vn -0.033696 0.639653 0.767925
vn -0.087229 0.588576 0.803722
vn -0.952724 -0.234627 0.193045
vn -0.951348 -0.215710 0.220013
vn -0.951348 -0.215710 0.220013
vn -0.952594 -0.231996 0.196830
vn -0.407402 -0.524549 -0.747577
vn -0.437026 -0.494720 -0.751173
vn -0.054819 -0.498660 -0.865063
vn -0.080391 -0.525685 -0.846872
vn 0.959585 -0.084882 -0.268313
vn 0.950266 -0.092108 -0.297507
vn 0.950266 -0.092108 -0.297507
vn 0.961117 -0.083610 -0.263181
vn 0.426580 0.464074 0.776315
vn 0.380862 0.531414 0.756666
vn 0.140070 0.525692 0.839064
vn 0.102002 0.478961 0.871890
vn -0.663345 0.227162 0.713001
vn -0.916853 -0.372540 0.143508
vn -0.926562 -0.045894 0.373331
vn -0.698310 0.618194 -0.360833
vn -0.783235 0.596671 -0.174722
vn -0.143128 0.988707 -0.044407
vn 0.018613 0.900258 -0.434959
vn 0.754702 0.629791 -0.183819
vn 0.729567 0.683393 -0.026577
vn 0.918342 -0.147852 0.367135
vn 0.984247 -0.029093 0.174387
vn 0.672546 -0.544611 0.501080
vn 0.502166 -0.518636 0.691987
vn 0.107801 -0.658589 0.744741
vn 0.057739 -0.811370 0.581674
vn -0.710331 -0.621672 0.330082
vn -0.365683 -0.679367 0.636189
vn -0.978725 -0.204380 0.018050
vn -0.989147 0.015364 -0.146123
vn -0.578246 0.732692 0.358880
vn -0.173480 0.730614 0.660385
vn 0.100194 0.652161 0.751430
vn 0.106654 0.944413 0.310979
vn 0.748940 0.639581 0.173279
vn 0.451608 0.679109 0.578672
vn 0.906689 -0.421750 0.006506
vn 0.986242 -0.112276 -0.121329
vn 0.581334 -0.813647 -0.005393
vn 0.245546 -0.920749 0.303197
vn 0.035513 -0.943038 0.330784
vn -0.040412 -0.995501 0.085698
vn -0.667350 -0.729007 0.152290
vn -0.210012 -0.918227 0.335788
vn -0.932982 -0.302889 0.194429
vn -0.986536 0.069809 0.147896
vn -0.279127 0.513015 -0.811729
vn -0.279127 0.513015 -0.811729
vn 0.153897 0.586991 -0.794832
vn 0.181090 0.587886 -0.788414
vn 0.928722 0.359095 0.092342
vn 0.928722 0.359095 0.092342
vn 0.928722 0.359095 0.092342
vn 0.928722 0.359095 0.092342
vn -0.029388 0.954169 0.297821
vn -0.029388 0.954169 0.297821
vn -0.114264 0.954192 0.276518
vn -0.114248 0.954192 0.276522
vn -0.828617 0.558914 -0.031770
vn -0.828617 0.558914 -0.031770
vn -0.828617 0.558914 -0.031770
vn -0.828617 0.558914 -0.031770
vn -0.292484 0.955534 -0.037518
vn -0.292484 0.955534 -0.037518
vn 0.146727 0.979632 -0.137084
vn 0.156810 0.977782 -0.139113
vn 0.985874 0.164391 -0.032078
vn 0.985874 0.164391 -0.032078
vn 0.985874 0.164391 -0.032078
vn 0.985874 0.164391 -0.032078
vn 0.125490 0.529772 0.838805
vn 0.125490 0.529772 0.838805
vn 0.045149 0.539732 0.840625
vn 0.043080 0.539942 0.840599
vn -0.673699 0.347304 0.652312
vn -0.673699 0.347304 0.652312
vn -0.673699 0.347304 0.652312
vn -0.673699 0.347304 0.652312
vn -0.052406 0.998385 -0.021927
vn -0.052406 0.998385 -0.021927
vn -0.029822 0.999463 -0.013592
vn -0.029582 0.999471 -0.013504
vn -0.853796 0.418980 -0.309012
vn -0.853796 0.418980 -0.309012
vn -0.853796 0.418980 -0.309012
vn -0.853796 0.418980 -0.309012
vn 0.034875 -0.999384 -0.003859
vn 0.044035 -0.996480 -0.071337
vn 0.050591 -0.996513 -0.066355
vn 0.037487 -0.999295 -0.002226
vn 0.964732 0.033693 0.261068
vn 0.965490 0.030368 0.258666
vn 0.965503 0.030310 0.258623
vn 0.964732 0.033693 0.261068
vn 0.101749 0.705383 0.701485
vn 0.101749 0.705383 0.701485
vn 0.145435 0.680885 0.717805
vn 0.148492 0.679092 0.718877
vn -0.821674 0.489872 0.291336
vn -0.821674 0.489872 0.291336
vn -0.821675 0.489872 0.291336
vn -0.821674 0.489872 0.291336
vn -0.157128 -0.669579 -0.725930
vn -0.192039 -0.586351 -0.786965
vn -0.174052 -0.610852 -0.772377
vn -0.145520 -0.691171 -0.707889
vn 0.985339 -0.165608 -0.040990
vn 0.981948 -0.163069 -0.095848
vn 0.981763 -0.162964 -0.097897
vn 0.985339 -0.165608 -0.040990
vn -0.230831 -0.826015 -0.514214
vn 0.973086 -0.208401 0.098353
vn -0.816366 -0.415908 -0.400709
vn -0.919646 -0.217027 -0.327340
vn -0.848641 0.520450 -0.094554
vn 0.036126 0.870432 -0.490961
vn -0.280782 0.956072 -0.084188
vn -0.457447 0.883434 0.101427
vn 0.334037 0.845717 0.416150
vn 0.446598 0.754166 0.481440
vn 0.727201 0.320930 0.606781
vn 0.840755 0.261293 0.474192
vn 0.920437 -0.362705 0.145746
vn 0.810052 -0.212317 0.546569
vn 0.745746 -0.653508 0.129575
vn 0.557342 -0.779911 -0.284796
vn 0.217704 0.012935 -0.975929
vn 0.818595 -0.145576 -0.555616
vn 0.831639 -0.158403 -0.532245
vn 0.784781 -0.488205 0.381804
vn 0.382786 -0.561576 0.733558
vn -0.377494 -0.261219 0.888405
vn -0.873636 0.214408 0.436795
vn -0.865084 0.312727 -0.392214
vn -0.364391 0.186613 -0.912357
vn -0.874258 -0.402361 0.271621
vn -0.847392 -0.529257 0.042584
vn -0.913307 -0.063555 -0.402281
vn -0.858806 -0.315506 -0.403620
vn -0.461444 0.009507 -0.887118
vn -0.530332 0.551684 -0.643733
vn -0.058075 0.876334 -0.478191
vn 0.276104 0.371368 -0.886483
vn 0.856135 0.344434 -0.385225
vn 0.434099 0.885047 -0.168077
vn 0.907250 0.252195 0.336593
vn 0.949616 0.086121 0.301350
vn 0.564308 -0.055911 0.823669
vn 0.819491 -0.103378 0.563692
vn -0.035727 -0.743415 0.667876
vn -0.300967 -0.240028 0.922933
vn 0.487750 -0.862625 -0.134085
vn 0.143457 -0.699238 -0.700347
vn 0.782584 -0.310337 -0.539679
vn 0.916566 -0.300456 -0.263882
vn 0.851289 0.381933 -0.359769
vn 0.937185 0.189755 -0.292706
vn 0.301533 0.945988 0.119097
vn 0.156577 0.959617 -0.233705
vn -0.565001 0.795568 0.218734
vn -0.746741 0.389243 0.539321
vn -0.907911 0.190985 0.373126
vn -0.821667 0.262358 0.505996
vn -0.772596 -0.518175 0.366865
vn -0.817276 -0.344666 -0.461806
vn -0.403101 -0.579969 -0.707916
vn -0.275722 -0.958187 0.076516
vn -0.348594 -0.917377 0.192098
vn -0.348594 -0.917377 0.192098
vn -0.348594 -0.917377 0.192098
vn -0.348594 -0.917377 0.192098
vn 0.990354 -0.112478 -0.080916
vn 0.990354 -0.112478 -0.080916
vn 0.993237 0.033705 -0.111101
vn 0.514601 0.209184 -0.831522
vn -0.278390 0.838966 -0.467584
vn -0.172201 0.450250 -0.876140
vn -0.730064 -0.036531 -0.682402
vn -0.574159 0.268264 0.773548
vn -0.900298 -0.433764 -0.036222
vn -0.681141 -0.283223 0.675153
vn -0.601499 -0.533796 0.594357
vn 0.065940 -0.627484 0.775833
vn 0.065331 -0.420537 0.904920
vn 0.780059 -0.226846 0.583137
vn 0.728123 -0.459821 0.508332
vn 0.978750 -0.187147 -0.083815
vn 0.991540 0.128787 0.016186
vn 0.641602 0.368209 -0.672881
vn 0.596732 0.143413 -0.789521
vn -0.073324 0.258431 -0.963243
vn -0.065389 0.366479 -0.928126
vn -0.738487 0.331264 -0.587283
vn -0.748297 0.110685 -0.654064
vn -0.963641 -0.255809 0.077189
vn -0.987699 0.059395 0.144646
vn -0.929314 0.079690 -0.360590
vn -0.972766 -0.068957 0.221292
vn -0.948958 -0.064775 0.308679
vn -0.551164 0.273456 -0.788315
vn -0.552369 0.165456 -0.817015
vn -0.368685 0.174079 -0.913109
vn -0.353230 0.315223 -0.880831
vn -0.282556 0.348456 -0.893723
vn -0.340589 0.192096 -0.920379
vn -0.300760 0.217647 -0.928533
vn -0.230459 0.380289 -0.895695
vn -0.017990 0.398910 -0.916814
vn -0.095681 0.223196 -0.970066
vn 0.965384 -0.229807 0.123376
vn 0.946461 -0.263359 0.186692
vn 0.926127 -0.107335 -0.361619
vn 0.922835 -0.065440 -0.379596
vn 0.482967 -0.511279 0.710870
vn 0.411972 -0.490662 0.767808
vn 0.642761 -0.417028 0.642608
vn 0.754019 -0.391252 0.527614
vn 0.125850 -0.513647 0.848722
vn 0.176415 -0.491273 0.852953
vn 0.305305 -0.495389 0.813252
vn 0.297989 -0.555146 0.776540
vn -0.626667 -0.209916 0.750483
vn -0.659246 -0.218547 0.719467
vn -0.120716 -0.418111 0.900339
vn -0.197992 -0.386882 0.900623
vn 0.150476 -0.554795 0.818266
vn -0.061324 -0.413645 0.908370
vn -0.768504 -0.167336 0.617577
vn 0.399939 -0.611533 0.682698
vn 0.361359 -0.588888 0.722932
vn 0.268441 -0.603428 0.750875
vn 0.462594 0.239746 0.853539
vn 0.462594 0.239746 0.853539
vn 0.899701 -0.266529 0.345689
vn 0.493318 -0.477170 0.727287
vn -0.018586 -0.304508 0.952328
vn 0.166765 -0.469189 0.867209
vn 0.574704 0.096946 0.812599
vn 0.624247 0.684216 0.377047
vn 0.491780 0.852782 -0.175828
vn -0.038886 0.967144 -0.251238
vn -0.529722 0.841223 -0.108350
vn 0.597625 0.574956 -0.558811
vn 0.520318 0.306617 -0.797029
vn -0.251029 -0.491234 -0.834070
vn -0.139123 -0.404446 -0.903918
vn -0.189169 -0.395402 -0.898817
vn -0.472398 -0.321206 -0.820772
vn -0.472398 -0.321206 -0.820772
vn -0.361279 -0.401503 -0.841589
vn -0.804702 -0.546340 -0.232308
vn -0.317689 -0.405246 -0.857233
vn -0.574974 -0.511946 -0.638213
vn 0.472308 0.034103 -0.880774
vn 0.521068 -0.067689 -0.850827
vn 0.175220 -0.250995 -0.951998
vn 0.175220 -0.250995 -0.951998
vn -0.217158 -0.365424 -0.905156
vn -0.210775 -0.363991 -0.907240
vn 0.083447 -0.973312 -0.213776
vn 0.076698 -0.985122 -0.153791
vn 0.057253 -0.996426 -0.062116
vn -0.213630 -0.438650 -0.872896
vn -0.191179 -0.511857 -0.837528
vn -0.157384 -0.632673 -0.758258
vn 0.906392 -0.116087 -0.406174
vn 0.906392 -0.116087 -0.406174
vn 0.906392 -0.116087 -0.406174
vn 0.906392 -0.116087 -0.406174
vn 0.944993 -0.137373 -0.296845
vn 0.884283 0.466949 0.001266
vn 0.416710 -0.885560 -0.205273
vn 0.416710 -0.885560 -0.205273
vn 0.416712 -0.885560 -0.205269
vn 0.416712 -0.885560 -0.205269
vn 0.416713 -0.885560 -0.205267
vn 0.416713 -0.885560 -0.205267
vn 0.416713 -0.885560 -0.205266
vn 0.416713 -0.885560 -0.205266
vn -0.941606 -0.151461 0.300728
vn -0.941606 -0.151461 0.300728
vn -0.941606 -0.151461 0.300728
vn -0.941606 -0.151461 0.300728
vn -0.988737 -0.117394 0.092828
vn -0.943887 -0.049418 0.326552
vn 0.301835 0.067330 0.950980
vn 0.301835 0.067330 0.950980
vn 0.301835 0.067329 0.950980
vn 0.301835 0.067329 0.950980
vn 0.301835 0.067329 0.950980
vn 0.301835 0.067329 0.950980
vn 0.301835 0.067329 0.950980
vn 0.301835 0.067329 0.950980
vn 0.318347 -0.515424 -0.795609
vn 0.411453 -0.507045 -0.757372
vn 0.505154 -0.492591 -0.708641
vn 0.211355 -0.636780 -0.741512
vn -0.103911 -0.711910 -0.694541
vn 0.888901 0.372207 0.267052
vn 0.872236 0.416704 0.256052
vn 0.872236 0.416704 0.256052
vn 0.976020 0.135203 -0.170604
vn 0.976020 0.135203 -0.170604
vn -0.413797 0.485301 0.770231
vn -0.506582 0.396347 0.765692
vn -0.574627 0.320648 0.752987
vn -0.157555 0.515292 0.842408
vn 0.317890 0.597356 0.736283
vn -0.878057 -0.460776 -0.129238
vn -0.878057 -0.460776 -0.129238
vn -0.866665 -0.478645 -0.140678
vn -0.865411 -0.480549 -0.141902
vn -0.852376 -0.499661 -0.154257
vn -0.852376 -0.499661 -0.154257
vn -0.953074 -0.252131 0.167572
vn -0.953074 -0.252131 0.167572
vn 0.257825 -0.444920 -0.857656
vn 0.246680 -0.485728 -0.838581
vn 0.235586 -0.523576 -0.818760
vn -0.051257 -0.568106 -0.821357
vn -0.369092 -0.560760 -0.741161
vn 0.994007 0.095415 0.053342
vn 0.994007 0.095415 0.053342
vn 0.992268 0.098227 0.075862
vn 0.992633 0.097704 0.071646
vn 0.990362 0.100604 0.095197
vn 0.990362 0.100604 0.095197
vn 0.969773 -0.075849 -0.231919
vn 0.969773 -0.075849 -0.231919
vn -0.375336 0.346639 0.859631
vn 0.074861 0.415432 0.906539
vn 0.463424 0.403700 0.788837
vn -0.944331 -0.312689 -0.102299
vn -0.947710 -0.302216 -0.102527
vn -0.963603 -0.246479 -0.103522
vn -0.963603 -0.246479 -0.103522
vn -0.942237 0.004949 0.334910
vn -0.942237 0.004949 0.334910
vn 0.763221 0.566558 -0.310653
vn 0.079041 0.807749 -0.584204
vn -0.647379 0.563677 -0.512999
vn 0.814880 -0.523498 0.248836
vn 0.996881 0.061219 0.049804
vn -0.937063 -0.348889 -0.013729
vn -0.043259 -0.967057 0.250858
vn -0.960386 0.125073 -0.249028
vn 0.805485 0.588411 -0.070469
vn 0.123769 0.991099 0.049024
vn -0.666098 0.735458 0.124157
vn 0.806170 -0.524822 -0.273223
vn 0.987254 0.009728 -0.158856
vn -0.948635 -0.316338 0.004683
vn -0.181517 -0.945125 -0.271644
vn -0.978553 0.176573 0.106092
vn 0.597748 0.535902 -0.596244
vn 0.597748 0.535902 -0.596244
vn 0.670198 0.170327 -0.722374
vn 0.670198 0.170327 -0.722374
vn 0.240711 0.183451 -0.953102
vn 0.229559 0.183227 -0.955893
vn -0.254771 0.152000 -0.954981
vn -0.254771 0.152000 -0.954981
vn 0.719072 0.592961 0.362399
vn 0.719072 0.592961 0.362399
vn 0.719072 0.592961 0.362399
vn 0.719072 0.592961 0.362399
vn 0.966170 0.027315 0.256455
vn 0.966170 0.027315 0.256455
vn 0.998248 0.057935 0.012057
vn 0.998248 0.057935 0.012057
vn 0.998248 0.057935 0.012057
vn 0.998248 0.057935 0.012057
vn -0.198193 0.946917 0.253118
vn -0.198192 0.946917 0.253118
vn -0.252771 -0.481495 0.839208
vn -0.252771 -0.481495 0.839208
vn -0.208870 -0.480070 0.852001
vn -0.208878 -0.480071 0.851999
vn -0.164563 -0.477643 0.863004
vn -0.164563 -0.477643 0.863004
vn -0.877685 0.308740 -0.366536
vn -0.877685 0.308740 -0.366536
vn -0.877685 0.308740 -0.366536
vn -0.877685 0.308740 -0.366536
vn -0.875572 0.014321 -0.482875
vn -0.875572 0.014321 -0.482875
vn -0.875572 0.014321 -0.482875
vn -0.875572 0.014321 -0.482875
vn -0.966306 -0.025499 -0.256130
vn -0.965488 -0.029356 -0.258787
vn -0.965510 -0.029257 -0.258719
vn -0.966306 -0.025499 -0.256130
vn 0.542145 0.814452 -0.206753
vn 0.542145 0.814452 -0.206753
vn 0.481918 0.668511 -0.566434
vn 0.481918 0.668511 -0.566434
vn 0.063226 0.838044 -0.541928
vn 0.059402 0.838790 -0.541204
vn -0.385646 0.832072 -0.398665
vn -0.385646 0.832072 -0.398665
vn 0.926036 0.086503 0.367389
vn 0.926036 0.086503 0.367388
vn 0.926036 0.086503 0.367388
vn 0.926036 0.086503 0.367388
vn 0.976203 -0.160296 -0.146059
vn 0.976203 -0.160296 -0.146059
vn 0.947083 0.034564 -0.319122
vn 0.947083 0.034564 -0.319122
vn 0.947083 0.034564 -0.319122
vn 0.947083 0.034564 -0.319122
vn -0.037586 0.546274 0.836763
vn -0.037586 0.546274 0.836763
vn -0.178247 -0.916739 0.357518
vn -0.178247 -0.916739 0.357517
vn -0.131912 -0.923459 0.360310
vn -0.131718 -0.923483 0.360320
vn -0.085190 -0.928155 0.362313
vn -0.085190 -0.928155 0.362313
vn -0.838477 0.420118 0.347071
vn -0.838477 0.420118 0.347071
vn -0.838477 0.420118 0.347071
vn -0.838477 0.420118 0.347071
vn -0.943281 0.324717 0.069140
vn -0.943281 0.324717 0.069140
vn -0.943281 0.324717 0.069140
vn -0.943281 0.324717 0.069140
vn -0.976185 0.156592 0.150138
vn -0.981200 0.166035 0.098378
vn -0.980613 0.164624 0.106292
vn -0.976185 0.156592 0.150138
vn -0.006755 0.999964 -0.005078
vn -0.006755 0.999964 -0.005078
vn -0.140006 0.990126 0.006966
vn -0.140006 0.990126 0.006966
vn -0.047078 0.998422 0.030608
vn -0.046855 0.998431 0.030664
vn 0.046424 0.997461 0.054000
vn 0.046424 0.997461 0.054000
vn -0.964591 -0.033476 -0.261619
vn -0.964591 -0.033476 -0.261619
vn -0.951363 -0.271330 -0.145909
vn -0.951362 -0.271330 -0.145909
vn -0.951362 -0.271330 -0.145909
vn -0.951363 -0.271330 -0.145909
vn -0.824776 0.520323 -0.221378
vn -0.824776 0.520323 -0.221378
vn -0.824776 0.520323 -0.221378
vn -0.824776 0.520323 -0.221378
vn 0.040112 -0.999195 -0.000585
vn 0.101441 -0.986947 0.125079
vn 0.101441 -0.986947 0.125079
vn 0.012647 -0.994852 0.100546
vn 0.012714 -0.994849 0.100565
vn -0.076343 -0.994247 0.075129
vn -0.076343 -0.994247 0.075129
vn 0.865831 0.472450 0.164705
vn 0.865831 0.472450 0.164705
vn 0.865831 0.472450 0.164705
vn 0.865831 0.472450 0.164705
vn 0.783757 0.584762 0.209233
vn 0.783757 0.584762 0.209233
vn 0.783757 0.584762 0.209233
vn 0.783757 0.584762 0.209233
vn 0.913245 -0.196165 0.357075
vn 0.913245 -0.196165 0.357075
vn 0.913245 -0.196165 0.357075
vn 0.913245 -0.196165 0.357075
vn 0.191982 0.652421 0.733137
vn 0.191982 0.652421 0.733137
vn 0.006345 0.717854 0.696164
vn 0.006345 0.717854 0.696164
vn 0.095196 0.715378 0.692222
vn 0.100213 0.715068 0.691835
vn 0.185293 0.706987 0.682522
vn 0.185293 0.706987 0.682522
vn -0.983435 0.174649 0.048518
vn -0.983435 0.174649 0.048518
vn -0.992020 -0.080264 -0.097230
vn -0.992020 -0.080264 -0.097230
vn -0.992020 -0.080264 -0.097230
vn -0.992020 -0.080264 -0.097230
vn -0.750547 0.554685 0.359172
vn -0.750547 0.554685 0.359172
vn -0.750547 0.554685 0.359172
vn -0.750547 0.554685 0.359172
vn -0.134352 -0.711118 -0.690117
vn -0.010276 -0.822217 -0.569081
vn -0.010276 -0.822217 -0.569081
vn -0.108408 -0.803843 -0.584879
vn -0.107024 -0.804161 -0.584697
vn -0.206084 -0.777048 -0.594748
vn -0.206084 -0.777049 -0.594748
vn 0.958638 0.183845 0.217290
vn 0.958638 0.183845 0.217290
vn 0.958638 0.183845 0.217290
vn 0.958638 0.183845 0.217290
vn 0.878269 0.290047 0.380154
vn 0.878269 0.290047 0.380154
vn 0.878269 0.290047 0.380154
vn 0.878269 0.290046 0.380154
vn 0.920040 -0.389898 -0.038809
vn 0.920040 -0.389898 -0.038809
vn 0.920040 -0.389898 -0.038809
vn 0.920040 -0.389898 -0.038809
vn -0.526192 -0.127438 -0.840763
vn -0.834221 -0.375987 -0.403372
vn -0.858976 -0.475037 0.191050
vn 0.930190 0.235820 -0.281309
vn 0.286086 0.269081 -0.919647
vn 0.592716 -0.123836 0.795835
vn 0.949210 0.061457 0.308582
vn -0.290805 -0.342822 0.893256
vn 0.905605 0.316257 -0.282596
vn 0.937082 -0.282484 -0.205135
vn 0.626261 -0.775727 -0.077749
vn -0.529465 0.789654 0.310021
vn 0.246881 0.957979 -0.146033
vn -0.787361 -0.347284 0.509370
vn -0.808517 0.275825 0.519827
vn -0.208175 -0.957989 0.197281
vn 0.730655 -0.660037 0.174627
vn 0.730655 -0.660037 0.174627
vn 0.730655 -0.660037 0.174627
vn 0.730655 -0.660037 0.174627
vn 0.766216 -0.628872 0.132035
vn 0.106457 -0.864226 0.491711
vn -0.575826 -0.761316 0.298031
vn 0.727329 -0.557039 -0.400875
vn -0.796876 -0.604142 0.000899
vn -0.796876 -0.604142 0.000899
vn -0.741618 -0.655748 -0.141410
vn 0.489532 0.123182 -0.863241
vn -0.298211 -0.301770 0.905541
vn -0.767951 -0.431342 0.473492
vn -0.767951 -0.431342 0.473492
vn -0.297398 -0.301475 0.905907
vn -0.896125 -0.349759 -0.273181
vn -0.896125 -0.349759 -0.273181
vn -0.896125 -0.349759 -0.273181
vn -0.896125 -0.349759 -0.273181
vn -0.828452 -0.268732 -0.491376
vn -0.828452 -0.268732 -0.491376
vn -0.828452 -0.268732 -0.491376
vn -0.828452 -0.268732 -0.491376
vn -0.223270 0.150679 -0.963040
vn 0.266355 0.368305 -0.890734
vn 0.266386 0.368317 -0.890720
vn -0.223270 0.150679 -0.963040
vn 0.579512 0.461134 -0.671954
vn 0.579512 0.461134 -0.671954
vn 0.860871 0.337420 0.380852
vn 0.860871 0.337420 0.380852
vn 0.860871 0.337420 0.380852
vn 0.860871 0.337420 0.380852
vn 0.852865 0.327913 0.406318
vn 0.852865 0.327913 0.406318
vn 0.852865 0.327913 0.406318
vn 0.852865 0.327913 0.406318
vn 0.146640 -0.117204 0.982222
vn 0.146640 -0.117204 0.982222
vn -0.264109 -0.957295 0.117611
vn 0.252395 -0.966715 -0.041945
vn 0.252395 -0.966715 -0.041945
vn -0.264142 -0.957285 0.117621
vn 0.880409 -0.397904 -0.257979
vn 0.880409 -0.397904 -0.257979
vn 0.880408 -0.397904 -0.257979
vn 0.880409 -0.397904 -0.257979
vn 0.940973 -0.166139 -0.294903
vn 0.940973 -0.166139 -0.294903
vn 0.940973 -0.166139 -0.294903
vn 0.940973 -0.166139 -0.294903
vn 0.755790 0.572738 -0.317414
vn 0.241728 0.951725 -0.189174
vn 0.240950 0.951969 -0.188942
vn 0.755790 0.572738 -0.317414
vn -0.221063 0.974542 -0.037413
vn -0.221062 0.974542 -0.037413
vn -0.920354 0.299429 0.251578
vn -0.920354 0.299429 0.251578
vn -0.920354 0.299429 0.251578
vn -0.920354 0.299429 0.251578
vn -0.927534 0.272367 0.255925
vn -0.927534 0.272367 0.255925
vn -0.927534 0.272367 0.255925
vn -0.927534 0.272367 0.255925
vn -0.597585 -0.772736 0.213943
vn -0.597585 -0.772736 0.213943
s 1
g pCube1
usemtl pCube1SG
f 101/1/1 1/2/2 98/3/3 97/4/4
f 99/5/5 2/6/6 103/7/7 102/8/8
f 104/9/9 3/10/10 107/11/11 106/12/12
s 3
f 114/13/13 5/14/14 111/15/15 110/16/16
f 112/17/17 6/18/18 116/19/19 115/20/20
f 117/21/21 7/22/22 120/23/23 119/24/24
f 126/25/25 9/26/26 113/27/27 123/28/28
f 124/29/29 10/30/30 118/31/31 127/32/32
f 128/33/33 11/34/34 122/35/35 130/36/36
f 136/424/37 13/38/38 125/39/39 133/474/40
f 141/401/41 85/42/42 138/43/43 137/473/44
f 145/413/45 15/477/46 132/47/47 142/472/48
f 149/49/49 17/50/50 135/51/51 146/52/52
f 147/53/53 18/54/54 151/470/55 150/56/56
f 152/57/57 19/58/58 144/59/59 154/60/60
f 160/61/61 21/62/62 148/63/63 157/64/64
f 158/65/65 22/66/66 153/67/67 161/68/68
f 162/69/69 23/70/70 156/71/71 164/72/72
f 171/73/73 90/74/74 168/75/75 167/76/76
f 169/77/77 91/78/78 173/79/79 172/80/80
f 174/81/81 92/82/82 177/83/83 176/84/84
s 10
f 184/85/85 49/86/86 181/87/87 180/88/88
s 1
f 187/464/89 30/90/90 175/91/91 185/469/92
s 12
f 192/93/93 53/94/94 189/95/95 188/96/96
s off
f 108/97/97 4/98/98 194/99/99 193/100/100
s 3
f 121/101/101 8/102/102 197/103/103 196/104/104
s 13
f 378/105/105 377/106/106 379/107/107 380/108/108
s off
f 171/73/109 29/109/110 204/110/111 203/111/112
s 3
f 160/61/61 25/112/113 207/113/114 206/114/115
s 14
f 386/501/116 387/116/117 388/117/118 389/118/119
s 15
f 216/119/120 29/109/121 170/120/122 213/121/123
s 1
f 214/122/124 30/90/90 187/464/89 217/123/125
f 218/124/126 2/6/6 98/3/127 220/125/128
s 17
f 221/126/129 1/2/130 204/462/131 223/127/132
s 18
f 228/128/133 31/129/134 179/130/135 225/131/136
s 19
f 226/132/137 32/133/138 194/460/139 229/134/140
s 1
f 230/135/141 4/98/142 107/11/143 232/136/144
f 233/137/145 3/10/10 186/458/146 235/139/147
s 21
f 240/140/148 33/141/149 215/142/150 237/143/151
f 238/144/152 34/145/153 219/454/154 241/147/155
f 242/148/156 35/149/157 222/150/158 244/151/159
f 245/152/160 36/153/161 224/447/162 247/155/163
s 22
f 252/156/164 37/157/165 227/158/166 249/159/167
f 250/160/168 38/161/169 231/441/170 253/163/171
f 254/164/172 39/165/173 234/166/174 256/167/175
f 257/168/176 40/169/177 236/434/178 259/171/179
s 23
f 263/524/180 41/479/181 239/174/182 261/528/183
s off
f 262/176/184 42/177/185 243/178/186 264/527/187
s 24
f 270/511/188 58/181/189 267/182/190 266/525/191
s off
f 272/516/192 44/448/193 248/186/194 271/523/195
s 25
f 275/518/196 45/478/197 251/190/198 273/522/199
s off
f 274/192/200 46/193/201 255/194/202 276/521/203
s 26
f 282/505/204 62/197/205 279/198/206 278/519/207
s off
f 284/510/208 48/435/209 260/202/210 283/517/211
s 27
f 287/204/212 43/450/213 246/206/214 285/207/215
s off
f 286/208/216 44/448/217 272/516/218 288/209/219
s 10
f 289/210/220 52/211/221 183/212/222 290/213/223
s 28
f 291/214/224 51/215/225 265/513/226 292/217/227
s 29
f 295/218/228 47/437/229 258/220/230 293/221/231
s off
f 294/222/232 48/435/233 284/510/234 296/223/235
s 12
f 297/224/236 56/225/237 191/226/238 298/227/239
s 30
f 299/228/240 55/229/241 277/507/242 300/231/243
s 3
f 304/232/244 12/233/245 198/430/246 301/235/247
f 302/236/248 24/237/249 155/238/250 305/239/251
f 306/240/252 20/241/253 143/428/254 308/243/255
f 309/244/256 16/245/257 131/246/258 311/247/259
f 316/248/260 21/62/62 208/426/261 313/250/262
f 314/251/263 9/26/26 126/25/25 317/252/264
f 318/253/265 13/38/38 136/424/37 320/254/266
f 321/255/267 17/50/50 149/49/49 323/256/268
f 327/257/269 66/258/270 303/422/271 325/260/272
f 326/261/273 65/262/274 307/263/275 328/264/276
f 329/265/277 67/266/278 310/420/279 330/268/280
f 331/269/281 68/270/282 312/271/283 332/272/284
f 335/273/285 69/274/286 315/418/287 333/276/288
f 334/277/289 70/278/290 319/279/291 336/280/292
f 337/281/293 71/282/294 322/416/295 338/284/296
f 339/285/297 72/286/298 324/287/299 340/288/300
s off
f 344/289/301 14/480/302 129/291/303 341/292/304
s 3
f 342/293/305 15/46/306 145/414/45 345/294/307
f 346/295/308 19/471/58 151/55/309 348/296/310
f 349/297/311 18/475/54 134/410/312 351/299/313
f 355/300/314 81/301/315 343/302/316 353/303/317
f 354/304/318 82/305/319 347/406/320 356/307/321
f 357/308/322 83/309/323 350/310/324 358/311/325
f 359/312/326 84/313/327 352/403/328 360/315/329
f 363/316/330 90/74/74 205/400/331 361/318/332
f 363/316/330 25/112/113 159/319/333 364/320/334
f 365/321/335 26/322/336 163/323/337 366/324/338
f 367/325/339 27/326/340 166/327/341 368/328/342
f 371/329/343 94/330/344 195/397/345 370/332/346
f 373/333/347 95/334/348 109/335/349 372/336/350
f 375/337/351 96/338/352 105/339/353 374/340/354
f 362/341/355 89/342/356 100/343/357 376/344/358
s 1
f 98/3/3 2/6/6 99/5/5 97/4/4
s 3
f 99/5/359 96/338/352 100/343/357 97/4/360
f 100/343/357 89/342/356 101/1/361 97/4/360
s 1
f 103/7/7 3/10/10 104/9/9 102/8/362
s 3
f 104/9/363 95/334/348 105/339/353 102/8/364
f 105/339/353 96/338/352 99/5/359 102/8/364
s 1
f 107/11/11 4/98/365 108/97/366 106/12/12
s 3
f 108/97/367 94/330/344 109/335/349 106/12/368
f 109/335/349 95/334/348 104/9/363 106/12/368
f 111/15/15 6/18/18 112/17/17 110/16/16
f 112/17/17 10/30/30 113/27/27 110/16/16
f 113/27/27 9/26/26 114/13/13 110/16/16
f 116/19/19 7/22/22 117/21/21 115/20/20
f 117/21/21 11/34/34 118/31/31 115/20/20
f 118/31/31 10/30/30 112/17/17 115/20/20
f 120/23/23 8/102/102 121/101/101 119/24/24
f 121/101/101 12/233/245 122/35/35 119/24/24
f 122/35/35 11/34/34 117/21/21 119/24/24
f 113/27/27 10/30/30 124/29/29 123/28/28
f 124/29/29 14/290/369 125/39/39 123/28/28
f 125/39/39 13/38/38 126/25/25 123/28/28
f 118/31/31 11/34/34 128/33/33 127/32/32
f 128/33/33 15/477/46 129/476/370 127/32/32
f 129/476/370 14/290/369 124/29/29 127/32/32
f 122/35/35 12/233/245 131/246/258 130/36/36
f 131/246/258 16/245/257 132/47/47 130/36/36
f 132/47/47 15/477/46 128/33/33 130/36/36
f 125/39/39 14/290/369 134/408/312 133/474/40
f 134/409/312 18/54/54 135/51/51 133/40/40
f 135/51/51 17/50/50 136/37/37 133/40/40
f 138/43/43 86/345/371 139/346/372 137/473/44
f 139/404/372 87/347/373 140/348/374 137/44/44
f 140/348/374 88/349/375 141/41/41 137/44/44
f 132/47/47 16/245/257 143/242/254 142/472/48
f 143/428/254 20/241/253 144/59/59 142/48/48
f 144/59/59 19/58/58 145/412/45 142/48/48
f 135/51/51 18/54/54 147/53/53 146/52/52
f 147/53/53 22/66/66 148/63/63 146/52/52
f 148/63/63 21/62/62 149/49/49 146/52/52
f 151/470/55 19/58/58 152/57/57 150/56/56
f 152/57/57 23/70/70 153/67/67 150/56/56
f 153/67/67 22/66/66 147/53/53 150/56/56
f 144/59/59 20/241/253 155/238/250 154/60/60
f 155/238/250 24/237/249 156/71/71 154/60/60
f 156/71/71 23/70/70 152/57/57 154/60/60
f 148/63/63 22/66/66 158/65/65 157/64/64
f 158/65/65 26/322/336 159/319/333 157/64/64
f 159/319/333 25/112/113 160/61/61 157/64/64
f 153/67/67 23/70/70 162/69/69 161/68/68
f 162/69/69 27/326/340 163/323/337 161/68/68
f 163/323/337 26/322/336 158/65/65 161/68/68
f 156/71/71 24/237/249 165/350/376 164/72/72
f 165/350/376 28/351/377 166/327/341 164/72/72
f 166/327/341 27/326/340 162/69/69 164/72/72
f 168/75/75 91/78/78 169/77/77 167/76/76
s 1
f 169/77/378 30/90/90 170/120/379 167/76/380
f 170/120/379 29/109/381 171/73/382 167/76/380
s 3
f 173/79/79 92/82/82 174/81/81 172/80/80
s 1
f 174/81/383 31/129/384 175/91/91 172/80/385
f 175/91/91 30/90/90 169/77/378 172/80/386
s 3
f 177/83/83 93/352/387 178/353/388 176/84/84
s 1
f 178/353/389 32/133/390 179/130/391 176/84/392
f 179/130/391 31/129/384 174/81/383 176/84/392
s 10
f 181/87/87 50/354/393 182/355/394 180/88/88
f 182/355/394 51/215/395 183/212/222 180/88/88
f 183/212/222 52/211/221 184/85/85 180/88/88
s 1
f 175/91/91 31/129/384 186/138/146 185/469/92
f 186/458/146 3/10/10 103/7/7 185/92/92
f 103/7/7 2/6/6 187/89/89 185/92/92
s 12
f 189/95/95 54/356/396 190/357/397 188/96/96
f 190/357/397 55/229/398 191/226/238 188/96/96
f 191/226/238 56/225/237 192/93/93 188/96/96
s off
f 194/460/399 32/133/400 178/353/401 193/468/402
s 3
f 178/353/388 93/352/387 195/331/345 193/468/403
f 195/397/345 94/330/344 108/97/367 193/100/403
f 197/395/103 28/351/377 165/350/376 196/467/104
f 165/350/376 24/237/249 198/234/404 196/467/104
f 198/430/404 12/233/245 121/101/101 196/104/104
s 41
f 379/107/405 381/358/406 382/503/407 380/108/408
f 382/359/407 383/360/409 384/361/410 380/108/408
s 13
f 384/361/411 385/362/412 378/105/105 380/108/108
s off
f 204/462/413 1/2/414 101/1/415 203/466/416
s 3
f 101/1/361 89/342/356 205/317/331 203/466/417
f 205/400/331 90/74/74 171/73/73 203/111/417
f 207/398/114 5/14/14 114/13/13 206/465/115
f 114/13/13 9/26/26 208/249/418 206/465/115
f 208/426/418 21/62/62 160/61/61 206/114/115
s 42
f 388/117/419 390/363/420 391/364/421 389/118/422
f 391/364/421 392/365/423 393/366/424 389/118/422
s 14
f 393/366/425 394/367/426 386/115/116 389/118/119
s 15
f 170/120/122 30/90/427 214/122/428 213/121/123
f 214/122/428 34/145/429 215/142/430 213/121/123
f 215/142/430 33/141/431 216/119/120 213/121/123
s 1
f 187/89/89 2/6/6 218/124/126 217/463/432
f 218/124/126 35/149/433 219/146/434 217/463/432
f 219/454/435 34/145/436 214/122/124 217/123/125
f 98/3/127 1/2/437 221/126/438 220/125/128
f 221/126/438 36/153/439 222/150/440 220/125/128
f 222/150/440 35/149/441 218/124/126 220/125/128
s 43
f 204/110/442 29/109/443 216/119/444 223/461/445
f 216/119/444 33/141/446 224/154/447 223/461/445
s 17
f 224/447/448 36/153/449 221/126/129 223/127/132
s 18
f 179/130/135 32/133/450 226/132/451 225/131/136
f 226/132/451 38/161/452 227/158/453 225/131/136
f 227/158/453 37/157/454 228/128/133 225/131/136
s 44
f 194/99/455 4/98/456 230/135/457 229/459/458
f 230/135/457 39/165/459 231/162/460 229/459/458
s 19
f 231/441/461 38/161/462 226/132/137 229/134/140
s 1
f 107/11/143 3/10/10 233/137/145 232/136/144
f 233/137/145 40/169/463 234/166/464 232/136/144
f 234/166/464 39/165/465 230/135/141 232/136/144
f 186/138/146 31/129/384 228/128/466 235/457/467
f 228/128/466 37/157/468 236/170/469 235/457/467
f 236/434/470 40/169/471 233/137/145 235/139/147
s 21
f 215/142/150 34/145/153 238/144/152 237/143/151
f 238/144/152 42/456/472 239/455/473 237/143/151
f 239/455/473 41/173/474 240/140/148 237/143/151
f 219/146/154 35/149/157 242/148/156 241/453/155
f 242/148/156 43/205/475 243/451/476 241/453/155
f 243/452/476 42/456/472 238/144/152 241/147/155
f 222/150/158 36/153/161 245/152/160 244/151/159
f 245/152/160 44/185/477 246/449/478 244/151/159
f 246/449/478 43/205/475 242/148/156 244/151/159
f 224/154/162 33/141/149 240/140/148 247/446/163
f 240/140/148 41/173/474 248/444/479 247/446/163
f 248/445/479 44/185/477 245/152/160 247/155/163
s 22
f 227/158/166 38/161/169 250/160/168 249/159/167
f 250/160/168 46/443/480 251/442/481 249/159/167
f 251/442/481 45/189/482 252/156/164 249/159/167
f 231/162/170 39/165/173 254/164/172 253/440/171
f 254/164/172 47/219/483 255/438/484 253/440/171
f 255/439/484 46/443/480 250/160/168 253/163/171
f 234/166/174 40/169/177 257/168/176 256/167/175
f 257/168/176 48/201/485 258/436/486 256/167/175
f 258/436/486 47/219/483 254/164/172 256/167/175
f 236/170/178 37/157/165 252/156/164 259/433/179
f 252/156/164 45/189/482 260/431/487 259/433/179
f 260/432/487 48/201/485 257/168/176 259/171/179
s 23
f 239/174/182 42/177/488 262/176/489 261/528/183
s 45
f 262/526/490 50/354/491 181/87/492 261/175/493
f 181/87/492 49/86/494 263/172/495 261/175/493
s off
f 243/178/496 43/450/497 265/216/498 264/527/499
s 28
f 265/513/226 51/215/225 182/355/500 264/179/501
s off
f 182/355/502 50/354/503 262/526/504 264/179/505
s 24
f 267/182/190 57/368/506 268/369/507 266/525/191
s 46
f 268/514/508 59/370/509 269/371/510 266/183/511
f 269/371/510 60/372/512 270/180/513 266/183/511
s off
f 248/186/514 41/479/515 263/524/516 271/523/517
f 263/172/518 49/86/519 184/85/520 271/187/521
s 47
f 184/85/522 52/211/523 272/184/524 271/187/525
s 25
f 251/190/198 46/193/526 274/192/527 273/522/199
s 48
f 274/520/528 54/356/529 189/95/530 273/191/531
f 189/95/530 53/94/532 275/188/533 273/191/531
s off
f 255/194/534 47/437/535 277/230/536 276/521/537
s 30
f 277/507/242 55/229/241 190/357/538 276/195/539
s off
f 190/357/540 54/356/541 274/520/542 276/195/543
s 26
f 279/198/206 61/373/544 280/374/545 278/519/207
s 49
f 280/508/546 63/375/547 281/376/548 278/199/549
f 281/376/548 64/377/550 282/196/551 278/199/549
s off
f 260/202/552 45/478/553 275/518/554 283/517/555
f 275/188/556 53/94/557 192/93/558 283/203/559
s 50
f 192/93/560 56/225/561 284/200/562 283/203/563
s 27
f 246/206/214 44/448/564 286/208/565 285/207/215
s 51
f 286/208/566 57/368/567 267/182/568 285/207/569
f 267/182/568 58/181/570 287/204/571 285/207/569
s 47
f 272/184/524 52/211/523 289/210/572 288/515/573
s off
f 289/210/574 59/370/575 268/514/576 288/515/577
f 268/369/578 57/368/579 286/208/580 288/209/581
s 10
f 183/212/222 51/215/395 291/214/582 290/213/223
s 52
f 291/214/583 60/372/584 269/371/585 290/213/586
f 269/371/585 59/370/587 289/210/588 290/213/586
s off
f 265/216/589 43/450/590 287/204/591 292/512/592
f 287/204/593 58/181/594 270/511/595 292/512/596
f 270/180/597 60/372/598 291/214/599 292/217/600
s 29
f 258/220/230 48/435/601 294/222/602 293/221/231
s 53
f 294/222/603 61/373/604 279/198/605 293/221/606
f 279/198/605 62/197/607 295/218/608 293/221/606
s 50
f 284/200/562 56/225/561 297/224/609 296/509/610
s off
f 297/224/611 63/375/612 280/508/613 296/509/614
f 280/374/615 61/373/616 294/222/617 296/223/618
s 12
f 191/226/238 55/229/398 299/228/619 298/227/239
s 54
f 299/228/620 64/377/621 281/376/622 298/227/623
f 281/376/622 63/375/624 297/224/625 298/227/623
s off
f 277/230/626 47/437/627 295/218/628 300/506/629
f 295/218/630 62/197/631 282/505/632 300/506/633
f 282/196/634 64/377/635 299/228/636 300/231/637
s 3
f 198/234/246 24/237/249 302/236/248 301/429/247
f 302/236/248 65/262/274 303/259/271 301/429/247
f 303/422/271 66/258/270 304/232/244 301/235/247
f 155/238/250 20/241/253 306/240/252 305/239/251
f 306/240/252 67/266/278 307/263/275 305/239/251
f 307/263/275 65/262/274 302/236/248 305/239/251
f 143/242/254 16/245/257 309/244/256 308/427/255
f 309/244/256 68/270/282 310/267/279 308/427/255
f 310/420/279 67/266/278 306/240/252 308/243/255
f 131/246/258 12/233/245 304/232/244 311/247/259
f 304/232/244 66/258/270 312/271/283 311/247/259
f 312/271/283 68/270/282 309/244/256 311/247/259
f 208/249/261 9/26/26 314/251/263 313/425/262
f 314/251/263 70/278/290 315/275/287 313/425/262
f 315/418/287 69/274/286 316/248/260 313/250/262
f 126/25/25 13/38/38 318/253/265 317/252/264
f 318/253/265 71/282/294 319/279/291 317/252/264
f 319/279/291 70/278/290 314/251/263 317/252/264
f 136/37/37 17/50/50 321/255/267 320/423/266
f 321/255/267 72/286/298 322/283/295 320/423/266
f 322/416/295 71/282/294 318/253/265 320/254/266
f 149/49/49 21/62/62 316/248/260 323/256/268
f 316/248/260 69/274/286 324/287/299 323/256/268
f 324/287/299 72/286/298 321/255/267 323/256/268
f 303/259/271 65/262/274 326/261/273 325/421/272
f 326/261/273 73/497/638 199/498/639 325/421/272
f 199/499/639 74/500/640 327/257/269 325/260/272
f 307/263/275 67/266/278 329/265/277 328/264/276
f 329/265/277 75/495/641 200/496/642 328/264/276
f 200/496/642 73/497/638 326/261/273 328/264/276
f 310/267/279 68/270/282 331/269/281 330/419/280
f 331/269/281 76/492/643 201/493/644 330/419/280
f 201/494/644 75/495/641 329/265/277 330/268/280
f 312/271/283 66/258/270 327/257/269 332/272/284
f 327/257/269 74/500/640 202/491/645 332/272/284
f 202/491/645 76/492/643 331/269/281 332/272/284
f 315/275/287 70/278/290 334/277/289 333/417/288
f 334/277/289 78/490/646 209/488/647 333/417/288
f 209/489/647 77/482/648 335/273/285 333/276/288
f 319/279/291 71/282/294 337/281/293 336/280/292
f 337/281/293 79/487/649 210/486/650 336/280/292
f 210/486/650 78/490/646 334/277/289 336/280/292
f 322/283/295 72/286/298 339/285/297 338/415/296
f 339/285/297 80/485/651 211/483/652 338/415/296
f 211/484/652 79/487/649 337/281/293 338/284/296
f 324/287/299 69/274/286 335/273/285 340/288/300
f 335/273/285 77/482/648 212/481/653 340/288/300
f 212/481/653 80/485/651 339/285/297 340/288/300
s off
f 129/291/654 15/46/655 342/293/656 341/292/657
s 3
f 342/293/658 82/305/319 343/302/316 341/292/659
f 343/302/316 81/301/315 344/289/660 341/292/659
f 145/45/45 19/471/58 346/295/308 345/411/307
f 346/295/308 83/309/323 347/306/320 345/411/661
f 347/406/320 82/305/319 342/293/658 345/294/661
f 151/55/309 18/475/54 349/297/311 348/296/310
f 349/297/311 84/313/327 350/310/324 348/296/310
f 350/310/324 83/309/323 346/295/308 348/296/310
f 134/298/312 14/480/662 344/289/663 351/407/313
f 344/289/660 81/301/315 352/314/328 351/407/664
f 352/403/328 84/313/327 349/297/311 351/299/664
f 343/302/316 82/305/319 354/304/318 353/303/317
f 354/304/318 86/345/371 138/43/43 353/303/317
f 138/43/43 85/42/42 355/300/314 353/303/317
f 347/306/320 83/309/323 357/308/322 356/405/321
f 357/308/322 87/347/373 139/404/372 356/405/321
f 139/346/372 86/345/371 354/304/318 356/307/321
f 350/310/324 84/313/327 359/312/326 358/311/325
f 359/312/326 88/349/375 140/348/374 358/311/325
f 140/348/374 87/347/373 357/308/322 358/311/325
f 352/314/328 81/301/315 355/300/314 360/402/329
f 355/300/314 85/42/42 141/401/41 360/402/329
f 141/41/41 88/349/375 359/312/326 360/315/329
f 205/317/331 89/342/356 362/341/355 361/399/332
f 362/341/355 5/14/14 207/398/114 361/399/332
f 207/113/114 25/112/113 363/316/330 361/318/332
f 159/319/333 26/322/336 365/321/335 364/320/334
f 365/321/335 91/78/78 168/75/75 364/320/334
f 168/75/75 90/74/74 363/316/330 364/320/334
f 163/323/337 27/326/340 367/325/339 366/324/338
f 367/325/339 92/82/82 173/79/79 366/324/338
f 173/79/79 91/78/78 365/321/335 366/324/338
f 166/327/341 28/351/377 369/394/665 368/328/342
f 369/394/665 93/352/387 177/83/83 368/328/342
f 177/83/83 92/82/82 367/325/339 368/328/342
f 195/331/345 93/352/387 369/394/665 370/396/346
f 369/394/665 28/351/377 197/395/103 370/396/346
f 197/103/103 8/102/102 371/329/343 370/332/346
f 109/335/349 94/330/344 371/329/343 372/336/350
f 371/329/343 8/102/102 120/23/23 372/336/350
f 120/23/23 7/22/22 373/333/347 372/336/350
f 105/339/353 95/334/348 373/333/347 374/340/354
f 373/333/347 7/22/22 116/19/19 374/340/354
f 116/19/19 6/18/18 375/337/351 374/340/354
f 100/343/357 96/338/352 375/337/351 376/344/358
f 375/337/351 6/18/18 111/15/15 376/344/358
f 111/15/15 5/14/14 362/341/355 376/344/358
s 55
f 202/385/666 74/380/667 377/106/668 378/105/669
s off
f 74/380/670 199/379/671 379/107/672 377/106/673
f 199/379/674 73/378/675 381/358/676 379/107/677
s 56
f 73/378/678 200/504/679 382/503/680 381/358/681
f 200/382/679 75/381/682 383/360/683 382/359/680
s off
f 75/381/684 201/384/685 384/361/686 383/360/687
f 201/384/688 76/383/689 385/362/690 384/361/691
s 55
f 76/383/692 202/385/666 378/105/669 385/362/693
s 57
f 212/393/694 77/388/695 387/116/696 386/501/697
s off
f 77/388/698 209/387/699 388/117/700 387/116/701
f 209/387/702 78/386/703 390/363/704 388/117/705
s 58
f 78/386/706 210/390/707 391/364/708 390/363/709
f 210/390/707 79/389/710 392/365/711 391/364/708
s off
f 79/389/712 211/392/713 393/366/714 392/365/715
f 211/392/716 80/391/717 394/367/718 393/366/719
s 57
f 80/391/720 212/502/694 386/115/697 394/367/721
