# This file uses centimeters as units for non-parametric coordinates.

mtllib roll_frame23.mtl
g default
v -23.351557 34.297321 46.788200
v -12.887779 30.655788 38.206177
v -7.235876 24.361473 28.490274
v -3.418937 18.558496 15.876888
v -17.265314 51.989567 46.924770
v -3.261738 47.660133 43.026451
v 7.346335 46.493961 28.384228
v 6.738739 49.158722 13.512036
v -12.434686 73.751328 45.487469
v -2.057216 64.166489 45.978764
v 10.641175 65.238022 37.645279
v 16.738264 76.427116 29.347841
v -14.599867 77.839645 54.384960
v 3.175158 82.420906 53.233204
v 12.919899 83.006180 47.393929
v 24.086691 80.069504 35.274380
v -17.297485 86.821747 47.955357
v -2.811642 91.340141 48.235897
v 10.014253 92.329300 40.010799
v 22.654844 89.404762 30.408180
v -14.284633 80.522690 41.293518
v -11.532722 82.218254 33.855053
v 1.162516 83.288666 25.517649
v 14.560299 84.089165 26.140350
v -26.923918 56.337860 39.851112
v -22.282011 57.120876 26.680525
v -13.383599 56.020416 14.708529
v -3.117527 53.661827 6.236627
v -26.151049 25.095427 45.062565
v -15.818755 23.860056 38.764210
v -18.469753 22.269413 25.549520
v -15.476634 20.596294 11.099659
v -7.135559 28.728985 74.221443
v -0.357546 28.577347 70.807869
v -0.267303 38.550339 72.173859
v -6.977884 38.382534 75.812645
v -23.608421 -6.741501 32.459332
v -21.917694 -9.930355 25.525276
v -12.216728 -12.556618 29.219931
v -13.996019 -9.384524 36.139854
v -13.796766 7.012020 53.500488
v -6.503949 6.719395 52.302753
v -5.004878 6.477304 62.970360
v -12.322980 6.521751 63.819542
v -32.949276 16.801598 16.930805
v -31.895195 12.069082 11.491385
v -39.813263 4.566886 17.469957
v -40.508179 9.898189 22.542376
v -14.590523 0.863157 52.534321
v -5.817614 0.738307 51.471970
v -2.546732 1.621309 66.141769
v -14.284772 1.672387 67.246574
v -36.065422 20.094357 13.307308
v -35.066288 13.647005 7.314472
v -44.406261 3.945363 14.878337
v -45.193798 12.261822 23.000822
v -11.745036 6.268561 82.648918
v -2.481041 6.221585 81.947182
v -11.774000 2.717878 82.520943
v -2.509946 2.670603 81.820877
v -57.378483 4.453634 28.967005
v -57.338791 -1.543684 21.840933
v -58.014755 7.011914 26.736305
v -57.912819 1.089274 19.578745
v 21.464308 77.382126 3.998841
v 19.532307 71.198128 11.966284
v 31.607727 78.911957 7.203941
v 29.872236 71.991760 14.556938
v -33.687351 67.693939 31.408916
v -27.754143 65.161133 39.339016
v -34.678440 70.541809 45.377193
v -39.327374 74.526520 37.668873
v 26.936043 48.557880 -2.784291
v 24.583221 45.635731 6.238310
v 30.515434 49.033279 -1.696968
v 28.162531 46.110554 7.326490
v -44.225956 43.113152 45.428963
v -37.184658 43.546089 52.191662
v -39.361763 45.775146 54.315754
v -46.403061 45.342213 47.553059
v 1.532155 92.304779 62.692417
v 16.377783 88.555511 59.778076
v 17.948986 94.955811 45.069633
v -2.430678 100.030212 48.625076
v 8.767244 112.204750 69.280571
v 22.720253 107.502899 67.258141
v 23.167122 116.576477 51.797646
v 9.865971 121.058662 53.725590
v -20.363995 35.142391 46.076740
v -29.021496 33.656811 41.284107
v -24.192867 32.275394 29.777084
v -19.835979 32.783348 18.439394
v -12.002776 29.664030 8.177011
v -0.367280 27.819401 14.060212
v -2.146894 29.757046 26.684175
v -9.585123 32.760887 39.131134
v -17.643068 33.720112 42.319340
v -18.239464 34.483753 43.679832
v -11.969788 31.224804 38.074955
v -15.105931 34.571247 43.469273
v -23.025742 33.780315 45.259289
v -7.352416 28.433975 32.966225
v -8.504432 27.083103 33.936710
v -4.065743 25.931335 27.084930
v -5.552060 30.939465 33.205921
v -1.853926 24.329500 20.696909
v -3.577211 20.286165 21.651226
v -1.863061 23.033377 14.641557
v -0.083882 28.580948 19.994234
v -11.402719 58.621265 45.394737
v -10.866575 49.767410 46.383076
v -4.646885 55.984722 43.091217
v -9.303569 67.360863 47.356911
v -16.830786 61.785671 45.115192
v 2.153513 55.237144 36.544205
v 2.662287 46.761429 36.168156
v 9.228878 56.595261 30.530252
v 3.848247 65.703339 41.191307
v 11.794767 59.610191 23.653847
v 8.162767 47.630440 19.990170
v 12.856550 63.043270 17.943113
v 15.453083 69.325699 31.477785
v -5.532053 73.989059 52.884148
v 2.176056 74.692490 52.032990
v -4.859816 80.723564 57.681992
v -14.214981 73.856277 50.189629
v 7.507682 74.602867 47.969410
v 13.292989 75.607414 44.733974
v 8.282389 83.437691 53.665756
v 17.753061 75.948845 38.997990
v 20.878477 76.684288 32.363468
v 20.397669 82.650978 42.888672
v -6.658369 86.949814 55.951675
v 0.933230 88.639183 52.088718
v -10.480592 91.086418 51.436337
v -16.196272 82.735909 51.761406
v 17.635015 115.575920 68.014435
v 15.750200 109.707024 68.655159
v 24.807264 112.370995 62.252636
v 16.714411 120.095650 51.155361
v 7.906752 118.059830 64.719002
v 19.265472 88.773819 41.127514
v 23.754410 84.880547 33.165417
v 17.725800 93.069916 36.254177
v 12.471550 88.985222 45.843376
v -11.794906 88.228607 44.431686
v -6.441269 89.806694 42.398560
v -15.849228 81.932304 37.726437
v -16.466984 84.866287 42.738983
v -0.174095 90.284561 38.235184
v 4.669479 93.918770 44.784969
v 6.235661 90.870079 34.102398
v -5.247646 82.701088 29.648533
v 12.874379 90.359398 30.477449
v 18.847412 88.779037 27.016249
v 8.582922 83.981537 22.486765
v -21.719984 70.982300 33.183117
v -17.103176 71.624992 27.326462
v -26.216396 57.090477 33.558784
v -23.163122 69.164680 37.932690
v -11.435638 71.941750 22.279245
v -5.955976 71.806374 17.510876
v -17.811947 56.782112 20.462742
v 0.342379 71.796738 13.100471
v 6.494682 70.740356 11.293035
v -8.549596 55.134293 9.059391
v -26.193176 27.277328 37.449478
v -27.775934 32.709843 35.791714
v -22.667915 27.468037 31.580328
v -23.150219 23.567722 40.724274
v -28.340492 28.236526 42.294964
v -20.969622 28.538214 25.972887
v -21.962584 32.933933 24.182009
v -20.256517 28.597786 19.873772
v -19.569403 24.897491 28.695669
v -17.890234 27.009474 13.405168
v -16.626553 31.245316 12.108713
v -13.685317 25.019468 9.345650
v -19.328253 22.913256 15.338548
v -9.411080 1.083376 58.034992
v -10.551877 0.798111 49.523273
v -3.588867 0.947430 57.330128
v -8.405886 1.701842 66.698036
v -15.311831 1.046412 58.659771
v -9.223803 27.393656 35.348671
v -16.324375 13.187264 30.207178
v -8.065460 28.859926 49.872276
v -39.216080 12.708916 14.180502
v -33.983505 18.193819 9.126484
v -38.860256 8.801727 9.920397
v -44.670403 7.976804 19.115362
v -40.041592 17.237665 17.774483
v -7.564452 23.676994 10.572374
v -9.348312 19.175699 12.152948
v -5.845633 28.448177 9.582549
v 10.850534 66.808891 12.827728
v 2.691781 51.347805 8.057486
v 15.401301 80.691574 26.252071
v 24.993637 46.958630 1.629667
v 28.620872 49.036373 -3.222795
v 29.370794 47.539982 2.959330
v 25.743618 45.462593 7.811209
v -26.804514 30.739182 44.781605
v -25.810705 29.372833 46.842991
v -25.911062 34.512875 44.817455
v -21.838539 65.194305 41.844273
v -23.572945 54.452568 44.986221
v -13.996446 76.187180 41.272278
v -40.161709 42.878918 48.468803
v -37.187553 44.506565 53.902534
v -42.824043 45.604786 51.066315
v -45.798199 43.977139 45.632584
v -12.546630 22.883415 56.682167
v -8.402136 24.999487 55.314236
v -3.616178 27.832611 72.232185
v -15.982576 25.167612 60.315784
v -6.865354 31.066700 54.368847
v -8.164476 37.456570 55.708141
v 1.054016 33.745789 71.073479
v -12.302863 39.613968 57.161991
v -16.001244 37.866764 60.553825
v -3.488302 40.705429 74.050835
v -17.141048 31.508507 60.998745
v -7.975562 33.689789 75.750275
v -22.460991 8.330370 21.825499
v -19.649940 5.121728 18.401241
v -23.654028 -8.032096 28.808748
v -21.819338 8.940038 26.774282
v -13.246135 3.715004 19.317511
v -7.488405 3.043461 22.502779
v -16.674217 -11.915915 26.612879
v -6.559849 5.621184 27.199642
v -9.654771 6.865219 30.876348
v -11.242925 -11.350097 33.515507
v -16.092537 8.714419 30.294052
v -18.924923 -7.645952 35.616337
v -7.756649 24.231369 59.274128
v -3.339398 23.372128 60.190346
v -10.485813 7.114233 50.898964
v -11.228665 23.756105 62.484795
v -0.637139 20.385326 65.117691
v -0.707903 17.927832 70.969978
v -4.551344 6.276769 57.014111
v -4.212810 16.831446 73.723434
v -8.532867 18.256420 73.346230
v -8.355461 6.888007 66.572342
v -11.115043 20.887812 68.321564
v -14.276706 6.416820 58.457275
v -21.102629 5.105822 23.087734
v -21.538326 1.839660 19.687311
v -31.034866 15.606882 13.393751
v -23.297945 5.263370 27.182981
v -26.327114 -2.626970 19.312672
v -31.363508 -6.196688 21.343779
v -35.456413 7.868581 13.037912
v -33.919838 -5.286721 25.261383
v -32.988544 -2.595963 28.863407
v -42.420883 5.287795 21.934458
v -28.529730 1.912525 29.159489
v -36.698887 14.270975 20.050657
v -10.575112 3.817207 49.479332
v -5.840836 3.666963 51.353245
v -14.600311 3.827351 52.506683
v -3.582416 3.684834 57.177612
v -2.528669 4.378774 66.106339
v -6.956403 5.891195 84.403709
v -7.105410 7.215602 82.334328
v -12.837911 5.923170 84.847679
v -7.150235 1.720476 82.136276
v -1.074896 5.859219 83.959740
v -15.289073 3.783200 58.603889
v -14.264281 4.418537 67.224945
v -32.054996 17.224104 10.862092
v -33.148663 12.753431 8.896397
v -34.216515 19.007086 15.027744
v -37.175018 7.851483 11.283256
v -43.214771 2.432530 16.509260
v -59.462269 1.381665 25.450968
v -57.158413 0.730756 26.047174
v -59.523499 5.195266 29.953026
v -58.109795 4.734519 22.574276
v -59.464394 -2.376518 20.871937
v -38.436512 16.094099 19.277370
v -44.015957 10.817287 24.558773
v -7.684613 7.458802 74.550720
v -12.883178 7.514479 74.983955
v -2.492410 7.432755 74.116684
v -13.584397 4.831907 74.996964
v -13.603110 2.020428 74.947975
v -7.722970 1.969198 74.463974
v -1.845076 1.939827 73.990349
v -1.825743 4.743292 74.026123
v -49.444187 2.042937 25.089237
v -49.527847 5.686196 28.820408
v -49.402897 -1.529226 21.291044
v -50.321064 7.869544 27.666893
v -51.088264 9.690684 25.940643
v -50.834949 5.705046 21.677286
v -50.636993 1.784843 17.344313
v -49.996315 -0.145660 19.096972
v 17.671337 78.701385 16.850807
v 19.084690 83.064362 15.707738
v 19.014643 73.872910 7.341613
v 18.882996 74.536697 18.747112
v 23.046194 84.193176 16.453318
v 27.609646 83.465576 18.106701
v 26.288771 79.001221 4.769595
v 28.094595 79.280602 19.900358
v 27.332106 74.974075 21.265738
v 31.584444 75.158241 10.719100
v 22.795462 73.854980 20.259100
v 24.053040 70.972000 14.110394
v -22.695808 71.319153 37.799248
v -23.011692 68.615219 41.710159
v -30.073584 65.089455 34.456394
v -23.858561 75.435799 35.776966
v -25.173452 69.945168 45.244114
v -27.777636 73.105637 48.009830
v -30.244596 67.472649 42.939564
v -28.556826 76.927292 45.552868
v -28.687000 80.018547 41.981953
v -37.820225 72.522469 41.931187
v -26.205311 78.311745 37.941246
v -36.683064 71.510910 33.367962
v 19.737917 64.343468 5.218957
v 22.597927 66.419327 0.933083
v 20.198238 62.969746 10.333572
v 26.856232 67.537453 1.107534
v 31.879950 67.845161 3.620957
v 31.105391 65.944756 8.508283
v 29.492304 64.204651 13.083456
v 23.943146 63.136246 12.606184
v -32.522514 56.657650 38.741364
v -29.923258 57.829292 43.253094
v -37.227077 57.759907 35.904881
v -31.573294 60.365540 46.410702
v -35.730137 63.589485 48.590240
v -39.673954 63.875660 45.055340
v -42.970798 63.919983 40.962692
v -40.448311 60.551411 37.251915
v 8.536515 81.673546 59.114700
v 13.758728 87.373550 51.442745
v 9.135900 88.824532 63.634270
v 2.426364 88.150627 55.844490
v 15.148329 89.541153 48.015446
v 11.600295 93.308006 45.154774
v 19.755774 91.186371 51.908920
v 5.720334 95.962448 45.430805
v 0.323373 93.976585 49.667263
v 7.655175 97.911758 46.320911
v -0.725483 90.703873 54.163986
v -3.099665 96.821770 56.353317
v 13.053879 101.549927 68.774361
v 23.675859 100.690048 65.212784
v 3.468730 107.499390 68.141724
v 25.195330 104.105659 56.296703
v 23.232265 107.046593 48.108856
v 13.130454 111.047638 47.464455
v 3.212804 113.792694 51.010593
v 2.060488 111.901573 59.650002
v -23.026863 45.950848 46.197815
v -16.190559 44.688980 47.847103
v -27.384611 46.560982 41.572033
v -27.342003 46.257080 35.280102
v -24.250324 45.020943 28.591833
v -20.941832 44.589233 22.371988
v -17.820463 42.929760 16.521675
v -13.979208 41.779961 10.225128
v -9.021484 40.286469 6.651426
v -2.806163 39.061871 8.108200
v 2.339959 38.306862 13.025058
v 3.927173 39.007050 19.156897
v 2.875738 39.070103 25.512129
v -1.014427 41.469875 33.671745
v -5.720337 41.949986 41.669674
v -10.355863 43.745445 45.848148
v 27.085978 32.258549 3.070262
v 28.404070 32.078972 4.793750
v 27.880329 33.740093 -1.822152
v 30.013786 34.023438 -1.174067
v 29.637444 35.427925 -6.714686
v 31.524200 35.954731 -7.172047
v 33.665852 35.962959 -5.490963
v 32.427265 34.343994 -0.440916
v 31.114388 32.793583 4.293985
v -51.455029 32.693516 51.618866
v -49.713764 31.719412 51.362610
v -45.518936 31.682884 54.866211
v -46.786385 32.980579 56.102802
v -42.078251 32.188885 58.696011
v -42.117733 33.267639 60.586723
v -44.528469 34.697586 61.086571
v -48.284534 34.514488 57.564468
v -52.163979 34.228096 53.753162
vt 0.208431 0.494797
vt 0.208575 0.478116
vt 0.229443 0.475893
vt 0.229271 0.493426
vt 0.252729 0.492198
vt 0.256170 0.471571
vt 0.275357 0.475888
vt 0.275429 0.493819
vt 0.298111 0.492176
vt 0.294163 0.471736
vt 0.321331 0.475953
vt 0.321541 0.493432
vt 0.198757 0.641525
vt 0.200055 0.589825
vt 0.221664 0.590600
vt 0.219751 0.640956
vt 0.244967 0.639373
vt 0.247968 0.591507
vt 0.275466 0.591669
vt 0.275481 0.635804
vt 0.305994 0.639365
vt 0.302966 0.591494
vt 0.329276 0.590573
vt 0.331197 0.640955
vt 0.199789 0.728809
vt 0.197393 0.704590
vt 0.219517 0.692482
vt 0.227784 0.730211
vt 0.252859 0.733034
vt 0.249003 0.687406
vt 0.275511 0.688085
vt 0.275516 0.730408
vt 0.298175 0.733010
vt 0.302021 0.687396
vt 0.331536 0.692451
vt 0.323246 0.730162
vt 0.805511 0.686057
vt 0.204711 0.752714
vt 0.229559 0.760254
vt 0.782889 0.696424
vt 0.784986 0.875584
vt 0.254181 0.941082
vt 0.275435 0.940431
vt 0.742298 0.896742
vt 0.699334 0.736241
vt 0.297037 0.807427
vt 0.321459 0.760204
vt 0.696358 0.696343
vt 0.808954 0.641287
vt 0.805193 0.664541
vt 0.784300 0.671779
vt 0.785729 0.644267
vt 0.763331 0.647822
vt 0.762442 0.673765
vt 0.742276 0.741120
vt 0.739609 0.647377
vt 0.715889 0.647774
vt 0.716786 0.673709
vt 0.694936 0.671695
vt 0.693494 0.644181
vt 0.806875 0.557726
vt 0.810121 0.617205
vt 0.790367 0.607046
vt 0.787575 0.557696
vt 0.763367 0.556090
vt 0.764746 0.603486
vt 0.739627 0.603152
vt 0.739688 0.556093
vt 0.716014 0.556064
vt 0.714496 0.603455
vt 0.688836 0.606971
vt 0.691820 0.557642
vt 0.803405 0.420481
vt 0.802841 0.435733
vt 0.782960 0.432290
vt 0.783371 0.416064
vt 0.759505 0.410786
vt 0.759570 0.428509
vt 0.739756 0.426992
vt 0.739743 0.409699
vt 0.720007 0.410786
vt 0.719946 0.428500
vt 0.696571 0.432245
vt 0.696182 0.416016
vt 0.819305 0.093413
vt 0.797386 0.086157
vt 0.790779 0.072322
vt 0.822344 0.073237
vt 0.265809 0.416173
vt 0.762697 0.377789
vt 0.739788 0.389948
vt 0.275377 0.462947
vt 0.364323 0.097210
vt 0.342669 0.089884
vt 0.336664 0.075169
vt 0.367299 0.076188
vt 0.342559 0.494848
vt 0.342402 0.478170
vt 0.366070 0.480227
vt 0.366198 0.495669
vt 0.352247 0.641476
vt 0.350872 0.589816
vt 0.374237 0.588973
vt 0.374011 0.638442
vt 0.936729 0.462892
vt 0.940585 0.464321
vt 0.946953 0.476690
vt 0.936605 0.482861
vt 0.804780 0.405462
vt 0.824266 0.410023
vt 0.823186 0.423812
vt 0.805355 0.509178
vt 0.825584 0.509339
vt 0.825621 0.554997
vt 0.118742 0.522844
vt 0.058006 0.517789
vt 0.074507 0.510871
vt 0.084702 0.516921
vt 0.822269 0.350445
vt 0.784755 0.399833
vt 0.805305 0.347137
vt 0.793942 0.336256
vt 0.777469 0.322538
vt 0.236211 0.409364
vt 0.220899 0.415267
vt 0.203041 0.415110
vt 0.182178 0.419746
vt 0.685950 0.336155
vt 0.717407 0.377787
vt 0.694840 0.399772
vt 0.674409 0.347030
vt 0.657366 0.350391
vt 0.674734 0.405426
vt 0.637625 0.358046
vt 0.347747 0.415166
vt 0.329799 0.415381
vt 0.314324 0.409429
vt 0.706215 0.336018
vt 0.292514 0.404556
vt 0.870618 0.237836
vt 0.844433 0.293934
vt 0.832214 0.287148
vt 0.858351 0.228645
vt 0.844944 0.223065
vt 0.821107 0.280742
vt 0.243727 0.342391
vt 0.826584 0.212775
vt 0.214622 0.282882
vt 0.224361 0.346790
vt 0.210147 0.349538
vt 0.199596 0.284960
vt 0.184434 0.288656
vt 0.194986 0.352422
vt 0.864110 0.304875
vt 0.163133 0.290367
vt 0.634803 0.222910
vt 0.658751 0.280554
vt 0.647480 0.287052
vt 0.621343 0.228556
vt 0.609012 0.237734
vt 0.635143 0.293889
vt 0.375465 0.356065
vt 0.590820 0.249121
vt 0.366326 0.288752
vt 0.355651 0.352469
vt 0.340563 0.349608
vt 0.351134 0.285011
vt 0.336042 0.282967
vt 0.326383 0.346874
vt 0.678330 0.268182
vt 0.315081 0.275917
vt 0.789900 0.091626
vt 0.894734 0.181072
vt 0.223763 0.023658
vt 0.779683 0.072008
vt 0.205625 0.023651
vt 0.212375 0.030485
vt 0.208733 0.046428
vt 0.818124 0.043214
vt 0.919973 0.054113
vt 0.218394 0.124576
vt 0.231547 0.124829
vt 0.925982 0.076298
vt 0.853028 0.105343
vt 0.173602 0.224408
vt 0.245023 0.044913
vt 0.815784 0.102925
vt 0.335499 0.095534
vt 0.609223 0.166963
vt 0.147562 0.023794
vt 0.325939 0.074804
vt 0.129108 0.019171
vt 0.133886 0.026698
vt 0.125138 0.040618
vt 0.363323 0.044920
vt 0.461211 0.056389
vt 0.114656 0.083148
vt 0.128082 0.110700
vt 0.466974 0.079440
vt 0.396801 0.109583
vt 0.345740 0.218419
vt 0.158805 0.046562
vt 0.361009 0.107136
vt 0.212264 0.093809
vt 0.204982 0.218327
vt 0.226791 0.056935
vt 0.229179 0.093286
vt 0.246067 0.092223
vt 0.255137 0.092099
vt 0.884191 0.095549
vt 0.853655 0.095653
vt 0.854753 0.074189
vt 0.884265 0.075061
vt 0.885799 0.054616
vt 0.855335 0.052709
vt 0.203340 0.068369
vt 0.888472 0.044995
vt 0.116537 0.064410
vt 0.377147 0.224500
vt 0.136900 0.057215
vt 0.135301 0.068971
vt 0.159593 0.072808
vt 0.169578 0.075371
vt 0.426769 0.099419
vt 0.397393 0.099512
vt 0.398467 0.077209
vt 0.426850 0.078134
vt 0.428347 0.056895
vt 0.399054 0.054890
vt 0.111199 0.052142
vt 0.430928 0.046902
vt 0.398347 0.732496
vt 0.353774 0.704759
vt 0.655189 0.607952
vt 0.404645 0.715309
vt 0.625247 0.642548
vt 0.669008 0.617360
vt 0.670290 0.641156
vt 0.629866 0.657272
vt 0.633967 0.675274
vt 0.674058 0.664432
vt 0.345812 0.774768
vt 0.637449 0.692485
vt 0.387906 0.765553
vt 0.346295 0.752641
vt 0.351218 0.728717
vt 0.392980 0.747350
vt 0.854032 0.642643
vt 0.181252 0.694641
vt 0.859345 0.625630
vt 0.152631 0.732602
vt 0.157999 0.747449
vt 0.163074 0.765647
vt 0.167481 0.783084
vt 0.845329 0.675366
vt 0.849419 0.657366
vt 0.462802 0.754848
vt 0.433121 0.744888
vt 0.586158 0.633072
vt 0.469035 0.736153
vt 0.562716 0.661102
vt 0.591598 0.653084
vt 0.596668 0.669873
vt 0.567525 0.676181
vt 0.573571 0.695803
vt 0.602326 0.689166
vt 0.414557 0.801264
vt 0.575415 0.714705
vt 0.450039 0.789809
vt 0.420413 0.781867
vt 0.427222 0.762131
vt 0.457315 0.770152
vt 0.916571 0.661069
vt 0.887682 0.653104
vt 0.112049 0.724515
vt 0.922852 0.642462
vt 0.088177 0.754903
vt 0.117860 0.744959
vt 0.123753 0.762207
vt 0.093657 0.770210
vt 0.100926 0.789871
vt 0.130556 0.781946
vt 0.872833 0.708772
vt 0.104321 0.808576
vt 0.905760 0.695791
vt 0.876995 0.689207
vt 0.882631 0.669903
vt 0.911782 0.676158
vt 0.245118 0.820265
vt 0.256063 0.761423
vt 0.275458 0.816348
vt 0.275456 0.817082
vt 0.305796 0.819611
vt 0.322444 0.827635
vt 0.716707 0.746651
vt 0.742277 0.751635
vt 0.767846 0.746640
vt 0.232576 0.815700
vt 0.789238 0.746868
vt 0.242805 0.909093
vt 0.242913 0.847487
vt 0.275453 0.850080
vt 0.275444 0.899369
vt 0.308078 0.909112
vt 0.307992 0.847504
vt 0.685718 0.768892
vt 0.335635 0.923345
vt 0.710517 0.826756
vt 0.709025 0.772272
vt 0.742280 0.767854
vt 0.742288 0.823907
vt 0.774059 0.826743
vt 0.775535 0.772258
vt 0.216918 0.852154
vt 0.800161 0.835727
vt 0.803587 0.472219
vt 0.184266 0.511368
vt 0.823748 0.473030
vt 0.786007 0.508646
vt 0.783967 0.470951
vt 0.760849 0.468488
vt 0.762764 0.507838
vt 0.739729 0.507585
vt 0.739749 0.469813
vt 0.718652 0.468468
vt 0.716699 0.507812
vt 0.693463 0.508589
vt 0.695538 0.470900
vt 0.347089 0.550471
vt 0.343449 0.511536
vt 0.656251 0.437958
vt 0.370672 0.549455
vt 0.305626 0.550928
vt 0.300328 0.509969
vt 0.323635 0.511057
vt 0.326613 0.553291
vt 0.245263 0.550946
vt 0.250519 0.509979
vt 0.275426 0.509223
vt 0.275447 0.553833
vt 0.203857 0.550446
vt 0.207534 0.511493
vt 0.227207 0.511082
vt 0.224277 0.553331
vt 0.296688 0.941095
vt 0.317831 0.963343
vt 0.722395 0.859395
vt 0.742293 0.859091
vt 0.762190 0.859387
vt 0.672412 0.557619
vt 0.673996 0.509116
vt 0.676597 0.435714
vt 0.676064 0.420456
vt 0.798456 0.058765
vt 0.820876 0.052919
vt 0.343747 0.061021
vt 0.365907 0.055032
vt 0.963235 0.483911
vt 0.902883 0.489040
vt 0.909072 0.482168
vt 0.925033 0.475729
vt 0.931354 0.463643
vt 0.080884 0.498420
vt 0.084741 0.496992
vt 0.090126 0.497750
vt 0.096539 0.509638
vt 0.112499 0.516024
vt 0.245369 0.109349
vt 0.249130 0.116712
vt 0.914174 0.091435
vt 0.914507 0.075957
vt 0.915392 0.060496
vt 0.143488 0.116794
vt 0.145270 0.126440
vt 0.455609 0.095160
vt 0.455938 0.079081
vt 0.456800 0.063019
vt 0.982240 0.434188
vt 0.963585 0.427947
vt 0.946509 0.423110
vt 0.890921 0.433118
vt 0.882130 0.436526
vt 0.926679 0.423006
vt 0.909612 0.427375
vt 0.937930 0.422313
vt 0.075163 0.457134
vt 0.058225 0.461798
vt 0.039557 0.467684
vt 0.094859 0.456979
vt 0.083682 0.456346
vt 0.130564 0.466891
vt 0.111877 0.461251
vt 0.033116 0.470128
vt 0.675805 0.472192
vt 0.653419 0.509254
vt 0.655248 0.472962
vt 0.367019 0.511392
vt 0.176921 0.588998
vt 0.180547 0.549455
vt 0.822760 0.437993
vt 0.233028 0.963316
vt 0.215241 0.923308
vt 0.798841 0.768868
vt 0.699605 0.875602
vt 0.684417 0.835751
vt 0.333987 0.852188
vt 0.228471 0.827609
vt 0.254212 0.785439
vt 0.759269 0.697501
vt 0.785216 0.736222
vt 0.695315 0.746888
vt 0.719972 0.697428
vt 0.296799 0.785396
vt 0.318344 0.815723
vt 0.903939 0.714697
vt 0.136407 0.801345
vt 0.081951 0.736203
vt 0.893090 0.633076
vt 0.446638 0.808511
vt 0.606509 0.708725
vt 0.556410 0.642507
vt 0.438944 0.724452
vt 0.841861 0.692578
vt 0.205190 0.774839
vt 0.146366 0.715395
vt 0.823906 0.608060
vt 0.383498 0.782992
vt 0.673752 0.685953
vt 0.619881 0.625562
vt 0.369876 0.694574
vt 0.624476 0.158216
vt 0.327082 0.211968
vt 0.653476 0.212425
vt 0.306569 0.342322
vt 0.153133 0.050558
vt 0.361352 0.222428
vt 0.125968 0.045756
vt 0.396618 0.225899
vt 0.569871 0.190223
vt 0.388031 0.290471
vt 0.615162 0.304972
vt 0.596954 0.173816
vt 0.584932 0.180968
vt 0.909456 0.190131
vt 0.154402 0.225852
vt 0.888489 0.249012
vt 0.175675 0.355943
vt 0.241882 0.047343
vt 0.189385 0.222364
vt 0.213528 0.046751
vt 0.223402 0.212053
vt 0.855547 0.158550
vt 0.235225 0.276013
vt 0.801766 0.268578
vt 0.882733 0.173912
vt 0.870470 0.167071
vt 0.702590 0.322102
vt 0.284431 0.416033
vt 0.369025 0.419829
vt 0.654789 0.409992
vt 0.841623 0.358035
vt 0.185243 0.480200
vt 0.257695 0.404697
vt 0.773758 0.336466
vt 0.177136 0.638471
vt 0.185108 0.495641
vt 0.653403 0.554919
vt 0.655840 0.423782
vt 0.740026 0.329135
vt 0.739609 0.679991
vt 0.717946 0.727940
vt 0.321543 0.784229
vt 0.275425 0.981496
vt 0.229466 0.784279
vt 0.766602 0.727930
vt 0.275513 0.766895
vt 0.294962 0.761394
vt 0.158494 0.031032
vt 0.235614 0.029385
vt 0.253884 0.807420
vt 0.968218 0.693073
vt 0.970279 0.686813
vt 0.964692 0.720144
vt 0.041234 0.817480
vt 0.965692 0.701614
vt 0.035620 0.790589
vt 0.038855 0.799577
vt 0.026837 0.766821
vt 0.976742 0.669618
vt 0.033170 0.783659
vt 0.515345 0.790561
vt 0.512107 0.799546
vt 0.509721 0.817448
vt 0.514670 0.720260
vt 0.513647 0.701731
vt 0.511110 0.693195
vt 0.509040 0.686939
vt 0.502555 0.669755
vt 0.524137 0.766797
vt 0.517798 0.783632
vt 0.052820 0.522857
vt 0.139366 0.470253
vt 0.968347 0.489050
vt 0.988625 0.436785
vt 0.108883 0.091107
vt 0.106409 0.062482
vt 0.399209 0.044805
vt 0.459518 0.102060
vt 0.428604 0.109556
vt 0.167704 0.057128
vt 0.215342 0.132259
vt 0.203222 0.094543
vt 0.855471 0.043005
vt 0.918242 0.098075
vt 0.886101 0.105305
vt 0.255511 0.067846
vt 0.169019 0.047690
vt 0.166893 0.025823
vt 0.125973 0.120002
vt 0.337008 0.054912
vt 0.115292 0.038211
vt 0.149847 0.015689
vt 0.254586 0.043904
vt 0.241676 0.021944
vt 0.231922 0.132778
vt 0.791425 0.052872
vt 0.199112 0.046316
vt 0.223332 0.014444
vn -0.276257 0.842888 -0.461760
vn -0.276258 0.842888 -0.461760
vn -0.245668 0.866249 -0.435040
vn 0.469476 0.825858 0.312330
vn 0.632785 -0.189175 0.750864
vn 0.586574 0.768446 -0.255778
vn 0.763486 -0.438509 0.474130
vn 0.617089 -0.234267 0.751212
vn 0.724406 -0.457460 0.515719
vn 0.743158 -0.248836 0.621125
vn 0.866433 -0.392685 0.308369
vn 0.866228 -0.392788 0.308815
vn -0.310739 0.186237 0.932072
vn -0.091696 0.150497 0.984349
vn 0.301134 0.044051 0.952564
vn 0.089640 -0.037251 0.995277
vn 0.508581 -0.154850 0.846975
vn 0.629443 -0.142788 0.763815
vn 0.736254 -0.303281 0.604939
vn 0.673614 -0.259943 0.691863
vn 0.834694 -0.366235 0.411288
vn 0.858887 -0.381392 0.341838
vn 0.933228 -0.356018 -0.048339
vn 0.945775 -0.323727 0.026655
vn -0.098519 -0.771782 0.628209
vn -0.297661 -0.549839 0.780432
vn -0.134281 -0.361704 0.922572
vn -0.003946 -0.577736 0.816214
vn 0.339583 -0.516677 0.785957
vn 0.366768 -0.496031 0.787042
vn 0.518457 -0.542416 0.661049
vn 0.494081 -0.535472 0.684948
vn 0.595989 -0.509816 0.620391
vn 0.657440 -0.543697 0.521695
vn 0.898391 -0.420288 0.127483
vn 0.721563 -0.560527 0.406396
vn -0.529986 0.371171 0.762461
vn -0.351350 -0.199186 0.914810
vn 0.055429 -0.103293 0.993105
vn -0.091575 0.492349 0.865567
vn -0.322597 0.860960 0.393293
vn -0.311788 0.286621 0.905890
vn 0.170542 0.083807 0.981780
vn 0.335610 0.767045 0.546816
vn 0.754901 0.489171 0.436848
vn 0.624591 -0.198421 0.755325
vn 0.754918 -0.093845 0.649070
vn 0.645030 0.535487 0.545151
vn -0.289645 0.774961 -0.561730
vn -0.587900 0.763546 0.267154
vn -0.350948 0.842883 0.407901
vn -0.390500 0.848754 -0.356548
vn -0.343331 0.869598 -0.354857
vn -0.224134 0.972551 0.062516
vn -0.222944 0.945500 -0.237331
vn -0.326231 0.862485 -0.386903
vn -0.254914 0.872315 -0.417234
vn 0.031105 0.995365 -0.090998
vn 0.343179 0.935899 0.079504
vn -0.110659 0.862444 -0.493907
vn -0.881828 0.365014 0.298571
vn -0.459727 0.678677 -0.572755
vn -0.689762 0.654575 -0.309450
vn -0.841066 0.424584 -0.335167
vn -0.670139 0.458715 -0.583519
vn -0.487138 0.701763 -0.519832
vn -0.432041 0.726534 -0.534312
vn -0.588788 0.515253 -0.622771
vn -0.527279 0.550541 -0.647211
vn -0.374045 0.736874 -0.563123
vn -0.098271 0.713654 -0.693571
vn -0.301012 0.553956 -0.776224
vn -0.983259 -0.179923 -0.028789
vn -0.985119 0.029162 0.169381
vn -0.935729 -0.085299 -0.342250
vn -0.865351 -0.335553 -0.372251
vn -0.813786 -0.390289 -0.430611
vn -0.886659 -0.129035 -0.444056
vn -0.918643 -0.051300 -0.391743
vn -0.901620 -0.296671 -0.314751
vn -0.946409 -0.055425 -0.318180
vn -0.901012 0.050748 -0.430817
vn -0.771863 0.060756 -0.632879
vn -0.819451 0.034749 -0.572095
vn 0.011172 -0.998386 0.055684
vn 0.008787 -0.999458 0.031740
vn -0.007129 -0.999335 0.035759
vn -0.002432 -0.998344 0.057476
vn 0.931897 -0.183745 -0.312739
vn 0.324308 -0.934650 -0.145787
vn -0.692339 -0.604132 0.394578
vn 0.675519 -0.696929 0.240758
vn -0.795517 0.303609 -0.524380
vn -0.800747 0.278927 -0.530099
vn -0.808508 0.332576 -0.485498
vn -0.796823 0.357747 -0.486920
vn 0.473572 -0.419199 -0.774598
vn 0.473572 -0.419199 -0.774598
vn 0.473572 -0.419198 -0.774598
vn 0.473572 -0.419199 -0.774598
vn 0.928523 -0.173543 -0.328221
vn 0.842375 -0.286738 -0.456273
vn 0.532827 -0.113976 -0.838514
vn 0.719263 0.055555 -0.692514
vn 0.202640 -0.945865 -0.253529
vn 0.202638 -0.945865 -0.253530
vn 0.202638 -0.945865 -0.253530
vn 0.202640 -0.945865 -0.253529
vn -0.863344 -0.075122 0.498994
vn -0.863344 -0.075122 0.498994
vn -0.863344 -0.075122 0.498994
vn -0.863344 -0.075122 0.498994
vn -0.948888 0.206917 0.238320
vn -0.545398 0.200282 0.813897
vn -0.598369 0.300201 0.742855
vn -0.384102 -0.805374 0.451486
vn -0.384102 -0.805373 0.451486
vn -0.384102 -0.805373 0.451486
vn -0.384102 -0.805374 0.451486
vn -0.222128 -0.934300 0.278826
vn -0.314267 -0.929939 0.190917
vn -0.051888 -0.997660 0.044522
vn 0.006411 -0.994681 0.102806
vn 0.875333 -0.337950 -0.345808
vn 0.878517 -0.317296 -0.357116
vn 0.614800 0.670764 -0.414845
vn 0.039548 0.941493 -0.334705
vn -0.012038 0.980394 -0.196679
vn -0.852543 0.229821 0.469418
vn -0.854196 0.291538 0.430528
vn -0.854196 0.291538 0.430528
vn -0.853176 0.241021 0.462602
vn -0.978230 0.192225 0.078208
vn -0.963422 0.250240 0.095901
vn -0.940671 0.062370 -0.333537
vn -0.966730 0.060536 -0.248532
vn 0.037634 -0.431275 -0.901435
vn 0.043936 -0.432574 -0.900527
vn 0.043936 -0.432574 -0.900527
vn 0.037142 -0.431173 -0.901505
vn 0.963735 -0.265161 -0.030090
vn 0.975253 -0.220288 0.018833
vn 0.941675 -0.108588 0.318523
vn 0.940307 -0.127862 0.315397
vn 0.483802 0.125072 0.866194
vn -0.322765 0.053267 0.944979
vn 0.005226 0.209535 0.977787
vn -0.765014 0.557934 -0.321656
vn -0.469224 0.837150 -0.281085
vn -0.091240 0.946732 -0.308828
vn -0.165255 0.662943 -0.730204
vn 0.574431 0.451473 -0.682789
vn 0.260216 0.812535 -0.521607
vn 0.979769 -0.079311 0.183744
vn 0.979870 -0.090507 -0.177940
vn 0.820982 -0.272487 0.501738
vn 0.610823 -0.050062 0.790183
vn 0.389192 -0.057988 0.919329
vn 0.312336 -0.320238 0.894368
vn -0.445209 -0.186994 0.875684
vn 0.145166 -0.072971 0.986713
vn -0.842441 -0.002748 0.538782
vn -0.966690 0.106021 0.232961
vn 0.552058 0.600491 0.578482
vn 0.895948 0.220621 0.385492
vn 0.971830 -0.006695 0.235588
vn 0.915339 0.402536 -0.010907
vn 0.806199 -0.075769 -0.586772
vn 0.998455 -0.017004 -0.052909
vn 0.021983 -0.713782 -0.700022
vn 0.089808 -0.506637 -0.857469
vn -0.373397 -0.845674 -0.381328
vn -0.332941 -0.933533 0.132918
vn -0.380457 -0.870370 0.312583
vn -0.594802 -0.761924 0.256286
vn -0.495622 -0.243337 0.833754
vn -0.424776 -0.754670 0.500039
vn -0.357593 0.057220 0.932123
vn -0.106329 0.464189 0.879331
vn -0.572055 0.354250 -0.739770
vn -0.572055 0.354250 -0.739770
vn -0.149744 0.400432 -0.904008
vn -0.114367 0.400551 -0.909109
vn 0.888596 0.304681 -0.342880
vn 0.888596 0.304681 -0.342880
vn 0.888596 0.304681 -0.342880
vn 0.888596 0.304681 -0.342880
vn 0.118034 0.932809 0.340494
vn 0.118034 0.932808 0.340494
vn 0.031313 0.936938 0.348089
vn 0.031289 0.936939 0.348091
vn -0.791178 0.596051 0.136970
vn -0.791178 0.596051 0.136970
vn -0.791178 0.596051 0.136970
vn -0.791178 0.596051 0.136970
vn 0.757511 0.633968 0.155763
vn 0.757511 0.633968 0.155763
vn 0.917022 0.384869 -0.104628
vn 0.935812 0.307724 -0.171934
vn 0.557592 -0.674120 -0.484410
vn 0.557592 -0.674120 -0.484410
vn 0.557592 -0.674120 -0.484410
vn 0.557592 -0.674120 -0.484410
vn -0.164783 -0.811490 0.560652
vn -0.164783 -0.811490 0.560652
vn -0.161267 -0.756657 0.633611
vn -0.161328 -0.757505 0.632581
vn 0.377472 0.329774 0.865312
vn 0.377472 0.329774 0.865312
vn 0.377472 0.329774 0.865312
vn 0.377472 0.329774 0.865312
vn 0.012400 0.996588 -0.081597
vn 0.012400 0.996588 -0.081597
vn -0.000225 0.996676 -0.081468
vn -0.000357 0.996676 -0.081467
vn -0.883696 0.467155 -0.029103
vn -0.883696 0.467155 -0.029103
vn -0.883696 0.467155 -0.029103
vn -0.883696 0.467155 -0.029103
vn 0.001628 -0.999214 0.039612
vn 0.007495 -0.998400 0.056051
vn -0.000554 -0.998388 0.056759
vn -0.002226 -0.999244 0.038814
vn 0.996059 -0.006693 -0.088435
vn 0.994573 -0.007631 -0.103762
vn 0.994662 -0.007579 -0.102908
vn 0.996059 -0.006693 -0.088435
vn 0.574143 -0.636632 0.514839
vn 0.574143 -0.636632 0.514839
vn 0.589809 -0.559715 0.582103
vn 0.590143 -0.557568 0.583824
vn 0.391723 0.301259 0.869366
vn 0.391723 0.301259 0.869366
vn 0.391723 0.301259 0.869366
vn 0.391723 0.301259 0.869366
vn -0.519348 0.574523 -0.632614
vn -0.678648 0.446333 -0.583287
vn -0.670793 0.486153 -0.560082
vn -0.498423 0.602413 -0.623436
vn -0.018112 -0.705662 -0.708317
vn 0.031241 -0.725997 -0.686988
vn 0.020416 -0.721739 -0.691864
vn -0.018112 -0.705662 -0.708317
vn -0.712158 -0.695631 0.094492
vn 0.800304 -0.556583 -0.222999
vn -0.954204 -0.199537 -0.222890
vn -0.976233 -0.040456 -0.212914
vn -0.642695 0.635620 -0.427704
vn -0.024822 0.632566 -0.774109
vn -0.001071 0.881647 -0.471908
vn -0.038806 0.917943 -0.394809
vn 0.695695 0.715493 -0.063865
vn 0.681098 0.731700 -0.026831
vn 0.925533 0.256823 0.278265
vn 0.954138 0.143568 0.262694
vn 0.761329 -0.504514 0.407239
vn 0.876560 -0.288783 0.385028
vn 0.469175 -0.850179 0.238895
vn 0.046357 -0.942885 0.329879
vn 0.290900 0.233535 -0.927814
vn 0.545970 -0.427886 -0.720299
vn 0.583650 -0.417994 -0.696157
vn 0.484932 -0.873634 -0.040071
vn 0.080106 -0.804089 0.589087
vn -0.363689 -0.165450 0.916710
vn -0.549106 0.483546 0.681665
vn -0.501842 0.864904 0.009763
vn -0.108402 0.705397 -0.700474
vn -0.907169 -0.249814 0.338582
vn -0.896001 -0.324528 0.303090
vn -0.954497 0.069903 -0.289911
vn -0.945471 -0.131169 -0.298127
vn -0.584150 0.078682 -0.807823
vn -0.502175 0.488727 -0.713419
vn 0.143167 0.684653 -0.714670
vn 0.241248 0.259891 -0.935017
vn 0.892784 0.099728 -0.439308
vn 0.714199 0.573727 -0.400946
vn 0.975140 0.040433 0.217869
vn 0.973708 -0.118779 0.194381
vn 0.651926 -0.231555 0.722063
vn 0.724464 -0.314665 0.613301
vn -0.169593 -0.587507 0.791249
vn -0.235470 -0.261049 0.936166
vn -0.014984 -0.490274 -0.871440
vn -0.007399 -0.040425 -0.999155
vn 0.567291 -0.425234 -0.705235
vn 0.566735 -0.596611 -0.568214
vn 0.909206 -0.414014 -0.044022
vn 0.837980 -0.543332 -0.050791
vn 0.519642 -0.287412 0.804591
vn 0.718610 0.095500 0.688825
vn -0.117876 0.368125 0.922274
vn -0.260159 0.271209 0.926695
vn -0.625730 0.501087 0.597808
vn -0.671611 0.359384 0.647906
vn -0.967266 0.252184 0.028292
vn -0.713158 0.652787 -0.255491
vn -0.452436 0.400257 -0.796929
vn -0.727942 -0.068444 -0.682214
vn -0.501459 -0.788107 0.356968
vn -0.501459 -0.788107 0.356968
vn -0.501459 -0.788107 0.356968
vn -0.501459 -0.788107 0.356968
vn 0.913465 -0.283754 -0.291659
vn 0.913465 -0.283754 -0.291659
vn 0.913488 -0.170465 -0.369435
vn 0.382047 0.158906 -0.910378
vn -0.264266 0.813375 -0.518251
vn -0.260150 0.365950 -0.893534
vn -0.852288 -0.021778 -0.522620
vn -0.045560 0.473744 0.879483
vn -0.927766 -0.191294 0.320402
vn -0.648682 0.028590 0.760522
vn -0.637810 -0.261993 0.724264
vn -0.006937 -0.544083 0.839003
vn 0.041342 -0.323655 0.945272
vn 0.733540 -0.411187 0.541151
vn 0.634206 -0.613706 0.470264
vn 0.853538 -0.497401 -0.155130
vn 0.974655 -0.207700 -0.083114
vn 0.643839 0.065690 -0.762336
vn 0.492043 -0.117209 -0.862645
vn -0.123583 0.179886 -0.975894
vn -0.061497 0.270540 -0.960743
vn -0.662386 0.486934 -0.569333
vn -0.763898 0.262820 -0.589395
vn -0.977844 0.067452 0.198173
vn -0.893244 0.396484 0.211935
vn -0.950268 0.090260 0.298066
vn -0.571906 0.031447 0.819716
vn -0.488148 0.051264 0.871254
vn -0.921962 0.183104 -0.341262
vn -0.953799 0.041729 -0.297534
vn -0.881670 0.024903 -0.471209
vn -0.809880 0.204375 -0.549842
vn -0.748755 0.263670 -0.608149
vn -0.864608 0.080140 -0.496015
vn -0.835888 0.141644 -0.530310
vn -0.699318 0.322838 -0.637754
vn -0.534040 0.326647 -0.779810
vn -0.701563 0.142824 -0.698148
vn 0.804475 -0.315049 -0.503552
vn 0.819956 -0.319542 -0.474936
vn 0.407379 -0.253001 -0.877515
vn 0.435143 -0.211785 -0.875099
vn 0.830101 -0.458581 0.317232
vn 0.834277 -0.376715 0.402577
vn 0.929143 -0.352466 0.111632
vn 0.916345 -0.400056 -0.016333
vn 0.618428 -0.423953 0.661672
vn 0.596519 -0.485015 0.639473
vn 0.742875 -0.415402 0.524954
vn 0.722522 -0.478410 0.499086
vn 0.048152 -0.104739 0.993333
vn -0.000666 -0.277577 0.960703
vn 0.364259 -0.488069 0.793161
vn 0.402197 -0.282149 0.870993
vn 0.280894 -0.745075 0.604948
vn 0.165423 -0.839997 0.516760
vn -0.050306 -0.371413 0.927104
vn 0.655864 -0.549772 0.517294
vn 0.813729 -0.383619 0.436671
vn 0.619481 -0.533199 0.576144
vn 0.936937 -0.335595 0.097594
vn 0.936937 -0.335595 0.097594
vn 0.800462 -0.359553 -0.479564
vn 0.915724 -0.346229 0.203899
vn 0.378366 -0.162331 0.911311
vn 0.499845 -0.384200 0.776238
vn 0.664425 -0.012199 0.747255
vn 0.849469 0.473992 0.231808
vn 0.716059 0.616050 -0.328239
vn 0.245231 0.891648 -0.380560
vn -0.240407 0.952575 -0.186560
vn 0.239483 0.394785 -0.887013
vn -0.044739 0.162544 -0.985686
vn -0.471866 -0.857218 -0.206204
vn -0.387231 -0.855818 -0.342970
vn -0.381713 -0.857464 -0.345037
vn -0.687933 -0.698685 -0.196436
vn -0.687933 -0.698685 -0.196436
vn -0.983687 -0.159057 -0.084025
vn -0.840070 -0.126215 0.527591
vn -0.927704 -0.364504 -0.080633
vn -0.648010 -0.761430 -0.017533
vn -0.236655 -0.107751 -0.965601
vn -0.293622 -0.141926 -0.945327
vn -0.723551 -0.024313 -0.689843
vn -0.723551 -0.024313 -0.689843
vn -0.953931 -0.076188 -0.290192
vn -0.916974 -0.065066 -0.393606
vn -0.023214 -0.998938 0.039811
vn -0.015220 -0.997977 0.061731
vn -0.008318 -0.998313 0.057468
vn -0.812290 0.384717 -0.438381
vn -0.794640 0.409153 -0.448489
vn -0.664666 0.524097 -0.532486
vn 0.086076 -0.378786 -0.921473
vn 0.086076 -0.378786 -0.921473
vn 0.086076 -0.378786 -0.921473
vn 0.086076 -0.378786 -0.921473
vn 0.359039 -0.299713 -0.883891
vn 0.824419 0.209795 -0.525662
vn 0.202638 -0.945865 -0.253530
vn 0.202638 -0.945865 -0.253530
vn 0.202641 -0.945864 -0.253529
vn 0.202641 -0.945865 -0.253529
vn 0.202643 -0.945864 -0.253529
vn 0.202643 -0.945864 -0.253529
vn 0.202642 -0.945865 -0.253528
vn 0.202642 -0.945865 -0.253528
vn -0.763022 0.582672 0.279806
vn -0.763022 0.582672 0.279806
vn -0.763022 0.582672 0.279806
vn -0.763022 0.582672 0.279806
vn -0.757084 0.066780 0.649895
vn -0.540230 0.295712 0.787849
vn -0.384103 -0.805373 0.451485
vn -0.384103 -0.805373 0.451485
vn -0.384102 -0.805373 0.451486
vn -0.384102 -0.805373 0.451486
vn -0.384102 -0.805373 0.451486
vn -0.384102 -0.805373 0.451486
vn -0.384102 -0.805374 0.451485
vn -0.384102 -0.805374 0.451485
vn 0.180569 -0.979762 -0.086378
vn 0.271829 -0.962024 -0.024889
vn 0.375931 -0.925371 0.048617
vn 0.119892 -0.969874 0.212063
vn -0.139192 -0.925785 0.351493
vn 0.881390 0.268070 -0.388962
vn 0.849215 0.294333 -0.438408
vn 0.849216 0.294333 -0.438408
vn 0.884987 -0.255769 -0.389076
vn 0.884987 -0.255769 -0.389076
vn -0.313920 0.938089 -0.146435
vn -0.361243 0.931926 0.031896
vn -0.389762 0.904895 0.171028
vn -0.008199 0.999119 -0.041154
vn 0.399072 0.879991 -0.257601
vn -0.820489 -0.188429 0.539716
vn -0.820489 -0.188429 0.539716
vn -0.809615 -0.217330 0.545245
vn -0.807929 -0.221610 0.546021
vn -0.796820 -0.248671 0.550673
vn -0.796820 -0.248671 0.550673
vn -0.848156 0.181281 0.497763
vn -0.848156 0.181281 0.497763
vn -0.783264 -0.091687 -0.614891
vn -0.825971 -0.108842 -0.553105
vn -0.862822 -0.124915 -0.489831
vn -0.970226 -0.011697 -0.241918
vn -0.992035 0.113730 0.054151
vn 0.414775 -0.456989 -0.786843
vn 0.414775 -0.456989 -0.786843
vn 0.404044 -0.458427 -0.791577
vn 0.405193 -0.458276 -0.791076
vn 0.392558 -0.459887 -0.796494
vn 0.392558 -0.459887 -0.796494
vn 0.030115 -0.429703 -0.902468
vn 0.030115 -0.429703 -0.902468
vn 0.740806 0.032619 0.670927
vn 0.937464 -0.158267 0.310020
vn 0.949941 -0.303747 -0.073137
vn -0.527279 0.285818 0.800178
vn -0.524746 0.289169 0.800639
vn -0.479575 0.346170 0.806334
vn -0.479575 0.346170 0.806334
vn 0.004605 0.307837 0.951428
vn 0.004605 0.307837 0.951428
vn 0.618256 0.236801 -0.749457
vn -0.192638 0.457379 -0.868156
vn -0.855718 0.344331 -0.386243
vn 0.892114 -0.419616 0.167496
vn 0.947785 -0.086636 -0.306917
vn -0.849962 -0.146123 0.506175
vn 0.084283 -0.621069 0.779211
vn -0.985672 0.110122 0.127762
vn 0.581679 -0.053893 -0.811631
vn 0.786472 0.593398 -0.171288
vn 0.343445 0.760475 0.551112
vn -0.419842 -0.630109 -0.653220
vn 0.077062 -0.456933 -0.886157
vn -0.346201 0.285427 0.893687
vn -0.822343 -0.447141 0.351876
vn -0.065622 0.564779 0.822629
vn 0.348416 0.355155 -0.867451
vn 0.348416 0.355155 -0.867451
vn 0.373837 -0.022439 -0.927223
vn 0.373837 -0.022439 -0.927223
vn -0.121260 -0.020350 -0.992412
vn -0.134872 -0.020216 -0.990657
vn -0.599424 -0.012883 -0.800328
vn -0.599424 -0.012883 -0.800328
vn 0.826033 0.559633 -0.066938
vn 0.826033 0.559633 -0.066938
vn 0.826033 0.559633 -0.066938
vn 0.826033 0.559633 -0.066938
vn 0.993134 -0.008422 -0.116681
vn 0.993134 -0.008422 -0.116681
vn 0.933506 -0.014388 -0.358273
vn 0.933506 -0.014388 -0.358273
vn 0.933506 -0.014388 -0.358273
vn 0.933506 -0.014388 -0.358273
vn -0.055774 0.933942 0.353046
vn -0.055774 0.933942 0.353046
vn 0.015338 -0.527321 0.849527
vn 0.015338 -0.527321 0.849528
vn 0.061162 -0.528249 0.846884
vn 0.061169 -0.528249 0.846883
vn 0.106881 -0.528063 0.842452
vn 0.106881 -0.528063 0.842453
vn -0.947865 0.307833 -0.082410
vn -0.947865 0.307833 -0.082410
vn -0.947865 0.307833 -0.082410
vn -0.947865 0.307833 -0.082410
vn -0.993410 0.000581 -0.114612
vn -0.993410 0.000581 -0.114612
vn -0.993410 0.000581 -0.114612
vn -0.993410 0.000581 -0.114612
vn -0.993003 0.009497 0.117709
vn -0.994569 0.008165 0.103761
vn -0.994677 0.008066 0.102725
vn -0.993003 0.009497 0.117709
vn 0.910164 -0.022281 -0.413648
vn 0.910164 -0.022281 -0.413648
vn 0.683914 0.135268 -0.716913
vn 0.683914 0.135268 -0.716913
vn 0.698722 0.535347 -0.474543
vn 0.689556 0.578474 -0.435753
vn 0.540970 0.835792 -0.093822
vn 0.540970 0.835792 -0.093822
vn 0.482011 -0.842200 -0.241587
vn 0.482011 -0.842200 -0.241587
vn 0.482011 -0.842200 -0.241587
vn 0.482011 -0.842200 -0.241587
vn 0.065562 -0.738746 -0.670788
vn 0.065562 -0.738746 -0.670788
vn 0.290122 -0.610333 -0.737105
vn 0.290122 -0.610333 -0.737105
vn 0.290122 -0.610333 -0.737105
vn 0.290122 -0.610333 -0.737105
vn -0.156447 -0.695987 0.700804
vn -0.156447 -0.695987 0.700805
vn -0.937610 0.286145 -0.197506
vn -0.937610 0.286145 -0.197506
vn -0.937268 0.262921 -0.228915
vn -0.937292 0.263466 -0.228188
vn -0.935587 0.240184 -0.258824
vn -0.935586 0.240184 -0.258824
vn 0.226216 0.650436 0.725093
vn 0.226216 0.650436 0.725093
vn 0.226216 0.650436 0.725093
vn 0.226216 0.650436 0.725093
vn 0.012431 0.828395 0.560006
vn 0.012431 0.828395 0.560006
vn 0.012431 0.828395 0.560006
vn 0.012431 0.828395 0.560006
vn -0.049886 0.739840 0.670931
vn -0.021704 0.730937 0.682100
vn -0.009734 0.726936 0.686636
vn -0.049886 0.739840 0.670931
vn -0.013189 0.996601 -0.081323
vn -0.013189 0.996601 -0.081323
vn -0.081846 0.991137 0.104636
vn -0.081846 0.991137 0.104636
vn 0.014402 0.995202 0.096778
vn 0.015010 0.995198 0.096726
vn 0.110238 0.989998 0.088043
vn 0.110238 0.989998 0.088043
vn -0.996158 0.006597 0.087330
vn -0.996158 0.006597 0.087330
vn -0.958566 -0.231865 0.165500
vn -0.958566 -0.231865 0.165500
vn -0.958566 -0.231865 0.165500
vn -0.958566 -0.231865 0.165500
vn -0.825027 0.557273 0.093691
vn -0.825027 0.557273 0.093691
vn -0.825027 0.557273 0.093691
vn -0.825027 0.557273 0.093691
vn -0.006020 -0.999259 0.038027
vn 0.089507 -0.995488 0.031486
vn 0.089507 -0.995489 0.031486
vn -0.002938 -0.999271 0.038065
vn -0.002509 -0.999273 0.038035
vn -0.095610 -0.994431 0.044333
vn -0.095610 -0.994431 0.044333
vn 0.870816 0.458031 -0.178568
vn 0.870816 0.458031 -0.178568
vn 0.870816 0.458031 -0.178568
vn 0.870816 0.458031 -0.178568
vn 0.836307 0.547271 -0.032950
vn 0.836307 0.547271 -0.032950
vn 0.836307 0.547271 -0.032950
vn 0.836307 0.547271 -0.032950
vn 0.969844 -0.242858 0.020553
vn 0.969844 -0.242858 0.020553
vn 0.969844 -0.242858 0.020553
vn 0.969844 -0.242858 0.020553
vn 0.599476 -0.472487 0.646053
vn 0.599476 -0.472487 0.646053
vn 0.159789 -0.657911 0.735949
vn 0.159789 -0.657911 0.735949
vn 0.142748 -0.734619 0.663293
vn 0.143039 -0.733438 0.664537
vn 0.124262 -0.802294 0.583853
vn 0.124262 -0.802294 0.583853
vn 0.022441 0.715539 0.698213
vn 0.022441 0.715538 0.698213
vn -0.158793 0.806401 0.569651
vn -0.158793 0.806401 0.569651
vn -0.158793 0.806401 0.569651
vn -0.158793 0.806401 0.569651
vn 0.103374 0.160057 0.981680
vn 0.103374 0.160057 0.981680
vn 0.103374 0.160057 0.981680
vn 0.103374 0.160057 0.981680
vn -0.474503 0.632374 -0.612331
vn -0.228611 0.671161 -0.705181
vn -0.228611 0.671161 -0.705181
vn -0.248792 0.723871 -0.643517
vn -0.248071 0.721998 -0.645895
vn -0.267032 0.771002 -0.578143
vn -0.267032 0.771002 -0.578143
vn 0.371475 -0.891829 -0.258161
vn 0.371475 -0.891829 -0.258161
vn 0.371475 -0.891829 -0.258161
vn 0.371475 -0.891829 -0.258161
vn 0.091519 -0.964773 -0.246651
vn 0.091519 -0.964773 -0.246651
vn 0.091519 -0.964773 -0.246651
vn 0.091519 -0.964773 -0.246651
vn -0.126637 -0.471285 -0.872842
vn -0.126637 -0.471285 -0.872842
vn -0.126637 -0.471285 -0.872842
vn -0.126637 -0.471285 -0.872842
vn -0.640315 -0.005312 -0.768094
vn -0.933093 -0.193357 -0.303235
vn -0.910748 -0.300353 0.283417
vn 0.925931 0.042200 -0.375327
vn 0.226983 0.222746 -0.948084
vn 0.641670 -0.264987 0.719751
vn 0.969628 -0.141510 0.199492
vn -0.253333 -0.306151 0.917657
vn 0.874405 -0.482084 -0.054879
vn 0.549466 -0.645733 -0.530204
vn 0.053040 -0.570725 -0.819427
vn -0.113347 0.334240 0.935647
vn 0.719826 0.038621 0.693080
vn -0.962186 0.232280 0.142285
vn -0.667227 0.342470 0.661455
vn -0.724278 -0.132253 -0.676706
vn 0.615029 -0.775646 0.141820
vn 0.615029 -0.775646 0.141820
vn 0.615029 -0.775646 0.141820
vn 0.615029 -0.775646 0.141820
vn 0.586576 -0.806492 0.074158
vn 0.083854 -0.836120 0.542099
vn -0.676898 -0.565345 0.471375
vn 0.494625 -0.731965 -0.468587
vn -0.854952 -0.434460 0.283375
vn -0.854952 -0.434460 0.283375
vn -0.871649 -0.482375 0.086854
vn -0.194455 -0.020515 -0.980697
vn -0.249791 -0.258301 0.933212
vn -0.781516 -0.279688 0.557680
vn -0.781516 -0.279688 0.557680
vn -0.248953 -0.258192 0.933466
vn -0.973298 -0.155117 -0.169204
vn -0.973298 -0.155117 -0.169204
vn -0.973298 -0.155116 -0.169204
vn -0.973298 -0.155117 -0.169204
vn -0.915468 -0.083893 -0.393548
vn -0.915468 -0.083893 -0.393548
vn -0.915468 -0.083893 -0.393549
vn -0.915468 -0.083893 -0.393548
vn -0.294487 0.216825 -0.930733
vn 0.234068 0.329493 -0.914684
vn 0.234103 0.329497 -0.914673
vn -0.294487 0.216825 -0.930733
vn 0.582042 0.351800 -0.733120
vn 0.582041 0.351800 -0.733120
vn 0.948564 0.147413 0.280171
vn 0.948564 0.147413 0.280171
vn 0.948564 0.147413 0.280171
vn 0.948564 0.147413 0.280171
vn 0.941699 0.139074 0.306367
vn 0.941699 0.139074 0.306367
vn 0.941699 0.139074 0.306367
vn 0.941699 0.139074 0.306367
vn 0.228919 -0.169098 0.958646
vn 0.228919 -0.169098 0.958646
vn -0.707716 -0.018260 -0.706261
vn -0.303257 -0.322322 -0.896741
vn -0.303257 -0.322322 -0.896741
vn -0.707737 -0.018239 -0.706240
vn 0.490812 -0.587057 -0.643791
vn 0.490812 -0.587057 -0.643791
vn 0.490812 -0.587057 -0.643791
vn 0.490812 -0.587057 -0.643791
vn 0.665448 -0.574848 -0.476160
vn 0.665448 -0.574848 -0.476160
vn 0.665448 -0.574848 -0.476160
vn 0.665448 -0.574848 -0.476160
vn 0.936170 -0.301077 0.181486
vn 0.736569 0.078528 0.671788
vn 0.736079 0.079028 0.672267
vn 0.936171 -0.301077 0.181486
vn 0.375786 0.347851 0.858944
vn 0.375786 0.347851 0.858944
vn -0.559618 0.606405 0.564890
vn -0.559618 0.606405 0.564890
vn -0.559618 0.606405 0.564890
vn -0.559618 0.606405 0.564890
vn -0.580097 0.605041 0.545356
vn -0.580097 0.605041 0.545356
vn -0.580097 0.605041 0.545356
vn -0.580097 0.605041 0.545356
vn -0.875931 0.210285 -0.434195
vn -0.875931 0.210285 -0.434195
s 1
g pCube1
usemtl pCube1SG
f 101/1/1 1/2/2 98/3/3 97/4/4
f 99/5/5 2/6/6 103/7/7 102/8/8
f 104/9/9 3/10/10 107/11/11 106/12/12
s 3
f 114/13/13 5/14/14 111/15/15 110/16/16
f 112/17/17 6/18/18 116/19/19 115/20/20
f 117/21/21 7/22/22 120/23/23 119/24/24
f 126/25/25 9/26/26 113/27/27 123/28/28
f 124/29/29 10/30/30 118/31/31 127/32/32
f 128/33/33 11/34/34 122/35/35 130/36/36
f 136/424/37 13/38/38 125/39/39 133/474/40
f 141/401/41 85/42/42 138/43/43 137/473/44
f 145/413/45 15/477/46 132/47/47 142/472/48
f 149/49/49 17/50/50 135/51/51 146/52/52
f 147/53/53 18/54/54 151/470/55 150/56/56
f 152/57/57 19/58/58 144/59/59 154/60/60
f 160/61/61 21/62/62 148/63/63 157/64/64
f 158/65/65 22/66/66 153/67/67 161/68/68
f 162/69/69 23/70/70 156/71/71 164/72/72
f 171/73/73 90/74/74 168/75/75 167/76/76
f 169/77/77 91/78/78 173/79/79 172/80/80
f 174/81/81 92/82/82 177/83/83 176/84/84
s 10
f 184/85/85 49/86/86 181/87/87 180/88/88
s 1
f 187/464/89 30/90/90 175/91/91 185/469/92
s 12
f 192/93/93 53/94/94 189/95/95 188/96/96
s off
f 108/97/97 4/98/98 194/99/99 193/100/100
s 3
f 121/101/101 8/102/102 197/103/103 196/104/104
s 13
f 378/105/105 377/106/106 379/107/107 380/108/108
s off
f 171/73/109 29/109/110 204/110/111 203/111/112
s 3
f 160/61/61 25/112/113 207/113/114 206/114/115
s 14
f 386/501/116 387/116/117 388/117/118 389/118/119
s 15
f 216/119/120 29/109/121 170/120/122 213/121/123
s 1
f 214/122/124 30/90/90 187/464/89 217/123/125
f 218/124/126 2/6/6 98/3/127 220/125/128
s 17
f 221/126/129 1/2/130 204/462/131 223/127/132
s 18
f 228/128/133 31/129/134 179/130/135 225/131/136
s 19
f 226/132/137 32/133/138 194/460/139 229/134/140
s 1
f 230/135/141 4/98/142 107/11/143 232/136/144
f 233/137/145 3/10/10 186/458/146 235/139/147
s 21
f 240/140/148 33/141/149 215/142/150 237/143/151
f 238/144/152 34/145/153 219/454/154 241/147/155
f 242/148/156 35/149/157 222/150/158 244/151/159
f 245/152/160 36/153/161 224/447/162 247/155/163
s 22
f 252/156/164 37/157/165 227/158/166 249/159/167
f 250/160/168 38/161/169 231/441/170 253/163/171
f 254/164/172 39/165/173 234/166/174 256/167/175
f 257/168/176 40/169/177 236/434/178 259/171/179
s 23
f 263/524/180 41/479/181 239/174/182 261/528/183
s off
f 262/176/184 42/177/185 243/178/186 264/527/187
s 24
f 270/511/188 58/181/189 267/182/190 266/525/191
s off
f 272/516/192 44/448/193 248/186/194 271/523/195
s 25
f 275/518/196 45/478/197 251/190/198 273/522/199
s off
f 274/192/200 46/193/201 255/194/202 276/521/203
s 26
f 282/505/204 62/197/205 279/198/206 278/519/207
s off
f 284/510/208 48/435/209 260/202/210 283/517/211
s 27
f 287/204/212 43/450/213 246/206/214 285/207/215
s off
f 286/208/216 44/448/217 272/516/218 288/209/219
s 10
f 289/210/220 52/211/221 183/212/222 290/213/223
s 28
f 291/214/224 51/215/225 265/513/226 292/217/227
s 29
f 295/218/228 47/437/229 258/220/230 293/221/231
s off
f 294/222/232 48/435/233 284/510/234 296/223/235
s 12
f 297/224/236 56/225/237 191/226/238 298/227/239
s 30
f 299/228/240 55/229/241 277/507/242 300/231/243
s 3
f 304/232/244 12/233/245 198/430/246 301/235/247
f 302/236/248 24/237/249 155/238/250 305/239/251
f 306/240/252 20/241/253 143/428/254 308/243/255
f 309/244/256 16/245/257 131/246/258 311/247/259
f 316/248/260 21/62/62 208/426/261 313/250/262
f 314/251/263 9/26/26 126/25/25 317/252/264
f 318/253/265 13/38/38 136/424/37 320/254/266
f 321/255/267 17/50/50 149/49/49 323/256/268
f 327/257/269 66/258/270 303/422/271 325/260/272
f 326/261/273 65/262/274 307/263/275 328/264/276
f 329/265/277 67/266/278 310/420/279 330/268/280
f 331/269/281 68/270/282 312/271/283 332/272/284
f 335/273/285 69/274/286 315/418/287 333/276/288
f 334/277/289 70/278/290 319/279/291 336/280/292
f 337/281/293 71/282/294 322/416/295 338/284/296
f 339/285/297 72/286/298 324/287/299 340/288/300
s off
f 344/289/301 14/480/302 129/291/303 341/292/304
s 3
f 342/293/305 15/46/306 145/414/45 345/294/307
f 346/295/308 19/471/58 151/55/309 348/296/310
f 349/297/311 18/475/54 134/410/312 351/299/313
f 355/300/314 81/301/315 343/302/316 353/303/317
f 354/304/318 82/305/319 347/406/320 356/307/321
f 357/308/322 83/309/323 350/310/324 358/311/325
f 359/312/326 84/313/327 352/403/328 360/315/329
f 363/316/330 90/74/74 205/400/331 361/318/332
f 363/316/330 25/112/113 159/319/333 364/320/334
f 365/321/335 26/322/336 163/323/337 366/324/338
f 367/325/339 27/326/340 166/327/341 368/328/342
f 371/329/343 94/330/344 195/397/345 370/332/346
f 373/333/347 95/334/348 109/335/349 372/336/350
f 375/337/351 96/338/352 105/339/353 374/340/354
f 362/341/355 89/342/356 100/343/357 376/344/358
s 1
f 98/3/3 2/6/6 99/5/5 97/4/4
s 3
f 99/5/359 96/338/352 100/343/357 97/4/360
f 100/343/357 89/342/356 101/1/361 97/4/360
s 1
f 103/7/7 3/10/10 104/9/9 102/8/362
s 3
f 104/9/363 95/334/348 105/339/353 102/8/364
f 105/339/353 96/338/352 99/5/359 102/8/364
s 1
f 107/11/11 4/98/365 108/97/366 106/12/12
s 3
f 108/97/367 94/330/344 109/335/349 106/12/368
f 109/335/349 95/334/348 104/9/363 106/12/368
f 111/15/15 6/18/18 112/17/17 110/16/16
f 112/17/17 10/30/30 113/27/27 110/16/16
f 113/27/27 9/26/26 114/13/13 110/16/16
f 116/19/19 7/22/22 117/21/21 115/20/20
f 117/21/21 11/34/34 118/31/31 115/20/20
f 118/31/31 10/30/30 112/17/17 115/20/20
f 120/23/23 8/102/102 121/101/101 119/24/24
f 121/101/101 12/233/245 122/35/35 119/24/24
f 122/35/35 11/34/34 117/21/21 119/24/24
f 113/27/27 10/30/30 124/29/29 123/28/28
f 124/29/29 14/290/369 125/39/39 123/28/28
f 125/39/39 13/38/38 126/25/25 123/28/28
f 118/31/31 11/34/34 128/33/33 127/32/32
f 128/33/33 15/477/46 129/476/370 127/32/32
f 129/476/370 14/290/369 124/29/29 127/32/32
f 122/35/35 12/233/245 131/246/258 130/36/36
f 131/246/258 16/245/257 132/47/47 130/36/36
f 132/47/47 15/477/46 128/33/33 130/36/36
f 125/39/39 14/290/369 134/408/312 133/474/40
f 134/409/312 18/54/54 135/51/51 133/40/40
f 135/51/51 17/50/50 136/37/37 133/40/40
f 138/43/43 86/345/371 139/346/372 137/473/44
f 139/404/372 87/347/373 140/348/374 137/44/44
f 140/348/374 88/349/375 141/41/41 137/44/44
f 132/47/47 16/245/257 143/242/254 142/472/48
f 143/428/254 20/241/253 144/59/59 142/48/48
f 144/59/59 19/58/58 145/412/45 142/48/48
f 135/51/51 18/54/54 147/53/53 146/52/52
f 147/53/53 22/66/66 148/63/63 146/52/52
f 148/63/63 21/62/62 149/49/49 146/52/52
f 151/470/55 19/58/58 152/57/57 150/56/56
f 152/57/57 23/70/70 153/67/67 150/56/56
f 153/67/67 22/66/66 147/53/53 150/56/56
f 144/59/59 20/241/253 155/238/250 154/60/60
f 155/238/250 24/237/249 156/71/71 154/60/60
f 156/71/71 23/70/70 152/57/57 154/60/60
f 148/63/63 22/66/66 158/65/65 157/64/64
f 158/65/65 26/322/336 159/319/333 157/64/64
f 159/319/333 25/112/113 160/61/61 157/64/64
f 153/67/67 23/70/70 162/69/69 161/68/68
f 162/69/69 27/326/340 163/323/337 161/68/68
f 163/323/337 26/322/336 158/65/65 161/68/68
f 156/71/71 24/237/249 165/350/376 164/72/72
f 165/350/376 28/351/377 166/327/341 164/72/72
f 166/327/341 27/326/340 162/69/69 164/72/72
f 168/75/75 91/78/78 169/77/77 167/76/76
s 1
f 169/77/378 30/90/90 170/120/379 167/76/380
f 170/120/379 29/109/381 171/73/382 167/76/380
s 3
f 173/79/79 92/82/82 174/81/81 172/80/80
s 1
f 174/81/383 31/129/384 175/91/91 172/80/385
f 175/91/91 30/90/90 169/77/378 172/80/386
s 3
f 177/83/83 93/352/387 178/353/388 176/84/84
s 1
f 178/353/389 32/133/390 179/130/391 176/84/392
f 179/130/391 31/129/384 174/81/383 176/84/392
s 10
f 181/87/87 50/354/393 182/355/394 180/88/88
f 182/355/394 51/215/395 183/212/222 180/88/88
f 183/212/222 52/211/221 184/85/85 180/88/88
s 1
f 175/91/91 31/129/384 186/138/146 185/469/92
f 186/458/146 3/10/10 103/7/7 185/92/92
f 103/7/7 2/6/6 187/89/89 185/92/92
s 12
f 189/95/95 54/356/396 190/357/397 188/96/96
f 190/357/397 55/229/398 191/226/238 188/96/96
f 191/226/238 56/225/237 192/93/93 188/96/96
s off
f 194/460/399 32/133/400 178/353/401 193/468/402
s 3
f 178/353/388 93/352/387 195/331/345 193/468/403
f 195/397/345 94/330/344 108/97/367 193/100/403
f 197/395/103 28/351/377 165/350/376 196/467/104
f 165/350/376 24/237/249 198/234/404 196/467/104
f 198/430/404 12/233/245 121/101/101 196/104/104
s 41
f 379/107/405 381/358/406 382/503/407 380/108/408
f 382/359/407 383/360/409 384/361/410 380/108/408
s 13
f 384/361/411 385/362/412 378/105/105 380/108/108
s off
f 204/462/413 1/2/414 101/1/415 203/466/416
s 3
f 101/1/361 89/342/356 205/317/331 203/466/417
f 205/400/331 90/74/74 171/73/73 203/111/417
f 207/398/114 5/14/14 114/13/13 206/465/115
f 114/13/13 9/26/26 208/249/418 206/465/115
f 208/426/418 21/62/62 160/61/61 206/114/115
s 42
f 388/117/419 390/363/420 391/364/421 389/118/422
f 391/364/421 392/365/423 393/366/424 389/118/422
s 14
f 393/366/425 394/367/426 386/115/116 389/118/119
s 15
f 170/120/122 30/90/427 214/122/428 213/121/123
f 214/122/428 34/145/429 215/142/430 213/121/123
f 215/142/430 33/141/431 216/119/120 213/121/123
s 1
f 187/89/89 2/6/6 218/124/126 217/463/432
f 218/124/126 35/149/433 219/146/434 217/463/432
f 219/454/435 34/145/436 214/122/124 217/123/125
f 98/3/127 1/2/437 221/126/438 220/125/128
f 221/126/438 36/153/439 222/150/440 220/125/128
f 222/150/440 35/149/441 218/124/126 220/125/128
s 43
f 204/110/442 29/109/443 216/119/444 223/461/445
f 216/119/444 33/141/446 224/154/447 223/461/445
s 17
f 224/447/448 36/153/449 221/126/129 223/127/132
s 18
f 179/130/135 32/133/450 226/132/451 225/131/136
f 226/132/451 38/161/452 227/158/453 225/131/136
f 227/158/453 37/157/454 228/128/133 225/131/136
s 44
f 194/99/455 4/98/456 230/135/457 229/459/458
f 230/135/457 39/165/459 231/162/460 229/459/458
s 19
f 231/441/461 38/161/462 226/132/137 229/134/140
s 1
f 107/11/143 3/10/10 233/137/145 232/136/144
f 233/137/145 40/169/463 234/166/464 232/136/144
f 234/166/464 39/165/465 230/135/141 232/136/144
f 186/138/146 31/129/384 228/128/466 235/457/467
f 228/128/466 37/157/468 236/170/469 235/457/467
f 236/434/470 40/169/471 233/137/145 235/139/147
s 21
f 215/142/150 34/145/153 238/144/152 237/143/151
f 238/144/152 42/456/472 239/455/473 237/143/151
f 239/455/473 41/173/474 240/140/148 237/143/151
f 219/146/154 35/149/157 242/148/156 241/453/155
f 242/148/156 43/205/475 243/451/476 241/453/155
f 243/452/476 42/456/472 238/144/152 241/147/155
f 222/150/158 36/153/161 245/152/160 244/151/159
f 245/152/160 44/185/477 246/449/478 244/151/159
f 246/449/478 43/205/475 242/148/156 244/151/159
f 224/154/162 33/141/149 240/140/148 247/446/163
f 240/140/148 41/173/474 248/444/479 247/446/163
f 248/445/479 44/185/477 245/152/160 247/155/163
s 22
f 227/158/166 38/161/169 250/160/168 249/159/167
f 250/160/168 46/443/480 251/442/481 249/159/167
f 251/442/481 45/189/482 252/156/164 249/159/167
f 231/162/170 39/165/173 254/164/172 253/440/171
f 254/164/172 47/219/483 255/438/484 253/440/171
f 255/439/484 46/443/480 250/160/168 253/163/171
f 234/166/174 40/169/177 257/168/176 256/167/175
f 257/168/176 48/201/485 258/436/486 256/167/175
f 258/436/486 47/219/483 254/164/172 256/167/175
f 236/170/178 37/157/165 252/156/164 259/433/179
f 252/156/164 45/189/482 260/431/487 259/433/179
f 260/432/487 48/201/485 257/168/176 259/171/179
s 23
f 239/174/182 42/177/488 262/176/489 261/528/183
s 45
f 262/526/490 50/354/491 181/87/492 261/175/493
f 181/87/492 49/86/494 263/172/495 261/175/493
s off
f 243/178/496 43/450/497 265/216/498 264/527/499
s 28
f 265/513/226 51/215/225 182/355/500 264/179/501
s off
f 182/355/502 50/354/503 262/526/504 264/179/505
s 24
f 267/182/190 57/368/506 268/369/507 266/525/191
s 46
f 268/514/508 59/370/509 269/371/510 266/183/511
f 269/371/510 60/372/512 270/180/513 266/183/511
s off
f 248/186/514 41/479/515 263/524/516 271/523/517
f 263/172/518 49/86/519 184/85/520 271/187/521
s 47
f 184/85/522 52/211/523 272/184/524 271/187/525
s 25
f 251/190/198 46/193/526 274/192/527 273/522/199
s 48
f 274/520/528 54/356/529 189/95/530 273/191/531
f 189/95/530 53/94/532 275/188/533 273/191/531
s off
f 255/194/534 47/437/535 277/230/536 276/521/537
s 30
f 277/507/242 55/229/241 190/357/538 276/195/539
s off
f 190/357/540 54/356/541 274/520/542 276/195/543
s 26
f 279/198/206 61/373/544 280/374/545 278/519/207
s 49
f 280/508/546 63/375/547 281/376/548 278/199/549
f 281/376/548 64/377/550 282/196/551 278/199/549
s off
f 260/202/552 45/478/553 275/518/554 283/517/555
f 275/188/556 53/94/557 192/93/558 283/203/559
s 50
f 192/93/560 56/225/561 284/200/562 283/203/563
s 27
f 246/206/214 44/448/564 286/208/565 285/207/215
s 51
f 286/208/566 57/368/567 267/182/568 285/207/569
f 267/182/568 58/181/570 287/204/571 285/207/569
s 47
f 272/184/524 52/211/523 289/210/572 288/515/573
s off
f 289/210/574 59/370/575 268/514/576 288/515/577
f 268/369/578 57/368/579 286/208/580 288/209/581
s 10
f 183/212/222 51/215/395 291/214/582 290/213/223
s 52
f 291/214/583 60/372/584 269/371/585 290/213/586
f 269/371/585 59/370/587 289/210/588 290/213/586
s off
f 265/216/589 43/450/590 287/204/591 292/512/592
f 287/204/593 58/181/594 270/511/595 292/512/596
f 270/180/597 60/372/598 291/214/599 292/217/600
s 29
f 258/220/230 48/435/601 294/222/602 293/221/231
s 53
f 294/222/603 61/373/604 279/198/605 293/221/606
f 279/198/605 62/197/607 295/218/608 293/221/606
s 50
f 284/200/562 56/225/561 297/224/609 296/509/610
s off
f 297/224/611 63/375/612 280/508/613 296/509/614
f 280/374/615 61/373/616 294/222/617 296/223/618
s 12
f 191/226/238 55/229/398 299/228/619 298/227/239
s 54
f 299/228/620 64/377/621 281/376/622 298/227/623
f 281/376/622 63/375/624 297/224/625 298/227/623
s off
f 277/230/626 47/437/627 295/218/628 300/506/629
f 295/218/630 62/197/631 282/505/632 300/506/633
f 282/196/634 64/377/635 299/228/636 300/231/637
s 3
f 198/234/246 24/237/249 302/236/248 301/429/247
f 302/236/248 65/262/274 303/259/271 301/429/247
f 303/422/271 66/258/270 304/232/244 301/235/247
f 155/238/250 20/241/253 306/240/252 305/239/251
f 306/240/252 67/266/278 307/263/275 305/239/251
f 307/263/275 65/262/274 302/236/248 305/239/251
f 143/242/254 16/245/257 309/244/256 308/427/255
f 309/244/256 68/270/282 310/267/279 308/427/255
f 310/420/279 67/266/278 306/240/252 308/243/255
f 131/246/258 12/233/245 304/232/244 311/247/259
f 304/232/244 66/258/270 312/271/283 311/247/259
f 312/271/283 68/270/282 309/244/256 311/247/259
f 208/249/261 9/26/26 314/251/263 313/425/262
f 314/251/263 70/278/290 315/275/287 313/425/262
f 315/418/287 69/274/286 316/248/260 313/250/262
f 126/25/25 13/38/38 318/253/265 317/252/264
f 318/253/265 71/282/294 319/279/291 317/252/264
f 319/279/291 70/278/290 314/251/263 317/252/264
f 136/37/37 17/50/50 321/255/267 320/423/266
f 321/255/267 72/286/298 322/283/295 320/423/266
f 322/416/295 71/282/294 318/253/265 320/254/266
f 149/49/49 21/62/62 316/248/260 323/256/268
f 316/248/260 69/274/286 324/287/299 323/256/268
f 324/287/299 72/286/298 321/255/267 323/256/268
f 303/259/271 65/262/274 326/261/273 325/421/272
f 326/261/273 73/497/638 199/498/639 325/421/272
f 199/499/639 74/500/640 327/257/269 325/260/272
f 307/263/275 67/266/278 329/265/277 328/264/276
f 329/265/277 75/495/641 200/496/642 328/264/276
f 200/496/642 73/497/638 326/261/273 328/264/276
f 310/267/279 68/270/282 331/269/281 330/419/280
f 331/269/281 76/492/643 201/493/644 330/419/280
f 201/494/644 75/495/641 329/265/277 330/268/280
f 312/271/283 66/258/270 327/257/269 332/272/284
f 327/257/269 74/500/640 202/491/645 332/272/284
f 202/491/645 76/492/643 331/269/281 332/272/284
f 315/275/287 70/278/290 334/277/289 333/417/288
f 334/277/289 78/490/646 209/488/647 333/417/288
f 209/489/647 77/482/648 335/273/285 333/276/288
f 319/279/291 71/282/294 337/281/293 336/280/292
f 337/281/293 79/487/649 210/486/650 336/280/292
f 210/486/650 78/490/646 334/277/289 336/280/292
f 322/283/295 72/286/298 339/285/297 338/415/296
f 339/285/297 80/485/651 211/483/652 338/415/296
f 211/484/652 79/487/649 337/281/293 338/284/296
f 324/287/299 69/274/286 335/273/285 340/288/300
f 335/273/285 77/482/648 212/481/653 340/288/300
f 212/481/653 80/485/651 339/285/297 340/288/300
s off
f 129/291/654 15/46/655 342/293/656 341/292/657
s 3
f 342/293/658 82/305/319 343/302/316 341/292/659
f 343/302/316 81/301/315 344/289/660 341/292/659
f 145/45/45 19/471/58 346/295/308 345/411/307
f 346/295/308 83/309/323 347/306/320 345/411/661
f 347/406/320 82/305/319 342/293/658 345/294/661
f 151/55/309 18/475/54 349/297/311 348/296/310
f 349/297/311 84/313/327 350/310/324 348/296/310
f 350/310/324 83/309/323 346/295/308 348/296/310
f 134/298/312 14/480/662 344/289/663 351/407/313
f 344/289/660 81/301/315 352/314/328 351/407/664
f 352/403/328 84/313/327 349/297/311 351/299/664
f 343/302/316 82/305/319 354/304/318 353/303/317
f 354/304/318 86/345/371 138/43/43 353/303/317
f 138/43/43 85/42/42 355/300/314 353/303/317
f 347/306/320 83/309/323 357/308/322 356/405/321
f 357/308/322 87/347/373 139/404/372 356/405/321
f 139/346/372 86/345/371 354/304/318 356/307/321
f 350/310/324 84/313/327 359/312/326 358/311/325
f 359/312/326 88/349/375 140/348/374 358/311/325
f 140/348/374 87/347/373 357/308/322 358/311/325
f 352/314/328 81/301/315 355/300/314 360/402/329
f 355/300/314 85/42/42 141/401/41 360/402/329
f 141/41/41 88/349/375 359/312/326 360/315/329
f 205/317/331 89/342/356 362/341/355 361/399/332
f 362/341/355 5/14/14 207/398/114 361/399/332
f 207/113/114 25/112/113 363/316/330 361/318/332
f 159/319/333 26/322/336 365/321/335 364/320/334
f 365/321/335 91/78/78 168/75/75 364/320/334
f 168/75/75 90/74/74 363/316/330 364/320/334
f 163/323/337 27/326/340 367/325/339 366/324/338
f 367/325/339 92/82/82 173/79/79 366/324/338
f 173/79/79 91/78/78 365/321/335 366/324/338
f 166/327/341 28/351/377 369/394/665 368/328/342
f 369/394/665 93/352/387 177/83/83 368/328/342
f 177/83/83 92/82/82 367/325/339 368/328/342
f 195/331/345 93/352/387 369/394/665 370/396/346
f 369/394/665 28/351/377 197/395/103 370/396/346
f 197/103/103 8/102/102 371/329/343 370/332/346
f 109/335/349 94/330/344 371/329/343 372/336/350
f 371/329/343 8/102/102 120/23/23 372/336/350
f 120/23/23 7/22/22 373/333/347 372/336/350
f 105/339/353 95/334/348 373/333/347 374/340/354
f 373/333/347 7/22/22 116/19/19 374/340/354
f 116/19/19 6/18/18 375/337/351 374/340/354
f 100/343/357 96/338/352 375/337/351 376/344/358
f 375/337/351 6/18/18 111/15/15 376/344/358
f 111/15/15 5/14/14 362/341/355 376/344/358
s 55
f 202/385/666 74/380/667 377/106/668 378/105/669
s off
f 74/380/670 199/379/671 379/107/672 377/106/673
f 199/379/674 73/378/675 381/358/676 379/107/677
s 56
f 73/378/678 200/504/679 382/503/680 381/358/681
f 200/382/679 75/381/682 383/360/683 382/359/680
s off
f 75/381/684 201/384/685 384/361/686 383/360/687
f 201/384/688 76/383/689 385/362/690 384/361/691
s 55
f 76/383/692 202/385/666 378/105/669 385/362/693
s 57
f 212/393/694 77/388/695 387/116/696 386/501/697
s off
f 77/388/698 209/387/699 388/117/700 387/116/701
f 209/387/702 78/386/703 390/363/704 388/117/705
s 58
f 78/386/706 210/390/707 391/364/708 390/363/709
f 210/390/707 79/389/710 392/365/711 391/364/708
s off
f 79/389/712 211/392/713 393/366/714 392/365/715
f 211/392/716 80/391/717 394/367/718 393/366/719
s 57
f 80/391/720 212/502/694 386/115/697 394/367/721
