# This file uses centimeters as units for non-parametric coordinates.

mtllib roll_frame28.mtl
g default
v -14.692940 66.028625 -2.871923
v -1.900687 66.252937 0.282611
v 8.426031 67.391296 4.513068
v 22.074001 68.241638 6.650242
v -17.222357 91.146271 6.564128
v -7.222548 86.410835 17.156816
v 10.674387 86.761154 20.303576
v 23.478371 91.732613 13.891000
v -15.064576 110.041931 25.207943
v -4.974592 103.428040 27.647974
v 9.679000 107.318703 28.579424
v 17.702145 121.135063 25.005634
v -20.017307 113.585915 34.075356
v -8.335682 121.540604 36.582481
v 2.743338 124.375366 37.144138
v 20.020105 126.784988 32.147270
v -25.137953 115.265915 26.477373
v -11.996150 129.774323 28.449591
v 2.680531 133.626495 29.323713
v 17.137777 135.573303 28.377327
v -18.248981 113.555374 19.480345
v -8.563969 120.826698 11.870007
v 6.080537 124.702751 12.820094
v 14.674632 128.141327 21.563148
v -15.360645 97.302330 -4.533705
v -2.057976 99.542877 -5.590990
v 12.880894 99.791069 -2.942357
v 25.342985 98.059021 2.570586
v -11.730675 68.310516 -15.224710
v 1.263455 64.886520 -11.927030
v 10.071980 61.576775 -4.833282
v 23.358370 64.345627 -4.611550
v -7.865242 34.672279 -15.020394
v -0.495204 34.973930 -13.172207
v -3.413108 32.690811 -1.531591
v -10.809929 32.238045 -3.400937
v 14.693871 37.473969 18.179476
v 22.473974 37.428967 18.187408
v 21.824755 42.601250 27.656628
v 14.030148 42.535194 27.589718
v -1.746778 10.665704 -36.553898
v 5.182668 10.162644 -34.094212
v 1.694316 6.296369 -25.005894
v -5.239298 6.613089 -27.498386
v 14.067027 44.607872 -11.876746
v 21.510233 44.186806 -11.769512
v 20.749985 36.735779 -5.089858
v 13.251519 36.583458 -5.461528
v -1.767209 4.910004 -39.137768
v 6.512682 4.542248 -36.088802
v 2.782295 0.220331 -21.958738
v -8.277531 0.542111 -26.058409
v 13.420704 40.730152 -17.116461
v 22.372433 40.760040 -16.782999
v 23.329781 30.976460 -5.519114
v 11.591099 30.472088 -6.154596
v -12.181967 5.508720 -11.381598
v -3.470707 5.255539 -8.164163
v -12.397290 1.976138 -11.066845
v -3.684606 1.723962 -7.852974
v 12.323266 25.519192 9.596663
v 21.580339 26.060760 10.161113
v 12.611263 22.568598 7.640594
v 21.867964 23.108717 8.209622
v 22.492189 135.885101 2.530634
v 20.823551 132.114838 8.324182
v 30.574364 140.716537 7.941011
v 30.005095 135.785492 12.421337
v -8.282042 89.719673 32.956020
v -8.792183 97.767197 31.717308
v -17.235857 96.448959 38.176044
v -18.265858 89.059593 37.112911
v 33.116707 107.094429 8.201015
v 28.489569 107.455391 16.799534
v 36.182327 108.613289 9.786994
v 31.554964 108.973022 18.386957
v 2.602637 108.404854 55.174755
v -0.534532 116.044403 49.950119
v -3.886916 115.840424 51.664818
v -0.749748 108.200874 56.889454
v -11.625868 131.315216 47.452175
v 3.955825 132.399750 46.572750
v 5.334857 138.095169 31.595087
v -16.136801 136.359375 32.571884
v -11.375835 153.157669 52.671589
v 3.445626 153.418182 51.603661
v 1.794431 160.674286 35.288677
v -12.334599 160.425949 36.306713
v -15.885234 74.502525 -1.458809
v -12.665027 78.149109 -13.341252
v 0.672611 78.413857 -12.820865
v 12.413251 76.244278 -9.739954
v 24.490322 74.630989 -4.719326
v 21.659204 72.482910 7.094984
v 8.833533 71.451500 8.544217
v -5.361930 72.367340 5.138542
v -10.480398 69.672623 1.075282
v -9.575546 65.850380 0.070723
v -4.116186 69.032021 3.069577
v -11.656615 73.374420 2.455717
v -15.384432 70.316628 -2.430445
v 2.115149 68.888199 4.834647
v 2.794063 66.140038 3.674797
v 8.707237 69.249947 6.257341
v 1.672234 71.573685 6.942315
v 15.769951 70.271553 6.966939
v 16.032032 68.431442 7.454402
v 21.898476 70.388863 5.778519
v 15.880057 71.983665 8.716722
v -12.781367 96.896126 17.581560
v -13.766850 88.533997 11.963211
v -6.155290 94.983009 21.004654
v -12.058296 104.874855 25.506065
v -17.006920 99.201180 14.028552
v 3.128465 95.386383 21.572872
v 1.625345 86.160423 19.452223
v 12.184780 97.869820 23.030970
v 2.126060 106.319107 27.312496
v 18.757013 102.002289 20.603958
v 18.431969 89.117241 17.654787
v 23.405077 106.602158 17.306730
v 16.623655 112.969589 26.677654
v -12.615272 112.125336 32.713741
v -7.211240 113.867882 34.815834
v -15.917333 118.602425 36.805897
v -16.630339 111.046532 31.160896
v -0.609726 115.035713 34.759789
v 5.652342 117.271812 35.616127
v -3.064917 123.909752 40.199745
v 13.007584 119.422348 33.584995
v 19.953154 122.992340 28.249989
v 11.505579 126.444221 37.855728
v -18.369566 123.787079 33.892197
v -10.642355 127.315948 34.521202
v -21.159536 125.674286 28.075062
v -22.886944 115.034302 30.830408
v -4.127879 159.264191 51.336334
v -3.934570 153.187302 52.536850
v 4.073318 158.242844 46.178017
v -5.414116 161.669662 34.071835
v -13.878079 157.922943 47.488808
v 9.956896 132.272629 35.384914
v 18.885887 131.477585 30.389383
v 9.995879 136.453568 30.336992
v 2.291853 130.435196 35.035088
v -18.653881 122.774445 20.965158
v -11.242176 128.134323 21.593468
v -16.121540 117.420822 13.121380
v -22.784330 112.978348 21.742214
v -3.812779 130.129044 22.047110
v -5.206992 133.625366 29.844620
v 3.433223 132.088531 22.531778
v -1.195337 122.729774 12.311426
v 10.025908 133.036942 23.452448
v 15.203962 134.135880 24.743704
v 13.021558 126.846115 14.741854
v -12.690637 109.709091 2.517474
v -5.103306 111.667366 2.067502
v -9.585875 98.911560 -6.290762
v -17.621939 106.385971 5.002420
v 2.339228 113.003746 2.742386
v 9.816572 113.984299 3.577187
v 5.440478 99.833817 -4.392102
v 17.320456 114.920410 5.346049
v 22.647429 114.649940 8.165355
v 20.275551 99.476395 -1.010702
v -6.117844 73.953842 -15.626500
v -6.503784 78.664490 -14.475609
v 0.971947 73.909309 -13.912768
v -5.568505 69.089859 -16.330982
v -12.295031 73.251015 -14.548097
v 6.368588 72.649124 -11.866862
v 6.619498 77.668877 -11.144894
v 11.779952 70.888260 -10.174952
v 6.214199 67.523811 -11.686774
v 18.662876 69.689247 -8.693078
v 19.414427 75.367424 -8.163277
v 23.915159 69.359726 -5.686667
v 17.844730 63.871189 -7.251986
v 0.255004 2.458694 -32.082230
v 3.207891 5.504393 -39.882305
v 5.801314 2.512441 -30.081268
v -2.756198 0.275304 -23.986710
v -5.256220 2.958969 -34.179478
v 3.652670 64.659584 2.868503
v 9.980646 55.270092 7.829177
v 0.701180 54.774693 -7.568401
v 17.626444 36.300541 -12.685249
v 18.058865 42.370888 -18.474194
v 23.463106 36.511566 -12.468863
v 17.470198 30.709675 -5.810256
v 11.753612 36.314041 -12.966822
v 24.388363 69.742188 -0.035209
v 24.101774 66.152458 0.839270
v 24.680618 73.543060 1.177180
v 25.111944 110.994850 12.154422
v 26.433414 95.043434 8.330101
v 16.017767 125.809952 21.787706
v 30.110825 106.968086 12.295193
v 34.814613 107.676826 8.006570
v 33.859703 108.825470 14.234652
v 29.156090 108.117508 18.522295
v -15.286184 71.797630 -9.209270
v -14.553189 67.110939 -9.719033
v -15.813941 76.494301 -8.148584
v -19.101400 101.868782 8.906269
v -18.372692 94.388062 0.318117
v -16.011368 110.394043 22.275587
v 1.677442 112.372253 52.138744
v -2.290523 116.918648 49.992634
v -2.422115 112.122810 54.235615
v 1.545851 107.576416 56.381725
v -4.710984 52.422073 -16.242586
v -0.915454 51.496750 -13.220139
v -3.718955 35.102043 -15.157932
v -9.845191 50.816383 -15.255323
v -0.583619 50.976776 -6.652798
v -3.735756 49.956543 -0.881149
v -0.662016 33.727123 -6.597615
v -8.479114 50.374569 0.262846
v -12.658934 49.319130 -2.905730
v -7.518682 32.091908 -0.032203
v -12.521631 50.099808 -9.358157
v -10.520864 33.243610 -9.122005
v 17.747885 49.414799 4.159345
v 22.678738 49.866505 6.537706
v 18.475878 36.999073 17.343496
v 13.240922 49.601257 6.401637
v 23.665100 53.533718 11.831544
v 22.241032 56.947174 17.334646
v 23.142696 39.908237 23.251104
v 17.170221 58.662182 18.306450
v 12.812924 56.722351 17.222713
v 17.657877 43.621567 29.412889
v 11.323421 53.222534 11.734056
v 12.973156 40.049656 23.135900
v -0.167955 26.050880 -25.373720
v 2.928406 24.657253 -22.293905
v 2.386371 11.262295 -37.079044
v -4.820453 25.274446 -24.992222
v 2.400198 20.492104 -17.481941
v -0.938080 16.827484 -13.322231
v 4.682705 8.054776 -29.469234
v -5.353456 15.480394 -13.334071
v -8.706707 17.307737 -15.929675
v -2.770358 5.789418 -23.594006
v -7.985195 21.221020 -20.970160
v -4.571198 8.571431 -32.811584
v 19.540323 47.482288 7.395154
v 23.259865 44.552364 7.556176
v 18.019381 45.885857 -12.740125
v 15.052658 46.478130 8.064651
v 22.945978 38.180592 7.467817
v 20.300234 32.568111 7.978734
v 22.137718 40.281631 -9.219912
v 15.685462 31.850119 7.994866
v 12.105632 34.617340 8.572376
v 17.005720 34.954433 -2.771849
v 12.207140 40.776070 8.193741
v 12.406651 40.654400 -9.400499
v 3.034680 8.488245 -39.162888
v 6.354771 7.470905 -35.434258
v -1.931276 7.886714 -38.456520
v 5.689180 5.325857 -29.589510
v 2.779886 3.040928 -21.753883
v -8.567278 5.333870 -7.768268
v -7.766706 6.353655 -9.860564
v -14.099080 5.489209 -9.809176
v -8.099947 0.886544 -9.373444
v -3.035477 5.178532 -5.727360
v -5.379926 5.840439 -33.647530
v -8.288396 3.372267 -25.829901
v 17.990274 44.584213 -16.277969
v 22.259319 42.849815 -14.760345
v 13.321702 42.962620 -15.025872
v 23.262196 38.530750 -10.770413
v 23.122644 33.175632 -3.862325
v 16.933918 24.389917 11.495256
v 16.873041 26.596445 10.413993
v 11.056364 24.048037 11.136705
v 17.318512 22.029505 7.389539
v 22.811274 24.735056 11.854710
v 11.565620 38.507965 -11.201343
v 11.376312 32.672794 -4.522615
v -5.228226 5.512529 -16.826485
v -10.112969 5.664590 -18.632324
v -0.348007 5.383902 -15.001968
v -10.865985 3.016165 -18.768820
v -10.983993 0.225850 -18.654047
v -5.449132 0.064546 -16.626917
v 0.085859 -0.080844 -14.592184
v 0.195830 2.702675 -14.688096
v 17.006330 30.817137 3.994578
v 11.809991 30.514906 3.676093
v 22.208656 31.132610 4.335198
v 11.339720 28.261166 2.123799
v 11.562993 25.945524 0.543286
v 17.441753 26.274111 0.905940
v 23.329269 26.609663 1.298825
v 23.102457 28.935450 2.859626
v 17.813414 131.684387 12.806746
v 16.906168 136.143341 14.151072
v 20.648172 133.013016 4.381988
v 20.850548 128.136841 12.917586
v 19.787355 138.253265 16.313622
v 24.093143 138.751343 18.560608
v 26.135042 138.847855 4.656277
v 26.509054 134.894104 18.367535
v 27.861839 130.689026 17.467026
v 31.423677 138.024979 9.896257
v 24.517694 128.516663 14.938467
v 24.771832 133.520645 10.933167
v -11.641636 101.041870 27.766193
v -10.550200 102.924042 31.762508
v -6.710015 93.740623 32.189980
v -15.106284 99.221802 25.279894
v -13.580776 103.328377 34.895084
v -18.029409 103.139938 37.102821
v -12.846290 98.041992 34.372963
v -20.915442 101.536835 34.183910
v -22.514980 99.600044 30.522003
v -17.923594 92.437134 38.746269
v -19.045513 98.933258 26.941980
v -13.219758 88.621483 34.396053
v 22.701027 123.308937 6.868202
v 26.365200 124.369202 3.016224
v 21.814516 124.036858 11.991990
v 30.163219 126.520279 3.784110
v 34.231586 128.700836 6.984620
v 32.443687 128.347519 11.676982
v 29.798296 128.007553 16.009764
v 24.734222 125.794037 14.739051
v -2.626596 100.444214 38.444195
v -5.725471 104.358551 36.667511
v -2.729749 95.942543 41.578915
v -9.829017 104.937218 38.003910
v -14.320364 103.466537 41.194439
v -13.221954 98.971375 43.766182
v -11.607654 94.579109 45.559532
v -6.369079 94.379494 43.632389
v -2.689665 122.707367 45.717377
v 2.163115 129.318130 39.820782
v -3.522208 130.519867 49.536606
v -10.107296 127.013863 39.806393
v 4.116477 131.875778 36.913044
v 0.921911 134.663315 32.809170
v 7.360304 135.507324 38.975147
v -5.599198 135.587387 30.561123
v -11.284851 132.292603 32.774914
v -5.514328 137.616699 31.413868
v -13.044739 128.715500 36.915501
v -16.635113 133.691620 40.259521
v -3.736936 144.616898 53.446148
v 6.802670 147.204727 50.325020
v -14.662174 146.827454 51.871624
v 7.653649 150.129150 41.149223
v 5.353035 151.469086 32.637154
v -5.441250 151.650787 31.251286
v -15.912463 151.095306 34.169395
v -16.921133 149.697220 42.919910
v -16.746786 86.489693 -4.632140
v -16.604364 84.075882 1.983689
v -13.365391 88.420303 -9.675562
v -7.269778 89.133873 -10.969862
v 0.081058 88.605316 -9.602533
v 6.725687 88.704697 -7.828603
v 13.418509 87.650574 -6.315300
v 20.560413 87.043579 -4.104207
v 25.364077 85.504250 -0.243551
v 25.535574 83.236313 5.849305
v 22.070251 81.010689 11.685184
v 16.430334 80.486794 14.602767
v 9.973000 79.638382 14.947661
v 1.022942 81.207771 13.297069
v -7.901084 80.993660 10.465756
v -13.209087 82.692223 7.268373
v 32.816471 94.611145 20.202848
v 33.590462 95.354988 22.096960
v 34.873875 94.232239 15.471550
v 36.701107 95.137527 16.416857
v 37.834335 94.221054 10.877133
v 39.726700 94.877953 10.692750
v 41.284527 95.930458 12.662066
v 38.768166 96.161667 17.486235
v 36.266659 96.320541 21.987782
v 6.272994 115.914108 66.545013
v 7.474918 116.815865 65.207565
v 6.144581 121.098175 62.082634
v 4.192917 120.979424 63.080883
v 4.073004 125.100113 59.542023
v 2.112852 126.044731 59.616745
v 0.300061 124.870544 61.471825
v 1.886011 120.839050 64.260826
v 3.701992 116.586296 67.137367
vt 0.208431 0.494797
vt 0.208575 0.478116
vt 0.229443 0.475893
vt 0.229271 0.493426
vt 0.252729 0.492198
vt 0.256170 0.471571
vt 0.275357 0.475888
vt 0.275429 0.493819
vt 0.298111 0.492176
vt 0.294163 0.471736
vt 0.321331 0.475953
vt 0.321541 0.493432
vt 0.198757 0.641525
vt 0.200055 0.589825
vt 0.221664 0.590600
vt 0.219751 0.640956
vt 0.244967 0.639373
vt 0.247968 0.591507
vt 0.275466 0.591669
vt 0.275481 0.635804
vt 0.305994 0.639365
vt 0.302966 0.591494
vt 0.329276 0.590573
vt 0.331197 0.640955
vt 0.199789 0.728809
vt 0.197393 0.704590
vt 0.219517 0.692482
vt 0.227784 0.730211
vt 0.252859 0.733034
vt 0.249003 0.687406
vt 0.275511 0.688085
vt 0.275516 0.730408
vt 0.298175 0.733010
vt 0.302021 0.687396
vt 0.331536 0.692451
vt 0.323246 0.730162
vt 0.805511 0.686057
vt 0.204711 0.752714
vt 0.229559 0.760254
vt 0.782889 0.696424
vt 0.784986 0.875584
vt 0.254181 0.941082
vt 0.275435 0.940431
vt 0.742298 0.896742
vt 0.699334 0.736241
vt 0.297037 0.807427
vt 0.321459 0.760204
vt 0.696358 0.696343
vt 0.808954 0.641287
vt 0.805193 0.664541
vt 0.784300 0.671779
vt 0.785729 0.644267
vt 0.763331 0.647822
vt 0.762442 0.673765
vt 0.742276 0.741120
vt 0.739609 0.647377
vt 0.715889 0.647774
vt 0.716786 0.673709
vt 0.694936 0.671695
vt 0.693494 0.644181
vt 0.806875 0.557726
vt 0.810121 0.617205
vt 0.790367 0.607046
vt 0.787575 0.557696
vt 0.763367 0.556090
vt 0.764746 0.603486
vt 0.739627 0.603152
vt 0.739688 0.556093
vt 0.716014 0.556064
vt 0.714496 0.603455
vt 0.688836 0.606971
vt 0.691820 0.557642
vt 0.803405 0.420481
vt 0.802841 0.435733
vt 0.782960 0.432290
vt 0.783371 0.416064
vt 0.759505 0.410786
vt 0.759570 0.428509
vt 0.739756 0.426992
vt 0.739743 0.409699
vt 0.720007 0.410786
vt 0.719946 0.428500
vt 0.696571 0.432245
vt 0.696182 0.416016
vt 0.819305 0.093413
vt 0.797386 0.086157
vt 0.790779 0.072322
vt 0.822344 0.073237
vt 0.265809 0.416173
vt 0.762697 0.377789
vt 0.739788 0.389948
vt 0.275377 0.462947
vt 0.364323 0.097210
vt 0.342669 0.089884
vt 0.336664 0.075169
vt 0.367299 0.076188
vt 0.342559 0.494848
vt 0.342402 0.478170
vt 0.366070 0.480227
vt 0.366198 0.495669
vt 0.352247 0.641476
vt 0.350872 0.589816
vt 0.374237 0.588973
vt 0.374011 0.638442
vt 0.936729 0.462892
vt 0.940585 0.464321
vt 0.946953 0.476690
vt 0.936605 0.482861
vt 0.804780 0.405462
vt 0.824266 0.410023
vt 0.823186 0.423812
vt 0.805355 0.509178
vt 0.825584 0.509339
vt 0.825621 0.554997
vt 0.118742 0.522844
vt 0.058006 0.517789
vt 0.074507 0.510871
vt 0.084702 0.516921
vt 0.822269 0.350445
vt 0.784755 0.399833
vt 0.805305 0.347137
vt 0.793942 0.336256
vt 0.777469 0.322538
vt 0.236211 0.409364
vt 0.220899 0.415267
vt 0.203041 0.415110
vt 0.182178 0.419746
vt 0.685950 0.336155
vt 0.717407 0.377787
vt 0.694840 0.399772
vt 0.674409 0.347030
vt 0.657366 0.350391
vt 0.674734 0.405426
vt 0.637625 0.358046
vt 0.347747 0.415166
vt 0.329799 0.415381
vt 0.314324 0.409429
vt 0.706215 0.336018
vt 0.292514 0.404556
vt 0.870618 0.237836
vt 0.844433 0.293934
vt 0.832214 0.287148
vt 0.858351 0.228645
vt 0.844944 0.223065
vt 0.821107 0.280742
vt 0.243727 0.342391
vt 0.826584 0.212775
vt 0.214622 0.282882
vt 0.224361 0.346790
vt 0.210147 0.349538
vt 0.199596 0.284960
vt 0.184434 0.288656
vt 0.194986 0.352422
vt 0.864110 0.304875
vt 0.163133 0.290367
vt 0.634803 0.222910
vt 0.658751 0.280554
vt 0.647480 0.287052
vt 0.621343 0.228556
vt 0.609012 0.237734
vt 0.635143 0.293889
vt 0.375465 0.356065
vt 0.590820 0.249121
vt 0.366326 0.288752
vt 0.355651 0.352469
vt 0.340563 0.349608
vt 0.351134 0.285011
vt 0.336042 0.282967
vt 0.326383 0.346874
vt 0.678330 0.268182
vt 0.315081 0.275917
vt 0.789900 0.091626
vt 0.894734 0.181072
vt 0.223763 0.023658
vt 0.779683 0.072008
vt 0.205625 0.023651
vt 0.212375 0.030485
vt 0.208733 0.046428
vt 0.818124 0.043214
vt 0.919973 0.054113
vt 0.218394 0.124576
vt 0.231547 0.124829
vt 0.925982 0.076298
vt 0.853028 0.105343
vt 0.173602 0.224408
vt 0.245023 0.044913
vt 0.815784 0.102925
vt 0.335499 0.095534
vt 0.609223 0.166963
vt 0.147562 0.023794
vt 0.325939 0.074804
vt 0.129108 0.019171
vt 0.133886 0.026698
vt 0.125138 0.040618
vt 0.363323 0.044920
vt 0.461211 0.056389
vt 0.114656 0.083148
vt 0.128082 0.110700
vt 0.466974 0.079440
vt 0.396801 0.109583
vt 0.345740 0.218419
vt 0.158805 0.046562
vt 0.361009 0.107136
vt 0.212264 0.093809
vt 0.204982 0.218327
vt 0.226791 0.056935
vt 0.229179 0.093286
vt 0.246067 0.092223
vt 0.255137 0.092099
vt 0.884191 0.095549
vt 0.853655 0.095653
vt 0.854753 0.074189
vt 0.884265 0.075061
vt 0.885799 0.054616
vt 0.855335 0.052709
vt 0.203340 0.068369
vt 0.888472 0.044995
vt 0.116537 0.064410
vt 0.377147 0.224500
vt 0.136900 0.057215
vt 0.135301 0.068971
vt 0.159593 0.072808
vt 0.169578 0.075371
vt 0.426769 0.099419
vt 0.397393 0.099512
vt 0.398467 0.077209
vt 0.426850 0.078134
vt 0.428347 0.056895
vt 0.399054 0.054890
vt 0.111199 0.052142
vt 0.430928 0.046902
vt 0.398347 0.732496
vt 0.353774 0.704759
vt 0.655189 0.607952
vt 0.404645 0.715309
vt 0.625247 0.642548
vt 0.669008 0.617360
vt 0.670290 0.641156
vt 0.629866 0.657272
vt 0.633967 0.675274
vt 0.674058 0.664432
vt 0.345812 0.774768
vt 0.637449 0.692485
vt 0.387906 0.765553
vt 0.346295 0.752641
vt 0.351218 0.728717
vt 0.392980 0.747350
vt 0.854032 0.642643
vt 0.181252 0.694641
vt 0.859345 0.625630
vt 0.152631 0.732602
vt 0.157999 0.747449
vt 0.163074 0.765647
vt 0.167481 0.783084
vt 0.845329 0.675366
vt 0.849419 0.657366
vt 0.462802 0.754848
vt 0.433121 0.744888
vt 0.586158 0.633072
vt 0.469035 0.736153
vt 0.562716 0.661102
vt 0.591598 0.653084
vt 0.596668 0.669873
vt 0.567525 0.676181
vt 0.573571 0.695803
vt 0.602326 0.689166
vt 0.414557 0.801264
vt 0.575415 0.714705
vt 0.450039 0.789809
vt 0.420413 0.781867
vt 0.427222 0.762131
vt 0.457315 0.770152
vt 0.916571 0.661069
vt 0.887682 0.653104
vt 0.112049 0.724515
vt 0.922852 0.642462
vt 0.088177 0.754903
vt 0.117860 0.744959
vt 0.123753 0.762207
vt 0.093657 0.770210
vt 0.100926 0.789871
vt 0.130556 0.781946
vt 0.872833 0.708772
vt 0.104321 0.808576
vt 0.905760 0.695791
vt 0.876995 0.689207
vt 0.882631 0.669903
vt 0.911782 0.676158
vt 0.245118 0.820265
vt 0.256063 0.761423
vt 0.275458 0.816348
vt 0.275456 0.817082
vt 0.305796 0.819611
vt 0.322444 0.827635
vt 0.716707 0.746651
vt 0.742277 0.751635
vt 0.767846 0.746640
vt 0.232576 0.815700
vt 0.789238 0.746868
vt 0.242805 0.909093
vt 0.242913 0.847487
vt 0.275453 0.850080
vt 0.275444 0.899369
vt 0.308078 0.909112
vt 0.307992 0.847504
vt 0.685718 0.768892
vt 0.335635 0.923345
vt 0.710517 0.826756
vt 0.709025 0.772272
vt 0.742280 0.767854
vt 0.742288 0.823907
vt 0.774059 0.826743
vt 0.775535 0.772258
vt 0.216918 0.852154
vt 0.800161 0.835727
vt 0.803587 0.472219
vt 0.184266 0.511368
vt 0.823748 0.473030
vt 0.786007 0.508646
vt 0.783967 0.470951
vt 0.760849 0.468488
vt 0.762764 0.507838
vt 0.739729 0.507585
vt 0.739749 0.469813
vt 0.718652 0.468468
vt 0.716699 0.507812
vt 0.693463 0.508589
vt 0.695538 0.470900
vt 0.347089 0.550471
vt 0.343449 0.511536
vt 0.656251 0.437958
vt 0.370672 0.549455
vt 0.305626 0.550928
vt 0.300328 0.509969
vt 0.323635 0.511057
vt 0.326613 0.553291
vt 0.245263 0.550946
vt 0.250519 0.509979
vt 0.275426 0.509223
vt 0.275447 0.553833
vt 0.203857 0.550446
vt 0.207534 0.511493
vt 0.227207 0.511082
vt 0.224277 0.553331
vt 0.296688 0.941095
vt 0.317831 0.963343
vt 0.722395 0.859395
vt 0.742293 0.859091
vt 0.762190 0.859387
vt 0.672412 0.557619
vt 0.673996 0.509116
vt 0.676597 0.435714
vt 0.676064 0.420456
vt 0.798456 0.058765
vt 0.820876 0.052919
vt 0.343747 0.061021
vt 0.365907 0.055032
vt 0.963235 0.483911
vt 0.902883 0.489040
vt 0.909072 0.482168
vt 0.925033 0.475729
vt 0.931354 0.463643
vt 0.080884 0.498420
vt 0.084741 0.496992
vt 0.090126 0.497750
vt 0.096539 0.509638
vt 0.112499 0.516024
vt 0.245369 0.109349
vt 0.249130 0.116712
vt 0.914174 0.091435
vt 0.914507 0.075957
vt 0.915392 0.060496
vt 0.143488 0.116794
vt 0.145270 0.126440
vt 0.455609 0.095160
vt 0.455938 0.079081
vt 0.456800 0.063019
vt 0.982240 0.434188
vt 0.963585 0.427947
vt 0.946509 0.423110
vt 0.890921 0.433118
vt 0.882130 0.436526
vt 0.926679 0.423006
vt 0.909612 0.427375
vt 0.937930 0.422313
vt 0.075163 0.457134
vt 0.058225 0.461798
vt 0.039557 0.467684
vt 0.094859 0.456979
vt 0.083682 0.456346
vt 0.130564 0.466891
vt 0.111877 0.461251
vt 0.033116 0.470128
vt 0.675805 0.472192
vt 0.653419 0.509254
vt 0.655248 0.472962
vt 0.367019 0.511392
vt 0.176921 0.588998
vt 0.180547 0.549455
vt 0.822760 0.437993
vt 0.233028 0.963316
vt 0.215241 0.923308
vt 0.798841 0.768868
vt 0.699605 0.875602
vt 0.684417 0.835751
vt 0.333987 0.852188
vt 0.228471 0.827609
vt 0.254212 0.785439
vt 0.759269 0.697501
vt 0.785216 0.736222
vt 0.695315 0.746888
vt 0.719972 0.697428
vt 0.296799 0.785396
vt 0.318344 0.815723
vt 0.903939 0.714697
vt 0.136407 0.801345
vt 0.081951 0.736203
vt 0.893090 0.633076
vt 0.446638 0.808511
vt 0.606509 0.708725
vt 0.556410 0.642507
vt 0.438944 0.724452
vt 0.841861 0.692578
vt 0.205190 0.774839
vt 0.146366 0.715395
vt 0.823906 0.608060
vt 0.383498 0.782992
vt 0.673752 0.685953
vt 0.619881 0.625562
vt 0.369876 0.694574
vt 0.624476 0.158216
vt 0.327082 0.211968
vt 0.653476 0.212425
vt 0.306569 0.342322
vt 0.153133 0.050558
vt 0.361352 0.222428
vt 0.125968 0.045756
vt 0.396618 0.225899
vt 0.569871 0.190223
vt 0.388031 0.290471
vt 0.615162 0.304972
vt 0.596954 0.173816
vt 0.584932 0.180968
vt 0.909456 0.190131
vt 0.154402 0.225852
vt 0.888489 0.249012
vt 0.175675 0.355943
vt 0.241882 0.047343
vt 0.189385 0.222364
vt 0.213528 0.046751
vt 0.223402 0.212053
vt 0.855547 0.158550
vt 0.235225 0.276013
vt 0.801766 0.268578
vt 0.882733 0.173912
vt 0.870470 0.167071
vt 0.702590 0.322102
vt 0.284431 0.416033
vt 0.369025 0.419829
vt 0.654789 0.409992
vt 0.841623 0.358035
vt 0.185243 0.480200
vt 0.257695 0.404697
vt 0.773758 0.336466
vt 0.177136 0.638471
vt 0.185108 0.495641
vt 0.653403 0.554919
vt 0.655840 0.423782
vt 0.740026 0.329135
vt 0.739609 0.679991
vt 0.717946 0.727940
vt 0.321543 0.784229
vt 0.275425 0.981496
vt 0.229466 0.784279
vt 0.766602 0.727930
vt 0.275513 0.766895
vt 0.294962 0.761394
vt 0.158494 0.031032
vt 0.235614 0.029385
vt 0.253884 0.807420
vt 0.968218 0.693073
vt 0.970279 0.686813
vt 0.964692 0.720144
vt 0.041234 0.817480
vt 0.965692 0.701614
vt 0.035620 0.790589
vt 0.038855 0.799577
vt 0.026837 0.766821
vt 0.976742 0.669618
vt 0.033170 0.783659
vt 0.515345 0.790561
vt 0.512107 0.799546
vt 0.509721 0.817448
vt 0.514670 0.720260
vt 0.513647 0.701731
vt 0.511110 0.693195
vt 0.509040 0.686939
vt 0.502555 0.669755
vt 0.524137 0.766797
vt 0.517798 0.783632
vt 0.052820 0.522857
vt 0.139366 0.470253
vt 0.968347 0.489050
vt 0.988625 0.436785
vt 0.108883 0.091107
vt 0.106409 0.062482
vt 0.399209 0.044805
vt 0.459518 0.102060
vt 0.428604 0.109556
vt 0.167704 0.057128
vt 0.215342 0.132259
vt 0.203222 0.094543
vt 0.855471 0.043005
vt 0.918242 0.098075
vt 0.886101 0.105305
vt 0.255511 0.067846
vt 0.169019 0.047690
vt 0.166893 0.025823
vt 0.125973 0.120002
vt 0.337008 0.054912
vt 0.115292 0.038211
vt 0.149847 0.015689
vt 0.254586 0.043904
vt 0.241676 0.021944
vt 0.231922 0.132778
vt 0.791425 0.052872
vt 0.199112 0.046316
vt 0.223332 0.014444
vn -0.538397 -0.249487 0.804913
vn -0.538397 -0.249487 0.804913
vn -0.321343 -0.428879 0.844276
vn -0.363373 -0.398386 0.842169
vn -0.207638 -0.586238 0.783078
vn -0.020449 -0.351476 0.935974
vn -0.397940 -0.430859 0.809941
vn -0.334252 -0.657329 0.675421
vn -0.142709 -0.417253 0.897516
vn -0.512573 0.244612 0.823064
vn -0.014757 0.015765 0.999767
vn -0.033257 -0.019420 0.999258
vn -0.877828 -0.282280 0.386958
vn -0.927168 -0.265905 0.263921
vn -0.708756 -0.410330 0.573842
vn -0.643091 -0.429385 0.634084
vn -0.270353 -0.457717 0.846997
vn -0.372239 -0.513523 0.773132
vn -0.141600 -0.483829 0.863631
vn -0.042505 -0.382192 0.923105
vn 0.239205 -0.340669 0.909245
vn 0.110367 -0.398894 0.910331
vn 0.500685 -0.285248 0.817281
vn 0.606462 -0.220489 0.763929
vn 0.486785 0.046748 0.872270
vn -0.162512 -0.365311 0.916590
vn -0.506331 -0.569037 0.647940
vn -0.169935 -0.598864 0.782614
vn -0.023722 -0.518254 0.854898
vn -0.064831 -0.589438 0.805208
vn 0.060928 -0.549865 0.833028
vn 0.083523 -0.517093 0.851844
vn 0.221446 -0.451313 0.864452
vn 0.256283 -0.476623 0.840922
vn 0.656514 -0.278248 0.701118
vn 0.494133 -0.418429 0.762069
vn -0.834990 0.107086 0.539745
vn -0.438362 0.009888 0.898744
vn -0.267757 -0.052474 0.962056
vn -0.548163 0.496282 0.673217
vn -0.622433 0.727296 0.289168
vn -0.450473 0.240531 0.859779
vn 0.066434 0.224476 0.972213
vn 0.016563 0.881123 0.472597
vn 0.150551 0.588435 0.794404
vn 0.114244 -0.149451 0.982147
vn 0.303204 0.006122 0.952906
vn 0.088491 0.593300 0.800103
vn -0.749977 -0.144655 -0.645452
vn -0.988368 0.087805 -0.124170
vn -0.747459 0.664240 -0.009513
vn -0.617020 0.566081 -0.546662
vn -0.334344 0.789177 -0.515183
vn -0.469073 0.868071 -0.162551
vn -0.220849 0.910692 -0.349094
vn -0.188108 0.830372 -0.524497
vn -0.132098 0.845983 -0.516588
vn -0.152174 0.981297 -0.117895
vn -0.033665 0.971380 0.235135
vn 0.001901 0.852306 -0.523040
vn -0.875312 0.309367 -0.371645
vn -0.868450 -0.014921 -0.495552
vn -0.604787 0.548421 -0.577466
vn -0.427256 0.582157 -0.691769
vn -0.107771 0.619753 -0.777362
vn -0.249566 0.707890 -0.660764
vn -0.120467 0.721199 -0.682173
vn 0.001354 0.586595 -0.809879
vn 0.083173 0.549011 -0.831666
vn -0.048811 0.711205 -0.701288
vn 0.259788 0.735935 -0.625228
vn 0.336039 0.553632 -0.761951
vn -0.581502 0.141325 -0.801176
vn -0.573860 0.203217 -0.793340
vn 0.020608 0.293891 -0.955617
vn 0.031856 0.239077 -0.970478
vn 0.280324 0.213487 -0.935864
vn 0.248360 0.278344 -0.927816
vn 0.280643 0.237245 -0.930029
vn 0.308310 0.123699 -0.943209
vn 0.249050 0.067215 -0.966156
vn 0.267336 0.207175 -0.941069
vn 0.411678 0.195947 -0.890015
vn 0.365669 0.055143 -0.929110
vn 0.039870 -0.955337 -0.292816
vn 0.052426 -0.938560 -0.341111
vn 0.081607 -0.940740 -0.329165
vn 0.068154 -0.956956 -0.282117
vn 0.947832 -0.291361 0.129319
vn 0.831710 -0.364622 -0.418700
vn 0.444418 -0.570686 -0.690514
vn -0.484794 -0.839057 0.246896
vn 0.042846 -0.739479 -0.671815
vn 0.033042 -0.690993 -0.722105
vn 0.035629 -0.694453 -0.718656
vn 0.046424 -0.742052 -0.668733
vn 0.935300 0.086344 0.343160
vn 0.935300 0.086344 0.343160
vn 0.935300 0.086344 0.343160
vn 0.935300 0.086344 0.343160
vn 0.870947 0.003145 0.491367
vn 0.804342 -0.166626 0.570324
vn 0.992512 -0.007109 0.121945
vn 0.968792 0.231809 0.087787
vn 0.338969 -0.914558 0.220645
vn 0.338967 -0.914558 0.220647
vn 0.338967 -0.914558 0.220647
vn 0.338969 -0.914558 0.220645
vn -0.873837 -0.058272 -0.482714
vn -0.873837 -0.058272 -0.482714
vn -0.873837 -0.058272 -0.482714
vn -0.873837 -0.058272 -0.482714
vn -0.676303 0.343549 -0.651605
vn -0.982564 0.005585 -0.185841
vn -0.998523 -0.038515 0.038308
vn 0.326544 0.621252 0.712330
vn 0.326548 0.621252 0.712329
vn 0.326548 0.621252 0.712329
vn 0.326544 0.621252 0.712330
vn -0.144105 -0.032608 -0.989025
vn -0.178928 -0.016031 -0.983732
vn 0.142216 -0.006860 -0.989812
vn 0.219657 -0.013448 -0.975485
vn 0.996690 -0.054156 -0.060637
vn 0.997783 -0.042210 -0.051453
vn 0.581873 -0.044054 0.812086
vn -0.245085 -0.042742 0.968559
vn -0.228149 -0.044926 0.972589
vn -0.992253 -0.115982 -0.044521
vn -0.992070 -0.119973 -0.037472
vn -0.992070 -0.119973 -0.037472
vn -0.992230 -0.116568 -0.043488
vn -0.228396 -0.673259 -0.703248
vn -0.168404 -0.652553 -0.738793
vn 0.132699 -0.636334 -0.759915
vn 0.073052 -0.667277 -0.741219
vn 0.988709 -0.115517 -0.095445
vn 0.987900 -0.120490 -0.097655
vn 0.987900 -0.120490 -0.097655
vn 0.988813 -0.114864 -0.095154
vn 0.315216 0.619834 0.718641
vn 0.228149 0.702931 0.673674
vn -0.128530 0.706749 0.695691
vn -0.061733 0.658106 0.750390
vn -0.752740 0.371881 0.543219
vn -0.933902 -0.356245 0.030274
vn -0.966830 0.007498 0.255310
vn -0.619504 0.443157 -0.647940
vn -0.739869 0.383290 -0.552886
vn 0.203247 0.745015 -0.635329
vn 0.273438 0.672272 -0.687955
vn 0.934484 0.330328 -0.132751
vn 0.938020 0.342423 -0.053536
vn 0.923456 -0.090968 0.372764
vn 0.946976 -0.077961 0.311702
vn 0.629278 -0.442980 0.638576
vn 0.563595 -0.441429 0.698213
vn -0.187617 -0.623876 0.758669
vn -0.243482 -0.679222 0.692368
vn -0.931240 -0.332800 0.148449
vn -0.859708 -0.393712 0.325412
vn -0.977157 0.014199 -0.212043
vn -0.948586 0.062090 -0.310370
vn -0.490535 0.844138 0.216348
vn -0.049669 0.819837 0.570439
vn 0.116194 0.727452 0.676249
vn 0.141380 0.971419 0.190674
vn 0.786851 0.598069 0.152249
vn 0.514311 0.661916 0.545299
vn 0.746191 -0.640033 0.183185
vn 0.952358 -0.304788 -0.010886
vn 0.419533 -0.890603 0.175552
vn 0.120245 -0.884781 0.450225
vn -0.071089 -0.884244 0.461584
vn -0.117428 -0.972710 0.200113
vn -0.726996 -0.668418 0.157141
vn -0.305308 -0.844953 0.439138
vn -0.984833 0.053312 0.165111
vn -0.962540 0.266409 0.050421
vn -0.183212 0.563160 -0.805782
vn -0.183212 0.563160 -0.805782
vn 0.283759 0.621342 -0.730353
vn 0.294120 0.621008 -0.726528
vn 0.923069 0.309437 0.228458
vn 0.923069 0.309437 0.228458
vn 0.923069 0.309437 0.228458
vn 0.923069 0.309437 0.228458
vn 0.033390 0.970746 0.237775
vn 0.033390 0.970746 0.237775
vn -0.049407 0.976645 0.209102
vn -0.049370 0.976644 0.209115
vn -0.842048 0.537241 -0.048248
vn -0.842048 0.537241 -0.048248
vn -0.842048 0.537241 -0.048248
vn -0.842048 0.537241 -0.048248
vn -0.373448 0.864063 -0.337537
vn -0.373448 0.864063 -0.337537
vn 0.029301 0.937969 -0.345478
vn 0.017866 0.938044 -0.346056
vn 0.932832 0.318652 0.168180
vn 0.932832 0.318652 0.168180
vn 0.932832 0.318652 0.168180
vn 0.932832 0.318652 0.168180
vn 0.003222 0.618483 0.785792
vn 0.003222 0.618483 0.785792
vn -0.083757 0.615756 0.783473
vn -0.083855 0.615750 0.783467
vn -0.867015 0.336509 0.367488
vn -0.867015 0.336509 0.367488
vn -0.867015 0.336509 0.367488
vn -0.867015 0.336509 0.367488
vn -0.042990 0.997321 0.059190
vn -0.042990 0.997321 0.059190
vn 0.004487 0.996718 0.080821
vn 0.004230 0.996729 0.080705
vn -0.825820 0.442069 -0.350137
vn -0.825820 0.442069 -0.350137
vn -0.825820 0.442069 -0.350137
vn -0.825820 0.442069 -0.350137
vn -0.022418 -0.998787 -0.043851
vn 0.006751 -0.986793 -0.161848
vn 0.024919 -0.988110 -0.151716
vn -0.013565 -0.999101 -0.040159
vn 0.939182 -0.024685 0.342533
vn 0.939247 -0.023944 0.342407
vn 0.939254 -0.023866 0.342394
vn 0.939181 -0.024685 0.342533
vn -0.084558 0.850441 0.519230
vn -0.084558 0.850441 0.519230
vn -0.069718 0.846609 0.527629
vn -0.070061 0.846701 0.527437
vn -0.930106 0.340091 0.138710
vn -0.930106 0.340091 0.138710
vn -0.930106 0.340091 0.138710
vn -0.930106 0.340091 0.138710
vn 0.073240 -0.829404 -0.553828
vn 0.060364 -0.797686 -0.600044
vn 0.063474 -0.802500 -0.593266
vn 0.073889 -0.832777 -0.548656
vn 0.996956 0.065100 0.042906
vn 0.997058 0.057044 0.051205
vn 0.997056 0.057338 0.050904
vn 0.996956 0.065100 0.042906
vn 0.005529 -0.841428 -0.540341
vn 0.938070 -0.206029 0.278526
vn -0.714183 -0.501007 -0.488809
vn -0.836319 -0.305317 -0.455359
vn -0.838142 0.480865 -0.257463
vn 0.047252 0.775730 -0.629294
vn -0.375908 0.900638 -0.218047
vn -0.518823 0.852733 -0.060579
vn 0.193243 0.915655 0.352467
vn 0.322491 0.833983 0.447742
vn 0.628436 0.432016 0.646862
vn 0.746859 0.366561 0.554828
vn 0.928531 -0.301392 0.216778
vn 0.753988 -0.114152 0.646894
vn 0.757762 -0.594092 0.269912
vn 0.662646 -0.717065 -0.216143
vn 0.043484 -0.465635 -0.883908
vn 0.729788 -0.067661 -0.680317
vn 0.753327 -0.009405 -0.657579
vn 0.882249 0.423133 0.206388
vn 0.672540 0.380755 0.634598
vn -0.071658 0.247928 0.966125
vn -0.842314 -0.006720 0.538946
vn -0.914413 -0.364769 -0.175476
vn -0.508760 -0.522435 -0.684270
vn -0.951641 -0.212367 0.221989
vn -0.917869 -0.393679 -0.050337
vn -0.836108 -0.147346 -0.528406
vn -0.805276 -0.405074 -0.432950
vn -0.270862 -0.281089 -0.920665
vn -0.358515 0.390569 -0.847893
vn 0.042464 0.740595 -0.670608
vn 0.467379 0.041971 -0.883060
vn 0.928682 0.168088 -0.330600
vn 0.441477 0.840957 -0.312874
vn 0.845930 0.331501 0.417743
vn 0.884761 0.154105 0.439830
vn 0.374079 0.256640 0.891180
vn 0.741216 0.144505 0.655528
vn -0.301336 -0.223560 0.926940
vn -0.492134 0.166174 0.854512
vn 0.863822 -0.503795 0.001362
vn 0.440822 -0.807695 -0.391541
vn 0.769094 -0.164317 -0.617652
vn 0.895826 0.045028 -0.442117
vn 0.469794 0.499682 -0.727744
vn 0.648493 0.463956 -0.603490
vn -0.146764 0.978169 -0.147127
vn -0.408037 0.710957 -0.572753
vn -0.870966 0.473416 0.131514
vn -0.758277 0.327675 0.563600
vn -0.814627 -0.057155 0.577163
vn -0.767474 0.081585 0.635867
vn -0.327410 -0.546002 0.771158
vn -0.533911 -0.842675 0.069559
vn -0.082779 -0.972197 -0.219044
vn 0.307742 -0.814384 0.492009
vn -0.393922 -0.849103 0.351922
vn -0.393922 -0.849103 0.351922
vn -0.393922 -0.849103 0.351922
vn -0.393922 -0.849103 0.351922
vn 0.983445 -0.180528 -0.015684
vn 0.983445 -0.180528 -0.015684
vn 0.998028 -0.027277 -0.056531
vn 0.557003 -0.063493 -0.828080
vn -0.200766 0.784285 -0.587018
vn -0.126524 0.260805 -0.957065
vn -0.709528 -0.141901 -0.690242
vn -0.684733 0.385211 0.618671
vn -0.914675 -0.403108 -0.029546
vn -0.676466 -0.128514 0.725175
vn -0.605485 -0.391132 0.693111
vn 0.057532 -0.441112 0.895606
vn 0.068089 -0.204958 0.976400
vn 0.780340 -0.082747 0.619857
vn 0.718147 -0.334968 0.609968
vn 0.979648 -0.197546 -0.035569
vn 0.990366 0.137509 -0.016330
vn 0.636039 0.204300 -0.744121
vn 0.604677 -0.046632 -0.795105
vn -0.066380 0.020038 -0.997593
vn -0.067028 0.139303 -0.987979
vn -0.741524 0.182546 -0.645615
vn -0.745980 -0.043831 -0.664524
vn -0.962791 -0.236127 0.131442
vn -0.987853 0.083124 0.131292
vn -0.578048 0.259377 -0.773683
vn -0.961082 0.001699 -0.276258
vn -0.961380 0.004838 -0.275181
vn -0.179389 0.495237 -0.850035
vn -0.015980 0.364767 -0.930962
vn 0.195993 0.337952 -0.920530
vn 0.059553 0.472272 -0.879439
vn 0.132583 0.416341 -0.899490
vn 0.231224 0.297353 -0.926346
vn 0.262191 0.269600 -0.926592
vn 0.199143 0.370655 -0.907170
vn 0.402147 0.332678 -0.852996
vn 0.450297 0.240712 -0.859820
vn 0.709477 -0.328658 0.623399
vn 0.677306 -0.402701 0.615702
vn 0.976644 -0.149863 0.153974
vn 0.971705 -0.138953 0.191004
vn -0.024575 -0.598755 0.800555
vn -0.101180 -0.606015 0.788992
vn 0.186779 -0.583471 0.790364
vn 0.319195 -0.486999 0.812986
vn -0.385981 -0.599182 0.701427
vn -0.333704 -0.542213 0.771133
vn -0.228602 -0.574372 0.786027
vn -0.201388 -0.641539 0.740183
vn -0.948538 -0.226745 0.221049
vn -0.941848 -0.209733 0.262555
vn -0.598096 -0.432752 0.674542
vn -0.683902 -0.454001 0.571106
vn -0.297044 -0.558623 0.774406
vn -0.477813 -0.444092 0.757943
vn -0.918994 -0.233036 0.318031
vn -0.084490 -0.536581 0.839608
vn -0.076764 -0.690105 0.719627
vn -0.202356 -0.630901 0.749010
vn 0.154235 0.333908 0.929902
vn 0.154235 0.333908 0.929902
vn 0.738422 -0.351432 0.575524
vn 0.108551 -0.677494 0.727474
vn -0.118697 -0.184118 0.975711
vn 0.045615 -0.378695 0.924397
vn 0.576926 0.284515 0.765642
vn 0.619299 0.757388 0.206962
vn 0.482918 0.794142 -0.368957
vn -0.049121 0.883860 -0.465166
vn -0.538135 0.789833 -0.294237
vn 0.750337 0.493996 -0.439275
vn 0.831632 0.215524 -0.511798
vn 0.331770 -0.091840 -0.938879
vn 0.213257 -0.005583 -0.976980
vn 0.167120 0.009020 -0.985895
vn -0.186675 0.116211 -0.975524
vn -0.186675 0.116211 -0.975524
vn 0.206814 -0.399687 -0.893017
vn -0.575830 -0.673755 -0.463113
vn 0.444919 -0.369430 -0.815824
vn 0.231819 -0.145002 -0.961891
vn 0.850288 0.082036 -0.519885
vn 0.790617 0.001402 -0.612309
vn 0.451731 -0.255871 -0.854675
vn 0.451731 -0.255871 -0.854675
vn 0.114808 -0.371489 -0.921312
vn 0.140639 -0.364504 -0.920520
vn 0.110763 -0.941981 -0.316866
vn 0.095314 -0.958943 -0.267103
vn 0.043590 -0.988717 -0.143312
vn 0.038177 -0.697843 -0.715233
vn 0.051058 -0.748779 -0.660850
vn 0.066489 -0.807026 -0.586761
vn 0.989520 -0.116367 -0.085487
vn 0.989520 -0.116367 -0.085487
vn 0.989520 -0.116367 -0.085487
vn 0.989520 -0.116367 -0.085487
vn 0.989134 -0.116356 0.089868
vn 0.891210 0.440422 0.108502
vn 0.338967 -0.914560 0.220639
vn 0.338967 -0.914560 0.220639
vn 0.338971 -0.914557 0.220644
vn 0.338970 -0.914558 0.220644
vn 0.338973 -0.914556 0.220647
vn 0.338973 -0.914556 0.220647
vn 0.338970 -0.914557 0.220644
vn 0.338971 -0.914558 0.220644
vn -0.987340 -0.151858 -0.045813
vn -0.987340 -0.151858 -0.045813
vn -0.987340 -0.151858 -0.045813
vn -0.987340 -0.151858 -0.045813
vn -0.960738 -0.036496 -0.275046
vn -0.971811 -0.088152 0.218660
vn 0.326543 0.621253 0.712330
vn 0.326543 0.621253 0.712330
vn 0.326544 0.621253 0.712329
vn 0.326544 0.621253 0.712329
vn 0.326545 0.621253 0.712329
vn 0.326545 0.621253 0.712329
vn 0.326542 0.621252 0.712331
vn 0.326542 0.621252 0.712331
vn 0.575210 0.007497 -0.817972
vn 0.577616 0.002738 -0.816304
vn 0.580505 -0.003025 -0.814252
vn 0.241968 -0.028455 -0.969867
vn -0.109603 -0.048882 -0.992773
vn 0.875454 -0.074015 0.477601
vn 0.878336 -0.002029 0.478040
vn 0.878336 -0.002029 0.478040
vn 0.999887 0.010087 -0.011200
vn 0.999886 0.010087 -0.011200
vn -0.545394 -0.048931 0.836750
vn -0.603547 -0.059565 0.795099
vn -0.652209 -0.068684 0.754921
vn -0.232421 -0.049153 0.971373
vn 0.286477 -0.015139 0.957968
vn -0.888710 -0.105158 -0.446246
vn -0.888710 -0.105158 -0.446246
vn -0.892826 -0.109500 -0.436889
vn -0.893221 -0.109923 -0.435974
vn -0.897282 -0.114323 -0.426399
vn -0.897282 -0.114323 -0.426399
vn -0.992367 -0.112181 -0.051217
vn -0.992367 -0.112181 -0.051217
vn 0.396109 -0.571170 -0.718932
vn 0.353750 -0.621533 -0.698969
vn 0.309915 -0.668756 -0.675809
vn 0.024435 -0.714228 -0.699487
vn -0.298818 -0.693408 -0.655662
vn 0.962091 0.177134 0.207377
vn 0.962091 0.177134 0.207377
vn 0.968758 0.145263 0.201015
vn 0.967711 0.150633 0.202100
vn 0.973354 0.119471 0.195728
vn 0.973354 0.119471 0.195728
vn 0.989592 -0.109868 -0.092933
vn 0.989592 -0.109868 -0.092933
vn -0.458156 0.508769 0.728867
vn -0.010573 0.581872 0.813212
vn 0.381829 0.545150 0.746337
vn -0.921687 -0.348870 -0.169658
vn -0.928876 -0.329055 -0.170036
vn -0.946890 -0.272510 -0.170695
vn -0.946890 -0.272510 -0.170695
vn -0.975407 0.065289 0.210520
vn -0.975407 0.065289 0.210520
vn 0.928096 0.311945 -0.203291
vn 0.293158 0.622632 -0.725526
vn -0.558993 0.443617 -0.700522
vn 0.711384 -0.429631 0.556193
vn 0.963355 -0.075315 0.257441
vn -0.963500 -0.266452 -0.025913
vn -0.266272 -0.745042 0.611565
vn -0.916799 0.102591 -0.385947
vn 0.797980 0.595872 -0.090364
vn 0.112127 0.990228 -0.082920
vn -0.602129 0.797262 -0.042596
vn 0.798497 -0.583477 -0.148178
vn 0.994664 -0.068130 -0.077470
vn -0.953416 -0.286663 -0.093932
vn -0.125946 -0.956835 -0.261925
vn -0.950981 0.308924 -0.014176
vn 0.703145 0.530657 -0.473276
vn 0.703145 0.530657 -0.473276
vn 0.761096 0.186960 -0.621112
vn 0.761096 0.186960 -0.621112
vn 0.345514 0.232027 -0.909276
vn 0.336428 0.232315 -0.912604
vn -0.166460 0.216630 -0.961958
vn -0.166460 0.216630 -0.961958
vn 0.699870 0.507628 0.502491
vn 0.699869 0.507628 0.502491
vn 0.699870 0.507628 0.502491
vn 0.699869 0.507628 0.502491
vn 0.939310 -0.023225 0.342284
vn 0.939310 -0.023225 0.342284
vn 0.992155 0.022096 0.123048
vn 0.992155 0.022096 0.123048
vn 0.992155 0.022096 0.123048
vn 0.992155 0.022096 0.123048
vn -0.131651 0.975023 0.178881
vn -0.131651 0.975023 0.178881
vn -0.369249 -0.401957 0.837905
vn -0.369249 -0.401957 0.837905
vn -0.326748 -0.403433 0.854680
vn -0.326771 -0.403432 0.854671
vn -0.283651 -0.404065 0.869640
vn -0.283651 -0.404065 0.869640
vn -0.826406 0.362935 -0.430502
vn -0.826406 0.362935 -0.430502
vn -0.826406 0.362935 -0.430502
vn -0.826406 0.362935 -0.430502
vn -0.827171 0.074710 -0.556961
vn -0.827171 0.074710 -0.556962
vn -0.827171 0.074710 -0.556962
vn -0.827171 0.074710 -0.556961
vn -0.939308 0.023440 -0.342273
vn -0.939342 0.024119 -0.342134
vn -0.939338 0.024044 -0.342149
vn -0.939308 0.023440 -0.342273
vn 0.463161 0.838272 -0.287719
vn 0.463161 0.838272 -0.287719
vn 0.475176 0.626146 -0.618182
vn 0.475176 0.626146 -0.618182
vn 0.019617 0.697734 -0.716088
vn 0.018117 0.697714 -0.716147
vn -0.406143 0.626313 -0.665417
vn -0.406143 0.626313 -0.665417
vn 0.747206 0.463019 0.476757
vn 0.747206 0.463019 0.476757
vn 0.747206 0.463019 0.476757
vn 0.747206 0.463019 0.476757
vn 0.997035 0.049738 0.058720
vn 0.997035 0.049738 0.058720
vn 0.983973 0.155017 -0.088136
vn 0.983972 0.155017 -0.088136
vn 0.983973 0.155017 -0.088136
vn 0.983973 0.155017 -0.088136
vn -0.170214 0.608351 0.775201
vn -0.170214 0.608351 0.775201
vn -0.021201 -0.894557 0.446452
vn -0.021201 -0.894557 0.446452
vn 0.024529 -0.892778 0.449828
vn 0.024591 -0.892775 0.449832
vn 0.070295 -0.889111 0.452261
vn 0.070295 -0.889111 0.452261
vn -0.925004 0.379920 0.005424
vn -0.925004 0.379920 0.005424
vn -0.925004 0.379920 0.005424
vn -0.925004 0.379920 0.005424
vn -0.958052 0.150407 -0.243957
vn -0.958052 0.150407 -0.243957
vn -0.958052 0.150407 -0.243957
vn -0.958052 0.150407 -0.243957
vn -0.997101 -0.042707 -0.062968
vn -0.997083 -0.052482 -0.055412
vn -0.997085 -0.052316 -0.055540
vn -0.997101 -0.042707 -0.062968
vn 0.052300 0.993369 0.102389
vn 0.052300 0.993369 0.102389
vn -0.051136 0.996600 -0.064610
vn -0.051136 0.996600 -0.064610
vn 0.040382 0.998701 -0.031078
vn 0.040112 0.998709 -0.031178
vn 0.131477 0.991315 0.002734
vn 0.131477 0.991316 0.002734
vn -0.939376 0.024828 -0.341989
vn -0.939376 0.024828 -0.341989
vn -0.955314 -0.200680 -0.217034
vn -0.955314 -0.200680 -0.217034
vn -0.955314 -0.200680 -0.217034
vn -0.955314 -0.200680 -0.217034
vn -0.750138 0.574501 -0.327477
vn -0.750138 0.574501 -0.327477
vn -0.750138 0.574501 -0.327477
vn -0.750138 0.574501 -0.327477
vn -0.004705 -0.999324 -0.036461
vn 0.002089 -0.982655 0.185430
vn 0.002089 -0.982655 0.185430
vn -0.084656 -0.984323 0.154731
vn -0.084582 -0.984325 0.154758
vn -0.170801 -0.977639 0.122677
vn -0.170801 -0.977639 0.122677
vn 0.876401 0.400856 0.266901
vn 0.876401 0.400856 0.266901
vn 0.876401 0.400856 0.266901
vn 0.876401 0.400856 0.266901
vn 0.809454 0.533005 0.246355
vn 0.809454 0.533005 0.246355
vn 0.809454 0.533005 0.246355
vn 0.809454 0.533005 0.246355
vn 0.856807 -0.250846 0.450508
vn 0.856807 -0.250846 0.450508
vn 0.856807 -0.250846 0.450508
vn 0.856807 -0.250846 0.450508
vn -0.055142 0.842599 0.535711
vn -0.055142 0.842599 0.535711
vn -0.180180 0.785420 0.592158
vn -0.180180 0.785420 0.592157
vn -0.084253 0.794515 0.601372
vn -0.084524 0.794500 0.601354
vn 0.012336 0.796168 0.604950
vn 0.012336 0.796168 0.604950
vn -0.996889 -0.063162 -0.047140
vn -0.996889 -0.063162 -0.047140
vn -0.945834 -0.308693 -0.100527
vn -0.945834 -0.308693 -0.100527
vn -0.945834 -0.308693 -0.100527
vn -0.945834 -0.308693 -0.100527
vn -0.874371 0.406909 0.264386
vn -0.874371 0.406909 0.264386
vn -0.874371 0.406909 0.264386
vn -0.874371 0.406909 0.264386
vn 0.074521 -0.836039 -0.543585
vn 0.172294 -0.861432 -0.477756
vn 0.172294 -0.861431 -0.477756
vn 0.080552 -0.870620 -0.485316
vn 0.079941 -0.870656 -0.485353
vn -0.012195 -0.872351 -0.488728
vn -0.012195 -0.872351 -0.488728
vn 0.853615 0.475104 0.213582
vn 0.853615 0.475104 0.213582
vn 0.853615 0.475104 0.213582
vn 0.853615 0.475104 0.213582
vn 0.788701 0.497997 0.360486
vn 0.788701 0.497997 0.360486
vn 0.788701 0.497997 0.360486
vn 0.788701 0.497997 0.360486
vn 0.980622 -0.195448 0.013412
vn 0.980622 -0.195448 0.013412
vn 0.980622 -0.195448 0.013412
vn 0.980622 -0.195448 0.013412
vn -0.372257 -0.406511 -0.834370
vn -0.787579 -0.462767 -0.406899
vn -0.929634 -0.328532 0.166875
vn 0.984518 0.076558 -0.157682
vn 0.477040 -0.099877 -0.873188
vn 0.420896 0.161560 0.892606
vn 0.880033 0.133462 0.455773
vn -0.483850 0.034272 0.874480
vn 0.551988 0.509066 -0.660425
vn 0.909736 0.096029 -0.403929
vn 0.933437 -0.357885 -0.024751
vn -0.830650 0.523386 0.189967
vn -0.327485 0.781647 -0.530830
vn -0.410978 -0.369903 0.833228
vn -0.761842 0.102710 0.639568
vn 0.373102 -0.736680 0.564001
vn 0.693652 -0.648561 0.313394
vn 0.693652 -0.648561 0.313394
vn 0.693652 -0.648561 0.313394
vn 0.693652 -0.648561 0.313394
vn 0.750707 -0.588703 0.299779
vn 0.040479 -0.742600 0.668511
vn -0.597864 -0.672633 0.436033
vn 0.726638 -0.645383 -0.235539
vn -0.833715 -0.549647 0.052988
vn -0.833715 -0.549647 0.052988
vn -0.748972 -0.661821 -0.032168
vn 0.889881 0.090805 -0.447065
vn -0.488207 0.075730 0.869436
vn -0.885477 -0.187047 0.425375
vn -0.885477 -0.187047 0.425375
vn -0.487416 0.076119 0.869846
vn -0.868142 -0.388078 -0.309393
vn -0.868142 -0.388078 -0.309393
vn -0.868142 -0.388078 -0.309393
vn -0.868142 -0.388078 -0.309393
vn -0.753613 -0.398462 -0.522778
vn -0.753613 -0.398462 -0.522778
vn -0.753613 -0.398462 -0.522778
vn -0.753613 -0.398462 -0.522778
vn -0.028882 -0.214746 -0.976243
vn 0.462284 -0.007239 -0.886702
vn 0.462314 -0.007224 -0.886687
vn -0.028882 -0.214746 -0.976243
vn 0.740236 0.147763 -0.655909
vn 0.740236 0.147763 -0.655909
vn 0.813075 0.418853 0.404316
vn 0.813075 0.418853 0.404315
vn 0.813075 0.418853 0.404315
vn 0.813075 0.418853 0.404316
vn 0.799598 0.420022 0.429215
vn 0.799598 0.420022 0.429215
vn 0.799598 0.420022 0.429215
vn 0.799598 0.420022 0.429215
vn -0.045431 0.256255 0.965541
vn -0.045431 0.256255 0.965541
vn 0.310320 -0.801412 0.511312
vn 0.727311 -0.656822 0.199007
vn 0.727311 -0.656822 0.199007
vn 0.310288 -0.801414 0.511329
vn 0.918536 -0.042402 -0.393056
vn 0.918536 -0.042402 -0.393056
vn 0.918536 -0.042402 -0.393056
vn 0.918536 -0.042402 -0.393056
vn 0.839603 0.146263 -0.523139
vn 0.839603 0.146263 -0.523139
vn 0.839603 0.146263 -0.523139
vn 0.839603 0.146263 -0.523139
vn 0.283763 0.626547 -0.725890
vn -0.334343 0.754418 -0.564861
vn -0.335096 0.754374 -0.564474
vn 0.283763 0.626547 -0.725890
vn -0.714701 0.640029 -0.282073
vn -0.714701 0.640029 -0.282073
vn -0.899430 -0.054122 0.433701
vn -0.899430 -0.054122 0.433700
vn -0.899430 -0.054122 0.433701
vn -0.899430 -0.054122 0.433701
vn -0.890300 -0.076183 0.448957
vn -0.890300 -0.076183 0.448958
vn -0.890300 -0.076183 0.448957
vn -0.890300 -0.076183 0.448957
vn -0.056026 -0.759814 0.647721
vn -0.056026 -0.759814 0.647722
s 1
g pCube1
usemtl pCube1SG
f 101/1/1 1/2/2 98/3/3 97/4/4
f 99/5/5 2/6/6 103/7/7 102/8/8
f 104/9/9 3/10/10 107/11/11 106/12/12
s 3
f 114/13/13 5/14/14 111/15/15 110/16/16
f 112/17/17 6/18/18 116/19/19 115/20/20
f 117/21/21 7/22/22 120/23/23 119/24/24
f 126/25/25 9/26/26 113/27/27 123/28/28
f 124/29/29 10/30/30 118/31/31 127/32/32
f 128/33/33 11/34/34 122/35/35 130/36/36
f 136/424/37 13/38/38 125/39/39 133/474/40
f 141/401/41 85/42/42 138/43/43 137/473/44
f 145/413/45 15/477/46 132/47/47 142/472/48
f 149/49/49 17/50/50 135/51/51 146/52/52
f 147/53/53 18/54/54 151/470/55 150/56/56
f 152/57/57 19/58/58 144/59/59 154/60/60
f 160/61/61 21/62/62 148/63/63 157/64/64
f 158/65/65 22/66/66 153/67/67 161/68/68
f 162/69/69 23/70/70 156/71/71 164/72/72
f 171/73/73 90/74/74 168/75/75 167/76/76
f 169/77/77 91/78/78 173/79/79 172/80/80
f 174/81/81 92/82/82 177/83/83 176/84/84
s 10
f 184/85/85 49/86/86 181/87/87 180/88/88
s 1
f 187/464/89 30/90/90 175/91/91 185/469/92
s 12
f 192/93/93 53/94/94 189/95/95 188/96/96
s off
f 108/97/97 4/98/98 194/99/99 193/100/100
s 3
f 121/101/101 8/102/102 197/103/103 196/104/104
s 13
f 378/105/105 377/106/106 379/107/107 380/108/108
s off
f 171/73/109 29/109/110 204/110/111 203/111/112
s 3
f 160/61/61 25/112/113 207/113/114 206/114/115
s 14
f 386/501/116 387/116/117 388/117/118 389/118/119
s 15
f 216/119/120 29/109/121 170/120/122 213/121/123
s 1
f 214/122/124 30/90/90 187/464/89 217/123/125
f 218/124/126 2/6/6 98/3/127 220/125/128
s 17
f 221/126/129 1/2/130 204/462/131 223/127/132
s 18
f 228/128/133 31/129/134 179/130/135 225/131/136
s 19
f 226/132/137 32/133/138 194/460/139 229/134/140
s 1
f 230/135/141 4/98/142 107/11/143 232/136/144
f 233/137/145 3/10/10 186/458/146 235/139/147
s 21
f 240/140/148 33/141/149 215/142/150 237/143/151
f 238/144/152 34/145/153 219/454/154 241/147/155
f 242/148/156 35/149/157 222/150/158 244/151/159
f 245/152/160 36/153/161 224/447/162 247/155/163
s 22
f 252/156/164 37/157/165 227/158/166 249/159/167
f 250/160/168 38/161/169 231/441/170 253/163/171
f 254/164/172 39/165/173 234/166/174 256/167/175
f 257/168/176 40/169/177 236/434/178 259/171/179
s 23
f 263/524/180 41/479/181 239/174/182 261/528/183
s off
f 262/176/184 42/177/185 243/178/186 264/527/187
s 24
f 270/511/188 58/181/189 267/182/190 266/525/191
s off
f 272/516/192 44/448/193 248/186/194 271/523/195
s 25
f 275/518/196 45/478/197 251/190/198 273/522/199
s off
f 274/192/200 46/193/201 255/194/202 276/521/203
s 26
f 282/505/204 62/197/205 279/198/206 278/519/207
s off
f 284/510/208 48/435/209 260/202/210 283/517/211
s 27
f 287/204/212 43/450/213 246/206/214 285/207/215
s off
f 286/208/216 44/448/217 272/516/218 288/209/219
s 10
f 289/210/220 52/211/221 183/212/222 290/213/223
s 28
f 291/214/224 51/215/225 265/513/226 292/217/227
s 29
f 295/218/228 47/437/229 258/220/230 293/221/231
s off
f 294/222/232 48/435/233 284/510/234 296/223/235
s 12
f 297/224/236 56/225/237 191/226/238 298/227/239
s 30
f 299/228/240 55/229/241 277/507/242 300/231/243
s 3
f 304/232/244 12/233/245 198/430/246 301/235/247
f 302/236/248 24/237/249 155/238/250 305/239/251
f 306/240/252 20/241/253 143/428/254 308/243/255
f 309/244/256 16/245/257 131/246/258 311/247/259
f 316/248/260 21/62/62 208/426/261 313/250/262
f 314/251/263 9/26/26 126/25/25 317/252/264
f 318/253/265 13/38/38 136/424/37 320/254/266
f 321/255/267 17/50/50 149/49/49 323/256/268
f 327/257/269 66/258/270 303/422/271 325/260/272
f 326/261/273 65/262/274 307/263/275 328/264/276
f 329/265/277 67/266/278 310/420/279 330/268/280
f 331/269/281 68/270/282 312/271/283 332/272/284
f 335/273/285 69/274/286 315/418/287 333/276/288
f 334/277/289 70/278/290 319/279/291 336/280/292
f 337/281/293 71/282/294 322/416/295 338/284/296
f 339/285/297 72/286/298 324/287/299 340/288/300
s off
f 344/289/301 14/480/302 129/291/303 341/292/304
s 3
f 342/293/305 15/46/306 145/414/45 345/294/307
f 346/295/308 19/471/58 151/55/309 348/296/310
f 349/297/311 18/475/54 134/410/312 351/299/313
f 355/300/314 81/301/315 343/302/316 353/303/317
f 354/304/318 82/305/319 347/406/320 356/307/321
f 357/308/322 83/309/323 350/310/324 358/311/325
f 359/312/326 84/313/327 352/403/328 360/315/329
f 363/316/330 90/74/74 205/400/331 361/318/332
f 363/316/330 25/112/113 159/319/333 364/320/334
f 365/321/335 26/322/336 163/323/337 366/324/338
f 367/325/339 27/326/340 166/327/341 368/328/342
f 371/329/343 94/330/344 195/397/345 370/332/346
f 373/333/347 95/334/348 109/335/349 372/336/350
f 375/337/351 96/338/352 105/339/353 374/340/354
f 362/341/355 89/342/356 100/343/357 376/344/358
s 1
f 98/3/3 2/6/6 99/5/5 97/4/4
s 3
f 99/5/359 96/338/352 100/343/357 97/4/360
f 100/343/357 89/342/356 101/1/361 97/4/360
s 1
f 103/7/7 3/10/10 104/9/9 102/8/362
s 3
f 104/9/363 95/334/348 105/339/353 102/8/364
f 105/339/353 96/338/352 99/5/359 102/8/364
s 1
f 107/11/11 4/98/365 108/97/366 106/12/12
s 3
f 108/97/367 94/330/344 109/335/349 106/12/368
f 109/335/349 95/334/348 104/9/363 106/12/368
f 111/15/15 6/18/18 112/17/17 110/16/16
f 112/17/17 10/30/30 113/27/27 110/16/16
f 113/27/27 9/26/26 114/13/13 110/16/16
f 116/19/19 7/22/22 117/21/21 115/20/20
f 117/21/21 11/34/34 118/31/31 115/20/20
f 118/31/31 10/30/30 112/17/17 115/20/20
f 120/23/23 8/102/102 121/101/101 119/24/24
f 121/101/101 12/233/245 122/35/35 119/24/24
f 122/35/35 11/34/34 117/21/21 119/24/24
f 113/27/27 10/30/30 124/29/29 123/28/28
f 124/29/29 14/290/369 125/39/39 123/28/28
f 125/39/39 13/38/38 126/25/25 123/28/28
f 118/31/31 11/34/34 128/33/33 127/32/32
f 128/33/33 15/477/46 129/476/370 127/32/32
f 129/476/370 14/290/369 124/29/29 127/32/32
f 122/35/35 12/233/245 131/246/258 130/36/36
f 131/246/258 16/245/257 132/47/47 130/36/36
f 132/47/47 15/477/46 128/33/33 130/36/36
f 125/39/39 14/290/369 134/408/312 133/474/40
f 134/409/312 18/54/54 135/51/51 133/40/40
f 135/51/51 17/50/50 136/37/37 133/40/40
f 138/43/43 86/345/371 139/346/372 137/473/44
f 139/404/372 87/347/373 140/348/374 137/44/44
f 140/348/374 88/349/375 141/41/41 137/44/44
f 132/47/47 16/245/257 143/242/254 142/472/48
f 143/428/254 20/241/253 144/59/59 142/48/48
f 144/59/59 19/58/58 145/412/45 142/48/48
f 135/51/51 18/54/54 147/53/53 146/52/52
f 147/53/53 22/66/66 148/63/63 146/52/52
f 148/63/63 21/62/62 149/49/49 146/52/52
f 151/470/55 19/58/58 152/57/57 150/56/56
f 152/57/57 23/70/70 153/67/67 150/56/56
f 153/67/67 22/66/66 147/53/53 150/56/56
f 144/59/59 20/241/253 155/238/250 154/60/60
f 155/238/250 24/237/249 156/71/71 154/60/60
f 156/71/71 23/70/70 152/57/57 154/60/60
f 148/63/63 22/66/66 158/65/65 157/64/64
f 158/65/65 26/322/336 159/319/333 157/64/64
f 159/319/333 25/112/113 160/61/61 157/64/64
f 153/67/67 23/70/70 162/69/69 161/68/68
f 162/69/69 27/326/340 163/323/337 161/68/68
f 163/323/337 26/322/336 158/65/65 161/68/68
f 156/71/71 24/237/249 165/350/376 164/72/72
f 165/350/376 28/351/377 166/327/341 164/72/72
f 166/327/341 27/326/340 162/69/69 164/72/72
f 168/75/75 91/78/78 169/77/77 167/76/76
s 1
f 169/77/378 30/90/90 170/120/379 167/76/380
f 170/120/379 29/109/381 171/73/382 167/76/380
s 3
f 173/79/79 92/82/82 174/81/81 172/80/80
s 1
f 174/81/383 31/129/384 175/91/91 172/80/385
f 175/91/91 30/90/90 169/77/378 172/80/386
s 3
f 177/83/83 93/352/387 178/353/388 176/84/84
s 1
f 178/353/389 32/133/390 179/130/391 176/84/392
f 179/130/391 31/129/384 174/81/383 176/84/392
s 10
f 181/87/87 50/354/393 182/355/394 180/88/88
f 182/355/394 51/215/395 183/212/222 180/88/88
f 183/212/222 52/211/221 184/85/85 180/88/88
s 1
f 175/91/91 31/129/384 186/138/146 185/469/92
f 186/458/146 3/10/10 103/7/7 185/92/92
f 103/7/7 2/6/6 187/89/89 185/92/92
s 12
f 189/95/95 54/356/396 190/357/397 188/96/96
f 190/357/397 55/229/398 191/226/238 188/96/96
f 191/226/238 56/225/237 192/93/93 188/96/96
s off
f 194/460/399 32/133/400 178/353/401 193/468/402
s 3
f 178/353/388 93/352/387 195/331/345 193/468/403
f 195/397/345 94/330/344 108/97/367 193/100/403
f 197/395/103 28/351/377 165/350/376 196/467/104
f 165/350/376 24/237/249 198/234/404 196/467/104
f 198/430/404 12/233/245 121/101/101 196/104/104
s 41
f 379/107/405 381/358/406 382/503/407 380/108/408
f 382/359/407 383/360/409 384/361/410 380/108/408
s 13
f 384/361/411 385/362/412 378/105/105 380/108/108
s off
f 204/462/413 1/2/414 101/1/415 203/466/416
s 3
f 101/1/361 89/342/356 205/317/331 203/466/417
f 205/400/331 90/74/74 171/73/73 203/111/417
f 207/398/114 5/14/14 114/13/13 206/465/115
f 114/13/13 9/26/26 208/249/418 206/465/115
f 208/426/418 21/62/62 160/61/61 206/114/115
s 42
f 388/117/419 390/363/420 391/364/421 389/118/422
f 391/364/421 392/365/423 393/366/424 389/118/422
s 14
f 393/366/425 394/367/426 386/115/116 389/118/119
s 15
f 170/120/122 30/90/427 214/122/428 213/121/123
f 214/122/428 34/145/429 215/142/430 213/121/123
f 215/142/430 33/141/431 216/119/120 213/121/123
s 1
f 187/89/89 2/6/6 218/124/126 217/463/432
f 218/124/126 35/149/433 219/146/434 217/463/432
f 219/454/435 34/145/436 214/122/124 217/123/125
f 98/3/127 1/2/437 221/126/438 220/125/128
f 221/126/438 36/153/439 222/150/440 220/125/128
f 222/150/440 35/149/441 218/124/126 220/125/128
s 43
f 204/110/442 29/109/443 216/119/444 223/461/445
f 216/119/444 33/141/446 224/154/447 223/461/445
s 17
f 224/447/448 36/153/449 221/126/129 223/127/132
s 18
f 179/130/135 32/133/450 226/132/451 225/131/136
f 226/132/451 38/161/452 227/158/453 225/131/136
f 227/158/453 37/157/454 228/128/133 225/131/136
s 44
f 194/99/455 4/98/456 230/135/457 229/459/458
f 230/135/457 39/165/459 231/162/460 229/459/458
s 19
f 231/441/461 38/161/462 226/132/137 229/134/140
s 1
f 107/11/143 3/10/10 233/137/145 232/136/144
f 233/137/145 40/169/463 234/166/464 232/136/144
f 234/166/464 39/165/465 230/135/141 232/136/144
f 186/138/146 31/129/384 228/128/466 235/457/467
f 228/128/466 37/157/468 236/170/469 235/457/467
f 236/434/470 40/169/471 233/137/145 235/139/147
s 21
f 215/142/150 34/145/153 238/144/152 237/143/151
f 238/144/152 42/456/472 239/455/473 237/143/151
f 239/455/473 41/173/474 240/140/148 237/143/151
f 219/146/154 35/149/157 242/148/156 241/453/155
f 242/148/156 43/205/475 243/451/476 241/453/155
f 243/452/476 42/456/472 238/144/152 241/147/155
f 222/150/158 36/153/161 245/152/160 244/151/159
f 245/152/160 44/185/477 246/449/478 244/151/159
f 246/449/478 43/205/475 242/148/156 244/151/159
f 224/154/162 33/141/149 240/140/148 247/446/163
f 240/140/148 41/173/474 248/444/479 247/446/163
f 248/445/479 44/185/477 245/152/160 247/155/163
s 22
f 227/158/166 38/161/169 250/160/168 249/159/167
f 250/160/168 46/443/480 251/442/481 249/159/167
f 251/442/481 45/189/482 252/156/164 249/159/167
f 231/162/170 39/165/173 254/164/172 253/440/171
f 254/164/172 47/219/483 255/438/484 253/440/171
f 255/439/484 46/443/480 250/160/168 253/163/171
f 234/166/174 40/169/177 257/168/176 256/167/175
f 257/168/176 48/201/485 258/436/486 256/167/175
f 258/436/486 47/219/483 254/164/172 256/167/175
f 236/170/178 37/157/165 252/156/164 259/433/179
f 252/156/164 45/189/482 260/431/487 259/433/179
f 260/432/487 48/201/485 257/168/176 259/171/179
s 23
f 239/174/182 42/177/488 262/176/489 261/528/183
s 45
f 262/526/490 50/354/491 181/87/492 261/175/493
f 181/87/492 49/86/494 263/172/495 261/175/493
s off
f 243/178/496 43/450/497 265/216/498 264/527/499
s 28
f 265/513/226 51/215/225 182/355/500 264/179/501
s off
f 182/355/502 50/354/503 262/526/504 264/179/505
s 24
f 267/182/190 57/368/506 268/369/507 266/525/191
s 46
f 268/514/508 59/370/509 269/371/510 266/183/511
f 269/371/510 60/372/512 270/180/513 266/183/511
s off
f 248/186/514 41/479/515 263/524/516 271/523/517
f 263/172/518 49/86/519 184/85/520 271/187/521
s 47
f 184/85/522 52/211/523 272/184/524 271/187/525
s 25
f 251/190/198 46/193/526 274/192/527 273/522/199
s 48
f 274/520/528 54/356/529 189/95/530 273/191/531
f 189/95/530 53/94/532 275/188/533 273/191/531
s off
f 255/194/534 47/437/535 277/230/536 276/521/537
s 30
f 277/507/242 55/229/241 190/357/538 276/195/539
s off
f 190/357/540 54/356/541 274/520/542 276/195/543
s 26
f 279/198/206 61/373/544 280/374/545 278/519/207
s 49
f 280/508/546 63/375/547 281/376/548 278/199/549
f 281/376/548 64/377/550 282/196/551 278/199/549
s off
f 260/202/552 45/478/553 275/518/554 283/517/555
f 275/188/556 53/94/557 192/93/558 283/203/559
s 50
f 192/93/560 56/225/561 284/200/562 283/203/563
s 27
f 246/206/214 44/448/564 286/208/565 285/207/215
s 51
f 286/208/566 57/368/567 267/182/568 285/207/569
f 267/182/568 58/181/570 287/204/571 285/207/569
s 47
f 272/184/524 52/211/523 289/210/572 288/515/573
s off
f 289/210/574 59/370/575 268/514/576 288/515/577
f 268/369/578 57/368/579 286/208/580 288/209/581
s 10
f 183/212/222 51/215/395 291/214/582 290/213/223
s 52
f 291/214/583 60/372/584 269/371/585 290/213/586
f 269/371/585 59/370/587 289/210/588 290/213/586
s off
f 265/216/589 43/450/590 287/204/591 292/512/592
f 287/204/593 58/181/594 270/511/595 292/512/596
f 270/180/597 60/372/598 291/214/599 292/217/600
s 29
f 258/220/230 48/435/601 294/222/602 293/221/231
s 53
f 294/222/603 61/373/604 279/198/605 293/221/606
f 279/198/605 62/197/607 295/218/608 293/221/606
s 50
f 284/200/562 56/225/561 297/224/609 296/509/610
s off
f 297/224/611 63/375/612 280/508/613 296/509/614
f 280/374/615 61/373/616 294/222/617 296/223/618
s 12
f 191/226/238 55/229/398 299/228/619 298/227/239
s 54
f 299/228/620 64/377/621 281/376/622 298/227/623
f 281/376/622 63/375/624 297/224/625 298/227/623
s off
f 277/230/626 47/437/627 295/218/628 300/506/629
f 295/218/630 62/197/631 282/505/632 300/506/633
f 282/196/634 64/377/635 299/228/636 300/231/637
s 3
f 198/234/246 24/237/249 302/236/248 301/429/247
f 302/236/248 65/262/274 303/259/271 301/429/247
f 303/422/271 66/258/270 304/232/244 301/235/247
f 155/238/250 20/241/253 306/240/252 305/239/251
f 306/240/252 67/266/278 307/263/275 305/239/251
f 307/263/275 65/262/274 302/236/248 305/239/251
f 143/242/254 16/245/257 309/244/256 308/427/255
f 309/244/256 68/270/282 310/267/279 308/427/255
f 310/420/279 67/266/278 306/240/252 308/243/255
f 131/246/258 12/233/245 304/232/244 311/247/259
f 304/232/244 66/258/270 312/271/283 311/247/259
f 312/271/283 68/270/282 309/244/256 311/247/259
f 208/249/261 9/26/26 314/251/263 313/425/262
f 314/251/263 70/278/290 315/275/287 313/425/262
f 315/418/287 69/274/286 316/248/260 313/250/262
f 126/25/25 13/38/38 318/253/265 317/252/264
f 318/253/265 71/282/294 319/279/291 317/252/264
f 319/279/291 70/278/290 314/251/263 317/252/264
f 136/37/37 17/50/50 321/255/267 320/423/266
f 321/255/267 72/286/298 322/283/295 320/423/266
f 322/416/295 71/282/294 318/253/265 320/254/266
f 149/49/49 21/62/62 316/248/260 323/256/268
f 316/248/260 69/274/286 324/287/299 323/256/268
f 324/287/299 72/286/298 321/255/267 323/256/268
f 303/259/271 65/262/274 326/261/273 325/421/272
f 326/261/273 73/497/638 199/498/639 325/421/272
f 199/499/639 74/500/640 327/257/269 325/260/272
f 307/263/275 67/266/278 329/265/277 328/264/276
f 329/265/277 75/495/641 200/496/642 328/264/276
f 200/496/642 73/497/638 326/261/273 328/264/276
f 310/267/279 68/270/282 331/269/281 330/419/280
f 331/269/281 76/492/643 201/493/644 330/419/280
f 201/494/644 75/495/641 329/265/277 330/268/280
f 312/271/283 66/258/270 327/257/269 332/272/284
f 327/257/269 74/500/640 202/491/645 332/272/284
f 202/491/645 76/492/643 331/269/281 332/272/284
f 315/275/287 70/278/290 334/277/289 333/417/288
f 334/277/289 78/490/646 209/488/647 333/417/288
f 209/489/647 77/482/648 335/273/285 333/276/288
f 319/279/291 71/282/294 337/281/293 336/280/292
f 337/281/293 79/487/649 210/486/650 336/280/292
f 210/486/650 78/490/646 334/277/289 336/280/292
f 322/283/295 72/286/298 339/285/297 338/415/296
f 339/285/297 80/485/651 211/483/652 338/415/296
f 211/484/652 79/487/649 337/281/293 338/284/296
f 324/287/299 69/274/286 335/273/285 340/288/300
f 335/273/285 77/482/648 212/481/653 340/288/300
f 212/481/653 80/485/651 339/285/297 340/288/300
s off
f 129/291/654 15/46/655 342/293/656 341/292/657
s 3
f 342/293/658 82/305/319 343/302/316 341/292/659
f 343/302/316 81/301/315 344/289/660 341/292/659
f 145/45/45 19/471/58 346/295/308 345/411/307
f 346/295/308 83/309/323 347/306/320 345/411/661
f 347/406/320 82/305/319 342/293/658 345/294/661
f 151/55/309 18/475/54 349/297/311 348/296/310
f 349/297/311 84/313/327 350/310/324 348/296/310
f 350/310/324 83/309/323 346/295/308 348/296/310
f 134/298/312 14/480/662 344/289/663 351/407/313
f 344/289/660 81/301/315 352/314/328 351/407/664
f 352/403/328 84/313/327 349/297/311 351/299/664
f 343/302/316 82/305/319 354/304/318 353/303/317
f 354/304/318 86/345/371 138/43/43 353/303/317
f 138/43/43 85/42/42 355/300/314 353/303/317
f 347/306/320 83/309/323 357/308/322 356/405/321
f 357/308/322 87/347/373 139/404/372 356/405/321
f 139/346/372 86/345/371 354/304/318 356/307/321
f 350/310/324 84/313/327 359/312/326 358/311/325
f 359/312/326 88/349/375 140/348/374 358/311/325
f 140/348/374 87/347/373 357/308/322 358/311/325
f 352/314/328 81/301/315 355/300/314 360/402/329
f 355/300/314 85/42/42 141/401/41 360/402/329
f 141/41/41 88/349/375 359/312/326 360/315/329
f 205/317/331 89/342/356 362/341/355 361/399/332
f 362/341/355 5/14/14 207/398/114 361/399/332
f 207/113/114 25/112/113 363/316/330 361/318/332
f 159/319/333 26/322/336 365/321/335 364/320/334
f 365/321/335 91/78/78 168/75/75 364/320/334
f 168/75/75 90/74/74 363/316/330 364/320/334
f 163/323/337 27/326/340 367/325/339 366/324/338
f 367/325/339 92/82/82 173/79/79 366/324/338
f 173/79/79 91/78/78 365/321/335 366/324/338
f 166/327/341 28/351/377 369/394/665 368/328/342
f 369/394/665 93/352/387 177/83/83 368/328/342
f 177/83/83 92/82/82 367/325/339 368/328/342
f 195/331/345 93/352/387 369/394/665 370/396/346
f 369/394/665 28/351/377 197/395/103 370/396/346
f 197/103/103 8/102/102 371/329/343 370/332/346
f 109/335/349 94/330/344 371/329/343 372/336/350
f 371/329/343 8/102/102 120/23/23 372/336/350
f 120/23/23 7/22/22 373/333/347 372/336/350
f 105/339/353 95/334/348 373/333/347 374/340/354
f 373/333/347 7/22/22 116/19/19 374/340/354
f 116/19/19 6/18/18 375/337/351 374/340/354
f 100/343/357 96/338/352 375/337/351 376/344/358
f 375/337/351 6/18/18 111/15/15 376/344/358
f 111/15/15 5/14/14 362/341/355 376/344/358
s 55
f 202/385/666 74/380/667 377/106/668 378/105/669
s off
f 74/380/670 199/379/671 379/107/672 377/106/673
f 199/379/674 73/378/675 381/358/676 379/107/677
s 56
f 73/378/678 200/504/679 382/503/680 381/358/681
f 200/382/679 75/381/682 383/360/683 382/359/680
s off
f 75/381/684 201/384/685 384/361/686 383/360/687
f 201/384/688 76/383/689 385/362/690 384/361/691
s 55
f 76/383/692 202/385/666 378/105/669 385/362/693
s 57
f 212/393/694 77/388/695 387/116/696 386/501/697
s off
f 77/388/698 209/387/699 388/117/700 387/116/701
f 209/387/702 78/386/703 390/363/704 388/117/705
s 58
f 78/386/706 210/390/707 391/364/708 390/363/709
f 210/390/707 79/389/710 392/365/711 391/364/708
s off
f 79/389/712 211/392/713 393/366/714 392/365/715
f 211/392/716 80/391/717 394/367/718 393/366/719
s 57
f 80/391/720 212/502/694 386/115/697 394/367/721
