# This file uses centimeters as units for non-parametric coordinates.

mtllib run_frame01.mtl
g default
v -18.331903 66.759727 -0.963259
v -5.314219 67.842735 2.014274
v 4.689667 71.149811 5.143881
v 18.072554 73.146027 7.185985
v -18.417410 95.698135 12.704971
v -5.043355 93.347237 19.819054
v 12.775579 93.974792 16.090544
v 22.146208 97.061333 4.378652
v -14.728698 124.543449 18.496372
v -3.027153 119.310654 23.738239
v 11.626078 120.488632 19.867216
v 18.460327 126.483047 9.573647
v -18.433331 133.066925 23.373522
v -3.656136 139.341217 20.231804
v 7.403510 140.124802 17.374344
v 22.955326 133.828064 12.276381
v -23.028294 134.495514 13.432808
v -8.619288 141.880356 9.476126
v 6.087529 143.071655 5.638801
v 21.985083 139.190521 5.529646
v -17.474583 126.302612 10.859250
v -9.331166 124.558960 1.457428
v 5.320310 125.732948 -2.411253
v 16.632328 130.594620 3.467184
v -21.058437 99.221886 0.577307
v -8.997669 100.603737 -5.709231
v 5.844982 101.155472 -8.735398
v 19.439480 100.651741 -8.013339
v -16.819387 72.557648 -11.938626
v -3.427802 69.263992 -10.608668
v 6.108565 64.637383 -3.488675
v 19.536041 67.354156 -3.365521
v -11.212319 44.383247 -28.108660
v -3.673617 44.766792 -26.903889
v -5.030640 37.509521 -16.811932
v -12.526183 37.120419 -18.104740
v 9.123594 44.250446 23.057844
v 16.880037 44.735996 23.692680
v 15.680955 51.586487 32.699360
v 7.937926 51.035149 32.018280
v -10.409723 21.970423 -51.699955
v -3.087762 22.579403 -52.032921
v -2.105475 12.846684 -47.980453
v -9.436944 12.394608 -47.325977
v 7.013743 31.358786 -1.634296
v 14.377384 32.736248 -1.834735
v 16.150003 24.414919 5.176405
v 8.813663 22.776096 5.021607
v -11.236803 19.766352 -56.493195
v -2.459275 20.400755 -57.035950
v 0.459063 6.176170 -50.868160
v -11.276615 5.406866 -50.009949
v 6.965665 28.460491 -6.647478
v 15.759323 30.367071 -6.538529
v 19.637825 19.380138 2.866843
v 8.174767 16.686590 2.448637
v -8.673373 3.243729 -35.748135
v 0.569521 3.755959 -36.526630
v -8.552872 -0.183634 -36.677235
v 0.689484 0.336347 -37.462334
v 11.052804 7.894818 15.574708
v 20.073387 10.076824 15.986717
v 11.693924 5.767866 12.801699
v 20.714512 7.949854 13.213735
v 23.414413 132.990845 -19.042171
v 22.141247 127.701843 -11.789470
v 32.964199 136.385315 -15.270622
v 32.190895 130.086212 -9.049949
v -27.322893 105.930801 20.749426
v -23.309645 112.250420 19.892429
v -31.861195 116.544128 24.832649
v -36.173706 111.970306 22.898777
v 32.473640 103.497276 -20.473486
v 29.830185 102.160149 -11.162181
v 35.908714 104.567833 -19.344553
v 33.265167 103.229820 -10.032052
v -10.830138 116.308838 44.851425
v -8.308876 124.012375 39.392471
v -11.364143 125.865776 40.596848
v -13.885406 118.162247 46.055801
v -6.111826 150.239258 24.960136
v 9.497353 150.296646 23.514547
v 10.972661 151.189850 7.147736
v -10.466851 150.847580 8.871321
v -6.306806 171.593002 24.721781
v 8.546430 171.643463 24.209019
v 7.580880 175.126465 6.645056
v -6.578440 175.078354 7.133863
v -19.472931 76.413902 3.237608
v -18.276600 79.511810 -8.994056
v -5.080994 79.999138 -10.559622
v 7.363135 77.775009 -10.304483
v 20.207827 77.380135 -6.650565
v 19.036739 77.498833 5.696152
v 6.756638 76.579300 9.068120
v -7.827426 76.111496 8.246965
v -13.706580 70.738060 4.556496
v -12.904584 66.274834 1.784177
v -6.970097 71.257195 6.178904
v -14.615463 75.889023 6.535528
v -19.080090 71.280769 1.509543
v -0.509044 72.627800 7.010489
v -0.443750 68.985420 5.182358
v 5.891198 73.902153 7.094211
v -0.485905 76.302933 8.818432
v 12.625917 75.136955 6.937158
v 12.085750 73.321648 7.836873
v 18.576393 75.160583 5.458902
v 13.595187 77.227272 8.078655
v -12.215157 107.183105 19.882389
v -13.123610 94.351868 16.968117
v -4.777995 106.274071 22.186098
v -11.096465 120.106728 22.114752
v -17.668930 108.302689 16.480045
v 4.401854 105.568184 19.979488
v 4.047729 93.429161 18.765596
v 13.475815 107.385742 17.791689
v 3.962389 120.167862 20.637440
v 18.745770 109.024658 12.464174
v 18.940338 95.470581 10.271688
v 22.043600 110.620117 7.167071
v 17.447353 122.243958 14.638274
v -10.010898 130.279434 23.460897
v -3.193820 132.163483 23.353664
v -11.771832 138.474319 23.141449
v -16.335085 128.054443 22.755266
v 3.273131 131.963318 21.597124
v 9.654930 133.201172 19.957819
v 2.066480 141.708466 21.035110
v 15.731378 132.063522 16.733505
v 21.355877 128.747498 11.112971
v 15.815462 140.135147 16.287033
v -13.981374 141.680817 17.731728
v -6.088360 143.114090 15.489647
v -17.186352 141.123627 11.475174
v -20.963640 134.428146 18.649086
v 1.028022 177.271133 22.362879
v 1.134087 171.608032 24.877867
v 9.417198 175.156693 17.883829
v 0.432027 175.814240 4.955238
v -8.573387 175.095108 18.522739
v 14.997778 143.395203 11.005346
v 22.859669 136.590530 8.801085
v 15.232982 143.380829 4.879089
v 6.829178 143.906570 12.330276
v -16.188856 134.352386 7.391589
v -9.398856 136.478256 4.959435
v -16.289274 124.358940 4.758835
v -21.507971 130.073059 10.448557
v -2.050174 137.065674 3.014643
v -1.090992 145.184036 7.266324
v 5.364852 137.689194 1.069011
v -1.995617 125.151680 -0.474513
v 13.170439 136.933243 1.362220
v 19.176237 136.870178 3.619682
v 13.122929 126.933609 -2.652127
v -16.314606 112.175705 0.927218
v -9.067294 112.431572 -1.818282
v -16.385622 100.246574 -3.497737
v -20.606106 111.212257 5.297664
v -1.686569 112.902542 -3.603359
v 5.682432 113.393547 -5.415183
v -1.392304 100.777649 -7.273833
v 13.419824 114.053726 -6.229321
v 19.433907 113.711311 -4.369697
v 13.364821 101.277534 -9.696259
v -11.805952 76.665756 -11.719078
v -12.398602 80.123817 -11.002788
v -4.628676 76.274338 -11.052498
v -10.928263 73.519577 -13.164156
v -17.701405 75.874901 -10.051847
v 1.203118 74.571930 -10.347389
v 1.122040 79.091103 -10.450027
v 7.068907 72.548050 -9.731910
v 1.362872 70.206215 -9.953790
v 14.345798 71.702995 -8.727264
v 14.683694 77.351456 -9.527963
v 19.900585 72.067459 -5.931161
v 13.970625 66.263329 -6.023203
v -6.272721 13.608145 -54.586182
v -7.115502 22.363577 -57.960499
v -0.407472 14.510366 -54.608662
v -5.404376 5.539952 -50.589764
v -12.138288 13.731568 -53.809532
v -0.072266 67.299049 3.163965
v 5.485683 60.185661 9.588814
v -2.914199 59.458546 -11.489636
v 12.451191 24.625385 -2.709406
v 10.998050 31.230591 -8.059074
v 18.166302 25.897888 -2.597869
v 13.910438 18.034258 2.658375
v 6.688015 23.346491 -2.822786
v 20.740044 73.504707 -0.375406
v 20.210773 70.117668 1.771887
v 21.214218 77.451881 -0.678453
v 22.580460 111.698914 0.528923
v 22.699049 99.011139 -2.543257
v 17.327328 128.457840 5.107378
v 30.411451 102.590401 -15.919528
v 34.128159 104.063087 -20.923281
v 34.612129 103.899551 -14.538980
v 30.895498 102.427414 -9.536041
v -19.895638 73.750923 -4.814459
v -18.954144 69.858452 -7.044646
v -20.514076 78.050095 -3.394695
v -21.250288 109.051323 10.903815
v -21.934589 97.493011 6.732257
v -16.261803 124.165161 14.423531
v -8.908604 119.887596 41.799568
v -9.235116 125.731079 39.198154
v -12.644824 122.154083 43.272369
v -12.318312 116.310600 45.873787
v -8.868948 60.890385 -20.543980
v -4.789425 59.049423 -18.413355
v -7.157898 45.308022 -28.456757
v -13.783824 58.780075 -20.308455
v -3.874043 55.758392 -12.738765
v -6.460700 52.122871 -8.012957
v -2.931134 40.948883 -21.307760
v -11.105322 51.605999 -6.655519
v -15.470123 51.747135 -9.948244
v -8.912906 35.886269 -15.386464
v -15.911734 55.333374 -15.315077
v -12.970246 40.412533 -22.932133
v 13.660913 53.992237 7.898517
v 18.330988 54.980854 10.633556
v 12.945801 43.880032 22.566927
v 8.960562 54.408604 9.636772
v 18.739660 59.498676 15.313234
v 16.731997 63.727566 20.019543
v 17.295813 48.306744 28.617592
v 11.570013 65.423912 20.201897
v 7.359044 63.197975 19.034597
v 11.407407 52.661049 33.999596
v 6.475177 58.798435 14.082021
v 7.165039 47.653709 27.724564
v -7.575989 35.095112 -41.520885
v -3.417182 34.246754 -39.711792
v -6.956728 24.093060 -52.914635
v -11.610415 33.435696 -39.744877
v -1.496582 29.755049 -35.261425
v -2.526586 25.204674 -30.634626
v -1.421466 18.108465 -49.921894
v -6.404652 23.070910 -29.406340
v -10.748797 24.472345 -30.668985
v -5.499447 10.020072 -46.829353
v -12.468335 28.728249 -35.313641
v -11.216917 17.447802 -49.243340
v 10.539992 43.641285 10.617188
v 15.093231 42.782211 11.615641
v 10.397219 33.571873 -2.949759
v 6.770619 41.841873 12.720002
v 17.314852 37.844662 15.390228
v 17.091478 32.860260 19.716434
v 16.365746 28.981619 1.428206
v 13.144019 30.639343 21.162210
v 8.731066 31.931702 20.789814
v 12.973005 21.328997 6.947273
v 6.394116 36.604324 16.875095
v 6.752547 27.087513 1.562114
v -7.103883 23.874819 -55.601681
v -2.451831 21.983551 -54.635918
v -11.228131 21.333212 -54.105682
v -0.420564 16.316877 -52.263111
v 0.412751 8.364808 -49.130001
v -3.840657 2.699909 -34.166420
v -4.085273 4.449477 -35.880409
v -9.708704 2.360491 -33.675407
v -3.898782 -0.854796 -37.318306
v 2.027388 3.039328 -34.657433
v -12.151684 15.584247 -51.388214
v -11.322172 7.594631 -48.218845
v 10.561681 32.926308 -5.856876
v 15.324568 32.028648 -4.382472
v 6.524449 30.187115 -4.403054
v 17.717745 27.551250 -0.451012
v 19.162014 21.067713 5.063192
v 15.945292 7.196425 16.889408
v 15.387551 9.568198 16.539989
v 10.217938 5.811038 16.627817
v 16.379768 6.276466 12.248429
v 21.672636 8.581831 17.151011
v 6.228095 25.072632 -0.576470
v 7.696420 18.374737 4.646127
v -4.787268 6.056746 -42.752090
v -9.972919 5.747595 -42.386158
v 0.400990 6.351109 -43.111420
v -10.583734 3.341223 -43.322834
v -10.506726 0.849462 -44.338940
v -4.638952 1.219131 -44.792587
v 1.227827 1.603793 -45.270702
v 1.153277 4.064559 -44.203129
v 14.183049 15.451875 11.747481
v 9.121904 14.230027 11.519556
v 19.243986 16.676067 11.978585
v 8.937294 12.461302 9.393565
v 9.440793 10.777905 7.199227
v 15.169182 12.159223 7.455238
v 20.899590 13.543235 7.714577
v 20.393858 15.227057 9.909717
v 19.269817 131.529694 -6.521881
v 19.681335 136.249496 -6.589806
v 21.441603 129.594986 -16.188522
v 21.324799 127.469185 -5.465590
v 23.272541 138.003143 -5.400068
v 27.856058 137.907669 -3.754211
v 27.820349 135.434952 -17.868792
v 29.209431 133.678787 -2.931753
v 29.344707 129.241470 -2.546046
v 33.529293 132.952835 -12.453851
v 25.223352 127.404236 -3.924020
v 26.576344 128.335022 -9.645893
v -21.369247 115.606300 17.312698
v -20.329788 116.280624 21.817513
v -23.873892 107.934311 20.509672
v -24.381426 116.637939 13.851712
v -22.868496 118.765022 24.408459
v -26.612303 121.841438 25.546696
v -26.877602 114.935875 21.906242
v -29.115953 122.503891 21.745621
v -30.707506 122.115074 17.400705
v -34.550549 114.137154 24.917217
v -27.780670 119.169090 14.578028
v -31.988108 108.310379 21.164076
v 23.234905 119.764694 -16.195656
v 26.118671 121.408035 -20.620855
v 23.501122 119.442009 -10.917817
v 30.194298 123.138588 -20.435162
v 34.992130 124.477272 -17.831425
v 34.141331 123.312225 -12.810656
v 32.427414 122.231209 -8.075522
v 27.057966 120.475739 -8.583243
v -17.461538 111.655128 27.353859
v -17.487169 116.504532 25.239920
v -20.564724 108.265495 30.293879
v -20.672476 119.398987 25.970272
v -25.598013 120.970001 28.416470
v -27.673899 116.880684 30.947950
v -29.123829 112.580040 32.765995
v -24.713924 109.255005 31.682470
v 2.741995 142.284836 26.456099
v 7.474123 145.386368 17.407906
v 2.009659 149.806152 27.120266
v -4.770060 144.945541 19.824331
v 9.183398 146.047272 13.360320
v 5.618215 146.912628 8.619382
v 12.951262 150.775497 15.045909
v -0.785595 147.878769 6.938516
v -6.548433 146.413696 11.076395
v 0.131312 151.210526 7.291260
v -7.950422 145.423874 16.693996
v -11.061202 150.613831 17.287737
v 1.293518 163.509171 27.623640
v 11.909531 165.308105 24.462626
v -9.601329 165.235016 25.205221
v 13.137069 166.142609 14.909179
v 11.179095 165.570938 6.226836
v 0.448510 165.420197 4.409677
v -10.131990 165.498520 6.962535
v -11.490396 166.058929 15.759366
v -21.332392 88.428398 -1.447375
v -19.836388 87.345299 5.182653
v -19.106995 89.390503 -7.291031
v -13.468904 89.924904 -9.844168
v -5.975358 89.763298 -9.947389
v 0.719384 90.255386 -9.541849
v 7.626165 89.650581 -9.346400
v 15.106684 89.570976 -8.555172
v 20.689663 88.867111 -5.448681
v 22.147341 87.826187 0.780480
v 20.004030 86.727348 7.446156
v 15.096733 86.703339 11.460354
v 8.816514 85.868332 13.349154
v -0.142205 86.942741 13.158647
v -9.494345 86.080345 12.289636
v -15.302665 87.051300 10.082176
v 33.847763 88.779587 -11.447535
v 35.060333 89.087631 -9.665737
v 34.813316 89.351540 -16.497511
v 36.860756 89.989624 -15.824621
v 36.714397 90.230507 -21.545919
v 38.565880 90.861938 -22.014828
v 40.580387 91.435356 -20.275366
v 39.176926 90.711479 -15.063416
v 37.713749 89.984436 -10.176982
v -5.055157 121.122299 56.793926
v -3.390399 121.089462 55.665188
v -1.604785 125.151047 52.473286
v -3.383475 126.230049 53.174435
v -0.656368 129.443100 49.745552
v -1.711786 131.337784 49.554935
v -4.094922 131.529007 51.101009
v -5.485926 127.505440 54.003208
v -6.828937 123.175369 57.020645
vt 0.208431 0.494797
vt 0.208575 0.478116
vt 0.229443 0.475893
vt 0.229271 0.493426
vt 0.252729 0.492198
vt 0.256170 0.471571
vt 0.275357 0.475888
vt 0.275429 0.493819
vt 0.298111 0.492176
vt 0.294163 0.471736
vt 0.321331 0.475953
vt 0.321541 0.493432
vt 0.198757 0.641525
vt 0.200055 0.589825
vt 0.221664 0.590600
vt 0.219751 0.640956
vt 0.244967 0.639373
vt 0.247968 0.591507
vt 0.275466 0.591669
vt 0.275481 0.635804
vt 0.305994 0.639365
vt 0.302966 0.591494
vt 0.329276 0.590573
vt 0.331197 0.640955
vt 0.199789 0.728809
vt 0.197393 0.704590
vt 0.219517 0.692482
vt 0.227784 0.730211
vt 0.252859 0.733034
vt 0.249003 0.687406
vt 0.275511 0.688085
vt 0.275516 0.730408
vt 0.298175 0.733010
vt 0.302021 0.687396
vt 0.331536 0.692451
vt 0.323246 0.730162
vt 0.805511 0.686057
vt 0.204711 0.752714
vt 0.229559 0.760254
vt 0.782889 0.696424
vt 0.784986 0.875584
vt 0.254181 0.941082
vt 0.275435 0.940431
vt 0.742298 0.896742
vt 0.699334 0.736241
vt 0.297037 0.807427
vt 0.321459 0.760204
vt 0.696358 0.696343
vt 0.808954 0.641287
vt 0.805193 0.664541
vt 0.784300 0.671779
vt 0.785729 0.644267
vt 0.763331 0.647822
vt 0.762442 0.673765
vt 0.742276 0.741120
vt 0.739609 0.647377
vt 0.715889 0.647774
vt 0.716786 0.673709
vt 0.694936 0.671695
vt 0.693494 0.644181
vt 0.806875 0.557726
vt 0.810121 0.617205
vt 0.790367 0.607046
vt 0.787575 0.557696
vt 0.763367 0.556090
vt 0.764746 0.603486
vt 0.739627 0.603152
vt 0.739688 0.556093
vt 0.716014 0.556064
vt 0.714496 0.603455
vt 0.688836 0.606971
vt 0.691820 0.557642
vt 0.803405 0.420481
vt 0.802841 0.435733
vt 0.782960 0.432290
vt 0.783371 0.416064
vt 0.759505 0.410786
vt 0.759570 0.428509
vt 0.739756 0.426992
vt 0.739743 0.409699
vt 0.720007 0.410786
vt 0.719946 0.428500
vt 0.696571 0.432245
vt 0.696182 0.416016
vt 0.819305 0.093413
vt 0.797386 0.086157
vt 0.790779 0.072322
vt 0.822344 0.073237
vt 0.265809 0.416173
vt 0.762697 0.377789
vt 0.739788 0.389948
vt 0.275377 0.462947
vt 0.364323 0.097210
vt 0.342669 0.089884
vt 0.336664 0.075169
vt 0.367299 0.076188
vt 0.342559 0.494848
vt 0.342402 0.478170
vt 0.366070 0.480227
vt 0.366198 0.495669
vt 0.352247 0.641476
vt 0.350872 0.589816
vt 0.374237 0.588973
vt 0.374011 0.638442
vt 0.936729 0.462892
vt 0.940585 0.464321
vt 0.946953 0.476690
vt 0.936605 0.482861
vt 0.804780 0.405462
vt 0.824266 0.410023
vt 0.823186 0.423812
vt 0.805355 0.509178
vt 0.825584 0.509339
vt 0.825621 0.554997
vt 0.118742 0.522844
vt 0.058006 0.517789
vt 0.074507 0.510871
vt 0.084702 0.516921
vt 0.822269 0.350445
vt 0.784755 0.399833
vt 0.805305 0.347137
vt 0.793942 0.336256
vt 0.777469 0.322538
vt 0.236211 0.409364
vt 0.220899 0.415267
vt 0.203041 0.415110
vt 0.182178 0.419746
vt 0.685950 0.336155
vt 0.717407 0.377787
vt 0.694840 0.399772
vt 0.674409 0.347030
vt 0.657366 0.350391
vt 0.674734 0.405426
vt 0.637625 0.358046
vt 0.347747 0.415166
vt 0.329799 0.415381
vt 0.314324 0.409429
vt 0.706215 0.336018
vt 0.292514 0.404556
vt 0.870618 0.237836
vt 0.844433 0.293934
vt 0.832214 0.287148
vt 0.858351 0.228645
vt 0.844944 0.223065
vt 0.821107 0.280742
vt 0.243727 0.342391
vt 0.826584 0.212775
vt 0.214622 0.282882
vt 0.224361 0.346790
vt 0.210147 0.349538
vt 0.199596 0.284960
vt 0.184434 0.288656
vt 0.194986 0.352422
vt 0.864110 0.304875
vt 0.163133 0.290367
vt 0.634803 0.222910
vt 0.658751 0.280554
vt 0.647480 0.287052
vt 0.621343 0.228556
vt 0.609012 0.237734
vt 0.635143 0.293889
vt 0.375465 0.356065
vt 0.590820 0.249121
vt 0.366326 0.288752
vt 0.355651 0.352469
vt 0.340563 0.349608
vt 0.351134 0.285011
vt 0.336042 0.282967
vt 0.326383 0.346874
vt 0.678330 0.268182
vt 0.315081 0.275917
vt 0.789900 0.091626
vt 0.894734 0.181072
vt 0.223763 0.023658
vt 0.779683 0.072008
vt 0.205625 0.023651
vt 0.212375 0.030485
vt 0.208733 0.046428
vt 0.818124 0.043214
vt 0.919973 0.054113
vt 0.218394 0.124576
vt 0.231547 0.124829
vt 0.925982 0.076298
vt 0.853028 0.105343
vt 0.173602 0.224408
vt 0.245023 0.044913
vt 0.815784 0.102925
vt 0.335499 0.095534
vt 0.609223 0.166963
vt 0.147562 0.023794
vt 0.325939 0.074804
vt 0.129108 0.019171
vt 0.133886 0.026698
vt 0.125138 0.040618
vt 0.363323 0.044920
vt 0.461211 0.056389
vt 0.114656 0.083148
vt 0.128082 0.110700
vt 0.466974 0.079440
vt 0.396801 0.109583
vt 0.345740 0.218419
vt 0.158805 0.046562
vt 0.361009 0.107136
vt 0.212264 0.093809
vt 0.204982 0.218327
vt 0.226791 0.056935
vt 0.229179 0.093286
vt 0.246067 0.092223
vt 0.255137 0.092099
vt 0.884191 0.095549
vt 0.853655 0.095653
vt 0.854753 0.074189
vt 0.884265 0.075061
vt 0.885799 0.054616
vt 0.855335 0.052709
vt 0.203340 0.068369
vt 0.888472 0.044995
vt 0.116537 0.064410
vt 0.377147 0.224500
vt 0.136900 0.057215
vt 0.135301 0.068971
vt 0.159593 0.072808
vt 0.169578 0.075371
vt 0.426769 0.099419
vt 0.397393 0.099512
vt 0.398467 0.077209
vt 0.426850 0.078134
vt 0.428347 0.056895
vt 0.399054 0.054890
vt 0.111199 0.052142
vt 0.430928 0.046902
vt 0.398347 0.732496
vt 0.353774 0.704759
vt 0.655189 0.607952
vt 0.404645 0.715309
vt 0.625247 0.642548
vt 0.669008 0.617360
vt 0.670290 0.641156
vt 0.629866 0.657272
vt 0.633967 0.675274
vt 0.674058 0.664432
vt 0.345812 0.774768
vt 0.637449 0.692485
vt 0.387906 0.765553
vt 0.346295 0.752641
vt 0.351218 0.728717
vt 0.392980 0.747350
vt 0.854032 0.642643
vt 0.181252 0.694641
vt 0.859345 0.625630
vt 0.152631 0.732602
vt 0.157999 0.747449
vt 0.163074 0.765647
vt 0.167481 0.783084
vt 0.845329 0.675366
vt 0.849419 0.657366
vt 0.462802 0.754848
vt 0.433121 0.744888
vt 0.586158 0.633072
vt 0.469035 0.736153
vt 0.562716 0.661102
vt 0.591598 0.653084
vt 0.596668 0.669873
vt 0.567525 0.676181
vt 0.573571 0.695803
vt 0.602326 0.689166
vt 0.414557 0.801264
vt 0.575415 0.714705
vt 0.450039 0.789809
vt 0.420413 0.781867
vt 0.427222 0.762131
vt 0.457315 0.770152
vt 0.916571 0.661069
vt 0.887682 0.653104
vt 0.112049 0.724515
vt 0.922852 0.642462
vt 0.088177 0.754903
vt 0.117860 0.744959
vt 0.123753 0.762207
vt 0.093657 0.770210
vt 0.100926 0.789871
vt 0.130556 0.781946
vt 0.872833 0.708772
vt 0.104321 0.808576
vt 0.905760 0.695791
vt 0.876995 0.689207
vt 0.882631 0.669903
vt 0.911782 0.676158
vt 0.245118 0.820265
vt 0.256063 0.761423
vt 0.275458 0.816348
vt 0.275456 0.817082
vt 0.305796 0.819611
vt 0.322444 0.827635
vt 0.716707 0.746651
vt 0.742277 0.751635
vt 0.767846 0.746640
vt 0.232576 0.815700
vt 0.789238 0.746868
vt 0.242805 0.909093
vt 0.242913 0.847487
vt 0.275453 0.850080
vt 0.275444 0.899369
vt 0.308078 0.909112
vt 0.307992 0.847504
vt 0.685718 0.768892
vt 0.335635 0.923345
vt 0.710517 0.826756
vt 0.709025 0.772272
vt 0.742280 0.767854
vt 0.742288 0.823907
vt 0.774059 0.826743
vt 0.775535 0.772258
vt 0.216918 0.852154
vt 0.800161 0.835727
vt 0.803587 0.472219
vt 0.184266 0.511368
vt 0.823748 0.473030
vt 0.786007 0.508646
vt 0.783967 0.470951
vt 0.760849 0.468488
vt 0.762764 0.507838
vt 0.739729 0.507585
vt 0.739749 0.469813
vt 0.718652 0.468468
vt 0.716699 0.507812
vt 0.693463 0.508589
vt 0.695538 0.470900
vt 0.347089 0.550471
vt 0.343449 0.511536
vt 0.656251 0.437958
vt 0.370672 0.549455
vt 0.305626 0.550928
vt 0.300328 0.509969
vt 0.323635 0.511057
vt 0.326613 0.553291
vt 0.245263 0.550946
vt 0.250519 0.509979
vt 0.275426 0.509223
vt 0.275447 0.553833
vt 0.203857 0.550446
vt 0.207534 0.511493
vt 0.227207 0.511082
vt 0.224277 0.553331
vt 0.296688 0.941095
vt 0.317831 0.963343
vt 0.722395 0.859395
vt 0.742293 0.859091
vt 0.762190 0.859387
vt 0.672412 0.557619
vt 0.673996 0.509116
vt 0.676597 0.435714
vt 0.676064 0.420456
vt 0.798456 0.058765
vt 0.820876 0.052919
vt 0.343747 0.061021
vt 0.365907 0.055032
vt 0.963235 0.483911
vt 0.902883 0.489040
vt 0.909072 0.482168
vt 0.925033 0.475729
vt 0.931354 0.463643
vt 0.080884 0.498420
vt 0.084741 0.496992
vt 0.090126 0.497750
vt 0.096539 0.509638
vt 0.112499 0.516024
vt 0.245369 0.109349
vt 0.249130 0.116712
vt 0.914174 0.091435
vt 0.914507 0.075957
vt 0.915392 0.060496
vt 0.143488 0.116794
vt 0.145270 0.126440
vt 0.455609 0.095160
vt 0.455938 0.079081
vt 0.456800 0.063019
vt 0.982240 0.434188
vt 0.963585 0.427947
vt 0.946509 0.423110
vt 0.890921 0.433118
vt 0.882130 0.436526
vt 0.926679 0.423006
vt 0.909612 0.427375
vt 0.937930 0.422313
vt 0.075163 0.457134
vt 0.058225 0.461798
vt 0.039557 0.467684
vt 0.094859 0.456979
vt 0.083682 0.456346
vt 0.130564 0.466891
vt 0.111877 0.461251
vt 0.033116 0.470128
vt 0.675805 0.472192
vt 0.653419 0.509254
vt 0.655248 0.472962
vt 0.367019 0.511392
vt 0.176921 0.588998
vt 0.180547 0.549455
vt 0.822760 0.437993
vt 0.233028 0.963316
vt 0.215241 0.923308
vt 0.798841 0.768868
vt 0.699605 0.875602
vt 0.684417 0.835751
vt 0.333987 0.852188
vt 0.228471 0.827609
vt 0.254212 0.785439
vt 0.759269 0.697501
vt 0.785216 0.736222
vt 0.695315 0.746888
vt 0.719972 0.697428
vt 0.296799 0.785396
vt 0.318344 0.815723
vt 0.903939 0.714697
vt 0.136407 0.801345
vt 0.081951 0.736203
vt 0.893090 0.633076
vt 0.446638 0.808511
vt 0.606509 0.708725
vt 0.556410 0.642507
vt 0.438944 0.724452
vt 0.841861 0.692578
vt 0.205190 0.774839
vt 0.146366 0.715395
vt 0.823906 0.608060
vt 0.383498 0.782992
vt 0.673752 0.685953
vt 0.619881 0.625562
vt 0.369876 0.694574
vt 0.624476 0.158216
vt 0.327082 0.211968
vt 0.653476 0.212425
vt 0.306569 0.342322
vt 0.153133 0.050558
vt 0.361352 0.222428
vt 0.125968 0.045756
vt 0.396618 0.225899
vt 0.569871 0.190223
vt 0.388031 0.290471
vt 0.615162 0.304972
vt 0.596954 0.173816
vt 0.584932 0.180968
vt 0.909456 0.190131
vt 0.154402 0.225852
vt 0.888489 0.249012
vt 0.175675 0.355943
vt 0.241882 0.047343
vt 0.189385 0.222364
vt 0.213528 0.046751
vt 0.223402 0.212053
vt 0.855547 0.158550
vt 0.235225 0.276013
vt 0.801766 0.268578
vt 0.882733 0.173912
vt 0.870470 0.167071
vt 0.702590 0.322102
vt 0.284431 0.416033
vt 0.369025 0.419829
vt 0.654789 0.409992
vt 0.841623 0.358035
vt 0.185243 0.480200
vt 0.257695 0.404697
vt 0.773758 0.336466
vt 0.177136 0.638471
vt 0.185108 0.495641
vt 0.653403 0.554919
vt 0.655840 0.423782
vt 0.740026 0.329135
vt 0.739609 0.679991
vt 0.717946 0.727940
vt 0.321543 0.784229
vt 0.275425 0.981496
vt 0.229466 0.784279
vt 0.766602 0.727930
vt 0.275513 0.766895
vt 0.294962 0.761394
vt 0.158494 0.031032
vt 0.235614 0.029385
vt 0.253884 0.807420
vt 0.968218 0.693073
vt 0.970279 0.686813
vt 0.964692 0.720144
vt 0.041234 0.817480
vt 0.965692 0.701614
vt 0.035620 0.790589
vt 0.038855 0.799577
vt 0.026837 0.766821
vt 0.976742 0.669618
vt 0.033170 0.783659
vt 0.515345 0.790561
vt 0.512107 0.799546
vt 0.509721 0.817448
vt 0.514670 0.720260
vt 0.513647 0.701731
vt 0.511110 0.693195
vt 0.509040 0.686939
vt 0.502555 0.669755
vt 0.524137 0.766797
vt 0.517798 0.783632
vt 0.052820 0.522857
vt 0.139366 0.470253
vt 0.968347 0.489050
vt 0.988625 0.436785
vt 0.108883 0.091107
vt 0.106409 0.062482
vt 0.399209 0.044805
vt 0.459518 0.102060
vt 0.428604 0.109556
vt 0.167704 0.057128
vt 0.215342 0.132259
vt 0.203222 0.094543
vt 0.855471 0.043005
vt 0.918242 0.098075
vt 0.886101 0.105305
vt 0.255511 0.067846
vt 0.169019 0.047690
vt 0.166893 0.025823
vt 0.125973 0.120002
vt 0.337008 0.054912
vt 0.115292 0.038211
vt 0.149847 0.015689
vt 0.254586 0.043904
vt 0.241676 0.021944
vt 0.231922 0.132778
vt 0.791425 0.052872
vt 0.199112 0.046316
vt 0.223332 0.014444
vn -0.444311 -0.507621 0.738180
vn -0.444311 -0.507621 0.738180
vn -0.211795 -0.606920 0.766023
vn -0.200069 -0.610771 0.766114
vn -0.046729 -0.661351 0.748619
vn 0.105119 -0.666406 0.738142
vn -0.241129 -0.510737 0.825230
vn -0.116024 -0.659218 0.742946
vn -0.013901 -0.328888 0.944267
vn -0.559308 0.341120 0.755521
vn -0.024287 0.103710 0.994311
vn 0.045986 0.274950 0.960358
vn -0.754487 -0.040472 0.655066
vn -0.764555 -0.237335 0.599273
vn -0.466819 -0.324841 0.822532
vn -0.445558 -0.124518 0.886552
vn -0.022818 -0.135089 0.990571
vn -0.078321 -0.388935 0.917930
vn 0.169723 -0.335827 0.926506
vn 0.236017 -0.110764 0.965415
vn 0.484447 -0.091285 0.870045
vn 0.443446 -0.239005 0.863847
vn 0.759009 -0.130174 0.637934
vn 0.799931 -0.040249 0.598741
vn 0.174586 -0.151463 0.972923
vn -0.263490 -0.314256 0.912040
vn -0.374691 -0.084819 0.923262
vn -0.063824 -0.007779 0.997931
vn 0.126518 0.088390 0.988019
vn 0.091613 -0.071163 0.993249
vn 0.250842 -0.056022 0.966406
vn 0.249791 0.071893 0.965627
vn 0.354491 0.104086 0.929248
vn 0.411133 -0.038634 0.910756
vn 0.774160 0.004591 0.632973
vn 0.546148 0.003280 0.837683
vn -0.675011 0.622000 0.396833
vn -0.356704 0.396669 0.845823
vn -0.114862 0.529566 0.840456
vn -0.334378 0.881652 0.332987
vn -0.628403 0.771789 0.097219
vn -0.482155 0.422497 0.767478
vn 0.029600 0.433012 0.900902
vn 0.003960 0.963578 0.267397
vn 0.456731 0.875106 0.159955
vn 0.295511 0.454003 0.840568
vn 0.455166 0.500234 0.736607
vn 0.331414 0.905659 0.264473
vn -0.609692 0.066510 -0.789843
vn -0.819389 0.526057 -0.227742
vn -0.542066 0.778204 -0.317117
vn -0.502929 0.303018 -0.809471
vn -0.338552 0.385800 -0.858220
vn -0.376987 0.707488 -0.597780
vn -0.250270 0.550449 -0.796474
vn -0.265427 0.384924 -0.883958
vn -0.118028 0.407682 -0.905464
vn -0.000639 0.713416 -0.700741
vn 0.248025 0.854348 -0.456699
vn 0.176225 0.367652 -0.913114
vn -0.935591 0.220105 -0.276087
vn -0.763060 -0.051419 -0.644279
vn -0.619122 0.233540 -0.749765
vn -0.563363 0.285884 -0.775172
vn -0.294459 0.276285 -0.914855
vn -0.327569 0.254065 -0.910027
vn -0.260616 0.251871 -0.932009
vn -0.239318 0.255917 -0.936607
vn -0.174089 0.250900 -0.952230
vn -0.160266 0.266345 -0.950461
vn 0.231114 0.315655 -0.920298
vn 0.145117 0.290364 -0.945849
vn -0.695659 0.085087 -0.713315
vn -0.720156 0.054149 -0.691696
vn -0.145105 0.119206 -0.982209
vn -0.085826 0.182466 -0.979459
vn 0.080044 0.106923 -0.991040
vn 0.045720 0.093775 -0.994543
vn 0.045365 0.056101 -0.997394
vn 0.055914 -0.026958 -0.998072
vn 0.085010 -0.108660 -0.990438
vn 0.078808 0.021198 -0.996664
vn 0.276712 0.003667 -0.960946
vn 0.274126 -0.141353 -0.951249
vn -0.107293 -0.411807 -0.904933
vn -0.113432 -0.376200 -0.919569
vn -0.034456 -0.369440 -0.928616
vn -0.035181 -0.405801 -0.913284
vn 0.969004 -0.244437 0.035797
vn 0.794148 -0.203886 -0.572503
vn 0.388223 -0.573350 -0.721494
vn -0.402656 -0.903643 0.145940
vn 0.152774 -0.598299 -0.786574
vn 0.144222 -0.600971 -0.786151
vn 0.144862 -0.603249 -0.784287
vn 0.153276 -0.602445 -0.783305
vn 0.940434 0.060142 0.334616
vn 0.940434 0.060142 0.334616
vn 0.940434 0.060142 0.334616
vn 0.940434 0.060142 0.334616
vn 0.965320 0.071701 0.251031
vn 0.951769 -0.061066 0.300678
vn 0.980242 0.001289 -0.197797
vn 0.971563 0.168028 -0.166829
vn 0.311520 -0.949031 -0.047923
vn 0.311516 -0.949032 -0.047923
vn 0.311516 -0.949032 -0.047923
vn 0.311519 -0.949031 -0.047923
vn -0.918441 -0.006449 -0.395506
vn -0.918441 -0.006449 -0.395506
vn -0.918441 -0.006449 -0.395506
vn -0.918441 -0.006449 -0.395506
vn -0.874419 0.200513 -0.441799
vn -0.982422 -0.070244 0.172953
vn -0.957294 0.067966 0.281015
vn 0.526312 0.370187 0.765479
vn 0.526312 0.370186 0.765479
vn 0.526312 0.370186 0.765479
vn 0.526312 0.370187 0.765479
vn -0.223742 0.445699 -0.866771
vn -0.246325 0.460957 -0.852551
vn 0.095585 0.510029 -0.854830
vn 0.163382 0.497369 -0.852015
vn 0.988260 0.084991 -0.126962
vn 0.988315 0.085364 -0.126278
vn 0.645123 -0.378652 0.663656
vn -0.132224 -0.534060 0.835043
vn -0.147142 -0.526668 0.837240
vn -0.982978 -0.181894 -0.025862
vn -0.982361 -0.186180 -0.017428
vn -0.982361 -0.186180 -0.017428
vn -0.982912 -0.182389 -0.024891
vn -0.175936 -0.777794 -0.603393
vn -0.138857 -0.767703 -0.625581
vn 0.172905 -0.757556 -0.629454
vn 0.136371 -0.778209 -0.613020
vn 0.992226 -0.124445 -0.000503
vn 0.991368 -0.130500 -0.012615
vn 0.991368 -0.130500 -0.012615
vn 0.992341 -0.123521 0.001342
vn 0.248108 0.744292 0.620058
vn 0.177471 0.804928 0.566212
vn -0.162498 0.816964 0.553321
vn -0.143198 0.777418 0.612467
vn -0.809513 0.437905 0.391060
vn -0.931643 -0.363138 0.013131
vn -0.987192 0.036872 0.155217
vn -0.859515 0.359313 -0.363495
vn -0.840026 0.409198 -0.356249
vn 0.038268 0.772646 -0.633683
vn -0.049040 0.741373 -0.669298
vn 0.814519 0.453310 -0.362035
vn 0.877615 0.394949 -0.271674
vn 0.994997 0.014957 0.098777
vn 0.998757 0.047663 0.014561
vn 0.854648 -0.365140 0.369119
vn 0.803944 -0.376550 0.460310
vn 0.008321 -0.728342 0.685163
vn 0.062183 -0.770838 0.633989
vn -0.802670 -0.491873 0.337316
vn -0.815018 -0.461558 0.350301
vn -0.999247 -0.035376 -0.015913
vn -0.997392 -0.071085 -0.012511
vn -0.841831 0.499273 -0.205054
vn -0.674200 0.727544 -0.127023
vn -0.071830 0.993711 -0.085903
vn -0.157719 0.887715 -0.432535
vn 0.646680 0.677937 -0.349581
vn 0.717836 0.662670 -0.213494
vn 0.976371 -0.115169 0.182856
vn 0.995617 0.067168 -0.065079
vn 0.803662 -0.401774 0.438982
vn 0.431978 -0.465532 0.772447
vn 0.082004 -0.513808 0.853977
vn 0.109869 -0.688413 0.716950
vn -0.657227 -0.525059 0.540708
vn -0.333448 -0.490353 0.805212
vn -0.940648 -0.184127 0.285095
vn -0.988227 -0.107067 0.109290
vn -0.534252 0.844353 -0.040538
vn -0.534252 0.844353 -0.040538
vn -0.070735 0.994042 -0.082925
vn -0.074508 0.993788 -0.082665
vn 0.915271 0.385517 0.116853
vn 0.915271 0.385517 0.116853
vn 0.915271 0.385517 0.116853
vn 0.915271 0.385517 0.116853
vn 0.086249 0.839344 0.536715
vn 0.086249 0.839344 0.536715
vn -0.001527 0.836136 0.548521
vn -0.001451 0.836141 0.548512
vn -0.803079 0.070105 0.591734
vn -0.803079 0.070105 0.591734
vn -0.803079 0.070105 0.591734
vn -0.803079 0.070105 0.591734
vn -0.596195 0.773889 -0.213654
vn -0.596195 0.773889 -0.213654
vn -0.214894 0.951048 -0.222098
vn -0.203451 0.953640 -0.221763
vn 0.812468 0.563415 0.149866
vn 0.812468 0.563415 0.149866
vn 0.812468 0.563415 0.149866
vn 0.812468 0.563415 0.149866
vn -0.036758 0.346438 0.937352
vn -0.036758 0.346438 0.937352
vn -0.121944 0.327192 0.937056
vn -0.121945 0.327192 0.937056
vn -0.897074 0.057881 0.438074
vn -0.897074 0.057881 0.438074
vn -0.897074 0.057881 0.438074
vn -0.897074 0.057881 0.438074
vn -0.093610 0.630370 0.770630
vn -0.093610 0.630370 0.770630
vn 0.020695 0.640896 0.767349
vn 0.017498 0.640716 0.767579
vn -0.924301 0.246080 0.291741
vn -0.924301 0.246080 0.291741
vn -0.924301 0.246080 0.291741
vn -0.924301 0.246080 0.291741
vn -0.019820 -0.791863 -0.610377
vn -0.068460 -0.607713 -0.791200
vn -0.017925 -0.608059 -0.793690
vn 0.004412 -0.789233 -0.614079
vn 0.994030 0.074144 -0.080046
vn 0.994554 0.075870 -0.071464
vn 0.994724 0.076492 -0.068357
vn 0.994030 0.074144 -0.080046
vn -0.172404 0.606732 0.775985
vn -0.172404 0.606732 0.775985
vn -0.170531 0.601760 0.780259
vn -0.170529 0.601756 0.780262
vn -0.961050 0.098010 0.258413
vn -0.961050 0.098010 0.258413
vn -0.961050 0.098010 0.258413
vn -0.961050 0.098010 0.258413
vn 0.173964 -0.597158 -0.783032
vn 0.165673 -0.596840 -0.785070
vn 0.166699 -0.601050 -0.781633
vn 0.174713 -0.600122 -0.780595
vn 0.970949 0.236663 0.035328
vn 0.971004 0.237275 0.029190
vn 0.971003 0.237265 0.029284
vn 0.970949 0.236663 0.035328
vn -0.330865 -0.938403 -0.099635
vn 0.949747 -0.211550 0.230710
vn -0.811625 -0.532250 -0.240778
vn -0.946897 -0.199233 -0.252372
vn -0.774416 0.575496 -0.262840
vn 0.256722 0.398102 -0.880686
vn -0.103755 0.755217 -0.647211
vn -0.332400 0.922618 -0.195667
vn 0.435025 0.893825 0.108771
vn 0.566503 0.823836 0.019196
vn 0.802067 0.487000 0.345715
vn 0.877941 0.300436 0.372771
vn 0.829102 -0.435295 0.350867
vn 0.794052 -0.029370 0.607140
vn 0.645262 -0.606757 0.464201
vn 0.420837 -0.895270 0.146247
vn 0.004158 -0.442486 -0.896766
vn 0.686115 -0.586709 -0.430139
vn 0.670300 -0.577676 -0.465819
vn 0.714300 -0.521660 0.466526
vn 0.385369 -0.280083 0.879229
vn -0.243685 0.235124 0.940922
vn -0.726646 0.579264 0.369376
vn -0.871786 0.315688 -0.374607
vn -0.504144 -0.140024 -0.852193
vn -0.898531 -0.255103 0.357162
vn -0.885007 -0.416326 0.208412
vn -0.931001 -0.050822 -0.361461
vn -0.905407 -0.287038 -0.312807
vn -0.509929 -0.115706 -0.852399
vn -0.496981 0.426608 -0.755656
vn 0.046360 0.716439 -0.696108
vn 0.273624 0.146499 -0.950614
vn 0.880537 0.150462 -0.449461
vn 0.567132 0.726058 -0.388845
vn 0.944519 0.201870 0.259100
vn 0.966416 0.031700 0.255019
vn 0.604330 0.018679 0.796515
vn 0.793418 -0.107565 0.599097
vn -0.095652 -0.583506 0.806456
vn -0.277633 -0.051077 0.959329
vn 0.389998 -0.912279 0.125097
vn -0.099991 -0.931045 -0.350938
vn 0.613580 -0.621534 -0.487047
vn 0.808144 -0.501464 -0.308929
vn 0.752769 0.097819 -0.650976
vn 0.851506 -0.136381 -0.506299
vn 0.283578 0.899535 -0.332297
vn 0.147776 0.769409 -0.621428
vn -0.446215 0.894923 -0.002243
vn -0.572860 0.708420 0.412278
vn -0.775234 0.488063 0.401006
vn -0.657337 0.544039 0.521469
vn -0.694588 -0.226657 0.682769
vn -0.938021 -0.319669 -0.133896
vn -0.616506 -0.719305 -0.320189
vn -0.315933 -0.803056 0.505260
vn -0.404221 -0.593326 0.696110
vn -0.404221 -0.593326 0.696110
vn -0.404221 -0.593326 0.696110
vn -0.404221 -0.593326 0.696110
vn 0.951167 -0.307083 -0.031320
vn 0.951167 -0.307083 -0.031320
vn 0.963638 -0.215282 -0.158291
vn 0.471698 -0.247825 -0.846217
vn -0.258925 0.352256 -0.899374
vn -0.162940 -0.057246 -0.984974
vn -0.752440 -0.294239 -0.589285
vn -0.434066 0.824437 0.363166
vn -0.942544 -0.198876 0.268438
vn -0.703439 0.039006 0.709685
vn -0.608157 -0.192733 0.770064
vn 0.075540 -0.200442 0.976789
vn 0.047264 0.023093 0.998616
vn 0.768470 0.057239 0.637321
vn 0.739947 -0.191261 0.644901
vn 0.979009 -0.202689 0.021393
vn 0.991265 0.131463 -0.010546
vn 0.663319 0.060233 -0.745909
vn 0.611547 -0.193111 -0.767280
vn -0.063312 -0.167235 -0.983882
vn -0.046777 -0.062717 -0.996935
vn -0.718890 0.035213 -0.694232
vn -0.721240 -0.189330 -0.666309
vn -0.968795 -0.188361 0.161112
vn -0.991537 0.108909 0.070668
vn -0.737204 0.180248 -0.651185
vn -0.994623 -0.065434 -0.080270
vn -0.996865 -0.044043 -0.065726
vn -0.437359 0.354760 -0.826355
vn -0.242044 0.274278 -0.930691
vn -0.045614 0.217901 -0.974904
vn -0.201368 0.328854 -0.922662
vn -0.162318 0.244287 -0.956021
vn -0.030993 0.137249 -0.990052
vn 0.017911 0.056111 -0.998264
vn -0.118504 0.165774 -0.979018
vn 0.103521 0.119290 -0.987448
vn 0.236573 0.002703 -0.971610
vn 0.839359 -0.161417 0.519058
vn 0.787840 -0.226261 0.572813
vn 0.994743 -0.095642 0.036597
vn 0.996540 -0.082440 0.010620
vn 0.165699 -0.440609 0.882274
vn 0.067368 -0.433221 0.898767
vn 0.337190 -0.381759 0.860560
vn 0.513281 -0.304249 0.802481
vn -0.191052 -0.499551 0.844955
vn -0.151294 -0.381104 0.912069
vn -0.040351 -0.403901 0.913912
vn 0.007997 -0.529268 0.848417
vn -0.866100 -0.227856 0.444918
vn -0.854797 -0.192762 0.481835
vn -0.444919 -0.318894 0.836871
vn -0.517376 -0.398856 0.757124
vn -0.130308 -0.407435 0.903890
vn -0.351099 -0.380103 0.855717
vn -0.832368 -0.268196 0.485009
vn 0.152553 -0.522702 0.838755
vn 0.072495 -0.536703 0.840651
vn -0.014840 -0.453886 0.890936
vn 0.155477 0.529565 0.833899
vn 0.155477 0.529565 0.833899
vn 0.751207 -0.250090 0.610855
vn 0.199939 -0.518447 0.831407
vn 0.085033 0.446444 0.890762
vn 0.224518 0.237305 0.945134
vn 0.549439 0.447607 0.705524
vn 0.615762 0.785681 0.059522
vn 0.502192 0.694460 -0.515294
vn -0.025084 0.759668 -0.649827
vn -0.521004 0.704540 -0.481850
vn 0.676592 0.287454 -0.677934
vn 0.624187 0.074292 -0.777734
vn 0.212371 0.077705 -0.974095
vn 0.106873 0.222256 -0.969113
vn 0.014264 0.265355 -0.964045
vn -0.273421 0.380881 -0.883273
vn -0.273421 0.380881 -0.883273
vn 0.071142 -0.523199 -0.849236
vn -0.501157 -0.744932 -0.440360
vn 0.227811 -0.474519 -0.850255
vn 0.122674 -0.058259 -0.990736
vn 0.770115 -0.028393 -0.637273
vn 0.754400 -0.143023 -0.640644
vn 0.441350 -0.438503 -0.782895
vn 0.441350 -0.438503 -0.782895
vn 0.106624 -0.531051 -0.840605
vn 0.118473 -0.528941 -0.840349
vn 0.043546 -0.360484 -0.931748
vn 0.036944 -0.398015 -0.916635
vn 0.031538 -0.599036 -0.800101
vn 0.145522 -0.605595 -0.782354
vn 0.154842 -0.606554 -0.779818
vn 0.167723 -0.605204 -0.778201
vn 0.984849 -0.154497 -0.078765
vn 0.984849 -0.154497 -0.078765
vn 0.984849 -0.154498 -0.078765
vn 0.984849 -0.154498 -0.078765
vn 0.992327 -0.115810 0.043303
vn 0.937963 0.302210 -0.169981
vn 0.311518 -0.949031 -0.047924
vn 0.311518 -0.949031 -0.047924
vn 0.311520 -0.949030 -0.047924
vn 0.311520 -0.949030 -0.047924
vn 0.311521 -0.949030 -0.047924
vn 0.311521 -0.949030 -0.047924
vn 0.311522 -0.949030 -0.047923
vn 0.311522 -0.949030 -0.047923
vn -0.977994 -0.207661 0.020129
vn -0.977994 -0.207661 0.020129
vn -0.977994 -0.207661 0.020129
vn -0.977994 -0.207661 0.020129
vn -0.990145 -0.091423 -0.106086
vn -0.927362 0.174016 0.331237
vn 0.526311 0.370187 0.765479
vn 0.526311 0.370187 0.765479
vn 0.526311 0.370187 0.765480
vn 0.526311 0.370187 0.765480
vn 0.526311 0.370186 0.765480
vn 0.526311 0.370187 0.765480
vn 0.526312 0.370187 0.765478
vn 0.526312 0.370187 0.765478
vn 0.534138 0.479243 -0.696436
vn 0.519447 0.467176 -0.715487
vn 0.501585 0.452467 -0.737351
vn 0.141595 0.473104 -0.869554
vn -0.203237 0.431608 -0.878868
vn 0.915038 -0.213780 0.342057
vn 0.921852 -0.139157 0.361696
vn 0.921852 -0.139157 0.361696
vn 0.990763 0.113566 -0.074105
vn 0.990763 0.113566 -0.074105
vn -0.477761 -0.499337 0.722777
vn -0.532413 -0.484330 0.694233
vn -0.581732 -0.468481 0.664916
vn -0.143771 -0.514530 0.845334
vn 0.375809 -0.429636 0.821085
vn -0.923797 0.026199 -0.381985
vn -0.923797 0.026199 -0.381985
vn -0.930274 0.017304 -0.366456
vn -0.930525 0.016950 -0.365836
vn -0.936202 0.008720 -0.351355
vn -0.936202 0.008720 -0.351355
vn -0.983510 -0.177559 -0.034357
vn -0.983510 -0.177559 -0.034357
vn 0.444066 -0.683566 -0.579261
vn 0.420958 -0.719753 -0.552041
vn 0.396427 -0.754533 -0.522997
vn 0.102236 -0.811122 -0.575872
vn -0.222754 -0.788448 -0.573350
vn 0.948723 0.194685 0.249043
vn 0.948723 0.194685 0.249043
vn 0.951619 0.182189 0.247446
vn 0.951074 0.184594 0.247756
vn 0.953834 0.172106 0.246129
vn 0.953834 0.172106 0.246129
vn 0.992996 -0.117365 0.013602
vn 0.992996 -0.117365 0.013602
vn -0.542675 0.610625 0.576750
vn -0.110699 0.719258 0.685867
vn 0.305311 0.686617 0.659805
vn -0.906261 -0.380284 -0.184593
vn -0.913906 -0.359046 -0.189372
vn -0.933654 -0.295159 -0.202908
vn -0.933654 -0.295159 -0.202908
vn -0.990620 0.075891 0.113635
vn -0.990620 0.075891 0.113635
vn 0.825330 0.423688 -0.373253
vn -0.071880 0.712704 -0.697772
vn -0.894020 0.281714 -0.348376
vn 0.850527 -0.413994 0.324366
vn 0.999548 0.026049 -0.014998
vn -0.735204 -0.569877 0.367036
vn 0.116974 -0.801612 0.586289
vn -0.989775 -0.141526 0.017779
vn 0.710119 0.549944 -0.439650
vn -0.200251 0.784470 -0.586947
vn -0.916431 0.316106 -0.245421
vn 0.927755 -0.339156 0.155703
vn 0.983818 0.110345 -0.141161
vn -0.788532 -0.528844 0.313913
vn 0.111902 -0.851623 0.512071
vn -0.988809 -0.135359 0.062731
vn 0.388556 0.915426 -0.104975
vn 0.388556 0.915426 -0.104975
vn 0.416209 0.761551 -0.496800
vn 0.416209 0.761551 -0.496800
vn -0.090622 0.835431 -0.542073
vn -0.095430 0.835066 -0.541810
vn -0.583518 0.682497 -0.440119
vn -0.583518 0.682497 -0.440119
vn 0.846013 0.199445 0.494452
vn 0.846013 0.199445 0.494452
vn 0.846013 0.199445 0.494452
vn 0.846013 0.199445 0.494452
vn 0.995058 0.077830 -0.061668
vn 0.995058 0.077830 -0.061668
vn 0.948320 0.258752 -0.183673
vn 0.948320 0.258752 -0.183673
vn 0.948320 0.258752 -0.183673
vn 0.948321 0.258752 -0.183673
vn -0.088980 0.826406 0.555999
vn -0.088980 0.826406 0.555999
vn 0.053938 -0.704406 0.707745
vn 0.053938 -0.704406 0.707745
vn 0.099616 -0.702414 0.704764
vn 0.099552 -0.702417 0.704769
vn 0.144846 -0.698969 0.700330
vn 0.144846 -0.698969 0.700330
vn -0.939404 0.266752 0.215324
vn -0.939404 0.266752 0.215324
vn -0.939404 0.266752 0.215324
vn -0.939404 0.266752 0.215324
vn -0.989863 0.115286 -0.082952
vn -0.989863 0.115286 -0.082952
vn -0.989863 0.115286 -0.082952
vn -0.989863 0.115286 -0.082952
vn -0.995174 -0.077399 0.060312
vn -0.994631 -0.075689 0.070572
vn -0.994806 -0.076204 0.067489
vn -0.995174 -0.077399 0.060312
vn 0.243880 0.951725 -0.186391
vn 0.243880 0.951725 -0.186391
vn 0.314054 0.781437 -0.539191
vn 0.314054 0.781437 -0.539191
vn -0.159676 0.766887 -0.621601
vn -0.171493 0.764147 -0.621828
vn -0.593278 0.577085 -0.561243
vn -0.593278 0.577085 -0.561243
vn 0.739837 0.478598 0.472848
vn 0.739837 0.478598 0.472848
vn 0.739837 0.478598 0.472848
vn 0.739837 0.478598 0.472848
vn 0.971022 0.237811 0.023731
vn 0.971022 0.237811 0.023731
vn 0.913606 0.390498 -0.113290
vn 0.913607 0.390498 -0.113290
vn 0.913607 0.390498 -0.113290
vn 0.913606 0.390498 -0.113290
vn -0.206201 0.305451 0.929613
vn -0.206201 0.305451 0.929613
vn 0.180988 -0.971766 0.151375
vn 0.180988 -0.971766 0.151375
vn 0.225689 -0.962020 0.153568
vn 0.225689 -0.962019 0.153568
vn 0.269917 -0.950255 0.155439
vn 0.269917 -0.950255 0.155439
vn -0.983649 0.141653 0.111218
vn -0.983649 0.141653 0.111218
vn -0.983649 0.141653 0.111218
vn -0.983649 0.141653 0.111218
vn -0.986518 -0.058864 -0.152701
vn -0.986518 -0.058864 -0.152701
vn -0.986518 -0.058864 -0.152701
vn -0.986518 -0.058864 -0.152701
vn -0.971777 -0.234580 -0.024947
vn -0.971540 -0.234917 -0.030407
vn -0.971544 -0.234911 -0.030315
vn -0.971777 -0.234580 -0.024947
vn 0.134761 0.642969 0.753944
vn 0.134761 0.642969 0.753944
vn -0.130541 0.942946 0.306288
vn -0.130541 0.942946 0.306288
vn -0.031258 0.953006 0.301336
vn -0.032705 0.952927 0.301430
vn 0.068636 0.953539 0.293347
vn 0.068636 0.953539 0.293347
vn -0.994029 -0.074092 0.080109
vn -0.994029 -0.074092 0.080109
vn -0.939421 -0.322538 0.116007
vn -0.939421 -0.322538 0.116007
vn -0.939421 -0.322538 0.116007
vn -0.939421 -0.322538 0.116007
vn -0.840441 0.495967 0.218345
vn -0.840441 0.495967 0.218345
vn -0.840441 0.495967 0.218345
vn -0.840441 0.495967 0.218345
vn 0.028599 -0.786128 -0.617402
vn 0.133180 -0.967852 -0.213368
vn 0.133180 -0.967852 -0.213368
vn 0.042545 -0.978081 -0.203831
vn 0.042529 -0.978082 -0.203829
vn -0.048125 -0.980092 -0.192622
vn -0.048125 -0.980092 -0.192622
vn 0.908932 0.394862 0.133889
vn 0.908932 0.394862 0.133889
vn 0.908932 0.394862 0.133889
vn 0.908932 0.394862 0.133889
vn 0.791948 0.604709 0.084533
vn 0.791948 0.604709 0.084533
vn 0.791948 0.604709 0.084533
vn 0.791948 0.604709 0.084533
vn 0.977736 -0.204740 -0.045966
vn 0.977737 -0.204740 -0.045966
vn 0.977736 -0.204740 -0.045966
vn 0.977737 -0.204740 -0.045966
vn -0.168652 0.596765 0.784492
vn -0.168652 0.596765 0.784492
vn -0.263522 0.520484 0.812190
vn -0.263522 0.520484 0.812190
vn -0.169371 0.546166 0.820376
vn -0.169373 0.546166 0.820376
vn -0.073607 0.566608 0.820693
vn -0.073607 0.566608 0.820693
vn -0.971241 -0.235284 -0.036508
vn -0.971241 -0.235284 -0.036508
vn -0.880699 -0.445147 -0.161907
vn -0.880699 -0.445147 -0.161907
vn -0.880699 -0.445147 -0.161907
vn -0.880699 -0.445147 -0.161907
vn -0.905867 0.127204 0.404010
vn -0.905867 0.127204 0.404010
vn -0.905867 0.127204 0.404010
vn -0.905867 0.127204 0.404010
vn 0.175452 -0.603051 -0.778169
vn 0.278999 -0.627218 -0.727157
vn 0.278999 -0.627218 -0.727157
vn 0.190655 -0.651337 -0.734446
vn 0.190562 -0.651359 -0.734450
vn 0.100589 -0.669979 -0.735534
vn 0.100589 -0.669979 -0.735534
vn 0.782325 0.529958 0.327279
vn 0.782325 0.529958 0.327279
vn 0.782325 0.529958 0.327279
vn 0.782325 0.529958 0.327279
vn 0.710929 0.517571 0.476131
vn 0.710929 0.517571 0.476131
vn 0.710929 0.517571 0.476131
vn 0.710928 0.517571 0.476131
vn 0.996995 0.008995 -0.076946
vn 0.996995 0.008995 -0.076946
vn 0.996995 0.008995 -0.076946
vn 0.996995 0.008995 -0.076946
vn -0.579206 -0.222081 -0.784347
vn -0.887302 -0.348523 -0.302037
vn -0.893768 -0.334235 0.299109
vn 0.937177 0.072069 -0.341329
vn 0.267434 0.059094 -0.961762
vn 0.614599 -0.043110 0.787661
vn 0.963917 0.009369 0.266038
vn -0.281950 -0.141003 0.949011
vn 0.824009 0.059879 -0.563404
vn 0.842951 -0.467808 -0.265687
vn 0.545821 -0.831081 0.106701
vn -0.394014 0.915955 0.076022
vn 0.252593 0.791404 -0.556665
vn -0.654694 -0.021611 0.755585
vn -0.639830 0.561362 0.524871
vn -0.206375 -0.776074 0.595918
vn 0.690317 -0.539083 0.482548
vn 0.690317 -0.539083 0.482548
vn 0.690317 -0.539083 0.482548
vn 0.690317 -0.539083 0.482548
vn 0.740294 -0.536644 0.404943
vn 0.155310 -0.515412 0.842751
vn -0.599207 -0.489211 0.633738
vn 0.726648 -0.681415 -0.087501
vn -0.840888 -0.357148 0.406635
vn -0.840888 -0.357148 0.406635
vn -0.771746 -0.605012 0.195880
vn 0.768678 -0.037213 -0.638553
vn -0.284229 -0.096256 0.953912
vn -0.785179 -0.249246 0.566895
vn -0.785179 -0.249246 0.566895
vn -0.283389 -0.095997 0.954188
vn -0.939861 -0.291494 -0.178023
vn -0.939861 -0.291494 -0.178023
vn -0.939861 -0.291494 -0.178023
vn -0.939861 -0.291494 -0.178023
vn -0.874655 -0.259710 -0.409304
vn -0.874655 -0.259710 -0.409304
vn -0.874655 -0.259710 -0.409304
vn -0.874655 -0.259710 -0.409304
vn -0.252321 -0.003620 -0.967637
vn 0.260276 0.167515 -0.950892
vn 0.260309 0.167525 -0.950881
vn -0.252321 -0.003620 -0.967637
vn 0.591570 0.263164 -0.762096
vn 0.591570 0.263165 -0.762095
vn 0.908727 0.303022 0.287044
vn 0.908727 0.303022 0.287044
vn 0.908727 0.303022 0.287044
vn 0.908727 0.303022 0.287044
vn 0.901004 0.299275 0.314047
vn 0.901004 0.299275 0.314047
vn 0.901004 0.299275 0.314047
vn 0.901004 0.299275 0.314047
vn 0.180625 0.048373 0.982362
vn 0.180625 0.048373 0.982362
vn -0.274855 -0.799854 0.533562
vn 0.186444 -0.939187 0.288384
vn 0.186444 -0.939187 0.288384
vn -0.274884 -0.799836 0.533574
vn 0.770769 -0.583339 -0.256185
vn 0.770769 -0.583339 -0.256185
vn 0.770769 -0.583339 -0.256185
vn 0.770769 -0.583339 -0.256185
vn 0.831993 -0.392334 -0.392253
vn 0.831993 -0.392334 -0.392253
vn 0.831993 -0.392334 -0.392253
vn 0.831993 -0.392334 -0.392253
vn 0.683747 0.304328 -0.663230
vn 0.235545 0.771489 -0.591036
vn 0.234859 0.771906 -0.590764
vn 0.683747 0.304328 -0.663230
vn -0.174938 0.912786 -0.369077
vn -0.174938 0.912786 -0.369077
vn -0.815907 0.496024 0.297080
vn -0.815907 0.496024 0.297080
vn -0.815907 0.496024 0.297080
vn -0.815907 0.496024 0.297080
vn -0.823152 0.473749 0.313022
vn -0.823152 0.473749 0.313022
vn -0.823152 0.473749 0.313022
vn -0.823152 0.473749 0.313022
vn -0.565457 -0.548301 0.616136
vn -0.565457 -0.548301 0.616137
s 1
g pCube1
usemtl pCube1SG
f 101/1/1 1/2/2 98/3/3 97/4/4
f 99/5/5 2/6/6 103/7/7 102/8/8
f 104/9/9 3/10/10 107/11/11 106/12/12
s 3
f 114/13/13 5/14/14 111/15/15 110/16/16
f 112/17/17 6/18/18 116/19/19 115/20/20
f 117/21/21 7/22/22 120/23/23 119/24/24
f 126/25/25 9/26/26 113/27/27 123/28/28
f 124/29/29 10/30/30 118/31/31 127/32/32
f 128/33/33 11/34/34 122/35/35 130/36/36
f 136/424/37 13/38/38 125/39/39 133/474/40
f 141/401/41 85/42/42 138/43/43 137/473/44
f 145/413/45 15/477/46 132/47/47 142/472/48
f 149/49/49 17/50/50 135/51/51 146/52/52
f 147/53/53 18/54/54 151/470/55 150/56/56
f 152/57/57 19/58/58 144/59/59 154/60/60
f 160/61/61 21/62/62 148/63/63 157/64/64
f 158/65/65 22/66/66 153/67/67 161/68/68
f 162/69/69 23/70/70 156/71/71 164/72/72
f 171/73/73 90/74/74 168/75/75 167/76/76
f 169/77/77 91/78/78 173/79/79 172/80/80
f 174/81/81 92/82/82 177/83/83 176/84/84
s 10
f 184/85/85 49/86/86 181/87/87 180/88/88
s 1
f 187/464/89 30/90/90 175/91/91 185/469/92
s 12
f 192/93/93 53/94/94 189/95/95 188/96/96
s off
f 108/97/97 4/98/98 194/99/99 193/100/100
s 3
f 121/101/101 8/102/102 197/103/103 196/104/104
s 13
f 378/105/105 377/106/106 379/107/107 380/108/108
s off
f 171/73/109 29/109/110 204/110/111 203/111/112
s 3
f 160/61/61 25/112/113 207/113/114 206/114/115
s 14
f 386/501/116 387/116/117 388/117/118 389/118/119
s 15
f 216/119/120 29/109/121 170/120/122 213/121/123
s 1
f 214/122/124 30/90/90 187/464/89 217/123/125
f 218/124/126 2/6/6 98/3/127 220/125/128
s 17
f 221/126/129 1/2/130 204/462/131 223/127/132
s 18
f 228/128/133 31/129/134 179/130/135 225/131/136
s 19
f 226/132/137 32/133/138 194/460/139 229/134/140
s 1
f 230/135/141 4/98/142 107/11/143 232/136/144
f 233/137/145 3/10/10 186/458/146 235/139/147
s 21
f 240/140/148 33/141/149 215/142/150 237/143/151
f 238/144/152 34/145/153 219/454/154 241/147/155
f 242/148/156 35/149/157 222/150/158 244/151/159
f 245/152/160 36/153/161 224/447/162 247/155/163
s 22
f 252/156/164 37/157/165 227/158/166 249/159/167
f 250/160/168 38/161/169 231/441/170 253/163/171
f 254/164/172 39/165/173 234/166/174 256/167/175
f 257/168/176 40/169/177 236/434/178 259/171/179
s 23
f 263/524/180 41/479/181 239/174/182 261/528/183
s off
f 262/176/184 42/177/185 243/178/186 264/527/187
s 24
f 270/511/188 58/181/189 267/182/190 266/525/191
s off
f 272/516/192 44/448/193 248/186/194 271/523/195
s 25
f 275/518/196 45/478/197 251/190/198 273/522/199
s off
f 274/192/200 46/193/201 255/194/202 276/521/203
s 26
f 282/505/204 62/197/205 279/198/206 278/519/207
s off
f 284/510/208 48/435/209 260/202/210 283/517/211
s 27
f 287/204/212 43/450/213 246/206/214 285/207/215
s off
f 286/208/216 44/448/217 272/516/218 288/209/219
s 10
f 289/210/220 52/211/221 183/212/222 290/213/223
s 28
f 291/214/224 51/215/225 265/513/226 292/217/227
s 29
f 295/218/228 47/437/229 258/220/230 293/221/231
s off
f 294/222/232 48/435/233 284/510/234 296/223/235
s 12
f 297/224/236 56/225/237 191/226/238 298/227/239
s 30
f 299/228/240 55/229/241 277/507/242 300/231/243
s 3
f 304/232/244 12/233/245 198/430/246 301/235/247
f 302/236/248 24/237/249 155/238/250 305/239/251
f 306/240/252 20/241/253 143/428/254 308/243/255
f 309/244/256 16/245/257 131/246/258 311/247/259
f 316/248/260 21/62/62 208/426/261 313/250/262
f 314/251/263 9/26/26 126/25/25 317/252/264
f 318/253/265 13/38/38 136/424/37 320/254/266
f 321/255/267 17/50/50 149/49/49 323/256/268
f 327/257/269 66/258/270 303/422/271 325/260/272
f 326/261/273 65/262/274 307/263/275 328/264/276
f 329/265/277 67/266/278 310/420/279 330/268/280
f 331/269/281 68/270/282 312/271/283 332/272/284
f 335/273/285 69/274/286 315/418/287 333/276/288
f 334/277/289 70/278/290 319/279/291 336/280/292
f 337/281/293 71/282/294 322/416/295 338/284/296
f 339/285/297 72/286/298 324/287/299 340/288/300
s off
f 344/289/301 14/480/302 129/291/303 341/292/304
s 3
f 342/293/305 15/46/306 145/414/45 345/294/307
f 346/295/308 19/471/58 151/55/309 348/296/310
f 349/297/311 18/475/54 134/410/312 351/299/313
f 355/300/314 81/301/315 343/302/316 353/303/317
f 354/304/318 82/305/319 347/406/320 356/307/321
f 357/308/322 83/309/323 350/310/324 358/311/325
f 359/312/326 84/313/327 352/403/328 360/315/329
f 363/316/330 90/74/74 205/400/331 361/318/332
f 363/316/330 25/112/113 159/319/333 364/320/334
f 365/321/335 26/322/336 163/323/337 366/324/338
f 367/325/339 27/326/340 166/327/341 368/328/342
f 371/329/343 94/330/344 195/397/345 370/332/346
f 373/333/347 95/334/348 109/335/349 372/336/350
f 375/337/351 96/338/352 105/339/353 374/340/354
f 362/341/355 89/342/356 100/343/357 376/344/358
s 1
f 98/3/3 2/6/6 99/5/5 97/4/4
s 3
f 99/5/359 96/338/352 100/343/357 97/4/360
f 100/343/357 89/342/356 101/1/361 97/4/360
s 1
f 103/7/7 3/10/10 104/9/9 102/8/362
s 3
f 104/9/363 95/334/348 105/339/353 102/8/364
f 105/339/353 96/338/352 99/5/359 102/8/364
s 1
f 107/11/11 4/98/365 108/97/366 106/12/12
s 3
f 108/97/367 94/330/344 109/335/349 106/12/368
f 109/335/349 95/334/348 104/9/363 106/12/368
f 111/15/15 6/18/18 112/17/17 110/16/16
f 112/17/17 10/30/30 113/27/27 110/16/16
f 113/27/27 9/26/26 114/13/13 110/16/16
f 116/19/19 7/22/22 117/21/21 115/20/20
f 117/21/21 11/34/34 118/31/31 115/20/20
f 118/31/31 10/30/30 112/17/17 115/20/20
f 120/23/23 8/102/102 121/101/101 119/24/24
f 121/101/101 12/233/245 122/35/35 119/24/24
f 122/35/35 11/34/34 117/21/21 119/24/24
f 113/27/27 10/30/30 124/29/29 123/28/28
f 124/29/29 14/290/369 125/39/39 123/28/28
f 125/39/39 13/38/38 126/25/25 123/28/28
f 118/31/31 11/34/34 128/33/33 127/32/32
f 128/33/33 15/477/46 129/476/370 127/32/32
f 129/476/370 14/290/369 124/29/29 127/32/32
f 122/35/35 12/233/245 131/246/258 130/36/36
f 131/246/258 16/245/257 132/47/47 130/36/36
f 132/47/47 15/477/46 128/33/33 130/36/36
f 125/39/39 14/290/369 134/408/312 133/474/40
f 134/409/312 18/54/54 135/51/51 133/40/40
f 135/51/51 17/50/50 136/37/37 133/40/40
f 138/43/43 86/345/371 139/346/372 137/473/44
f 139/404/372 87/347/373 140/348/374 137/44/44
f 140/348/374 88/349/375 141/41/41 137/44/44
f 132/47/47 16/245/257 143/242/254 142/472/48
f 143/428/254 20/241/253 144/59/59 142/48/48
f 144/59/59 19/58/58 145/412/45 142/48/48
f 135/51/51 18/54/54 147/53/53 146/52/52
f 147/53/53 22/66/66 148/63/63 146/52/52
f 148/63/63 21/62/62 149/49/49 146/52/52
f 151/470/55 19/58/58 152/57/57 150/56/56
f 152/57/57 23/70/70 153/67/67 150/56/56
f 153/67/67 22/66/66 147/53/53 150/56/56
f 144/59/59 20/241/253 155/238/250 154/60/60
f 155/238/250 24/237/249 156/71/71 154/60/60
f 156/71/71 23/70/70 152/57/57 154/60/60
f 148/63/63 22/66/66 158/65/65 157/64/64
f 158/65/65 26/322/336 159/319/333 157/64/64
f 159/319/333 25/112/113 160/61/61 157/64/64
f 153/67/67 23/70/70 162/69/69 161/68/68
f 162/69/69 27/326/340 163/323/337 161/68/68
f 163/323/337 26/322/336 158/65/65 161/68/68
f 156/71/71 24/237/249 165/350/376 164/72/72
f 165/350/376 28/351/377 166/327/341 164/72/72
f 166/327/341 27/326/340 162/69/69 164/72/72
f 168/75/75 91/78/78 169/77/77 167/76/76
s 1
f 169/77/378 30/90/90 170/120/379 167/76/380
f 170/120/379 29/109/381 171/73/382 167/76/380
s 3
f 173/79/79 92/82/82 174/81/81 172/80/80
s 1
f 174/81/383 31/129/384 175/91/91 172/80/385
f 175/91/91 30/90/90 169/77/378 172/80/386
s 3
f 177/83/83 93/352/387 178/353/388 176/84/84
s 1
f 178/353/389 32/133/390 179/130/391 176/84/392
f 179/130/391 31/129/384 174/81/383 176/84/392
s 10
f 181/87/87 50/354/393 182/355/394 180/88/88
f 182/355/394 51/215/395 183/212/222 180/88/88
f 183/212/222 52/211/221 184/85/85 180/88/88
s 1
f 175/91/91 31/129/384 186/138/146 185/469/92
f 186/458/146 3/10/10 103/7/7 185/92/92
f 103/7/7 2/6/6 187/89/89 185/92/92
s 12
f 189/95/95 54/356/396 190/357/397 188/96/96
f 190/357/397 55/229/398 191/226/238 188/96/96
f 191/226/238 56/225/237 192/93/93 188/96/96
s off
f 194/460/399 32/133/400 178/353/401 193/468/402
s 3
f 178/353/388 93/352/387 195/331/345 193/468/403
f 195/397/345 94/330/344 108/97/367 193/100/403
f 197/395/103 28/351/377 165/350/376 196/467/104
f 165/350/376 24/237/249 198/234/404 196/467/104
f 198/430/404 12/233/245 121/101/101 196/104/104
s 41
f 379/107/405 381/358/406 382/503/407 380/108/408
f 382/359/407 383/360/409 384/361/410 380/108/408
s 13
f 384/361/411 385/362/412 378/105/105 380/108/108
s off
f 204/462/413 1/2/414 101/1/415 203/466/416
s 3
f 101/1/361 89/342/356 205/317/331 203/466/417
f 205/400/331 90/74/74 171/73/73 203/111/417
f 207/398/114 5/14/14 114/13/13 206/465/115
f 114/13/13 9/26/26 208/249/418 206/465/115
f 208/426/418 21/62/62 160/61/61 206/114/115
s 42
f 388/117/419 390/363/420 391/364/421 389/118/422
f 391/364/421 392/365/423 393/366/424 389/118/422
s 14
f 393/366/425 394/367/426 386/115/116 389/118/119
s 15
f 170/120/122 30/90/427 214/122/428 213/121/123
f 214/122/428 34/145/429 215/142/430 213/121/123
f 215/142/430 33/141/431 216/119/120 213/121/123
s 1
f 187/89/89 2/6/6 218/124/126 217/463/432
f 218/124/126 35/149/433 219/146/434 217/463/432
f 219/454/435 34/145/436 214/122/124 217/123/125
f 98/3/127 1/2/437 221/126/438 220/125/128
f 221/126/438 36/153/439 222/150/440 220/125/128
f 222/150/440 35/149/441 218/124/126 220/125/128
s 43
f 204/110/442 29/109/443 216/119/444 223/461/445
f 216/119/444 33/141/446 224/154/447 223/461/445
s 17
f 224/447/448 36/153/449 221/126/129 223/127/132
s 18
f 179/130/135 32/133/450 226/132/451 225/131/136
f 226/132/451 38/161/452 227/158/453 225/131/136
f 227/158/453 37/157/454 228/128/133 225/131/136
s 44
f 194/99/455 4/98/456 230/135/457 229/459/458
f 230/135/457 39/165/459 231/162/460 229/459/458
s 19
f 231/441/461 38/161/462 226/132/137 229/134/140
s 1
f 107/11/143 3/10/10 233/137/145 232/136/144
f 233/137/145 40/169/463 234/166/464 232/136/144
f 234/166/464 39/165/465 230/135/141 232/136/144
f 186/138/146 31/129/384 228/128/466 235/457/467
f 228/128/466 37/157/468 236/170/469 235/457/467
f 236/434/470 40/169/471 233/137/145 235/139/147
s 21
f 215/142/150 34/145/153 238/144/152 237/143/151
f 238/144/152 42/456/472 239/455/473 237/143/151
f 239/455/473 41/173/474 240/140/148 237/143/151
f 219/146/154 35/149/157 242/148/156 241/453/155
f 242/148/156 43/205/475 243/451/476 241/453/155
f 243/452/476 42/456/472 238/144/152 241/147/155
f 222/150/158 36/153/161 245/152/160 244/151/159
f 245/152/160 44/185/477 246/449/478 244/151/159
f 246/449/478 43/205/475 242/148/156 244/151/159
f 224/154/162 33/141/149 240/140/148 247/446/163
f 240/140/148 41/173/474 248/444/479 247/446/163
f 248/445/479 44/185/477 245/152/160 247/155/163
s 22
f 227/158/166 38/161/169 250/160/168 249/159/167
f 250/160/168 46/443/480 251/442/481 249/159/167
f 251/442/481 45/189/482 252/156/164 249/159/167
f 231/162/170 39/165/173 254/164/172 253/440/171
f 254/164/172 47/219/483 255/438/484 253/440/171
f 255/439/484 46/443/480 250/160/168 253/163/171
f 234/166/174 40/169/177 257/168/176 256/167/175
f 257/168/176 48/201/485 258/436/486 256/167/175
f 258/436/486 47/219/483 254/164/172 256/167/175
f 236/170/178 37/157/165 252/156/164 259/433/179
f 252/156/164 45/189/482 260/431/487 259/433/179
f 260/432/487 48/201/485 257/168/176 259/171/179
s 23
f 239/174/182 42/177/488 262/176/489 261/528/183
s 45
f 262/526/490 50/354/491 181/87/492 261/175/493
f 181/87/492 49/86/494 263/172/495 261/175/493
s off
f 243/178/496 43/450/497 265/216/498 264/527/499
s 28
f 265/513/226 51/215/225 182/355/500 264/179/501
s off
f 182/355/502 50/354/503 262/526/504 264/179/505
s 24
f 267/182/190 57/368/506 268/369/507 266/525/191
s 46
f 268/514/508 59/370/509 269/371/510 266/183/511
f 269/371/510 60/372/512 270/180/513 266/183/511
s off
f 248/186/514 41/479/515 263/524/516 271/523/517
f 263/172/518 49/86/519 184/85/520 271/187/521
s 47
f 184/85/522 52/211/523 272/184/524 271/187/525
s 25
f 251/190/198 46/193/526 274/192/527 273/522/199
s 48
f 274/520/528 54/356/529 189/95/530 273/191/531
f 189/95/530 53/94/532 275/188/533 273/191/531
s off
f 255/194/534 47/437/535 277/230/536 276/521/537
s 30
f 277/507/242 55/229/241 190/357/538 276/195/539
s off
f 190/357/540 54/356/541 274/520/542 276/195/543
s 26
f 279/198/206 61/373/544 280/374/545 278/519/207
s 49
f 280/508/546 63/375/547 281/376/548 278/199/549
f 281/376/548 64/377/550 282/196/551 278/199/549
s off
f 260/202/552 45/478/553 275/518/554 283/517/555
f 275/188/556 53/94/557 192/93/558 283/203/559
s 50
f 192/93/560 56/225/561 284/200/562 283/203/563
s 27
f 246/206/214 44/448/564 286/208/565 285/207/215
s 51
f 286/208/566 57/368/567 267/182/568 285/207/569
f 267/182/568 58/181/570 287/204/571 285/207/569
s 47
f 272/184/524 52/211/523 289/210/572 288/515/573
s off
f 289/210/574 59/370/575 268/514/576 288/515/577
f 268/369/578 57/368/579 286/208/580 288/209/581
s 10
f 183/212/222 51/215/395 291/214/582 290/213/223
s 52
f 291/214/583 60/372/584 269/371/585 290/213/586
f 269/371/585 59/370/587 289/210/588 290/213/586
s off
f 265/216/589 43/450/590 287/204/591 292/512/592
f 287/204/593 58/181/594 270/511/595 292/512/596
f 270/180/597 60/372/598 291/214/599 292/217/600
s 29
f 258/220/230 48/435/601 294/222/602 293/221/231
s 53
f 294/222/603 61/373/604 279/198/605 293/221/606
f 279/198/605 62/197/607 295/218/608 293/221/606
s 50
f 284/200/562 56/225/561 297/224/609 296/509/610
s off
f 297/224/611 63/375/612 280/508/613 296/509/614
f 280/374/615 61/373/616 294/222/617 296/223/618
s 12
f 191/226/238 55/229/398 299/228/619 298/227/239
s 54
f 299/228/620 64/377/621 281/376/622 298/227/623
f 281/376/622 63/375/624 297/224/625 298/227/623
s off
f 277/230/626 47/437/627 295/218/628 300/506/629
f 295/218/630 62/197/631 282/505/632 300/506/633
f 282/196/634 64/377/635 299/228/636 300/231/637
s 3
f 198/234/246 24/237/249 302/236/248 301/429/247
f 302/236/248 65/262/274 303/259/271 301/429/247
f 303/422/271 66/258/270 304/232/244 301/235/247
f 155/238/250 20/241/253 306/240/252 305/239/251
f 306/240/252 67/266/278 307/263/275 305/239/251
f 307/263/275 65/262/274 302/236/248 305/239/251
f 143/242/254 16/245/257 309/244/256 308/427/255
f 309/244/256 68/270/282 310/267/279 308/427/255
f 310/420/279 67/266/278 306/240/252 308/243/255
f 131/246/258 12/233/245 304/232/244 311/247/259
f 304/232/244 66/258/270 312/271/283 311/247/259
f 312/271/283 68/270/282 309/244/256 311/247/259
f 208/249/261 9/26/26 314/251/263 313/425/262
f 314/251/263 70/278/290 315/275/287 313/425/262
f 315/418/287 69/274/286 316/248/260 313/250/262
f 126/25/25 13/38/38 318/253/265 317/252/264
f 318/253/265 71/282/294 319/279/291 317/252/264
f 319/279/291 70/278/290 314/251/263 317/252/264
f 136/37/37 17/50/50 321/255/267 320/423/266
f 321/255/267 72/286/298 322/283/295 320/423/266
f 322/416/295 71/282/294 318/253/265 320/254/266
f 149/49/49 21/62/62 316/248/260 323/256/268
f 316/248/260 69/274/286 324/287/299 323/256/268
f 324/287/299 72/286/298 321/255/267 323/256/268
f 303/259/271 65/262/274 326/261/273 325/421/272
f 326/261/273 73/497/638 199/498/639 325/421/272
f 199/499/639 74/500/640 327/257/269 325/260/272
f 307/263/275 67/266/278 329/265/277 328/264/276
f 329/265/277 75/495/641 200/496/642 328/264/276
f 200/496/642 73/497/638 326/261/273 328/264/276
f 310/267/279 68/270/282 331/269/281 330/419/280
f 331/269/281 76/492/643 201/493/644 330/419/280
f 201/494/644 75/495/641 329/265/277 330/268/280
f 312/271/283 66/258/270 327/257/269 332/272/284
f 327/257/269 74/500/640 202/491/645 332/272/284
f 202/491/645 76/492/643 331/269/281 332/272/284
f 315/275/287 70/278/290 334/277/289 333/417/288
f 334/277/289 78/490/646 209/488/647 333/417/288
f 209/489/647 77/482/648 335/273/285 333/276/288
f 319/279/291 71/282/294 337/281/293 336/280/292
f 337/281/293 79/487/649 210/486/650 336/280/292
f 210/486/650 78/490/646 334/277/289 336/280/292
f 322/283/295 72/286/298 339/285/297 338/415/296
f 339/285/297 80/485/651 211/483/652 338/415/296
f 211/484/652 79/487/649 337/281/293 338/284/296
f 324/287/299 69/274/286 335/273/285 340/288/300
f 335/273/285 77/482/648 212/481/653 340/288/300
f 212/481/653 80/485/651 339/285/297 340/288/300
s off
f 129/291/654 15/46/655 342/293/656 341/292/657
s 3
f 342/293/658 82/305/319 343/302/316 341/292/659
f 343/302/316 81/301/315 344/289/660 341/292/659
f 145/45/45 19/471/58 346/295/308 345/411/307
f 346/295/308 83/309/323 347/306/320 345/411/661
f 347/406/320 82/305/319 342/293/658 345/294/661
f 151/55/309 18/475/54 349/297/311 348/296/310
f 349/297/311 84/313/327 350/310/324 348/296/310
f 350/310/324 83/309/323 346/295/308 348/296/310
f 134/298/312 14/480/662 344/289/663 351/407/313
f 344/289/660 81/301/315 352/314/328 351/407/664
f 352/403/328 84/313/327 349/297/311 351/299/664
f 343/302/316 82/305/319 354/304/318 353/303/317
f 354/304/318 86/345/371 138/43/43 353/303/317
f 138/43/43 85/42/42 355/300/314 353/303/317
f 347/306/320 83/309/323 357/308/322 356/405/321
f 357/308/322 87/347/373 139/404/372 356/405/321
f 139/346/372 86/345/371 354/304/318 356/307/321
f 350/310/324 84/313/327 359/312/326 358/311/325
f 359/312/326 88/349/375 140/348/374 358/311/325
f 140/348/374 87/347/373 357/308/322 358/311/325
f 352/314/328 81/301/315 355/300/314 360/402/329
f 355/300/314 85/42/42 141/401/41 360/402/329
f 141/41/41 88/349/375 359/312/326 360/315/329
f 205/317/331 89/342/356 362/341/355 361/399/332
f 362/341/355 5/14/14 207/398/114 361/399/332
f 207/113/114 25/112/113 363/316/330 361/318/332
f 159/319/333 26/322/336 365/321/335 364/320/334
f 365/321/335 91/78/78 168/75/75 364/320/334
f 168/75/75 90/74/74 363/316/330 364/320/334
f 163/323/337 27/326/340 367/325/339 366/324/338
f 367/325/339 92/82/82 173/79/79 366/324/338
f 173/79/79 91/78/78 365/321/335 366/324/338
f 166/327/341 28/351/377 369/394/665 368/328/342
f 369/394/665 93/352/387 177/83/83 368/328/342
f 177/83/83 92/82/82 367/325/339 368/328/342
f 195/331/345 93/352/387 369/394/665 370/396/346
f 369/394/665 28/351/377 197/395/103 370/396/346
f 197/103/103 8/102/102 371/329/343 370/332/346
f 109/335/349 94/330/344 371/329/343 372/336/350
f 371/329/343 8/102/102 120/23/23 372/336/350
f 120/23/23 7/22/22 373/333/347 372/336/350
f 105/339/353 95/334/348 373/333/347 374/340/354
f 373/333/347 7/22/22 116/19/19 374/340/354
f 116/19/19 6/18/18 375/337/351 374/340/354
f 100/343/357 96/338/352 375/337/351 376/344/358
f 375/337/351 6/18/18 111/15/15 376/344/358
f 111/15/15 5/14/14 362/341/355 376/344/358
s 55
f 202/385/666 74/380/667 377/106/668 378/105/669
s off
f 74/380/670 199/379/671 379/107/672 377/106/673
f 199/379/674 73/378/675 381/358/676 379/107/677
s 56
f 73/378/678 200/504/679 382/503/680 381/358/681
f 200/382/679 75/381/682 383/360/683 382/359/680
s off
f 75/381/684 201/384/685 384/361/686 383/360/687
f 201/384/688 76/383/689 385/362/690 384/361/691
s 55
f 76/383/692 202/385/666 378/105/669 385/362/693
s 57
f 212/393/694 77/388/695 387/116/696 386/501/697
s off
f 77/388/698 209/387/699 388/117/700 387/116/701
f 209/387/702 78/386/703 390/363/704 388/117/705
s 58
f 78/386/706 210/390/707 391/364/708 390/363/709
f 210/390/707 79/389/710 392/365/711 391/364/708
s off
f 79/389/712 211/392/713 393/366/714 392/365/715
f 211/392/716 80/391/717 394/367/718 393/366/719
s 57
f 80/391/720 212/502/694 386/115/697 394/367/721
