# This file uses centimeters as units for non-parametric coordinates.

mtllib run_frame16.mtl
g default
v -18.612717 67.177269 -0.497598
v -5.513642 67.861855 2.169252
v 5.063301 69.051781 4.750528
v 18.783930 69.467949 5.730517
v -18.865541 94.183510 10.462562
v -5.979136 91.220093 18.222223
v 12.043610 92.066345 15.715932
v 22.151758 96.029839 4.910580
v -15.614816 122.729538 18.133236
v -4.489354 117.519066 24.082630
v 10.400259 118.987930 21.390476
v 17.674734 125.293587 11.941554
v -19.969189 130.869781 22.979254
v -5.119923 137.664017 21.161308
v 6.111460 138.669098 19.170296
v 21.896893 132.372864 15.295151
v -23.881582 132.267990 12.765731
v -9.290288 140.460968 10.129433
v 5.645436 141.938690 7.465018
v 21.826065 137.875549 8.085911
v -17.845001 124.630028 10.389778
v -9.139175 123.400734 1.556648
v 5.748397 124.864021 -1.135537
v 16.472729 129.619492 5.580822
v -20.718250 98.684860 -1.484268
v -8.266887 100.435333 -6.847117
v 6.737257 101.188103 -8.864543
v 20.252039 100.610657 -7.300549
v -16.498714 69.774269 -12.883677
v -3.309460 66.540665 -10.742457
v 5.801287 64.048523 -6.733254
v 19.235916 66.928658 -6.890436
v -12.383174 37.027180 -17.001923
v -4.866949 37.487583 -15.650742
v -6.859066 33.980045 -3.989961
v -14.333768 33.454426 -5.427271
v 9.799242 35.936081 8.355000
v 17.602453 36.044537 8.275363
v 17.846226 38.614113 18.648848
v 10.048246 38.477188 18.654875
v -9.988861 12.816161 -38.397240
v -2.713276 12.901584 -38.822998
v -1.849152 7.183159 -30.015974
v -9.156344 7.228819 -29.231834
v 6.012149 51.965992 -16.252409
v 13.367123 53.597027 -16.187094
v 15.740821 42.984787 -16.753525
v 8.399414 41.286072 -16.979940
v -11.044779 7.628105 -41.169601
v -2.301318 7.610923 -42.002590
v 0.651705 0.585568 -28.482037
v -11.056804 0.553682 -27.159538
v 5.151311 52.814571 -22.180462
v 13.942614 54.835403 -21.971767
v 18.744303 40.510185 -21.916456
v 7.270944 37.808224 -22.319801
v -8.080216 5.761898 -12.825104
v 1.140897 5.785930 -13.953226
v -7.986081 2.268743 -12.182000
v 1.234199 2.294889 -13.316835
v 11.876508 23.150631 -17.046265
v 20.908644 25.294363 -16.690229
v 12.040601 23.048491 -20.594114
v 21.072737 25.192223 -20.238079
v 24.992968 129.129135 -16.143452
v 22.883833 123.572159 -8.636418
v 34.431339 132.001663 -11.754578
v 32.775143 125.512360 -5.097006
v -26.905291 102.393021 18.537361
v -22.101639 109.504745 20.712540
v -31.424562 113.217758 24.473249
v -36.120296 107.933762 20.232349
v 33.233410 99.695511 -18.347803
v 29.994003 97.914444 -9.302813
v 36.618118 100.605515 -16.956419
v 33.378517 98.823700 -7.910348
v -17.289064 104.054893 47.809288
v -13.276023 112.773254 45.968903
v -16.526344 114.459587 46.869999
v -20.539387 105.741226 48.710388
v -7.610052 148.827774 26.132317
v 8.040623 149.251740 24.960621
v 9.800622 149.826004 8.608758
v -11.737712 148.932999 10.029321
v -8.182316 170.261307 25.273716
v 6.662271 170.700089 24.699451
v 5.547332 173.532745 7.027743
v -8.603743 173.114471 7.575180
v -19.492092 76.537125 1.423207
v -17.783585 78.509895 -11.192743
v -4.529082 78.789948 -12.338226
v 7.574873 77.540604 -11.194619
v 20.312283 76.906021 -7.326576
v 19.056036 76.306541 5.572015
v 6.566514 75.815704 8.441782
v -8.047017 75.929878 6.880351
v -13.934031 71.506432 3.744350
v -13.268584 67.094070 2.337797
v -7.218690 71.598045 5.302782
v -14.768180 76.099915 4.953499
v -19.194901 71.781860 0.505741
v -0.663933 72.167091 6.287851
v -0.443632 68.174812 5.114601
v 6.004131 72.427086 6.885111
v -0.732423 75.772049 7.698660
v 12.974785 72.941277 6.911759
v 12.838228 69.704201 7.062323
v 18.931190 72.905022 5.086871
v 13.541529 76.121880 7.894042
v -13.189074 105.291122 18.939194
v -13.857899 92.479813 14.941195
v -5.946115 104.310364 21.739729
v -12.328572 118.232483 21.851053
v -18.341663 106.542244 15.199436
v 3.374300 103.741165 20.146490
v 3.161047 91.349159 17.771038
v 12.565581 105.714920 18.713509
v 2.706334 118.548553 21.556398
v 18.140512 107.631752 13.867787
v 18.571838 93.990005 10.441175
v 21.723318 109.483467 8.924681
v 16.494322 120.914459 16.675865
v -11.525207 128.368866 23.595186
v -4.808538 130.374771 24.080128
v -13.442262 136.521133 23.411785
v -17.606201 126.045975 22.380833
v 1.776347 130.306595 22.822514
v 8.246919 131.670914 21.719196
v 0.595632 140.208603 22.456129
v 14.516613 130.667328 18.950724
v 20.284548 127.389786 13.988689
v 14.590394 138.711823 18.758442
v -15.327313 139.846405 17.955627
v -7.241166 141.542053 16.365761
v -18.081135 139.375732 11.460220
v -22.208809 132.200027 18.117615
v -1.013652 176.051178 22.686625
v -0.744205 170.485474 25.399094
v 7.416672 174.010208 18.250959
v -1.622889 173.964508 5.343661
v -10.563371 173.478928 18.964371
v 14.192683 142.127930 13.510757
v 22.226963 135.191284 11.672534
v 14.962351 142.306412 7.333179
v 5.862558 142.593887 14.161880
v -16.608747 132.809662 7.244714
v -9.646842 135.195587 5.403680
v -16.279715 122.985825 4.304117
v -21.914169 128.059982 9.794484
v -2.176886 135.930908 4.049682
v -1.763415 143.815155 8.561100
v 5.357018 136.703491 2.702066
v -1.686786 124.144371 0.216716
v 13.189438 136.026749 3.450484
v 19.225260 135.692703 5.781280
v 13.476233 126.141457 -0.766386
v -15.950907 111.220306 0.037188
v -8.531885 111.619530 -2.119530
v -15.788960 100.000221 -5.151544
v -20.496439 110.008415 4.009776
v -1.041022 112.212883 -3.327000
v 6.420740 112.856850 -4.602505
v -0.579634 100.627098 -7.938819
v 14.128064 113.599159 -4.854386
v 19.925749 113.139168 -2.593675
v 14.300569 101.388092 -9.315698
v -11.274152 74.645401 -13.626719
v -11.818933 78.873230 -13.098433
v -4.135797 74.554161 -12.663849
v -10.506628 70.421028 -14.285538
v -17.258526 74.115257 -11.972576
v 1.443314 73.811157 -11.718440
v 1.546842 78.310623 -11.693624
v 7.050112 72.612129 -11.092606
v 1.432330 69.119354 -11.451588
v 14.167727 71.964050 -10.402441
v 14.808902 77.150017 -10.360518
v 19.765635 71.859734 -7.636124
v 13.497840 66.656898 -9.423255
v -6.124418 4.040823 -36.005714
v -6.932847 8.790430 -43.871037
v -0.261509 4.485893 -36.612576
v -5.200496 0.377110 -27.797134
v -11.954103 4.518812 -35.459461
v 0.021875 65.905144 3.382709
v 5.907351 55.946732 3.343395
v -3.425291 56.382259 -7.276993
v 10.989320 47.675358 -22.266796
v 9.048260 56.125000 -21.980633
v 16.713915 49.044125 -22.101849
v 13.012124 39.151463 -22.109192
v 5.232644 46.379799 -22.419006
v 20.828911 72.297417 -1.505913
v 20.390188 68.097717 -0.860069
v 21.279968 76.595367 -1.074480
v 22.697319 110.878197 2.405910
v 23.149958 98.524651 -1.785673
v 16.893337 127.339584 7.377521
v 30.875259 98.593468 -13.984524
v 34.925621 100.239357 -18.664896
v 35.014343 99.706299 -12.283030
v 30.964123 98.060875 -7.603389
v -19.709061 72.985603 -6.352885
v -18.914633 68.493210 -7.328051
v -20.255575 77.586258 -5.472023
v -21.492002 107.546776 9.421165
v -21.990330 96.470741 4.439811
v -16.672081 122.472351 14.005223
v -14.561011 108.189346 46.678978
v -14.094655 114.551178 46.104660
v -18.535759 110.251526 47.780914
v -19.002115 103.889694 48.355232
v -9.151087 54.895523 -16.161577
v -5.228221 53.717403 -13.381756
v -8.277663 37.653557 -17.414103
v -14.206676 53.200745 -15.260108
v -4.621491 52.550949 -6.892626
v -7.526105 50.923012 -1.205246
v -4.474446 35.646915 -9.178471
v -12.226192 51.154926 0.113349
v -16.521894 50.378338 -3.094567
v -10.856285 33.093231 -2.302207
v -16.640842 51.844353 -9.413327
v -14.484722 34.962208 -11.019050
v 13.391442 51.044270 -2.063907
v 18.375584 50.761368 0.232986
v 13.517090 35.767467 7.398124
v 8.929606 50.820606 0.230791
v 19.579800 52.968204 6.309412
v 18.362425 54.953781 12.523762
v 18.784296 37.250385 13.754040
v 13.371522 56.523041 14.022779
v 8.921667 55.034050 12.534052
v 13.816980 39.110550 20.641310
v 7.224031 53.062695 6.348360
v 8.587047 37.146065 13.760312
v -7.667387 28.091803 -28.583069
v -3.674733 27.388317 -26.415108
v -6.518776 13.982802 -40.372501
v -11.851905 26.562122 -27.006323
v -2.132621 23.377352 -21.615156
v -3.550117 19.360146 -16.715639
v -1.139871 10.100438 -34.718941
v -7.541715 17.312887 -15.572817
v -11.789890 18.470224 -17.232264
v -5.206686 5.978357 -27.128227
v -13.109727 22.231846 -22.305216
v -10.900794 10.003563 -34.049088
v 10.847056 49.021408 1.425848
v 15.419399 47.845016 1.009813
v 9.302677 54.671932 -15.994365
v 7.151914 46.189114 1.356598
v 17.707136 42.120373 -1.085296
v 17.607023 35.889969 -2.686672
v 15.592004 48.855587 -16.723007
v 13.707818 33.403294 -3.388075
v 9.324775 34.296703 -2.235582
v 12.781276 39.237125 -16.711134
v 6.880373 39.959663 -0.521163
v 5.989926 46.698139 -16.841457
v -6.811619 11.637250 -42.773605
v -2.192879 10.470886 -40.919353
v -10.932051 10.457441 -40.159851
v -0.202453 7.304063 -35.737110
v 0.656668 3.385277 -28.171179
v -3.209901 5.899587 -11.271473
v -3.495791 6.738278 -13.567871
v -9.064116 5.874302 -10.551885
v -3.350103 1.332186 -12.572587
v 2.644312 5.924871 -11.991062
v -11.893648 7.359070 -34.633118
v -11.050643 3.375295 -26.814571
v 8.998805 56.069702 -19.003399
v 13.883411 54.782993 -19.072729
v 5.089023 52.778427 -19.241058
v 16.623667 49.030666 -19.325739
v 18.636257 40.542198 -19.112673
v 16.891817 22.151045 -17.060801
v 16.347645 24.250465 -15.896802
v 11.157132 20.789946 -17.286854
v 16.601601 24.092390 -21.387541
v 22.626499 23.512142 -16.834747
v 5.136095 46.390987 -19.596842
v 7.159504 37.845661 -19.524515
v -4.365183 5.264474 -20.647997
v -9.536714 5.257973 -20.032694
v 0.813520 5.286312 -21.238924
v -10.178047 2.635586 -19.719358
v -10.133512 -0.107595 -19.460604
v -4.280840 -0.088769 -20.186480
v 1.571989 -0.059624 -20.914169
v 1.530693 2.675458 -21.134333
v 14.582719 31.725958 -16.210135
v 9.514470 30.524593 -16.412748
v 19.652403 32.926579 -15.997429
v 8.968341 30.294220 -19.125708
v 9.094702 30.220228 -21.937595
v 14.830457 31.578951 -21.711645
v 20.569475 32.933243 -21.474243
v 20.440887 33.011341 -18.665625
v 19.744122 128.857101 -3.782901
v 20.563377 133.498322 -4.291412
v 22.610321 125.690491 -13.224794
v 21.348444 124.764900 -2.131193
v 24.177883 135.088501 -2.957924
v 28.575014 134.824951 -0.885668
v 29.452135 131.346497 -14.753293
v 29.478451 130.615570 0.496560
v 29.200583 126.217674 1.343764
v 34.528118 128.466354 -8.585546
v 25.077337 124.554123 -0.224097
v 27.158083 123.964195 -6.108037
v -20.872204 113.475594 16.526096
v -20.242680 114.201088 21.128252
v -23.092144 104.828247 19.783564
v -23.705450 114.233162 12.845567
v -23.207794 116.389236 23.530277
v -27.316111 119.046745 24.389284
v -25.898582 112.041039 22.528233
v -29.568972 119.522507 20.408276
v -30.776789 119.030258 15.947491
v -34.463802 110.379471 23.156952
v -27.378426 116.410255 13.332875
v -31.712011 104.505363 18.534975
v 24.152884 115.906708 -13.695823
v 27.359495 117.665451 -17.870766
v 24.081966 115.294189 -8.426972
v 31.473103 119.222054 -17.368309
v 36.129772 120.279274 -14.399467
v 34.918015 118.919571 -9.463105
v 32.882072 117.660866 -4.895545
v 27.511330 116.089798 -5.820631
v -18.833813 105.650078 28.736862
v -18.221607 110.916809 28.336895
v -22.670729 101.746414 29.632242
v -21.434595 113.762169 29.135244
v -26.802319 114.991470 30.644640
v -29.519064 110.470665 31.245043
v -31.512730 105.782593 31.277744
v -27.033535 102.551598 30.283463
v 1.113180 140.912598 27.913004
v 6.186123 144.060333 19.167791
v 0.473278 148.639114 28.439480
v -6.191642 143.360229 20.897476
v 8.108754 144.786240 15.218117
v 4.796582 145.622742 10.313100
v 11.650968 149.636154 16.564295
v -1.615937 146.412231 8.257889
v -7.510573 144.864594 12.078856
v -1.064820 149.566788 8.564198
v -9.206208 143.801544 17.609867
v -12.441420 148.901352 18.376217
v -0.366361 162.487091 28.436266
v 10.199037 164.472046 25.162476
v -11.299298 163.836594 25.994143
v 11.373789 165.001862 15.580677
v 9.405586 164.070465 6.931847
v -1.322336 163.562027 5.164522
v -11.893091 163.440918 7.755791
v -13.239337 164.274323 16.532841
v -21.049103 87.946205 -3.600128
v -19.815567 86.916306 3.120987
v -18.588802 88.858261 -9.354670
v -12.844496 89.342651 -11.690336
v -5.353366 89.109467 -11.490324
v 1.351183 89.607292 -10.825080
v 8.235455 88.941376 -10.352426
v 15.676815 88.781723 -9.263578
v 21.122360 88.011108 -5.947164
v 22.329519 86.992981 0.332513
v 19.919336 85.950455 6.906805
v 14.857598 85.984390 10.719283
v 8.504194 85.245827 12.381777
v -0.450437 86.313354 11.784640
v -9.766605 85.572075 10.582287
v -15.486574 86.533798 8.103853
v 33.694374 84.464417 -10.115687
v 34.802914 84.638702 -8.250002
v 34.980427 85.290344 -15.057913
v 36.997845 85.832733 -14.228593
v 37.207363 86.396599 -19.925156
v 39.098873 87.001534 -20.245785
v 41.016666 87.420769 -18.359228
v 39.280052 86.446335 -13.290422
v 37.503677 85.488579 -8.549759
v -14.999789 104.385269 61.730251
v -13.087922 104.536263 61.123199
v -10.446756 109.184151 59.985413
v -12.339001 110.165886 60.510006
v -8.736219 113.990364 59.127499
v -9.678204 115.946487 59.289753
v -12.394295 115.888252 60.141632
v -14.575673 111.326309 61.130081
v -16.745983 106.434135 62.137337
vt 0.208431 0.494797
vt 0.208575 0.478116
vt 0.229443 0.475893
vt 0.229271 0.493426
vt 0.252729 0.492198
vt 0.256170 0.471571
vt 0.275357 0.475888
vt 0.275429 0.493819
vt 0.298111 0.492176
vt 0.294163 0.471736
vt 0.321331 0.475953
vt 0.321541 0.493432
vt 0.198757 0.641525
vt 0.200055 0.589825
vt 0.221664 0.590600
vt 0.219751 0.640956
vt 0.244967 0.639373
vt 0.247968 0.591507
vt 0.275466 0.591669
vt 0.275481 0.635804
vt 0.305994 0.639365
vt 0.302966 0.591494
vt 0.329276 0.590573
vt 0.331197 0.640955
vt 0.199789 0.728809
vt 0.197393 0.704590
vt 0.219517 0.692482
vt 0.227784 0.730211
vt 0.252859 0.733034
vt 0.249003 0.687406
vt 0.275511 0.688085
vt 0.275516 0.730408
vt 0.298175 0.733010
vt 0.302021 0.687396
vt 0.331536 0.692451
vt 0.323246 0.730162
vt 0.805511 0.686057
vt 0.204711 0.752714
vt 0.229559 0.760254
vt 0.782889 0.696424
vt 0.784986 0.875584
vt 0.254181 0.941082
vt 0.275435 0.940431
vt 0.742298 0.896742
vt 0.699334 0.736241
vt 0.297037 0.807427
vt 0.321459 0.760204
vt 0.696358 0.696343
vt 0.808954 0.641287
vt 0.805193 0.664541
vt 0.784300 0.671779
vt 0.785729 0.644267
vt 0.763331 0.647822
vt 0.762442 0.673765
vt 0.742276 0.741120
vt 0.739609 0.647377
vt 0.715889 0.647774
vt 0.716786 0.673709
vt 0.694936 0.671695
vt 0.693494 0.644181
vt 0.806875 0.557726
vt 0.810121 0.617205
vt 0.790367 0.607046
vt 0.787575 0.557696
vt 0.763367 0.556090
vt 0.764746 0.603486
vt 0.739627 0.603152
vt 0.739688 0.556093
vt 0.716014 0.556064
vt 0.714496 0.603455
vt 0.688836 0.606971
vt 0.691820 0.557642
vt 0.803405 0.420481
vt 0.802841 0.435733
vt 0.782960 0.432290
vt 0.783371 0.416064
vt 0.759505 0.410786
vt 0.759570 0.428509
vt 0.739756 0.426992
vt 0.739743 0.409699
vt 0.720007 0.410786
vt 0.719946 0.428500
vt 0.696571 0.432245
vt 0.696182 0.416016
vt 0.819305 0.093413
vt 0.797386 0.086157
vt 0.790779 0.072322
vt 0.822344 0.073237
vt 0.265809 0.416173
vt 0.762697 0.377789
vt 0.739788 0.389948
vt 0.275377 0.462947
vt 0.364323 0.097210
vt 0.342669 0.089884
vt 0.336664 0.075169
vt 0.367299 0.076188
vt 0.342559 0.494848
vt 0.342402 0.478170
vt 0.366070 0.480227
vt 0.366198 0.495669
vt 0.352247 0.641476
vt 0.350872 0.589816
vt 0.374237 0.588973
vt 0.374011 0.638442
vt 0.936729 0.462892
vt 0.940585 0.464321
vt 0.946953 0.476690
vt 0.936605 0.482861
vt 0.804780 0.405462
vt 0.824266 0.410023
vt 0.823186 0.423812
vt 0.805355 0.509178
vt 0.825584 0.509339
vt 0.825621 0.554997
vt 0.118742 0.522844
vt 0.058006 0.517789
vt 0.074507 0.510871
vt 0.084702 0.516921
vt 0.822269 0.350445
vt 0.784755 0.399833
vt 0.805305 0.347137
vt 0.793942 0.336256
vt 0.777469 0.322538
vt 0.236211 0.409364
vt 0.220899 0.415267
vt 0.203041 0.415110
vt 0.182178 0.419746
vt 0.685950 0.336155
vt 0.717407 0.377787
vt 0.694840 0.399772
vt 0.674409 0.347030
vt 0.657366 0.350391
vt 0.674734 0.405426
vt 0.637625 0.358046
vt 0.347747 0.415166
vt 0.329799 0.415381
vt 0.314324 0.409429
vt 0.706215 0.336018
vt 0.292514 0.404556
vt 0.870618 0.237836
vt 0.844433 0.293934
vt 0.832214 0.287148
vt 0.858351 0.228645
vt 0.844944 0.223065
vt 0.821107 0.280742
vt 0.243727 0.342391
vt 0.826584 0.212775
vt 0.214622 0.282882
vt 0.224361 0.346790
vt 0.210147 0.349538
vt 0.199596 0.284960
vt 0.184434 0.288656
vt 0.194986 0.352422
vt 0.864110 0.304875
vt 0.163133 0.290367
vt 0.634803 0.222910
vt 0.658751 0.280554
vt 0.647480 0.287052
vt 0.621343 0.228556
vt 0.609012 0.237734
vt 0.635143 0.293889
vt 0.375465 0.356065
vt 0.590820 0.249121
vt 0.366326 0.288752
vt 0.355651 0.352469
vt 0.340563 0.349608
vt 0.351134 0.285011
vt 0.336042 0.282967
vt 0.326383 0.346874
vt 0.678330 0.268182
vt 0.315081 0.275917
vt 0.789900 0.091626
vt 0.894734 0.181072
vt 0.223763 0.023658
vt 0.779683 0.072008
vt 0.205625 0.023651
vt 0.212375 0.030485
vt 0.208733 0.046428
vt 0.818124 0.043214
vt 0.919973 0.054113
vt 0.218394 0.124576
vt 0.231547 0.124829
vt 0.925982 0.076298
vt 0.853028 0.105343
vt 0.173602 0.224408
vt 0.245023 0.044913
vt 0.815784 0.102925
vt 0.335499 0.095534
vt 0.609223 0.166963
vt 0.147562 0.023794
vt 0.325939 0.074804
vt 0.129108 0.019171
vt 0.133886 0.026698
vt 0.125138 0.040618
vt 0.363323 0.044920
vt 0.461211 0.056389
vt 0.114656 0.083148
vt 0.128082 0.110700
vt 0.466974 0.079440
vt 0.396801 0.109583
vt 0.345740 0.218419
vt 0.158805 0.046562
vt 0.361009 0.107136
vt 0.212264 0.093809
vt 0.204982 0.218327
vt 0.226791 0.056935
vt 0.229179 0.093286
vt 0.246067 0.092223
vt 0.255137 0.092099
vt 0.884191 0.095549
vt 0.853655 0.095653
vt 0.854753 0.074189
vt 0.884265 0.075061
vt 0.885799 0.054616
vt 0.855335 0.052709
vt 0.203340 0.068369
vt 0.888472 0.044995
vt 0.116537 0.064410
vt 0.377147 0.224500
vt 0.136900 0.057215
vt 0.135301 0.068971
vt 0.159593 0.072808
vt 0.169578 0.075371
vt 0.426769 0.099419
vt 0.397393 0.099512
vt 0.398467 0.077209
vt 0.426850 0.078134
vt 0.428347 0.056895
vt 0.399054 0.054890
vt 0.111199 0.052142
vt 0.430928 0.046902
vt 0.398347 0.732496
vt 0.353774 0.704759
vt 0.655189 0.607952
vt 0.404645 0.715309
vt 0.625247 0.642548
vt 0.669008 0.617360
vt 0.670290 0.641156
vt 0.629866 0.657272
vt 0.633967 0.675274
vt 0.674058 0.664432
vt 0.345812 0.774768
vt 0.637449 0.692485
vt 0.387906 0.765553
vt 0.346295 0.752641
vt 0.351218 0.728717
vt 0.392980 0.747350
vt 0.854032 0.642643
vt 0.181252 0.694641
vt 0.859345 0.625630
vt 0.152631 0.732602
vt 0.157999 0.747449
vt 0.163074 0.765647
vt 0.167481 0.783084
vt 0.845329 0.675366
vt 0.849419 0.657366
vt 0.462802 0.754848
vt 0.433121 0.744888
vt 0.586158 0.633072
vt 0.469035 0.736153
vt 0.562716 0.661102
vt 0.591598 0.653084
vt 0.596668 0.669873
vt 0.567525 0.676181
vt 0.573571 0.695803
vt 0.602326 0.689166
vt 0.414557 0.801264
vt 0.575415 0.714705
vt 0.450039 0.789809
vt 0.420413 0.781867
vt 0.427222 0.762131
vt 0.457315 0.770152
vt 0.916571 0.661069
vt 0.887682 0.653104
vt 0.112049 0.724515
vt 0.922852 0.642462
vt 0.088177 0.754903
vt 0.117860 0.744959
vt 0.123753 0.762207
vt 0.093657 0.770210
vt 0.100926 0.789871
vt 0.130556 0.781946
vt 0.872833 0.708772
vt 0.104321 0.808576
vt 0.905760 0.695791
vt 0.876995 0.689207
vt 0.882631 0.669903
vt 0.911782 0.676158
vt 0.245118 0.820265
vt 0.256063 0.761423
vt 0.275458 0.816348
vt 0.275456 0.817082
vt 0.305796 0.819611
vt 0.322444 0.827635
vt 0.716707 0.746651
vt 0.742277 0.751635
vt 0.767846 0.746640
vt 0.232576 0.815700
vt 0.789238 0.746868
vt 0.242805 0.909093
vt 0.242913 0.847487
vt 0.275453 0.850080
vt 0.275444 0.899369
vt 0.308078 0.909112
vt 0.307992 0.847504
vt 0.685718 0.768892
vt 0.335635 0.923345
vt 0.710517 0.826756
vt 0.709025 0.772272
vt 0.742280 0.767854
vt 0.742288 0.823907
vt 0.774059 0.826743
vt 0.775535 0.772258
vt 0.216918 0.852154
vt 0.800161 0.835727
vt 0.803587 0.472219
vt 0.184266 0.511368
vt 0.823748 0.473030
vt 0.786007 0.508646
vt 0.783967 0.470951
vt 0.760849 0.468488
vt 0.762764 0.507838
vt 0.739729 0.507585
vt 0.739749 0.469813
vt 0.718652 0.468468
vt 0.716699 0.507812
vt 0.693463 0.508589
vt 0.695538 0.470900
vt 0.347089 0.550471
vt 0.343449 0.511536
vt 0.656251 0.437958
vt 0.370672 0.549455
vt 0.305626 0.550928
vt 0.300328 0.509969
vt 0.323635 0.511057
vt 0.326613 0.553291
vt 0.245263 0.550946
vt 0.250519 0.509979
vt 0.275426 0.509223
vt 0.275447 0.553833
vt 0.203857 0.550446
vt 0.207534 0.511493
vt 0.227207 0.511082
vt 0.224277 0.553331
vt 0.296688 0.941095
vt 0.317831 0.963343
vt 0.722395 0.859395
vt 0.742293 0.859091
vt 0.762190 0.859387
vt 0.672412 0.557619
vt 0.673996 0.509116
vt 0.676597 0.435714
vt 0.676064 0.420456
vt 0.798456 0.058765
vt 0.820876 0.052919
vt 0.343747 0.061021
vt 0.365907 0.055032
vt 0.963235 0.483911
vt 0.902883 0.489040
vt 0.909072 0.482168
vt 0.925033 0.475729
vt 0.931354 0.463643
vt 0.080884 0.498420
vt 0.084741 0.496992
vt 0.090126 0.497750
vt 0.096539 0.509638
vt 0.112499 0.516024
vt 0.245369 0.109349
vt 0.249130 0.116712
vt 0.914174 0.091435
vt 0.914507 0.075957
vt 0.915392 0.060496
vt 0.143488 0.116794
vt 0.145270 0.126440
vt 0.455609 0.095160
vt 0.455938 0.079081
vt 0.456800 0.063019
vt 0.982240 0.434188
vt 0.963585 0.427947
vt 0.946509 0.423110
vt 0.890921 0.433118
vt 0.882130 0.436526
vt 0.926679 0.423006
vt 0.909612 0.427375
vt 0.937930 0.422313
vt 0.075163 0.457134
vt 0.058225 0.461798
vt 0.039557 0.467684
vt 0.094859 0.456979
vt 0.083682 0.456346
vt 0.130564 0.466891
vt 0.111877 0.461251
vt 0.033116 0.470128
vt 0.675805 0.472192
vt 0.653419 0.509254
vt 0.655248 0.472962
vt 0.367019 0.511392
vt 0.176921 0.588998
vt 0.180547 0.549455
vt 0.822760 0.437993
vt 0.233028 0.963316
vt 0.215241 0.923308
vt 0.798841 0.768868
vt 0.699605 0.875602
vt 0.684417 0.835751
vt 0.333987 0.852188
vt 0.228471 0.827609
vt 0.254212 0.785439
vt 0.759269 0.697501
vt 0.785216 0.736222
vt 0.695315 0.746888
vt 0.719972 0.697428
vt 0.296799 0.785396
vt 0.318344 0.815723
vt 0.903939 0.714697
vt 0.136407 0.801345
vt 0.081951 0.736203
vt 0.893090 0.633076
vt 0.446638 0.808511
vt 0.606509 0.708725
vt 0.556410 0.642507
vt 0.438944 0.724452
vt 0.841861 0.692578
vt 0.205190 0.774839
vt 0.146366 0.715395
vt 0.823906 0.608060
vt 0.383498 0.782992
vt 0.673752 0.685953
vt 0.619881 0.625562
vt 0.369876 0.694574
vt 0.624476 0.158216
vt 0.327082 0.211968
vt 0.653476 0.212425
vt 0.306569 0.342322
vt 0.153133 0.050558
vt 0.361352 0.222428
vt 0.125968 0.045756
vt 0.396618 0.225899
vt 0.569871 0.190223
vt 0.388031 0.290471
vt 0.615162 0.304972
vt 0.596954 0.173816
vt 0.584932 0.180968
vt 0.909456 0.190131
vt 0.154402 0.225852
vt 0.888489 0.249012
vt 0.175675 0.355943
vt 0.241882 0.047343
vt 0.189385 0.222364
vt 0.213528 0.046751
vt 0.223402 0.212053
vt 0.855547 0.158550
vt 0.235225 0.276013
vt 0.801766 0.268578
vt 0.882733 0.173912
vt 0.870470 0.167071
vt 0.702590 0.322102
vt 0.284431 0.416033
vt 0.369025 0.419829
vt 0.654789 0.409992
vt 0.841623 0.358035
vt 0.185243 0.480200
vt 0.257695 0.404697
vt 0.773758 0.336466
vt 0.177136 0.638471
vt 0.185108 0.495641
vt 0.653403 0.554919
vt 0.655840 0.423782
vt 0.740026 0.329135
vt 0.739609 0.679991
vt 0.717946 0.727940
vt 0.321543 0.784229
vt 0.275425 0.981496
vt 0.229466 0.784279
vt 0.766602 0.727930
vt 0.275513 0.766895
vt 0.294962 0.761394
vt 0.158494 0.031032
vt 0.235614 0.029385
vt 0.253884 0.807420
vt 0.968218 0.693073
vt 0.970279 0.686813
vt 0.964692 0.720144
vt 0.041234 0.817480
vt 0.965692 0.701614
vt 0.035620 0.790589
vt 0.038855 0.799577
vt 0.026837 0.766821
vt 0.976742 0.669618
vt 0.033170 0.783659
vt 0.515345 0.790561
vt 0.512107 0.799546
vt 0.509721 0.817448
vt 0.514670 0.720260
vt 0.513647 0.701731
vt 0.511110 0.693195
vt 0.509040 0.686939
vt 0.502555 0.669755
vt 0.524137 0.766797
vt 0.517798 0.783632
vt 0.052820 0.522857
vt 0.139366 0.470253
vt 0.968347 0.489050
vt 0.988625 0.436785
vt 0.108883 0.091107
vt 0.106409 0.062482
vt 0.399209 0.044805
vt 0.459518 0.102060
vt 0.428604 0.109556
vt 0.167704 0.057128
vt 0.215342 0.132259
vt 0.203222 0.094543
vt 0.855471 0.043005
vt 0.918242 0.098075
vt 0.886101 0.105305
vt 0.255511 0.067846
vt 0.169019 0.047690
vt 0.166893 0.025823
vt 0.125973 0.120002
vt 0.337008 0.054912
vt 0.115292 0.038211
vt 0.149847 0.015689
vt 0.254586 0.043904
vt 0.241676 0.021944
vt 0.231922 0.132778
vt 0.791425 0.052872
vt 0.199112 0.046316
vt 0.223332 0.014444
vn -0.483279 -0.287840 0.826795
vn -0.483279 -0.287840 0.826795
vn -0.252328 -0.416294 0.873516
vn -0.260527 -0.412396 0.872958
vn -0.126516 -0.507723 0.852180
vn 0.029851 -0.417411 0.908227
vn -0.214493 -0.460187 0.861522
vn -0.238601 -0.517402 0.821806
vn -0.071055 -0.324779 0.943117
vn -0.366492 0.028859 0.929973
vn 0.038641 -0.109725 0.993211
vn 0.056668 -0.092670 0.994083
vn -0.801754 -0.074785 0.592957
vn -0.799162 -0.269506 0.537315
vn -0.515516 -0.378810 0.768600
vn -0.508973 -0.178371 0.842099
vn -0.091017 -0.198690 0.975827
vn -0.131652 -0.457726 0.879292
vn 0.116991 -0.409435 0.904807
vn 0.168927 -0.177770 0.969465
vn 0.424017 -0.150056 0.893137
vn 0.395780 -0.309770 0.864524
vn 0.721954 -0.183482 0.667171
vn 0.759948 -0.077999 0.645287
vn 0.114329 -0.150197 0.982023
vn -0.309082 -0.305449 0.900650
vn -0.446088 -0.123441 0.886435
vn -0.139463 -0.039796 0.989427
vn 0.048633 0.058866 0.997081
vn 0.017856 -0.111868 0.993563
vn 0.178852 -0.095711 0.979209
vn 0.173637 0.043852 0.983833
vn 0.282036 0.078343 0.956200
vn 0.343649 -0.075312 0.936073
vn 0.729986 -0.013963 0.683320
vn 0.475296 -0.014996 0.879698
vn -0.741821 0.568671 0.355409
vn -0.449929 0.361376 0.816683
vn -0.194933 0.501166 0.843109
vn -0.387148 0.860568 0.330966
vn -0.649081 0.757255 0.072512
vn -0.491278 0.436148 0.753937
vn 0.020533 0.465340 0.884894
vn -0.021710 0.972170 0.233270
vn 0.431042 0.876133 0.215855
vn 0.227878 0.432927 0.872150
vn 0.396673 0.488443 0.777222
vn 0.315745 0.895267 0.314328
vn -0.565665 0.052702 -0.822950
vn -0.834417 0.479620 -0.271501
vn -0.545367 0.770919 -0.329026
vn -0.450965 0.319766 -0.833295
vn -0.279495 0.408892 -0.868729
vn -0.346182 0.722268 -0.598738
vn -0.197071 0.572305 -0.796009
vn -0.202068 0.408984 -0.889888
vn -0.057998 0.434950 -0.898585
vn 0.041682 0.738628 -0.672823
vn 0.281715 0.875159 -0.393361
vn 0.221364 0.399730 -0.889502
vn -0.918756 0.240626 -0.313029
vn -0.725078 -0.035155 -0.687769
vn -0.566244 0.257666 -0.782928
vn -0.509039 0.335266 -0.792765
vn -0.228438 0.333745 -0.914566
vn -0.260971 0.284863 -0.922360
vn -0.193177 0.283899 -0.939193
vn -0.175252 0.315477 -0.932610
vn -0.111534 0.312856 -0.943229
vn -0.095200 0.300693 -0.948958
vn 0.287970 0.350116 -0.891343
vn 0.207713 0.351593 -0.912819
vn -0.662758 0.040960 -0.747712
vn -0.682785 0.055594 -0.728501
vn -0.107576 0.115522 -0.987462
vn -0.062538 0.113071 -0.991617
vn 0.129464 0.078587 -0.988465
vn 0.096255 0.094551 -0.990856
vn 0.098131 0.061327 -0.993282
vn 0.113760 0.011092 -0.993446
vn 0.099946 -0.016465 -0.994857
vn 0.106979 0.047017 -0.993149
vn 0.297646 0.040778 -0.953805
vn 0.268468 -0.020652 -0.963067
vn -0.096994 -0.889956 -0.445613
vn -0.103745 -0.860438 -0.498883
vn -0.051267 -0.861229 -0.505625
vn -0.047288 -0.890271 -0.452970
vn 0.953643 -0.289582 0.081897
vn 0.807178 -0.356255 -0.470687
vn 0.259498 -0.568903 -0.780391
vn -0.372222 -0.849510 0.373877
vn 0.027402 0.010459 -0.999570
vn 0.018435 0.037726 -0.999118
vn 0.017274 0.036141 -0.999197
vn 0.026726 0.009732 -0.999595
vn 0.964886 -0.029975 0.260952
vn 0.964886 -0.029975 0.260952
vn 0.964886 -0.029975 0.260952
vn 0.964886 -0.029975 0.260952
vn 0.946159 0.061356 0.317834
vn 0.933025 -0.087781 0.348941
vn 0.990653 0.014371 -0.135649
vn 0.980150 0.182427 -0.077635
vn 0.290655 -0.953164 -0.083656
vn 0.290652 -0.953165 -0.083657
vn 0.290652 -0.953165 -0.083657
vn 0.290655 -0.953164 -0.083656
vn -0.908674 -0.072066 -0.411240
vn -0.908674 -0.072066 -0.411240
vn -0.908674 -0.072066 -0.411240
vn -0.908674 -0.072066 -0.411240
vn -0.840668 0.235703 -0.487567
vn -0.991911 -0.068573 0.106820
vn -0.973288 0.056771 0.222460
vn 0.297396 0.064196 0.952594
vn 0.297396 0.064196 0.952594
vn 0.297396 0.064196 0.952594
vn 0.297396 0.064196 0.952594
vn -0.191312 0.088796 -0.977504
vn -0.223882 0.102954 -0.969163
vn 0.096382 0.120111 -0.988071
vn 0.178813 0.113019 -0.977370
vn 0.992643 -0.029420 -0.117445
vn 0.993508 -0.022435 -0.111525
vn 0.614348 -0.140334 0.776456
vn -0.186811 -0.181353 0.965512
vn -0.188981 -0.174860 0.966287
vn -0.991748 -0.128180 -0.002483
vn -0.991508 -0.129975 0.004236
vn -0.991508 -0.129975 0.004236
vn -0.991720 -0.128412 -0.001618
vn -0.280753 -0.467579 -0.838181
vn -0.246347 -0.451680 -0.857496
vn 0.102112 -0.441658 -0.891354
vn 0.038837 -0.469212 -0.882231
vn 0.978912 -0.128003 -0.159204
vn 0.979914 -0.123734 -0.156392
vn 0.979914 -0.123734 -0.156392
vn 0.978781 -0.128555 -0.159568
vn 0.354489 0.370801 0.858397
vn 0.291987 0.426344 0.856139
vn -0.050516 0.437558 0.897770
vn -0.025477 0.398630 0.916758
vn -0.730477 0.205155 0.651394
vn -0.933804 -0.357783 0.000548
vn -0.958202 -0.033682 0.284103
vn -0.827782 0.327447 -0.455582
vn -0.839623 0.349982 -0.415387
vn 0.054164 0.739644 -0.670815
vn -0.000186 0.680286 -0.732946
vn 0.823952 0.435021 -0.363124
vn 0.895131 0.383458 -0.227379
vn 0.980685 0.008401 0.195414
vn 0.995524 0.068586 0.065016
vn 0.828793 -0.303566 0.470053
vn 0.718766 -0.364572 0.591998
vn -0.032988 -0.640885 0.766928
vn 0.013756 -0.681273 0.731900
vn -0.816549 -0.462691 0.345204
vn -0.781146 -0.465567 0.416004
vn -0.996161 -0.071972 -0.049839
vn -0.993877 -0.085750 -0.069688
vn -0.782170 0.447913 0.433110
vn -0.280843 0.525686 0.802983
vn -0.026173 0.469161 0.882725
vn -0.147020 0.819433 0.553998
vn 0.557498 0.707306 0.434643
vn 0.177873 0.590547 0.787157
vn 0.988267 -0.152678 0.004247
vn 0.982858 0.184283 -0.005542
vn 0.768172 -0.635242 -0.079873
vn 0.310829 -0.935696 0.166907
vn 0.112170 -0.973979 0.196935
vn 0.136916 -0.986302 -0.091996
vn -0.530098 -0.847188 -0.035624
vn -0.099311 -0.972413 0.211069
vn -0.808872 -0.576561 0.115339
vn -0.970235 -0.240381 0.029332
vn -0.533932 0.634716 -0.558616
vn -0.533932 0.634716 -0.558616
vn -0.032716 0.722041 -0.691076
vn -0.055791 0.722416 -0.689204
vn 0.929848 0.341276 -0.137525
vn 0.929848 0.341276 -0.137525
vn 0.929848 0.341276 -0.137525
vn 0.929848 0.341276 -0.137525
vn 0.099951 0.987693 0.120297
vn 0.099951 0.987693 0.120297
vn 0.012742 0.990979 0.133414
vn 0.012805 0.990979 0.133405
vn -0.785398 0.464415 0.409229
vn -0.785398 0.464415 0.409229
vn -0.785398 0.464415 0.409229
vn -0.785398 0.464415 0.409229
vn -0.607033 0.697305 0.381150
vn -0.607033 0.697305 0.381150
vn -0.205210 0.878167 0.432101
vn -0.211176 0.876815 0.431973
vn 0.860483 0.381775 0.337368
vn 0.860483 0.381775 0.337368
vn 0.860483 0.381775 0.337368
vn 0.860483 0.381775 0.337368
vn 0.113057 -0.257605 0.959613
vn 0.113057 -0.257605 0.959613
vn 0.028333 -0.278803 0.959930
vn 0.028334 -0.278803 0.959930
vn -0.819433 -0.262668 0.509446
vn -0.819433 -0.262668 0.509446
vn -0.819433 -0.262668 0.509446
vn -0.819433 -0.262668 0.509446
vn -0.066341 0.980858 0.183075
vn -0.066341 0.980858 0.183075
vn 0.021022 0.984432 0.174503
vn 0.019608 0.984435 0.174652
vn -0.913043 0.396975 0.093618
vn -0.913043 0.396975 0.093618
vn -0.913043 0.396975 0.093618
vn -0.913042 0.396975 0.093618
vn -0.021681 -0.997254 -0.070812
vn -0.061156 -0.963815 -0.259461
vn -0.026697 -0.964982 -0.260953
vn -0.005312 -0.997348 -0.072584
vn 0.992597 0.008501 -0.121160
vn 0.993424 0.009823 -0.114067
vn 0.993595 0.010107 -0.112543
vn 0.992597 0.008501 -0.121160
vn -0.054246 0.053702 0.997082
vn -0.054246 0.053702 0.997083
vn -0.049697 0.052402 0.997389
vn -0.049721 0.052408 0.997387
vn -0.909823 -0.124380 0.395918
vn -0.909823 -0.124380 0.395918
vn -0.909823 -0.124380 0.395918
vn -0.909823 -0.124380 0.395918
vn 0.047371 -0.039954 -0.998078
vn 0.039832 -0.022513 -0.998953
vn 0.040200 -0.024797 -0.998884
vn 0.047578 -0.041895 -0.997989
vn 0.971200 0.235479 0.036328
vn 0.971737 0.233461 0.034967
vn 0.971725 0.233508 0.034999
vn 0.971200 0.235479 0.036328
vn -0.472245 -0.880922 -0.030997
vn 0.916358 -0.226806 0.329919
vn -0.851665 -0.458300 -0.254219
vn -0.941909 -0.145261 -0.302831
vn -0.713650 0.587311 -0.381797
vn 0.308618 0.449814 -0.838106
vn 0.005195 0.742064 -0.670309
vn -0.230429 0.923711 -0.306040
vn 0.524749 0.846957 0.085452
vn 0.613940 0.788499 0.036713
vn 0.788988 0.462868 0.404044
vn 0.866917 0.263041 0.423395
vn 0.764915 -0.427079 0.482192
vn 0.736224 -0.020369 0.676432
vn 0.567007 -0.605334 0.558636
vn 0.311231 -0.905769 0.287607
vn 0.156629 -0.396625 -0.904520
vn 0.771591 -0.498894 -0.394655
vn 0.775310 -0.470175 -0.421700
vn 0.810226 -0.370106 0.454484
vn 0.389240 -0.163690 0.906476
vn -0.352248 0.285241 0.891381
vn -0.800250 0.508802 0.317364
vn -0.864139 0.278563 -0.419125
vn -0.419218 -0.129749 -0.898566
vn -0.924862 -0.257314 0.280035
vn -0.904573 -0.389558 0.173184
vn -0.908515 -0.021117 -0.417319
vn -0.891495 -0.244944 -0.381101
vn -0.468990 -0.065910 -0.880741
vn -0.436847 0.431610 -0.789226
vn 0.139659 0.695762 -0.704565
vn 0.336655 0.172006 -0.925785
vn 0.918773 0.133147 -0.371656
vn 0.653366 0.673101 -0.346478
vn 0.932479 0.156172 0.325720
vn 0.948999 -0.010648 0.315101
vn 0.562511 -0.054808 0.824971
vn 0.718665 -0.171159 0.673962
vn -0.182296 -0.583370 0.791484
vn -0.335157 -0.113993 0.935241
vn 0.367320 -0.927539 -0.068902
vn 0.035401 -0.836282 -0.547156
vn 0.724110 -0.522567 -0.450098
vn 0.857886 -0.458643 -0.231685
vn 0.913076 0.201973 -0.354258
vn 0.981199 0.026954 -0.191108
vn 0.491076 0.810649 0.318893
vn 0.340009 0.904741 -0.256589
vn -0.420692 0.884216 0.202928
vn -0.549884 0.690759 0.469552
vn -0.849508 0.408076 0.334380
vn -0.768287 0.421757 0.481514
vn -0.850612 -0.320178 0.417067
vn -0.912772 -0.273468 -0.303417
vn -0.532392 -0.655026 -0.536190
vn -0.423083 -0.891700 0.160848
vn -0.430959 -0.590766 0.682106
vn -0.430959 -0.590766 0.682106
vn -0.430959 -0.590766 0.682106
vn -0.430959 -0.590766 0.682106
vn 0.954953 -0.295711 0.024900
vn 0.954953 -0.295711 0.024900
vn 0.975184 -0.196826 -0.101368
vn 0.522297 -0.276490 -0.806696
vn -0.203093 0.364937 -0.908611
vn -0.120165 -0.075924 -0.989846
vn -0.715763 -0.320251 -0.620583
vn -0.479770 0.801515 0.356924
vn -0.950264 -0.229364 0.210689
vn -0.704069 0.045640 0.708664
vn -0.614095 -0.183328 0.767644
vn 0.068673 -0.166855 0.983587
vn 0.045007 0.059894 0.997190
vn 0.764742 0.101660 0.636266
vn 0.731171 -0.149716 0.665563
vn 0.984322 -0.172033 0.038912
vn 0.987003 0.160043 -0.014572
vn 0.660633 0.049290 -0.749089
vn 0.630106 -0.202943 -0.749520
vn -0.048644 -0.207264 -0.977075
vn -0.042639 -0.101472 -0.993924
vn -0.719304 -0.007960 -0.694650
vn -0.709746 -0.232172 -0.665099
vn -0.964536 -0.209887 0.160058
vn -0.994126 0.084571 0.067532
vn -0.704111 0.197010 -0.682214
vn -0.989826 -0.051234 -0.132741
vn -0.992449 -0.030999 -0.118674
vn -0.378099 0.401408 -0.834214
vn -0.198002 0.292957 -0.935399
vn 0.003943 0.243178 -0.969974
vn -0.140739 0.382352 -0.913236
vn -0.102142 0.308594 -0.945694
vn 0.019430 0.171305 -0.985027
vn 0.059450 0.093721 -0.993822
vn -0.057199 0.240432 -0.968979
vn 0.167005 0.197716 -0.965928
vn 0.274748 0.044714 -0.960476
vn 0.826177 -0.165432 0.538576
vn 0.773292 -0.189652 0.605022
vn 0.992923 -0.100093 0.063917
vn 0.995470 -0.089268 0.032718
vn 0.110021 -0.460068 0.881041
vn 0.002370 -0.365089 0.930969
vn 0.291935 -0.305507 0.906333
vn 0.469237 -0.312795 0.825819
vn -0.232903 -0.531168 0.814627
vn -0.194207 -0.353796 0.914938
vn -0.098534 -0.365271 0.925672
vn -0.040323 -0.563908 0.824853
vn -0.890501 -0.228987 0.393159
vn -0.885882 -0.156196 0.436825
vn -0.484867 -0.281934 0.827900
vn -0.554192 -0.420218 0.718532
vn -0.175044 -0.346054 0.921741
vn -0.386005 -0.297642 0.873161
vn -0.872596 -0.188398 0.450647
vn 0.020946 -0.411198 0.911305
vn -0.024074 -0.378782 0.925173
vn -0.096465 -0.371594 0.923370
vn 0.257195 0.103397 0.960812
vn 0.257195 0.103397 0.960812
vn 0.776868 -0.176833 0.604323
vn 0.172280 -0.318415 0.932165
vn 0.005932 0.417423 0.908693
vn 0.150269 0.207850 0.966549
vn 0.538936 0.487106 0.687222
vn 0.594109 0.803850 0.029319
vn 0.481324 0.689307 -0.541464
vn -0.047957 0.735269 -0.676077
vn -0.541655 0.672557 -0.504258
vn 0.729728 0.331866 -0.597798
vn 0.676199 0.135181 -0.724211
vn 0.200113 -0.100935 -0.974560
vn 0.125326 -0.004309 -0.992106
vn 0.054743 0.020927 -0.998281
vn -0.257103 0.129678 -0.957644
vn -0.257103 0.129678 -0.957644
vn 0.072603 -0.350099 -0.933895
vn -0.644854 -0.590235 -0.485577
vn 0.269008 -0.340058 -0.901108
vn 0.052113 -0.166252 -0.984705
vn 0.801668 -0.017543 -0.597512
vn 0.769865 -0.059570 -0.635421
vn 0.417467 -0.198315 -0.886788
vn 0.417467 -0.198315 -0.886788
vn 0.073780 -0.311776 -0.947287
vn 0.113538 -0.300950 -0.946857
vn 0.001265 -0.859613 -0.510944
vn 0.003066 -0.889457 -0.457010
vn 0.007567 -0.963647 -0.267073
vn 0.016099 0.034535 -0.999274
vn 0.027085 0.006089 -0.999615
vn 0.040545 -0.027033 -0.998812
vn 0.978491 -0.128390 -0.161469
vn 0.978491 -0.128390 -0.161469
vn 0.978491 -0.128390 -0.161469
vn 0.978491 -0.128390 -0.161469
vn 0.994296 -0.100871 0.034650
vn 0.948082 0.310860 -0.067127
vn 0.290654 -0.953164 -0.083658
vn 0.290654 -0.953164 -0.083658
vn 0.290656 -0.953164 -0.083657
vn 0.290656 -0.953164 -0.083657
vn 0.290658 -0.953163 -0.083656
vn 0.290658 -0.953163 -0.083656
vn 0.290658 -0.953163 -0.083655
vn 0.290658 -0.953163 -0.083655
vn -0.987303 -0.155962 0.030151
vn -0.987303 -0.155962 0.030151
vn -0.987303 -0.155962 0.030151
vn -0.987303 -0.155962 0.030151
vn -0.985302 -0.073519 -0.154193
vn -0.947773 0.160712 0.275495
vn 0.297396 0.064196 0.952594
vn 0.297396 0.064196 0.952594
vn 0.297396 0.064196 0.952594
vn 0.297396 0.064196 0.952594
vn 0.297396 0.064196 0.952593
vn 0.297396 0.064196 0.952593
vn 0.297396 0.064196 0.952594
vn 0.297396 0.064196 0.952594
vn 0.532185 0.122849 -0.837668
vn 0.534778 0.115916 -0.837004
vn 0.537770 0.107809 -0.836170
vn 0.181902 0.097038 -0.978517
vn -0.160200 0.075265 -0.984211
vn 0.896949 -0.122529 0.424817
vn 0.903458 -0.042178 0.426598
vn 0.903457 -0.042178 0.426598
vn 0.997157 0.025066 -0.071058
vn 0.997157 0.025066 -0.071058
vn -0.514201 -0.172929 0.840055
vn -0.569521 -0.170210 0.804160
vn -0.617364 -0.167117 0.768722
vn -0.192035 -0.165113 0.967399
vn 0.332386 -0.119639 0.935524
vn -0.911866 -0.071024 -0.404296
vn -0.911866 -0.071024 -0.404296
vn -0.917885 -0.072104 -0.390242
vn -0.918299 -0.072179 -0.389251
vn -0.923952 -0.073216 -0.375436
vn -0.923952 -0.073216 -0.375436
vn -0.991937 -0.126410 -0.009084
vn -0.991937 -0.126410 -0.009084
vn 0.377219 -0.393531 -0.838355
vn 0.332728 -0.442060 -0.832992
vn 0.288179 -0.487295 -0.824316
vn -0.005862 -0.510374 -0.859933
vn -0.320217 -0.485044 -0.813753
vn 0.977997 0.054242 0.201444
vn 0.977997 0.054242 0.201444
vn 0.980684 0.044834 0.190391
vn 0.980308 0.046197 0.191995
vn 0.983029 0.035928 0.179899
vn 0.983029 0.035928 0.179899
vn 0.977676 -0.133116 -0.162570
vn 0.977676 -0.133116 -0.162570
vn -0.436040 0.298243 0.849070
vn 0.000758 0.342420 0.939547
vn 0.404996 0.322218 0.855660
vn -0.944650 -0.253159 -0.208678
vn -0.950583 -0.232834 -0.205377
vn -0.966422 -0.168086 -0.194357
vn -0.966422 -0.168086 -0.194357
vn -0.963843 0.036129 0.264011
vn -0.963843 0.036129 0.264011
vn 0.801896 0.422239 -0.422702
vn 0.007733 0.637893 -0.770086
vn -0.820974 0.297073 -0.487595
vn 0.915275 -0.234349 0.327645
vn 0.995062 0.096820 -0.021848
vn -0.817843 -0.487840 0.305197
vn 0.127349 -0.713823 0.688650
vn -0.990586 -0.113440 -0.076622
vn 0.653895 0.736342 0.173844
vn -0.199536 0.927665 0.315630
vn -0.892857 0.407338 0.192050
vn 0.952548 -0.210296 -0.220062
vn 0.965670 0.258442 -0.026265
vn -0.788368 -0.577300 -0.212605
vn 0.174816 -0.883696 -0.434190
vn -0.989612 -0.143665 -0.005314
vn 0.429519 0.629844 -0.647155
vn 0.429519 0.629844 -0.647155
vn 0.421459 0.308846 -0.852635
vn 0.421459 0.308846 -0.852635
vn -0.083094 0.354795 -0.931244
vn -0.078401 0.354798 -0.931650
vn -0.576300 0.305191 -0.758114
vn -0.576300 0.305191 -0.758114
vn 0.844226 0.472530 0.252977
vn 0.844226 0.472531 0.252977
vn 0.844226 0.472531 0.252977
vn 0.844226 0.472530 0.252977
vn 0.994230 0.011198 -0.106683
vn 0.994230 0.011198 -0.106683
vn 0.946341 0.080087 -0.313091
vn 0.946340 0.080087 -0.313091
vn 0.946340 0.080087 -0.313091
vn 0.946340 0.080087 -0.313091
vn -0.074292 0.986572 0.145456
vn -0.074292 0.986572 0.145456
vn 0.071012 -0.329512 0.941477
vn 0.071012 -0.329512 0.941477
vn 0.116513 -0.329470 0.936950
vn 0.116468 -0.329470 0.936955
vn 0.161602 -0.328742 0.930491
vn 0.161602 -0.328742 0.930491
vn -0.936928 0.348176 0.030653
vn -0.936928 0.348176 0.030653
vn -0.936928 0.348176 0.030653
vn -0.936928 0.348176 0.030653
vn -0.989546 0.070899 -0.125591
vn -0.989546 0.070899 -0.125591
vn -0.989546 0.070899 -0.125591
vn -0.989546 0.070899 -0.125591
vn -0.994668 -0.009541 0.102689
vn -0.993752 -0.009119 0.111235
vn -0.993936 -0.009201 0.109575
vn -0.994668 -0.009541 0.102689
vn 0.245075 0.884674 0.396598
vn 0.245075 0.884674 0.396598
vn 0.254827 0.966727 0.022434
vn 0.254827 0.966727 0.022434
vn -0.225831 0.974089 0.012284
vn -0.225593 0.974144 0.012290
vn -0.645702 0.763590 -0.000393
vn -0.645702 0.763590 -0.000393
vn 0.805373 0.128584 0.578654
vn 0.805373 0.128584 0.578654
vn 0.805373 0.128584 0.578654
vn 0.805373 0.128584 0.578654
vn 0.972201 0.231698 0.033778
vn 0.972201 0.231698 0.033778
vn 0.902415 0.429908 0.028754
vn 0.902415 0.429908 0.028754
vn 0.902415 0.429908 0.028754
vn 0.902415 0.429908 0.028754
vn -0.056606 -0.297874 0.952925
vn -0.056606 -0.297874 0.952925
vn 0.177210 -0.868043 -0.463787
vn 0.177210 -0.868043 -0.463787
vn 0.221963 -0.858376 -0.462518
vn 0.221963 -0.858376 -0.462518
vn 0.266250 -0.846909 -0.460278
vn 0.266250 -0.846909 -0.460278
vn -0.955652 -0.025819 0.293366
vn -0.955652 -0.025819 0.293366
vn -0.955652 -0.025819 0.293366
vn -0.955652 -0.025819 0.293366
vn -0.999581 -0.008731 -0.027595
vn -0.999581 -0.008731 -0.027595
vn -0.999581 -0.008731 -0.027595
vn -0.999581 -0.008731 -0.027595
vn -0.972343 -0.231070 -0.034001
vn -0.971869 -0.232880 -0.035180
vn -0.971864 -0.232899 -0.035192
vn -0.972343 -0.231070 -0.034001
vn 0.106844 0.980531 0.164751
vn 0.106844 0.980531 0.164751
vn -0.115746 0.986283 -0.117681
vn -0.115746 0.986283 -0.117681
vn -0.018352 0.991274 -0.130537
vn -0.018822 0.991273 -0.130478
vn 0.079397 0.986656 -0.142151
vn 0.079397 0.986656 -0.142151
vn -0.992773 -0.008701 0.119691
vn -0.992773 -0.008701 0.119691
vn -0.938965 -0.222668 0.262227
vn -0.938965 -0.222668 0.262227
vn -0.938965 -0.222668 0.262227
vn -0.938965 -0.222668 0.262227
vn -0.836513 0.547914 0.006080
vn -0.836513 0.547914 0.006080
vn -0.836513 0.547914 0.006080
vn -0.836513 0.547914 0.006080
vn 0.011268 -0.997168 -0.074359
vn 0.124681 -0.964104 0.234433
vn 0.124681 -0.964104 0.234433
vn 0.034004 -0.968391 0.247111
vn 0.034087 -0.968390 0.247100
vn -0.056963 -0.964541 0.257713
vn -0.056963 -0.964541 0.257713
vn 0.901095 0.412552 -0.133523
vn 0.901095 0.412552 -0.133523
vn 0.901095 0.412552 -0.133523
vn 0.901095 0.412552 -0.133523
vn 0.805717 0.558208 -0.198051
vn 0.805717 0.558208 -0.198051
vn 0.805717 0.558208 -0.198051
vn 0.805717 0.558208 -0.198051
vn 0.976344 -0.214582 0.026584
vn 0.976344 -0.214582 0.026584
vn 0.976344 -0.214582 0.026584
vn 0.976344 -0.214582 0.026584
vn -0.045185 0.051110 0.997670
vn -0.045185 0.051110 0.997670
vn -0.126718 -0.056571 0.990324
vn -0.126718 -0.056571 0.990324
vn -0.031961 -0.034674 0.998888
vn -0.032035 -0.034691 0.998885
vn 0.063077 -0.012452 0.997931
vn 0.063077 -0.012452 0.997931
vn -0.971322 -0.234946 -0.036525
vn -0.971322 -0.234946 -0.036525
vn -0.905465 -0.329784 -0.267161
vn -0.905465 -0.329784 -0.267161
vn -0.905465 -0.329784 -0.267161
vn -0.905465 -0.329784 -0.267161
vn -0.832691 -0.187303 0.521098
vn -0.832691 -0.187303 0.521098
vn -0.832691 -0.187303 0.521098
vn -0.832691 -0.187303 0.521098
vn 0.047783 -0.043823 -0.997896
vn 0.152605 -0.078153 -0.985192
vn 0.152605 -0.078153 -0.985192
vn 0.063424 -0.100178 -0.992946
vn 0.063272 -0.100215 -0.992952
vn -0.026366 -0.121368 -0.992257
vn -0.026366 -0.121368 -0.992257
vn 0.830942 0.302007 0.467255
vn 0.830942 0.302007 0.467255
vn 0.830942 0.302007 0.467255
vn 0.830942 0.302007 0.467255
vn 0.788020 0.197067 0.583257
vn 0.788020 0.197067 0.583257
vn 0.788020 0.197067 0.583257
vn 0.788020 0.197067 0.583257
vn 0.974098 0.117561 -0.193165
vn 0.974098 0.117561 -0.193165
vn 0.974098 0.117561 -0.193165
vn 0.974098 0.117561 -0.193165
vn -0.537726 -0.163787 -0.827058
vn -0.875437 -0.307049 -0.373270
vn -0.918157 -0.326402 0.224607
vn 0.958937 0.062826 -0.276574
vn 0.326610 0.103056 -0.939524
vn 0.564451 -0.105291 0.818724
vn 0.945522 -0.033113 0.323869
vn -0.342924 -0.187599 0.920440
vn 0.948970 0.146492 -0.279279
vn 0.879781 -0.442825 -0.172890
vn 0.499082 -0.866115 -0.027615
vn -0.389797 0.882272 0.263923
vn 0.407135 0.894207 -0.186108
vn -0.835113 -0.174375 0.521709
vn -0.752312 0.435532 0.494306
vn -0.356540 -0.900797 0.247878
vn 0.670509 -0.529849 0.519305
vn 0.670509 -0.529849 0.519305
vn 0.670509 -0.529849 0.519305
vn 0.670509 -0.529849 0.519305
vn 0.740951 -0.498778 0.449681
vn 0.118969 -0.490994 0.863001
vn -0.609520 -0.489296 0.623758
vn 0.748997 -0.661575 -0.036370
vn -0.860636 -0.371434 0.348343
vn -0.860636 -0.371434 0.348343
vn -0.755707 -0.630463 0.177265
vn 0.791506 -0.018714 -0.610875
vn -0.344236 -0.141420 0.928171
vn -0.824195 -0.258596 0.503816
vn -0.824195 -0.258596 0.503816
vn -0.343423 -0.141203 0.928506
vn -0.934043 -0.254877 -0.250203
vn -0.934043 -0.254877 -0.250203
vn -0.934043 -0.254877 -0.250203
vn -0.934043 -0.254877 -0.250203
vn -0.854068 -0.212055 -0.474974
vn -0.854069 -0.212055 -0.474974
vn -0.854068 -0.212055 -0.474974
vn -0.854068 -0.212055 -0.474974
vn -0.192720 0.057415 -0.979573
vn 0.321910 0.213039 -0.922490
vn 0.321943 0.213048 -0.922477
vn -0.192720 0.057415 -0.979573
vn 0.643278 0.288759 -0.709092
vn 0.643278 0.288759 -0.709092
vn 0.896595 0.261161 0.357650
vn 0.896594 0.261161 0.357650
vn 0.896594 0.261161 0.357650
vn 0.896594 0.261161 0.357650
vn 0.887147 0.256128 0.383886
vn 0.887147 0.256128 0.383886
vn 0.887147 0.256128 0.383886
vn 0.887147 0.256128 0.383886
vn 0.121377 -0.011578 0.992539
vn 0.121377 -0.011578 0.992539
vn -0.420024 -0.893754 0.157426
vn 0.089699 -0.995929 0.008885
vn 0.089699 -0.995929 0.008885
vn -0.420055 -0.893738 0.157435
vn 0.805599 -0.549633 -0.221166
vn 0.805599 -0.549633 -0.221166
vn 0.805599 -0.549633 -0.221166
vn 0.805599 -0.549633 -0.221166
vn 0.904059 -0.333118 -0.267786
vn 0.904059 -0.333118 -0.267786
vn 0.904059 -0.333118 -0.267786
vn 0.904059 -0.333118 -0.267786
vn 0.843775 0.424094 -0.328920
vn 0.397890 0.888372 -0.229081
vn 0.397160 0.888752 -0.228876
vn 0.843775 0.424094 -0.328920
vn -0.056554 0.994524 -0.087882
vn -0.056554 0.994524 -0.087882
vn -0.861185 0.458871 0.218629
vn -0.861185 0.458871 0.218629
vn -0.861185 0.458871 0.218629
vn -0.861185 0.458871 0.218629
vn -0.872789 0.433609 0.224106
vn -0.872789 0.433609 0.224106
vn -0.872789 0.433609 0.224106
vn -0.872789 0.433609 0.224106
vn -0.719556 -0.652297 0.238217
vn -0.719556 -0.652297 0.238217
s 1
g pCube1
usemtl pCube1SG
f 101/1/1 1/2/2 98/3/3 97/4/4
f 99/5/5 2/6/6 103/7/7 102/8/8
f 104/9/9 3/10/10 107/11/11 106/12/12
s 3
f 114/13/13 5/14/14 111/15/15 110/16/16
f 112/17/17 6/18/18 116/19/19 115/20/20
f 117/21/21 7/22/22 120/23/23 119/24/24
f 126/25/25 9/26/26 113/27/27 123/28/28
f 124/29/29 10/30/30 118/31/31 127/32/32
f 128/33/33 11/34/34 122/35/35 130/36/36
f 136/424/37 13/38/38 125/39/39 133/474/40
f 141/401/41 85/42/42 138/43/43 137/473/44
f 145/413/45 15/477/46 132/47/47 142/472/48
f 149/49/49 17/50/50 135/51/51 146/52/52
f 147/53/53 18/54/54 151/470/55 150/56/56
f 152/57/57 19/58/58 144/59/59 154/60/60
f 160/61/61 21/62/62 148/63/63 157/64/64
f 158/65/65 22/66/66 153/67/67 161/68/68
f 162/69/69 23/70/70 156/71/71 164/72/72
f 171/73/73 90/74/74 168/75/75 167/76/76
f 169/77/77 91/78/78 173/79/79 172/80/80
f 174/81/81 92/82/82 177/83/83 176/84/84
s 10
f 184/85/85 49/86/86 181/87/87 180/88/88
s 1
f 187/464/89 30/90/90 175/91/91 185/469/92
s 12
f 192/93/93 53/94/94 189/95/95 188/96/96
s off
f 108/97/97 4/98/98 194/99/99 193/100/100
s 3
f 121/101/101 8/102/102 197/103/103 196/104/104
s 13
f 378/105/105 377/106/106 379/107/107 380/108/108
s off
f 171/73/109 29/109/110 204/110/111 203/111/112
s 3
f 160/61/61 25/112/113 207/113/114 206/114/115
s 14
f 386/501/116 387/116/117 388/117/118 389/118/119
s 15
f 216/119/120 29/109/121 170/120/122 213/121/123
s 1
f 214/122/124 30/90/90 187/464/89 217/123/125
f 218/124/126 2/6/6 98/3/127 220/125/128
s 17
f 221/126/129 1/2/130 204/462/131 223/127/132
s 18
f 228/128/133 31/129/134 179/130/135 225/131/136
s 19
f 226/132/137 32/133/138 194/460/139 229/134/140
s 1
f 230/135/141 4/98/142 107/11/143 232/136/144
f 233/137/145 3/10/10 186/458/146 235/139/147
s 21
f 240/140/148 33/141/149 215/142/150 237/143/151
f 238/144/152 34/145/153 219/454/154 241/147/155
f 242/148/156 35/149/157 222/150/158 244/151/159
f 245/152/160 36/153/161 224/447/162 247/155/163
s 22
f 252/156/164 37/157/165 227/158/166 249/159/167
f 250/160/168 38/161/169 231/441/170 253/163/171
f 254/164/172 39/165/173 234/166/174 256/167/175
f 257/168/176 40/169/177 236/434/178 259/171/179
s 23
f 263/524/180 41/479/181 239/174/182 261/528/183
s off
f 262/176/184 42/177/185 243/178/186 264/527/187
s 24
f 270/511/188 58/181/189 267/182/190 266/525/191
s off
f 272/516/192 44/448/193 248/186/194 271/523/195
s 25
f 275/518/196 45/478/197 251/190/198 273/522/199
s off
f 274/192/200 46/193/201 255/194/202 276/521/203
s 26
f 282/505/204 62/197/205 279/198/206 278/519/207
s off
f 284/510/208 48/435/209 260/202/210 283/517/211
s 27
f 287/204/212 43/450/213 246/206/214 285/207/215
s off
f 286/208/216 44/448/217 272/516/218 288/209/219
s 10
f 289/210/220 52/211/221 183/212/222 290/213/223
s 28
f 291/214/224 51/215/225 265/513/226 292/217/227
s 29
f 295/218/228 47/437/229 258/220/230 293/221/231
s off
f 294/222/232 48/435/233 284/510/234 296/223/235
s 12
f 297/224/236 56/225/237 191/226/238 298/227/239
s 30
f 299/228/240 55/229/241 277/507/242 300/231/243
s 3
f 304/232/244 12/233/245 198/430/246 301/235/247
f 302/236/248 24/237/249 155/238/250 305/239/251
f 306/240/252 20/241/253 143/428/254 308/243/255
f 309/244/256 16/245/257 131/246/258 311/247/259
f 316/248/260 21/62/62 208/426/261 313/250/262
f 314/251/263 9/26/26 126/25/25 317/252/264
f 318/253/265 13/38/38 136/424/37 320/254/266
f 321/255/267 17/50/50 149/49/49 323/256/268
f 327/257/269 66/258/270 303/422/271 325/260/272
f 326/261/273 65/262/274 307/263/275 328/264/276
f 329/265/277 67/266/278 310/420/279 330/268/280
f 331/269/281 68/270/282 312/271/283 332/272/284
f 335/273/285 69/274/286 315/418/287 333/276/288
f 334/277/289 70/278/290 319/279/291 336/280/292
f 337/281/293 71/282/294 322/416/295 338/284/296
f 339/285/297 72/286/298 324/287/299 340/288/300
s off
f 344/289/301 14/480/302 129/291/303 341/292/304
s 3
f 342/293/305 15/46/306 145/414/45 345/294/307
f 346/295/308 19/471/58 151/55/309 348/296/310
f 349/297/311 18/475/54 134/410/312 351/299/313
f 355/300/314 81/301/315 343/302/316 353/303/317
f 354/304/318 82/305/319 347/406/320 356/307/321
f 357/308/322 83/309/323 350/310/324 358/311/325
f 359/312/326 84/313/327 352/403/328 360/315/329
f 363/316/330 90/74/74 205/400/331 361/318/332
f 363/316/330 25/112/113 159/319/333 364/320/334
f 365/321/335 26/322/336 163/323/337 366/324/338
f 367/325/339 27/326/340 166/327/341 368/328/342
f 371/329/343 94/330/344 195/397/345 370/332/346
f 373/333/347 95/334/348 109/335/349 372/336/350
f 375/337/351 96/338/352 105/339/353 374/340/354
f 362/341/355 89/342/356 100/343/357 376/344/358
s 1
f 98/3/3 2/6/6 99/5/5 97/4/4
s 3
f 99/5/359 96/338/352 100/343/357 97/4/360
f 100/343/357 89/342/356 101/1/361 97/4/360
s 1
f 103/7/7 3/10/10 104/9/9 102/8/362
s 3
f 104/9/363 95/334/348 105/339/353 102/8/364
f 105/339/353 96/338/352 99/5/359 102/8/364
s 1
f 107/11/11 4/98/365 108/97/366 106/12/12
s 3
f 108/97/367 94/330/344 109/335/349 106/12/368
f 109/335/349 95/334/348 104/9/363 106/12/368
f 111/15/15 6/18/18 112/17/17 110/16/16
f 112/17/17 10/30/30 113/27/27 110/16/16
f 113/27/27 9/26/26 114/13/13 110/16/16
f 116/19/19 7/22/22 117/21/21 115/20/20
f 117/21/21 11/34/34 118/31/31 115/20/20
f 118/31/31 10/30/30 112/17/17 115/20/20
f 120/23/23 8/102/102 121/101/101 119/24/24
f 121/101/101 12/233/245 122/35/35 119/24/24
f 122/35/35 11/34/34 117/21/21 119/24/24
f 113/27/27 10/30/30 124/29/29 123/28/28
f 124/29/29 14/290/369 125/39/39 123/28/28
f 125/39/39 13/38/38 126/25/25 123/28/28
f 118/31/31 11/34/34 128/33/33 127/32/32
f 128/33/33 15/477/46 129/476/370 127/32/32
f 129/476/370 14/290/369 124/29/29 127/32/32
f 122/35/35 12/233/245 131/246/258 130/36/36
f 131/246/258 16/245/257 132/47/47 130/36/36
f 132/47/47 15/477/46 128/33/33 130/36/36
f 125/39/39 14/290/369 134/408/312 133/474/40
f 134/409/312 18/54/54 135/51/51 133/40/40
f 135/51/51 17/50/50 136/37/37 133/40/40
f 138/43/43 86/345/371 139/346/372 137/473/44
f 139/404/372 87/347/373 140/348/374 137/44/44
f 140/348/374 88/349/375 141/41/41 137/44/44
f 132/47/47 16/245/257 143/242/254 142/472/48
f 143/428/254 20/241/253 144/59/59 142/48/48
f 144/59/59 19/58/58 145/412/45 142/48/48
f 135/51/51 18/54/54 147/53/53 146/52/52
f 147/53/53 22/66/66 148/63/63 146/52/52
f 148/63/63 21/62/62 149/49/49 146/52/52
f 151/470/55 19/58/58 152/57/57 150/56/56
f 152/57/57 23/70/70 153/67/67 150/56/56
f 153/67/67 22/66/66 147/53/53 150/56/56
f 144/59/59 20/241/253 155/238/250 154/60/60
f 155/238/250 24/237/249 156/71/71 154/60/60
f 156/71/71 23/70/70 152/57/57 154/60/60
f 148/63/63 22/66/66 158/65/65 157/64/64
f 158/65/65 26/322/336 159/319/333 157/64/64
f 159/319/333 25/112/113 160/61/61 157/64/64
f 153/67/67 23/70/70 162/69/69 161/68/68
f 162/69/69 27/326/340 163/323/337 161/68/68
f 163/323/337 26/322/336 158/65/65 161/68/68
f 156/71/71 24/237/249 165/350/376 164/72/72
f 165/350/376 28/351/377 166/327/341 164/72/72
f 166/327/341 27/326/340 162/69/69 164/72/72
f 168/75/75 91/78/78 169/77/77 167/76/76
s 1
f 169/77/378 30/90/90 170/120/379 167/76/380
f 170/120/379 29/109/381 171/73/382 167/76/380
s 3
f 173/79/79 92/82/82 174/81/81 172/80/80
s 1
f 174/81/383 31/129/384 175/91/91 172/80/385
f 175/91/91 30/90/90 169/77/378 172/80/386
s 3
f 177/83/83 93/352/387 178/353/388 176/84/84
s 1
f 178/353/389 32/133/390 179/130/391 176/84/392
f 179/130/391 31/129/384 174/81/383 176/84/392
s 10
f 181/87/87 50/354/393 182/355/394 180/88/88
f 182/355/394 51/215/395 183/212/222 180/88/88
f 183/212/222 52/211/221 184/85/85 180/88/88
s 1
f 175/91/91 31/129/384 186/138/146 185/469/92
f 186/458/146 3/10/10 103/7/7 185/92/92
f 103/7/7 2/6/6 187/89/89 185/92/92
s 12
f 189/95/95 54/356/396 190/357/397 188/96/96
f 190/357/397 55/229/398 191/226/238 188/96/96
f 191/226/238 56/225/237 192/93/93 188/96/96
s off
f 194/460/399 32/133/400 178/353/401 193/468/402
s 3
f 178/353/388 93/352/387 195/331/345 193/468/403
f 195/397/345 94/330/344 108/97/367 193/100/403
f 197/395/103 28/351/377 165/350/376 196/467/104
f 165/350/376 24/237/249 198/234/404 196/467/104
f 198/430/404 12/233/245 121/101/101 196/104/104
s 41
f 379/107/405 381/358/406 382/503/407 380/108/408
f 382/359/407 383/360/409 384/361/410 380/108/408
s 13
f 384/361/411 385/362/412 378/105/105 380/108/108
s off
f 204/462/413 1/2/414 101/1/415 203/466/416
s 3
f 101/1/361 89/342/356 205/317/331 203/466/417
f 205/400/331 90/74/74 171/73/73 203/111/417
f 207/398/114 5/14/14 114/13/13 206/465/115
f 114/13/13 9/26/26 208/249/418 206/465/115
f 208/426/418 21/62/62 160/61/61 206/114/115
s 42
f 388/117/419 390/363/420 391/364/421 389/118/422
f 391/364/421 392/365/423 393/366/424 389/118/422
s 14
f 393/366/425 394/367/426 386/115/116 389/118/119
s 15
f 170/120/122 30/90/427 214/122/428 213/121/123
f 214/122/428 34/145/429 215/142/430 213/121/123
f 215/142/430 33/141/431 216/119/120 213/121/123
s 1
f 187/89/89 2/6/6 218/124/126 217/463/432
f 218/124/126 35/149/433 219/146/434 217/463/432
f 219/454/435 34/145/436 214/122/124 217/123/125
f 98/3/127 1/2/437 221/126/438 220/125/128
f 221/126/438 36/153/439 222/150/440 220/125/128
f 222/150/440 35/149/441 218/124/126 220/125/128
s 43
f 204/110/442 29/109/443 216/119/444 223/461/445
f 216/119/444 33/141/446 224/154/447 223/461/445
s 17
f 224/447/448 36/153/449 221/126/129 223/127/132
s 18
f 179/130/135 32/133/450 226/132/451 225/131/136
f 226/132/451 38/161/452 227/158/453 225/131/136
f 227/158/453 37/157/454 228/128/133 225/131/136
s 44
f 194/99/455 4/98/456 230/135/457 229/459/458
f 230/135/457 39/165/459 231/162/460 229/459/458
s 19
f 231/441/461 38/161/462 226/132/137 229/134/140
s 1
f 107/11/143 3/10/10 233/137/145 232/136/144
f 233/137/145 40/169/463 234/166/464 232/136/144
f 234/166/464 39/165/465 230/135/141 232/136/144
f 186/138/146 31/129/384 228/128/466 235/457/467
f 228/128/466 37/157/468 236/170/469 235/457/467
f 236/434/470 40/169/471 233/137/145 235/139/147
s 21
f 215/142/150 34/145/153 238/144/152 237/143/151
f 238/144/152 42/456/472 239/455/473 237/143/151
f 239/455/473 41/173/474 240/140/148 237/143/151
f 219/146/154 35/149/157 242/148/156 241/453/155
f 242/148/156 43/205/475 243/451/476 241/453/155
f 243/452/476 42/456/472 238/144/152 241/147/155
f 222/150/158 36/153/161 245/152/160 244/151/159
f 245/152/160 44/185/477 246/449/478 244/151/159
f 246/449/478 43/205/475 242/148/156 244/151/159
f 224/154/162 33/141/149 240/140/148 247/446/163
f 240/140/148 41/173/474 248/444/479 247/446/163
f 248/445/479 44/185/477 245/152/160 247/155/163
s 22
f 227/158/166 38/161/169 250/160/168 249/159/167
f 250/160/168 46/443/480 251/442/481 249/159/167
f 251/442/481 45/189/482 252/156/164 249/159/167
f 231/162/170 39/165/173 254/164/172 253/440/171
f 254/164/172 47/219/483 255/438/484 253/440/171
f 255/439/484 46/443/480 250/160/168 253/163/171
f 234/166/174 40/169/177 257/168/176 256/167/175
f 257/168/176 48/201/485 258/436/486 256/167/175
f 258/436/486 47/219/483 254/164/172 256/167/175
f 236/170/178 37/157/165 252/156/164 259/433/179
f 252/156/164 45/189/482 260/431/487 259/433/179
f 260/432/487 48/201/485 257/168/176 259/171/179
s 23
f 239/174/182 42/177/488 262/176/489 261/528/183
s 45
f 262/526/490 50/354/491 181/87/492 261/175/493
f 181/87/492 49/86/494 263/172/495 261/175/493
s off
f 243/178/496 43/450/497 265/216/498 264/527/499
s 28
f 265/513/226 51/215/225 182/355/500 264/179/501
s off
f 182/355/502 50/354/503 262/526/504 264/179/505
s 24
f 267/182/190 57/368/506 268/369/507 266/525/191
s 46
f 268/514/508 59/370/509 269/371/510 266/183/511
f 269/371/510 60/372/512 270/180/513 266/183/511
s off
f 248/186/514 41/479/515 263/524/516 271/523/517
f 263/172/518 49/86/519 184/85/520 271/187/521
s 47
f 184/85/522 52/211/523 272/184/524 271/187/525
s 25
f 251/190/198 46/193/526 274/192/527 273/522/199
s 48
f 274/520/528 54/356/529 189/95/530 273/191/531
f 189/95/530 53/94/532 275/188/533 273/191/531
s off
f 255/194/534 47/437/535 277/230/536 276/521/537
s 30
f 277/507/242 55/229/241 190/357/538 276/195/539
s off
f 190/357/540 54/356/541 274/520/542 276/195/543
s 26
f 279/198/206 61/373/544 280/374/545 278/519/207
s 49
f 280/508/546 63/375/547 281/376/548 278/199/549
f 281/376/548 64/377/550 282/196/551 278/199/549
s off
f 260/202/552 45/478/553 275/518/554 283/517/555
f 275/188/556 53/94/557 192/93/558 283/203/559
s 50
f 192/93/560 56/225/561 284/200/562 283/203/563
s 27
f 246/206/214 44/448/564 286/208/565 285/207/215
s 51
f 286/208/566 57/368/567 267/182/568 285/207/569
f 267/182/568 58/181/570 287/204/571 285/207/569
s 47
f 272/184/524 52/211/523 289/210/572 288/515/573
s off
f 289/210/574 59/370/575 268/514/576 288/515/577
f 268/369/578 57/368/579 286/208/580 288/209/581
s 10
f 183/212/222 51/215/395 291/214/582 290/213/223
s 52
f 291/214/583 60/372/584 269/371/585 290/213/586
f 269/371/585 59/370/587 289/210/588 290/213/586
s off
f 265/216/589 43/450/590 287/204/591 292/512/592
f 287/204/593 58/181/594 270/511/595 292/512/596
f 270/180/597 60/372/598 291/214/599 292/217/600
s 29
f 258/220/230 48/435/601 294/222/602 293/221/231
s 53
f 294/222/603 61/373/604 279/198/605 293/221/606
f 279/198/605 62/197/607 295/218/608 293/221/606
s 50
f 284/200/562 56/225/561 297/224/609 296/509/610
s off
f 297/224/611 63/375/612 280/508/613 296/509/614
f 280/374/615 61/373/616 294/222/617 296/223/618
s 12
f 191/226/238 55/229/398 299/228/619 298/227/239
s 54
f 299/228/620 64/377/621 281/376/622 298/227/623
f 281/376/622 63/375/624 297/224/625 298/227/623
s off
f 277/230/626 47/437/627 295/218/628 300/506/629
f 295/218/630 62/197/631 282/505/632 300/506/633
f 282/196/634 64/377/635 299/228/636 300/231/637
s 3
f 198/234/246 24/237/249 302/236/248 301/429/247
f 302/236/248 65/262/274 303/259/271 301/429/247
f 303/422/271 66/258/270 304/232/244 301/235/247
f 155/238/250 20/241/253 306/240/252 305/239/251
f 306/240/252 67/266/278 307/263/275 305/239/251
f 307/263/275 65/262/274 302/236/248 305/239/251
f 143/242/254 16/245/257 309/244/256 308/427/255
f 309/244/256 68/270/282 310/267/279 308/427/255
f 310/420/279 67/266/278 306/240/252 308/243/255
f 131/246/258 12/233/245 304/232/244 311/247/259
f 304/232/244 66/258/270 312/271/283 311/247/259
f 312/271/283 68/270/282 309/244/256 311/247/259
f 208/249/261 9/26/26 314/251/263 313/425/262
f 314/251/263 70/278/290 315/275/287 313/425/262
f 315/418/287 69/274/286 316/248/260 313/250/262
f 126/25/25 13/38/38 318/253/265 317/252/264
f 318/253/265 71/282/294 319/279/291 317/252/264
f 319/279/291 70/278/290 314/251/263 317/252/264
f 136/37/37 17/50/50 321/255/267 320/423/266
f 321/255/267 72/286/298 322/283/295 320/423/266
f 322/416/295 71/282/294 318/253/265 320/254/266
f 149/49/49 21/62/62 316/248/260 323/256/268
f 316/248/260 69/274/286 324/287/299 323/256/268
f 324/287/299 72/286/298 321/255/267 323/256/268
f 303/259/271 65/262/274 326/261/273 325/421/272
f 326/261/273 73/497/638 199/498/639 325/421/272
f 199/499/639 74/500/640 327/257/269 325/260/272
f 307/263/275 67/266/278 329/265/277 328/264/276
f 329/265/277 75/495/641 200/496/642 328/264/276
f 200/496/642 73/497/638 326/261/273 328/264/276
f 310/267/279 68/270/282 331/269/281 330/419/280
f 331/269/281 76/492/643 201/493/644 330/419/280
f 201/494/644 75/495/641 329/265/277 330/268/280
f 312/271/283 66/258/270 327/257/269 332/272/284
f 327/257/269 74/500/640 202/491/645 332/272/284
f 202/491/645 76/492/643 331/269/281 332/272/284
f 315/275/287 70/278/290 334/277/289 333/417/288
f 334/277/289 78/490/646 209/488/647 333/417/288
f 209/489/647 77/482/648 335/273/285 333/276/288
f 319/279/291 71/282/294 337/281/293 336/280/292
f 337/281/293 79/487/649 210/486/650 336/280/292
f 210/486/650 78/490/646 334/277/289 336/280/292
f 322/283/295 72/286/298 339/285/297 338/415/296
f 339/285/297 80/485/651 211/483/652 338/415/296
f 211/484/652 79/487/649 337/281/293 338/284/296
f 324/287/299 69/274/286 335/273/285 340/288/300
f 335/273/285 77/482/648 212/481/653 340/288/300
f 212/481/653 80/485/651 339/285/297 340/288/300
s off
f 129/291/654 15/46/655 342/293/656 341/292/657
s 3
f 342/293/658 82/305/319 343/302/316 341/292/659
f 343/302/316 81/301/315 344/289/660 341/292/659
f 145/45/45 19/471/58 346/295/308 345/411/307
f 346/295/308 83/309/323 347/306/320 345/411/661
f 347/406/320 82/305/319 342/293/658 345/294/661
f 151/55/309 18/475/54 349/297/311 348/296/310
f 349/297/311 84/313/327 350/310/324 348/296/310
f 350/310/324 83/309/323 346/295/308 348/296/310
f 134/298/312 14/480/662 344/289/663 351/407/313
f 344/289/660 81/301/315 352/314/328 351/407/664
f 352/403/328 84/313/327 349/297/311 351/299/664
f 343/302/316 82/305/319 354/304/318 353/303/317
f 354/304/318 86/345/371 138/43/43 353/303/317
f 138/43/43 85/42/42 355/300/314 353/303/317
f 347/306/320 83/309/323 357/308/322 356/405/321
f 357/308/322 87/347/373 139/404/372 356/405/321
f 139/346/372 86/345/371 354/304/318 356/307/321
f 350/310/324 84/313/327 359/312/326 358/311/325
f 359/312/326 88/349/375 140/348/374 358/311/325
f 140/348/374 87/347/373 357/308/322 358/311/325
f 352/314/328 81/301/315 355/300/314 360/402/329
f 355/300/314 85/42/42 141/401/41 360/402/329
f 141/41/41 88/349/375 359/312/326 360/315/329
f 205/317/331 89/342/356 362/341/355 361/399/332
f 362/341/355 5/14/14 207/398/114 361/399/332
f 207/113/114 25/112/113 363/316/330 361/318/332
f 159/319/333 26/322/336 365/321/335 364/320/334
f 365/321/335 91/78/78 168/75/75 364/320/334
f 168/75/75 90/74/74 363/316/330 364/320/334
f 163/323/337 27/326/340 367/325/339 366/324/338
f 367/325/339 92/82/82 173/79/79 366/324/338
f 173/79/79 91/78/78 365/321/335 366/324/338
f 166/327/341 28/351/377 369/394/665 368/328/342
f 369/394/665 93/352/387 177/83/83 368/328/342
f 177/83/83 92/82/82 367/325/339 368/328/342
f 195/331/345 93/352/387 369/394/665 370/396/346
f 369/394/665 28/351/377 197/395/103 370/396/346
f 197/103/103 8/102/102 371/329/343 370/332/346
f 109/335/349 94/330/344 371/329/343 372/336/350
f 371/329/343 8/102/102 120/23/23 372/336/350
f 120/23/23 7/22/22 373/333/347 372/336/350
f 105/339/353 95/334/348 373/333/347 374/340/354
f 373/333/347 7/22/22 116/19/19 374/340/354
f 116/19/19 6/18/18 375/337/351 374/340/354
f 100/343/357 96/338/352 375/337/351 376/344/358
f 375/337/351 6/18/18 111/15/15 376/344/358
f 111/15/15 5/14/14 362/341/355 376/344/358
s 55
f 202/385/666 74/380/667 377/106/668 378/105/669
s off
f 74/380/670 199/379/671 379/107/672 377/106/673
f 199/379/674 73/378/675 381/358/676 379/107/677
s 56
f 73/378/678 200/504/679 382/503/680 381/358/681
f 200/382/679 75/381/682 383/360/683 382/359/680
s off
f 75/381/684 201/384/685 384/361/686 383/360/687
f 201/384/688 76/383/689 385/362/690 384/361/691
s 55
f 76/383/692 202/385/666 378/105/669 385/362/693
s 57
f 212/393/694 77/388/695 387/116/696 386/501/697
s off
f 77/388/698 209/387/699 388/117/700 387/116/701
f 209/387/702 78/386/703 390/363/704 388/117/705
s 58
f 78/386/706 210/390/707 391/364/708 390/363/709
f 210/390/707 79/389/710 392/365/711 391/364/708
s off
f 79/389/712 211/392/713 393/366/714 392/365/715
f 211/392/716 80/391/717 394/367/718 393/366/719
s 57
f 80/391/720 212/502/694 386/115/697 394/367/721
