# This file uses centimeters as units for non-parametric coordinates.

mtllib run_frame04.mtl
g default
v -18.731840 64.297806 -0.216690
v -5.547636 65.969353 1.422102
v 4.662003 69.154495 3.386803
v 18.151751 69.633347 3.730506
v -19.078609 94.410416 10.859717
v -5.772927 91.498810 17.870903
v 12.040468 91.493484 14.058350
v 21.465179 94.330345 2.317420
v -14.474840 122.869659 16.418179
v -3.291850 117.111290 21.929390
v 11.497738 117.832512 18.478361
v 17.822731 123.002144 9.171304
v -18.040562 129.964111 21.660952
v -3.076881 137.304108 18.878960
v 8.072595 137.682999 16.315563
v 23.056057 129.715927 12.304790
v -22.554604 133.420090 12.599497
v -7.663283 140.183716 8.050437
v 7.188101 140.878662 4.616157
v 22.925644 134.651047 3.483864
v -17.090895 125.752991 9.095553
v -8.786704 123.081779 -0.381261
v 6.001206 123.799072 -3.831841
v 16.622398 126.993340 2.277548
v -21.652979 98.131363 -1.221845
v -9.606534 99.100845 -7.581791
v 5.244071 99.148262 -10.697984
v 18.830345 98.124954 -10.032283
v -18.671631 70.121033 -11.204488
v -5.255836 67.503922 -11.420577
v 3.894290 63.311565 -6.496994
v 17.429022 64.853241 -7.823478
v -13.234113 42.216473 -26.967184
v -5.639047 42.754501 -26.517492
v -5.898553 35.354115 -18.722265
v -13.486580 34.756027 -19.469616
v 6.386057 38.605579 15.002700
v 14.153950 37.802708 14.815801
v 15.061441 44.652477 25.534182
v 7.294212 45.422253 25.714600
v -11.773685 64.604797 -44.121521
v -4.438672 64.105690 -43.546490
v -4.417640 56.103943 -50.750263
v -11.738070 56.684261 -51.385773
v 0.757781 7.496910 23.168770
v 8.151966 6.337110 22.341553
v 9.814331 9.485276 32.739220
v 2.394977 10.471251 33.612366
v -11.828723 68.997490 -47.584255
v -3.056915 68.301445 -46.815338
v -1.561556 57.407894 -56.636230
v -13.268902 58.395485 -57.704556
v -0.628877 2.009044 24.119413
v 8.252137 0.793633 23.083656
v 11.937502 4.909621 37.021751
v 0.316019 6.364364 38.409122
v -12.572654 44.052406 -64.855049
v -3.357193 43.251984 -63.996845
v -12.123830 46.466640 -67.423042
v -2.908369 45.666206 -66.564857
v 4.227798 15.306890 51.161552
v 13.385810 14.212230 50.050491
v 3.969987 11.970886 52.353550
v 13.128745 10.878835 51.246059
v 21.222961 115.590363 -16.436455
v 20.144316 114.568001 -7.460905
v 31.295742 119.293526 -15.112594
v 30.544313 116.852394 -6.564879
v -26.153069 106.084351 3.733222
v -21.558729 111.442009 8.012303
v -30.332283 112.002052 14.181760
v -35.092976 109.520500 8.953355
v 27.776402 88.169708 -3.851671
v 25.830143 91.702164 5.048335
v 31.367886 89.264435 -3.500796
v 29.421564 92.796707 5.400675
v -11.823457 95.680702 29.134708
v -8.526921 104.731804 30.781467
v -11.637594 105.503204 32.768661
v -14.934130 96.452103 31.121902
v -4.820792 149.040405 23.119799
v 10.789298 148.336761 21.841242
v 12.462770 148.206848 5.492815
v -8.998663 148.849655 7.002861
v -4.199467 170.363571 21.449221
v 10.648362 169.832550 21.069677
v 9.929644 172.151627 3.302809
v -4.224523 172.657837 3.664620
v -19.716488 74.176483 4.125626
v -20.041731 76.980476 -8.179161
v -7.140285 77.678543 -11.267539
v 5.224472 75.949692 -12.593945
v 18.449026 75.471466 -10.457747
v 19.022459 75.652832 2.224551
v 7.115448 75.015465 6.926242
v -7.547876 74.309769 7.759104
v -13.690272 68.578583 4.833341
v -13.033593 64.050621 1.956950
v -6.836252 69.358467 5.712867
v -14.492663 73.860443 6.849052
v -19.385437 68.888870 2.386185
v -0.293025 70.933289 5.847468
v -0.351552 67.226418 4.088147
v 6.219095 72.101303 5.317272
v -0.188428 74.656349 7.452124
v 12.991912 72.864189 4.445354
v 12.407594 70.358566 5.237135
v 18.654881 72.519760 2.183108
v 13.901324 75.539742 5.242702
v -12.652844 105.488853 17.823782
v -13.821188 92.829872 15.073012
v -5.306186 104.263184 20.199705
v -11.197577 118.224739 20.119598
v -17.983953 106.855713 14.390222
v 3.884939 103.256844 18.107531
v 3.309175 91.250122 16.772333
v 13.046346 104.767914 16.065920
v 3.812098 117.779922 19.036634
v 18.146864 106.226257 10.822963
v 18.231091 92.809502 8.217723
v 21.146286 107.562874 5.629953
v 16.981222 119.262558 13.468795
v -9.789673 128.225754 21.771605
v -2.979892 129.966858 21.838873
v -11.281320 136.377304 21.701921
v -15.984059 125.248436 20.399273
v 3.521469 129.566498 20.251745
v 9.986877 130.603363 18.812870
v 2.813982 139.659195 19.799938
v 15.785931 129.068573 15.813722
v 20.811796 124.766792 11.692100
v 16.526066 136.913452 15.594001
v -13.285686 139.774963 16.470123
v -5.211928 141.267929 14.108729
v -16.422182 139.605927 10.462276
v -20.517761 132.027985 17.411852
v 3.357667 175.595184 18.779905
v 3.235605 170.115280 21.671778
v 11.691479 172.875046 14.530256
v 2.822778 172.986038 1.505358
v -6.292694 173.519012 15.007797
v 16.321316 140.322052 10.274837
v 23.433111 132.300125 7.945338
v 16.895315 140.378647 3.793183
v 7.800839 141.533951 11.255802
v -15.545269 133.272659 6.142675
v -8.519523 134.916107 3.392530
v -15.853588 123.195145 2.813001
v -21.049257 130.494095 9.119396
v -1.098080 135.273849 1.656959
v 0.086433 143.066559 5.941675
v 6.411776 135.671509 -0.074239
v -1.387134 123.443848 -2.104863
v 14.228673 134.309250 0.019311
v 19.726532 132.191360 1.383521
v 13.545288 124.507057 -3.886350
v -16.309952 110.940407 -1.119416
v -9.000014 110.980362 -3.789315
v -16.964251 99.016174 -5.326128
v -20.686825 110.050308 3.215734
v -1.575223 111.208420 -5.457471
v 5.817198 111.448204 -7.144744
v -2.081148 99.001068 -9.223303
v 13.325694 111.779900 -7.846785
v 18.919184 110.954033 -5.875765
v 12.775180 98.993904 -11.678862
v -13.862619 74.283813 -11.522849
v -14.460353 77.658920 -10.853787
v -6.665188 74.063515 -11.679912
v -13.014138 71.262726 -13.027968
v -19.490488 73.370438 -9.216944
v -0.915783 72.827690 -11.803229
v -0.962563 76.988243 -11.936423
v 4.846044 70.985100 -12.072035
v -0.828101 68.718033 -11.546583
v 12.084884 69.976700 -12.067471
v 12.568967 75.524391 -12.709191
v 18.002281 69.950005 -9.894480
v 11.470306 64.505684 -9.891329
v -7.442887 64.188118 -51.311066
v -7.473616 70.514778 -45.495270
v -1.591872 63.710995 -50.796913
v -7.414146 57.904068 -57.171116
v -13.308623 64.652817 -51.832668
v -0.316126 65.540443 1.849043
v 3.919163 57.453781 5.549847
v -4.198075 57.699852 -12.418251
v 4.796406 3.131670 29.551155
v 3.476495 0.729157 21.359545
v 10.591186 2.378698 28.857655
v 6.128190 5.629263 37.720139
v -1.016683 3.927080 30.221621
v 19.779737 71.064774 -4.198560
v 19.143913 67.011383 -2.381483
v 20.289259 75.541008 -4.510582
v 21.700212 108.612930 -0.953568
v 22.053171 96.316635 -4.596629
v 16.698671 124.124710 4.894267
v 26.040440 89.760483 0.650490
v 29.426470 88.270073 -4.577678
v 30.432388 91.099205 1.079567
v 27.046408 92.589691 6.306762
v -20.996592 71.253571 -3.791006
v -20.137478 67.359146 -6.159286
v -21.569059 75.616051 -2.352220
v -21.461893 107.814690 8.787959
v -22.558496 96.385338 4.927367
v -15.837212 123.982170 11.679311
v -9.492195 100.173592 29.573757
v -9.378551 106.179451 31.795698
v -13.296169 101.116920 32.003853
v -13.409812 95.111061 29.781912
v -11.080350 58.945473 -20.815302
v -6.724305 57.276043 -19.139755
v -9.239916 43.226917 -27.343983
v -15.830215 56.614170 -20.124342
v -5.078055 53.983025 -13.635484
v -6.985514 50.193649 -8.732941
v -4.320380 38.795712 -22.428207
v -11.432535 49.448399 -6.920000
v -16.108892 49.411747 -9.759157
v -9.576445 33.614590 -17.279528
v -17.267149 53.025093 -14.996577
v -14.463566 38.067726 -23.274473
v 10.730783 50.678196 1.775916
v 15.769313 50.594936 3.975558
v 10.028702 37.622784 13.980796
v 6.356400 51.407726 4.157979
v 17.386829 54.186646 9.207716
v 16.566385 57.796295 14.719952
v 15.676596 41.290039 20.498661
v 11.770811 60.090260 15.849071
v 7.152833 58.644047 14.914176
v 11.176050 46.332832 27.590353
v 5.065516 55.283611 9.507326
v 5.523794 42.346508 20.738224
v -8.753360 54.987183 -30.027010
v -4.717834 52.936317 -30.900360
v -8.130810 65.938332 -42.434078
v -12.931287 53.130573 -31.317961
v -3.236325 47.917637 -34.912098
v -4.671365 42.866543 -38.742676
v -3.215792 60.229881 -46.830936
v -8.677883 41.574322 -40.514668
v -12.866975 43.036926 -39.086876
v -8.094651 54.166271 -53.171761
v -14.197007 48.128025 -35.428795
v -13.008150 60.914078 -47.607094
v 6.708535 22.549891 16.483898
v 11.233119 22.552755 17.884956
v 4.179778 6.372713 20.881334
v 3.021836 24.270088 18.700779
v 13.358735 23.884912 24.009550
v 13.128306 25.995543 30.289410
v 10.089190 7.618647 27.158373
v 9.178079 27.031914 32.696449
v 4.898027 27.701502 31.102987
v 6.565061 10.832484 35.956120
v 2.608227 26.122484 25.086351
v 0.417905 9.073111 28.254902
v -7.815881 68.636276 -43.472515
v -3.399688 66.428261 -44.798542
v -12.173985 67.098953 -45.545826
v -1.935132 61.822632 -48.766468
v -1.909915 55.502769 -54.597698
v -7.929149 42.293030 -66.077820
v -8.087814 42.991154 -63.722816
v -13.780229 42.801228 -66.622681
v -7.393203 46.727482 -67.697105
v -2.078071 41.784836 -65.532959
v -13.653276 62.737469 -49.777550
v -13.616384 56.489571 -55.664024
v 3.726326 3.418860 20.493328
v 8.497391 3.456391 22.223158
v -0.377171 4.715677 23.247284
v 10.827861 5.030443 27.989185
v 12.162190 7.568404 36.118465
v 9.108345 15.187709 52.679489
v 8.877344 15.671744 50.280460
v 3.293671 15.883731 53.383366
v 8.478799 10.510650 52.127148
v 14.923104 14.494405 51.973633
v -0.774599 6.627392 29.339985
v 0.539918 9.024378 37.506382
v -8.091454 48.587540 -58.456394
v -13.261794 49.038242 -58.939754
v -2.921178 48.139915 -57.976067
v -13.603639 50.921627 -60.944984
v -13.248828 52.831467 -62.978012
v -7.398372 52.321938 -62.432648
v -1.546974 51.815357 -61.889000
v -1.901609 49.905125 -59.855221
v 7.716335 13.197419 43.121769
v 2.579594 13.818855 43.747257
v 12.853354 12.578229 42.495537
v 1.704370 11.372541 44.714680
v 1.496287 8.726695 45.643764
v 7.310998 8.025075 44.944981
v 13.126892 7.325564 44.245159
v 13.332953 9.969293 43.308846
v 18.028929 120.812096 -4.721712
v 18.832077 124.886894 -7.061559
v 19.231302 114.204781 -12.213967
v 19.799770 117.462753 -1.886764
v 22.648214 126.599030 -6.947518
v 27.339722 126.807716 -5.528443
v 25.893171 117.793320 -16.749937
v 28.393412 123.301903 -2.725660
v 28.163301 119.490280 -0.236396
v 31.817202 117.585304 -10.989912
v 23.787737 117.662621 -0.540234
v 24.779018 115.654762 -6.042089
v -20.237532 116.404205 7.354970
v -19.199263 114.505005 11.535137
v -22.428082 107.758888 5.310703
v -23.323195 119.042732 4.991631
v -21.845240 115.099289 15.046636
v -25.723722 116.966164 17.515024
v -25.151300 112.405800 11.208962
v -28.269890 119.449730 14.589056
v -29.865313 121.324692 10.718386
v -33.294231 110.078476 12.256297
v -26.830957 120.555176 6.899299
v -30.886412 107.689445 5.355545
v 20.238785 105.419434 -7.570385
v 22.860340 104.439911 -12.343441
v 20.922405 107.610001 -2.798403
v 27.061148 105.591209 -13.159549
v 32.151527 107.470306 -11.693501
v 31.636852 108.928795 -6.701149
v 30.248001 110.417473 -1.969541
v 24.733494 109.230354 -1.376802
v -16.697002 105.107895 13.087266
v -16.364332 110.056839 14.970593
v -20.181837 100.862846 12.661196
v -19.512424 111.912590 17.357655
v -24.602753 111.784950 19.952574
v -27.026669 107.229561 18.822529
v -28.799704 102.904320 17.036886
v -24.415112 100.901802 14.149412
v 3.527812 140.572662 25.159849
v 8.486462 143.064468 16.187450
v 3.250698 148.377548 25.384176
v -3.810811 143.215729 18.387346
v 10.296339 143.557663 12.166469
v 6.851822 144.482910 7.370468
v 14.344946 148.166901 13.411776
v 0.551136 145.602005 5.468348
v -5.366411 144.562653 9.598758
v 1.631008 148.700699 5.520020
v -6.909128 143.759308 15.195708
v -9.674581 149.173187 15.399485
v 3.076574 162.214157 24.962868
v 13.770844 163.409424 21.780422
v -7.732186 164.178467 22.330086
v 15.091807 163.549500 12.204043
v 13.171291 162.463776 3.562493
v 2.454806 162.585358 1.661861
v -8.132038 163.225677 4.107053
v -9.526694 164.429962 12.833345
v -22.382746 86.226112 -0.909662
v -20.122717 85.333580 5.632196
v -20.805248 87.043747 -7.007840
v -15.457989 87.573143 -10.195870
v -8.007643 87.468544 -11.078678
v -1.230348 88.071953 -11.432563
v 5.665077 87.518387 -11.927204
v 13.183799 87.523407 -11.933111
v 19.051640 86.970490 -9.456388
v 21.186733 86.129562 -3.384760
v 19.780352 85.199478 3.528070
v 15.315855 85.241623 8.057074
v 9.323943 84.440895 10.594524
v 0.246777 85.361191 11.377960
v -9.088154 84.405212 11.544724
v -15.187943 85.261810 9.883632
v 28.745005 79.435547 11.072898
v 30.123871 80.416359 12.442845
v 29.323509 77.437012 6.336561
v 31.464174 78.089508 6.545700
v 30.855576 75.605194 1.420230
v 32.704842 75.732300 0.638812
v 34.897594 76.837250 1.815120
v 33.885807 78.827660 6.782280
v 32.787025 80.667610 11.467788
v -7.195843 90.280296 41.323391
v -5.423694 90.885139 40.588402
v -3.199180 95.832436 41.258373
v -5.010125 96.281532 42.415264
v -1.848963 100.700058 42.374130
v -2.824399 102.282753 43.507122
v -5.349872 101.568237 44.610611
v -7.150701 96.812363 43.782719
v -8.924587 91.753304 42.824879
vt 0.208431 0.494797
vt 0.208575 0.478116
vt 0.229443 0.475893
vt 0.229271 0.493426
vt 0.252729 0.492198
vt 0.256170 0.471571
vt 0.275357 0.475888
vt 0.275429 0.493819
vt 0.298111 0.492176
vt 0.294163 0.471736
vt 0.321331 0.475953
vt 0.321541 0.493432
vt 0.198757 0.641525
vt 0.200055 0.589825
vt 0.221664 0.590600
vt 0.219751 0.640956
vt 0.244967 0.639373
vt 0.247968 0.591507
vt 0.275466 0.591669
vt 0.275481 0.635804
vt 0.305994 0.639365
vt 0.302966 0.591494
vt 0.329276 0.590573
vt 0.331197 0.640955
vt 0.199789 0.728809
vt 0.197393 0.704590
vt 0.219517 0.692482
vt 0.227784 0.730211
vt 0.252859 0.733034
vt 0.249003 0.687406
vt 0.275511 0.688085
vt 0.275516 0.730408
vt 0.298175 0.733010
vt 0.302021 0.687396
vt 0.331536 0.692451
vt 0.323246 0.730162
vt 0.805511 0.686057
vt 0.204711 0.752714
vt 0.229559 0.760254
vt 0.782889 0.696424
vt 0.784986 0.875584
vt 0.254181 0.941082
vt 0.275435 0.940431
vt 0.742298 0.896742
vt 0.699334 0.736241
vt 0.297037 0.807427
vt 0.321459 0.760204
vt 0.696358 0.696343
vt 0.808954 0.641287
vt 0.805193 0.664541
vt 0.784300 0.671779
vt 0.785729 0.644267
vt 0.763331 0.647822
vt 0.762442 0.673765
vt 0.742276 0.741120
vt 0.739609 0.647377
vt 0.715889 0.647774
vt 0.716786 0.673709
vt 0.694936 0.671695
vt 0.693494 0.644181
vt 0.806875 0.557726
vt 0.810121 0.617205
vt 0.790367 0.607046
vt 0.787575 0.557696
vt 0.763367 0.556090
vt 0.764746 0.603486
vt 0.739627 0.603152
vt 0.739688 0.556093
vt 0.716014 0.556064
vt 0.714496 0.603455
vt 0.688836 0.606971
vt 0.691820 0.557642
vt 0.803405 0.420481
vt 0.802841 0.435733
vt 0.782960 0.432290
vt 0.783371 0.416064
vt 0.759505 0.410786
vt 0.759570 0.428509
vt 0.739756 0.426992
vt 0.739743 0.409699
vt 0.720007 0.410786
vt 0.719946 0.428500
vt 0.696571 0.432245
vt 0.696182 0.416016
vt 0.819305 0.093413
vt 0.797386 0.086157
vt 0.790779 0.072322
vt 0.822344 0.073237
vt 0.265809 0.416173
vt 0.762697 0.377789
vt 0.739788 0.389948
vt 0.275377 0.462947
vt 0.364323 0.097210
vt 0.342669 0.089884
vt 0.336664 0.075169
vt 0.367299 0.076188
vt 0.342559 0.494848
vt 0.342402 0.478170
vt 0.366070 0.480227
vt 0.366198 0.495669
vt 0.352247 0.641476
vt 0.350872 0.589816
vt 0.374237 0.588973
vt 0.374011 0.638442
vt 0.936729 0.462892
vt 0.940585 0.464321
vt 0.946953 0.476690
vt 0.936605 0.482861
vt 0.804780 0.405462
vt 0.824266 0.410023
vt 0.823186 0.423812
vt 0.805355 0.509178
vt 0.825584 0.509339
vt 0.825621 0.554997
vt 0.118742 0.522844
vt 0.058006 0.517789
vt 0.074507 0.510871
vt 0.084702 0.516921
vt 0.822269 0.350445
vt 0.784755 0.399833
vt 0.805305 0.347137
vt 0.793942 0.336256
vt 0.777469 0.322538
vt 0.236211 0.409364
vt 0.220899 0.415267
vt 0.203041 0.415110
vt 0.182178 0.419746
vt 0.685950 0.336155
vt 0.717407 0.377787
vt 0.694840 0.399772
vt 0.674409 0.347030
vt 0.657366 0.350391
vt 0.674734 0.405426
vt 0.637625 0.358046
vt 0.347747 0.415166
vt 0.329799 0.415381
vt 0.314324 0.409429
vt 0.706215 0.336018
vt 0.292514 0.404556
vt 0.870618 0.237836
vt 0.844433 0.293934
vt 0.832214 0.287148
vt 0.858351 0.228645
vt 0.844944 0.223065
vt 0.821107 0.280742
vt 0.243727 0.342391
vt 0.826584 0.212775
vt 0.214622 0.282882
vt 0.224361 0.346790
vt 0.210147 0.349538
vt 0.199596 0.284960
vt 0.184434 0.288656
vt 0.194986 0.352422
vt 0.864110 0.304875
vt 0.163133 0.290367
vt 0.634803 0.222910
vt 0.658751 0.280554
vt 0.647480 0.287052
vt 0.621343 0.228556
vt 0.609012 0.237734
vt 0.635143 0.293889
vt 0.375465 0.356065
vt 0.590820 0.249121
vt 0.366326 0.288752
vt 0.355651 0.352469
vt 0.340563 0.349608
vt 0.351134 0.285011
vt 0.336042 0.282967
vt 0.326383 0.346874
vt 0.678330 0.268182
vt 0.315081 0.275917
vt 0.789900 0.091626
vt 0.894734 0.181072
vt 0.223763 0.023658
vt 0.779683 0.072008
vt 0.205625 0.023651
vt 0.212375 0.030485
vt 0.208733 0.046428
vt 0.818124 0.043214
vt 0.919973 0.054113
vt 0.218394 0.124576
vt 0.231547 0.124829
vt 0.925982 0.076298
vt 0.853028 0.105343
vt 0.173602 0.224408
vt 0.245023 0.044913
vt 0.815784 0.102925
vt 0.335499 0.095534
vt 0.609223 0.166963
vt 0.147562 0.023794
vt 0.325939 0.074804
vt 0.129108 0.019171
vt 0.133886 0.026698
vt 0.125138 0.040618
vt 0.363323 0.044920
vt 0.461211 0.056389
vt 0.114656 0.083148
vt 0.128082 0.110700
vt 0.466974 0.079440
vt 0.396801 0.109583
vt 0.345740 0.218419
vt 0.158805 0.046562
vt 0.361009 0.107136
vt 0.212264 0.093809
vt 0.204982 0.218327
vt 0.226791 0.056935
vt 0.229179 0.093286
vt 0.246067 0.092223
vt 0.255137 0.092099
vt 0.884191 0.095549
vt 0.853655 0.095653
vt 0.854753 0.074189
vt 0.884265 0.075061
vt 0.885799 0.054616
vt 0.855335 0.052709
vt 0.203340 0.068369
vt 0.888472 0.044995
vt 0.116537 0.064410
vt 0.377147 0.224500
vt 0.136900 0.057215
vt 0.135301 0.068971
vt 0.159593 0.072808
vt 0.169578 0.075371
vt 0.426769 0.099419
vt 0.397393 0.099512
vt 0.398467 0.077209
vt 0.426850 0.078134
vt 0.428347 0.056895
vt 0.399054 0.054890
vt 0.111199 0.052142
vt 0.430928 0.046902
vt 0.398347 0.732496
vt 0.353774 0.704759
vt 0.655189 0.607952
vt 0.404645 0.715309
vt 0.625247 0.642548
vt 0.669008 0.617360
vt 0.670290 0.641156
vt 0.629866 0.657272
vt 0.633967 0.675274
vt 0.674058 0.664432
vt 0.345812 0.774768
vt 0.637449 0.692485
vt 0.387906 0.765553
vt 0.346295 0.752641
vt 0.351218 0.728717
vt 0.392980 0.747350
vt 0.854032 0.642643
vt 0.181252 0.694641
vt 0.859345 0.625630
vt 0.152631 0.732602
vt 0.157999 0.747449
vt 0.163074 0.765647
vt 0.167481 0.783084
vt 0.845329 0.675366
vt 0.849419 0.657366
vt 0.462802 0.754848
vt 0.433121 0.744888
vt 0.586158 0.633072
vt 0.469035 0.736153
vt 0.562716 0.661102
vt 0.591598 0.653084
vt 0.596668 0.669873
vt 0.567525 0.676181
vt 0.573571 0.695803
vt 0.602326 0.689166
vt 0.414557 0.801264
vt 0.575415 0.714705
vt 0.450039 0.789809
vt 0.420413 0.781867
vt 0.427222 0.762131
vt 0.457315 0.770152
vt 0.916571 0.661069
vt 0.887682 0.653104
vt 0.112049 0.724515
vt 0.922852 0.642462
vt 0.088177 0.754903
vt 0.117860 0.744959
vt 0.123753 0.762207
vt 0.093657 0.770210
vt 0.100926 0.789871
vt 0.130556 0.781946
vt 0.872833 0.708772
vt 0.104321 0.808576
vt 0.905760 0.695791
vt 0.876995 0.689207
vt 0.882631 0.669903
vt 0.911782 0.676158
vt 0.245118 0.820265
vt 0.256063 0.761423
vt 0.275458 0.816348
vt 0.275456 0.817082
vt 0.305796 0.819611
vt 0.322444 0.827635
vt 0.716707 0.746651
vt 0.742277 0.751635
vt 0.767846 0.746640
vt 0.232576 0.815700
vt 0.789238 0.746868
vt 0.242805 0.909093
vt 0.242913 0.847487
vt 0.275453 0.850080
vt 0.275444 0.899369
vt 0.308078 0.909112
vt 0.307992 0.847504
vt 0.685718 0.768892
vt 0.335635 0.923345
vt 0.710517 0.826756
vt 0.709025 0.772272
vt 0.742280 0.767854
vt 0.742288 0.823907
vt 0.774059 0.826743
vt 0.775535 0.772258
vt 0.216918 0.852154
vt 0.800161 0.835727
vt 0.803587 0.472219
vt 0.184266 0.511368
vt 0.823748 0.473030
vt 0.786007 0.508646
vt 0.783967 0.470951
vt 0.760849 0.468488
vt 0.762764 0.507838
vt 0.739729 0.507585
vt 0.739749 0.469813
vt 0.718652 0.468468
vt 0.716699 0.507812
vt 0.693463 0.508589
vt 0.695538 0.470900
vt 0.347089 0.550471
vt 0.343449 0.511536
vt 0.656251 0.437958
vt 0.370672 0.549455
vt 0.305626 0.550928
vt 0.300328 0.509969
vt 0.323635 0.511057
vt 0.326613 0.553291
vt 0.245263 0.550946
vt 0.250519 0.509979
vt 0.275426 0.509223
vt 0.275447 0.553833
vt 0.203857 0.550446
vt 0.207534 0.511493
vt 0.227207 0.511082
vt 0.224277 0.553331
vt 0.296688 0.941095
vt 0.317831 0.963343
vt 0.722395 0.859395
vt 0.742293 0.859091
vt 0.762190 0.859387
vt 0.672412 0.557619
vt 0.673996 0.509116
vt 0.676597 0.435714
vt 0.676064 0.420456
vt 0.798456 0.058765
vt 0.820876 0.052919
vt 0.343747 0.061021
vt 0.365907 0.055032
vt 0.963235 0.483911
vt 0.902883 0.489040
vt 0.909072 0.482168
vt 0.925033 0.475729
vt 0.931354 0.463643
vt 0.080884 0.498420
vt 0.084741 0.496992
vt 0.090126 0.497750
vt 0.096539 0.509638
vt 0.112499 0.516024
vt 0.245369 0.109349
vt 0.249130 0.116712
vt 0.914174 0.091435
vt 0.914507 0.075957
vt 0.915392 0.060496
vt 0.143488 0.116794
vt 0.145270 0.126440
vt 0.455609 0.095160
vt 0.455938 0.079081
vt 0.456800 0.063019
vt 0.982240 0.434188
vt 0.963585 0.427947
vt 0.946509 0.423110
vt 0.890921 0.433118
vt 0.882130 0.436526
vt 0.926679 0.423006
vt 0.909612 0.427375
vt 0.937930 0.422313
vt 0.075163 0.457134
vt 0.058225 0.461798
vt 0.039557 0.467684
vt 0.094859 0.456979
vt 0.083682 0.456346
vt 0.130564 0.466891
vt 0.111877 0.461251
vt 0.033116 0.470128
vt 0.675805 0.472192
vt 0.653419 0.509254
vt 0.655248 0.472962
vt 0.367019 0.511392
vt 0.176921 0.588998
vt 0.180547 0.549455
vt 0.822760 0.437993
vt 0.233028 0.963316
vt 0.215241 0.923308
vt 0.798841 0.768868
vt 0.699605 0.875602
vt 0.684417 0.835751
vt 0.333987 0.852188
vt 0.228471 0.827609
vt 0.254212 0.785439
vt 0.759269 0.697501
vt 0.785216 0.736222
vt 0.695315 0.746888
vt 0.719972 0.697428
vt 0.296799 0.785396
vt 0.318344 0.815723
vt 0.903939 0.714697
vt 0.136407 0.801345
vt 0.081951 0.736203
vt 0.893090 0.633076
vt 0.446638 0.808511
vt 0.606509 0.708725
vt 0.556410 0.642507
vt 0.438944 0.724452
vt 0.841861 0.692578
vt 0.205190 0.774839
vt 0.146366 0.715395
vt 0.823906 0.608060
vt 0.383498 0.782992
vt 0.673752 0.685953
vt 0.619881 0.625562
vt 0.369876 0.694574
vt 0.624476 0.158216
vt 0.327082 0.211968
vt 0.653476 0.212425
vt 0.306569 0.342322
vt 0.153133 0.050558
vt 0.361352 0.222428
vt 0.125968 0.045756
vt 0.396618 0.225899
vt 0.569871 0.190223
vt 0.388031 0.290471
vt 0.615162 0.304972
vt 0.596954 0.173816
vt 0.584932 0.180968
vt 0.909456 0.190131
vt 0.154402 0.225852
vt 0.888489 0.249012
vt 0.175675 0.355943
vt 0.241882 0.047343
vt 0.189385 0.222364
vt 0.213528 0.046751
vt 0.223402 0.212053
vt 0.855547 0.158550
vt 0.235225 0.276013
vt 0.801766 0.268578
vt 0.882733 0.173912
vt 0.870470 0.167071
vt 0.702590 0.322102
vt 0.284431 0.416033
vt 0.369025 0.419829
vt 0.654789 0.409992
vt 0.841623 0.358035
vt 0.185243 0.480200
vt 0.257695 0.404697
vt 0.773758 0.336466
vt 0.177136 0.638471
vt 0.185108 0.495641
vt 0.653403 0.554919
vt 0.655840 0.423782
vt 0.740026 0.329135
vt 0.739609 0.679991
vt 0.717946 0.727940
vt 0.321543 0.784229
vt 0.275425 0.981496
vt 0.229466 0.784279
vt 0.766602 0.727930
vt 0.275513 0.766895
vt 0.294962 0.761394
vt 0.158494 0.031032
vt 0.235614 0.029385
vt 0.253884 0.807420
vt 0.968218 0.693073
vt 0.970279 0.686813
vt 0.964692 0.720144
vt 0.041234 0.817480
vt 0.965692 0.701614
vt 0.035620 0.790589
vt 0.038855 0.799577
vt 0.026837 0.766821
vt 0.976742 0.669618
vt 0.033170 0.783659
vt 0.515345 0.790561
vt 0.512107 0.799546
vt 0.509721 0.817448
vt 0.514670 0.720260
vt 0.513647 0.701731
vt 0.511110 0.693195
vt 0.509040 0.686939
vt 0.502555 0.669755
vt 0.524137 0.766797
vt 0.517798 0.783632
vt 0.052820 0.522857
vt 0.139366 0.470253
vt 0.968347 0.489050
vt 0.988625 0.436785
vt 0.108883 0.091107
vt 0.106409 0.062482
vt 0.399209 0.044805
vt 0.459518 0.102060
vt 0.428604 0.109556
vt 0.167704 0.057128
vt 0.215342 0.132259
vt 0.203222 0.094543
vt 0.855471 0.043005
vt 0.918242 0.098075
vt 0.886101 0.105305
vt 0.255511 0.067846
vt 0.169019 0.047690
vt 0.166893 0.025823
vt 0.125973 0.120002
vt 0.337008 0.054912
vt 0.115292 0.038211
vt 0.149847 0.015689
vt 0.254586 0.043904
vt 0.241676 0.021944
vt 0.231922 0.132778
vt 0.791425 0.052872
vt 0.199112 0.046316
vt 0.223332 0.014444
vn -0.342840 -0.519528 0.782657
vn -0.342840 -0.519528 0.782657
vn -0.108275 -0.607243 0.787104
vn -0.094118 -0.611259 0.785815
vn 0.053517 -0.653597 0.754948
vn 0.207835 -0.661575 0.720502
vn -0.101863 -0.544251 0.832715
vn -0.023955 -0.651015 0.758687
vn 0.060867 -0.318157 0.946082
vn -0.388285 0.305103 0.869567
vn 0.114826 0.021226 0.993159
vn 0.181071 0.113792 0.976865
vn -0.769765 -0.000877 0.638327
vn -0.767471 -0.180932 0.615022
vn -0.466421 -0.278430 0.839600
vn -0.460627 -0.110246 0.880720
vn -0.038763 -0.140112 0.989377
vn -0.074810 -0.365729 0.927710
vn 0.178146 -0.353849 0.918180
vn 0.220274 -0.130575 0.966659
vn 0.477345 -0.120985 0.870347
vn 0.445923 -0.285749 0.848233
vn 0.769235 -0.176184 0.614196
vn 0.806506 -0.067321 0.587380
vn 0.021297 -0.395600 0.918176
vn -0.432155 -0.292116 0.853177
vn -0.400206 -0.080720 0.912863
vn -0.075303 -0.035611 0.996525
vn 0.107474 0.061621 0.992296
vn 0.067019 -0.090471 0.993642
vn 0.226328 -0.083676 0.970450
vn 0.225170 0.041852 0.973420
vn 0.333658 0.069708 0.940113
vn 0.393616 -0.072424 0.916418
vn 0.773618 -0.033933 0.632743
vn 0.495960 -0.030157 0.867821
vn -0.692051 0.468706 0.548981
vn -0.417594 0.160138 0.894411
vn -0.132483 0.494396 0.859082
vn -0.314842 0.865438 0.389733
vn -0.599779 0.799203 0.039239
vn -0.471037 0.490951 0.732865
vn 0.039775 0.491655 0.869881
vn 0.038164 0.978671 0.201860
vn 0.493288 0.850688 0.181651
vn 0.299891 0.434450 0.849305
vn 0.477078 0.483038 0.734214
vn 0.432946 0.861319 0.265871
vn -0.560354 0.364346 -0.743812
vn -0.808296 0.588706 0.009110
vn -0.510400 0.821730 -0.253480
vn -0.499751 0.355662 -0.789781
vn -0.317944 0.417675 -0.851152
vn -0.355812 0.731980 -0.581037
vn -0.207466 0.575915 -0.790746
vn -0.227068 0.412474 -0.882216
vn -0.082962 0.434050 -0.897061
vn 0.058544 0.740124 -0.669917
vn 0.366117 0.838585 -0.403403
vn 0.178813 0.382446 -0.906510
vn -0.923459 0.250660 -0.290504
vn -0.663441 0.229771 -0.712075
vn -0.602959 0.274350 -0.749115
vn -0.546968 0.305419 -0.779452
vn -0.275014 0.291485 -0.916190
vn -0.303010 0.284140 -0.909642
vn -0.228294 0.280627 -0.932272
vn -0.217368 0.278082 -0.935640
vn -0.152685 0.278389 -0.948255
vn -0.131934 0.292273 -0.947191
vn 0.271796 0.318646 -0.908070
vn 0.181532 0.311305 -0.932811
vn -0.777529 0.049036 -0.626933
vn -0.798372 0.007876 -0.602113
vn -0.259200 0.065905 -0.963572
vn -0.202041 0.151244 -0.967628
vn -0.050274 0.083920 -0.995204
vn -0.073926 0.048287 -0.996094
vn -0.079444 0.026955 -0.996475
vn -0.081488 -0.030879 -0.996196
vn -0.046026 -0.093601 -0.994545
vn -0.042440 0.012306 -0.999023
vn 0.167203 0.000820 -0.985922
vn 0.159052 -0.121027 -0.979824
vn 0.119314 0.676384 -0.726821
vn 0.117254 0.672903 -0.730379
vn 0.118008 0.672523 -0.730607
vn 0.119724 0.675289 -0.727771
vn 0.980406 -0.185238 -0.067013
vn 0.752464 -0.143557 -0.642798
vn 0.302542 -0.499487 -0.811777
vn -0.417405 -0.879204 0.229725
vn -0.092769 -0.949987 0.298193
vn -0.097360 -0.950903 0.293775
vn -0.094082 -0.950994 0.294549
vn -0.089866 -0.949816 0.299623
vn 0.979601 -0.069329 0.188614
vn 0.979601 -0.069329 0.188614
vn 0.979601 -0.069329 0.188614
vn 0.979601 -0.069329 0.188614
vn 0.969315 0.064032 0.237338
vn 0.957168 -0.084160 0.277031
vn 0.979610 0.005257 -0.200838
vn 0.977105 0.166599 -0.132331
vn 0.230798 -0.886045 0.402065
vn 0.230796 -0.886046 0.402064
vn 0.230796 -0.886046 0.402064
vn 0.230798 -0.886045 0.402065
vn -0.955152 -0.045990 -0.292522
vn -0.955152 -0.045990 -0.292522
vn -0.955152 -0.045990 -0.292522
vn -0.955152 -0.045990 -0.292522
vn -0.873813 0.197956 -0.444145
vn -0.982742 -0.026439 0.183084
vn -0.952993 0.105630 0.283984
vn 0.453599 -0.316765 0.833012
vn 0.453600 -0.316765 0.833010
vn 0.453600 -0.316765 0.833010
vn 0.453599 -0.316765 0.833012
vn -0.298485 0.411548 -0.861124
vn -0.350959 0.462031 -0.814466
vn -0.022620 0.526844 -0.849661
vn 0.054554 0.486715 -0.871856
vn 0.962920 0.131601 -0.235513
vn 0.963482 0.133184 -0.232302
vn 0.708071 -0.375335 0.598130
vn -0.021069 -0.548131 0.836127
vn -0.038286 -0.554393 0.831374
vn -0.971376 -0.225909 0.073436
vn -0.968736 -0.233989 0.082463
vn -0.968736 -0.233989 0.082463
vn -0.971113 -0.226739 0.074362
vn -0.362927 -0.618627 -0.696839
vn -0.316588 -0.633593 -0.705926
vn 0.020832 -0.661538 -0.749622
vn -0.036525 -0.664231 -0.746635
vn 0.958685 -0.245889 -0.143047
vn 0.953139 -0.257454 -0.158882
vn 0.953139 -0.257454 -0.158882
vn 0.959267 -0.244618 -0.141312
vn 0.431264 0.583876 0.687823
vn 0.353670 0.635308 0.686513
vn 0.022251 0.698291 0.715468
vn 0.036027 0.670440 0.741089
vn -0.707432 0.457828 0.538455
vn -0.969575 -0.226243 0.093481
vn -0.949653 0.145886 0.277268
vn -0.774542 0.401460 0.488788
vn -0.767959 0.294374 0.568844
vn -0.066592 0.301158 0.951246
vn -0.025047 0.620844 0.783534
vn 0.747282 0.383276 0.542834
vn 0.659268 0.316404 0.682095
vn 0.951458 -0.299266 -0.071881
vn 0.998361 -0.052314 0.023211
vn 0.755868 -0.569178 -0.323573
vn 0.465155 -0.839138 -0.281919
vn 0.054346 -0.938402 -0.341245
vn 0.031753 -0.839243 -0.542828
vn -0.729783 -0.557760 -0.395374
vn -0.354221 -0.868337 -0.347158
vn -0.957716 -0.240758 -0.157529
vn -0.998700 -0.005359 -0.050701
vn -0.883400 0.038633 -0.467024
vn -0.877723 0.077617 -0.472841
vn -0.062430 -0.174984 -0.982590
vn -0.127107 -0.209966 -0.969411
vn 0.753207 -0.269942 -0.599842
vn 0.834179 -0.232660 -0.500015
vn 0.991324 -0.131302 -0.006034
vn 0.981399 -0.180335 -0.065843
vn 0.884605 -0.030859 0.465320
vn 0.832597 0.047793 0.551814
vn 0.108180 0.252806 0.961450
vn 0.121276 0.198984 0.972470
vn -0.760912 0.247928 0.599620
vn -0.720513 0.284337 0.632466
vn -0.976101 0.198798 0.087786
vn -0.981880 0.170779 0.082137
vn -0.500021 0.364412 0.785610
vn -0.500021 0.364412 0.785610
vn -0.058450 0.366388 0.928624
vn -0.051134 0.365766 0.929301
vn 0.870737 -0.129698 0.474337
vn 0.870737 -0.129698 0.474337
vn 0.870737 -0.129698 0.474337
vn 0.870737 -0.129698 0.474337
vn -0.032737 -0.878443 0.476725
vn -0.032737 -0.878443 0.476725
vn -0.119745 -0.874257 0.470464
vn -0.119745 -0.874257 0.470464
vn -0.897905 -0.353708 0.262026
vn -0.897905 -0.353708 0.262026
vn -0.897905 -0.353708 0.262026
vn -0.897905 -0.353708 0.262026
vn -0.505059 0.185372 -0.842943
vn -0.505059 0.185372 -0.842943
vn -0.099918 0.145387 -0.984317
vn -0.095143 0.144769 -0.984881
vn 0.907403 0.127717 -0.400386
vn 0.907403 0.127717 -0.400386
vn 0.907403 0.127717 -0.400386
vn 0.907403 0.127717 -0.400386
vn 0.200847 0.978944 -0.036450
vn 0.200847 0.978944 -0.036450
vn 0.115547 0.992958 -0.026141
vn 0.115453 0.992969 -0.026129
vn -0.778814 0.627108 0.013575
vn -0.778814 0.627108 0.013575
vn -0.778814 0.627108 0.013575
vn -0.778814 0.627108 0.013575
vn -0.122244 -0.680737 0.722256
vn -0.122244 -0.680737 0.722256
vn -0.123145 -0.682266 0.720658
vn -0.123145 -0.682266 0.720658
vn -0.942520 -0.171046 0.287054
vn -0.942520 -0.171046 0.287054
vn -0.942520 -0.171046 0.287054
vn -0.942520 -0.171046 0.287054
vn 0.124738 0.681748 -0.720874
vn 0.122538 0.680040 -0.722862
vn 0.122773 0.679005 -0.723794
vn 0.124789 0.680913 -0.721654
vn 0.992157 -0.084490 0.092116
vn 0.992262 -0.082865 0.092464
vn 0.992262 -0.082867 0.092464
vn 0.992157 -0.084490 0.092116
vn 0.073457 0.943694 -0.322562
vn 0.073457 0.943694 -0.322562
vn 0.079317 0.943939 -0.320450
vn 0.079329 0.943939 -0.320446
vn -0.866358 0.490553 -0.093714
vn -0.866358 0.490553 -0.093714
vn -0.866357 0.490553 -0.093714
vn -0.866357 0.490553 -0.093714
vn -0.077978 -0.943146 0.323102
vn -0.084247 -0.946526 0.311435
vn -0.082095 -0.946050 0.313448
vn -0.076880 -0.942695 0.324676
vn 0.985193 -0.121869 -0.120592
vn 0.984761 -0.124275 -0.121662
vn 0.984760 -0.124283 -0.121665
vn 0.985193 -0.121869 -0.120592
vn -0.519459 -0.790065 0.325516
vn 0.843967 -0.319639 0.430756
vn -0.938288 -0.345669 -0.011373
vn -0.983058 -0.141716 -0.116251
vn -0.729887 0.450885 -0.513778
vn 0.306695 0.446789 -0.840427
vn 0.098183 0.578741 -0.809580
vn -0.209185 0.742759 -0.636043
vn 0.591912 0.734479 -0.331935
vn 0.731104 0.649949 -0.207492
vn 0.876103 0.418594 0.239212
vn 0.941131 0.282147 0.186187
vn 0.810506 -0.331174 0.483119
vn 0.781899 0.029616 0.622701
vn 0.496798 -0.544240 0.676014
vn 0.259104 -0.812670 0.521951
vn 0.104609 0.167035 -0.980386
vn 0.836987 -0.237625 -0.492937
vn 0.756615 -0.149180 -0.636615
vn 0.777333 -0.613502 0.139169
vn 0.306851 -0.647104 0.697925
vn -0.342472 -0.206247 0.916611
vn -0.762910 0.299446 0.572975
vn -0.870732 0.468010 -0.150969
vn -0.427987 0.350877 -0.832894
vn -0.882614 0.043948 0.468040
vn -0.896170 -0.165368 0.411744
vn -0.959015 -0.114305 -0.259278
vn -0.948302 -0.300043 -0.103433
vn -0.587996 -0.449610 -0.672393
vn -0.522846 0.065673 -0.849894
vn 0.047344 0.287583 -0.956585
vn 0.203250 -0.353443 -0.913109
vn 0.849241 -0.178290 -0.496993
vn 0.592433 0.385227 -0.707548
vn 0.976286 0.193927 0.096216
vn 0.983942 0.042834 0.173273
vn 0.669290 0.326777 0.667284
vn 0.832294 0.097093 0.545766
vn -0.075266 -0.122859 0.989566
vn -0.198917 0.439378 0.876002
vn 0.368395 -0.768299 -0.523452
vn -0.053493 -0.466037 -0.883147
vn 0.649466 -0.180153 -0.738741
vn 0.821987 -0.218772 -0.525810
vn 0.824951 0.441752 -0.352577
vn 0.928406 0.186902 -0.321140
vn 0.475097 0.643147 0.600537
vn 0.244309 0.963000 0.113769
vn -0.416578 0.670386 0.614040
vn -0.532277 0.306914 0.788977
vn -0.800680 0.136412 0.583355
vn -0.691402 0.087551 0.717146
vn -0.760280 -0.565915 0.318929
vn -0.936196 -0.141487 -0.321743
vn -0.592885 -0.334352 -0.732595
vn -0.370771 -0.905810 -0.205032
vn -0.436900 -0.523202 0.731695
vn -0.436900 -0.523202 0.731695
vn -0.436901 -0.523202 0.731695
vn -0.436900 -0.523202 0.731695
vn 0.931208 -0.364116 -0.016459
vn 0.931208 -0.364116 -0.016459
vn 0.948678 -0.282840 -0.141462
vn 0.468888 -0.366945 -0.803428
vn -0.238461 0.341766 -0.909028
vn -0.153858 -0.134339 -0.978918
vn -0.763690 -0.296231 -0.573607
vn -0.427626 0.822675 0.374622
vn -0.956940 -0.125143 0.261925
vn -0.705683 0.112787 0.699493
vn -0.618955 -0.113283 0.777214
vn 0.061964 -0.135661 0.988816
vn 0.041723 0.088358 0.995215
vn 0.765081 0.071775 0.639922
vn 0.725987 -0.176808 0.664591
vn 0.969859 -0.239674 0.043928
vn 0.995504 0.094259 -0.009323
vn 0.670250 -0.015490 -0.741973
vn 0.611194 -0.272018 -0.743269
vn -0.060845 -0.239648 -0.968951
vn -0.042227 -0.129928 -0.990624
vn -0.712163 0.013378 -0.701887
vn -0.721465 -0.207935 -0.660493
vn -0.977014 -0.137068 0.163264
vn -0.987279 0.149730 0.053495
vn -0.800251 0.114030 -0.588724
vn -0.995334 -0.086882 0.041968
vn -0.998044 -0.052867 0.033358
vn -0.447529 0.311664 -0.838202
vn -0.327831 0.192781 -0.924858
vn -0.130172 0.160039 -0.978490
vn -0.217255 0.294494 -0.930631
vn -0.175768 0.245911 -0.953223
vn -0.112509 0.121844 -0.986152
vn -0.068056 0.077761 -0.994646
vn -0.131633 0.203144 -0.970260
vn 0.095110 0.172574 -0.980394
vn 0.148292 0.044223 -0.987954
vn 0.886961 -0.166394 0.430828
vn 0.860559 -0.169705 0.480248
vn 0.993151 -0.081193 -0.084016
vn 0.991824 -0.083353 -0.096634
vn 0.240533 -0.445295 0.862471
vn 0.162189 -0.380407 0.910486
vn 0.429402 -0.310581 0.848029
vn 0.569978 -0.314282 0.759178
vn -0.112555 -0.461409 0.880019
vn -0.042376 -0.348310 0.936421
vn 0.064961 -0.366405 0.928185
vn 0.078720 -0.510783 0.856098
vn -0.823074 -0.192186 0.534428
vn -0.788733 -0.191055 0.584293
vn -0.338477 -0.295857 0.893254
vn -0.451052 -0.346798 0.822364
vn -0.019577 -0.381686 0.924085
vn -0.243346 -0.367775 0.897510
vn -0.762225 -0.278964 0.584116
vn 0.226448 -0.513849 0.827454
vn 0.148745 -0.445831 0.882672
vn 0.084231 -0.407526 0.909301
vn 0.324124 0.320728 0.889987
vn 0.324124 0.320728 0.889987
vn 0.845654 -0.166536 0.507085
vn 0.294083 -0.361038 0.884967
vn 0.075957 0.423488 0.902712
vn 0.208869 0.206960 0.955793
vn 0.561052 0.473854 0.678737
vn 0.644259 0.764713 0.012038
vn 0.531164 0.639028 -0.556334
vn 0.007592 0.714339 -0.699759
vn -0.491140 0.688997 -0.532976
vn 0.741268 0.288808 -0.605898
vn 0.634432 0.113331 -0.764625
vn 0.083836 0.089609 -0.992442
vn -0.014693 0.229805 -0.973126
vn -0.112249 0.271673 -0.955821
vn -0.377952 0.371780 -0.847898
vn -0.377952 0.371780 -0.847898
vn -0.072814 -0.472427 -0.878357
vn -0.655220 -0.630300 -0.416425
vn 0.096314 -0.447167 -0.889250
vn -0.024568 -0.051729 -0.998359
vn 0.701768 -0.033068 -0.711637
vn 0.684939 -0.137921 -0.715428
vn 0.319687 -0.384055 -0.866200
vn 0.319687 -0.384055 -0.866200
vn -0.020161 -0.463271 -0.885988
vn 0.003891 -0.459516 -0.888161
vn 0.118759 0.672145 -0.730834
vn 0.120371 0.674579 -0.728323
vn 0.123008 0.677972 -0.724723
vn -0.090742 -0.951075 0.295333
vn -0.086431 -0.949480 0.301692
vn -0.079958 -0.945569 0.315445
vn 0.946898 -0.223389 -0.231261
vn 0.946898 -0.223389 -0.231261
vn 0.946898 -0.223389 -0.231261
vn 0.946898 -0.223389 -0.231261
vn 0.989123 -0.114907 -0.091824
vn 0.957532 0.275879 -0.083808
vn 0.230795 -0.886048 0.402061
vn 0.230795 -0.886048 0.402061
vn 0.230798 -0.886046 0.402063
vn 0.230798 -0.886046 0.402063
vn 0.230800 -0.886045 0.402064
vn 0.230800 -0.886045 0.402064
vn 0.230800 -0.886044 0.402065
vn 0.230800 -0.886044 0.402065
vn -0.960531 -0.246620 0.128679
vn -0.960531 -0.246620 0.128679
vn -0.960531 -0.246620 0.128679
vn -0.960531 -0.246620 0.128679
vn -0.992731 -0.119365 0.015375
vn -0.924807 0.206264 0.319666
vn 0.453600 -0.316765 0.833011
vn 0.453600 -0.316765 0.833011
vn 0.453599 -0.316765 0.833012
vn 0.453599 -0.316765 0.833012
vn 0.453597 -0.316765 0.833012
vn 0.453597 -0.316765 0.833012
vn 0.453597 -0.316764 0.833013
vn 0.453597 -0.316764 0.833013
vn 0.431960 0.517134 -0.738907
vn 0.405839 0.472355 -0.782417
vn 0.372912 0.417207 -0.828779
vn 0.055743 0.409588 -0.910566
vn -0.248178 0.362328 -0.898402
vn 0.949990 -0.183468 0.252703
vn 0.951140 -0.119617 0.284646
vn 0.951140 -0.119617 0.284646
vn 0.970777 0.158364 -0.180313
vn 0.970777 0.158364 -0.180313
vn -0.377923 -0.528825 0.759947
vn -0.431659 -0.530789 0.729338
vn -0.478136 -0.530827 0.699720
vn -0.047229 -0.563900 0.824492
vn 0.448094 -0.463960 0.764169
vn -0.958837 -0.015885 -0.283513
vn -0.958837 -0.015885 -0.283513
vn -0.955886 -0.017125 -0.293240
vn -0.955684 -0.017208 -0.293892
vn -0.952439 -0.018521 -0.304165
vn -0.952439 -0.018521 -0.304165
vn -0.974055 -0.217165 0.063697
vn -0.974054 -0.217165 0.063697
vn 0.294769 -0.627390 -0.720759
vn 0.269291 -0.642633 -0.717290
vn 0.243083 -0.657574 -0.713097
vn -0.074240 -0.667341 -0.741043
vn -0.418020 -0.598405 -0.683499
vn 0.988436 0.004794 0.151560
vn 0.988436 0.004794 0.151560
vn 0.989549 -0.000596 0.144196
vn 0.989356 0.000369 0.145515
vn 0.990402 -0.005033 0.138125
vn 0.990402 -0.005033 0.138125
vn 0.964183 -0.233389 -0.126021
vn 0.964183 -0.233389 -0.126021
vn -0.396217 0.592611 0.701302
vn 0.084753 0.628089 0.773512
vn 0.495894 0.534881 0.684099
vn -0.973354 -0.200354 -0.111532
vn -0.977387 -0.179450 -0.111856
vn -0.986945 -0.115224 -0.112532
vn -0.986945 -0.115224 -0.112532
vn -0.953233 0.181613 0.241584
vn -0.953233 0.181613 0.241584
vn 0.827085 0.409870 0.384625
vn -0.031458 0.753490 0.656707
vn -0.844415 0.430428 0.318897
vn 0.858152 -0.361381 -0.364664
vn 0.999947 0.005673 0.008589
vn -0.857818 -0.313883 -0.406973
vn -0.019391 -0.683472 -0.729719
vn -0.997422 0.047323 -0.053953
vn 0.718913 -0.301525 -0.626296
vn -0.156607 -0.241622 -0.957650
vn -0.894868 0.004142 -0.446311
vn 0.907174 -0.106089 0.407161
vn 0.969785 -0.219919 -0.105608
vn -0.794394 0.208504 0.570494
vn 0.110330 0.143724 0.983448
vn -0.984859 0.144736 0.095422
vn 0.404259 0.287166 0.868395
vn 0.404259 0.287166 0.868395
vn 0.489139 0.596176 0.636645
vn 0.489139 0.596176 0.636645
vn -0.001653 0.732579 0.680680
vn -0.006403 0.732964 0.680237
vn -0.496960 0.675787 0.544374
vn -0.496960 0.675787 0.544373
vn 0.769225 -0.480169 0.421582
vn 0.769225 -0.480169 0.421582
vn 0.769225 -0.480169 0.421582
vn 0.769225 -0.480169 0.421582
vn 0.992353 -0.081410 0.092776
vn 0.992353 -0.081410 0.092776
vn 0.964149 0.091977 0.248914
vn 0.964149 0.091977 0.248914
vn 0.964148 0.091977 0.248914
vn 0.964148 0.091977 0.248914
vn -0.205841 -0.863402 0.460615
vn -0.205841 -0.863402 0.460615
vn 0.017689 -0.290576 -0.956688
vn 0.017689 -0.290576 -0.956688
vn 0.063181 -0.294830 -0.953459
vn 0.063181 -0.294830 -0.953459
vn 0.108540 -0.298465 -0.948229
vn 0.108540 -0.298465 -0.948229
vn -0.951173 0.025777 0.307580
vn -0.951173 0.025777 0.307580
vn -0.951173 0.025777 0.307580
vn -0.951173 0.025777 0.307580
vn -0.964100 0.254765 0.074873
vn -0.964100 0.254765 0.074873
vn -0.964100 0.254765 0.074873
vn -0.964100 0.254765 0.074873
vn -0.992445 0.080765 -0.092362
vn -0.992319 0.082458 -0.092213
vn -0.992320 0.082445 -0.092214
vn -0.992445 0.080765 -0.092362
vn 0.341778 0.074979 -0.936785
vn 0.341778 0.074979 -0.936785
vn 0.325614 -0.317435 -0.890624
vn 0.325614 -0.317435 -0.890624
vn -0.150478 -0.290568 -0.944948
vn -0.155445 -0.289911 -0.944346
vn -0.588597 -0.197802 -0.783854
vn -0.588597 -0.197802 -0.783854
vn 0.885784 0.417545 -0.202593
vn 0.885784 0.417545 -0.202593
vn 0.885783 0.417545 -0.202593
vn 0.885784 0.417545 -0.202593
vn 0.984368 -0.126429 -0.122620
vn 0.984368 -0.126429 -0.122620
vn 0.927158 -0.189272 -0.323349
vn 0.927158 -0.189272 -0.323349
vn 0.927158 -0.189272 -0.323349
vn 0.927158 -0.189272 -0.323349
vn 0.029264 0.999450 -0.015620
vn 0.029264 0.999450 -0.015620
vn 0.050781 -0.180640 0.982238
vn 0.050781 -0.180640 0.982238
vn 0.096131 -0.186129 0.977811
vn 0.096187 -0.186135 0.977805
vn 0.141357 -0.191234 0.971313
vn 0.141357 -0.191234 0.971313
vn -0.913322 0.367732 -0.174975
vn -0.913322 0.367732 -0.174975
vn -0.913322 0.367732 -0.174975
vn -0.913322 0.367732 -0.174975
vn -0.994436 0.063573 -0.083997
vn -0.994436 0.063573 -0.083997
vn -0.994436 0.063573 -0.083997
vn -0.994436 0.063573 -0.083997
vn -0.984467 0.126210 0.122048
vn -0.984842 0.124090 0.121197
vn -0.984835 0.124128 0.121212
vn -0.984467 0.126210 0.122048
vn -0.124047 -0.683795 0.719052
vn -0.124047 -0.683795 0.719052
vn -0.222850 -0.714900 0.662764
vn -0.222850 -0.714900 0.662764
vn -0.126039 -0.726895 0.675083
vn -0.126026 -0.726896 0.675085
vn -0.027994 -0.731863 0.680877
vn -0.027994 -0.731863 0.680877
vn -0.992176 0.084346 -0.092046
vn -0.992176 0.084346 -0.092046
vn -0.929459 0.168499 -0.328198
vn -0.929459 0.168499 -0.328197
vn -0.929459 0.168499 -0.328198
vn -0.929459 0.168499 -0.328198
vn -0.895621 -0.313848 0.315218
vn -0.895621 -0.313848 0.315218
vn -0.895621 -0.313848 0.315218
vn -0.895621 -0.313848 0.315218
vn 0.124839 0.680079 -0.722432
vn 0.216258 0.616113 -0.757388
vn 0.216258 0.616113 -0.757388
vn 0.126017 0.626634 -0.769058
vn 0.126003 0.626635 -0.769059
vn 0.034704 0.631898 -0.774275
vn 0.034704 0.631897 -0.774275
vn 0.834242 -0.320466 0.448710
vn 0.834242 -0.320466 0.448710
vn 0.834242 -0.320466 0.448710
vn 0.834242 -0.320466 0.448710
vn 0.755790 -0.457180 0.468794
vn 0.755790 -0.457180 0.468794
vn 0.755790 -0.457180 0.468794
vn 0.755790 -0.457180 0.468794
vn 0.988741 0.002004 -0.149624
vn 0.988741 0.002004 -0.149624
vn 0.988741 0.002004 -0.149624
vn 0.988741 0.002004 -0.149624
vn 0.085168 0.944147 -0.318328
vn 0.085168 0.944147 -0.318328
vn -0.014666 0.965575 -0.259710
vn -0.014666 0.965575 -0.259710
vn 0.082006 0.958526 -0.272953
vn 0.082111 0.958513 -0.272966
vn 0.177903 0.942301 -0.283584
vn 0.177903 0.942301 -0.283584
vn -0.985252 0.121730 0.120248
vn -0.985252 0.121730 0.120248
vn -0.954628 -0.072588 0.288819
vn -0.954628 -0.072588 0.288819
vn -0.954628 -0.072588 0.288819
vn -0.954628 -0.072588 0.288819
vn -0.778110 0.623519 -0.075950
vn -0.778110 0.623519 -0.075949
vn -0.778110 0.623519 -0.075949
vn -0.778110 0.623519 -0.075949
vn -0.075787 -0.942243 0.326242
vn 0.029693 -0.920547 0.389500
vn 0.029693 -0.920548 0.389501
vn -0.061136 -0.913715 0.401730
vn -0.061192 -0.913709 0.401737
vn -0.151498 -0.899155 0.410571
vn -0.151498 -0.899155 0.410571
vn 0.908203 0.275622 -0.314962
vn 0.908203 0.275622 -0.314962
vn 0.908203 0.275622 -0.314962
vn 0.908203 0.275622 -0.314962
vn 0.862580 0.425102 -0.274305
vn 0.862580 0.425102 -0.274305
vn 0.862580 0.425102 -0.274305
vn 0.862580 0.425102 -0.274305
vn 0.951442 -0.302102 0.059097
vn 0.951442 -0.302102 0.059097
vn 0.951442 -0.302102 0.059097
vn 0.951442 -0.302102 0.059097
vn -0.659036 -0.502387 -0.559713
vn -0.934240 -0.350640 -0.065173
vn -0.888888 -0.052676 0.455086
vn 0.907934 -0.201251 -0.367632
vn 0.189204 -0.433449 -0.881092
vn 0.673511 0.268251 0.688785
vn 0.980638 0.028812 0.193696
vn -0.211197 0.357184 0.909844
vn 0.880191 0.355988 -0.313906
vn 0.853080 -0.227488 -0.469578
vn 0.514758 -0.713979 -0.474613
vn -0.373471 0.636665 0.674668
vn 0.332686 0.927254 0.171812
vn -0.727817 -0.474852 0.494771
vn -0.673875 0.096350 0.732536
vn -0.280264 -0.951292 -0.128438
vn 0.657950 -0.547551 0.517000
vn 0.657950 -0.547551 0.517000
vn 0.657950 -0.547551 0.517000
vn 0.657950 -0.547551 0.517000
vn 0.712967 -0.536698 0.451258
vn 0.113577 -0.455173 0.883129
vn -0.630094 -0.400059 0.665533
vn 0.685815 -0.727138 -0.030457
vn -0.867298 -0.280081 0.411520
vn -0.867298 -0.280081 0.411520
vn -0.808683 -0.541151 0.230624
vn 0.700777 -0.013805 -0.713247
vn -0.209511 0.398944 0.892720
vn -0.751767 0.136667 0.645111
vn -0.751767 0.136667 0.645111
vn -0.208634 0.399210 0.892806
vn -0.971517 -0.236285 0.018029
vn -0.971517 -0.236285 0.018029
vn -0.971517 -0.236285 0.018029
vn -0.971517 -0.236285 0.018029
vn -0.923737 -0.325225 -0.202334
vn -0.923737 -0.325225 -0.202334
vn -0.923737 -0.325225 -0.202334
vn -0.923737 -0.325225 -0.202334
vn -0.332471 -0.434048 -0.837297
vn 0.191574 -0.332628 -0.923395
vn 0.191610 -0.332618 -0.923391
vn -0.332471 -0.434048 -0.837297
vn 0.544092 -0.195822 -0.815854
vn 0.544092 -0.195822 -0.815854
vn 0.950683 0.301417 0.073137
vn 0.950684 0.301417 0.073137
vn 0.950683 0.301417 0.073137
vn 0.950683 0.301417 0.073137
vn 0.944994 0.311783 0.098888
vn 0.944994 0.311783 0.098888
vn 0.944994 0.311783 0.098888
vn 0.944994 0.311783 0.098888
vn 0.266011 0.487970 0.831338
vn 0.266011 0.487970 0.831338
vn -0.351793 -0.915464 -0.195363
vn 0.128492 -0.887714 -0.442101
vn 0.128492 -0.887714 -0.442101
vn -0.351823 -0.915457 -0.195344
vn 0.776470 -0.310287 -0.548467
vn 0.776470 -0.310287 -0.548467
vn 0.776470 -0.310287 -0.548467
vn 0.776470 -0.310287 -0.548467
vn 0.857000 -0.085250 -0.508216
vn 0.857000 -0.085250 -0.508216
vn 0.857000 -0.085250 -0.508216
vn 0.857000 -0.085250 -0.508216
vn 0.757775 0.613791 -0.221445
vn 0.317928 0.938821 0.132428
vn 0.317230 0.938994 0.132876
vn 0.757775 0.613791 -0.221445
vn -0.109352 0.923848 0.366808
vn -0.109352 0.923848 0.366808
vn -0.828103 0.223816 0.513957
vn -0.828103 0.223816 0.513957
vn -0.828103 0.223816 0.513957
vn -0.828103 0.223816 0.513957
vn -0.837606 0.197530 0.509310
vn -0.837606 0.197530 0.509310
vn -0.837606 0.197530 0.509310
vn -0.837607 0.197530 0.509310
vn -0.642184 -0.766188 0.023588
vn -0.642184 -0.766188 0.023588
s 1
g pCube1
usemtl pCube1SG
f 101/1/1 1/2/2 98/3/3 97/4/4
f 99/5/5 2/6/6 103/7/7 102/8/8
f 104/9/9 3/10/10 107/11/11 106/12/12
s 3
f 114/13/13 5/14/14 111/15/15 110/16/16
f 112/17/17 6/18/18 116/19/19 115/20/20
f 117/21/21 7/22/22 120/23/23 119/24/24
f 126/25/25 9/26/26 113/27/27 123/28/28
f 124/29/29 10/30/30 118/31/31 127/32/32
f 128/33/33 11/34/34 122/35/35 130/36/36
f 136/424/37 13/38/38 125/39/39 133/474/40
f 141/401/41 85/42/42 138/43/43 137/473/44
f 145/413/45 15/477/46 132/47/47 142/472/48
f 149/49/49 17/50/50 135/51/51 146/52/52
f 147/53/53 18/54/54 151/470/55 150/56/56
f 152/57/57 19/58/58 144/59/59 154/60/60
f 160/61/61 21/62/62 148/63/63 157/64/64
f 158/65/65 22/66/66 153/67/67 161/68/68
f 162/69/69 23/70/70 156/71/71 164/72/72
f 171/73/73 90/74/74 168/75/75 167/76/76
f 169/77/77 91/78/78 173/79/79 172/80/80
f 174/81/81 92/82/82 177/83/83 176/84/84
s 10
f 184/85/85 49/86/86 181/87/87 180/88/88
s 1
f 187/464/89 30/90/90 175/91/91 185/469/92
s 12
f 192/93/93 53/94/94 189/95/95 188/96/96
s off
f 108/97/97 4/98/98 194/99/99 193/100/100
s 3
f 121/101/101 8/102/102 197/103/103 196/104/104
s 13
f 378/105/105 377/106/106 379/107/107 380/108/108
s off
f 171/73/109 29/109/110 204/110/111 203/111/112
s 3
f 160/61/61 25/112/113 207/113/114 206/114/115
s 14
f 386/501/116 387/116/117 388/117/118 389/118/119
s 15
f 216/119/120 29/109/121 170/120/122 213/121/123
s 1
f 214/122/124 30/90/90 187/464/89 217/123/125
f 218/124/126 2/6/6 98/3/127 220/125/128
s 17
f 221/126/129 1/2/130 204/462/131 223/127/132
s 18
f 228/128/133 31/129/134 179/130/135 225/131/136
s 19
f 226/132/137 32/133/138 194/460/139 229/134/140
s 1
f 230/135/141 4/98/142 107/11/143 232/136/144
f 233/137/145 3/10/10 186/458/146 235/139/147
s 21
f 240/140/148 33/141/149 215/142/150 237/143/151
f 238/144/152 34/145/153 219/454/154 241/147/155
f 242/148/156 35/149/157 222/150/158 244/151/159
f 245/152/160 36/153/161 224/447/162 247/155/163
s 22
f 252/156/164 37/157/165 227/158/166 249/159/167
f 250/160/168 38/161/169 231/441/170 253/163/171
f 254/164/172 39/165/173 234/166/174 256/167/175
f 257/168/176 40/169/177 236/434/178 259/171/179
s 23
f 263/524/180 41/479/181 239/174/182 261/528/183
s off
f 262/176/184 42/177/185 243/178/186 264/527/187
s 24
f 270/511/188 58/181/189 267/182/190 266/525/191
s off
f 272/516/192 44/448/193 248/186/194 271/523/195
s 25
f 275/518/196 45/478/197 251/190/198 273/522/199
s off
f 274/192/200 46/193/201 255/194/202 276/521/203
s 26
f 282/505/204 62/197/205 279/198/206 278/519/207
s off
f 284/510/208 48/435/209 260/202/210 283/517/211
s 27
f 287/204/212 43/450/213 246/206/214 285/207/215
s off
f 286/208/216 44/448/217 272/516/218 288/209/219
s 10
f 289/210/220 52/211/221 183/212/222 290/213/223
s 28
f 291/214/224 51/215/225 265/513/226 292/217/227
s 29
f 295/218/228 47/437/229 258/220/230 293/221/231
s off
f 294/222/232 48/435/233 284/510/234 296/223/235
s 12
f 297/224/236 56/225/237 191/226/238 298/227/239
s 30
f 299/228/240 55/229/241 277/507/242 300/231/243
s 3
f 304/232/244 12/233/245 198/430/246 301/235/247
f 302/236/248 24/237/249 155/238/250 305/239/251
f 306/240/252 20/241/253 143/428/254 308/243/255
f 309/244/256 16/245/257 131/246/258 311/247/259
f 316/248/260 21/62/62 208/426/261 313/250/262
f 314/251/263 9/26/26 126/25/25 317/252/264
f 318/253/265 13/38/38 136/424/37 320/254/266
f 321/255/267 17/50/50 149/49/49 323/256/268
f 327/257/269 66/258/270 303/422/271 325/260/272
f 326/261/273 65/262/274 307/263/275 328/264/276
f 329/265/277 67/266/278 310/420/279 330/268/280
f 331/269/281 68/270/282 312/271/283 332/272/284
f 335/273/285 69/274/286 315/418/287 333/276/288
f 334/277/289 70/278/290 319/279/291 336/280/292
f 337/281/293 71/282/294 322/416/295 338/284/296
f 339/285/297 72/286/298 324/287/299 340/288/300
s off
f 344/289/301 14/480/302 129/291/303 341/292/304
s 3
f 342/293/305 15/46/306 145/414/45 345/294/307
f 346/295/308 19/471/58 151/55/309 348/296/310
f 349/297/311 18/475/54 134/410/312 351/299/313
f 355/300/314 81/301/315 343/302/316 353/303/317
f 354/304/318 82/305/319 347/406/320 356/307/321
f 357/308/322 83/309/323 350/310/324 358/311/325
f 359/312/326 84/313/327 352/403/328 360/315/329
f 363/316/330 90/74/74 205/400/331 361/318/332
f 363/316/330 25/112/113 159/319/333 364/320/334
f 365/321/335 26/322/336 163/323/337 366/324/338
f 367/325/339 27/326/340 166/327/341 368/328/342
f 371/329/343 94/330/344 195/397/345 370/332/346
f 373/333/347 95/334/348 109/335/349 372/336/350
f 375/337/351 96/338/352 105/339/353 374/340/354
f 362/341/355 89/342/356 100/343/357 376/344/358
s 1
f 98/3/3 2/6/6 99/5/5 97/4/4
s 3
f 99/5/359 96/338/352 100/343/357 97/4/360
f 100/343/357 89/342/356 101/1/361 97/4/360
s 1
f 103/7/7 3/10/10 104/9/9 102/8/362
s 3
f 104/9/363 95/334/348 105/339/353 102/8/364
f 105/339/353 96/338/352 99/5/359 102/8/364
s 1
f 107/11/11 4/98/365 108/97/366 106/12/12
s 3
f 108/97/367 94/330/344 109/335/349 106/12/368
f 109/335/349 95/334/348 104/9/363 106/12/368
f 111/15/15 6/18/18 112/17/17 110/16/16
f 112/17/17 10/30/30 113/27/27 110/16/16
f 113/27/27 9/26/26 114/13/13 110/16/16
f 116/19/19 7/22/22 117/21/21 115/20/20
f 117/21/21 11/34/34 118/31/31 115/20/20
f 118/31/31 10/30/30 112/17/17 115/20/20
f 120/23/23 8/102/102 121/101/101 119/24/24
f 121/101/101 12/233/245 122/35/35 119/24/24
f 122/35/35 11/34/34 117/21/21 119/24/24
f 113/27/27 10/30/30 124/29/29 123/28/28
f 124/29/29 14/290/369 125/39/39 123/28/28
f 125/39/39 13/38/38 126/25/25 123/28/28
f 118/31/31 11/34/34 128/33/33 127/32/32
f 128/33/33 15/477/46 129/476/370 127/32/32
f 129/476/370 14/290/369 124/29/29 127/32/32
f 122/35/35 12/233/245 131/246/258 130/36/36
f 131/246/258 16/245/257 132/47/47 130/36/36
f 132/47/47 15/477/46 128/33/33 130/36/36
f 125/39/39 14/290/369 134/408/312 133/474/40
f 134/409/312 18/54/54 135/51/51 133/40/40
f 135/51/51 17/50/50 136/37/37 133/40/40
f 138/43/43 86/345/371 139/346/372 137/473/44
f 139/404/372 87/347/373 140/348/374 137/44/44
f 140/348/374 88/349/375 141/41/41 137/44/44
f 132/47/47 16/245/257 143/242/254 142/472/48
f 143/428/254 20/241/253 144/59/59 142/48/48
f 144/59/59 19/58/58 145/412/45 142/48/48
f 135/51/51 18/54/54 147/53/53 146/52/52
f 147/53/53 22/66/66 148/63/63 146/52/52
f 148/63/63 21/62/62 149/49/49 146/52/52
f 151/470/55 19/58/58 152/57/57 150/56/56
f 152/57/57 23/70/70 153/67/67 150/56/56
f 153/67/67 22/66/66 147/53/53 150/56/56
f 144/59/59 20/241/253 155/238/250 154/60/60
f 155/238/250 24/237/249 156/71/71 154/60/60
f 156/71/71 23/70/70 152/57/57 154/60/60
f 148/63/63 22/66/66 158/65/65 157/64/64
f 158/65/65 26/322/336 159/319/333 157/64/64
f 159/319/333 25/112/113 160/61/61 157/64/64
f 153/67/67 23/70/70 162/69/69 161/68/68
f 162/69/69 27/326/340 163/323/337 161/68/68
f 163/323/337 26/322/336 158/65/65 161/68/68
f 156/71/71 24/237/249 165/350/376 164/72/72
f 165/350/376 28/351/377 166/327/341 164/72/72
f 166/327/341 27/326/340 162/69/69 164/72/72
f 168/75/75 91/78/78 169/77/77 167/76/76
s 1
f 169/77/378 30/90/90 170/120/379 167/76/380
f 170/120/379 29/109/381 171/73/382 167/76/380
s 3
f 173/79/79 92/82/82 174/81/81 172/80/80
s 1
f 174/81/383 31/129/384 175/91/91 172/80/385
f 175/91/91 30/90/90 169/77/378 172/80/386
s 3
f 177/83/83 93/352/387 178/353/388 176/84/84
s 1
f 178/353/389 32/133/390 179/130/391 176/84/392
f 179/130/391 31/129/384 174/81/383 176/84/392
s 10
f 181/87/87 50/354/393 182/355/394 180/88/88
f 182/355/394 51/215/395 183/212/222 180/88/88
f 183/212/222 52/211/221 184/85/85 180/88/88
s 1
f 175/91/91 31/129/384 186/138/146 185/469/92
f 186/458/146 3/10/10 103/7/7 185/92/92
f 103/7/7 2/6/6 187/89/89 185/92/92
s 12
f 189/95/95 54/356/396 190/357/397 188/96/96
f 190/357/397 55/229/398 191/226/238 188/96/96
f 191/226/238 56/225/237 192/93/93 188/96/96
s off
f 194/460/399 32/133/400 178/353/401 193/468/402
s 3
f 178/353/388 93/352/387 195/331/345 193/468/403
f 195/397/345 94/330/344 108/97/367 193/100/403
f 197/395/103 28/351/377 165/350/376 196/467/104
f 165/350/376 24/237/249 198/234/404 196/467/104
f 198/430/404 12/233/245 121/101/101 196/104/104
s 41
f 379/107/405 381/358/406 382/503/407 380/108/408
f 382/359/407 383/360/409 384/361/410 380/108/408
s 13
f 384/361/411 385/362/412 378/105/105 380/108/108
s off
f 204/462/413 1/2/414 101/1/415 203/466/416
s 3
f 101/1/361 89/342/356 205/317/331 203/466/417
f 205/400/331 90/74/74 171/73/73 203/111/417
f 207/398/114 5/14/14 114/13/13 206/465/115
f 114/13/13 9/26/26 208/249/418 206/465/115
f 208/426/418 21/62/62 160/61/61 206/114/115
s 42
f 388/117/419 390/363/420 391/364/421 389/118/422
f 391/364/421 392/365/423 393/366/424 389/118/422
s 14
f 393/366/425 394/367/426 386/115/116 389/118/119
s 15
f 170/120/122 30/90/427 214/122/428 213/121/123
f 214/122/428 34/145/429 215/142/430 213/121/123
f 215/142/430 33/141/431 216/119/120 213/121/123
s 1
f 187/89/89 2/6/6 218/124/126 217/463/432
f 218/124/126 35/149/433 219/146/434 217/463/432
f 219/454/435 34/145/436 214/122/124 217/123/125
f 98/3/127 1/2/437 221/126/438 220/125/128
f 221/126/438 36/153/439 222/150/440 220/125/128
f 222/150/440 35/149/441 218/124/126 220/125/128
s 43
f 204/110/442 29/109/443 216/119/444 223/461/445
f 216/119/444 33/141/446 224/154/447 223/461/445
s 17
f 224/447/448 36/153/449 221/126/129 223/127/132
s 18
f 179/130/135 32/133/450 226/132/451 225/131/136
f 226/132/451 38/161/452 227/158/453 225/131/136
f 227/158/453 37/157/454 228/128/133 225/131/136
s 44
f 194/99/455 4/98/456 230/135/457 229/459/458
f 230/135/457 39/165/459 231/162/460 229/459/458
s 19
f 231/441/461 38/161/462 226/132/137 229/134/140
s 1
f 107/11/143 3/10/10 233/137/145 232/136/144
f 233/137/145 40/169/463 234/166/464 232/136/144
f 234/166/464 39/165/465 230/135/141 232/136/144
f 186/138/146 31/129/384 228/128/466 235/457/467
f 228/128/466 37/157/468 236/170/469 235/457/467
f 236/434/470 40/169/471 233/137/145 235/139/147
s 21
f 215/142/150 34/145/153 238/144/152 237/143/151
f 238/144/152 42/456/472 239/455/473 237/143/151
f 239/455/473 41/173/474 240/140/148 237/143/151
f 219/146/154 35/149/157 242/148/156 241/453/155
f 242/148/156 43/205/475 243/451/476 241/453/155
f 243/452/476 42/456/472 238/144/152 241/147/155
f 222/150/158 36/153/161 245/152/160 244/151/159
f 245/152/160 44/185/477 246/449/478 244/151/159
f 246/449/478 43/205/475 242/148/156 244/151/159
f 224/154/162 33/141/149 240/140/148 247/446/163
f 240/140/148 41/173/474 248/444/479 247/446/163
f 248/445/479 44/185/477 245/152/160 247/155/163
s 22
f 227/158/166 38/161/169 250/160/168 249/159/167
f 250/160/168 46/443/480 251/442/481 249/159/167
f 251/442/481 45/189/482 252/156/164 249/159/167
f 231/162/170 39/165/173 254/164/172 253/440/171
f 254/164/172 47/219/483 255/438/484 253/440/171
f 255/439/484 46/443/480 250/160/168 253/163/171
f 234/166/174 40/169/177 257/168/176 256/167/175
f 257/168/176 48/201/485 258/436/486 256/167/175
f 258/436/486 47/219/483 254/164/172 256/167/175
f 236/170/178 37/157/165 252/156/164 259/433/179
f 252/156/164 45/189/482 260/431/487 259/433/179
f 260/432/487 48/201/485 257/168/176 259/171/179
s 23
f 239/174/182 42/177/488 262/176/489 261/528/183
s 45
f 262/526/490 50/354/491 181/87/492 261/175/493
f 181/87/492 49/86/494 263/172/495 261/175/493
s off
f 243/178/496 43/450/497 265/216/498 264/527/499
s 28
f 265/513/226 51/215/225 182/355/500 264/179/501
s off
f 182/355/502 50/354/503 262/526/504 264/179/505
s 24
f 267/182/190 57/368/506 268/369/507 266/525/191
s 46
f 268/514/508 59/370/509 269/371/510 266/183/511
f 269/371/510 60/372/512 270/180/513 266/183/511
s off
f 248/186/514 41/479/515 263/524/516 271/523/517
f 263/172/518 49/86/519 184/85/520 271/187/521
s 47
f 184/85/522 52/211/523 272/184/524 271/187/525
s 25
f 251/190/198 46/193/526 274/192/527 273/522/199
s 48
f 274/520/528 54/356/529 189/95/530 273/191/531
f 189/95/530 53/94/532 275/188/533 273/191/531
s off
f 255/194/534 47/437/535 277/230/536 276/521/537
s 30
f 277/507/242 55/229/241 190/357/538 276/195/539
s off
f 190/357/540 54/356/541 274/520/542 276/195/543
s 26
f 279/198/206 61/373/544 280/374/545 278/519/207
s 49
f 280/508/546 63/375/547 281/376/548 278/199/549
f 281/376/548 64/377/550 282/196/551 278/199/549
s off
f 260/202/552 45/478/553 275/518/554 283/517/555
f 275/188/556 53/94/557 192/93/558 283/203/559
s 50
f 192/93/560 56/225/561 284/200/562 283/203/563
s 27
f 246/206/214 44/448/564 286/208/565 285/207/215
s 51
f 286/208/566 57/368/567 267/182/568 285/207/569
f 267/182/568 58/181/570 287/204/571 285/207/569
s 47
f 272/184/524 52/211/523 289/210/572 288/515/573
s off
f 289/210/574 59/370/575 268/514/576 288/515/577
f 268/369/578 57/368/579 286/208/580 288/209/581
s 10
f 183/212/222 51/215/395 291/214/582 290/213/223
s 52
f 291/214/583 60/372/584 269/371/585 290/213/586
f 269/371/585 59/370/587 289/210/588 290/213/586
s off
f 265/216/589 43/450/590 287/204/591 292/512/592
f 287/204/593 58/181/594 270/511/595 292/512/596
f 270/180/597 60/372/598 291/214/599 292/217/600
s 29
f 258/220/230 48/435/601 294/222/602 293/221/231
s 53
f 294/222/603 61/373/604 279/198/605 293/221/606
f 279/198/605 62/197/607 295/218/608 293/221/606
s 50
f 284/200/562 56/225/561 297/224/609 296/509/610
s off
f 297/224/611 63/375/612 280/508/613 296/509/614
f 280/374/615 61/373/616 294/222/617 296/223/618
s 12
f 191/226/238 55/229/398 299/228/619 298/227/239
s 54
f 299/228/620 64/377/621 281/376/622 298/227/623
f 281/376/622 63/375/624 297/224/625 298/227/623
s off
f 277/230/626 47/437/627 295/218/628 300/506/629
f 295/218/630 62/197/631 282/505/632 300/506/633
f 282/196/634 64/377/635 299/228/636 300/231/637
s 3
f 198/234/246 24/237/249 302/236/248 301/429/247
f 302/236/248 65/262/274 303/259/271 301/429/247
f 303/422/271 66/258/270 304/232/244 301/235/247
f 155/238/250 20/241/253 306/240/252 305/239/251
f 306/240/252 67/266/278 307/263/275 305/239/251
f 307/263/275 65/262/274 302/236/248 305/239/251
f 143/242/254 16/245/257 309/244/256 308/427/255
f 309/244/256 68/270/282 310/267/279 308/427/255
f 310/420/279 67/266/278 306/240/252 308/243/255
f 131/246/258 12/233/245 304/232/244 311/247/259
f 304/232/244 66/258/270 312/271/283 311/247/259
f 312/271/283 68/270/282 309/244/256 311/247/259
f 208/249/261 9/26/26 314/251/263 313/425/262
f 314/251/263 70/278/290 315/275/287 313/425/262
f 315/418/287 69/274/286 316/248/260 313/250/262
f 126/25/25 13/38/38 318/253/265 317/252/264
f 318/253/265 71/282/294 319/279/291 317/252/264
f 319/279/291 70/278/290 314/251/263 317/252/264
f 136/37/37 17/50/50 321/255/267 320/423/266
f 321/255/267 72/286/298 322/283/295 320/423/266
f 322/416/295 71/282/294 318/253/265 320/254/266
f 149/49/49 21/62/62 316/248/260 323/256/268
f 316/248/260 69/274/286 324/287/299 323/256/268
f 324/287/299 72/286/298 321/255/267 323/256/268
f 303/259/271 65/262/274 326/261/273 325/421/272
f 326/261/273 73/497/638 199/498/639 325/421/272
f 199/499/639 74/500/640 327/257/269 325/260/272
f 307/263/275 67/266/278 329/265/277 328/264/276
f 329/265/277 75/495/641 200/496/642 328/264/276
f 200/496/642 73/497/638 326/261/273 328/264/276
f 310/267/279 68/270/282 331/269/281 330/419/280
f 331/269/281 76/492/643 201/493/644 330/419/280
f 201/494/644 75/495/641 329/265/277 330/268/280
f 312/271/283 66/258/270 327/257/269 332/272/284
f 327/257/269 74/500/640 202/491/645 332/272/284
f 202/491/645 76/492/643 331/269/281 332/272/284
f 315/275/287 70/278/290 334/277/289 333/417/288
f 334/277/289 78/490/646 209/488/647 333/417/288
f 209/489/647 77/482/648 335/273/285 333/276/288
f 319/279/291 71/282/294 337/281/293 336/280/292
f 337/281/293 79/487/649 210/486/650 336/280/292
f 210/486/650 78/490/646 334/277/289 336/280/292
f 322/283/295 72/286/298 339/285/297 338/415/296
f 339/285/297 80/485/651 211/483/652 338/415/296
f 211/484/652 79/487/649 337/281/293 338/284/296
f 324/287/299 69/274/286 335/273/285 340/288/300
f 335/273/285 77/482/648 212/481/653 340/288/300
f 212/481/653 80/485/651 339/285/297 340/288/300
s off
f 129/291/654 15/46/655 342/293/656 341/292/657
s 3
f 342/293/658 82/305/319 343/302/316 341/292/659
f 343/302/316 81/301/315 344/289/660 341/292/659
f 145/45/45 19/471/58 346/295/308 345/411/307
f 346/295/308 83/309/323 347/306/320 345/411/661
f 347/406/320 82/305/319 342/293/658 345/294/661
f 151/55/309 18/475/54 349/297/311 348/296/310
f 349/297/311 84/313/327 350/310/324 348/296/310
f 350/310/324 83/309/323 346/295/308 348/296/310
f 134/298/312 14/480/662 344/289/663 351/407/313
f 344/289/660 81/301/315 352/314/328 351/407/664
f 352/403/328 84/313/327 349/297/311 351/299/664
f 343/302/316 82/305/319 354/304/318 353/303/317
f 354/304/318 86/345/371 138/43/43 353/303/317
f 138/43/43 85/42/42 355/300/314 353/303/317
f 347/306/320 83/309/323 357/308/322 356/405/321
f 357/308/322 87/347/373 139/404/372 356/405/321
f 139/346/372 86/345/371 354/304/318 356/307/321
f 350/310/324 84/313/327 359/312/326 358/311/325
f 359/312/326 88/349/375 140/348/374 358/311/325
f 140/348/374 87/347/373 357/308/322 358/311/325
f 352/314/328 81/301/315 355/300/314 360/402/329
f 355/300/314 85/42/42 141/401/41 360/402/329
f 141/41/41 88/349/375 359/312/326 360/315/329
f 205/317/331 89/342/356 362/341/355 361/399/332
f 362/341/355 5/14/14 207/398/114 361/399/332
f 207/113/114 25/112/113 363/316/330 361/318/332
f 159/319/333 26/322/336 365/321/335 364/320/334
f 365/321/335 91/78/78 168/75/75 364/320/334
f 168/75/75 90/74/74 363/316/330 364/320/334
f 163/323/337 27/326/340 367/325/339 366/324/338
f 367/325/339 92/82/82 173/79/79 366/324/338
f 173/79/79 91/78/78 365/321/335 366/324/338
f 166/327/341 28/351/377 369/394/665 368/328/342
f 369/394/665 93/352/387 177/83/83 368/328/342
f 177/83/83 92/82/82 367/325/339 368/328/342
f 195/331/345 93/352/387 369/394/665 370/396/346
f 369/394/665 28/351/377 197/395/103 370/396/346
f 197/103/103 8/102/102 371/329/343 370/332/346
f 109/335/349 94/330/344 371/329/343 372/336/350
f 371/329/343 8/102/102 120/23/23 372/336/350
f 120/23/23 7/22/22 373/333/347 372/336/350
f 105/339/353 95/334/348 373/333/347 374/340/354
f 373/333/347 7/22/22 116/19/19 374/340/354
f 116/19/19 6/18/18 375/337/351 374/340/354
f 100/343/357 96/338/352 375/337/351 376/344/358
f 375/337/351 6/18/18 111/15/15 376/344/358
f 111/15/15 5/14/14 362/341/355 376/344/358
s 55
f 202/385/666 74/380/667 377/106/668 378/105/669
s off
f 74/380/670 199/379/671 379/107/672 377/106/673
f 199/379/674 73/378/675 381/358/676 379/107/677
s 56
f 73/378/678 200/504/679 382/503/680 381/358/681
f 200/382/679 75/381/682 383/360/683 382/359/680
s off
f 75/381/684 201/384/685 384/361/686 383/360/687
f 201/384/688 76/383/689 385/362/690 384/361/691
s 55
f 76/383/692 202/385/666 378/105/669 385/362/693
s 57
f 212/393/694 77/388/695 387/116/696 386/501/697
s off
f 77/388/698 209/387/699 388/117/700 387/116/701
f 209/387/702 78/386/703 390/363/704 388/117/705
s 58
f 78/386/706 210/390/707 391/364/708 390/363/709
f 210/390/707 79/389/710 392/365/711 391/364/708
s off
f 79/389/712 211/392/713 393/366/714 392/365/715
f 211/392/716 80/391/717 394/367/718 393/366/719
s 57
f 80/391/720 212/502/694 386/115/697 394/367/721
