# This file uses centimeters as units for non-parametric coordinates.

mtllib run_frame05.mtl
g default
v -18.290014 62.418556 0.605625
v -4.933310 64.274208 1.400836
v 5.321529 67.841545 2.343424
v 18.702372 68.301620 1.657993
v -19.940969 93.301254 9.747356
v -7.196602 89.399796 17.288023
v 10.783105 88.774849 14.455159
v 20.968662 91.776985 3.400784
v -15.290043 120.594101 15.989599
v -4.802867 115.149864 22.443815
v 10.259285 116.029755 20.547049
v 17.242924 121.394882 12.042536
v -19.700771 127.325523 20.616320
v -4.459701 135.358353 19.578976
v 6.888389 135.862656 18.158955
v 21.991673 128.233383 16.147461
v -22.921114 131.535217 11.598774
v -7.944893 138.285675 8.339437
v 7.169778 139.148682 6.463277
v 23.227358 132.397980 6.466339
v -17.046024 123.841064 8.693494
v -8.017863 121.249283 -0.268767
v 7.041780 122.121048 -2.169915
v 16.974752 125.074776 4.596677
v -21.666035 97.787598 -2.220690
v -9.251229 98.412834 -7.849768
v 5.730086 98.022400 -10.184897
v 19.206619 96.342728 -8.841236
v -18.775801 68.036026 -10.486771
v -5.392282 65.647545 -11.503184
v 3.679038 62.559235 -8.164453
v 17.083191 64.347588 -10.297798
v -14.254137 39.222656 -25.548635
v -6.650271 39.689060 -25.505228
v -6.709831 33.268238 -18.024158
v -14.327557 32.804722 -18.433382
v 6.389013 36.482483 10.395957
v 14.112098 35.501480 9.731292
v 15.676204 40.851059 21.020815
v 7.949437 41.789333 21.679087
v -11.588151 69.619713 -27.435707
v -4.242204 69.251122 -27.883602
v -5.024449 62.673744 -36.231182
v -12.374510 63.046616 -35.810104
v -0.104359 5.897274 6.099869
v 7.302509 5.314409 5.095006
v 8.739089 5.045417 16.015095
v 1.282436 5.211725 16.979731
v -12.245690 74.712425 -30.610567
v -3.448758 74.278969 -31.155050
v -3.118504 64.312737 -42.235600
v -14.877481 64.870522 -41.527168
v -1.145954 0.178798 5.155825
v 7.774746 -0.114295 3.992562
v 11.223196 -0.412619 18.638229
v -0.465875 -0.353389 20.128094
v -14.740244 50.752785 -49.552074
v -5.476334 50.352337 -50.119087
v -14.779209 53.324123 -52.003860
v -5.515303 52.923645 -52.570923
v 2.738080 4.168844 35.227394
v 11.954291 4.226337 34.061207
v 2.760061 0.616441 35.242233
v 11.976571 0.674698 34.078438
v 24.295162 107.116516 -7.076818
v 21.570873 110.064270 0.169090
v 34.245522 110.978455 -5.219690
v 31.819298 112.213089 2.326770
v -26.291616 107.889893 -3.743539
v -21.676161 110.235649 3.784878
v -31.385244 110.829765 8.256609
v -35.645016 111.071663 0.796074
v 24.208199 89.497589 18.566246
v 21.005072 97.170952 23.697945
v 27.770555 90.549751 19.216536
v 24.566988 98.223610 24.349785
v -21.196714 85.169540 16.374729
v -16.869528 91.472740 22.461311
v -20.204195 92.224533 24.053505
v -24.531382 85.921333 17.966923
v -6.260309 147.161484 24.144506
v 9.421794 146.757965 23.561806
v 11.839604 146.397324 7.332221
v -9.755729 146.571274 7.945062
v -5.908314 168.550385 21.915365
v 8.952674 168.363052 21.917217
v 8.629575 170.098022 4.072279
v -5.537136 170.276611 4.070515
v -19.046618 71.984489 5.033817
v -20.322947 74.766403 -7.235435
v -7.742026 76.001175 -11.251407
v 4.428441 75.217377 -13.600856
v 17.796227 75.248711 -12.481781
v 19.443859 75.177567 0.232024
v 7.959118 74.047363 5.771403
v -6.602719 72.585732 7.754012
v -12.898949 66.707275 5.313939
v -12.447486 62.219341 2.476783
v -5.933343 67.672920 5.694110
v -13.623599 71.857376 7.379526
v -18.760685 66.902657 3.212657
v 0.645370 69.569702 5.279572
v 0.480907 65.758987 3.556818
v 7.102054 71.001083 4.249324
v 0.719826 73.317604 6.842143
v 13.741694 71.848473 2.934948
v 13.125690 68.979958 3.608148
v 19.184322 71.643333 0.243594
v 14.591767 74.842545 3.625180
v -13.666306 103.618347 17.348736
v -15.004614 91.247307 14.136191
v -6.569415 102.219994 20.294168
v -12.401467 116.176628 19.854872
v -18.646631 105.160378 13.537856
v 2.748257 101.112480 18.926001
v 1.911766 88.793549 16.675137
v 12.061926 102.538292 17.688078
v 2.561694 115.898277 20.305553
v 17.562138 104.031456 12.907210
v 17.344713 90.102966 9.032080
v 20.954342 105.464211 8.053735
v 16.144844 117.490334 16.108400
v -11.303291 126.120567 21.706169
v -4.612988 128.008102 22.471289
v -12.909184 134.224701 21.558298
v -17.453154 122.575150 19.527304
v 2.021568 127.680695 21.564411
v 8.590493 128.788925 20.810776
v 1.410026 137.774719 21.145805
v 14.614482 127.337402 18.427948
v 19.755081 123.399666 15.404344
v 15.329469 135.164734 18.358187
v -14.419439 137.649109 16.214203
v -6.134280 139.339798 14.682968
v -16.884966 137.543213 10.033957
v -21.620150 129.675552 16.317726
v 1.590798 173.873810 19.264004
v 1.522515 168.487320 22.327995
v 10.090001 171.220123 15.310207
v 1.552987 170.704529 2.075114
v -7.910577 171.448364 15.325753
v 15.698933 138.613983 13.031898
v 22.998446 130.525375 11.512808
v 17.018179 138.658630 6.472721
v 7.097466 139.758133 13.110128
v -15.434487 131.323914 5.832332
v -8.265071 133.046066 3.584418
v -15.341807 121.282417 2.254847
v -20.809717 128.965805 8.473161
v -0.703152 133.486374 2.628992
v -0.141340 141.236435 7.127693
v 6.946588 133.968781 1.689501
v -0.485987 121.694046 -1.215079
v 14.791280 132.597534 2.290321
v 20.402884 129.646240 3.707417
v 14.526793 122.858070 -1.515086
v -15.633803 109.578804 -1.676869
v -8.058830 109.535011 -3.702417
v -16.710363 98.644005 -6.021161
v -20.379263 108.666718 2.268110
v -0.500063 109.713089 -4.709254
v 6.952672 109.926361 -5.786081
v -1.752196 98.038551 -9.108650
v 14.417168 110.170898 -5.897873
v 19.772213 109.193329 -3.481003
v 13.303218 97.581345 -10.756921
v -14.165718 72.283279 -11.079633
v -14.976092 75.667793 -10.310575
v -7.045608 72.326996 -11.714251
v -13.238341 69.210663 -12.634172
v -19.601276 71.246735 -8.420359
v -1.390243 71.644379 -12.375274
v -1.687629 75.748856 -12.408142
v 4.278400 70.339546 -13.228976
v -1.151641 67.517944 -12.250823
v 11.478579 69.638229 -13.836991
v 11.751396 75.129929 -14.295969
v 17.549068 69.637306 -12.064034
v 10.998693 64.144951 -12.018540
v -8.335414 70.507790 -35.508663
v -7.683134 76.114426 -28.952417
v -2.449874 70.236565 -35.834335
v -8.999671 64.578171 -41.880215
v -14.202635 70.832207 -35.119778
v 0.225324 63.968449 1.284872
v 4.056682 55.957836 3.066194
v -4.416813 55.564701 -12.117504
v 4.196899 -0.213249 10.797804
v 3.029097 0.118686 2.226979
v 10.003469 -0.340502 10.032328
v 5.383285 -0.385847 19.385696
v -1.658831 -0.055697 11.544627
v 19.784340 70.517685 -6.369161
v 19.216278 66.117950 -4.759679
v 20.134251 75.255333 -6.637663
v 22.062963 106.676018 1.589255
v 22.028366 94.093765 -3.359972
v 16.673521 122.174522 7.555951
v 21.832165 93.225258 21.070749
v 25.969114 89.176491 18.329693
v 26.188494 94.511917 21.865974
v 22.051840 98.560318 24.606022
v -20.750963 69.168594 -2.894491
v -19.987347 65.366753 -5.322129
v -21.391054 73.350830 -1.307805
v -21.631317 106.300110 7.692816
v -22.992474 95.762291 3.764733
v -16.023193 121.995483 11.262179
v -18.289955 88.254425 19.176123
v -17.683092 92.568123 23.871225
v -22.367847 89.173782 21.123182
v -22.974712 84.860085 16.428080
v -11.685296 56.640724 -20.189304
v -7.272306 54.976112 -18.664001
v -10.265276 40.054726 -26.079067
v -16.436546 54.369270 -19.229219
v -5.414419 51.803238 -13.157923
v -7.155864 48.146572 -8.074868
v -5.237846 36.263252 -21.721804
v -11.537444 47.486328 -6.050448
v -16.350731 47.430264 -8.679368
v -10.345692 31.726778 -16.431801
v -17.693533 50.923397 -13.953959
v -15.408490 35.704689 -22.071123
v 10.413771 49.483929 -1.800091
v 15.551907 49.056358 0.101015
v 9.952293 35.543068 9.093255
v 6.188758 50.093616 0.870322
v 17.560236 52.077869 5.570379
v 17.139013 55.149342 11.442478
v 15.973428 38.147923 15.679181
v 12.486151 57.447105 13.050747
v 7.772923 56.217251 12.223762
v 11.938445 42.363106 23.431168
v 5.299493 53.460289 6.632869
v 5.874892 39.429768 16.520340
v -8.715328 53.151413 -19.367014
v -4.840019 51.665627 -21.350180
v -7.786469 70.614571 -25.960032
v -13.045859 52.324661 -21.150272
v -3.756697 49.307343 -27.210739
v -5.613334 46.856728 -32.773907
v -3.389736 66.259583 -31.987778
v -9.765377 46.753944 -34.723900
v -13.833837 47.456669 -32.618389
v -8.951234 60.678288 -38.205486
v -14.742718 50.069584 -27.006149
v -13.203905 66.843018 -31.460592
v 6.537617 22.538319 5.574843
v 11.009355 21.832230 6.976640
v 3.371662 5.723908 3.644981
v 2.822330 23.481546 8.201799
v 12.939981 20.755947 13.200528
v 12.528028 20.473431 19.801647
v 9.127019 4.995881 10.111264
v 8.505777 20.733982 22.327936
v 4.305185 22.103189 21.014256
v 5.408228 5.095010 19.427694
v 2.201473 22.894608 14.814141
v -0.569992 5.613660 11.409681
v -7.675403 73.877205 -26.976461
v -3.436718 72.087059 -29.189987
v -12.233977 72.531914 -28.656231
v -2.431974 68.164742 -33.930763
v -3.095601 62.266331 -40.326588
v -10.268147 49.290112 -51.555481
v -10.097622 49.848522 -49.164314
v -16.149982 49.544331 -51.195393
v -10.157925 53.827991 -52.958759
v -4.386314 49.035892 -51.915573
v -14.185966 68.782028 -33.240070
v -14.855688 62.824947 -39.624996
v 3.093976 2.979408 2.290481
v 7.830042 2.678448 4.048316
v -1.077939 3.075577 5.221696
v 10.039925 2.416126 10.074543
v 11.240877 2.400286 18.660818
v 7.613620 3.934876 36.750172
v 7.340199 5.169461 34.640446
v 1.761975 3.899189 37.489960
v 7.374386 -0.327709 34.664768
v 13.465179 3.972378 36.009827
v -1.612179 2.817939 11.596841
v -0.450604 2.459367 20.150425
v -9.528526 55.166374 -43.633533
v -14.726476 55.374943 -43.306320
v -4.331291 54.938133 -43.949295
v -15.440096 57.350689 -45.119755
v -15.470452 59.388020 -47.060963
v -9.587226 59.147385 -47.423679
v -3.705837 58.888134 -47.782486
v -3.675465 56.855267 -45.844398
v 6.378707 5.124566 27.028692
v 1.208711 5.097790 27.685669
v 11.549339 5.157262 26.372187
v 0.540497 2.408058 27.772823
v 0.552894 -0.404071 27.774694
v 6.404647 -0.376778 27.036304
v 12.259308 -0.343301 26.298903
v 12.244249 2.469088 26.292139
v 19.482599 115.904839 0.813982
v 20.949919 119.124588 -2.355541
v 21.482929 107.655167 -3.641048
v 20.503521 113.486153 4.733416
v 24.772230 120.780663 -1.965791
v 29.114157 121.380753 0.258275
v 29.112431 108.996483 -7.146605
v 29.415730 118.814575 4.100096
v 28.508802 115.846222 7.463284
v 33.906525 110.974213 -1.176106
v 24.182146 114.022453 6.742289
v 25.966534 111.535019 1.901015
v -20.086994 116.266586 4.041971
v -19.966490 113.464874 7.857560
v -22.604727 108.104279 -0.614822
v -22.516874 119.595497 1.787142
v -23.189095 113.606285 10.900432
v -27.379175 115.317520 12.929949
v -25.649075 110.912704 6.607059
v -29.203968 118.519714 10.186357
v -29.934217 121.251236 6.581370
v -34.299305 110.323715 4.837528
v -26.249277 120.994797 3.315696
v -31.071688 109.705177 -2.569707
v 20.206213 102.477600 4.933543
v 23.574100 99.195862 2.095170
v 20.207701 106.789490 7.975651
v 27.967831 99.751411 1.871506
v 32.870461 102.012566 3.424375
v 31.574080 105.746147 6.733614
v 29.473904 109.450768 9.596809
v 23.843378 108.839058 9.293077
v -19.774084 101.146439 5.853620
v -19.059433 104.639305 9.805240
v -23.739708 98.491066 2.998401
v -22.326532 106.180161 12.257594
v -27.845310 106.438263 13.687406
v -30.658634 103.487968 10.274961
v -32.687641 100.762657 6.424897
v -28.143623 98.990433 3.655940
v 1.849417 138.730011 26.587597
v 7.372350 141.285675 18.031687
v 1.706763 146.690628 26.762300
v -5.088895 141.264282 19.239613
v 9.498497 141.818665 14.165845
v 6.439083 142.712540 9.125669
v 13.368899 146.525696 15.328505
v 0.215774 143.714951 6.753433
v -5.947823 142.616684 10.364127
v 0.987911 146.661407 6.881315
v -7.929564 141.775436 15.824568
v -10.776374 147.060211 16.237322
v 1.452820 160.683151 25.877798
v 12.203953 162.042343 22.911947
v -9.318134 162.313644 22.909267
v 13.762828 161.909363 13.371306
v 12.086867 160.503693 4.724988
v 1.421874 160.308258 2.559355
v -9.235343 160.772476 4.722333
v -10.877492 162.219971 13.368237
v -22.737469 83.958839 0.118660
v -19.952995 83.028252 6.565402
v -21.605061 84.936523 -6.074304
v -16.493923 85.765816 -9.633664
v -9.126770 85.968193 -10.992806
v -2.327718 86.908028 -11.806970
v 4.512451 86.627090 -12.740552
v 11.986035 86.936729 -13.242560
v 17.984871 86.623672 -11.217475
v 20.555077 85.799240 -5.319932
v 19.649256 84.703934 1.673350
v 15.487632 84.486916 6.497600
v 9.792901 83.467369 9.375899
v 0.587212 83.885704 10.817935
v -8.579614 82.560951 11.603318
v -14.892926 83.205811 10.295264
v 20.793562 89.761475 35.543793
v 21.988285 91.285507 36.538769
v 22.038483 85.584908 32.756649
v 24.161785 86.212036 33.144257
v 24.267479 81.440010 29.977348
v 26.236460 81.109375 29.731686
v 28.276718 82.624161 30.709213
v 26.563780 86.921478 33.582718
v 24.802801 90.945625 36.275658
v -21.069357 74.273430 25.341431
v -19.085653 74.596451 25.257002
v -16.258930 78.015022 28.450144
v -18.200279 78.452698 29.377077
v -14.393296 81.431580 31.857231
v -15.331190 82.631966 33.412708
v -18.146297 82.277695 33.649162
v -20.494993 78.970039 30.472719
v -22.838640 75.442558 27.048929
vt 0.208431 0.494797
vt 0.208575 0.478116
vt 0.229443 0.475893
vt 0.229271 0.493426
vt 0.252729 0.492198
vt 0.256170 0.471571
vt 0.275357 0.475888
vt 0.275429 0.493819
vt 0.298111 0.492176
vt 0.294163 0.471736
vt 0.321331 0.475953
vt 0.321541 0.493432
vt 0.198757 0.641525
vt 0.200055 0.589825
vt 0.221664 0.590600
vt 0.219751 0.640956
vt 0.244967 0.639373
vt 0.247968 0.591507
vt 0.275466 0.591669
vt 0.275481 0.635804
vt 0.305994 0.639365
vt 0.302966 0.591494
vt 0.329276 0.590573
vt 0.331197 0.640955
vt 0.199789 0.728809
vt 0.197393 0.704590
vt 0.219517 0.692482
vt 0.227784 0.730211
vt 0.252859 0.733034
vt 0.249003 0.687406
vt 0.275511 0.688085
vt 0.275516 0.730408
vt 0.298175 0.733010
vt 0.302021 0.687396
vt 0.331536 0.692451
vt 0.323246 0.730162
vt 0.805511 0.686057
vt 0.204711 0.752714
vt 0.229559 0.760254
vt 0.782889 0.696424
vt 0.784986 0.875584
vt 0.254181 0.941082
vt 0.275435 0.940431
vt 0.742298 0.896742
vt 0.699334 0.736241
vt 0.297037 0.807427
vt 0.321459 0.760204
vt 0.696358 0.696343
vt 0.808954 0.641287
vt 0.805193 0.664541
vt 0.784300 0.671779
vt 0.785729 0.644267
vt 0.763331 0.647822
vt 0.762442 0.673765
vt 0.742276 0.741120
vt 0.739609 0.647377
vt 0.715889 0.647774
vt 0.716786 0.673709
vt 0.694936 0.671695
vt 0.693494 0.644181
vt 0.806875 0.557726
vt 0.810121 0.617205
vt 0.790367 0.607046
vt 0.787575 0.557696
vt 0.763367 0.556090
vt 0.764746 0.603486
vt 0.739627 0.603152
vt 0.739688 0.556093
vt 0.716014 0.556064
vt 0.714496 0.603455
vt 0.688836 0.606971
vt 0.691820 0.557642
vt 0.803405 0.420481
vt 0.802841 0.435733
vt 0.782960 0.432290
vt 0.783371 0.416064
vt 0.759505 0.410786
vt 0.759570 0.428509
vt 0.739756 0.426992
vt 0.739743 0.409699
vt 0.720007 0.410786
vt 0.719946 0.428500
vt 0.696571 0.432245
vt 0.696182 0.416016
vt 0.819305 0.093413
vt 0.797386 0.086157
vt 0.790779 0.072322
vt 0.822344 0.073237
vt 0.265809 0.416173
vt 0.762697 0.377789
vt 0.739788 0.389948
vt 0.275377 0.462947
vt 0.364323 0.097210
vt 0.342669 0.089884
vt 0.336664 0.075169
vt 0.367299 0.076188
vt 0.342559 0.494848
vt 0.342402 0.478170
vt 0.366070 0.480227
vt 0.366198 0.495669
vt 0.352247 0.641476
vt 0.350872 0.589816
vt 0.374237 0.588973
vt 0.374011 0.638442
vt 0.936729 0.462892
vt 0.940585 0.464321
vt 0.946953 0.476690
vt 0.936605 0.482861
vt 0.804780 0.405462
vt 0.824266 0.410023
vt 0.823186 0.423812
vt 0.805355 0.509178
vt 0.825584 0.509339
vt 0.825621 0.554997
vt 0.118742 0.522844
vt 0.058006 0.517789
vt 0.074507 0.510871
vt 0.084702 0.516921
vt 0.822269 0.350445
vt 0.784755 0.399833
vt 0.805305 0.347137
vt 0.793942 0.336256
vt 0.777469 0.322538
vt 0.236211 0.409364
vt 0.220899 0.415267
vt 0.203041 0.415110
vt 0.182178 0.419746
vt 0.685950 0.336155
vt 0.717407 0.377787
vt 0.694840 0.399772
vt 0.674409 0.347030
vt 0.657366 0.350391
vt 0.674734 0.405426
vt 0.637625 0.358046
vt 0.347747 0.415166
vt 0.329799 0.415381
vt 0.314324 0.409429
vt 0.706215 0.336018
vt 0.292514 0.404556
vt 0.870618 0.237836
vt 0.844433 0.293934
vt 0.832214 0.287148
vt 0.858351 0.228645
vt 0.844944 0.223065
vt 0.821107 0.280742
vt 0.243727 0.342391
vt 0.826584 0.212775
vt 0.214622 0.282882
vt 0.224361 0.346790
vt 0.210147 0.349538
vt 0.199596 0.284960
vt 0.184434 0.288656
vt 0.194986 0.352422
vt 0.864110 0.304875
vt 0.163133 0.290367
vt 0.634803 0.222910
vt 0.658751 0.280554
vt 0.647480 0.287052
vt 0.621343 0.228556
vt 0.609012 0.237734
vt 0.635143 0.293889
vt 0.375465 0.356065
vt 0.590820 0.249121
vt 0.366326 0.288752
vt 0.355651 0.352469
vt 0.340563 0.349608
vt 0.351134 0.285011
vt 0.336042 0.282967
vt 0.326383 0.346874
vt 0.678330 0.268182
vt 0.315081 0.275917
vt 0.789900 0.091626
vt 0.894734 0.181072
vt 0.223763 0.023658
vt 0.779683 0.072008
vt 0.205625 0.023651
vt 0.212375 0.030485
vt 0.208733 0.046428
vt 0.818124 0.043214
vt 0.919973 0.054113
vt 0.218394 0.124576
vt 0.231547 0.124829
vt 0.925982 0.076298
vt 0.853028 0.105343
vt 0.173602 0.224408
vt 0.245023 0.044913
vt 0.815784 0.102925
vt 0.335499 0.095534
vt 0.609223 0.166963
vt 0.147562 0.023794
vt 0.325939 0.074804
vt 0.129108 0.019171
vt 0.133886 0.026698
vt 0.125138 0.040618
vt 0.363323 0.044920
vt 0.461211 0.056389
vt 0.114656 0.083148
vt 0.128082 0.110700
vt 0.466974 0.079440
vt 0.396801 0.109583
vt 0.345740 0.218419
vt 0.158805 0.046562
vt 0.361009 0.107136
vt 0.212264 0.093809
vt 0.204982 0.218327
vt 0.226791 0.056935
vt 0.229179 0.093286
vt 0.246067 0.092223
vt 0.255137 0.092099
vt 0.884191 0.095549
vt 0.853655 0.095653
vt 0.854753 0.074189
vt 0.884265 0.075061
vt 0.885799 0.054616
vt 0.855335 0.052709
vt 0.203340 0.068369
vt 0.888472 0.044995
vt 0.116537 0.064410
vt 0.377147 0.224500
vt 0.136900 0.057215
vt 0.135301 0.068971
vt 0.159593 0.072808
vt 0.169578 0.075371
vt 0.426769 0.099419
vt 0.397393 0.099512
vt 0.398467 0.077209
vt 0.426850 0.078134
vt 0.428347 0.056895
vt 0.399054 0.054890
vt 0.111199 0.052142
vt 0.430928 0.046902
vt 0.398347 0.732496
vt 0.353774 0.704759
vt 0.655189 0.607952
vt 0.404645 0.715309
vt 0.625247 0.642548
vt 0.669008 0.617360
vt 0.670290 0.641156
vt 0.629866 0.657272
vt 0.633967 0.675274
vt 0.674058 0.664432
vt 0.345812 0.774768
vt 0.637449 0.692485
vt 0.387906 0.765553
vt 0.346295 0.752641
vt 0.351218 0.728717
vt 0.392980 0.747350
vt 0.854032 0.642643
vt 0.181252 0.694641
vt 0.859345 0.625630
vt 0.152631 0.732602
vt 0.157999 0.747449
vt 0.163074 0.765647
vt 0.167481 0.783084
vt 0.845329 0.675366
vt 0.849419 0.657366
vt 0.462802 0.754848
vt 0.433121 0.744888
vt 0.586158 0.633072
vt 0.469035 0.736153
vt 0.562716 0.661102
vt 0.591598 0.653084
vt 0.596668 0.669873
vt 0.567525 0.676181
vt 0.573571 0.695803
vt 0.602326 0.689166
vt 0.414557 0.801264
vt 0.575415 0.714705
vt 0.450039 0.789809
vt 0.420413 0.781867
vt 0.427222 0.762131
vt 0.457315 0.770152
vt 0.916571 0.661069
vt 0.887682 0.653104
vt 0.112049 0.724515
vt 0.922852 0.642462
vt 0.088177 0.754903
vt 0.117860 0.744959
vt 0.123753 0.762207
vt 0.093657 0.770210
vt 0.100926 0.789871
vt 0.130556 0.781946
vt 0.872833 0.708772
vt 0.104321 0.808576
vt 0.905760 0.695791
vt 0.876995 0.689207
vt 0.882631 0.669903
vt 0.911782 0.676158
vt 0.245118 0.820265
vt 0.256063 0.761423
vt 0.275458 0.816348
vt 0.275456 0.817082
vt 0.305796 0.819611
vt 0.322444 0.827635
vt 0.716707 0.746651
vt 0.742277 0.751635
vt 0.767846 0.746640
vt 0.232576 0.815700
vt 0.789238 0.746868
vt 0.242805 0.909093
vt 0.242913 0.847487
vt 0.275453 0.850080
vt 0.275444 0.899369
vt 0.308078 0.909112
vt 0.307992 0.847504
vt 0.685718 0.768892
vt 0.335635 0.923345
vt 0.710517 0.826756
vt 0.709025 0.772272
vt 0.742280 0.767854
vt 0.742288 0.823907
vt 0.774059 0.826743
vt 0.775535 0.772258
vt 0.216918 0.852154
vt 0.800161 0.835727
vt 0.803587 0.472219
vt 0.184266 0.511368
vt 0.823748 0.473030
vt 0.786007 0.508646
vt 0.783967 0.470951
vt 0.760849 0.468488
vt 0.762764 0.507838
vt 0.739729 0.507585
vt 0.739749 0.469813
vt 0.718652 0.468468
vt 0.716699 0.507812
vt 0.693463 0.508589
vt 0.695538 0.470900
vt 0.347089 0.550471
vt 0.343449 0.511536
vt 0.656251 0.437958
vt 0.370672 0.549455
vt 0.305626 0.550928
vt 0.300328 0.509969
vt 0.323635 0.511057
vt 0.326613 0.553291
vt 0.245263 0.550946
vt 0.250519 0.509979
vt 0.275426 0.509223
vt 0.275447 0.553833
vt 0.203857 0.550446
vt 0.207534 0.511493
vt 0.227207 0.511082
vt 0.224277 0.553331
vt 0.296688 0.941095
vt 0.317831 0.963343
vt 0.722395 0.859395
vt 0.742293 0.859091
vt 0.762190 0.859387
vt 0.672412 0.557619
vt 0.673996 0.509116
vt 0.676597 0.435714
vt 0.676064 0.420456
vt 0.798456 0.058765
vt 0.820876 0.052919
vt 0.343747 0.061021
vt 0.365907 0.055032
vt 0.963235 0.483911
vt 0.902883 0.489040
vt 0.909072 0.482168
vt 0.925033 0.475729
vt 0.931354 0.463643
vt 0.080884 0.498420
vt 0.084741 0.496992
vt 0.090126 0.497750
vt 0.096539 0.509638
vt 0.112499 0.516024
vt 0.245369 0.109349
vt 0.249130 0.116712
vt 0.914174 0.091435
vt 0.914507 0.075957
vt 0.915392 0.060496
vt 0.143488 0.116794
vt 0.145270 0.126440
vt 0.455609 0.095160
vt 0.455938 0.079081
vt 0.456800 0.063019
vt 0.982240 0.434188
vt 0.963585 0.427947
vt 0.946509 0.423110
vt 0.890921 0.433118
vt 0.882130 0.436526
vt 0.926679 0.423006
vt 0.909612 0.427375
vt 0.937930 0.422313
vt 0.075163 0.457134
vt 0.058225 0.461798
vt 0.039557 0.467684
vt 0.094859 0.456979
vt 0.083682 0.456346
vt 0.130564 0.466891
vt 0.111877 0.461251
vt 0.033116 0.470128
vt 0.675805 0.472192
vt 0.653419 0.509254
vt 0.655248 0.472962
vt 0.367019 0.511392
vt 0.176921 0.588998
vt 0.180547 0.549455
vt 0.822760 0.437993
vt 0.233028 0.963316
vt 0.215241 0.923308
vt 0.798841 0.768868
vt 0.699605 0.875602
vt 0.684417 0.835751
vt 0.333987 0.852188
vt 0.228471 0.827609
vt 0.254212 0.785439
vt 0.759269 0.697501
vt 0.785216 0.736222
vt 0.695315 0.746888
vt 0.719972 0.697428
vt 0.296799 0.785396
vt 0.318344 0.815723
vt 0.903939 0.714697
vt 0.136407 0.801345
vt 0.081951 0.736203
vt 0.893090 0.633076
vt 0.446638 0.808511
vt 0.606509 0.708725
vt 0.556410 0.642507
vt 0.438944 0.724452
vt 0.841861 0.692578
vt 0.205190 0.774839
vt 0.146366 0.715395
vt 0.823906 0.608060
vt 0.383498 0.782992
vt 0.673752 0.685953
vt 0.619881 0.625562
vt 0.369876 0.694574
vt 0.624476 0.158216
vt 0.327082 0.211968
vt 0.653476 0.212425
vt 0.306569 0.342322
vt 0.153133 0.050558
vt 0.361352 0.222428
vt 0.125968 0.045756
vt 0.396618 0.225899
vt 0.569871 0.190223
vt 0.388031 0.290471
vt 0.615162 0.304972
vt 0.596954 0.173816
vt 0.584932 0.180968
vt 0.909456 0.190131
vt 0.154402 0.225852
vt 0.888489 0.249012
vt 0.175675 0.355943
vt 0.241882 0.047343
vt 0.189385 0.222364
vt 0.213528 0.046751
vt 0.223402 0.212053
vt 0.855547 0.158550
vt 0.235225 0.276013
vt 0.801766 0.268578
vt 0.882733 0.173912
vt 0.870470 0.167071
vt 0.702590 0.322102
vt 0.284431 0.416033
vt 0.369025 0.419829
vt 0.654789 0.409992
vt 0.841623 0.358035
vt 0.185243 0.480200
vt 0.257695 0.404697
vt 0.773758 0.336466
vt 0.177136 0.638471
vt 0.185108 0.495641
vt 0.653403 0.554919
vt 0.655840 0.423782
vt 0.740026 0.329135
vt 0.739609 0.679991
vt 0.717946 0.727940
vt 0.321543 0.784229
vt 0.275425 0.981496
vt 0.229466 0.784279
vt 0.766602 0.727930
vt 0.275513 0.766895
vt 0.294962 0.761394
vt 0.158494 0.031032
vt 0.235614 0.029385
vt 0.253884 0.807420
vt 0.968218 0.693073
vt 0.970279 0.686813
vt 0.964692 0.720144
vt 0.041234 0.817480
vt 0.965692 0.701614
vt 0.035620 0.790589
vt 0.038855 0.799577
vt 0.026837 0.766821
vt 0.976742 0.669618
vt 0.033170 0.783659
vt 0.515345 0.790561
vt 0.512107 0.799546
vt 0.509721 0.817448
vt 0.514670 0.720260
vt 0.513647 0.701731
vt 0.511110 0.693195
vt 0.509040 0.686939
vt 0.502555 0.669755
vt 0.524137 0.766797
vt 0.517798 0.783632
vt 0.052820 0.522857
vt 0.139366 0.470253
vt 0.968347 0.489050
vt 0.988625 0.436785
vt 0.108883 0.091107
vt 0.106409 0.062482
vt 0.399209 0.044805
vt 0.459518 0.102060
vt 0.428604 0.109556
vt 0.167704 0.057128
vt 0.215342 0.132259
vt 0.203222 0.094543
vt 0.855471 0.043005
vt 0.918242 0.098075
vt 0.886101 0.105305
vt 0.255511 0.067846
vt 0.169019 0.047690
vt 0.166893 0.025823
vt 0.125973 0.120002
vt 0.337008 0.054912
vt 0.115292 0.038211
vt 0.149847 0.015689
vt 0.254586 0.043904
vt 0.241676 0.021944
vt 0.231922 0.132778
vt 0.791425 0.052872
vt 0.199112 0.046316
vt 0.223332 0.014444
vn -0.290517 -0.518033 0.804513
vn -0.290517 -0.518033 0.804513
vn -0.047465 -0.602202 0.796932
vn -0.028343 -0.607100 0.794120
vn 0.128461 -0.640756 0.756921
vn 0.270640 -0.638970 0.720050
vn 0.021134 -0.549163 0.835448
vn 0.067158 -0.634652 0.769874
vn 0.135940 -0.323539 0.936399
vn -0.291461 0.248684 0.923692
vn 0.188555 -0.032296 0.981532
vn 0.253780 0.047631 0.966089
vn -0.815863 0.006918 0.578203
vn -0.804521 -0.143921 0.576223
vn -0.514948 -0.260003 0.816839
vn -0.527119 -0.123236 0.840808
vn -0.115117 -0.170922 0.978537
vn -0.129433 -0.378267 0.916603
vn 0.131949 -0.418914 0.898388
vn 0.140510 -0.179763 0.973623
vn 0.408942 -0.177695 0.895093
vn 0.391442 -0.393172 0.831979
vn 0.728594 -0.287586 0.621647
vn 0.760849 -0.120306 0.637680
vn -0.151944 -0.485357 0.861012
vn -0.554901 -0.338976 0.759724
vn -0.477437 -0.091447 0.873895
vn -0.172858 -0.045755 0.983884
vn 0.005143 0.055197 0.998462
vn -0.026142 -0.104443 0.994187
vn 0.131400 -0.102501 0.986016
vn 0.122546 0.035392 0.991832
vn 0.235719 0.064209 0.969698
vn 0.307320 -0.094668 0.946886
vn 0.719025 -0.049637 0.693210
vn 0.394818 -0.027546 0.918346
vn -0.757783 0.425340 0.494824
vn -0.525157 0.074682 0.847722
vn -0.232710 0.474590 0.848888
vn -0.365149 0.852383 0.374311
vn -0.618906 0.785464 -0.001379
vn -0.500628 0.502725 0.704726
vn 0.006470 0.519987 0.854150
vn 0.010403 0.985228 0.170929
vn 0.461354 0.857202 0.228819
vn 0.207589 0.432651 0.877337
vn 0.390750 0.495296 0.775885
vn 0.407044 0.862304 0.301242
vn -0.418843 0.466469 -0.779088
vn -0.794547 0.606937 -0.017962
vn -0.495195 0.818596 -0.291003
vn -0.445542 0.349141 -0.824374
vn -0.242647 0.420565 -0.874213
vn -0.309618 0.731743 -0.607198
vn -0.131122 0.582320 -0.802316
vn -0.138372 0.418093 -0.897804
vn -0.003395 0.442434 -0.896794
vn 0.112644 0.751945 -0.649530
vn 0.413763 0.838339 -0.354948
vn 0.239577 0.399425 -0.884908
vn -0.892014 0.292478 -0.344628
vn -0.565188 0.343383 -0.750100
vn -0.540942 0.289879 -0.789526
vn -0.476342 0.344053 -0.809151
vn -0.191754 0.326425 -0.925568
vn -0.217458 0.294507 -0.930579
vn -0.137015 0.292178 -0.946498
vn -0.137039 0.319606 -0.937589
vn -0.073771 0.326758 -0.942224
vn -0.046032 0.306580 -0.950731
vn 0.342347 0.327130 -0.880786
vn 0.259017 0.349535 -0.900409
vn -0.806112 0.022249 -0.591344
vn -0.834658 -0.039644 -0.549339
vn -0.327401 0.046872 -0.943722
vn -0.268064 0.146091 -0.952260
vn -0.133169 0.086472 -0.987314
vn -0.148044 0.043647 -0.988017
vn -0.157946 0.032110 -0.986925
vn -0.167572 -0.015338 -0.985741
vn -0.125196 -0.065083 -0.989995
vn -0.119743 0.032287 -0.992280
vn 0.094261 0.033216 -0.994993
vn 0.090603 -0.083508 -0.992380
vn -0.002524 0.742636 -0.669690
vn 0.000795 0.759090 -0.650985
vn -0.002053 0.758824 -0.651293
vn -0.003914 0.743760 -0.668435
vn 0.973805 -0.195532 -0.116061
vn 0.735950 -0.158450 -0.658234
vn 0.232466 -0.471235 -0.850821
vn -0.310317 -0.906917 0.284964
vn -0.025533 -0.999245 -0.029274
vn -0.034968 -0.998730 -0.036285
vn -0.033098 -0.998886 -0.033638
vn -0.023901 -0.999404 -0.024913
vn 0.989877 -0.092075 0.108005
vn 0.989877 -0.092075 0.108005
vn 0.989877 -0.092075 0.108005
vn 0.989877 -0.092075 0.108005
vn 0.950547 0.021392 0.309844
vn 0.935090 -0.168980 0.311531
vn 0.988797 -0.021388 -0.147729
vn 0.989584 0.136786 -0.044872
vn 0.011147 -0.552745 0.833276
vn 0.011144 -0.552746 0.833275
vn 0.011144 -0.552746 0.833275
vn 0.011147 -0.552745 0.833276
vn -0.968084 -0.064102 -0.242289
vn -0.968084 -0.064102 -0.242289
vn -0.968084 -0.064102 -0.242289
vn -0.968084 -0.064102 -0.242289
vn -0.845736 0.209560 -0.490730
vn -0.991170 0.009678 0.132246
vn -0.966357 0.134871 0.219006
vn 0.148162 -0.737723 0.658645
vn 0.148161 -0.737723 0.658644
vn 0.148161 -0.737723 0.658644
vn 0.148162 -0.737723 0.658644
vn -0.328459 0.379620 -0.864872
vn -0.391882 0.442806 -0.806444
vn -0.071569 0.501205 -0.862364
vn 0.008575 0.450822 -0.892573
vn 0.949731 0.112053 -0.292328
vn 0.950815 0.114645 -0.287763
vn 0.724938 -0.377680 0.576040
vn 0.030162 -0.525415 0.850311
vn 0.002119 -0.540133 0.841577
vn -0.968479 -0.215284 0.125310
vn -0.965865 -0.221095 0.134990
vn -0.965865 -0.221095 0.134990
vn -0.968249 -0.215808 0.126181
vn -0.417009 -0.540983 -0.730371
vn -0.373468 -0.554385 -0.743760
vn -0.021737 -0.586678 -0.809529
vn -0.091249 -0.589801 -0.802377
vn 0.941276 -0.257970 -0.217833
vn 0.934408 -0.267648 -0.235044
vn 0.934408 -0.267648 -0.235044
vn 0.942001 -0.256906 -0.215947
vn 0.483801 0.489807 0.725276
vn 0.412240 0.536665 0.736240
vn 0.095214 0.606863 0.789083
vn 0.096056 0.581453 0.807890
vn -0.664570 0.417325 0.619827
vn -0.967897 -0.216524 0.127647
vn -0.928829 0.148279 0.339544
vn -0.660197 0.073492 0.747489
vn -0.342989 -0.229377 0.910903
vn -0.004435 -0.393898 0.919144
vn 0.049962 0.099257 0.993807
vn 0.721648 -0.011172 0.692170
vn 0.267617 -0.288307 0.919381
vn 0.881815 -0.371980 -0.289884
vn 0.993696 -0.103294 -0.043576
vn 0.639360 -0.441172 -0.629750
vn 0.230568 -0.738107 -0.634063
vn -0.002198 -0.747337 -0.664441
vn -0.018508 -0.527511 -0.849347
vn -0.685800 -0.361419 -0.631707
vn -0.222926 -0.711073 -0.666843
vn -0.943347 -0.185751 -0.274943
vn -0.998560 0.051165 0.016140
vn -0.862910 0.247113 -0.440819
vn -0.871079 0.294072 -0.393374
vn -0.053340 0.239093 -0.969531
vn -0.111532 0.178756 -0.977552
vn 0.755733 -0.053666 -0.652677
vn 0.849867 -0.063464 -0.523162
vn 0.986408 -0.163837 -0.012482
vn 0.976766 -0.186474 -0.105625
vn 0.857902 -0.222952 0.462922
vn 0.777704 -0.160258 0.607861
vn 0.122954 -0.065298 0.990262
vn 0.106317 -0.143008 0.983995
vn -0.752169 0.059004 0.656323
vn -0.645969 0.087770 0.758301
vn -0.962121 0.197529 0.187895
vn -0.977258 0.170322 0.126324
vn -0.406587 0.279853 0.869695
vn -0.406587 0.279853 0.869695
vn 0.071395 0.289460 0.954524
vn 0.073668 0.289341 0.954387
vn 0.941416 -0.139765 0.306924
vn 0.941416 -0.139765 0.306924
vn 0.941416 -0.139765 0.306924
vn 0.941416 -0.139765 0.306924
vn 0.074190 -0.904010 0.421026
vn 0.074190 -0.904010 0.421026
vn -0.012860 -0.903690 0.427995
vn -0.012861 -0.903690 0.427995
vn -0.821269 -0.428293 0.376938
vn -0.821269 -0.428293 0.376938
vn -0.821269 -0.428293 0.376938
vn -0.821269 -0.428293 0.376938
vn -0.513653 0.416380 -0.750192
vn -0.513653 0.416380 -0.750192
vn -0.112611 0.450893 -0.885446
vn -0.101253 0.450694 -0.886917
vn 0.897406 0.312530 -0.311429
vn 0.897406 0.312530 -0.311429
vn 0.897406 0.312530 -0.311429
vn 0.897406 0.312530 -0.311429
vn 0.119257 0.947945 0.295260
vn 0.119257 0.947945 0.295260
vn 0.032977 0.951020 0.307365
vn 0.032924 0.951020 0.307372
vn -0.820620 0.533873 0.203869
vn -0.820620 0.533873 0.203869
vn -0.820620 0.533873 0.203869
vn -0.820620 0.533873 0.203869
vn 0.007390 -0.704334 0.709830
vn 0.007390 -0.704334 0.709830
vn 0.011305 -0.703018 0.711082
vn 0.011301 -0.703019 0.711081
vn -0.875723 -0.226011 0.426648
vn -0.875723 -0.226011 0.426648
vn -0.875723 -0.226011 0.426648
vn -0.875723 -0.226011 0.426648
vn -0.010369 0.712873 -0.701217
vn -0.007297 0.723228 -0.690571
vn -0.007695 0.724007 -0.689749
vn -0.010451 0.714012 -0.700055
vn 0.997113 -0.044800 -0.061312
vn 0.997087 -0.045691 -0.061076
vn 0.997087 -0.045681 -0.061078
vn 0.997113 -0.044800 -0.061312
vn -0.001618 0.999970 -0.007533
vn -0.001618 0.999970 -0.007533
vn 0.003625 0.999992 -0.001681
vn 0.003632 0.999992 -0.001673
vn -0.902625 0.427626 0.049034
vn -0.902625 0.427626 0.049034
vn -0.902625 0.427626 0.049034
vn -0.902625 0.427626 0.049034
vn -0.000773 -0.999996 -0.002617
vn -0.010669 -0.999840 -0.014365
vn -0.008926 -0.999918 -0.009178
vn 0.000220 -0.999999 0.001189
vn 0.991223 -0.000090 -0.132198
vn 0.990693 -0.004283 -0.136049
vn 0.990700 -0.004229 -0.136000
vn 0.991223 -0.000090 -0.132198
vn -0.612653 -0.686162 0.392222
vn 0.722383 -0.294131 0.625819
vn -0.945460 -0.293367 -0.141567
vn -0.944943 -0.180078 -0.273229
vn -0.551373 0.249978 -0.795926
vn 0.426869 0.342903 -0.836780
vn 0.268318 0.442228 -0.855827
vn 0.013436 0.492442 -0.870241
vn 0.701335 0.578637 -0.416303
vn 0.772046 0.601242 -0.206041
vn 0.840454 0.443732 0.311029
vn 0.909373 0.314901 0.271805
vn 0.691797 -0.237390 0.681955
vn 0.688937 0.116665 0.715370
vn 0.310228 -0.453990 0.835255
vn 0.060424 -0.701296 0.710305
vn 0.350536 0.383237 -0.854549
vn 0.907837 -0.226301 -0.353016
vn 0.863484 -0.064665 -0.500214
vn 0.740283 -0.651945 0.164164
vn 0.113484 -0.740066 0.662890
vn -0.518555 -0.293350 0.803148
vn -0.835222 0.245676 0.491983
vn -0.793143 0.583835 -0.173383
vn -0.198539 0.583707 -0.787317
vn -0.939716 0.311700 0.140628
vn -0.985514 0.043925 0.163807
vn -0.886289 -0.201720 -0.416893
vn -0.939586 -0.293035 -0.176943
vn -0.477867 -0.723410 -0.498318
vn -0.302676 -0.303526 -0.903471
vn 0.264760 -0.139035 -0.954239
vn 0.339264 -0.760949 -0.553044
vn 0.891713 -0.428844 -0.144712
vn 0.735250 0.047553 -0.676126
vn 0.952901 0.202918 0.225398
vn 0.923420 0.107978 0.368288
vn 0.550414 0.631269 0.546391
vn 0.755372 0.314114 0.575106
vn -0.287825 0.402356 0.869061
vn -0.304777 0.845649 0.438165
vn 0.373169 -0.566054 -0.735070
vn 0.125505 -0.123819 -0.984336
vn 0.784245 -0.068578 -0.616649
vn 0.879369 -0.211556 -0.426561
vn 0.959927 0.279400 0.021814
vn 0.998748 0.048733 0.011275
vn 0.437332 0.160244 0.884908
vn 0.387720 0.708914 0.589164
vn -0.439436 0.434173 0.786378
vn -0.589854 0.131907 0.796664
vn -0.888004 0.098921 0.449069
vn -0.828629 -0.016399 0.559558
vn -0.907249 -0.416701 -0.057098
vn -0.869829 0.136948 -0.473966
vn -0.450982 0.030671 -0.892006
vn -0.446064 -0.630887 -0.634829
vn -0.487879 -0.529552 0.693937
vn -0.487879 -0.529552 0.693937
vn -0.487879 -0.529552 0.693937
vn -0.487879 -0.529552 0.693937
vn 0.928702 -0.365671 0.061626
vn 0.928702 -0.365671 0.061626
vn 0.959332 -0.275819 -0.060049
vn 0.535558 -0.376028 -0.756162
vn -0.154789 0.365091 -0.918013
vn -0.084925 -0.123686 -0.988681
vn -0.715626 -0.300972 -0.630313
vn -0.479551 0.808831 0.340328
vn -0.971788 -0.150505 0.181596
vn -0.726735 0.118658 0.676592
vn -0.646421 -0.106675 0.755487
vn 0.027117 -0.109669 0.993598
vn 0.010830 0.120703 0.992630
vn 0.743030 0.111197 0.659955
vn 0.697974 -0.141861 0.701932
vn 0.973081 -0.212722 0.088673
vn 0.992675 0.119710 0.016278
vn 0.690074 -0.025822 -0.723278
vn 0.650941 -0.279619 -0.705754
vn -0.019680 -0.272306 -0.962009
vn -0.009665 -0.165569 -0.986151
vn -0.692002 -0.026186 -0.721421
vn -0.693289 -0.245135 -0.677687
vn -0.978527 -0.156075 0.134631
vn -0.991568 0.127812 0.021387
vn -0.834362 0.059060 -0.548044
vn -0.984719 -0.138075 0.106135
vn -0.993196 -0.078868 0.085688
vn -0.407716 0.303694 -0.861126
vn -0.375076 0.145947 -0.915433
vn -0.168616 0.146390 -0.974751
vn -0.179453 0.305868 -0.935009
vn -0.138088 0.301204 -0.943508
vn -0.147328 0.155606 -0.976771
vn -0.108968 0.152853 -0.982223
vn -0.092562 0.300832 -0.949175
vn 0.141114 0.287744 -0.947254
vn 0.096171 0.150693 -0.983892
vn 0.912327 -0.195442 0.359807
vn 0.904236 -0.121279 0.409449
vn 0.986728 -0.030524 -0.159485
vn 0.983359 -0.058984 -0.171831
vn 0.288793 -0.508638 0.811102
vn 0.242862 -0.370710 0.896433
vn 0.501257 -0.282305 0.817952
vn 0.595261 -0.383531 0.706094
vn -0.059183 -0.461405 0.885213
vn 0.042296 -0.345983 0.937287
vn 0.151402 -0.362129 0.919750
vn 0.124228 -0.540655 0.832021
vn -0.795035 -0.190925 0.575731
vn -0.737190 -0.228315 0.635943
vn -0.256649 -0.309351 0.915660
vn -0.411804 -0.332636 0.848393
vn 0.067569 -0.377495 0.923543
vn -0.166558 -0.377748 0.910805
vn -0.718545 -0.306857 0.624124
vn 0.316724 -0.506028 0.802260
vn 0.230155 -0.417347 0.879119
vn 0.174638 -0.393104 0.902758
vn 0.393389 0.229700 0.890215
vn 0.393389 0.229700 0.890215
vn 0.889583 -0.123218 0.439841
vn 0.373393 -0.311070 0.873964
vn -0.025040 0.415536 0.909232
vn 0.109184 0.199075 0.973883
vn 0.532450 0.508503 0.676699
vn 0.625886 0.779909 0.003047
vn 0.530124 0.633539 -0.563557
vn 0.008740 0.691699 -0.722133
vn -0.493326 0.659747 -0.566890
vn 0.802625 0.291175 -0.520587
vn 0.684236 0.178589 -0.707056
vn -0.001960 0.082217 -0.996613
vn -0.077279 0.218860 -0.972691
vn -0.179336 0.261264 -0.948462
vn -0.434210 0.355784 -0.827575
vn -0.434210 0.355784 -0.827575
vn -0.131778 -0.423432 -0.896292
vn -0.691750 -0.592918 -0.412225
vn 0.043077 -0.400237 -0.915399
vn -0.134335 -0.054242 -0.989450
vn 0.652853 0.014211 -0.757351
vn 0.645609 -0.092907 -0.757995
vn 0.266224 -0.325025 -0.907460
vn 0.266224 -0.325025 -0.907460
vn -0.071404 -0.407813 -0.910269
vn -0.041133 -0.402342 -0.914565
vn -0.004882 0.758553 -0.651594
vn -0.005517 0.743051 -0.669212
vn -0.008086 0.724819 -0.688892
vn -0.031175 -0.999036 -0.030917
vn -0.021138 -0.999588 -0.019418
vn -0.007200 -0.999966 -0.004028
vn 0.927266 -0.207516 -0.311632
vn 0.927266 -0.207516 -0.311632
vn 0.927266 -0.207516 -0.311632
vn 0.927266 -0.207516 -0.311632
vn 0.982946 -0.076277 -0.167329
vn 0.964663 0.262775 0.019356
vn 0.011146 -0.552747 0.833275
vn 0.011146 -0.552747 0.833275
vn 0.011147 -0.552746 0.833275
vn 0.011147 -0.552746 0.833275
vn 0.011148 -0.552746 0.833275
vn 0.011149 -0.552746 0.833275
vn 0.011150 -0.552745 0.833276
vn 0.011150 -0.552745 0.833276
vn -0.950424 -0.252148 0.181976
vn -0.950424 -0.252148 0.181976
vn -0.950424 -0.252149 0.181976
vn -0.950424 -0.252148 0.181976
vn -0.985532 -0.156248 0.065681
vn -0.945175 0.219802 0.241518
vn 0.148162 -0.737724 0.658644
vn 0.148162 -0.737724 0.658644
vn 0.148161 -0.737722 0.658646
vn 0.148161 -0.737722 0.658646
vn 0.148160 -0.737721 0.658647
vn 0.148160 -0.737721 0.658647
vn 0.148162 -0.737723 0.658645
vn 0.148162 -0.737723 0.658645
vn 0.379353 0.491156 -0.784128
vn 0.353265 0.435185 -0.828141
vn 0.321349 0.368943 -0.872133
vn 0.017835 0.359431 -0.933001
vn -0.268355 0.319231 -0.908888
vn 0.956716 -0.195308 0.215752
vn 0.958999 -0.132762 0.250388
vn 0.958999 -0.132762 0.250388
vn 0.960997 0.143146 -0.236631
vn 0.960997 0.143146 -0.236631
vn -0.341088 -0.507075 0.791539
vn -0.395893 -0.518805 0.757701
vn -0.442989 -0.527334 0.725038
vn -0.014400 -0.562621 0.826589
vn 0.466955 -0.471469 0.748111
vn -0.971305 -0.013316 -0.237466
vn -0.971305 -0.013316 -0.237466
vn -0.967070 -0.012378 -0.254211
vn -0.966746 -0.012309 -0.255442
vn -0.961691 -0.011265 -0.273903
vn -0.961691 -0.011265 -0.273903
vn -0.971259 -0.208721 0.114415
vn -0.971259 -0.208721 0.114415
vn 0.243927 -0.561505 -0.790703
vn 0.214193 -0.578946 -0.786729
vn 0.183381 -0.596135 -0.781661
vn -0.132212 -0.594806 -0.792923
vn -0.467506 -0.523478 -0.712326
vn 0.994302 -0.046915 0.095718
vn 0.994302 -0.046915 0.095718
vn 0.994725 -0.046628 0.091364
vn 0.994653 -0.046678 0.092120
vn 0.995072 -0.046381 0.087637
vn 0.995072 -0.046381 0.087637
vn 0.948376 -0.247161 -0.198734
vn 0.948376 -0.247161 -0.198734
vn -0.340061 0.527531 0.778505
vn 0.140568 0.540781 0.829335
vn 0.543205 0.446022 0.711331
vn -0.983366 -0.163164 -0.079810
vn -0.986685 -0.142405 -0.078569
vn -0.993967 -0.080338 -0.074676
vn -0.993966 -0.080338 -0.074676
vn -0.933609 0.184210 0.307314
vn -0.933609 0.184210 0.307314
vn 0.823669 0.170512 0.540828
vn 0.072879 0.350458 0.933739
vn -0.742534 0.279312 0.608793
vn 0.864824 -0.143915 -0.481007
vn 0.999801 -0.017033 0.010363
vn -0.908405 -0.014655 -0.417835
vn -0.041136 -0.212883 -0.976211
vn -0.988797 0.121613 0.086550
vn 0.715901 -0.075110 -0.694150
vn -0.154284 0.135665 -0.978668
vn -0.879657 0.199848 -0.431584
vn 0.887307 -0.288312 0.359949
vn 0.965024 -0.206369 -0.161679
vn -0.823529 0.020724 0.566895
vn 0.053612 -0.228908 0.971971
vn -0.984445 0.137142 0.109814
vn 0.528148 0.231769 0.816911
vn 0.528148 0.231769 0.816911
vn 0.558762 0.552679 0.618329
vn 0.558762 0.552679 0.618329
vn 0.079894 0.662796 0.744526
vn 0.079628 0.662809 0.744542
vn -0.428057 0.599660 0.676147
vn -0.428057 0.599660 0.676147
vn 0.822574 -0.501038 0.268949
vn 0.822574 -0.501038 0.268949
vn 0.822574 -0.501038 0.268949
vn 0.822574 -0.501038 0.268949
vn 0.997063 -0.046472 -0.060868
vn 0.997063 -0.046472 -0.060868
vn 0.987008 0.111711 0.115482
vn 0.987008 0.111711 0.115482
vn 0.987008 0.111711 0.115482
vn 0.987008 0.111711 0.115482
vn -0.099815 -0.896478 0.431700
vn -0.099815 -0.896478 0.431700
vn -0.115192 -0.236062 -0.964886
vn -0.115192 -0.236062 -0.964886
vn -0.069601 -0.238282 -0.968699
vn -0.069601 -0.238282 -0.968699
vn -0.023862 -0.240002 -0.970479
vn -0.023862 -0.240002 -0.970479
vn -0.908994 -0.049061 0.413911
vn -0.908994 -0.049061 0.413911
vn -0.908994 -0.049061 0.413911
vn -0.908994 -0.049061 0.413911
vn -0.949800 0.206567 0.234968
vn -0.949800 0.206567 0.234968
vn -0.949800 0.206567 0.234968
vn -0.949800 0.206567 0.234968
vn -0.997030 0.046982 0.061021
vn -0.997054 0.046148 0.061265
vn -0.997055 0.046130 0.061270
vn -0.997030 0.046982 0.061021
vn 0.347145 0.395589 -0.850294
vn 0.347145 0.395589 -0.850294
vn 0.348913 0.012350 -0.937074
vn 0.348913 0.012350 -0.937074
vn -0.129952 0.024906 -0.991207
vn -0.141003 0.025134 -0.989690
vn -0.573908 0.031635 -0.818308
vn -0.573908 0.031635 -0.818308
vn 0.847065 0.529248 -0.048759
vn 0.847065 0.529248 -0.048759
vn 0.847065 0.529248 -0.048759
vn 0.847065 0.529248 -0.048759
vn 0.990195 -0.008003 -0.139462
vn 0.990195 -0.008003 -0.139462
vn 0.938349 -0.009414 -0.345563
vn 0.938349 -0.009414 -0.345563
vn 0.938349 -0.009414 -0.345563
vn 0.938348 -0.009414 -0.345563
vn -0.053614 0.946862 0.317141
vn -0.053614 0.946862 0.317141
vn 0.066570 -0.491854 0.868129
vn 0.066570 -0.491854 0.868129
vn 0.112172 -0.492033 0.863320
vn 0.112203 -0.492032 0.863316
vn 0.157582 -0.491175 0.856688
vn 0.157582 -0.491175 0.856688
vn -0.936754 0.344047 -0.064221
vn -0.936754 0.344047 -0.064221
vn -0.936754 0.344047 -0.064221
vn -0.936754 0.344047 -0.064221
vn -0.996489 0.021458 -0.080922
vn -0.996490 0.021458 -0.080922
vn -0.996489 0.021458 -0.080922
vn -0.996490 0.021458 -0.080922
vn -0.990606 0.008998 0.136448
vn -0.991018 0.004767 0.133645
vn -0.991010 0.004845 0.133697
vn -0.990606 0.008998 0.136448
vn 0.015216 -0.701690 0.712320
vn 0.015216 -0.701690 0.712320
vn -0.089789 -0.758896 0.644992
vn -0.089789 -0.758896 0.644992
vn 0.006905 -0.766360 0.642374
vn 0.006939 -0.766361 0.642372
vn 0.103520 -0.766611 0.633712
vn 0.103520 -0.766611 0.633712
vn -0.997081 0.045197 0.061543
vn -0.997081 0.045197 0.061543
vn -0.974184 0.141225 -0.176127
vn -0.974184 0.141225 -0.176127
vn -0.974184 0.141225 -0.176127
vn -0.974184 0.141225 -0.176127
vn -0.825338 -0.372565 0.424278
vn -0.825338 -0.372565 0.424278
vn -0.825338 -0.372565 0.424278
vn -0.825338 -0.372565 0.424278
vn -0.010534 0.715155 -0.698887
vn 0.075507 0.664368 -0.743582
vn 0.075507 0.664368 -0.743582
vn -0.016660 0.671359 -0.740945
vn -0.016606 0.671357 -0.740948
vn -0.108670 0.672610 -0.731975
vn -0.108670 0.672610 -0.731974
vn 0.899857 -0.305596 0.311238
vn 0.899857 -0.305596 0.311238
vn 0.899857 -0.305596 0.311238
vn 0.899857 -0.305596 0.311238
vn 0.835842 -0.443840 0.323069
vn 0.835842 -0.443840 0.323069
vn 0.835842 -0.443840 0.323069
vn 0.835842 -0.443840 0.323069
vn 0.953864 0.057721 -0.294639
vn 0.953864 0.057721 -0.294639
vn 0.953864 0.057721 -0.294639
vn 0.953864 0.057721 -0.294639
vn 0.008871 0.999952 0.004174
vn 0.008871 0.999952 0.004174
vn -0.095013 0.992756 0.073535
vn -0.095013 0.992756 0.073535
vn 0.001824 0.998109 0.061434
vn 0.001876 0.998110 0.061427
vn 0.098637 0.993929 0.048747
vn 0.098637 0.993929 0.048747
vn -0.991448 0.000032 0.130505
vn -0.991448 0.000032 0.130505
vn -0.944953 -0.239010 0.223467
vn -0.944953 -0.239010 0.223467
vn -0.944953 -0.239010 0.223467
vn -0.944953 -0.239010 0.223467
vn -0.827275 0.550123 0.113938
vn -0.827275 0.550123 0.113938
vn -0.827275 0.550123 0.113938
vn -0.827275 0.550122 0.113938
vn 0.001203 -0.999987 0.004958
vn 0.106395 -0.992264 0.063975
vn 0.106395 -0.992264 0.063975
vn 0.015242 -0.997029 0.075504
vn 0.015129 -0.997030 0.075518
vn -0.076156 -0.993345 0.086407
vn -0.076156 -0.993345 0.086407
vn 0.879733 0.435471 -0.190880
vn 0.879733 0.435471 -0.190880
vn 0.879733 0.435471 -0.190880
vn 0.879733 0.435471 -0.190880
vn 0.824581 0.557650 -0.095357
vn 0.824581 0.557650 -0.095357
vn 0.824581 0.557650 -0.095357
vn 0.824581 0.557650 -0.095357
vn 0.973314 -0.228672 -0.019238
vn 0.973313 -0.228672 -0.019238
vn 0.973314 -0.228672 -0.019238
vn 0.973313 -0.228672 -0.019238
vn -0.590849 -0.709564 -0.383948
vn -0.941396 -0.316728 -0.116002
vn -0.961271 0.209101 0.179539
vn 0.923903 -0.382240 0.017190
vn 0.304025 -0.828204 -0.470794
vn 0.548463 0.575786 0.606350
vn 0.913720 0.106955 0.392017
vn -0.339165 0.782498 0.522172
vn 0.982004 0.186812 0.027732
vn 0.892059 -0.250181 -0.376353
vn 0.491974 -0.575704 -0.653090
vn -0.417253 0.388379 0.821621
vn 0.439868 0.644383 0.625530
vn -0.906568 -0.406982 0.111806
vn -0.814808 -0.019997 0.579386
vn -0.396286 -0.705219 -0.587897
vn 0.617741 -0.554246 0.557859
vn 0.617741 -0.554246 0.557859
vn 0.617741 -0.554246 0.557859
vn 0.617741 -0.554246 0.557859
vn 0.694007 -0.512990 0.505169
vn 0.053523 -0.445139 0.893861
vn -0.660056 -0.409368 0.629876
vn 0.702223 -0.711277 0.031123
vn -0.897666 -0.292598 0.329519
vn -0.897666 -0.292598 0.329519
vn -0.801587 -0.568987 0.183608
vn 0.647049 0.078114 -0.758437
vn -0.328646 0.808055 0.488917
vn -0.840487 0.465304 0.277622
vn -0.840487 0.465304 0.277622
vn -0.327755 0.808317 0.489081
vn -0.978199 -0.174853 -0.112044
vn -0.978199 -0.174853 -0.112044
vn -0.978199 -0.174853 -0.112044
vn -0.978199 -0.174853 -0.112044
vn -0.899499 -0.366101 -0.238477
vn -0.899499 -0.366101 -0.238477
vn -0.899499 -0.366101 -0.238477
vn -0.899499 -0.366101 -0.238477
vn -0.212342 -0.799416 -0.562001
vn 0.327260 -0.766982 -0.551942
vn 0.327294 -0.766972 -0.551935
vn -0.212342 -0.799416 -0.562001
vn 0.666125 -0.600684 -0.442104
vn 0.666125 -0.600684 -0.442104
vn 0.948741 0.278212 0.149960
vn 0.948741 0.278212 0.149960
vn 0.948741 0.278212 0.149960
vn 0.948741 0.278212 0.149960
vn 0.939438 0.300538 0.164722
vn 0.939438 0.300538 0.164722
vn 0.939438 0.300538 0.164722
vn 0.939438 0.300538 0.164722
vn 0.157127 0.843618 0.513439
vn 0.157127 0.843618 0.513439
vn -0.447329 -0.620816 -0.643805
vn 0.078208 -0.632938 -0.770243
vn 0.078208 -0.632938 -0.770243
vn -0.447361 -0.620808 -0.643789
vn 0.824973 -0.269291 -0.496892
vn 0.824973 -0.269291 -0.496892
vn 0.824973 -0.269291 -0.496892
vn 0.824973 -0.269291 -0.496892
vn 0.931390 -0.111893 -0.346401
vn 0.931390 -0.111893 -0.346401
vn 0.931390 -0.111893 -0.346401
vn 0.931390 -0.111893 -0.346401
vn 0.888098 0.410563 0.206687
vn 0.436412 0.675936 0.593848
vn 0.435663 0.676104 0.594207
vn 0.888098 0.410563 0.206687
vn -0.033342 0.689230 0.723775
vn -0.033342 0.689230 0.723775
vn -0.880333 0.222267 0.419060
vn -0.880333 0.222267 0.419060
vn -0.880333 0.222267 0.419060
vn -0.880333 0.222267 0.419060
vn -0.892870 0.203888 0.401514
vn -0.892870 0.203888 0.401514
vn -0.892870 0.203888 0.401514
vn -0.892870 0.203888 0.401514
vn -0.753506 -0.496674 -0.430748
vn -0.753506 -0.496674 -0.430748
s 1
g pCube1
usemtl pCube1SG
f 101/1/1 1/2/2 98/3/3 97/4/4
f 99/5/5 2/6/6 103/7/7 102/8/8
f 104/9/9 3/10/10 107/11/11 106/12/12
s 3
f 114/13/13 5/14/14 111/15/15 110/16/16
f 112/17/17 6/18/18 116/19/19 115/20/20
f 117/21/21 7/22/22 120/23/23 119/24/24
f 126/25/25 9/26/26 113/27/27 123/28/28
f 124/29/29 10/30/30 118/31/31 127/32/32
f 128/33/33 11/34/34 122/35/35 130/36/36
f 136/424/37 13/38/38 125/39/39 133/474/40
f 141/401/41 85/42/42 138/43/43 137/473/44
f 145/413/45 15/477/46 132/47/47 142/472/48
f 149/49/49 17/50/50 135/51/51 146/52/52
f 147/53/53 18/54/54 151/470/55 150/56/56
f 152/57/57 19/58/58 144/59/59 154/60/60
f 160/61/61 21/62/62 148/63/63 157/64/64
f 158/65/65 22/66/66 153/67/67 161/68/68
f 162/69/69 23/70/70 156/71/71 164/72/72
f 171/73/73 90/74/74 168/75/75 167/76/76
f 169/77/77 91/78/78 173/79/79 172/80/80
f 174/81/81 92/82/82 177/83/83 176/84/84
s 10
f 184/85/85 49/86/86 181/87/87 180/88/88
s 1
f 187/464/89 30/90/90 175/91/91 185/469/92
s 12
f 192/93/93 53/94/94 189/95/95 188/96/96
s off
f 108/97/97 4/98/98 194/99/99 193/100/100
s 3
f 121/101/101 8/102/102 197/103/103 196/104/104
s 13
f 378/105/105 377/106/106 379/107/107 380/108/108
s off
f 171/73/109 29/109/110 204/110/111 203/111/112
s 3
f 160/61/61 25/112/113 207/113/114 206/114/115
s 14
f 386/501/116 387/116/117 388/117/118 389/118/119
s 15
f 216/119/120 29/109/121 170/120/122 213/121/123
s 1
f 214/122/124 30/90/90 187/464/89 217/123/125
f 218/124/126 2/6/6 98/3/127 220/125/128
s 17
f 221/126/129 1/2/130 204/462/131 223/127/132
s 18
f 228/128/133 31/129/134 179/130/135 225/131/136
s 19
f 226/132/137 32/133/138 194/460/139 229/134/140
s 1
f 230/135/141 4/98/142 107/11/143 232/136/144
f 233/137/145 3/10/10 186/458/146 235/139/147
s 21
f 240/140/148 33/141/149 215/142/150 237/143/151
f 238/144/152 34/145/153 219/454/154 241/147/155
f 242/148/156 35/149/157 222/150/158 244/151/159
f 245/152/160 36/153/161 224/447/162 247/155/163
s 22
f 252/156/164 37/157/165 227/158/166 249/159/167
f 250/160/168 38/161/169 231/441/170 253/163/171
f 254/164/172 39/165/173 234/166/174 256/167/175
f 257/168/176 40/169/177 236/434/178 259/171/179
s 23
f 263/524/180 41/479/181 239/174/182 261/528/183
s off
f 262/176/184 42/177/185 243/178/186 264/527/187
s 24
f 270/511/188 58/181/189 267/182/190 266/525/191
s off
f 272/516/192 44/448/193 248/186/194 271/523/195
s 25
f 275/518/196 45/478/197 251/190/198 273/522/199
s off
f 274/192/200 46/193/201 255/194/202 276/521/203
s 26
f 282/505/204 62/197/205 279/198/206 278/519/207
s off
f 284/510/208 48/435/209 260/202/210 283/517/211
s 27
f 287/204/212 43/450/213 246/206/214 285/207/215
s off
f 286/208/216 44/448/217 272/516/218 288/209/219
s 10
f 289/210/220 52/211/221 183/212/222 290/213/223
s 28
f 291/214/224 51/215/225 265/513/226 292/217/227
s 29
f 295/218/228 47/437/229 258/220/230 293/221/231
s off
f 294/222/232 48/435/233 284/510/234 296/223/235
s 12
f 297/224/236 56/225/237 191/226/238 298/227/239
s 30
f 299/228/240 55/229/241 277/507/242 300/231/243
s 3
f 304/232/244 12/233/245 198/430/246 301/235/247
f 302/236/248 24/237/249 155/238/250 305/239/251
f 306/240/252 20/241/253 143/428/254 308/243/255
f 309/244/256 16/245/257 131/246/258 311/247/259
f 316/248/260 21/62/62 208/426/261 313/250/262
f 314/251/263 9/26/26 126/25/25 317/252/264
f 318/253/265 13/38/38 136/424/37 320/254/266
f 321/255/267 17/50/50 149/49/49 323/256/268
f 327/257/269 66/258/270 303/422/271 325/260/272
f 326/261/273 65/262/274 307/263/275 328/264/276
f 329/265/277 67/266/278 310/420/279 330/268/280
f 331/269/281 68/270/282 312/271/283 332/272/284
f 335/273/285 69/274/286 315/418/287 333/276/288
f 334/277/289 70/278/290 319/279/291 336/280/292
f 337/281/293 71/282/294 322/416/295 338/284/296
f 339/285/297 72/286/298 324/287/299 340/288/300
s off
f 344/289/301 14/480/302 129/291/303 341/292/304
s 3
f 342/293/305 15/46/306 145/414/45 345/294/307
f 346/295/308 19/471/58 151/55/309 348/296/310
f 349/297/311 18/475/54 134/410/312 351/299/313
f 355/300/314 81/301/315 343/302/316 353/303/317
f 354/304/318 82/305/319 347/406/320 356/307/321
f 357/308/322 83/309/323 350/310/324 358/311/325
f 359/312/326 84/313/327 352/403/328 360/315/329
f 363/316/330 90/74/74 205/400/331 361/318/332
f 363/316/330 25/112/113 159/319/333 364/320/334
f 365/321/335 26/322/336 163/323/337 366/324/338
f 367/325/339 27/326/340 166/327/341 368/328/342
f 371/329/343 94/330/344 195/397/345 370/332/346
f 373/333/347 95/334/348 109/335/349 372/336/350
f 375/337/351 96/338/352 105/339/353 374/340/354
f 362/341/355 89/342/356 100/343/357 376/344/358
s 1
f 98/3/3 2/6/6 99/5/5 97/4/4
s 3
f 99/5/359 96/338/352 100/343/357 97/4/360
f 100/343/357 89/342/356 101/1/361 97/4/360
s 1
f 103/7/7 3/10/10 104/9/9 102/8/362
s 3
f 104/9/363 95/334/348 105/339/353 102/8/364
f 105/339/353 96/338/352 99/5/359 102/8/364
s 1
f 107/11/11 4/98/365 108/97/366 106/12/12
s 3
f 108/97/367 94/330/344 109/335/349 106/12/368
f 109/335/349 95/334/348 104/9/363 106/12/368
f 111/15/15 6/18/18 112/17/17 110/16/16
f 112/17/17 10/30/30 113/27/27 110/16/16
f 113/27/27 9/26/26 114/13/13 110/16/16
f 116/19/19 7/22/22 117/21/21 115/20/20
f 117/21/21 11/34/34 118/31/31 115/20/20
f 118/31/31 10/30/30 112/17/17 115/20/20
f 120/23/23 8/102/102 121/101/101 119/24/24
f 121/101/101 12/233/245 122/35/35 119/24/24
f 122/35/35 11/34/34 117/21/21 119/24/24
f 113/27/27 10/30/30 124/29/29 123/28/28
f 124/29/29 14/290/369 125/39/39 123/28/28
f 125/39/39 13/38/38 126/25/25 123/28/28
f 118/31/31 11/34/34 128/33/33 127/32/32
f 128/33/33 15/477/46 129/476/370 127/32/32
f 129/476/370 14/290/369 124/29/29 127/32/32
f 122/35/35 12/233/245 131/246/258 130/36/36
f 131/246/258 16/245/257 132/47/47 130/36/36
f 132/47/47 15/477/46 128/33/33 130/36/36
f 125/39/39 14/290/369 134/408/312 133/474/40
f 134/409/312 18/54/54 135/51/51 133/40/40
f 135/51/51 17/50/50 136/37/37 133/40/40
f 138/43/43 86/345/371 139/346/372 137/473/44
f 139/404/372 87/347/373 140/348/374 137/44/44
f 140/348/374 88/349/375 141/41/41 137/44/44
f 132/47/47 16/245/257 143/242/254 142/472/48
f 143/428/254 20/241/253 144/59/59 142/48/48
f 144/59/59 19/58/58 145/412/45 142/48/48
f 135/51/51 18/54/54 147/53/53 146/52/52
f 147/53/53 22/66/66 148/63/63 146/52/52
f 148/63/63 21/62/62 149/49/49 146/52/52
f 151/470/55 19/58/58 152/57/57 150/56/56
f 152/57/57 23/70/70 153/67/67 150/56/56
f 153/67/67 22/66/66 147/53/53 150/56/56
f 144/59/59 20/241/253 155/238/250 154/60/60
f 155/238/250 24/237/249 156/71/71 154/60/60
f 156/71/71 23/70/70 152/57/57 154/60/60
f 148/63/63 22/66/66 158/65/65 157/64/64
f 158/65/65 26/322/336 159/319/333 157/64/64
f 159/319/333 25/112/113 160/61/61 157/64/64
f 153/67/67 23/70/70 162/69/69 161/68/68
f 162/69/69 27/326/340 163/323/337 161/68/68
f 163/323/337 26/322/336 158/65/65 161/68/68
f 156/71/71 24/237/249 165/350/376 164/72/72
f 165/350/376 28/351/377 166/327/341 164/72/72
f 166/327/341 27/326/340 162/69/69 164/72/72
f 168/75/75 91/78/78 169/77/77 167/76/76
s 1
f 169/77/378 30/90/90 170/120/379 167/76/380
f 170/120/379 29/109/381 171/73/382 167/76/380
s 3
f 173/79/79 92/82/82 174/81/81 172/80/80
s 1
f 174/81/383 31/129/384 175/91/91 172/80/385
f 175/91/91 30/90/90 169/77/378 172/80/386
s 3
f 177/83/83 93/352/387 178/353/388 176/84/84
s 1
f 178/353/389 32/133/390 179/130/391 176/84/392
f 179/130/391 31/129/384 174/81/383 176/84/392
s 10
f 181/87/87 50/354/393 182/355/394 180/88/88
f 182/355/394 51/215/395 183/212/222 180/88/88
f 183/212/222 52/211/221 184/85/85 180/88/88
s 1
f 175/91/91 31/129/384 186/138/146 185/469/92
f 186/458/146 3/10/10 103/7/7 185/92/92
f 103/7/7 2/6/6 187/89/89 185/92/92
s 12
f 189/95/95 54/356/396 190/357/397 188/96/96
f 190/357/397 55/229/398 191/226/238 188/96/96
f 191/226/238 56/225/237 192/93/93 188/96/96
s off
f 194/460/399 32/133/400 178/353/401 193/468/402
s 3
f 178/353/388 93/352/387 195/331/345 193/468/403
f 195/397/345 94/330/344 108/97/367 193/100/403
f 197/395/103 28/351/377 165/350/376 196/467/104
f 165/350/376 24/237/249 198/234/404 196/467/104
f 198/430/404 12/233/245 121/101/101 196/104/104
s 41
f 379/107/405 381/358/406 382/503/407 380/108/408
f 382/359/407 383/360/409 384/361/410 380/108/408
s 13
f 384/361/411 385/362/412 378/105/105 380/108/108
s off
f 204/462/413 1/2/414 101/1/415 203/466/416
s 3
f 101/1/361 89/342/356 205/317/331 203/466/417
f 205/400/331 90/74/74 171/73/73 203/111/417
f 207/398/114 5/14/14 114/13/13 206/465/115
f 114/13/13 9/26/26 208/249/418 206/465/115
f 208/426/418 21/62/62 160/61/61 206/114/115
s 42
f 388/117/419 390/363/420 391/364/421 389/118/422
f 391/364/421 392/365/423 393/366/424 389/118/422
s 14
f 393/366/425 394/367/426 386/115/116 389/118/119
s 15
f 170/120/122 30/90/427 214/122/428 213/121/123
f 214/122/428 34/145/429 215/142/430 213/121/123
f 215/142/430 33/141/431 216/119/120 213/121/123
s 1
f 187/89/89 2/6/6 218/124/126 217/463/432
f 218/124/126 35/149/433 219/146/434 217/463/432
f 219/454/435 34/145/436 214/122/124 217/123/125
f 98/3/127 1/2/437 221/126/438 220/125/128
f 221/126/438 36/153/439 222/150/440 220/125/128
f 222/150/440 35/149/441 218/124/126 220/125/128
s 43
f 204/110/442 29/109/443 216/119/444 223/461/445
f 216/119/444 33/141/446 224/154/447 223/461/445
s 17
f 224/447/448 36/153/449 221/126/129 223/127/132
s 18
f 179/130/135 32/133/450 226/132/451 225/131/136
f 226/132/451 38/161/452 227/158/453 225/131/136
f 227/158/453 37/157/454 228/128/133 225/131/136
s 44
f 194/99/455 4/98/456 230/135/457 229/459/458
f 230/135/457 39/165/459 231/162/460 229/459/458
s 19
f 231/441/461 38/161/462 226/132/137 229/134/140
s 1
f 107/11/143 3/10/10 233/137/145 232/136/144
f 233/137/145 40/169/463 234/166/464 232/136/144
f 234/166/464 39/165/465 230/135/141 232/136/144
f 186/138/146 31/129/384 228/128/466 235/457/467
f 228/128/466 37/157/468 236/170/469 235/457/467
f 236/434/470 40/169/471 233/137/145 235/139/147
s 21
f 215/142/150 34/145/153 238/144/152 237/143/151
f 238/144/152 42/456/472 239/455/473 237/143/151
f 239/455/473 41/173/474 240/140/148 237/143/151
f 219/146/154 35/149/157 242/148/156 241/453/155
f 242/148/156 43/205/475 243/451/476 241/453/155
f 243/452/476 42/456/472 238/144/152 241/147/155
f 222/150/158 36/153/161 245/152/160 244/151/159
f 245/152/160 44/185/477 246/449/478 244/151/159
f 246/449/478 43/205/475 242/148/156 244/151/159
f 224/154/162 33/141/149 240/140/148 247/446/163
f 240/140/148 41/173/474 248/444/479 247/446/163
f 248/445/479 44/185/477 245/152/160 247/155/163
s 22
f 227/158/166 38/161/169 250/160/168 249/159/167
f 250/160/168 46/443/480 251/442/481 249/159/167
f 251/442/481 45/189/482 252/156/164 249/159/167
f 231/162/170 39/165/173 254/164/172 253/440/171
f 254/164/172 47/219/483 255/438/484 253/440/171
f 255/439/484 46/443/480 250/160/168 253/163/171
f 234/166/174 40/169/177 257/168/176 256/167/175
f 257/168/176 48/201/485 258/436/486 256/167/175
f 258/436/486 47/219/483 254/164/172 256/167/175
f 236/170/178 37/157/165 252/156/164 259/433/179
f 252/156/164 45/189/482 260/431/487 259/433/179
f 260/432/487 48/201/485 257/168/176 259/171/179
s 23
f 239/174/182 42/177/488 262/176/489 261/528/183
s 45
f 262/526/490 50/354/491 181/87/492 261/175/493
f 181/87/492 49/86/494 263/172/495 261/175/493
s off
f 243/178/496 43/450/497 265/216/498 264/527/499
s 28
f 265/513/226 51/215/225 182/355/500 264/179/501
s off
f 182/355/502 50/354/503 262/526/504 264/179/505
s 24
f 267/182/190 57/368/506 268/369/507 266/525/191
s 46
f 268/514/508 59/370/509 269/371/510 266/183/511
f 269/371/510 60/372/512 270/180/513 266/183/511
s off
f 248/186/514 41/479/515 263/524/516 271/523/517
f 263/172/518 49/86/519 184/85/520 271/187/521
s 47
f 184/85/522 52/211/523 272/184/524 271/187/525
s 25
f 251/190/198 46/193/526 274/192/527 273/522/199
s 48
f 274/520/528 54/356/529 189/95/530 273/191/531
f 189/95/530 53/94/532 275/188/533 273/191/531
s off
f 255/194/534 47/437/535 277/230/536 276/521/537
s 30
f 277/507/242 55/229/241 190/357/538 276/195/539
s off
f 190/357/540 54/356/541 274/520/542 276/195/543
s 26
f 279/198/206 61/373/544 280/374/545 278/519/207
s 49
f 280/508/546 63/375/547 281/376/548 278/199/549
f 281/376/548 64/377/550 282/196/551 278/199/549
s off
f 260/202/552 45/478/553 275/518/554 283/517/555
f 275/188/556 53/94/557 192/93/558 283/203/559
s 50
f 192/93/560 56/225/561 284/200/562 283/203/563
s 27
f 246/206/214 44/448/564 286/208/565 285/207/215
s 51
f 286/208/566 57/368/567 267/182/568 285/207/569
f 267/182/568 58/181/570 287/204/571 285/207/569
s 47
f 272/184/524 52/211/523 289/210/572 288/515/573
s off
f 289/210/574 59/370/575 268/514/576 288/515/577
f 268/369/578 57/368/579 286/208/580 288/209/581
s 10
f 183/212/222 51/215/395 291/214/582 290/213/223
s 52
f 291/214/583 60/372/584 269/371/585 290/213/586
f 269/371/585 59/370/587 289/210/588 290/213/586
s off
f 265/216/589 43/450/590 287/204/591 292/512/592
f 287/204/593 58/181/594 270/511/595 292/512/596
f 270/180/597 60/372/598 291/214/599 292/217/600
s 29
f 258/220/230 48/435/601 294/222/602 293/221/231
s 53
f 294/222/603 61/373/604 279/198/605 293/221/606
f 279/198/605 62/197/607 295/218/608 293/221/606
s 50
f 284/200/562 56/225/561 297/224/609 296/509/610
s off
f 297/224/611 63/375/612 280/508/613 296/509/614
f 280/374/615 61/373/616 294/222/617 296/223/618
s 12
f 191/226/238 55/229/398 299/228/619 298/227/239
s 54
f 299/228/620 64/377/621 281/376/622 298/227/623
f 281/376/622 63/375/624 297/224/625 298/227/623
s off
f 277/230/626 47/437/627 295/218/628 300/506/629
f 295/218/630 62/197/631 282/505/632 300/506/633
f 282/196/634 64/377/635 299/228/636 300/231/637
s 3
f 198/234/246 24/237/249 302/236/248 301/429/247
f 302/236/248 65/262/274 303/259/271 301/429/247
f 303/422/271 66/258/270 304/232/244 301/235/247
f 155/238/250 20/241/253 306/240/252 305/239/251
f 306/240/252 67/266/278 307/263/275 305/239/251
f 307/263/275 65/262/274 302/236/248 305/239/251
f 143/242/254 16/245/257 309/244/256 308/427/255
f 309/244/256 68/270/282 310/267/279 308/427/255
f 310/420/279 67/266/278 306/240/252 308/243/255
f 131/246/258 12/233/245 304/232/244 311/247/259
f 304/232/244 66/258/270 312/271/283 311/247/259
f 312/271/283 68/270/282 309/244/256 311/247/259
f 208/249/261 9/26/26 314/251/263 313/425/262
f 314/251/263 70/278/290 315/275/287 313/425/262
f 315/418/287 69/274/286 316/248/260 313/250/262
f 126/25/25 13/38/38 318/253/265 317/252/264
f 318/253/265 71/282/294 319/279/291 317/252/264
f 319/279/291 70/278/290 314/251/263 317/252/264
f 136/37/37 17/50/50 321/255/267 320/423/266
f 321/255/267 72/286/298 322/283/295 320/423/266
f 322/416/295 71/282/294 318/253/265 320/254/266
f 149/49/49 21/62/62 316/248/260 323/256/268
f 316/248/260 69/274/286 324/287/299 323/256/268
f 324/287/299 72/286/298 321/255/267 323/256/268
f 303/259/271 65/262/274 326/261/273 325/421/272
f 326/261/273 73/497/638 199/498/639 325/421/272
f 199/499/639 74/500/640 327/257/269 325/260/272
f 307/263/275 67/266/278 329/265/277 328/264/276
f 329/265/277 75/495/641 200/496/642 328/264/276
f 200/496/642 73/497/638 326/261/273 328/264/276
f 310/267/279 68/270/282 331/269/281 330/419/280
f 331/269/281 76/492/643 201/493/644 330/419/280
f 201/494/644 75/495/641 329/265/277 330/268/280
f 312/271/283 66/258/270 327/257/269 332/272/284
f 327/257/269 74/500/640 202/491/645 332/272/284
f 202/491/645 76/492/643 331/269/281 332/272/284
f 315/275/287 70/278/290 334/277/289 333/417/288
f 334/277/289 78/490/646 209/488/647 333/417/288
f 209/489/647 77/482/648 335/273/285 333/276/288
f 319/279/291 71/282/294 337/281/293 336/280/292
f 337/281/293 79/487/649 210/486/650 336/280/292
f 210/486/650 78/490/646 334/277/289 336/280/292
f 322/283/295 72/286/298 339/285/297 338/415/296
f 339/285/297 80/485/651 211/483/652 338/415/296
f 211/484/652 79/487/649 337/281/293 338/284/296
f 324/287/299 69/274/286 335/273/285 340/288/300
f 335/273/285 77/482/648 212/481/653 340/288/300
f 212/481/653 80/485/651 339/285/297 340/288/300
s off
f 129/291/654 15/46/655 342/293/656 341/292/657
s 3
f 342/293/658 82/305/319 343/302/316 341/292/659
f 343/302/316 81/301/315 344/289/660 341/292/659
f 145/45/45 19/471/58 346/295/308 345/411/307
f 346/295/308 83/309/323 347/306/320 345/411/661
f 347/406/320 82/305/319 342/293/658 345/294/661
f 151/55/309 18/475/54 349/297/311 348/296/310
f 349/297/311 84/313/327 350/310/324 348/296/310
f 350/310/324 83/309/323 346/295/308 348/296/310
f 134/298/312 14/480/662 344/289/663 351/407/313
f 344/289/660 81/301/315 352/314/328 351/407/664
f 352/403/328 84/313/327 349/297/311 351/299/664
f 343/302/316 82/305/319 354/304/318 353/303/317
f 354/304/318 86/345/371 138/43/43 353/303/317
f 138/43/43 85/42/42 355/300/314 353/303/317
f 347/306/320 83/309/323 357/308/322 356/405/321
f 357/308/322 87/347/373 139/404/372 356/405/321
f 139/346/372 86/345/371 354/304/318 356/307/321
f 350/310/324 84/313/327 359/312/326 358/311/325
f 359/312/326 88/349/375 140/348/374 358/311/325
f 140/348/374 87/347/373 357/308/322 358/311/325
f 352/314/328 81/301/315 355/300/314 360/402/329
f 355/300/314 85/42/42 141/401/41 360/402/329
f 141/41/41 88/349/375 359/312/326 360/315/329
f 205/317/331 89/342/356 362/341/355 361/399/332
f 362/341/355 5/14/14 207/398/114 361/399/332
f 207/113/114 25/112/113 363/316/330 361/318/332
f 159/319/333 26/322/336 365/321/335 364/320/334
f 365/321/335 91/78/78 168/75/75 364/320/334
f 168/75/75 90/74/74 363/316/330 364/320/334
f 163/323/337 27/326/340 367/325/339 366/324/338
f 367/325/339 92/82/82 173/79/79 366/324/338
f 173/79/79 91/78/78 365/321/335 366/324/338
f 166/327/341 28/351/377 369/394/665 368/328/342
f 369/394/665 93/352/387 177/83/83 368/328/342
f 177/83/83 92/82/82 367/325/339 368/328/342
f 195/331/345 93/352/387 369/394/665 370/396/346
f 369/394/665 28/351/377 197/395/103 370/396/346
f 197/103/103 8/102/102 371/329/343 370/332/346
f 109/335/349 94/330/344 371/329/343 372/336/350
f 371/329/343 8/102/102 120/23/23 372/336/350
f 120/23/23 7/22/22 373/333/347 372/336/350
f 105/339/353 95/334/348 373/333/347 374/340/354
f 373/333/347 7/22/22 116/19/19 374/340/354
f 116/19/19 6/18/18 375/337/351 374/340/354
f 100/343/357 96/338/352 375/337/351 376/344/358
f 375/337/351 6/18/18 111/15/15 376/344/358
f 111/15/15 5/14/14 362/341/355 376/344/358
s 55
f 202/385/666 74/380/667 377/106/668 378/105/669
s off
f 74/380/670 199/379/671 379/107/672 377/106/673
f 199/379/674 73/378/675 381/358/676 379/107/677
s 56
f 73/378/678 200/504/679 382/503/680 381/358/681
f 200/382/679 75/381/682 383/360/683 382/359/680
s off
f 75/381/684 201/384/685 384/361/686 383/360/687
f 201/384/688 76/383/689 385/362/690 384/361/691
s 55
f 76/383/692 202/385/666 378/105/669 385/362/693
s 57
f 212/393/694 77/388/695 387/116/696 386/501/697
s off
f 77/388/698 209/387/699 388/117/700 387/116/701
f 209/387/702 78/386/703 390/363/704 388/117/705
s 58
f 78/386/706 210/390/707 391/364/708 390/363/709
f 210/390/707 79/389/710 392/365/711 391/364/708
s off
f 79/389/712 211/392/713 393/366/714 392/365/715
f 211/392/716 80/391/717 394/367/718 393/366/719
s 57
f 80/391/720 212/502/694 386/115/697 394/367/721
