# This file uses centimeters as units for non-parametric coordinates.

mtllib run_frame09.mtl
g default
v -16.224459 73.031197 206.052429
v -3.266240 70.131218 202.789825
v 7.135598 66.754639 198.792160
v 20.217388 67.430901 194.344421
v -20.613384 97.298988 203.354935
v -11.052274 94.918556 215.018036
v 6.859325 93.930107 218.151657
v 20.113014 94.983696 210.530075
v -18.459518 125.608490 205.714600
v -9.962134 118.150116 216.160675
v 4.735231 118.201065 220.084335
v 16.367830 125.475815 215.264648
v -23.338053 133.081696 208.070786
v -7.753765 138.400665 215.086533
v 3.328074 138.410904 217.986359
v 18.867451 134.795654 220.018875
v -21.340675 139.020416 201.682510
v -6.660145 142.117447 203.561646
v 8.029474 142.148499 207.467514
v 23.524651 135.425110 210.386353
v -16.376490 129.502594 199.739853
v -4.168100 125.536812 194.362457
v 10.529888 125.589401 198.286530
v 18.709900 127.235451 207.802841
v -18.338814 99.487900 190.863235
v -4.821266 99.458015 189.354218
v 10.109787 98.656898 191.923843
v 22.452799 97.228806 197.750153
v -18.731407 66.648552 196.369843
v -5.568610 63.695652 194.939255
v 3.411384 68.902702 186.918411
v 16.493639 74.160095 184.195572
v -14.036983 46.466000 224.739594
v -6.595910 45.560776 223.503922
v -4.507434 52.511417 231.726303
v -11.998913 53.166191 233.058929
v 5.510962 47.456806 166.577332
v 12.826767 48.718044 164.127380
v 17.094833 40.200268 172.542053
v 9.774968 38.928650 174.972733
v -13.714795 27.055559 203.002060
v -6.392118 26.266163 203.578445
v -7.818618 20.425215 212.568939
v -15.111197 21.258911 211.895447
v -1.446899 35.219013 138.391388
v 5.706174 36.703053 136.650803
v 8.530791 26.379507 138.856430
v 1.312136 24.776443 140.247238
v -14.479681 22.919468 199.140366
v -5.742771 21.911800 199.950211
v -6.395391 13.943718 212.458008
v -18.051033 15.321068 211.314392
v -3.168941 34.949593 133.298218
v 5.465884 36.845642 131.560303
v 10.530647 23.234451 133.440521
v -0.799861 20.653757 135.412399
v -18.866608 11.029789 226.789566
v -9.687760 9.929332 227.705887
v -19.038654 8.023756 224.903107
v -9.859801 6.923319 225.819412
v 4.651767 6.517974 140.537720
v 13.589098 8.587309 139.072098
v 4.160321 6.182396 137.033676
v 13.096890 8.258134 135.565628
v 27.123049 110.833290 227.495026
v 23.232668 116.145454 224.776382
v 35.830864 117.285263 228.091095
v 31.528898 122.393661 227.356323
v -18.896992 133.032776 177.222168
v -18.644821 129.635391 185.078674
v -29.047113 132.255768 185.199249
v -28.565516 137.565384 179.393372
v 9.311146 129.868607 244.665329
v 7.337651 134.825851 236.479599
v 12.332244 132.046753 245.256027
v 10.357668 137.005524 237.069885
v -28.706299 103.872383 180.294693
v -27.207142 104.482750 189.932190
v -30.716002 105.784073 190.395584
v -32.215160 105.173706 180.758087
v -9.764592 149.558533 221.035034
v 5.772901 149.302872 222.557785
v 10.329545 150.233276 206.699783
v -11.334087 150.352310 204.701904
v -8.600305 170.786514 222.090607
v 6.248847 170.556229 222.668304
v 6.641895 174.352631 205.147186
v -7.513533 174.572144 204.596481
v -17.514496 76.260681 204.400925
v -19.640139 76.299095 192.871597
v -7.268240 76.925537 188.236038
v 4.949202 79.781532 187.270920
v 18.255630 79.968018 187.649368
v 20.734163 76.090439 199.689941
v 9.358689 74.897400 205.448212
v -5.154760 75.129379 207.140381
v -10.976615 74.392929 205.104813
v -10.297767 72.894073 206.111481
v -4.309447 72.879326 204.809906
v -12.006472 75.969124 206.441864
v -16.931911 74.571289 204.065155
v 2.102358 71.472771 204.361618
v 2.257377 67.848099 202.375580
v 8.741126 70.022354 203.040771
v 2.025253 74.877022 206.556900
v 15.486018 70.136879 200.761826
v 15.080771 65.904251 197.374619
v 20.600706 71.477051 197.430023
v 16.051291 75.118797 203.216797
v -16.888601 108.121658 209.401474
v -17.389614 96.114227 209.317780
v -11.194206 106.626259 214.631851
v -16.640711 120.177704 210.868469
v -20.569702 109.755562 203.984772
v -2.036994 105.256226 216.810287
v -2.250683 94.273102 217.415146
v 7.171691 106.304520 218.835999
v -2.301083 118.588097 216.990112
v 14.521972 107.428329 216.404083
v 14.841974 94.322067 214.935364
v 20.066616 108.694702 213.067337
v 12.891579 120.033005 218.581085
v -15.789364 129.898117 213.579132
v -9.291641 130.953461 217.158707
v -16.410572 138.119949 213.445770
v -21.816551 128.121292 206.946381
v -2.821201 130.256683 218.769562
v 3.587257 130.987305 220.598434
v -2.496274 140.576050 218.762558
v 10.766829 129.946167 220.562729
v 17.318832 129.979858 219.403854
v 11.498777 138.262711 220.728851
v -15.331470 141.886124 208.354584
v -7.424939 142.619705 210.174911
v -14.971990 142.469421 202.143936
v -22.713453 136.270447 204.725082
v -1.009700 176.359589 220.379227
v -1.192032 170.653946 222.791595
v 7.646467 174.157837 216.488968
v -0.349532 175.207901 202.951035
v -10.340494 174.436005 215.807037
v 13.352468 142.018127 215.468719
v 21.346603 135.990250 215.354004
v 16.681973 142.027603 209.012833
v 5.495809 142.606644 213.424957
v -12.695080 136.167053 198.511887
v -5.351816 137.152466 198.677811
v -12.178408 126.202606 193.992615
v -18.493914 136.533127 200.072449
v 2.002592 137.166763 200.640518
v 0.537424 144.600418 205.113983
v 9.362813 137.198120 202.609497
v 3.175068 125.535004 196.308243
v 16.445652 135.311935 204.618774
v 22.439180 130.403885 207.854034
v 17.506281 125.823700 201.572495
v -11.801642 112.926231 190.479080
v -3.763527 112.702751 191.083023
v -12.402895 99.719543 188.685013
v -18.051144 112.552917 192.559967
v 3.665830 112.612915 192.772156
v 10.975616 112.356255 194.543091
v 2.478416 99.162102 190.603973
v 18.195631 112.291389 197.276459
v 22.813721 111.668625 201.535660
v 17.499262 98.068893 193.884293
v -14.099525 70.802841 190.297165
v -14.505070 76.424957 189.542297
v -6.908535 71.545662 188.683105
v -13.570212 65.592514 192.905991
v -19.261099 71.117050 193.619110
v -1.196025 73.601845 187.781693
v -1.098135 78.411407 187.643936
v 4.431586 75.792702 186.757675
v -1.311789 69.030807 188.303360
v 11.350891 77.121971 185.545822
v 12.120094 80.339279 186.353546
v 17.475971 76.834557 186.393509
v 10.305493 74.489662 183.897736
v -10.978209 19.169256 204.636429
v -9.789732 23.773678 197.428360
v -5.144906 18.498404 205.183304
v -12.224777 14.633247 211.886948
v -16.809565 19.849285 204.082596
v 2.051678 66.166733 200.487579
v 4.675870 59.575119 184.371048
v -3.808246 59.699028 208.004028
v 2.751694 30.077358 133.443527
v 0.577508 38.123283 132.036560
v 8.386599 31.289425 132.329132
v 4.866626 21.950731 134.430557
v -2.908277 28.788641 134.512848
v 20.367262 74.464272 191.323059
v 19.566772 71.150070 188.671341
v 20.970545 78.225143 193.073792
v 23.480619 109.608917 207.303055
v 23.326385 96.041191 204.146255
v 17.823515 125.180084 211.817947
v 7.677529 131.970413 240.337830
v 10.732080 130.270233 245.704330
v 11.371964 134.634033 241.060181
v 8.318110 136.333206 235.694000
v -19.716452 72.660316 198.907700
v -18.988831 69.663116 201.394211
v -20.295433 76.257980 198.552917
v -21.485107 110.745941 197.312729
v -21.546089 98.584122 196.401001
v -17.014999 128.253265 201.496674
v -27.217043 103.919403 185.152008
v -28.445854 105.088280 191.328079
v -31.507950 105.510765 185.718689
v -30.279140 104.341881 179.542603
v -12.327113 53.852619 207.735031
v -7.577765 54.333252 208.963913
v -10.319115 45.451199 223.290390
v -16.563387 55.266151 211.231079
v -4.510038 58.694172 212.634949
v -4.954960 63.369209 217.470886
v -4.085545 48.956654 227.768707
v -8.815655 66.009979 219.096329
v -13.928030 64.534782 219.645309
v -7.614326 54.436825 233.996841
v -16.520117 60.112328 215.642624
v -14.078005 49.940731 229.419067
v 9.081358 63.198875 174.670334
v 14.367448 61.983692 173.933716
v 8.644139 48.801601 164.669067
v 5.500442 60.497265 176.814072
v 17.700951 58.158260 178.202560
v 18.726030 53.776276 182.972809
v 16.066952 44.316521 168.254990
v 14.773820 52.487408 186.486496
v 9.864681 52.276836 185.830582
v 14.070984 37.987377 175.378510
v 6.093822 56.224358 181.920517
v 6.498136 42.686855 171.439651
v -9.146330 41.305706 212.200623
v -5.271553 40.017628 214.341629
v -9.813787 27.829226 201.540665
v -13.476574 40.648685 214.045334
v -4.340486 36.097816 219.522552
v -6.293093 32.740532 224.729919
v -5.823737 23.348757 207.890244
v -10.508905 31.562052 226.062744
v -14.471317 33.418003 224.480286
v -11.942763 19.253428 214.813004
v -15.293454 36.967155 219.201691
v -15.579950 24.399303 207.076630
v 4.957401 44.148422 150.882401
v 9.593143 43.244183 150.552948
v 1.637261 37.803379 137.082458
v 1.744010 41.794132 153.303391
v 12.552518 37.569698 152.446564
v 13.272300 31.560194 155.345398
v 8.188838 32.093342 137.602234
v 9.747838 28.840519 157.083328
v 5.396832 30.044018 158.035919
v 5.646045 22.686317 139.837280
v 2.272713 35.591465 156.024994
v -1.185333 30.103870 139.731995
v -9.686770 26.174496 198.961304
v -5.628572 24.313711 201.462036
v -14.371703 25.303474 200.681000
v -5.009572 20.878626 206.678619
v -6.259977 16.316860 213.959686
v -14.600981 9.144155 228.887558
v -14.230072 11.302685 227.764267
v -20.428816 9.842812 228.305756
v -14.496334 6.650473 224.844742
v -8.773148 8.445497 229.469345
v -16.678635 22.207975 205.607468
v -17.915575 17.692255 212.818115
v 0.960565 38.569935 134.609207
v 5.847677 37.285778 134.135117
v -2.770794 35.418026 135.956436
v 8.778083 31.719250 134.992340
v 10.926562 23.603670 136.181488
v 9.581118 5.467201 139.655853
v 9.255066 7.644967 140.766022
v 3.906677 4.151473 140.584549
v 8.494032 7.129159 135.341141
v 15.255427 6.781844 138.723740
v -2.500042 29.245960 137.274979
v -0.403751 21.025030 138.163406
v -13.101846 15.291080 221.296082
v -18.254393 15.911511 220.784180
v -7.952602 14.674931 221.809708
v -19.062050 13.720135 219.288803
v -19.197657 11.341125 217.794144
v -13.367509 10.641057 218.373169
v -7.540121 9.943736 218.954453
v -7.403731 12.321651 220.448776
v 7.447651 15.134874 140.324203
v 2.433572 13.986815 141.152039
v 12.461155 16.284138 139.495560
v 1.403905 13.553360 138.620560
v 1.016356 13.260690 135.856293
v 6.689572 14.575135 134.918701
v 12.363057 15.892813 133.978363
v 12.751513 16.172033 136.748138
v 21.632250 118.533844 219.978104
v 24.855562 117.974464 216.688049
v 23.756859 112.502167 226.440094
v 20.402298 120.835938 223.720444
v 28.257694 120.417511 216.724075
v 31.090544 124.079575 218.490189
v 31.694855 113.223557 227.585541
v 29.195992 126.073555 222.182755
v 26.435816 127.001854 225.619934
v 34.107853 120.179085 228.783249
v 22.785835 123.936005 225.308411
v 26.682951 119.593292 225.488556
v -16.865763 131.849701 189.788971
v -19.298109 127.899597 190.281357
v -17.450413 130.254761 180.510345
v -17.107832 136.459427 189.986084
v -23.584656 128.025665 191.352982
v -27.855387 130.274521 192.456772
v -23.355408 130.623062 186.043503
v -27.378231 134.666031 192.295517
v -25.588373 138.686050 191.720032
v -29.739859 134.606018 181.790192
v -20.804279 138.406631 190.746384
v -23.191601 136.013916 177.737259
v 16.935120 118.707664 230.862747
v 19.717155 116.788429 235.100342
v 17.225368 122.324898 227.068771
v 23.640461 118.400459 236.380920
v 27.824682 122.143417 236.487946
v 26.701571 125.363213 232.779877
v 25.100958 127.897133 228.665756
v 20.402769 125.321983 226.806198
v -19.529570 120.646652 182.247116
v -20.418858 121.421013 187.426376
v -21.794853 121.465118 177.270294
v -24.188356 122.966652 188.993332
v -29.525169 124.877853 188.287369
v -30.578249 125.238289 183.108398
v -30.700413 125.639565 178.074387
v -25.737614 123.487183 176.568665
v -3.134375 141.321838 224.079865
v 4.247209 144.144562 217.614548
v -2.324606 148.960770 224.654236
v -8.002799 144.216568 215.123093
v 7.412273 144.811066 214.507385
v 5.992382 145.938019 208.936966
v 10.776278 149.742035 214.951401
v 0.316895 147.195633 204.649277
v -6.223376 145.983154 206.448593
v -0.353779 150.480804 204.798035
v -9.719047 144.918625 211.080505
v -13.211487 150.072296 212.561661
v -1.458483 162.516830 225.385330
v 9.468355 164.153183 223.052094
v -12.036591 164.486664 222.215454
v 11.410541 165.124374 213.631027
v 10.086696 164.737228 204.819611
v -0.482042 164.826172 202.218826
v -11.218532 165.067612 203.990753
v -13.210155 165.506180 212.673187
v -21.321138 86.488739 200.936401
v -18.534203 85.055466 207.482422
v -20.143730 87.828789 194.806686
v -14.978306 88.755936 191.294968
v -7.675560 88.961411 190.065796
v -0.660982 89.662468 189.365234
v 6.081425 89.363480 188.581924
v 13.455685 89.651794 188.161118
v 19.319841 89.205048 190.047958
v 21.845802 87.966110 195.876633
v 20.893740 86.449669 202.824448
v 16.712919 86.010368 207.600540
v 11.155622 84.777710 210.117050
v 1.700575 85.513336 211.808945
v -7.296124 84.146187 212.353516
v -13.676666 85.077965 210.919617
v -0.804404 143.865875 243.354477
v 0.309639 145.536224 242.512543
v -0.139926 140.980316 247.596390
v 1.660760 142.278595 247.948471
v 1.336807 138.488632 252.231445
v 2.928079 138.960510 253.367996
v 4.736888 140.940018 252.896255
v 3.697803 143.747253 248.346756
v 2.595677 146.317276 244.019287
v -34.960526 91.227516 180.662155
v -33.196388 90.696671 181.469971
v -31.923784 90.874619 186.782394
v -33.966541 91.632217 187.052185
v -31.570715 91.358551 191.920776
v -32.972542 92.036919 193.442215
v -35.519756 92.823128 192.442307
v -36.381119 92.527710 187.371063
v -37.145416 92.161247 181.991501
vt 0.208431 0.494797
vt 0.208575 0.478116
vt 0.229443 0.475893
vt 0.229271 0.493426
vt 0.252729 0.492198
vt 0.256170 0.471571
vt 0.275357 0.475888
vt 0.275429 0.493819
vt 0.298111 0.492176
vt 0.294163 0.471736
vt 0.321331 0.475953
vt 0.321541 0.493432
vt 0.198757 0.641525
vt 0.200055 0.589825
vt 0.221664 0.590600
vt 0.219751 0.640956
vt 0.244967 0.639373
vt 0.247968 0.591507
vt 0.275466 0.591669
vt 0.275481 0.635804
vt 0.305994 0.639365
vt 0.302966 0.591494
vt 0.329276 0.590573
vt 0.331197 0.640955
vt 0.199789 0.728809
vt 0.197393 0.704590
vt 0.219517 0.692482
vt 0.227784 0.730211
vt 0.252859 0.733034
vt 0.249003 0.687406
vt 0.275511 0.688085
vt 0.275516 0.730408
vt 0.298175 0.733010
vt 0.302021 0.687396
vt 0.331536 0.692451
vt 0.323246 0.730162
vt 0.805511 0.686057
vt 0.204711 0.752714
vt 0.229559 0.760254
vt 0.782889 0.696424
vt 0.784986 0.875584
vt 0.254181 0.941082
vt 0.275435 0.940431
vt 0.742298 0.896742
vt 0.699334 0.736241
vt 0.297037 0.807427
vt 0.321459 0.760204
vt 0.696358 0.696343
vt 0.808954 0.641287
vt 0.805193 0.664541
vt 0.784300 0.671779
vt 0.785729 0.644267
vt 0.763331 0.647822
vt 0.762442 0.673765
vt 0.742276 0.741120
vt 0.739609 0.647377
vt 0.715889 0.647774
vt 0.716786 0.673709
vt 0.694936 0.671695
vt 0.693494 0.644181
vt 0.806875 0.557726
vt 0.810121 0.617205
vt 0.790367 0.607046
vt 0.787575 0.557696
vt 0.763367 0.556090
vt 0.764746 0.603486
vt 0.739627 0.603152
vt 0.739688 0.556093
vt 0.716014 0.556064
vt 0.714496 0.603455
vt 0.688836 0.606971
vt 0.691820 0.557642
vt 0.803405 0.420481
vt 0.802841 0.435733
vt 0.782960 0.432290
vt 0.783371 0.416064
vt 0.759505 0.410786
vt 0.759570 0.428509
vt 0.739756 0.426992
vt 0.739743 0.409699
vt 0.720007 0.410786
vt 0.719946 0.428500
vt 0.696571 0.432245
vt 0.696182 0.416016
vt 0.819305 0.093413
vt 0.797386 0.086157
vt 0.790779 0.072322
vt 0.822344 0.073237
vt 0.265809 0.416173
vt 0.762697 0.377789
vt 0.739788 0.389948
vt 0.275377 0.462947
vt 0.364323 0.097210
vt 0.342669 0.089884
vt 0.336664 0.075169
vt 0.367299 0.076188
vt 0.342559 0.494848
vt 0.342402 0.478170
vt 0.366070 0.480227
vt 0.366198 0.495669
vt 0.352247 0.641476
vt 0.350872 0.589816
vt 0.374237 0.588973
vt 0.374011 0.638442
vt 0.936729 0.462892
vt 0.940585 0.464321
vt 0.946953 0.476690
vt 0.936605 0.482861
vt 0.804780 0.405462
vt 0.824266 0.410023
vt 0.823186 0.423812
vt 0.805355 0.509178
vt 0.825584 0.509339
vt 0.825621 0.554997
vt 0.118742 0.522844
vt 0.058006 0.517789
vt 0.074507 0.510871
vt 0.084702 0.516921
vt 0.822269 0.350445
vt 0.784755 0.399833
vt 0.805305 0.347137
vt 0.793942 0.336256
vt 0.777469 0.322538
vt 0.236211 0.409364
vt 0.220899 0.415267
vt 0.203041 0.415110
vt 0.182178 0.419746
vt 0.685950 0.336155
vt 0.717407 0.377787
vt 0.694840 0.399772
vt 0.674409 0.347030
vt 0.657366 0.350391
vt 0.674734 0.405426
vt 0.637625 0.358046
vt 0.347747 0.415166
vt 0.329799 0.415381
vt 0.314324 0.409429
vt 0.706215 0.336018
vt 0.292514 0.404556
vt 0.870618 0.237836
vt 0.844433 0.293934
vt 0.832214 0.287148
vt 0.858351 0.228645
vt 0.844944 0.223065
vt 0.821107 0.280742
vt 0.243727 0.342391
vt 0.826584 0.212775
vt 0.214622 0.282882
vt 0.224361 0.346790
vt 0.210147 0.349538
vt 0.199596 0.284960
vt 0.184434 0.288656
vt 0.194986 0.352422
vt 0.864110 0.304875
vt 0.163133 0.290367
vt 0.634803 0.222910
vt 0.658751 0.280554
vt 0.647480 0.287052
vt 0.621343 0.228556
vt 0.609012 0.237734
vt 0.635143 0.293889
vt 0.375465 0.356065
vt 0.590820 0.249121
vt 0.366326 0.288752
vt 0.355651 0.352469
vt 0.340563 0.349608
vt 0.351134 0.285011
vt 0.336042 0.282967
vt 0.326383 0.346874
vt 0.678330 0.268182
vt 0.315081 0.275917
vt 0.789900 0.091626
vt 0.894734 0.181072
vt 0.223763 0.023658
vt 0.779683 0.072008
vt 0.205625 0.023651
vt 0.212375 0.030485
vt 0.208733 0.046428
vt 0.818124 0.043214
vt 0.919973 0.054113
vt 0.218394 0.124576
vt 0.231547 0.124829
vt 0.925982 0.076298
vt 0.853028 0.105343
vt 0.173602 0.224408
vt 0.245023 0.044913
vt 0.815784 0.102925
vt 0.335499 0.095534
vt 0.609223 0.166963
vt 0.147562 0.023794
vt 0.325939 0.074804
vt 0.129108 0.019171
vt 0.133886 0.026698
vt 0.125138 0.040618
vt 0.363323 0.044920
vt 0.461211 0.056389
vt 0.114656 0.083148
vt 0.128082 0.110700
vt 0.466974 0.079440
vt 0.396801 0.109583
vt 0.345740 0.218419
vt 0.158805 0.046562
vt 0.361009 0.107136
vt 0.212264 0.093809
vt 0.204982 0.218327
vt 0.226791 0.056935
vt 0.229179 0.093286
vt 0.246067 0.092223
vt 0.255137 0.092099
vt 0.884191 0.095549
vt 0.853655 0.095653
vt 0.854753 0.074189
vt 0.884265 0.075061
vt 0.885799 0.054616
vt 0.855335 0.052709
vt 0.203340 0.068369
vt 0.888472 0.044995
vt 0.116537 0.064410
vt 0.377147 0.224500
vt 0.136900 0.057215
vt 0.135301 0.068971
vt 0.159593 0.072808
vt 0.169578 0.075371
vt 0.426769 0.099419
vt 0.397393 0.099512
vt 0.398467 0.077209
vt 0.426850 0.078134
vt 0.428347 0.056895
vt 0.399054 0.054890
vt 0.111199 0.052142
vt 0.430928 0.046902
vt 0.398347 0.732496
vt 0.353774 0.704759
vt 0.655189 0.607952
vt 0.404645 0.715309
vt 0.625247 0.642548
vt 0.669008 0.617360
vt 0.670290 0.641156
vt 0.629866 0.657272
vt 0.633967 0.675274
vt 0.674058 0.664432
vt 0.345812 0.774768
vt 0.637449 0.692485
vt 0.387906 0.765553
vt 0.346295 0.752641
vt 0.351218 0.728717
vt 0.392980 0.747350
vt 0.854032 0.642643
vt 0.181252 0.694641
vt 0.859345 0.625630
vt 0.152631 0.732602
vt 0.157999 0.747449
vt 0.163074 0.765647
vt 0.167481 0.783084
vt 0.845329 0.675366
vt 0.849419 0.657366
vt 0.462802 0.754848
vt 0.433121 0.744888
vt 0.586158 0.633072
vt 0.469035 0.736153
vt 0.562716 0.661102
vt 0.591598 0.653084
vt 0.596668 0.669873
vt 0.567525 0.676181
vt 0.573571 0.695803
vt 0.602326 0.689166
vt 0.414557 0.801264
vt 0.575415 0.714705
vt 0.450039 0.789809
vt 0.420413 0.781867
vt 0.427222 0.762131
vt 0.457315 0.770152
vt 0.916571 0.661069
vt 0.887682 0.653104
vt 0.112049 0.724515
vt 0.922852 0.642462
vt 0.088177 0.754903
vt 0.117860 0.744959
vt 0.123753 0.762207
vt 0.093657 0.770210
vt 0.100926 0.789871
vt 0.130556 0.781946
vt 0.872833 0.708772
vt 0.104321 0.808576
vt 0.905760 0.695791
vt 0.876995 0.689207
vt 0.882631 0.669903
vt 0.911782 0.676158
vt 0.245118 0.820265
vt 0.256063 0.761423
vt 0.275458 0.816348
vt 0.275456 0.817082
vt 0.305796 0.819611
vt 0.322444 0.827635
vt 0.716707 0.746651
vt 0.742277 0.751635
vt 0.767846 0.746640
vt 0.232576 0.815700
vt 0.789238 0.746868
vt 0.242805 0.909093
vt 0.242913 0.847487
vt 0.275453 0.850080
vt 0.275444 0.899369
vt 0.308078 0.909112
vt 0.307992 0.847504
vt 0.685718 0.768892
vt 0.335635 0.923345
vt 0.710517 0.826756
vt 0.709025 0.772272
vt 0.742280 0.767854
vt 0.742288 0.823907
vt 0.774059 0.826743
vt 0.775535 0.772258
vt 0.216918 0.852154
vt 0.800161 0.835727
vt 0.803587 0.472219
vt 0.184266 0.511368
vt 0.823748 0.473030
vt 0.786007 0.508646
vt 0.783967 0.470951
vt 0.760849 0.468488
vt 0.762764 0.507838
vt 0.739729 0.507585
vt 0.739749 0.469813
vt 0.718652 0.468468
vt 0.716699 0.507812
vt 0.693463 0.508589
vt 0.695538 0.470900
vt 0.347089 0.550471
vt 0.343449 0.511536
vt 0.656251 0.437958
vt 0.370672 0.549455
vt 0.305626 0.550928
vt 0.300328 0.509969
vt 0.323635 0.511057
vt 0.326613 0.553291
vt 0.245263 0.550946
vt 0.250519 0.509979
vt 0.275426 0.509223
vt 0.275447 0.553833
vt 0.203857 0.550446
vt 0.207534 0.511493
vt 0.227207 0.511082
vt 0.224277 0.553331
vt 0.296688 0.941095
vt 0.317831 0.963343
vt 0.722395 0.859395
vt 0.742293 0.859091
vt 0.762190 0.859387
vt 0.672412 0.557619
vt 0.673996 0.509116
vt 0.676597 0.435714
vt 0.676064 0.420456
vt 0.798456 0.058765
vt 0.820876 0.052919
vt 0.343747 0.061021
vt 0.365907 0.055032
vt 0.963235 0.483911
vt 0.902883 0.489040
vt 0.909072 0.482168
vt 0.925033 0.475729
vt 0.931354 0.463643
vt 0.080884 0.498420
vt 0.084741 0.496992
vt 0.090126 0.497750
vt 0.096539 0.509638
vt 0.112499 0.516024
vt 0.245369 0.109349
vt 0.249130 0.116712
vt 0.914174 0.091435
vt 0.914507 0.075957
vt 0.915392 0.060496
vt 0.143488 0.116794
vt 0.145270 0.126440
vt 0.455609 0.095160
vt 0.455938 0.079081
vt 0.456800 0.063019
vt 0.982240 0.434188
vt 0.963585 0.427947
vt 0.946509 0.423110
vt 0.890921 0.433118
vt 0.882130 0.436526
vt 0.926679 0.423006
vt 0.909612 0.427375
vt 0.937930 0.422313
vt 0.075163 0.457134
vt 0.058225 0.461798
vt 0.039557 0.467684
vt 0.094859 0.456979
vt 0.083682 0.456346
vt 0.130564 0.466891
vt 0.111877 0.461251
vt 0.033116 0.470128
vt 0.675805 0.472192
vt 0.653419 0.509254
vt 0.655248 0.472962
vt 0.367019 0.511392
vt 0.176921 0.588998
vt 0.180547 0.549455
vt 0.822760 0.437993
vt 0.233028 0.963316
vt 0.215241 0.923308
vt 0.798841 0.768868
vt 0.699605 0.875602
vt 0.684417 0.835751
vt 0.333987 0.852188
vt 0.228471 0.827609
vt 0.254212 0.785439
vt 0.759269 0.697501
vt 0.785216 0.736222
vt 0.695315 0.746888
vt 0.719972 0.697428
vt 0.296799 0.785396
vt 0.318344 0.815723
vt 0.903939 0.714697
vt 0.136407 0.801345
vt 0.081951 0.736203
vt 0.893090 0.633076
vt 0.446638 0.808511
vt 0.606509 0.708725
vt 0.556410 0.642507
vt 0.438944 0.724452
vt 0.841861 0.692578
vt 0.205190 0.774839
vt 0.146366 0.715395
vt 0.823906 0.608060
vt 0.383498 0.782992
vt 0.673752 0.685953
vt 0.619881 0.625562
vt 0.369876 0.694574
vt 0.624476 0.158216
vt 0.327082 0.211968
vt 0.653476 0.212425
vt 0.306569 0.342322
vt 0.153133 0.050558
vt 0.361352 0.222428
vt 0.125968 0.045756
vt 0.396618 0.225899
vt 0.569871 0.190223
vt 0.388031 0.290471
vt 0.615162 0.304972
vt 0.596954 0.173816
vt 0.584932 0.180968
vt 0.909456 0.190131
vt 0.154402 0.225852
vt 0.888489 0.249012
vt 0.175675 0.355943
vt 0.241882 0.047343
vt 0.189385 0.222364
vt 0.213528 0.046751
vt 0.223402 0.212053
vt 0.855547 0.158550
vt 0.235225 0.276013
vt 0.801766 0.268578
vt 0.882733 0.173912
vt 0.870470 0.167071
vt 0.702590 0.322102
vt 0.284431 0.416033
vt 0.369025 0.419829
vt 0.654789 0.409992
vt 0.841623 0.358035
vt 0.185243 0.480200
vt 0.257695 0.404697
vt 0.773758 0.336466
vt 0.177136 0.638471
vt 0.185108 0.495641
vt 0.653403 0.554919
vt 0.655840 0.423782
vt 0.740026 0.329135
vt 0.739609 0.679991
vt 0.717946 0.727940
vt 0.321543 0.784229
vt 0.275425 0.981496
vt 0.229466 0.784279
vt 0.766602 0.727930
vt 0.275513 0.766895
vt 0.294962 0.761394
vt 0.158494 0.031032
vt 0.235614 0.029385
vt 0.253884 0.807420
vt 0.968218 0.693073
vt 0.970279 0.686813
vt 0.964692 0.720144
vt 0.041234 0.817480
vt 0.965692 0.701614
vt 0.035620 0.790589
vt 0.038855 0.799577
vt 0.026837 0.766821
vt 0.976742 0.669618
vt 0.033170 0.783659
vt 0.515345 0.790561
vt 0.512107 0.799546
vt 0.509721 0.817448
vt 0.514670 0.720260
vt 0.513647 0.701731
vt 0.511110 0.693195
vt 0.509040 0.686939
vt 0.502555 0.669755
vt 0.524137 0.766797
vt 0.517798 0.783632
vt 0.052820 0.522857
vt 0.139366 0.470253
vt 0.968347 0.489050
vt 0.988625 0.436785
vt 0.108883 0.091107
vt 0.106409 0.062482
vt 0.399209 0.044805
vt 0.459518 0.102060
vt 0.428604 0.109556
vt 0.167704 0.057128
vt 0.215342 0.132259
vt 0.203222 0.094543
vt 0.855471 0.043005
vt 0.918242 0.098075
vt 0.886101 0.105305
vt 0.255511 0.067846
vt 0.169019 0.047690
vt 0.166893 0.025823
vt 0.125973 0.120002
vt 0.337008 0.054912
vt 0.115292 0.038211
vt 0.149847 0.015689
vt 0.254586 0.043904
vt 0.241676 0.021944
vt 0.231922 0.132778
vt 0.791425 0.052872
vt 0.199112 0.046316
vt 0.223332 0.014444
vn -0.048497 0.689671 0.722497
vn -0.048497 0.689672 0.722497
vn 0.128083 0.178275 0.975609
vn 0.047783 0.436977 0.898203
vn 0.067258 -0.339000 0.938379
vn 0.648237 0.355124 0.673555
vn 0.315036 -0.479222 0.819206
vn -0.107876 -0.543560 0.832409
vn 0.142395 -0.706909 0.692822
vn 0.022202 -0.755540 0.654726
vn 0.335755 -0.658415 0.673616
vn 0.309437 -0.669039 0.675748
vn -0.958734 0.059029 0.278111
vn -0.930089 -0.003064 0.367323
vn -0.720979 -0.037956 0.691916
vn -0.770992 -0.005379 0.636822
vn -0.454604 -0.014120 0.890582
vn -0.390278 -0.128755 0.911650
vn -0.127121 -0.234558 0.963754
vn -0.216271 -0.022422 0.976076
vn 0.056372 -0.067933 0.996096
vn 0.114377 -0.307015 0.944807
vn 0.481101 -0.279646 0.830867
vn 0.454493 -0.074666 0.887615
vn -0.704435 -0.611652 0.360075
vn -0.938973 -0.279723 0.200210
vn -0.752618 -0.064637 0.655277
vn -0.577425 -0.087073 0.811787
vn -0.371056 0.006869 0.928585
vn -0.398222 -0.079735 0.913817
vn -0.246455 -0.090641 0.964906
vn -0.258391 -0.018531 0.965863
vn -0.129650 0.007342 0.991533
vn -0.076331 -0.097389 0.992315
vn 0.383523 -0.081523 0.919926
vn 0.113317 -0.066663 0.991320
vn -0.811602 0.505377 0.293081
vn -0.853730 -0.045227 0.518749
vn -0.503411 0.413984 0.758416
vn -0.358149 0.877552 0.318797
vn -0.619708 0.782138 0.064972
vn -0.530131 0.419275 0.737000
vn -0.028411 0.417037 0.908445
vn 0.001802 0.958679 0.284484
vn 0.319861 0.847111 0.424373
vn -0.126668 0.368102 0.921117
vn 0.058454 0.483471 0.873406
vn 0.234711 0.903199 0.359365
vn 0.266223 0.784069 -0.560679
vn -0.514144 0.857600 0.013347
vn -0.202248 0.888808 -0.411239
vn -0.127828 0.411745 -0.902289
vn 0.112438 0.469084 -0.875967
vn -0.022896 0.756465 -0.653634
vn 0.199019 0.618277 -0.760346
vn 0.227768 0.464813 -0.855611
vn 0.290973 0.472698 -0.831800
vn 0.302637 0.776494 -0.552691
vn 0.460043 0.831912 -0.310296
vn 0.458026 0.386154 -0.800685
vn -0.650067 0.218529 -0.727777
vn -0.299835 0.407677 -0.862496
vn -0.220101 0.314643 -0.923339
vn -0.157915 0.215955 -0.963549
vn 0.147257 0.190870 -0.970507
vn 0.145729 0.307624 -0.940282
vn 0.238801 0.309624 -0.920384
vn 0.220579 0.202137 -0.954194
vn 0.284903 0.221932 -0.932511
vn 0.306158 0.310376 -0.899963
vn 0.594441 0.296030 -0.747668
vn 0.543543 0.241849 -0.803785
vn -0.792409 -0.154899 -0.589995
vn -0.806926 -0.010543 -0.590558
vn -0.352748 0.042689 -0.934744
vn -0.352659 -0.137812 -0.925548
vn -0.157417 -0.097375 -0.982720
vn -0.153008 0.068401 -0.985855
vn -0.116024 0.109599 -0.987181
vn -0.116227 -0.022464 -0.992969
vn -0.149871 0.112674 -0.982264
vn -0.115414 0.156920 -0.980844
vn 0.041090 0.195686 -0.979805
vn -0.046064 0.231383 -0.971771
vn -0.046671 -0.841340 -0.538488
vn -0.045885 -0.838523 -0.542931
vn -0.046159 -0.838589 -0.542806
vn -0.046687 -0.841193 -0.538716
vn 0.909195 -0.413143 -0.051746
vn 0.394203 -0.785533 -0.477013
vn -0.386012 -0.659336 -0.645190
vn 0.363968 -0.928077 0.078740
vn -0.143130 -0.171446 -0.974741
vn -0.143550 -0.203326 -0.968531
vn -0.145446 -0.206520 -0.967572
vn -0.144700 -0.178664 -0.973212
vn 0.990954 -0.070241 -0.114357
vn 0.990954 -0.070241 -0.114357
vn 0.990954 -0.070241 -0.114357
vn 0.990954 -0.070241 -0.114357
vn 0.762033 -0.017005 0.647315
vn 0.775966 -0.227949 0.588147
vn 0.983097 -0.110500 0.145982
vn 0.969805 0.070537 0.233458
vn -0.563333 0.639445 0.523226
vn -0.563332 0.639446 0.523226
vn -0.563332 0.639446 0.523226
vn -0.563333 0.639445 0.523226
vn -0.986562 -0.163341 0.004003
vn -0.986562 -0.163341 0.004003
vn -0.986562 -0.163341 0.004003
vn -0.986562 -0.163341 0.004003
vn -0.640319 -0.001730 -0.768108
vn -0.987509 -0.004195 -0.157505
vn -0.971225 0.132851 -0.197667
vn -0.332649 -0.936489 0.111056
vn -0.332651 -0.936488 0.111056
vn -0.332651 -0.936488 0.111056
vn -0.332649 -0.936489 0.111056
vn -0.510298 -0.742113 -0.434584
vn -0.537185 -0.694275 -0.478972
vn -0.257927 -0.787562 -0.559660
vn -0.229391 -0.814804 -0.532423
vn 0.855428 -0.453749 -0.249710
vn 0.865736 -0.430497 -0.255292
vn 0.858926 0.436467 0.267850
vn 0.267658 0.845982 0.461166
vn 0.247080 0.814993 0.524155
vn -0.912484 0.244823 0.327772
vn -0.908323 0.262516 0.325630
vn -0.908323 0.262516 0.325630
vn -0.911735 0.248114 0.327383
vn -0.658958 0.485813 -0.574248
vn -0.668791 0.505601 -0.545056
vn -0.296836 0.622674 -0.723993
vn -0.351344 0.590363 -0.726656
vn 0.862422 0.230657 -0.450585
vn 0.862331 0.233358 -0.449366
vn 0.862331 0.233358 -0.449366
vn 0.862422 0.230635 -0.450595
vn 0.658803 -0.498291 0.563636
vn 0.596917 -0.532846 0.599804
vn 0.270028 -0.630386 0.727804
vn 0.315438 -0.615140 0.722566
vn -0.472850 -0.585490 0.658495
vn -0.894270 -0.428808 0.128085
vn -0.816079 -0.423822 0.392924
vn -0.721331 0.528651 -0.447448
vn -0.847465 0.456017 -0.271757
vn 0.029032 0.908734 -0.416365
vn 0.094071 0.727428 -0.679705
vn 0.822671 0.403568 -0.400431
vn 0.724523 0.583664 -0.366610
vn 0.972688 -0.124276 0.196045
vn 0.995245 -0.088808 0.040003
vn 0.728477 -0.401802 0.554866
vn 0.510200 -0.331069 0.793781
vn 0.021521 -0.347153 0.937562
vn -0.032690 -0.518885 0.854219
vn -0.779405 -0.272906 0.563959
vn -0.429148 -0.289733 0.855504
vn -0.958512 -0.051779 0.280311
vn -0.997898 0.063995 0.010196
vn -0.933630 0.347645 0.086478
vn -0.941434 0.305216 0.143337
vn -0.262168 0.925278 -0.274098
vn -0.274910 0.908584 -0.314481
vn 0.634597 0.642110 -0.430095
vn 0.701177 0.594550 -0.393524
vn 0.955086 0.126927 -0.267768
vn 0.937427 0.161838 -0.308284
vn 0.928562 -0.362897 -0.077961
vn 0.903055 -0.429368 0.011642
vn 0.289150 -0.878381 0.380578
vn 0.266416 -0.911601 0.313060
vn -0.629020 -0.651214 0.424564
vn -0.544267 -0.681975 0.488553
vn -0.911083 -0.213202 0.352807
vn -0.934293 -0.188029 0.302889
vn -0.340644 0.788833 -0.511570
vn -0.340644 0.788833 -0.511570
vn 0.128063 0.838694 -0.529332
vn 0.146431 0.836792 -0.527577
vn 0.955338 0.286605 0.072027
vn 0.955338 0.286605 0.072027
vn 0.955338 0.286605 0.072027
vn 0.955338 0.286605 0.072027
vn 0.086123 0.626684 0.774500
vn 0.086123 0.626684 0.774500
vn -0.000092 0.639454 0.768829
vn -0.000091 0.639454 0.768830
vn -0.806842 0.520376 0.279668
vn -0.806842 0.520376 0.279668
vn -0.806842 0.520376 0.279668
vn -0.806842 0.520376 0.279668
vn -0.513478 0.777859 0.362320
vn -0.513478 0.777859 0.362320
vn -0.145646 0.935065 0.323173
vn -0.137817 0.936718 0.321817
vn 0.863078 0.484472 0.142768
vn 0.863078 0.484472 0.142768
vn 0.863078 0.484472 0.142768
vn 0.863078 0.484472 0.142768
vn 0.290252 -0.197666 0.936313
vn 0.290252 -0.197666 0.936313
vn 0.206804 -0.218086 0.953767
vn 0.206958 -0.218050 0.953741
vn -0.725964 -0.177302 0.664485
vn -0.725964 -0.177302 0.664485
vn -0.725964 -0.177302 0.664485
vn -0.725964 -0.177302 0.664485
vn 0.047668 0.848053 0.527763
vn 0.047668 0.848053 0.527763
vn 0.048904 0.848027 0.527691
vn 0.048911 0.848027 0.527691
vn -0.847943 0.523857 0.081039
vn -0.847943 0.523857 0.081039
vn -0.847943 0.523857 0.081039
vn -0.847943 0.523857 0.081039
vn -0.048552 -0.847009 -0.529357
vn -0.047813 -0.844929 -0.532738
vn -0.047725 -0.844871 -0.532837
vn -0.048460 -0.846880 -0.529571
vn 0.987719 -0.119772 0.100326
vn 0.988094 -0.118368 0.098282
vn 0.988093 -0.118370 0.098285
vn 0.987719 -0.119772 0.100326
vn 0.155473 0.113120 0.981342
vn 0.155473 0.113120 0.981342
vn 0.147854 0.105105 0.983408
vn 0.147850 0.105100 0.983410
vn -0.818505 -0.088957 0.567571
vn -0.818504 -0.088957 0.567571
vn -0.818504 -0.088957 0.567571
vn -0.818505 -0.088957 0.567571
vn -0.144185 -0.097674 -0.984718
vn -0.143491 -0.125680 -0.981639
vn -0.144043 -0.130852 -0.980882
vn -0.143909 -0.100982 -0.984425
vn 0.960452 0.225570 -0.163248
vn 0.959032 0.227657 -0.168610
vn 0.959050 0.227631 -0.168544
vn 0.960452 0.225570 -0.163248
vn -0.819225 -0.249462 0.516371
vn 0.307164 -0.269850 0.912596
vn -0.573546 -0.744962 -0.340700
vn -0.635811 -0.716580 -0.286806
vn 0.097699 -0.739668 -0.665842
vn 0.863679 -0.040894 -0.502381
vn 0.677416 -0.063034 -0.732894
vn 0.606609 -0.412604 -0.679547
vn 0.907193 0.150547 -0.392857
vn 0.804435 0.495694 -0.327370
vn 0.625178 0.717379 0.307439
vn 0.694461 0.690271 0.203103
vn 0.111818 0.567082 0.816036
vn 0.298725 0.553684 0.777302
vn -0.248957 -0.029696 0.968059
vn -0.546390 0.055415 0.835695
vn 0.816778 0.566381 -0.109935
vn 0.828234 -0.542413 -0.140773
vn 0.970893 -0.210745 -0.113810
vn 0.228056 -0.958019 -0.173752
vn -0.488141 -0.871823 -0.040524
vn -0.896381 -0.415722 0.153873
vn -0.906913 0.345839 0.240633
vn -0.360056 0.931188 0.056991
vn 0.445619 0.888315 -0.111000
vn -0.698548 -0.168595 -0.695418
vn -0.831378 -0.310531 -0.460848
vn -0.597903 -0.768215 -0.228819
vn -0.799239 -0.583887 -0.142456
vn -0.416529 -0.792082 0.446217
vn 0.104589 -0.993619 0.042218
vn 0.621703 -0.780001 0.071305
vn 0.261373 -0.540546 0.799684
vn 0.643084 0.083718 0.761206
vn 0.933169 -0.341057 0.113473
vn 0.754723 0.616377 0.224661
vn 0.635263 0.708891 0.306456
vn 0.453079 0.821041 -0.347290
vn 0.552246 0.829527 0.083131
vn -0.316797 0.631053 -0.708104
vn -0.105053 0.435927 -0.893830
vn 0.595037 -0.278718 -0.753821
vn 0.595599 0.333839 -0.730626
vn 0.970987 -0.094298 -0.219754
vn 0.926779 -0.350189 -0.135822
vn 0.839133 -0.177051 0.514304
vn 0.853939 -0.395878 0.337741
vn -0.102283 -0.462106 0.880907
vn 0.134059 0.166944 0.976810
vn -0.699624 0.204136 0.684730
vn -0.910748 0.015130 0.412685
vn -0.961108 0.262961 0.084396
vn -0.988952 0.091075 0.116961
vn -0.784737 0.086182 -0.613809
vn -0.409989 0.744430 -0.527004
vn 0.119586 0.666545 -0.735810
vn -0.147382 -0.021376 -0.988849
vn -0.682905 -0.515029 0.518059
vn -0.682905 -0.515029 0.518059
vn -0.682905 -0.515029 0.518059
vn -0.682905 -0.515029 0.518059
vn 0.859245 -0.341068 0.381276
vn 0.859245 -0.341068 0.381276
vn 0.948600 -0.192829 0.250948
vn 0.722603 -0.360907 -0.589568
vn 0.218789 0.343360 -0.913365
vn 0.153837 -0.119427 -0.980852
vn -0.486769 -0.271467 -0.830278
vn -0.529796 0.812998 0.241559
vn -0.965821 -0.205217 -0.158352
vn -0.768205 0.042029 0.638824
vn -0.745235 -0.183750 0.640985
vn -0.085881 -0.204610 0.975069
vn -0.051847 0.006971 0.998631
vn 0.704460 0.031867 0.709028
vn 0.602998 -0.208915 0.769902
vn 0.964041 -0.210363 0.162394
vn 0.989451 0.116044 0.086726
vn 0.725822 0.047674 -0.686229
vn 0.722527 -0.196925 -0.662703
vn 0.070274 -0.166010 -0.983617
vn 0.053399 -0.047172 -0.997459
vn -0.652033 0.070691 -0.754888
vn -0.611284 -0.169467 -0.773054
vn -0.983403 -0.180537 0.018048
vn -0.991884 0.125836 -0.018214
vn -0.818827 -0.035953 -0.572914
vn -0.987766 -0.124872 0.093407
vn -0.992514 -0.069801 0.100215
vn -0.147123 0.007811 -0.989087
vn -0.318801 -0.016601 -0.947676
vn -0.086522 0.036782 -0.995571
vn 0.081762 0.048716 -0.995461
vn 0.139355 0.138627 -0.980491
vn -0.032317 0.123172 -0.991859
vn -0.016385 0.231310 -0.972742
vn 0.189256 0.241584 -0.951745
vn 0.418433 0.281550 -0.863507
vn 0.156707 0.310847 -0.937452
vn 0.882205 -0.260614 0.392166
vn 0.893192 -0.207566 0.398903
vn 0.984788 -0.031736 -0.170840
vn 0.990253 -0.067275 -0.121953
vn 0.241279 -0.498829 0.832438
vn 0.224502 -0.441331 0.868807
vn 0.499071 -0.374290 0.781559
vn 0.535547 -0.426595 0.728839
vn -0.142031 -0.419966 0.896357
vn -0.025207 -0.518331 0.854809
vn 0.098193 -0.473301 0.875411
vn 0.035623 -0.499369 0.865657
vn -0.801400 -0.163866 0.575245
vn -0.734794 -0.312820 0.601848
vn -0.285661 -0.488830 0.824284
vn -0.491766 -0.286490 0.822247
vn -0.054482 -0.656087 0.752716
vn -0.171115 -0.676410 0.716372
vn -0.663655 -0.355121 0.658370
vn 0.154701 -0.680468 0.716262
vn 0.211706 -0.469417 0.857221
vn 0.061021 -0.537662 0.840950
vn 0.546424 -0.547538 0.633737
vn 0.546424 -0.547538 0.633737
vn 0.886576 -0.260891 0.381994
vn 0.433019 -0.429526 0.792466
vn -0.340868 0.355751 0.870201
vn -0.250812 0.149966 0.956349
vn 0.503535 0.424333 0.752591
vn 0.623904 0.772422 0.118778
vn 0.551299 0.693124 -0.464381
vn 0.036626 0.770848 -0.635966
vn -0.471231 0.722569 -0.505801
vn 0.924108 0.200901 -0.325060
vn 0.873329 0.114682 -0.473439
vn -0.134547 -0.531338 -0.836407
vn -0.188563 -0.545838 -0.816398
vn -0.197329 -0.544467 -0.815240
vn -0.530675 -0.454290 -0.715545
vn -0.530675 -0.454290 -0.715545
vn -0.334130 0.138007 -0.932369
vn -0.818777 -0.320871 -0.476073
vn -0.219663 -0.036275 -0.974901
vn -0.272835 -0.481407 -0.832951
vn 0.652353 0.117872 -0.748694
vn 0.585091 0.164654 -0.794076
vn 0.104557 0.557110 -0.823830
vn 0.104557 0.557110 -0.823830
vn -0.264959 0.323816 -0.908262
vn -0.147609 0.408962 -0.900534
vn -0.046429 -0.838654 -0.542682
vn -0.046775 -0.841393 -0.538395
vn -0.047638 -0.844814 -0.532936
vn -0.147408 -0.209826 -0.966563
vn -0.146149 -0.182085 -0.972361
vn -0.144573 -0.135884 -0.980119
vn 0.869070 0.128196 -0.477790
vn 0.869070 0.128196 -0.477790
vn 0.869070 0.128196 -0.477790
vn 0.869070 0.128196 -0.477790
vn 0.973823 -0.030993 -0.225183
vn 0.926199 0.204688 0.316637
vn -0.563336 0.639441 0.523228
vn -0.563336 0.639441 0.523228
vn -0.563333 0.639444 0.523228
vn -0.563333 0.639444 0.523228
vn -0.563331 0.639445 0.523229
vn -0.563331 0.639445 0.523229
vn -0.563334 0.639444 0.523227
vn -0.563334 0.639444 0.523227
vn -0.892368 0.140603 0.428847
vn -0.892368 0.140603 0.428847
vn -0.892368 0.140603 0.428847
vn -0.892368 0.140603 0.428847
vn -0.982057 -0.148696 0.115993
vn -0.940851 0.251966 -0.226524
vn -0.332649 -0.936489 0.111057
vn -0.332649 -0.936489 0.111057
vn -0.332648 -0.936489 0.111056
vn -0.332648 -0.936489 0.111056
vn -0.332647 -0.936490 0.111056
vn -0.332647 -0.936489 0.111056
vn -0.332648 -0.936489 0.111055
vn -0.332648 -0.936489 0.111055
vn 0.060907 -0.806437 -0.588175
vn 0.096976 -0.828111 -0.552112
vn 0.144760 -0.853127 -0.501217
vn -0.187683 -0.863420 -0.468274
vn -0.481778 -0.785000 -0.389441
vn 0.996487 0.035429 0.075881
vn 0.996629 0.078093 0.025155
vn 0.996629 0.078093 0.025155
vn 0.891135 -0.364812 -0.269798
vn 0.891135 -0.364812 -0.269798
vn -0.081409 0.857586 0.507858
vn -0.169805 0.798716 0.577251
vn -0.239958 0.741119 0.627027
vn 0.207795 0.768585 0.605060
vn 0.651193 0.618852 0.439283
vn -0.990455 -0.116123 0.074259
vn -0.990455 -0.116123 0.074259
vn -0.989670 -0.114127 0.086772
vn -0.989511 -0.113765 0.089030
vn -0.988463 -0.111605 0.102395
vn -0.988463 -0.111605 0.102395
vn -0.915709 0.230058 0.329469
vn -0.915709 0.230058 0.329469
vn 0.055723 0.633180 -0.771996
vn 0.010984 0.607879 -0.793954
vn -0.029572 0.583322 -0.811703
vn -0.339348 0.556049 -0.758717
vn -0.645301 0.459937 -0.609954
vn 0.987767 0.003337 -0.155905
vn 0.987767 0.003337 -0.155905
vn 0.984316 0.015916 -0.175698
vn 0.984618 0.014889 -0.174085
vn 0.980301 0.028517 -0.195441
vn 0.980301 0.028517 -0.195441
vn 0.862499 0.228160 -0.451707
vn 0.862499 0.228160 -0.451707
vn -0.138399 -0.610913 0.779507
vn 0.346593 -0.596873 0.723613
vn 0.712359 -0.463500 0.526984
vn -0.994331 -0.103844 0.022853
vn -0.994327 -0.103928 0.022624
vn -0.993169 -0.080984 0.084005
vn -0.993169 -0.080984 0.084005
vn -0.833672 -0.349277 0.427781
vn -0.833672 -0.349277 0.427781
vn 0.876065 0.251631 -0.411330
vn 0.099441 0.610590 -0.785679
vn -0.760102 0.424003 -0.492408
vn 0.799805 -0.461165 0.384238
vn 0.991872 -0.126669 0.012023
vn -0.926362 -0.238653 0.291374
vn -0.130231 -0.686554 0.715320
vn -0.991203 0.099912 -0.086795
vn 0.629439 0.626573 -0.459578
vn -0.305005 0.889227 -0.340949
vn -0.951450 0.299249 0.072067
vn 0.917787 -0.375266 -0.129779
vn 0.929993 0.154108 -0.333712
vn -0.657934 -0.661178 0.360510
vn 0.213515 -0.944253 0.250594
vn -0.939246 -0.211132 0.270631
vn 0.577276 0.696766 -0.425759
vn 0.577276 0.696766 -0.425759
vn 0.608755 0.404974 -0.682212
vn 0.608755 0.404974 -0.682212
vn 0.140073 0.528096 -0.837553
vn 0.133147 0.528862 -0.838199
vn -0.376775 0.512333 -0.771722
vn -0.376775 0.512333 -0.771722
vn 0.846374 0.316933 0.428023
vn 0.846374 0.316933 0.428023
vn 0.846374 0.316933 0.428023
vn 0.846374 0.316933 0.428023
vn 0.988421 -0.117123 0.096469
vn 0.988421 -0.117123 0.096469
vn 0.994249 0.014819 -0.106068
vn 0.994249 0.014819 -0.106068
vn 0.994249 0.014819 -0.106068
vn 0.994249 0.014819 -0.106068
vn -0.086304 0.647346 0.757295
vn -0.086304 0.647346 0.757294
vn -0.196142 -0.865074 0.461709
vn -0.196142 -0.865074 0.461709
vn -0.151061 -0.871410 0.466717
vn -0.151061 -0.871410 0.466717
vn -0.105663 -0.875919 0.470746
vn -0.105663 -0.875919 0.470746
vn -0.871452 0.480864 -0.096651
vn -0.871452 0.480864 -0.096651
vn -0.871452 0.480864 -0.096651
vn -0.871452 0.480864 -0.096651
vn -0.928026 0.234063 -0.289798
vn -0.928025 0.234063 -0.289798
vn -0.928026 0.234063 -0.289798
vn -0.928025 0.234063 -0.289798
vn -0.988432 0.117261 -0.096191
vn -0.988042 0.118627 -0.098496
vn -0.988040 0.118632 -0.098505
vn -0.988432 0.117261 -0.096191
vn 0.271832 0.935921 0.223962
vn 0.271832 0.935921 0.223962
vn 0.230378 0.952671 -0.198353
vn 0.230378 0.952671 -0.198353
vn -0.237475 0.962468 -0.131380
vn -0.247651 0.960157 -0.129488
vn -0.652527 0.756959 -0.034970
vn -0.652527 0.756959 -0.034970
vn 0.899684 0.227809 0.372385
vn 0.899685 0.227809 0.372385
vn 0.899685 0.227809 0.372385
vn 0.899685 0.227809 0.372385
vn 0.957712 0.229547 -0.173480
vn 0.957712 0.229547 -0.173480
vn 0.878680 0.432761 -0.201593
vn 0.878680 0.432761 -0.201593
vn 0.878680 0.432761 -0.201593
vn 0.878680 0.432761 -0.201593
vn 0.121961 -0.236789 0.963876
vn 0.121961 -0.236789 0.963876
vn 0.090064 -0.897815 -0.431066
vn 0.090064 -0.897814 -0.431066
vn 0.134186 -0.888482 -0.438855
vn 0.134107 -0.888501 -0.438841
vn 0.177913 -0.877321 -0.445707
vn 0.177913 -0.877321 -0.445707
vn -0.881896 0.068305 0.466471
vn -0.881896 0.068305 0.466471
vn -0.881896 0.068305 0.466471
vn -0.881896 0.068305 0.466471
vn -0.988744 -0.011971 0.149139
vn -0.988744 -0.011971 0.149139
vn -0.988744 -0.011971 0.149139
vn -0.988744 -0.011971 0.149139
vn -0.958161 -0.227305 0.173954
vn -0.959391 -0.225873 0.168970
vn -0.959369 -0.225899 0.169058
vn -0.958161 -0.227305 0.173954
vn 0.050155 0.848000 0.527618
vn 0.050155 0.848000 0.527618
vn -0.058026 0.817387 0.573159
vn -0.058026 0.817388 0.573159
vn 0.038737 0.809703 0.585560
vn 0.038816 0.809694 0.585568
vn 0.135219 0.794247 0.592358
vn 0.135219 0.794247 0.592358
vn -0.987594 0.120162 -0.101086
vn -0.987594 0.120162 -0.101086
vn -0.981478 -0.136507 -0.134412
vn -0.981478 -0.136507 -0.134412
vn -0.981478 -0.136507 -0.134412
vn -0.981478 -0.136507 -0.134412
vn -0.797598 0.560870 0.221953
vn -0.797598 0.560869 0.221953
vn -0.797598 0.560869 0.221953
vn -0.797598 0.560869 0.221953
vn -0.048368 -0.846751 -0.529785
vn 0.032161 -0.888086 -0.458550
vn 0.032161 -0.888086 -0.458550
vn -0.058815 -0.880884 -0.469664
vn -0.058736 -0.880894 -0.469656
vn -0.149223 -0.866251 -0.476803
vn -0.149223 -0.866251 -0.476803
vn 0.917487 0.300447 0.260670
vn 0.917487 0.300447 0.260670
vn 0.917487 0.300447 0.260670
vn 0.917487 0.300447 0.260670
vn 0.847451 0.363780 0.386640
vn 0.847451 0.363780 0.386640
vn 0.847451 0.363780 0.386640
vn 0.847451 0.363780 0.386640
vn 0.928832 -0.366129 0.056750
vn 0.928832 -0.366129 0.056750
vn 0.928832 -0.366129 0.056750
vn 0.928832 -0.366129 0.056750
vn 0.140260 0.097121 0.985340
vn 0.140260 0.097121 0.985340
vn 0.061061 0.004921 0.998122
vn 0.061061 0.004921 0.998122
vn 0.156188 0.027317 0.987350
vn 0.156043 0.027283 0.987373
vn 0.249891 0.049469 0.967009
vn 0.249891 0.049469 0.967009
vn -0.960706 -0.224298 0.163507
vn -0.960706 -0.224298 0.163507
vn -0.939206 -0.335620 -0.072465
vn -0.939206 -0.335620 -0.072465
vn -0.939206 -0.335620 -0.072465
vn -0.939206 -0.335620 -0.072465
vn -0.719112 -0.146895 0.679191
vn -0.719112 -0.146895 0.679191
vn -0.719112 -0.146895 0.679191
vn -0.719112 -0.146895 0.679191
vn -0.143632 -0.104281 -0.984122
vn -0.036098 -0.137977 -0.989777
vn -0.036098 -0.137977 -0.989777
vn -0.124690 -0.158728 -0.979417
vn -0.124780 -0.158749 -0.979402
vn -0.212278 -0.178157 -0.960832
vn -0.212278 -0.178157 -0.960832
vn 0.906164 0.316830 0.280154
vn 0.906164 0.316830 0.280154
vn 0.906164 0.316830 0.280154
vn 0.906164 0.316830 0.280154
vn 0.880537 0.225050 0.417141
vn 0.880537 0.225050 0.417141
vn 0.880537 0.225050 0.417141
vn 0.880537 0.225050 0.417141
vn 0.921414 0.096458 -0.376420
vn 0.921414 0.096458 -0.376420
vn 0.921414 0.096458 -0.376420
vn 0.921414 0.096458 -0.376420
vn -0.573891 -0.723343 0.383957
vn -0.836501 -0.534749 -0.119622
vn -0.784017 -0.166363 -0.598031
vn 0.605558 0.282628 0.743923
vn 0.151292 -0.479521 0.864390
vn 0.399582 0.875120 -0.272947
vn 0.616261 0.726386 0.304279
vn -0.209925 0.499249 -0.840644
vn 0.841544 -0.270461 0.467605
vn 0.905386 -0.408252 -0.116646
vn 0.656888 -0.380453 -0.650964
vn -0.713728 0.130634 0.688134
vn 0.148324 0.063589 0.986892
vn -0.882191 0.006505 -0.470847
vn -0.988126 0.073786 0.134769
vn -0.144674 -0.139448 -0.979604
vn 0.418941 -0.562325 0.712937
vn 0.418941 -0.562325 0.712937
vn 0.418941 -0.562325 0.712937
vn 0.418941 -0.562325 0.712937
vn 0.592129 -0.496064 0.635062
vn -0.188239 -0.485725 0.853603
vn -0.763717 -0.482411 0.428972
vn 0.744002 -0.641136 0.188163
vn -0.954634 -0.297376 -0.015516
vn -0.954634 -0.297376 -0.015516
vn -0.768635 -0.636235 -0.066368
vn 0.684966 0.206148 -0.698803
vn -0.178276 0.479097 -0.859467
vn -0.632849 0.020708 -0.773999
vn -0.632849 0.020708 -0.773999
vn -0.177498 0.479660 -0.859314
vn -0.815752 -0.514788 -0.263707
vn -0.815752 -0.514788 -0.263707
vn -0.815752 -0.514788 -0.263707
vn -0.815752 -0.514788 -0.263707
vn -0.768129 -0.637464 -0.060146
vn -0.768129 -0.637464 -0.060146
vn -0.768129 -0.637464 -0.060146
vn -0.768129 -0.637464 -0.060146
vn -0.228395 -0.752096 0.618213
vn 0.220141 -0.527842 0.820317
vn 0.220169 -0.527822 0.820323
vn -0.228395 -0.752096 0.618213
vn 0.511443 -0.263865 0.817803
vn 0.511443 -0.263865 0.817803
vn 0.813997 0.558799 0.158597
vn 0.813997 0.558799 0.158597
vn 0.813997 0.558799 0.158597
vn 0.813997 0.558799 0.158597
vn 0.808341 0.573078 0.134781
vn 0.808341 0.573078 0.134781
vn 0.808341 0.573078 0.134781
vn 0.808341 0.573078 0.134781
vn 0.221176 0.696218 -0.682907
vn 0.221176 0.696217 -0.682907
vn -0.142550 -0.032163 -0.989265
vn 0.363033 -0.205973 -0.908725
vn 0.363033 -0.205973 -0.908725
vn -0.142584 -0.032151 -0.989260
vn 0.908024 -0.344061 -0.238987
vn 0.908024 -0.344061 -0.238987
vn 0.908024 -0.344061 -0.238987
vn 0.908024 -0.344061 -0.238987
vn 0.944854 -0.327492 0.000002
vn 0.944854 -0.327492 0.000002
vn 0.944854 -0.327492 0.000002
vn 0.944854 -0.327492 0.000002
vn 0.705789 -0.130577 0.696284
vn 0.167921 0.102393 0.980468
vn 0.167131 0.102684 0.980573
vn 0.705789 -0.130577 0.696284
vn -0.292352 0.252410 0.922399
vn -0.292352 0.252410 0.922399
vn -0.921883 0.363128 0.135168
vn -0.921883 0.363128 0.135168
vn -0.921883 0.363128 0.135168
vn -0.921883 0.363128 0.135168
vn -0.926290 0.361228 0.107243
vn -0.926290 0.361228 0.107243
vn -0.926290 0.361228 0.107243
vn -0.926290 0.361228 0.107243
vn -0.490491 0.102509 -0.865396
vn -0.490491 0.102509 -0.865396
s 1
g pCube1
usemtl pCube1SG
f 101/1/1 1/2/2 98/3/3 97/4/4
f 99/5/5 2/6/6 103/7/7 102/8/8
f 104/9/9 3/10/10 107/11/11 106/12/12
s 3
f 114/13/13 5/14/14 111/15/15 110/16/16
f 112/17/17 6/18/18 116/19/19 115/20/20
f 117/21/21 7/22/22 120/23/23 119/24/24
f 126/25/25 9/26/26 113/27/27 123/28/28
f 124/29/29 10/30/30 118/31/31 127/32/32
f 128/33/33 11/34/34 122/35/35 130/36/36
f 136/424/37 13/38/38 125/39/39 133/474/40
f 141/401/41 85/42/42 138/43/43 137/473/44
f 145/413/45 15/477/46 132/47/47 142/472/48
f 149/49/49 17/50/50 135/51/51 146/52/52
f 147/53/53 18/54/54 151/470/55 150/56/56
f 152/57/57 19/58/58 144/59/59 154/60/60
f 160/61/61 21/62/62 148/63/63 157/64/64
f 158/65/65 22/66/66 153/67/67 161/68/68
f 162/69/69 23/70/70 156/71/71 164/72/72
f 171/73/73 90/74/74 168/75/75 167/76/76
f 169/77/77 91/78/78 173/79/79 172/80/80
f 174/81/81 92/82/82 177/83/83 176/84/84
s 10
f 184/85/85 49/86/86 181/87/87 180/88/88
s 1
f 187/464/89 30/90/90 175/91/91 185/469/92
s 12
f 192/93/93 53/94/94 189/95/95 188/96/96
s off
f 108/97/97 4/98/98 194/99/99 193/100/100
s 3
f 121/101/101 8/102/102 197/103/103 196/104/104
s 13
f 378/105/105 377/106/106 379/107/107 380/108/108
s off
f 171/73/109 29/109/110 204/110/111 203/111/112
s 3
f 160/61/61 25/112/113 207/113/114 206/114/115
s 14
f 386/501/116 387/116/117 388/117/118 389/118/119
s 15
f 216/119/120 29/109/121 170/120/122 213/121/123
s 1
f 214/122/124 30/90/90 187/464/89 217/123/125
f 218/124/126 2/6/6 98/3/127 220/125/128
s 17
f 221/126/129 1/2/130 204/462/131 223/127/132
s 18
f 228/128/133 31/129/134 179/130/135 225/131/136
s 19
f 226/132/137 32/133/138 194/460/139 229/134/140
s 1
f 230/135/141 4/98/142 107/11/143 232/136/144
f 233/137/145 3/10/10 186/458/146 235/139/147
s 21
f 240/140/148 33/141/149 215/142/150 237/143/151
f 238/144/152 34/145/153 219/454/154 241/147/155
f 242/148/156 35/149/157 222/150/158 244/151/159
f 245/152/160 36/153/161 224/447/162 247/155/163
s 22
f 252/156/164 37/157/165 227/158/166 249/159/167
f 250/160/168 38/161/169 231/441/170 253/163/171
f 254/164/172 39/165/173 234/166/174 256/167/175
f 257/168/176 40/169/177 236/434/178 259/171/179
s 23
f 263/524/180 41/479/181 239/174/182 261/528/183
s off
f 262/176/184 42/177/185 243/178/186 264/527/187
s 24
f 270/511/188 58/181/189 267/182/190 266/525/191
s off
f 272/516/192 44/448/193 248/186/194 271/523/195
s 25
f 275/518/196 45/478/197 251/190/198 273/522/199
s off
f 274/192/200 46/193/201 255/194/202 276/521/203
s 26
f 282/505/204 62/197/205 279/198/206 278/519/207
s off
f 284/510/208 48/435/209 260/202/210 283/517/211
s 27
f 287/204/212 43/450/213 246/206/214 285/207/215
s off
f 286/208/216 44/448/217 272/516/218 288/209/219
s 10
f 289/210/220 52/211/221 183/212/222 290/213/223
s 28
f 291/214/224 51/215/225 265/513/226 292/217/227
s 29
f 295/218/228 47/437/229 258/220/230 293/221/231
s off
f 294/222/232 48/435/233 284/510/234 296/223/235
s 12
f 297/224/236 56/225/237 191/226/238 298/227/239
s 30
f 299/228/240 55/229/241 277/507/242 300/231/243
s 3
f 304/232/244 12/233/245 198/430/246 301/235/247
f 302/236/248 24/237/249 155/238/250 305/239/251
f 306/240/252 20/241/253 143/428/254 308/243/255
f 309/244/256 16/245/257 131/246/258 311/247/259
f 316/248/260 21/62/62 208/426/261 313/250/262
f 314/251/263 9/26/26 126/25/25 317/252/264
f 318/253/265 13/38/38 136/424/37 320/254/266
f 321/255/267 17/50/50 149/49/49 323/256/268
f 327/257/269 66/258/270 303/422/271 325/260/272
f 326/261/273 65/262/274 307/263/275 328/264/276
f 329/265/277 67/266/278 310/420/279 330/268/280
f 331/269/281 68/270/282 312/271/283 332/272/284
f 335/273/285 69/274/286 315/418/287 333/276/288
f 334/277/289 70/278/290 319/279/291 336/280/292
f 337/281/293 71/282/294 322/416/295 338/284/296
f 339/285/297 72/286/298 324/287/299 340/288/300
s off
f 344/289/301 14/480/302 129/291/303 341/292/304
s 3
f 342/293/305 15/46/306 145/414/45 345/294/307
f 346/295/308 19/471/58 151/55/309 348/296/310
f 349/297/311 18/475/54 134/410/312 351/299/313
f 355/300/314 81/301/315 343/302/316 353/303/317
f 354/304/318 82/305/319 347/406/320 356/307/321
f 357/308/322 83/309/323 350/310/324 358/311/325
f 359/312/326 84/313/327 352/403/328 360/315/329
f 363/316/330 90/74/74 205/400/331 361/318/332
f 363/316/330 25/112/113 159/319/333 364/320/334
f 365/321/335 26/322/336 163/323/337 366/324/338
f 367/325/339 27/326/340 166/327/341 368/328/342
f 371/329/343 94/330/344 195/397/345 370/332/346
f 373/333/347 95/334/348 109/335/349 372/336/350
f 375/337/351 96/338/352 105/339/353 374/340/354
f 362/341/355 89/342/356 100/343/357 376/344/358
s 1
f 98/3/3 2/6/6 99/5/5 97/4/4
s 3
f 99/5/359 96/338/352 100/343/357 97/4/360
f 100/343/357 89/342/356 101/1/361 97/4/360
s 1
f 103/7/7 3/10/10 104/9/9 102/8/362
s 3
f 104/9/363 95/334/348 105/339/353 102/8/364
f 105/339/353 96/338/352 99/5/359 102/8/364
s 1
f 107/11/11 4/98/365 108/97/366 106/12/12
s 3
f 108/97/367 94/330/344 109/335/349 106/12/368
f 109/335/349 95/334/348 104/9/363 106/12/368
f 111/15/15 6/18/18 112/17/17 110/16/16
f 112/17/17 10/30/30 113/27/27 110/16/16
f 113/27/27 9/26/26 114/13/13 110/16/16
f 116/19/19 7/22/22 117/21/21 115/20/20
f 117/21/21 11/34/34 118/31/31 115/20/20
f 118/31/31 10/30/30 112/17/17 115/20/20
f 120/23/23 8/102/102 121/101/101 119/24/24
f 121/101/101 12/233/245 122/35/35 119/24/24
f 122/35/35 11/34/34 117/21/21 119/24/24
f 113/27/27 10/30/30 124/29/29 123/28/28
f 124/29/29 14/290/369 125/39/39 123/28/28
f 125/39/39 13/38/38 126/25/25 123/28/28
f 118/31/31 11/34/34 128/33/33 127/32/32
f 128/33/33 15/477/46 129/476/370 127/32/32
f 129/476/370 14/290/369 124/29/29 127/32/32
f 122/35/35 12/233/245 131/246/258 130/36/36
f 131/246/258 16/245/257 132/47/47 130/36/36
f 132/47/47 15/477/46 128/33/33 130/36/36
f 125/39/39 14/290/369 134/408/312 133/474/40
f 134/409/312 18/54/54 135/51/51 133/40/40
f 135/51/51 17/50/50 136/37/37 133/40/40
f 138/43/43 86/345/371 139/346/372 137/473/44
f 139/404/372 87/347/373 140/348/374 137/44/44
f 140/348/374 88/349/375 141/41/41 137/44/44
f 132/47/47 16/245/257 143/242/254 142/472/48
f 143/428/254 20/241/253 144/59/59 142/48/48
f 144/59/59 19/58/58 145/412/45 142/48/48
f 135/51/51 18/54/54 147/53/53 146/52/52
f 147/53/53 22/66/66 148/63/63 146/52/52
f 148/63/63 21/62/62 149/49/49 146/52/52
f 151/470/55 19/58/58 152/57/57 150/56/56
f 152/57/57 23/70/70 153/67/67 150/56/56
f 153/67/67 22/66/66 147/53/53 150/56/56
f 144/59/59 20/241/253 155/238/250 154/60/60
f 155/238/250 24/237/249 156/71/71 154/60/60
f 156/71/71 23/70/70 152/57/57 154/60/60
f 148/63/63 22/66/66 158/65/65 157/64/64
f 158/65/65 26/322/336 159/319/333 157/64/64
f 159/319/333 25/112/113 160/61/61 157/64/64
f 153/67/67 23/70/70 162/69/69 161/68/68
f 162/69/69 27/326/340 163/323/337 161/68/68
f 163/323/337 26/322/336 158/65/65 161/68/68
f 156/71/71 24/237/249 165/350/376 164/72/72
f 165/350/376 28/351/377 166/327/341 164/72/72
f 166/327/341 27/326/340 162/69/69 164/72/72
f 168/75/75 91/78/78 169/77/77 167/76/76
s 1
f 169/77/378 30/90/90 170/120/379 167/76/380
f 170/120/379 29/109/381 171/73/382 167/76/380
s 3
f 173/79/79 92/82/82 174/81/81 172/80/80
s 1
f 174/81/383 31/129/384 175/91/91 172/80/385
f 175/91/91 30/90/90 169/77/378 172/80/386
s 3
f 177/83/83 93/352/387 178/353/388 176/84/84
s 1
f 178/353/389 32/133/390 179/130/391 176/84/392
f 179/130/391 31/129/384 174/81/383 176/84/392
s 10
f 181/87/87 50/354/393 182/355/394 180/88/88
f 182/355/394 51/215/395 183/212/222 180/88/88
f 183/212/222 52/211/221 184/85/85 180/88/88
s 1
f 175/91/91 31/129/384 186/138/146 185/469/92
f 186/458/146 3/10/10 103/7/7 185/92/92
f 103/7/7 2/6/6 187/89/89 185/92/92
s 12
f 189/95/95 54/356/396 190/357/397 188/96/96
f 190/357/397 55/229/398 191/226/238 188/96/96
f 191/226/238 56/225/237 192/93/93 188/96/96
s off
f 194/460/399 32/133/400 178/353/401 193/468/402
s 3
f 178/353/388 93/352/387 195/331/345 193/468/403
f 195/397/345 94/330/344 108/97/367 193/100/403
f 197/395/103 28/351/377 165/350/376 196/467/104
f 165/350/376 24/237/249 198/234/404 196/467/104
f 198/430/404 12/233/245 121/101/101 196/104/104
s 41
f 379/107/405 381/358/406 382/503/407 380/108/408
f 382/359/407 383/360/409 384/361/410 380/108/408
s 13
f 384/361/411 385/362/412 378/105/105 380/108/108
s off
f 204/462/413 1/2/414 101/1/415 203/466/416
s 3
f 101/1/361 89/342/356 205/317/331 203/466/417
f 205/400/331 90/74/74 171/73/73 203/111/417
f 207/398/114 5/14/14 114/13/13 206/465/115
f 114/13/13 9/26/26 208/249/418 206/465/115
f 208/426/418 21/62/62 160/61/61 206/114/115
s 42
f 388/117/419 390/363/420 391/364/421 389/118/422
f 391/364/421 392/365/423 393/366/424 389/118/422
s 14
f 393/366/425 394/367/426 386/115/116 389/118/119
s 15
f 170/120/122 30/90/427 214/122/428 213/121/123
f 214/122/428 34/145/429 215/142/430 213/121/123
f 215/142/430 33/141/431 216/119/120 213/121/123
s 1
f 187/89/89 2/6/6 218/124/126 217/463/432
f 218/124/126 35/149/433 219/146/434 217/463/432
f 219/454/435 34/145/436 214/122/124 217/123/125
f 98/3/127 1/2/437 221/126/438 220/125/128
f 221/126/438 36/153/439 222/150/440 220/125/128
f 222/150/440 35/149/441 218/124/126 220/125/128
s 43
f 204/110/442 29/109/443 216/119/444 223/461/445
f 216/119/444 33/141/446 224/154/447 223/461/445
s 17
f 224/447/448 36/153/449 221/126/129 223/127/132
s 18
f 179/130/135 32/133/450 226/132/451 225/131/136
f 226/132/451 38/161/452 227/158/453 225/131/136
f 227/158/453 37/157/454 228/128/133 225/131/136
s 44
f 194/99/455 4/98/456 230/135/457 229/459/458
f 230/135/457 39/165/459 231/162/460 229/459/458
s 19
f 231/441/461 38/161/462 226/132/137 229/134/140
s 1
f 107/11/143 3/10/10 233/137/145 232/136/144
f 233/137/145 40/169/463 234/166/464 232/136/144
f 234/166/464 39/165/465 230/135/141 232/136/144
f 186/138/146 31/129/384 228/128/466 235/457/467
f 228/128/466 37/157/468 236/170/469 235/457/467
f 236/434/470 40/169/471 233/137/145 235/139/147
s 21
f 215/142/150 34/145/153 238/144/152 237/143/151
f 238/144/152 42/456/472 239/455/473 237/143/151
f 239/455/473 41/173/474 240/140/148 237/143/151
f 219/146/154 35/149/157 242/148/156 241/453/155
f 242/148/156 43/205/475 243/451/476 241/453/155
f 243/452/476 42/456/472 238/144/152 241/147/155
f 222/150/158 36/153/161 245/152/160 244/151/159
f 245/152/160 44/185/477 246/449/478 244/151/159
f 246/449/478 43/205/475 242/148/156 244/151/159
f 224/154/162 33/141/149 240/140/148 247/446/163
f 240/140/148 41/173/474 248/444/479 247/446/163
f 248/445/479 44/185/477 245/152/160 247/155/163
s 22
f 227/158/166 38/161/169 250/160/168 249/159/167
f 250/160/168 46/443/480 251/442/481 249/159/167
f 251/442/481 45/189/482 252/156/164 249/159/167
f 231/162/170 39/165/173 254/164/172 253/440/171
f 254/164/172 47/219/483 255/438/484 253/440/171
f 255/439/484 46/443/480 250/160/168 253/163/171
f 234/166/174 40/169/177 257/168/176 256/167/175
f 257/168/176 48/201/485 258/436/486 256/167/175
f 258/436/486 47/219/483 254/164/172 256/167/175
f 236/170/178 37/157/165 252/156/164 259/433/179
f 252/156/164 45/189/482 260/431/487 259/433/179
f 260/432/487 48/201/485 257/168/176 259/171/179
s 23
f 239/174/182 42/177/488 262/176/489 261/528/183
s 45
f 262/526/490 50/354/491 181/87/492 261/175/493
f 181/87/492 49/86/494 263/172/495 261/175/493
s off
f 243/178/496 43/450/497 265/216/498 264/527/499
s 28
f 265/513/226 51/215/225 182/355/500 264/179/501
s off
f 182/355/502 50/354/503 262/526/504 264/179/505
s 24
f 267/182/190 57/368/506 268/369/507 266/525/191
s 46
f 268/514/508 59/370/509 269/371/510 266/183/511
f 269/371/510 60/372/512 270/180/513 266/183/511
s off
f 248/186/514 41/479/515 263/524/516 271/523/517
f 263/172/518 49/86/519 184/85/520 271/187/521
s 47
f 184/85/522 52/211/523 272/184/524 271/187/525
s 25
f 251/190/198 46/193/526 274/192/527 273/522/199
s 48
f 274/520/528 54/356/529 189/95/530 273/191/531
f 189/95/530 53/94/532 275/188/533 273/191/531
s off
f 255/194/534 47/437/535 277/230/536 276/521/537
s 30
f 277/507/242 55/229/241 190/357/538 276/195/539
s off
f 190/357/540 54/356/541 274/520/542 276/195/543
s 26
f 279/198/206 61/373/544 280/374/545 278/519/207
s 49
f 280/508/546 63/375/547 281/376/548 278/199/549
f 281/376/548 64/377/550 282/196/551 278/199/549
s off
f 260/202/552 45/478/553 275/518/554 283/517/555
f 275/188/556 53/94/557 192/93/558 283/203/559
s 50
f 192/93/560 56/225/561 284/200/562 283/203/563
s 27
f 246/206/214 44/448/564 286/208/565 285/207/215
s 51
f 286/208/566 57/368/567 267/182/568 285/207/569
f 267/182/568 58/181/570 287/204/571 285/207/569
s 47
f 272/184/524 52/211/523 289/210/572 288/515/573
s off
f 289/210/574 59/370/575 268/514/576 288/515/577
f 268/369/578 57/368/579 286/208/580 288/209/581
s 10
f 183/212/222 51/215/395 291/214/582 290/213/223
s 52
f 291/214/583 60/372/584 269/371/585 290/213/586
f 269/371/585 59/370/587 289/210/588 290/213/586
s off
f 265/216/589 43/450/590 287/204/591 292/512/592
f 287/204/593 58/181/594 270/511/595 292/512/596
f 270/180/597 60/372/598 291/214/599 292/217/600
s 29
f 258/220/230 48/435/601 294/222/602 293/221/231
s 53
f 294/222/603 61/373/604 279/198/605 293/221/606
f 279/198/605 62/197/607 295/218/608 293/221/606
s 50
f 284/200/562 56/225/561 297/224/609 296/509/610
s off
f 297/224/611 63/375/612 280/508/613 296/509/614
f 280/374/615 61/373/616 294/222/617 296/223/618
s 12
f 191/226/238 55/229/398 299/228/619 298/227/239
s 54
f 299/228/620 64/377/621 281/376/622 298/227/623
f 281/376/622 63/375/624 297/224/625 298/227/623
s off
f 277/230/626 47/437/627 295/218/628 300/506/629
f 295/218/630 62/197/631 282/505/632 300/506/633
f 282/196/634 64/377/635 299/228/636 300/231/637
s 3
f 198/234/246 24/237/249 302/236/248 301/429/247
f 302/236/248 65/262/274 303/259/271 301/429/247
f 303/422/271 66/258/270 304/232/244 301/235/247
f 155/238/250 20/241/253 306/240/252 305/239/251
f 306/240/252 67/266/278 307/263/275 305/239/251
f 307/263/275 65/262/274 302/236/248 305/239/251
f 143/242/254 16/245/257 309/244/256 308/427/255
f 309/244/256 68/270/282 310/267/279 308/427/255
f 310/420/279 67/266/278 306/240/252 308/243/255
f 131/246/258 12/233/245 304/232/244 311/247/259
f 304/232/244 66/258/270 312/271/283 311/247/259
f 312/271/283 68/270/282 309/244/256 311/247/259
f 208/249/261 9/26/26 314/251/263 313/425/262
f 314/251/263 70/278/290 315/275/287 313/425/262
f 315/418/287 69/274/286 316/248/260 313/250/262
f 126/25/25 13/38/38 318/253/265 317/252/264
f 318/253/265 71/282/294 319/279/291 317/252/264
f 319/279/291 70/278/290 314/251/263 317/252/264
f 136/37/37 17/50/50 321/255/267 320/423/266
f 321/255/267 72/286/298 322/283/295 320/423/266
f 322/416/295 71/282/294 318/253/265 320/254/266
f 149/49/49 21/62/62 316/248/260 323/256/268
f 316/248/260 69/274/286 324/287/299 323/256/268
f 324/287/299 72/286/298 321/255/267 323/256/268
f 303/259/271 65/262/274 326/261/273 325/421/272
f 326/261/273 73/497/638 199/498/639 325/421/272
f 199/499/639 74/500/640 327/257/269 325/260/272
f 307/263/275 67/266/278 329/265/277 328/264/276
f 329/265/277 75/495/641 200/496/642 328/264/276
f 200/496/642 73/497/638 326/261/273 328/264/276
f 310/267/279 68/270/282 331/269/281 330/419/280
f 331/269/281 76/492/643 201/493/644 330/419/280
f 201/494/644 75/495/641 329/265/277 330/268/280
f 312/271/283 66/258/270 327/257/269 332/272/284
f 327/257/269 74/500/640 202/491/645 332/272/284
f 202/491/645 76/492/643 331/269/281 332/272/284
f 315/275/287 70/278/290 334/277/289 333/417/288
f 334/277/289 78/490/646 209/488/647 333/417/288
f 209/489/647 77/482/648 335/273/285 333/276/288
f 319/279/291 71/282/294 337/281/293 336/280/292
f 337/281/293 79/487/649 210/486/650 336/280/292
f 210/486/650 78/490/646 334/277/289 336/280/292
f 322/283/295 72/286/298 339/285/297 338/415/296
f 339/285/297 80/485/651 211/483/652 338/415/296
f 211/484/652 79/487/649 337/281/293 338/284/296
f 324/287/299 69/274/286 335/273/285 340/288/300
f 335/273/285 77/482/648 212/481/653 340/288/300
f 212/481/653 80/485/651 339/285/297 340/288/300
s off
f 129/291/654 15/46/655 342/293/656 341/292/657
s 3
f 342/293/658 82/305/319 343/302/316 341/292/659
f 343/302/316 81/301/315 344/289/660 341/292/659
f 145/45/45 19/471/58 346/295/308 345/411/307
f 346/295/308 83/309/323 347/306/320 345/411/661
f 347/406/320 82/305/319 342/293/658 345/294/661
f 151/55/309 18/475/54 349/297/311 348/296/310
f 349/297/311 84/313/327 350/310/324 348/296/310
f 350/310/324 83/309/323 346/295/308 348/296/310
f 134/298/312 14/480/662 344/289/663 351/407/313
f 344/289/660 81/301/315 352/314/328 351/407/664
f 352/403/328 84/313/327 349/297/311 351/299/664
f 343/302/316 82/305/319 354/304/318 353/303/317
f 354/304/318 86/345/371 138/43/43 353/303/317
f 138/43/43 85/42/42 355/300/314 353/303/317
f 347/306/320 83/309/323 357/308/322 356/405/321
f 357/308/322 87/347/373 139/404/372 356/405/321
f 139/346/372 86/345/371 354/304/318 356/307/321
f 350/310/324 84/313/327 359/312/326 358/311/325
f 359/312/326 88/349/375 140/348/374 358/311/325
f 140/348/374 87/347/373 357/308/322 358/311/325
f 352/314/328 81/301/315 355/300/314 360/402/329
f 355/300/314 85/42/42 141/401/41 360/402/329
f 141/41/41 88/349/375 359/312/326 360/315/329
f 205/317/331 89/342/356 362/341/355 361/399/332
f 362/341/355 5/14/14 207/398/114 361/399/332
f 207/113/114 25/112/113 363/316/330 361/318/332
f 159/319/333 26/322/336 365/321/335 364/320/334
f 365/321/335 91/78/78 168/75/75 364/320/334
f 168/75/75 90/74/74 363/316/330 364/320/334
f 163/323/337 27/326/340 367/325/339 366/324/338
f 367/325/339 92/82/82 173/79/79 366/324/338
f 173/79/79 91/78/78 365/321/335 366/324/338
f 166/327/341 28/351/377 369/394/665 368/328/342
f 369/394/665 93/352/387 177/83/83 368/328/342
f 177/83/83 92/82/82 367/325/339 368/328/342
f 195/331/345 93/352/387 369/394/665 370/396/346
f 369/394/665 28/351/377 197/395/103 370/396/346
f 197/103/103 8/102/102 371/329/343 370/332/346
f 109/335/349 94/330/344 371/329/343 372/336/350
f 371/329/343 8/102/102 120/23/23 372/336/350
f 120/23/23 7/22/22 373/333/347 372/336/350
f 105/339/353 95/334/348 373/333/347 374/340/354
f 373/333/347 7/22/22 116/19/19 374/340/354
f 116/19/19 6/18/18 375/337/351 374/340/354
f 100/343/357 96/338/352 375/337/351 376/344/358
f 375/337/351 6/18/18 111/15/15 376/344/358
f 111/15/15 5/14/14 362/341/355 376/344/358
s 55
f 202/385/666 74/380/667 377/106/668 378/105/669
s off
f 74/380/670 199/379/671 379/107/672 377/106/673
f 199/379/674 73/378/675 381/358/676 379/107/677
s 56
f 73/378/678 200/504/679 382/503/680 381/358/681
f 200/382/679 75/381/682 383/360/683 382/359/680
s off
f 75/381/684 201/384/685 384/361/686 383/360/687
f 201/384/688 76/383/689 385/362/690 384/361/691
s 55
f 76/383/692 202/385/666 378/105/669 385/362/693
s 57
f 212/393/694 77/388/695 387/116/696 386/501/697
s off
f 77/388/698 209/387/699 388/117/700 387/116/701
f 209/387/702 78/386/703 390/363/704 388/117/705
s 58
f 78/386/706 210/390/707 391/364/708 390/363/709
f 210/390/707 79/389/710 392/365/711 391/364/708
s off
f 79/389/712 211/392/713 393/366/714 392/365/715
f 211/392/716 80/391/717 394/367/718 393/366/719
s 57
f 80/391/720 212/502/694 386/115/697 394/367/721
