# This file uses centimeters as units for non-parametric coordinates.

mtllib run_frame14.mtl
g default
v -18.371765 67.666367 309.259552
v -5.176825 67.598946 310.246002
v 5.733872 64.981300 309.879395
v 19.501368 64.304695 308.318298
v -19.469425 91.905144 316.222870
v -7.386111 88.434540 324.983734
v 10.795396 89.312546 324.254974
v 21.892168 93.825584 314.698364
v -16.709827 119.914566 325.501831
v -6.662445 114.393677 332.346741
v 8.453258 115.749619 331.436279
v 16.427761 122.298363 323.501190
v -21.830603 127.197929 330.237671
v -6.718783 134.735016 330.581726
v 4.675205 135.669037 329.902588
v 20.457697 128.923523 327.858002
v -24.347269 129.817917 319.788940
v -9.594221 138.182068 319.324127
v 5.558347 139.526840 318.423615
v 21.865572 134.453278 319.739258
v -17.962191 122.603622 317.721619
v -8.667028 121.642174 309.830292
v 6.447171 122.993187 308.918060
v 16.295254 126.859688 316.784668
v -20.179775 97.085541 304.430634
v -7.299337 99.064453 300.377869
v 7.844777 99.837486 299.815735
v 21.162903 99.102478 302.640991
v -16.687849 65.637161 296.770935
v -3.512051 63.523743 298.671234
v 5.091211 66.096786 296.725922
v 18.479727 69.621506 296.683472
v -13.191268 34.166451 310.031189
v -5.620081 35.045216 310.716705
v -7.020704 37.180279 322.466919
v -14.549931 36.169380 321.719208
v 8.420375 39.492264 283.227783
v 16.131809 40.006569 282.123047
v 17.964239 34.082413 290.480042
v 10.245802 33.611073 291.518585
v -10.249767 8.280183 293.466034
v -2.952186 8.539933 292.974030
v -1.959519 5.870265 303.081573
v -9.281814 5.796746 303.760742
v 4.483464 70.195786 288.938049
v 11.863485 71.689781 288.869659
v 13.489957 64.673737 281.795044
v 6.149314 62.991413 281.945557
v -11.086452 2.608114 291.845520
v -2.326840 2.683385 291.081909
v 0.524265 0.051474 305.604919
v -11.200871 0.034140 306.756226
v 2.623719 74.539711 284.795044
v 11.408797 76.572403 284.586365
v 15.430268 65.148369 275.818573
v 3.979599 62.340652 276.126282
v -8.401607 5.214869 321.752167
v 0.838036 5.171825 320.788269
v -8.384905 1.674274 322.049622
v 0.854485 1.631796 321.083282
v 8.974887 46.938023 272.531830
v 17.983557 49.191490 272.271851
v 8.470235 48.598465 269.431305
v 17.478857 50.852131 269.171387
v 25.113365 119.110283 297.483398
v 21.984083 114.826973 305.950073
v 34.599194 121.657127 301.931061
v 31.802813 116.414917 309.845703
v -25.847458 99.546661 316.874603
v -21.854801 105.169121 323.673065
v -31.919804 107.710938 326.208435
v -35.544514 104.133751 318.465271
v 30.959587 89.350182 299.027344
v 27.194590 88.784081 308.026489
v 34.340641 90.151878 300.492310
v 30.575369 89.585327 309.492462
v -24.871202 86.536919 344.483704
v -20.954473 94.614601 348.345276
v -24.409143 95.961349 349.032135
v -28.325874 87.883659 345.170593
v -9.073148 146.408295 335.730133
v 6.619789 146.687820 335.139862
v 8.977176 146.977386 318.836578
v -12.685531 146.287430 319.556488
v -9.108260 167.884811 334.644287
v 5.745298 168.127487 334.200439
v 4.827174 170.631088 316.467834
v -9.332454 170.399750 316.890930
v -19.228556 75.425743 308.577820
v -17.714298 76.158913 295.997467
v -4.459876 76.443588 294.604218
v 7.512082 76.974075 296.710083
v 20.267828 76.215385 300.234894
v 19.476330 73.321938 312.853119
v 6.922481 73.319496 315.755585
v -7.761909 74.438652 314.035278
v -13.595057 71.710747 311.295929
v -12.940890 68.220146 311.481842
v -6.901916 71.167824 312.529877
v -14.463023 75.112862 312.030670
v -18.924734 71.546875 308.398621
v -0.303697 70.209679 313.413208
v 0.076581 66.034378 311.878418
v 6.586562 68.493736 313.749908
v -0.473533 73.834122 314.941895
v 13.721718 68.030518 313.164795
v 13.754725 63.558834 310.404419
v 19.542755 68.637253 310.906036
v 14.006644 72.976334 315.239929
v -14.719195 102.577316 325.662872
v -14.914167 89.924698 321.047394
v -7.855502 101.343010 329.144958
v -14.060356 115.324928 329.278961
v -19.346004 104.078659 321.469604
v 1.587361 100.738068 328.506714
v 1.755143 88.533546 325.411835
v 10.891535 102.665176 328.159363
v 0.787401 115.438461 330.710663
v 16.867794 104.757248 324.021698
v 17.800116 91.494812 319.741028
v 20.828291 106.756531 319.584686
v 14.899380 117.766716 327.533447
v -13.420322 125.274567 331.715454
v -6.834957 127.231888 333.068939
v -15.324572 133.391922 331.830688
v -19.282528 122.499390 329.572540
v -0.151185 127.118729 332.557709
v 6.417620 128.428604 332.271423
v -1.046769 137.383743 332.564056
v 12.849626 127.412842 330.188232
v 18.656080 124.111343 326.446228
v 13.154493 135.389893 330.498413
v -16.587181 137.049561 326.434723
v -8.260325 138.882141 325.770416
v -18.592140 137.015854 319.704163
v -23.446316 129.008957 325.264343
v -1.843769 173.533768 332.013336
v -1.669361 168.018707 334.834839
v 6.600135 171.302444 327.696777
v -2.321390 171.119415 314.708832
v -11.390935 171.009064 328.252197
v 13.522208 139.126541 325.407013
v 21.508425 131.779938 323.921844
v 15.121093 139.639359 319.162903
v 5.015972 139.859406 325.014221
v -16.588327 130.858963 315.300171
v -9.472661 133.204239 314.285156
v -15.952043 121.197792 311.725128
v -21.794430 126.309608 316.777985
v -1.889273 133.883026 313.825287
v -2.068348 141.300781 318.597351
v 5.763780 134.599442 313.382538
v -1.104936 122.329285 309.381378
v 13.586238 133.703064 314.692352
v 19.448515 132.333176 316.900543
v 14.019691 124.051331 310.162201
v -15.409951 109.624985 306.939728
v -7.847578 110.050575 305.604218
v -14.923503 98.583031 301.323334
v -20.268311 108.208412 310.324280
v -0.265944 110.605690 305.233154
v 7.289518 111.218231 304.791290
v 0.409877 99.247498 299.989197
v 14.904155 111.850311 305.372803
v 20.311548 111.095001 308.185699
v 15.429405 100.025337 300.115082
v -11.343832 71.148262 293.955872
v -11.774969 76.323944 293.955139
v -4.154084 71.649445 294.617004
v -10.714307 65.955093 294.799866
v -17.309956 70.817329 295.911469
v 1.313312 72.560341 295.669098
v 1.601353 76.748253 295.645111
v 6.745199 73.077408 296.301788
v 1.104954 68.219429 295.710236
v 13.692058 73.430870 296.623657
v 14.682281 76.898781 297.471130
v 19.386082 72.788574 298.833740
v 12.570211 70.323318 295.058685
v -6.168472 1.238815 297.512695
v -6.969273 3.141620 288.991791
v -0.297804 1.447365 296.937714
v -5.339621 -0.017573 306.201324
v -12.006209 1.362001 297.978607
v 0.538212 63.874332 309.680298
v 5.567853 55.645718 296.861328
v -3.560398 55.173466 307.764862
v 8.072200 70.963928 280.767609
v 6.661896 77.195755 286.148407
v 13.808800 72.369667 280.726501
v 9.710035 63.712368 275.970825
v 2.335878 69.668953 280.988770
v 20.901449 70.846916 304.554535
v 20.316128 67.141357 302.115936
v 21.456360 74.804176 306.300262
v 22.456846 108.464836 313.297607
v 23.523367 96.692589 308.276672
v 16.141748 124.211769 318.978424
v 28.332067 88.894798 303.351959
v 32.701607 89.731407 298.744659
v 32.466682 89.875183 305.143433
v 28.097332 89.038849 309.750061
v -19.625027 70.983109 301.643677
v -18.920044 66.376900 302.559418
v -20.099445 75.798950 301.737640
v -21.799921 105.429947 315.440643
v -22.007812 94.545288 310.073547
v -17.002693 120.288139 321.124817
v -22.150772 90.411736 346.327240
v -21.868252 96.174194 349.108337
v -26.375414 92.058640 347.167206
v -26.657934 86.296173 344.386139
v -9.704186 49.947918 301.410797
v -5.667101 50.100956 304.234436
v -9.117937 34.495804 309.253906
v -14.734619 48.990833 303.398346
v -4.773610 52.077744 310.434265
v -7.428115 53.426476 316.428467
v -4.901655 36.264431 317.142853
v -12.059505 54.420071 317.715271
v -16.504501 52.407490 315.575684
v -10.928872 37.253040 324.481567
v -16.906408 50.663063 309.323090
v -14.980342 34.962273 316.205078
v 11.785024 57.214790 287.987091
v 16.990431 55.603855 288.487061
v 11.954318 40.270527 281.965332
v 7.663070 55.150841 289.875183
v 19.184444 52.482613 293.909302
v 18.978722 49.030453 299.493622
v 18.122952 36.839073 286.245819
v 14.378414 48.636223 302.374695
v 9.662504 48.564816 300.868073
v 14.290395 32.725742 292.689453
v 6.985624 51.893375 295.684448
v 8.036869 36.285046 287.670135
v -8.579860 25.122995 300.334503
v -4.465962 25.038126 302.397339
v -6.811968 9.012453 291.251495
v -12.609025 23.715446 302.401886
v -2.507932 22.113239 307.813232
v -3.516335 19.077682 313.463684
v -1.284319 7.159517 297.630707
v -7.342577 17.113806 315.172272
v -11.710751 17.718010 313.560364
v -5.341458 5.478433 306.355408
v -13.437046 20.328751 307.937988
v -11.051998 6.792839 298.330200
v 10.805470 52.094528 293.688263
v 15.125848 52.148895 291.742218
v 7.951877 71.969421 290.296661
v 6.790678 50.949963 291.726166
v 16.460392 51.955601 285.493164
v 15.448249 50.994251 279.493958
v 13.649445 69.195168 285.145874
v 11.252350 50.509422 277.787109
v 7.153968 49.674984 279.747650
v 10.450304 61.194580 280.458679
v 5.588439 50.291683 285.667511
v 4.033312 67.120964 285.304047
v -6.948442 6.128968 289.420380
v -2.306885 5.669305 291.494385
v -11.063029 5.526534 292.216675
v -0.288385 4.325701 297.245483
v 0.524700 2.878376 305.686432
v -3.559992 5.099870 323.394806
v -3.786468 6.165534 321.187622
v -9.426284 5.123736 324.008270
v -3.760619 0.686022 321.647980
v 2.306297 5.076005 322.781342
v -11.995543 4.179366 298.253204
v -11.201410 2.863962 306.851776
v 7.157106 75.292702 288.596008
v 11.878773 74.783096 286.970123
v 3.084095 72.795609 287.157654
v 14.215396 70.893005 282.992981
v 15.831060 63.754097 278.159332
v 13.861568 46.389454 271.127258
v 13.617408 47.610088 273.250854
v 8.141784 44.958668 271.292236
v 12.836369 50.179951 268.452454
v 19.581337 47.820267 270.962128
v 2.731419 68.253838 283.246155
v 4.375167 60.975147 278.462280
v -4.570867 5.491416 313.717896
v -9.754340 5.529310 314.255737
v 0.614304 5.475839 313.193207
v -10.433338 2.853810 314.458374
v -10.428483 0.050866 314.601959
v -4.561295 0.017797 313.981018
v 1.304018 -0.000211 313.367004
v 1.300022 2.797233 313.236877
v 12.082637 54.180981 276.975586
v 7.025779 52.928802 277.114685
v 17.143696 55.414738 276.847839
v 5.975766 54.036701 274.791595
v 5.573760 55.371433 272.344543
v 11.295514 56.791908 272.182495
v 17.022455 58.184395 272.026062
v 17.422215 56.864651 274.474884
v 19.272100 122.221230 309.254700
v 20.768620 126.455338 307.707367
v 22.187948 116.348190 300.934204
v 20.184275 118.460403 311.989624
v 24.497910 127.866615 308.929321
v 28.693615 127.592964 311.407410
v 29.739758 121.045433 298.718384
v 28.900892 123.764145 313.886169
v 27.946123 119.725510 315.752411
v 34.069653 118.691170 305.887115
v 23.726601 118.239449 314.243378
v 26.124119 115.199707 308.721924
v -20.337101 111.150780 319.977203
v -20.571760 110.705864 324.699615
v -22.434946 101.302162 320.266388
v -22.568232 112.670654 316.103333
v -24.094120 112.090408 326.976776
v -28.510763 114.264809 327.617065
v -26.045418 107.053818 325.475555
v -30.092142 115.601585 323.486389
v -30.481411 116.152374 318.864777
v -34.548386 105.566872 322.776062
v -26.463390 114.450798 316.398193
v -30.695677 101.488213 316.542236
v 22.980759 106.550659 301.526215
v 26.508348 107.562096 297.350189
v 22.625158 106.522865 306.826599
v 30.714674 108.806999 297.893402
v 35.300167 109.832008 300.985931
v 33.749561 109.166618 305.995178
v 31.416952 108.591164 310.557800
v 25.984728 107.333176 309.521362
v -20.976686 97.299103 329.134827
v -20.545439 102.033691 331.545441
v -24.712513 93.757088 326.972321
v -23.984274 104.441620 332.752411
v -29.602663 105.300941 333.181610
v -32.136551 101.266747 330.809875
v -33.850246 97.199898 328.046783
v -29.123318 94.461456 326.800690
v -0.818707 138.264999 337.998016
v 4.880288 141.295624 329.806641
v -1.098493 146.189896 338.338776
v -7.623140 140.657516 330.454559
v 7.138312 142.056885 326.037933
v 4.268031 142.991776 320.922913
v 10.543410 146.908569 326.890625
v -2.072048 143.786789 318.228699
v -8.177742 142.303497 321.592560
v -1.899397 146.803314 318.390503
v -10.347423 141.171326 326.940308
v -13.636259 146.391922 327.795929
v -1.440902 160.074783 338.031738
v 9.198742 161.865997 334.816315
v -12.312586 161.514572 335.459076
v 10.467284 162.195496 325.237488
v 8.566298 161.121399 316.590179
v -2.150654 160.712479 314.732758
v -12.745251 160.773224 317.226959
v -14.160717 161.793152 325.973389
v -20.790346 86.340446 303.801331
v -19.554775 85.162003 310.580048
v -18.309366 87.370171 298.057434
v -12.535712 87.882393 295.727905
v -5.045331 87.603661 295.962860
v 1.737174 88.076714 296.654480
v 8.612768 87.360909 297.161652
v 16.041044 87.131111 298.273621
v 21.455061 86.245361 301.551758
v 22.649529 85.079926 307.815155
v 20.219233 83.902000 314.378204
v 15.138032 83.873451 318.182617
v 8.803455 83.141426 319.779755
v -0.236607 84.239372 319.198517
v -9.526073 83.589066 317.961639
v -15.279258 84.620232 315.421021
v 29.859644 75.088745 308.792999
v 30.895092 75.378586 310.686127
v 31.423273 75.287514 303.865814
v 33.438511 75.765350 304.738983
v 33.942665 75.703110 299.033325
v 35.888130 76.129890 298.751190
v 37.747856 76.605377 300.682037
v 35.718254 76.305923 305.726746
v 33.664833 75.991013 310.441711
v -26.670355 79.852684 356.781158
v -24.675179 80.091263 356.875488
v -22.062216 84.424461 358.941620
v -24.073425 85.208504 359.341522
v -20.427916 88.850616 361.062927
v -21.476484 90.564323 361.901855
v -24.315973 90.366318 361.835968
v -26.450718 86.135254 359.814178
v -28.563223 81.606949 357.648560
vt 0.208431 0.494797
vt 0.208575 0.478116
vt 0.229443 0.475893
vt 0.229271 0.493426
vt 0.252729 0.492198
vt 0.256170 0.471571
vt 0.275357 0.475888
vt 0.275429 0.493819
vt 0.298111 0.492176
vt 0.294163 0.471736
vt 0.321331 0.475953
vt 0.321541 0.493432
vt 0.198757 0.641525
vt 0.200055 0.589825
vt 0.221664 0.590600
vt 0.219751 0.640956
vt 0.244967 0.639373
vt 0.247968 0.591507
vt 0.275466 0.591669
vt 0.275481 0.635804
vt 0.305994 0.639365
vt 0.302966 0.591494
vt 0.329276 0.590573
vt 0.331197 0.640955
vt 0.199789 0.728809
vt 0.197393 0.704590
vt 0.219517 0.692482
vt 0.227784 0.730211
vt 0.252859 0.733034
vt 0.249003 0.687406
vt 0.275511 0.688085
vt 0.275516 0.730408
vt 0.298175 0.733010
vt 0.302021 0.687396
vt 0.331536 0.692451
vt 0.323246 0.730162
vt 0.805511 0.686057
vt 0.204711 0.752714
vt 0.229559 0.760254
vt 0.782889 0.696424
vt 0.784986 0.875584
vt 0.254181 0.941082
vt 0.275435 0.940431
vt 0.742298 0.896742
vt 0.699334 0.736241
vt 0.297037 0.807427
vt 0.321459 0.760204
vt 0.696358 0.696343
vt 0.808954 0.641287
vt 0.805193 0.664541
vt 0.784300 0.671779
vt 0.785729 0.644267
vt 0.763331 0.647822
vt 0.762442 0.673765
vt 0.742276 0.741120
vt 0.739609 0.647377
vt 0.715889 0.647774
vt 0.716786 0.673709
vt 0.694936 0.671695
vt 0.693494 0.644181
vt 0.806875 0.557726
vt 0.810121 0.617205
vt 0.790367 0.607046
vt 0.787575 0.557696
vt 0.763367 0.556090
vt 0.764746 0.603486
vt 0.739627 0.603152
vt 0.739688 0.556093
vt 0.716014 0.556064
vt 0.714496 0.603455
vt 0.688836 0.606971
vt 0.691820 0.557642
vt 0.803405 0.420481
vt 0.802841 0.435733
vt 0.782960 0.432290
vt 0.783371 0.416064
vt 0.759505 0.410786
vt 0.759570 0.428509
vt 0.739756 0.426992
vt 0.739743 0.409699
vt 0.720007 0.410786
vt 0.719946 0.428500
vt 0.696571 0.432245
vt 0.696182 0.416016
vt 0.819305 0.093413
vt 0.797386 0.086157
vt 0.790779 0.072322
vt 0.822344 0.073237
vt 0.265809 0.416173
vt 0.762697 0.377789
vt 0.739788 0.389948
vt 0.275377 0.462947
vt 0.364323 0.097210
vt 0.342669 0.089884
vt 0.336664 0.075169
vt 0.367299 0.076188
vt 0.342559 0.494848
vt 0.342402 0.478170
vt 0.366070 0.480227
vt 0.366198 0.495669
vt 0.352247 0.641476
vt 0.350872 0.589816
vt 0.374237 0.588973
vt 0.374011 0.638442
vt 0.936729 0.462892
vt 0.940585 0.464321
vt 0.946953 0.476690
vt 0.936605 0.482861
vt 0.804780 0.405462
vt 0.824266 0.410023
vt 0.823186 0.423812
vt 0.805355 0.509178
vt 0.825584 0.509339
vt 0.825621 0.554997
vt 0.118742 0.522844
vt 0.058006 0.517789
vt 0.074507 0.510871
vt 0.084702 0.516921
vt 0.822269 0.350445
vt 0.784755 0.399833
vt 0.805305 0.347137
vt 0.793942 0.336256
vt 0.777469 0.322538
vt 0.236211 0.409364
vt 0.220899 0.415267
vt 0.203041 0.415110
vt 0.182178 0.419746
vt 0.685950 0.336155
vt 0.717407 0.377787
vt 0.694840 0.399772
vt 0.674409 0.347030
vt 0.657366 0.350391
vt 0.674734 0.405426
vt 0.637625 0.358046
vt 0.347747 0.415166
vt 0.329799 0.415381
vt 0.314324 0.409429
vt 0.706215 0.336018
vt 0.292514 0.404556
vt 0.870618 0.237836
vt 0.844433 0.293934
vt 0.832214 0.287148
vt 0.858351 0.228645
vt 0.844944 0.223065
vt 0.821107 0.280742
vt 0.243727 0.342391
vt 0.826584 0.212775
vt 0.214622 0.282882
vt 0.224361 0.346790
vt 0.210147 0.349538
vt 0.199596 0.284960
vt 0.184434 0.288656
vt 0.194986 0.352422
vt 0.864110 0.304875
vt 0.163133 0.290367
vt 0.634803 0.222910
vt 0.658751 0.280554
vt 0.647480 0.287052
vt 0.621343 0.228556
vt 0.609012 0.237734
vt 0.635143 0.293889
vt 0.375465 0.356065
vt 0.590820 0.249121
vt 0.366326 0.288752
vt 0.355651 0.352469
vt 0.340563 0.349608
vt 0.351134 0.285011
vt 0.336042 0.282967
vt 0.326383 0.346874
vt 0.678330 0.268182
vt 0.315081 0.275917
vt 0.789900 0.091626
vt 0.894734 0.181072
vt 0.223763 0.023658
vt 0.779683 0.072008
vt 0.205625 0.023651
vt 0.212375 0.030485
vt 0.208733 0.046428
vt 0.818124 0.043214
vt 0.919973 0.054113
vt 0.218394 0.124576
vt 0.231547 0.124829
vt 0.925982 0.076298
vt 0.853028 0.105343
vt 0.173602 0.224408
vt 0.245023 0.044913
vt 0.815784 0.102925
vt 0.335499 0.095534
vt 0.609223 0.166963
vt 0.147562 0.023794
vt 0.325939 0.074804
vt 0.129108 0.019171
vt 0.133886 0.026698
vt 0.125138 0.040618
vt 0.363323 0.044920
vt 0.461211 0.056389
vt 0.114656 0.083148
vt 0.128082 0.110700
vt 0.466974 0.079440
vt 0.396801 0.109583
vt 0.345740 0.218419
vt 0.158805 0.046562
vt 0.361009 0.107136
vt 0.212264 0.093809
vt 0.204982 0.218327
vt 0.226791 0.056935
vt 0.229179 0.093286
vt 0.246067 0.092223
vt 0.255137 0.092099
vt 0.884191 0.095549
vt 0.853655 0.095653
vt 0.854753 0.074189
vt 0.884265 0.075061
vt 0.885799 0.054616
vt 0.855335 0.052709
vt 0.203340 0.068369
vt 0.888472 0.044995
vt 0.116537 0.064410
vt 0.377147 0.224500
vt 0.136900 0.057215
vt 0.135301 0.068971
vt 0.159593 0.072808
vt 0.169578 0.075371
vt 0.426769 0.099419
vt 0.397393 0.099512
vt 0.398467 0.077209
vt 0.426850 0.078134
vt 0.428347 0.056895
vt 0.399054 0.054890
vt 0.111199 0.052142
vt 0.430928 0.046902
vt 0.398347 0.732496
vt 0.353774 0.704759
vt 0.655189 0.607952
vt 0.404645 0.715309
vt 0.625247 0.642548
vt 0.669008 0.617360
vt 0.670290 0.641156
vt 0.629866 0.657272
vt 0.633967 0.675274
vt 0.674058 0.664432
vt 0.345812 0.774768
vt 0.637449 0.692485
vt 0.387906 0.765553
vt 0.346295 0.752641
vt 0.351218 0.728717
vt 0.392980 0.747350
vt 0.854032 0.642643
vt 0.181252 0.694641
vt 0.859345 0.625630
vt 0.152631 0.732602
vt 0.157999 0.747449
vt 0.163074 0.765647
vt 0.167481 0.783084
vt 0.845329 0.675366
vt 0.849419 0.657366
vt 0.462802 0.754848
vt 0.433121 0.744888
vt 0.586158 0.633072
vt 0.469035 0.736153
vt 0.562716 0.661102
vt 0.591598 0.653084
vt 0.596668 0.669873
vt 0.567525 0.676181
vt 0.573571 0.695803
vt 0.602326 0.689166
vt 0.414557 0.801264
vt 0.575415 0.714705
vt 0.450039 0.789809
vt 0.420413 0.781867
vt 0.427222 0.762131
vt 0.457315 0.770152
vt 0.916571 0.661069
vt 0.887682 0.653104
vt 0.112049 0.724515
vt 0.922852 0.642462
vt 0.088177 0.754903
vt 0.117860 0.744959
vt 0.123753 0.762207
vt 0.093657 0.770210
vt 0.100926 0.789871
vt 0.130556 0.781946
vt 0.872833 0.708772
vt 0.104321 0.808576
vt 0.905760 0.695791
vt 0.876995 0.689207
vt 0.882631 0.669903
vt 0.911782 0.676158
vt 0.245118 0.820265
vt 0.256063 0.761423
vt 0.275458 0.816348
vt 0.275456 0.817082
vt 0.305796 0.819611
vt 0.322444 0.827635
vt 0.716707 0.746651
vt 0.742277 0.751635
vt 0.767846 0.746640
vt 0.232576 0.815700
vt 0.789238 0.746868
vt 0.242805 0.909093
vt 0.242913 0.847487
vt 0.275453 0.850080
vt 0.275444 0.899369
vt 0.308078 0.909112
vt 0.307992 0.847504
vt 0.685718 0.768892
vt 0.335635 0.923345
vt 0.710517 0.826756
vt 0.709025 0.772272
vt 0.742280 0.767854
vt 0.742288 0.823907
vt 0.774059 0.826743
vt 0.775535 0.772258
vt 0.216918 0.852154
vt 0.800161 0.835727
vt 0.803587 0.472219
vt 0.184266 0.511368
vt 0.823748 0.473030
vt 0.786007 0.508646
vt 0.783967 0.470951
vt 0.760849 0.468488
vt 0.762764 0.507838
vt 0.739729 0.507585
vt 0.739749 0.469813
vt 0.718652 0.468468
vt 0.716699 0.507812
vt 0.693463 0.508589
vt 0.695538 0.470900
vt 0.347089 0.550471
vt 0.343449 0.511536
vt 0.656251 0.437958
vt 0.370672 0.549455
vt 0.305626 0.550928
vt 0.300328 0.509969
vt 0.323635 0.511057
vt 0.326613 0.553291
vt 0.245263 0.550946
vt 0.250519 0.509979
vt 0.275426 0.509223
vt 0.275447 0.553833
vt 0.203857 0.550446
vt 0.207534 0.511493
vt 0.227207 0.511082
vt 0.224277 0.553331
vt 0.296688 0.941095
vt 0.317831 0.963343
vt 0.722395 0.859395
vt 0.742293 0.859091
vt 0.762190 0.859387
vt 0.672412 0.557619
vt 0.673996 0.509116
vt 0.676597 0.435714
vt 0.676064 0.420456
vt 0.798456 0.058765
vt 0.820876 0.052919
vt 0.343747 0.061021
vt 0.365907 0.055032
vt 0.963235 0.483911
vt 0.902883 0.489040
vt 0.909072 0.482168
vt 0.925033 0.475729
vt 0.931354 0.463643
vt 0.080884 0.498420
vt 0.084741 0.496992
vt 0.090126 0.497750
vt 0.096539 0.509638
vt 0.112499 0.516024
vt 0.245369 0.109349
vt 0.249130 0.116712
vt 0.914174 0.091435
vt 0.914507 0.075957
vt 0.915392 0.060496
vt 0.143488 0.116794
vt 0.145270 0.126440
vt 0.455609 0.095160
vt 0.455938 0.079081
vt 0.456800 0.063019
vt 0.982240 0.434188
vt 0.963585 0.427947
vt 0.946509 0.423110
vt 0.890921 0.433118
vt 0.882130 0.436526
vt 0.926679 0.423006
vt 0.909612 0.427375
vt 0.937930 0.422313
vt 0.075163 0.457134
vt 0.058225 0.461798
vt 0.039557 0.467684
vt 0.094859 0.456979
vt 0.083682 0.456346
vt 0.130564 0.466891
vt 0.111877 0.461251
vt 0.033116 0.470128
vt 0.675805 0.472192
vt 0.653419 0.509254
vt 0.655248 0.472962
vt 0.367019 0.511392
vt 0.176921 0.588998
vt 0.180547 0.549455
vt 0.822760 0.437993
vt 0.233028 0.963316
vt 0.215241 0.923308
vt 0.798841 0.768868
vt 0.699605 0.875602
vt 0.684417 0.835751
vt 0.333987 0.852188
vt 0.228471 0.827609
vt 0.254212 0.785439
vt 0.759269 0.697501
vt 0.785216 0.736222
vt 0.695315 0.746888
vt 0.719972 0.697428
vt 0.296799 0.785396
vt 0.318344 0.815723
vt 0.903939 0.714697
vt 0.136407 0.801345
vt 0.081951 0.736203
vt 0.893090 0.633076
vt 0.446638 0.808511
vt 0.606509 0.708725
vt 0.556410 0.642507
vt 0.438944 0.724452
vt 0.841861 0.692578
vt 0.205190 0.774839
vt 0.146366 0.715395
vt 0.823906 0.608060
vt 0.383498 0.782992
vt 0.673752 0.685953
vt 0.619881 0.625562
vt 0.369876 0.694574
vt 0.624476 0.158216
vt 0.327082 0.211968
vt 0.653476 0.212425
vt 0.306569 0.342322
vt 0.153133 0.050558
vt 0.361352 0.222428
vt 0.125968 0.045756
vt 0.396618 0.225899
vt 0.569871 0.190223
vt 0.388031 0.290471
vt 0.615162 0.304972
vt 0.596954 0.173816
vt 0.584932 0.180968
vt 0.909456 0.190131
vt 0.154402 0.225852
vt 0.888489 0.249012
vt 0.175675 0.355943
vt 0.241882 0.047343
vt 0.189385 0.222364
vt 0.213528 0.046751
vt 0.223402 0.212053
vt 0.855547 0.158550
vt 0.235225 0.276013
vt 0.801766 0.268578
vt 0.882733 0.173912
vt 0.870470 0.167071
vt 0.702590 0.322102
vt 0.284431 0.416033
vt 0.369025 0.419829
vt 0.654789 0.409992
vt 0.841623 0.358035
vt 0.185243 0.480200
vt 0.257695 0.404697
vt 0.773758 0.336466
vt 0.177136 0.638471
vt 0.185108 0.495641
vt 0.653403 0.554919
vt 0.655840 0.423782
vt 0.740026 0.329135
vt 0.739609 0.679991
vt 0.717946 0.727940
vt 0.321543 0.784229
vt 0.275425 0.981496
vt 0.229466 0.784279
vt 0.766602 0.727930
vt 0.275513 0.766895
vt 0.294962 0.761394
vt 0.158494 0.031032
vt 0.235614 0.029385
vt 0.253884 0.807420
vt 0.968218 0.693073
vt 0.970279 0.686813
vt 0.964692 0.720144
vt 0.041234 0.817480
vt 0.965692 0.701614
vt 0.035620 0.790589
vt 0.038855 0.799577
vt 0.026837 0.766821
vt 0.976742 0.669618
vt 0.033170 0.783659
vt 0.515345 0.790561
vt 0.512107 0.799546
vt 0.509721 0.817448
vt 0.514670 0.720260
vt 0.513647 0.701731
vt 0.511110 0.693195
vt 0.509040 0.686939
vt 0.502555 0.669755
vt 0.524137 0.766797
vt 0.517798 0.783632
vt 0.052820 0.522857
vt 0.139366 0.470253
vt 0.968347 0.489050
vt 0.988625 0.436785
vt 0.108883 0.091107
vt 0.106409 0.062482
vt 0.399209 0.044805
vt 0.459518 0.102060
vt 0.428604 0.109556
vt 0.167704 0.057128
vt 0.215342 0.132259
vt 0.203222 0.094543
vt 0.855471 0.043005
vt 0.918242 0.098075
vt 0.886101 0.105305
vt 0.255511 0.067846
vt 0.169019 0.047690
vt 0.166893 0.025823
vt 0.125973 0.120002
vt 0.337008 0.054912
vt 0.115292 0.038211
vt 0.149847 0.015689
vt 0.254586 0.043904
vt 0.241676 0.021944
vt 0.231922 0.132778
vt 0.791425 0.052872
vt 0.199112 0.046316
vt 0.223332 0.014444
vn -0.432024 0.057074 0.900054
vn -0.432024 0.057074 0.900054
vn -0.197799 -0.154663 0.967964
vn -0.250613 -0.109904 0.961829
vn -0.120765 -0.369265 0.921444
vn 0.210406 0.024412 0.977309
vn -0.052438 -0.550390 0.833260
vn -0.279129 -0.484654 0.828974
vn -0.051875 -0.608968 0.791496
vn -0.157347 -0.629022 0.761297
vn 0.134328 -0.577454 0.805296
vn 0.104787 -0.587006 0.802772
vn -0.867822 -0.080602 0.490294
vn -0.848251 -0.264843 0.458617
vn -0.585879 -0.392663 0.708916
vn -0.599072 -0.213526 0.771700
vn -0.195149 -0.249493 0.948510
vn -0.210400 -0.488506 0.846814
vn 0.039013 -0.466207 0.883815
vn 0.065628 -0.234908 0.969800
vn 0.329075 -0.207378 0.921251
vn 0.315117 -0.381359 0.869061
vn 0.661548 -0.244302 0.708993
vn 0.693391 -0.121617 0.710224
vn -0.067117 -0.280899 0.957388
vn -0.442560 -0.317683 0.838581
vn -0.545401 -0.163196 0.822135
vn -0.243686 -0.095448 0.965146
vn -0.062772 0.002000 0.998026
vn -0.094489 -0.167078 0.981405
vn 0.068755 -0.154853 0.985542
vn 0.061112 -0.014419 0.998027
vn 0.172918 0.018352 0.984765
vn 0.238111 -0.135961 0.961675
vn 0.654698 -0.064207 0.753158
vn 0.356811 -0.068983 0.931626
vn -0.816135 0.481141 0.320042
vn -0.590118 0.229043 0.774145
vn -0.304766 0.447025 0.841003
vn -0.437377 0.830518 0.344879
vn -0.640096 0.766544 0.051852
vn -0.492728 0.456902 0.740581
vn 0.018485 0.482153 0.875892
vn -0.011550 0.976699 0.214301
vn 0.409455 0.859574 0.305743
vn 0.135981 0.383925 0.913297
vn 0.319684 0.451764 0.832893
vn 0.320394 0.863676 0.389117
vn -0.439024 0.189936 -0.878170
vn -0.819998 0.497751 -0.282573
vn -0.517171 0.794064 -0.319368
vn -0.357390 0.379783 -0.853251
vn -0.181214 0.461611 -0.868376
vn -0.283577 0.758810 -0.586338
vn -0.100581 0.616824 -0.780649
vn -0.094921 0.460222 -0.882715
vn 0.041111 0.486235 -0.872860
vn 0.124732 0.780406 -0.612706
vn 0.358273 0.888523 -0.286650
vn 0.291745 0.449151 -0.844481
vn -0.884671 0.270372 -0.379810
vn -0.600217 0.115807 -0.791410
vn -0.482933 0.311691 -0.818306
vn -0.427279 0.380468 -0.820169
vn -0.129886 0.383328 -0.914434
vn -0.155885 0.340331 -0.927294
vn -0.084345 0.340833 -0.936333
vn -0.074413 0.371370 -0.925498
vn -0.011240 0.373487 -0.927567
vn 0.009236 0.356229 -0.934353
vn 0.379656 0.391058 -0.838412
vn 0.304013 0.407378 -0.861173
vn -0.663678 -0.048169 -0.746466
vn -0.670960 0.046415 -0.740039
vn -0.121624 0.095664 -0.987955
vn -0.103951 -0.005566 -0.994567
vn 0.125823 0.001676 -0.992051
vn 0.101608 0.089003 -0.990835
vn 0.134934 0.066265 -0.988636
vn 0.165713 0.009165 -0.986132
vn 0.113614 0.083033 -0.990049
vn 0.120111 0.064871 -0.990639
vn 0.282216 0.071317 -0.956697
vn 0.204181 0.163639 -0.965159
vn -0.028305 -0.985152 -0.169338
vn -0.029825 -0.977198 -0.210227
vn -0.010952 -0.977091 -0.212538
vn -0.010161 -0.984569 -0.174704
vn 0.961388 -0.260807 0.087824
vn 0.720133 -0.512155 -0.468086
vn -0.107011 -0.500714 -0.858973
vn 0.217216 -0.906663 0.361636
vn -0.154076 0.560660 -0.813585
vn -0.161390 0.619422 -0.768290
vn -0.162493 0.619652 -0.767872
vn -0.153652 0.564724 -0.810850
vn 0.982953 -0.146283 0.111376
vn 0.982953 -0.146283 0.111376
vn 0.982953 -0.146283 0.111376
vn 0.982953 -0.146283 0.111376
vn 0.911084 0.041774 0.410099
vn 0.900705 -0.118704 0.417900
vn 0.998691 0.026535 -0.043730
vn 0.981775 0.184459 0.045741
vn 0.218318 -0.975418 0.029933
vn 0.218314 -0.975420 0.029932
vn 0.218314 -0.975419 0.029932
vn 0.218318 -0.975418 0.029933
vn -0.918589 -0.187659 -0.347820
vn -0.918589 -0.187659 -0.347820
vn -0.918589 -0.187659 -0.347820
vn -0.918589 -0.187659 -0.347820
vn -0.794402 0.247264 -0.554785
vn -0.998393 -0.052996 0.020085
vn -0.989599 0.069356 0.126035
vn 0.009447 -0.435006 0.900378
vn 0.009445 -0.435009 0.900377
vn 0.009445 -0.435009 0.900377
vn 0.009447 -0.435006 0.900378
vn -0.239286 -0.408688 -0.880748
vn -0.273175 -0.382614 -0.882600
vn 0.016703 -0.397660 -0.917381
vn 0.096051 -0.407303 -0.908228
vn 0.982384 -0.130880 -0.133390
vn 0.985413 -0.111409 -0.128645
vn 0.659400 0.267035 0.702769
vn -0.119311 0.373975 0.919732
vn -0.111988 0.359832 0.926272
vn -0.992200 -0.084245 0.091885
vn -0.992045 -0.085148 0.092719
vn -0.992045 -0.085148 0.092719
vn -0.992176 -0.084387 0.092016
vn -0.462748 0.367127 -0.806897
vn -0.465444 0.417212 -0.780574
vn -0.053523 0.471912 -0.880020
vn -0.137179 0.421474 -0.896405
vn 0.941150 0.092896 -0.324972
vn 0.947827 0.088542 -0.306242
vn 0.947827 0.088542 -0.306242
vn 0.940903 0.093051 -0.325641
vn 0.485261 -0.446926 0.751517
vn 0.427644 -0.439469 0.789929
vn 0.076455 -0.492390 0.867010
vn 0.121918 -0.503934 0.855095
vn -0.610352 -0.448016 0.653262
vn -0.945553 -0.324678 -0.022653
vn -0.904100 -0.307350 0.296881
vn -0.851524 0.216165 -0.477681
vn -0.887529 0.229315 -0.399635
vn -0.038475 0.654195 -0.755347
vn -0.064661 0.548168 -0.833865
vn 0.765621 0.419297 -0.487867
vn 0.853116 0.397920 -0.337421
vn 0.980944 0.076571 0.178567
vn 0.992209 0.124339 0.007827
vn 0.838623 -0.179534 0.514276
vn 0.691093 -0.212693 0.690762
vn 0.020446 -0.415198 0.909501
vn 0.062471 -0.502672 0.862217
vn -0.755998 -0.417969 0.503755
vn -0.662866 -0.389941 0.639184
vn -0.987122 -0.144864 0.067862
vn -0.989381 -0.145320 0.002852
vn -0.586010 -0.252943 0.769813
vn 0.027932 -0.590601 0.806480
vn 0.120985 -0.649373 0.750785
vn 0.033784 -0.153375 0.987590
vn 0.617982 -0.101759 0.779579
vn 0.189690 -0.562379 0.804828
vn 0.974179 -0.138958 -0.177950
vn 0.990721 0.112114 0.076831
vn 0.528359 -0.214156 -0.821568
vn 0.143984 -0.570048 -0.808897
vn 0.003704 -0.608564 -0.793496
vn -0.030182 -0.313787 -0.949014
vn -0.491969 -0.342225 -0.800530
vn -0.132320 -0.617846 -0.775086
vn -0.742494 -0.455417 -0.491221
vn -0.981219 -0.166284 -0.097775
vn -0.543963 0.471100 -0.694384
vn -0.543963 0.471100 -0.694384
vn -0.060453 0.542166 -0.838094
vn -0.071879 0.542114 -0.837225
vn 0.911293 0.338724 -0.234118
vn 0.911293 0.338724 -0.234118
vn 0.911293 0.338724 -0.234118
vn 0.911293 0.338724 -0.234118
vn 0.115291 0.968375 0.221264
vn 0.115291 0.968375 0.221264
vn 0.028380 0.972340 0.231839
vn 0.028407 0.972340 0.231836
vn -0.804871 0.544168 0.236777
vn -0.804871 0.544168 0.236777
vn -0.804871 0.544168 0.236777
vn -0.804871 0.544168 0.236777
vn -0.478642 0.306292 0.822853
vn -0.478642 0.306292 0.822853
vn -0.067442 0.441971 0.894491
vn -0.074429 0.440401 0.894711
vn 0.921476 0.179547 0.344447
vn 0.921476 0.179547 0.344447
vn 0.921476 0.179547 0.344447
vn 0.921477 0.179547 0.344447
vn 0.281238 -0.687293 0.669727
vn 0.281238 -0.687293 0.669727
vn 0.197369 -0.711173 0.674743
vn 0.197374 -0.711172 0.674743
vn -0.683449 -0.559716 0.468632
vn -0.683449 -0.559716 0.468632
vn -0.683449 -0.559716 0.468632
vn -0.683449 -0.559716 0.468632
vn -0.031534 0.999115 0.027845
vn -0.031534 0.999115 0.027845
vn 0.002362 0.999783 0.020721
vn 0.002145 0.999782 0.020767
vn -0.902288 0.430605 0.021335
vn -0.902288 0.430605 0.021335
vn -0.902288 0.430605 0.021335
vn -0.902288 0.430605 0.021335
vn -0.006826 -0.999969 0.004011
vn -0.017742 -0.997063 -0.074507
vn -0.005719 -0.996957 -0.077749
vn -0.001345 -0.999998 0.001286
vn 0.994883 -0.000243 -0.101038
vn 0.995223 0.002317 -0.097597
vn 0.995247 0.002498 -0.097354
vn 0.994883 -0.000243 -0.101038
vn 0.114804 -0.427305 0.896789
vn 0.114804 -0.427305 0.896789
vn 0.123372 -0.422745 0.897812
vn 0.123354 -0.422755 0.897809
vn -0.821114 -0.346457 0.453585
vn -0.821114 -0.346457 0.453585
vn -0.821114 -0.346457 0.453585
vn -0.821114 -0.346457 0.453585
vn -0.134271 0.450346 -0.882700
vn -0.142187 0.488721 -0.860775
vn -0.141344 0.490151 -0.860101
vn -0.134729 0.450577 -0.882513
vn 0.970896 0.237920 -0.027461
vn 0.971306 0.236462 -0.025508
vn 0.971296 0.236496 -0.025555
vn 0.970896 0.237920 -0.027461
vn -0.671745 -0.731928 0.114188
vn 0.803460 -0.288670 0.520694
vn -0.922781 -0.305289 -0.235105
vn -0.940817 -0.075223 -0.330461
vn -0.609528 0.548460 -0.572423
vn 0.407740 0.503402 -0.761797
vn 0.206200 0.670621 -0.712565
vn -0.047101 0.845686 -0.531599
vn 0.674677 0.737114 -0.038388
vn 0.717485 0.696213 0.022410
vn 0.790359 0.414836 0.450826
vn 0.873016 0.223129 0.433655
vn 0.676922 -0.371791 0.635254
vn 0.656454 0.000661 0.754366
vn 0.403433 -0.584563 0.703937
vn 0.104441 -0.851007 0.514664
vn 0.401541 -0.111280 -0.909056
vn 0.898800 -0.321035 -0.298487
vn 0.897080 -0.275076 -0.345803
vn 0.797935 -0.373706 0.472910
vn 0.224400 -0.295990 0.928458
vn -0.552319 0.103312 0.827206
vn -0.883485 0.381435 0.271959
vn -0.807334 0.361653 -0.466282
vn -0.222070 0.114512 -0.968283
vn -0.953849 -0.165012 0.250886
vn -0.939576 -0.279470 0.197721
vn -0.890943 -0.011837 -0.453961
vn -0.890714 -0.218766 -0.398459
vn -0.442851 -0.133687 -0.886572
vn -0.367473 0.325714 -0.871134
vn 0.253053 0.540804 -0.802182
vn 0.390167 0.030210 -0.920249
vn 0.947795 0.010952 -0.318692
vn 0.756568 0.520466 -0.395879
vn 0.926923 0.115858 0.356918
vn 0.929675 -0.047632 0.365289
vn 0.524711 -0.019757 0.851051
vn 0.639364 -0.147595 0.754605
vn -0.283848 -0.432004 0.856039
vn -0.383461 -0.005127 0.923543
vn 0.441183 -0.805346 -0.395950
vn 0.254524 -0.542432 -0.800616
vn 0.855043 -0.320354 -0.407767
vn 0.911535 -0.369249 -0.180997
vn 0.968092 0.243185 0.060489
vn 0.985979 0.085624 0.143229
vn 0.359738 0.530895 0.767293
vn 0.362165 0.865098 0.347048
vn -0.509794 0.695691 0.506088
vn -0.633633 0.476790 0.609246
vn -0.928518 0.270475 0.254356
vn -0.892709 0.210164 0.398625
vn -0.922381 -0.386282 -0.000784
vn -0.825770 -0.108583 -0.553457
vn -0.354444 -0.388546 -0.850530
vn -0.395105 -0.830350 -0.392951
vn -0.493380 -0.564918 0.661395
vn -0.493380 -0.564918 0.661395
vn -0.493380 -0.564918 0.661395
vn -0.493380 -0.564918 0.661395
vn 0.948253 -0.295769 0.115485
vn 0.948253 -0.295769 0.115485
vn 0.982297 -0.186859 -0.013275
vn 0.579730 -0.339905 -0.740525
vn -0.101368 0.365668 -0.925209
vn -0.052844 -0.127705 -0.990403
vn -0.664238 -0.342685 -0.664346
vn -0.519314 0.777118 0.355528
vn -0.964630 -0.236606 0.116218
vn -0.713553 0.068563 0.697238
vn -0.643322 -0.160393 0.748606
vn 0.035423 -0.144904 0.988811
vn 0.029959 0.079221 0.996407
vn 0.756114 0.105416 0.645894
vn 0.703644 -0.141016 0.696420
vn 0.981656 -0.178178 0.067851
vn 0.988811 0.149138 -0.003395
vn 0.669979 0.023436 -0.742010
vn 0.649028 -0.225959 -0.726433
vn -0.026526 -0.234767 -0.971690
vn -0.027886 -0.121031 -0.992257
vn -0.710135 -0.009808 -0.703998
vn -0.693574 -0.238716 -0.679684
vn -0.970416 -0.197583 0.138757
vn -0.993764 0.098274 0.052681
vn -0.689420 0.183398 -0.700760
vn -0.988149 -0.044563 -0.146885
vn -0.990131 -0.033463 -0.136095
vn -0.307989 0.405526 -0.860634
vn -0.175647 0.277806 -0.944443
vn 0.034505 0.247858 -0.968182
vn -0.069426 0.398847 -0.914385
vn -0.027462 0.352899 -0.935258
vn 0.062536 0.200207 -0.977756
vn 0.091983 0.138066 -0.986143
vn 0.019814 0.313110 -0.949510
vn 0.246409 0.285433 -0.926181
vn 0.292143 0.103163 -0.950794
vn 0.824748 -0.186131 0.533991
vn 0.760339 -0.219310 0.611381
vn 0.991201 -0.116925 0.062043
vn 0.995522 -0.090391 0.027668
vn 0.092092 -0.485359 0.869452
vn -0.012484 -0.365215 0.930840
vn 0.281620 -0.318534 0.905111
vn 0.448283 -0.337419 0.827763
vn -0.251197 -0.562760 0.787529
vn -0.211405 -0.390720 0.895905
vn -0.123339 -0.383298 0.915353
vn -0.067178 -0.587019 0.806781
vn -0.895517 -0.237002 0.376669
vn -0.894429 -0.153080 0.420194
vn -0.491054 -0.308180 0.814795
vn -0.566338 -0.443574 0.694625
vn -0.197454 -0.397429 0.896137
vn -0.370763 -0.295221 0.880556
vn -0.880778 -0.145295 0.450687
vn -0.018307 -0.574318 0.818428
vn -0.030788 -0.385924 0.922017
vn -0.144423 -0.394845 0.907325
vn 0.356599 -0.485285 0.798333
vn 0.356599 -0.485285 0.798333
vn 0.768579 -0.278335 0.576034
vn 0.205792 -0.382031 0.900945
vn -0.096677 0.363815 0.926441
vn 0.044756 0.150277 0.987630
vn 0.538615 0.493480 0.682914
vn 0.603926 0.796804 0.019393
vn 0.494902 0.672645 -0.550110
vn -0.032508 0.722580 -0.690523
vn -0.528502 0.669360 -0.522152
vn 0.804450 0.361334 -0.471486
vn 0.742550 0.202432 -0.638467
vn 0.150026 -0.315574 -0.936966
vn 0.069482 -0.282602 -0.956717
vn 0.027852 -0.273990 -0.961329
vn -0.297437 -0.189551 -0.935736
vn -0.297437 -0.189551 -0.935736
vn -0.032088 0.072917 -0.996822
vn -0.778129 -0.269641 -0.567282
vn 0.160926 -0.066940 -0.984694
vn -0.006200 -0.312287 -0.949968
vn 0.813699 -0.017597 -0.581020
vn 0.753405 0.061108 -0.654711
vn 0.329035 0.400109 -0.855365
vn 0.329036 0.400109 -0.855365
vn -0.012413 0.223488 -0.974628
vn 0.105164 0.288595 -0.951658
vn 0.007756 -0.976638 -0.214753
vn 0.008049 -0.984345 -0.176069
vn 0.006359 -0.996638 -0.081682
vn -0.163621 0.619886 -0.767444
vn -0.152364 0.563736 -0.811780
vn -0.140571 0.492043 -0.859147
vn 0.956251 -0.012391 -0.292286
vn 0.956251 -0.012391 -0.292286
vn 0.956251 -0.012391 -0.292286
vn 0.956251 -0.012391 -0.292286
vn 0.992894 -0.118987 -0.002108
vn 0.951841 0.294915 0.083806
vn 0.218317 -0.975419 0.029928
vn 0.218317 -0.975419 0.029928
vn 0.218318 -0.975419 0.029931
vn 0.218318 -0.975419 0.029931
vn 0.218319 -0.975418 0.029934
vn 0.218319 -0.975418 0.029934
vn 0.218322 -0.975418 0.029934
vn 0.218321 -0.975418 0.029934
vn -0.986392 -0.123486 0.108541
vn -0.986392 -0.123486 0.108541
vn -0.986392 -0.123486 0.108541
vn -0.986392 -0.123486 0.108541
vn -0.983927 -0.084487 -0.157318
vn -0.968448 0.175049 0.177389
vn 0.009461 -0.435004 0.900379
vn 0.009461 -0.435004 0.900379
vn 0.009448 -0.435002 0.900380
vn 0.009449 -0.435002 0.900380
vn 0.009441 -0.435001 0.900380
vn 0.009441 -0.435001 0.900380
vn 0.009449 -0.435003 0.900379
vn 0.009449 -0.435004 0.900379
vn 0.422337 -0.360468 -0.831682
vn 0.451970 -0.361953 -0.815299
vn 0.486055 -0.363165 -0.794897
vn 0.128048 -0.427540 -0.894882
vn -0.205130 -0.433889 -0.877304
vn 0.917883 0.088308 0.386902
vn 0.921328 0.150552 0.358454
vn 0.921328 0.150552 0.358454
vn 0.992194 -0.051195 -0.113711
vn 0.992194 -0.051195 -0.113711
vn -0.450945 0.317582 0.834141
vn -0.516893 0.281759 0.808352
vn -0.571055 0.249501 0.782077
vn -0.141022 0.336020 0.931237
vn 0.375583 0.346673 0.859509
vn -0.924435 -0.236961 -0.298779
vn -0.924435 -0.236961 -0.298779
vn -0.931408 -0.230403 -0.281769
vn -0.932207 -0.229624 -0.279756
vn -0.939021 -0.222719 -0.261984
vn -0.939021 -0.222719 -0.261984
vn -0.992341 -0.083412 0.091116
vn -0.992341 -0.083412 0.091116
vn 0.257860 0.457397 -0.851056
vn 0.193840 0.402405 -0.894705
vn 0.134907 0.349970 -0.926996
vn -0.157254 0.347125 -0.924541
vn -0.458063 0.310630 -0.832879
vn 0.995852 -0.079855 0.043614
vn 0.995852 -0.079855 0.043614
vn 0.997112 -0.073012 0.020908
vn 0.997048 -0.073450 0.022359
vn 0.997852 -0.065371 -0.004300
vn 0.997852 -0.065371 -0.004300
vn 0.933506 0.097551 -0.345037
vn 0.933506 0.097551 -0.345037
vn -0.294850 -0.505011 0.811188
vn 0.150269 -0.525495 0.837421
vn 0.534881 -0.451766 0.714009
vn -0.985303 -0.040919 -0.165840
vn -0.986376 -0.037617 -0.160146
vn -0.994191 -0.007146 -0.107396
vn -0.994191 -0.007146 -0.107396
vn -0.911655 -0.238784 0.334465
vn -0.911655 -0.238784 0.334465
vn 0.748817 0.382771 -0.541073
vn -0.037951 0.484942 -0.873723
vn -0.827967 0.183680 -0.529841
vn 0.940421 -0.135397 0.311890
vn 0.985230 0.142928 -0.094303
vn -0.804934 -0.452072 0.384333
vn 0.156292 -0.600173 0.784452
vn -0.987259 -0.153983 -0.040117
vn 0.678136 0.213209 0.703330
vn -0.003707 0.160994 0.986948
vn -0.707375 0.022523 0.706480
vn 0.907794 0.187442 -0.375201
vn 0.969988 0.178810 0.164774
vn -0.856673 -0.006777 -0.515815
vn -0.038004 0.201891 -0.978670
vn -0.992372 -0.083272 0.090906
vn 0.400614 0.483303 -0.778413
vn 0.400614 0.483303 -0.778413
vn 0.416271 0.123987 -0.900747
vn 0.416271 0.123987 -0.900747
vn -0.082876 0.137279 -0.987059
vn -0.078110 0.137319 -0.987442
vn -0.572857 0.114206 -0.811660
vn -0.572857 0.114206 -0.811660
vn 0.837581 0.537529 0.097575
vn 0.837581 0.537529 0.097576
vn 0.837581 0.537529 0.097575
vn 0.837581 0.537529 0.097575
vn 0.995526 0.004719 -0.094366
vn 0.995526 0.004719 -0.094366
vn 0.946044 0.034829 -0.322162
vn 0.946044 0.034829 -0.322162
vn 0.946044 0.034829 -0.322162
vn 0.946044 0.034829 -0.322162
vn -0.058621 0.968847 0.240621
vn -0.058621 0.968847 0.240621
vn 0.046938 -0.421696 0.905522
vn 0.046938 -0.421696 0.905522
vn 0.092512 -0.422208 0.901766
vn 0.092496 -0.422208 0.901767
vn 0.137835 -0.421839 0.896132
vn 0.137835 -0.421839 0.896133
vn -0.943426 0.325026 -0.065621
vn -0.943426 0.325026 -0.065621
vn -0.943426 0.325026 -0.065621
vn -0.943426 0.325026 -0.065621
vn -0.989064 0.022292 -0.145790
vn -0.989064 0.022292 -0.145790
vn -0.989064 0.022292 -0.145790
vn -0.989064 0.022292 -0.145790
vn -0.995839 -0.004181 0.091031
vn -0.995478 -0.002221 0.094962
vn -0.995499 -0.002328 0.094748
vn -0.995839 -0.004181 0.091031
vn 0.329875 0.492088 0.805625
vn 0.329875 0.492088 0.805625
vn 0.278716 0.789103 0.547389
vn 0.278716 0.789103 0.547389
vn -0.159924 0.769797 0.617929
vn -0.159016 0.770002 0.617909
vn -0.572205 0.594779 0.564641
vn -0.572205 0.594779 0.564641
vn 0.887997 -0.184696 0.421128
vn 0.887997 -0.184696 0.421128
vn 0.887997 -0.184696 0.421128
vn 0.887997 -0.184696 0.421128
vn 0.971670 0.235147 -0.023749
vn 0.971670 0.235147 -0.023749
vn 0.902993 0.412670 0.119616
vn 0.902993 0.412670 0.119616
vn 0.902993 0.412670 0.119616
vn 0.902993 0.412670 0.119616
vn 0.112000 -0.729627 0.674611
vn 0.112000 -0.729627 0.674611
vn 0.057282 -0.516258 -0.854515
vn 0.057282 -0.516258 -0.854515
vn 0.101785 -0.505676 -0.856698
vn 0.101782 -0.505677 -0.856698
vn 0.146071 -0.494035 -0.857084
vn 0.146071 -0.494035 -0.857084
vn -0.891052 -0.268576 0.365915
vn -0.891052 -0.268576 0.365915
vn -0.891052 -0.268576 0.365915
vn -0.891052 -0.268576 0.365915
vn -0.987756 -0.053073 0.146703
vn -0.987756 -0.053073 0.146703
vn -0.987756 -0.053073 0.146703
vn -0.987756 -0.053073 0.146703
vn -0.971632 -0.235173 0.024979
vn -0.971292 -0.236437 0.026239
vn -0.971284 -0.236470 0.026271
vn -0.971632 -0.235173 0.024979
vn 0.035938 0.999261 0.013639
vn 0.035938 0.999261 0.013639
vn -0.093919 0.995524 -0.010514
vn -0.093919 0.995524 -0.010514
vn 0.002721 0.999778 -0.020895
vn 0.002579 0.999779 -0.020880
vn 0.099399 0.994562 -0.031086
vn 0.099399 0.994562 -0.031086
vn -0.995068 -0.000107 0.099200
vn -0.995068 -0.000107 0.099200
vn -0.949290 -0.223144 0.221485
vn -0.949290 -0.223144 0.221485
vn -0.949290 -0.223144 0.221485
vn -0.949290 -0.223144 0.221485
vn -0.829508 0.556158 0.051032
vn -0.829508 0.556158 0.051032
vn -0.829508 0.556158 0.051032
vn -0.829508 0.556158 0.051032
vn 0.004200 -0.999990 -0.001471
vn 0.103395 -0.984046 0.144783
vn 0.103395 -0.984046 0.144783
vn 0.011861 -0.987829 0.155090
vn 0.011962 -0.987830 0.155080
vn -0.079722 -0.983221 0.164075
vn -0.079722 -0.983221 0.164075
vn 0.891487 0.424747 -0.157610
vn 0.891487 0.424747 -0.157610
vn 0.891487 0.424747 -0.157610
vn 0.891487 0.424747 -0.157610
vn 0.825539 0.550842 -0.122711
vn 0.825539 0.550842 -0.122711
vn 0.825539 0.550842 -0.122711
vn 0.825539 0.550842 -0.122711
vn 0.972752 -0.230899 0.020939
vn 0.972752 -0.230899 0.020939
vn 0.972752 -0.230900 0.020939
vn 0.972752 -0.230899 0.020939
vn 0.131820 -0.418205 0.898737
vn 0.131820 -0.418205 0.898737
vn 0.056851 -0.539713 0.839927
vn 0.056851 -0.539713 0.839927
vn 0.151882 -0.519881 0.840628
vn 0.151751 -0.519912 0.840633
vn 0.245680 -0.495091 0.833382
vn 0.245680 -0.495091 0.833382
vn -0.970913 -0.237834 0.027631
vn -0.970913 -0.237834 0.027631
vn -0.950474 -0.211380 -0.227857
vn -0.950474 -0.211380 -0.227857
vn -0.950474 -0.211380 -0.227857
vn -0.950474 -0.211380 -0.227857
vn -0.729312 -0.467239 0.499792
vn -0.729312 -0.467239 0.499792
vn -0.729312 -0.467239 0.499792
vn -0.729312 -0.467239 0.499792
vn -0.135187 0.450807 -0.882325
vn -0.035025 0.422635 -0.905623
vn -0.035025 0.422635 -0.905623
vn -0.125171 0.401224 -0.907387
vn -0.125276 0.401197 -0.907385
vn -0.213971 0.376449 -0.901389
vn -0.213971 0.376449 -0.901389
vn 0.911143 0.079837 0.404282
vn 0.911143 0.079837 0.404282
vn 0.911143 0.079837 0.404282
vn 0.911143 0.079837 0.404282
vn 0.889714 -0.064662 0.451915
vn 0.889714 -0.064662 0.451915
vn 0.889714 -0.064662 0.451915
vn 0.889714 -0.064662 0.451915
vn 0.924413 0.257154 -0.281660
vn 0.924413 0.257154 -0.281660
vn 0.924413 0.257154 -0.281660
vn 0.924413 0.257154 -0.281660
vn -0.513823 -0.211852 -0.831327
vn -0.879655 -0.280408 -0.384158
vn -0.949861 -0.233405 0.208051
vn 0.972807 -0.038544 -0.228389
vn 0.374558 -0.022593 -0.926928
vn 0.517922 -0.060108 0.853313
vn 0.924446 -0.068485 0.375114
vn -0.397118 -0.064803 0.915477
vn 0.980608 0.168104 0.100738
vn 0.914646 -0.386332 -0.119041
vn 0.536557 -0.785442 -0.308524
vn -0.492436 0.676292 0.547846
vn 0.399611 0.825583 0.398401
vn -0.939651 -0.317994 0.126234
vn -0.882238 0.213355 0.419685
vn -0.360433 -0.871917 -0.331436
vn 0.618128 -0.522711 0.587104
vn 0.618128 -0.522711 0.587104
vn 0.618128 -0.522711 0.587104
vn 0.618128 -0.522711 0.587104
vn 0.714687 -0.472667 0.515566
vn 0.038596 -0.461584 0.886257
vn -0.651100 -0.466391 0.598789
vn 0.754559 -0.655189 0.036999
vn -0.896720 -0.359461 0.258226
vn -0.896720 -0.359461 0.258226
vn -0.764527 -0.629531 0.138527
vn 0.795703 0.018366 -0.605409
vn -0.394854 -0.016204 0.918601
vn -0.863364 -0.142282 0.484106
vn -0.863364 -0.142282 0.484106
vn -0.394054 -0.016016 0.918948
vn -0.939227 -0.210728 -0.271011
vn -0.939227 -0.210728 -0.271011
vn -0.939227 -0.210728 -0.271011
vn -0.939227 -0.210728 -0.271011
vn -0.846303 -0.198051 -0.494517
vn -0.846303 -0.198051 -0.494517
vn -0.846303 -0.198051 -0.494517
vn -0.846303 -0.198051 -0.494517
vn -0.144225 -0.033111 -0.988991
vn 0.378013 0.089470 -0.921467
vn 0.378045 0.089478 -0.921453
vn -0.144225 -0.033111 -0.988991
vn 0.694607 0.163644 -0.700530
vn 0.694607 0.163644 -0.700530
vn 0.897685 0.231140 0.375147
vn 0.897685 0.231140 0.375147
vn 0.897685 0.231140 0.375147
vn 0.897685 0.231140 0.375147
vn 0.886728 0.229631 0.401228
vn 0.886728 0.229631 0.401228
vn 0.886728 0.229631 0.401228
vn 0.886728 0.229631 0.401228
vn 0.076202 0.085186 0.993447
vn 0.076202 0.085186 0.993447
vn -0.400866 -0.812090 -0.424048
vn 0.134601 -0.878735 -0.457939
vn 0.134601 -0.878735 -0.457939
vn -0.400902 -0.812076 -0.424041
vn 0.862411 -0.449294 -0.233201
vn 0.862411 -0.449294 -0.233201
vn 0.862411 -0.449294 -0.233201
vn 0.862411 -0.449294 -0.233201
vn 0.958791 -0.248130 -0.138386
vn 0.958791 -0.248130 -0.138386
vn 0.958791 -0.248130 -0.138386
vn 0.958791 -0.248130 -0.138386
vn 0.879541 0.445560 0.166986
vn 0.400408 0.844308 0.356115
vn 0.399634 0.844609 0.356270
vn 0.879541 0.445560 0.166986
vn -0.080271 0.912562 0.400983
vn -0.080271 0.912562 0.400982
vn -0.910207 0.377070 0.171292
vn -0.910207 0.377070 0.171292
vn -0.910207 0.377070 0.171292
vn -0.910207 0.377070 0.171292
vn -0.921575 0.353592 0.160228
vn -0.921575 0.353592 0.160228
vn -0.921575 0.353592 0.160228
vn -0.921575 0.353592 0.160228
vn -0.723018 -0.612095 -0.320289
vn -0.723018 -0.612095 -0.320289
s 1
g pCube1
usemtl pCube1SG
f 101/1/1 1/2/2 98/3/3 97/4/4
f 99/5/5 2/6/6 103/7/7 102/8/8
f 104/9/9 3/10/10 107/11/11 106/12/12
s 3
f 114/13/13 5/14/14 111/15/15 110/16/16
f 112/17/17 6/18/18 116/19/19 115/20/20
f 117/21/21 7/22/22 120/23/23 119/24/24
f 126/25/25 9/26/26 113/27/27 123/28/28
f 124/29/29 10/30/30 118/31/31 127/32/32
f 128/33/33 11/34/34 122/35/35 130/36/36
f 136/424/37 13/38/38 125/39/39 133/474/40
f 141/401/41 85/42/42 138/43/43 137/473/44
f 145/413/45 15/477/46 132/47/47 142/472/48
f 149/49/49 17/50/50 135/51/51 146/52/52
f 147/53/53 18/54/54 151/470/55 150/56/56
f 152/57/57 19/58/58 144/59/59 154/60/60
f 160/61/61 21/62/62 148/63/63 157/64/64
f 158/65/65 22/66/66 153/67/67 161/68/68
f 162/69/69 23/70/70 156/71/71 164/72/72
f 171/73/73 90/74/74 168/75/75 167/76/76
f 169/77/77 91/78/78 173/79/79 172/80/80
f 174/81/81 92/82/82 177/83/83 176/84/84
s 10
f 184/85/85 49/86/86 181/87/87 180/88/88
s 1
f 187/464/89 30/90/90 175/91/91 185/469/92
s 12
f 192/93/93 53/94/94 189/95/95 188/96/96
s off
f 108/97/97 4/98/98 194/99/99 193/100/100
s 3
f 121/101/101 8/102/102 197/103/103 196/104/104
s 13
f 378/105/105 377/106/106 379/107/107 380/108/108
s off
f 171/73/109 29/109/110 204/110/111 203/111/112
s 3
f 160/61/61 25/112/113 207/113/114 206/114/115
s 14
f 386/501/116 387/116/117 388/117/118 389/118/119
s 15
f 216/119/120 29/109/121 170/120/122 213/121/123
s 1
f 214/122/124 30/90/90 187/464/89 217/123/125
f 218/124/126 2/6/6 98/3/127 220/125/128
s 17
f 221/126/129 1/2/130 204/462/131 223/127/132
s 18
f 228/128/133 31/129/134 179/130/135 225/131/136
s 19
f 226/132/137 32/133/138 194/460/139 229/134/140
s 1
f 230/135/141 4/98/142 107/11/143 232/136/144
f 233/137/145 3/10/10 186/458/146 235/139/147
s 21
f 240/140/148 33/141/149 215/142/150 237/143/151
f 238/144/152 34/145/153 219/454/154 241/147/155
f 242/148/156 35/149/157 222/150/158 244/151/159
f 245/152/160 36/153/161 224/447/162 247/155/163
s 22
f 252/156/164 37/157/165 227/158/166 249/159/167
f 250/160/168 38/161/169 231/441/170 253/163/171
f 254/164/172 39/165/173 234/166/174 256/167/175
f 257/168/176 40/169/177 236/434/178 259/171/179
s 23
f 263/524/180 41/479/181 239/174/182 261/528/183
s off
f 262/176/184 42/177/185 243/178/186 264/527/187
s 24
f 270/511/188 58/181/189 267/182/190 266/525/191
s off
f 272/516/192 44/448/193 248/186/194 271/523/195
s 25
f 275/518/196 45/478/197 251/190/198 273/522/199
s off
f 274/192/200 46/193/201 255/194/202 276/521/203
s 26
f 282/505/204 62/197/205 279/198/206 278/519/207
s off
f 284/510/208 48/435/209 260/202/210 283/517/211
s 27
f 287/204/212 43/450/213 246/206/214 285/207/215
s off
f 286/208/216 44/448/217 272/516/218 288/209/219
s 10
f 289/210/220 52/211/221 183/212/222 290/213/223
s 28
f 291/214/224 51/215/225 265/513/226 292/217/227
s 29
f 295/218/228 47/437/229 258/220/230 293/221/231
s off
f 294/222/232 48/435/233 284/510/234 296/223/235
s 12
f 297/224/236 56/225/237 191/226/238 298/227/239
s 30
f 299/228/240 55/229/241 277/507/242 300/231/243
s 3
f 304/232/244 12/233/245 198/430/246 301/235/247
f 302/236/248 24/237/249 155/238/250 305/239/251
f 306/240/252 20/241/253 143/428/254 308/243/255
f 309/244/256 16/245/257 131/246/258 311/247/259
f 316/248/260 21/62/62 208/426/261 313/250/262
f 314/251/263 9/26/26 126/25/25 317/252/264
f 318/253/265 13/38/38 136/424/37 320/254/266
f 321/255/267 17/50/50 149/49/49 323/256/268
f 327/257/269 66/258/270 303/422/271 325/260/272
f 326/261/273 65/262/274 307/263/275 328/264/276
f 329/265/277 67/266/278 310/420/279 330/268/280
f 331/269/281 68/270/282 312/271/283 332/272/284
f 335/273/285 69/274/286 315/418/287 333/276/288
f 334/277/289 70/278/290 319/279/291 336/280/292
f 337/281/293 71/282/294 322/416/295 338/284/296
f 339/285/297 72/286/298 324/287/299 340/288/300
s off
f 344/289/301 14/480/302 129/291/303 341/292/304
s 3
f 342/293/305 15/46/306 145/414/45 345/294/307
f 346/295/308 19/471/58 151/55/309 348/296/310
f 349/297/311 18/475/54 134/410/312 351/299/313
f 355/300/314 81/301/315 343/302/316 353/303/317
f 354/304/318 82/305/319 347/406/320 356/307/321
f 357/308/322 83/309/323 350/310/324 358/311/325
f 359/312/326 84/313/327 352/403/328 360/315/329
f 363/316/330 90/74/74 205/400/331 361/318/332
f 363/316/330 25/112/113 159/319/333 364/320/334
f 365/321/335 26/322/336 163/323/337 366/324/338
f 367/325/339 27/326/340 166/327/341 368/328/342
f 371/329/343 94/330/344 195/397/345 370/332/346
f 373/333/347 95/334/348 109/335/349 372/336/350
f 375/337/351 96/338/352 105/339/353 374/340/354
f 362/341/355 89/342/356 100/343/357 376/344/358
s 1
f 98/3/3 2/6/6 99/5/5 97/4/4
s 3
f 99/5/359 96/338/352 100/343/357 97/4/360
f 100/343/357 89/342/356 101/1/361 97/4/360
s 1
f 103/7/7 3/10/10 104/9/9 102/8/362
s 3
f 104/9/363 95/334/348 105/339/353 102/8/364
f 105/339/353 96/338/352 99/5/359 102/8/364
s 1
f 107/11/11 4/98/365 108/97/366 106/12/12
s 3
f 108/97/367 94/330/344 109/335/349 106/12/368
f 109/335/349 95/334/348 104/9/363 106/12/368
f 111/15/15 6/18/18 112/17/17 110/16/16
f 112/17/17 10/30/30 113/27/27 110/16/16
f 113/27/27 9/26/26 114/13/13 110/16/16
f 116/19/19 7/22/22 117/21/21 115/20/20
f 117/21/21 11/34/34 118/31/31 115/20/20
f 118/31/31 10/30/30 112/17/17 115/20/20
f 120/23/23 8/102/102 121/101/101 119/24/24
f 121/101/101 12/233/245 122/35/35 119/24/24
f 122/35/35 11/34/34 117/21/21 119/24/24
f 113/27/27 10/30/30 124/29/29 123/28/28
f 124/29/29 14/290/369 125/39/39 123/28/28
f 125/39/39 13/38/38 126/25/25 123/28/28
f 118/31/31 11/34/34 128/33/33 127/32/32
f 128/33/33 15/477/46 129/476/370 127/32/32
f 129/476/370 14/290/369 124/29/29 127/32/32
f 122/35/35 12/233/245 131/246/258 130/36/36
f 131/246/258 16/245/257 132/47/47 130/36/36
f 132/47/47 15/477/46 128/33/33 130/36/36
f 125/39/39 14/290/369 134/408/312 133/474/40
f 134/409/312 18/54/54 135/51/51 133/40/40
f 135/51/51 17/50/50 136/37/37 133/40/40
f 138/43/43 86/345/371 139/346/372 137/473/44
f 139/404/372 87/347/373 140/348/374 137/44/44
f 140/348/374 88/349/375 141/41/41 137/44/44
f 132/47/47 16/245/257 143/242/254 142/472/48
f 143/428/254 20/241/253 144/59/59 142/48/48
f 144/59/59 19/58/58 145/412/45 142/48/48
f 135/51/51 18/54/54 147/53/53 146/52/52
f 147/53/53 22/66/66 148/63/63 146/52/52
f 148/63/63 21/62/62 149/49/49 146/52/52
f 151/470/55 19/58/58 152/57/57 150/56/56
f 152/57/57 23/70/70 153/67/67 150/56/56
f 153/67/67 22/66/66 147/53/53 150/56/56
f 144/59/59 20/241/253 155/238/250 154/60/60
f 155/238/250 24/237/249 156/71/71 154/60/60
f 156/71/71 23/70/70 152/57/57 154/60/60
f 148/63/63 22/66/66 158/65/65 157/64/64
f 158/65/65 26/322/336 159/319/333 157/64/64
f 159/319/333 25/112/113 160/61/61 157/64/64
f 153/67/67 23/70/70 162/69/69 161/68/68
f 162/69/69 27/326/340 163/323/337 161/68/68
f 163/323/337 26/322/336 158/65/65 161/68/68
f 156/71/71 24/237/249 165/350/376 164/72/72
f 165/350/376 28/351/377 166/327/341 164/72/72
f 166/327/341 27/326/340 162/69/69 164/72/72
f 168/75/75 91/78/78 169/77/77 167/76/76
s 1
f 169/77/378 30/90/90 170/120/379 167/76/380
f 170/120/379 29/109/381 171/73/382 167/76/380
s 3
f 173/79/79 92/82/82 174/81/81 172/80/80
s 1
f 174/81/383 31/129/384 175/91/91 172/80/385
f 175/91/91 30/90/90 169/77/378 172/80/386
s 3
f 177/83/83 93/352/387 178/353/388 176/84/84
s 1
f 178/353/389 32/133/390 179/130/391 176/84/392
f 179/130/391 31/129/384 174/81/383 176/84/392
s 10
f 181/87/87 50/354/393 182/355/394 180/88/88
f 182/355/394 51/215/395 183/212/222 180/88/88
f 183/212/222 52/211/221 184/85/85 180/88/88
s 1
f 175/91/91 31/129/384 186/138/146 185/469/92
f 186/458/146 3/10/10 103/7/7 185/92/92
f 103/7/7 2/6/6 187/89/89 185/92/92
s 12
f 189/95/95 54/356/396 190/357/397 188/96/96
f 190/357/397 55/229/398 191/226/238 188/96/96
f 191/226/238 56/225/237 192/93/93 188/96/96
s off
f 194/460/399 32/133/400 178/353/401 193/468/402
s 3
f 178/353/388 93/352/387 195/331/345 193/468/403
f 195/397/345 94/330/344 108/97/367 193/100/403
f 197/395/103 28/351/377 165/350/376 196/467/104
f 165/350/376 24/237/249 198/234/404 196/467/104
f 198/430/404 12/233/245 121/101/101 196/104/104
s 41
f 379/107/405 381/358/406 382/503/407 380/108/408
f 382/359/407 383/360/409 384/361/410 380/108/408
s 13
f 384/361/411 385/362/412 378/105/105 380/108/108
s off
f 204/462/413 1/2/414 101/1/415 203/466/416
s 3
f 101/1/361 89/342/356 205/317/331 203/466/417
f 205/400/331 90/74/74 171/73/73 203/111/417
f 207/398/114 5/14/14 114/13/13 206/465/115
f 114/13/13 9/26/26 208/249/418 206/465/115
f 208/426/418 21/62/62 160/61/61 206/114/115
s 42
f 388/117/419 390/363/420 391/364/421 389/118/422
f 391/364/421 392/365/423 393/366/424 389/118/422
s 14
f 393/366/425 394/367/426 386/115/116 389/118/119
s 15
f 170/120/122 30/90/427 214/122/428 213/121/123
f 214/122/428 34/145/429 215/142/430 213/121/123
f 215/142/430 33/141/431 216/119/120 213/121/123
s 1
f 187/89/89 2/6/6 218/124/126 217/463/432
f 218/124/126 35/149/433 219/146/434 217/463/432
f 219/454/435 34/145/436 214/122/124 217/123/125
f 98/3/127 1/2/437 221/126/438 220/125/128
f 221/126/438 36/153/439 222/150/440 220/125/128
f 222/150/440 35/149/441 218/124/126 220/125/128
s 43
f 204/110/442 29/109/443 216/119/444 223/461/445
f 216/119/444 33/141/446 224/154/447 223/461/445
s 17
f 224/447/448 36/153/449 221/126/129 223/127/132
s 18
f 179/130/135 32/133/450 226/132/451 225/131/136
f 226/132/451 38/161/452 227/158/453 225/131/136
f 227/158/453 37/157/454 228/128/133 225/131/136
s 44
f 194/99/455 4/98/456 230/135/457 229/459/458
f 230/135/457 39/165/459 231/162/460 229/459/458
s 19
f 231/441/461 38/161/462 226/132/137 229/134/140
s 1
f 107/11/143 3/10/10 233/137/145 232/136/144
f 233/137/145 40/169/463 234/166/464 232/136/144
f 234/166/464 39/165/465 230/135/141 232/136/144
f 186/138/146 31/129/384 228/128/466 235/457/467
f 228/128/466 37/157/468 236/170/469 235/457/467
f 236/434/470 40/169/471 233/137/145 235/139/147
s 21
f 215/142/150 34/145/153 238/144/152 237/143/151
f 238/144/152 42/456/472 239/455/473 237/143/151
f 239/455/473 41/173/474 240/140/148 237/143/151
f 219/146/154 35/149/157 242/148/156 241/453/155
f 242/148/156 43/205/475 243/451/476 241/453/155
f 243/452/476 42/456/472 238/144/152 241/147/155
f 222/150/158 36/153/161 245/152/160 244/151/159
f 245/152/160 44/185/477 246/449/478 244/151/159
f 246/449/478 43/205/475 242/148/156 244/151/159
f 224/154/162 33/141/149 240/140/148 247/446/163
f 240/140/148 41/173/474 248/444/479 247/446/163
f 248/445/479 44/185/477 245/152/160 247/155/163
s 22
f 227/158/166 38/161/169 250/160/168 249/159/167
f 250/160/168 46/443/480 251/442/481 249/159/167
f 251/442/481 45/189/482 252/156/164 249/159/167
f 231/162/170 39/165/173 254/164/172 253/440/171
f 254/164/172 47/219/483 255/438/484 253/440/171
f 255/439/484 46/443/480 250/160/168 253/163/171
f 234/166/174 40/169/177 257/168/176 256/167/175
f 257/168/176 48/201/485 258/436/486 256/167/175
f 258/436/486 47/219/483 254/164/172 256/167/175
f 236/170/178 37/157/165 252/156/164 259/433/179
f 252/156/164 45/189/482 260/431/487 259/433/179
f 260/432/487 48/201/485 257/168/176 259/171/179
s 23
f 239/174/182 42/177/488 262/176/489 261/528/183
s 45
f 262/526/490 50/354/491 181/87/492 261/175/493
f 181/87/492 49/86/494 263/172/495 261/175/493
s off
f 243/178/496 43/450/497 265/216/498 264/527/499
s 28
f 265/513/226 51/215/225 182/355/500 264/179/501
s off
f 182/355/502 50/354/503 262/526/504 264/179/505
s 24
f 267/182/190 57/368/506 268/369/507 266/525/191
s 46
f 268/514/508 59/370/509 269/371/510 266/183/511
f 269/371/510 60/372/512 270/180/513 266/183/511
s off
f 248/186/514 41/479/515 263/524/516 271/523/517
f 263/172/518 49/86/519 184/85/520 271/187/521
s 47
f 184/85/522 52/211/523 272/184/524 271/187/525
s 25
f 251/190/198 46/193/526 274/192/527 273/522/199
s 48
f 274/520/528 54/356/529 189/95/530 273/191/531
f 189/95/530 53/94/532 275/188/533 273/191/531
s off
f 255/194/534 47/437/535 277/230/536 276/521/537
s 30
f 277/507/242 55/229/241 190/357/538 276/195/539
s off
f 190/357/540 54/356/541 274/520/542 276/195/543
s 26
f 279/198/206 61/373/544 280/374/545 278/519/207
s 49
f 280/508/546 63/375/547 281/376/548 278/199/549
f 281/376/548 64/377/550 282/196/551 278/199/549
s off
f 260/202/552 45/478/553 275/518/554 283/517/555
f 275/188/556 53/94/557 192/93/558 283/203/559
s 50
f 192/93/560 56/225/561 284/200/562 283/203/563
s 27
f 246/206/214 44/448/564 286/208/565 285/207/215
s 51
f 286/208/566 57/368/567 267/182/568 285/207/569
f 267/182/568 58/181/570 287/204/571 285/207/569
s 47
f 272/184/524 52/211/523 289/210/572 288/515/573
s off
f 289/210/574 59/370/575 268/514/576 288/515/577
f 268/369/578 57/368/579 286/208/580 288/209/581
s 10
f 183/212/222 51/215/395 291/214/582 290/213/223
s 52
f 291/214/583 60/372/584 269/371/585 290/213/586
f 269/371/585 59/370/587 289/210/588 290/213/586
s off
f 265/216/589 43/450/590 287/204/591 292/512/592
f 287/204/593 58/181/594 270/511/595 292/512/596
f 270/180/597 60/372/598 291/214/599 292/217/600
s 29
f 258/220/230 48/435/601 294/222/602 293/221/231
s 53
f 294/222/603 61/373/604 279/198/605 293/221/606
f 279/198/605 62/197/607 295/218/608 293/221/606
s 50
f 284/200/562 56/225/561 297/224/609 296/509/610
s off
f 297/224/611 63/375/612 280/508/613 296/509/614
f 280/374/615 61/373/616 294/222/617 296/223/618
s 12
f 191/226/238 55/229/398 299/228/619 298/227/239
s 54
f 299/228/620 64/377/621 281/376/622 298/227/623
f 281/376/622 63/375/624 297/224/625 298/227/623
s off
f 277/230/626 47/437/627 295/218/628 300/506/629
f 295/218/630 62/197/631 282/505/632 300/506/633
f 282/196/634 64/377/635 299/228/636 300/231/637
s 3
f 198/234/246 24/237/249 302/236/248 301/429/247
f 302/236/248 65/262/274 303/259/271 301/429/247
f 303/422/271 66/258/270 304/232/244 301/235/247
f 155/238/250 20/241/253 306/240/252 305/239/251
f 306/240/252 67/266/278 307/263/275 305/239/251
f 307/263/275 65/262/274 302/236/248 305/239/251
f 143/242/254 16/245/257 309/244/256 308/427/255
f 309/244/256 68/270/282 310/267/279 308/427/255
f 310/420/279 67/266/278 306/240/252 308/243/255
f 131/246/258 12/233/245 304/232/244 311/247/259
f 304/232/244 66/258/270 312/271/283 311/247/259
f 312/271/283 68/270/282 309/244/256 311/247/259
f 208/249/261 9/26/26 314/251/263 313/425/262
f 314/251/263 70/278/290 315/275/287 313/425/262
f 315/418/287 69/274/286 316/248/260 313/250/262
f 126/25/25 13/38/38 318/253/265 317/252/264
f 318/253/265 71/282/294 319/279/291 317/252/264
f 319/279/291 70/278/290 314/251/263 317/252/264
f 136/37/37 17/50/50 321/255/267 320/423/266
f 321/255/267 72/286/298 322/283/295 320/423/266
f 322/416/295 71/282/294 318/253/265 320/254/266
f 149/49/49 21/62/62 316/248/260 323/256/268
f 316/248/260 69/274/286 324/287/299 323/256/268
f 324/287/299 72/286/298 321/255/267 323/256/268
f 303/259/271 65/262/274 326/261/273 325/421/272
f 326/261/273 73/497/638 199/498/639 325/421/272
f 199/499/639 74/500/640 327/257/269 325/260/272
f 307/263/275 67/266/278 329/265/277 328/264/276
f 329/265/277 75/495/641 200/496/642 328/264/276
f 200/496/642 73/497/638 326/261/273 328/264/276
f 310/267/279 68/270/282 331/269/281 330/419/280
f 331/269/281 76/492/643 201/493/644 330/419/280
f 201/494/644 75/495/641 329/265/277 330/268/280
f 312/271/283 66/258/270 327/257/269 332/272/284
f 327/257/269 74/500/640 202/491/645 332/272/284
f 202/491/645 76/492/643 331/269/281 332/272/284
f 315/275/287 70/278/290 334/277/289 333/417/288
f 334/277/289 78/490/646 209/488/647 333/417/288
f 209/489/647 77/482/648 335/273/285 333/276/288
f 319/279/291 71/282/294 337/281/293 336/280/292
f 337/281/293 79/487/649 210/486/650 336/280/292
f 210/486/650 78/490/646 334/277/289 336/280/292
f 322/283/295 72/286/298 339/285/297 338/415/296
f 339/285/297 80/485/651 211/483/652 338/415/296
f 211/484/652 79/487/649 337/281/293 338/284/296
f 324/287/299 69/274/286 335/273/285 340/288/300
f 335/273/285 77/482/648 212/481/653 340/288/300
f 212/481/653 80/485/651 339/285/297 340/288/300
s off
f 129/291/654 15/46/655 342/293/656 341/292/657
s 3
f 342/293/658 82/305/319 343/302/316 341/292/659
f 343/302/316 81/301/315 344/289/660 341/292/659
f 145/45/45 19/471/58 346/295/308 345/411/307
f 346/295/308 83/309/323 347/306/320 345/411/661
f 347/406/320 82/305/319 342/293/658 345/294/661
f 151/55/309 18/475/54 349/297/311 348/296/310
f 349/297/311 84/313/327 350/310/324 348/296/310
f 350/310/324 83/309/323 346/295/308 348/296/310
f 134/298/312 14/480/662 344/289/663 351/407/313
f 344/289/660 81/301/315 352/314/328 351/407/664
f 352/403/328 84/313/327 349/297/311 351/299/664
f 343/302/316 82/305/319 354/304/318 353/303/317
f 354/304/318 86/345/371 138/43/43 353/303/317
f 138/43/43 85/42/42 355/300/314 353/303/317
f 347/306/320 83/309/323 357/308/322 356/405/321
f 357/308/322 87/347/373 139/404/372 356/405/321
f 139/346/372 86/345/371 354/304/318 356/307/321
f 350/310/324 84/313/327 359/312/326 358/311/325
f 359/312/326 88/349/375 140/348/374 358/311/325
f 140/348/374 87/347/373 357/308/322 358/311/325
f 352/314/328 81/301/315 355/300/314 360/402/329
f 355/300/314 85/42/42 141/401/41 360/402/329
f 141/41/41 88/349/375 359/312/326 360/315/329
f 205/317/331 89/342/356 362/341/355 361/399/332
f 362/341/355 5/14/14 207/398/114 361/399/332
f 207/113/114 25/112/113 363/316/330 361/318/332
f 159/319/333 26/322/336 365/321/335 364/320/334
f 365/321/335 91/78/78 168/75/75 364/320/334
f 168/75/75 90/74/74 363/316/330 364/320/334
f 163/323/337 27/326/340 367/325/339 366/324/338
f 367/325/339 92/82/82 173/79/79 366/324/338
f 173/79/79 91/78/78 365/321/335 366/324/338
f 166/327/341 28/351/377 369/394/665 368/328/342
f 369/394/665 93/352/387 177/83/83 368/328/342
f 177/83/83 92/82/82 367/325/339 368/328/342
f 195/331/345 93/352/387 369/394/665 370/396/346
f 369/394/665 28/351/377 197/395/103 370/396/346
f 197/103/103 8/102/102 371/329/343 370/332/346
f 109/335/349 94/330/344 371/329/343 372/336/350
f 371/329/343 8/102/102 120/23/23 372/336/350
f 120/23/23 7/22/22 373/333/347 372/336/350
f 105/339/353 95/334/348 373/333/347 374/340/354
f 373/333/347 7/22/22 116/19/19 374/340/354
f 116/19/19 6/18/18 375/337/351 374/340/354
f 100/343/357 96/338/352 375/337/351 376/344/358
f 375/337/351 6/18/18 111/15/15 376/344/358
f 111/15/15 5/14/14 362/341/355 376/344/358
s 55
f 202/385/666 74/380/667 377/106/668 378/105/669
s off
f 74/380/670 199/379/671 379/107/672 377/106/673
f 199/379/674 73/378/675 381/358/676 379/107/677
s 56
f 73/378/678 200/504/679 382/503/680 381/358/681
f 200/382/679 75/381/682 383/360/683 382/359/680
s off
f 75/381/684 201/384/685 384/361/686 383/360/687
f 201/384/688 76/383/689 385/362/690 384/361/691
s 55
f 76/383/692 202/385/666 378/105/669 385/362/693
s 57
f 212/393/694 77/388/695 387/116/696 386/501/697
s off
f 77/388/698 209/387/699 388/117/700 387/116/701
f 209/387/702 78/386/703 390/363/704 388/117/705
s 58
f 78/386/706 210/390/707 391/364/708 390/363/709
f 210/390/707 79/389/710 392/365/711 391/364/708
s off
f 79/389/712 211/392/713 393/366/714 392/365/715
f 211/392/716 80/391/717 394/367/718 393/366/719
s 57
f 80/391/720 212/502/694 386/115/697 394/367/721
