# This file uses centimeters as units for non-parametric coordinates.

mtllib run_frame15.mtl
g default
v -18.605947 67.202095 329.363770
v -5.484342 67.750656 331.827759
v 5.235157 68.099136 334.043457
v 19.019575 68.252098 334.577942
v -18.943508 93.722450 339.634277
v -6.188084 90.663521 347.569489
v 11.873984 91.535080 345.372192
v 22.160294 95.626099 334.783203
v -15.779916 122.202232 347.629181
v -4.826573 116.943275 353.746185
v 10.113987 118.413155 351.352234
v 17.520443 124.764038 342.153015
v -20.268200 130.207214 352.476471
v -5.370653 137.125076 351.000397
v 5.897523 138.132446 349.228943
v 21.712141 131.784912 345.669891
v -23.970438 131.739777 342.198944
v -9.327913 140.019684 339.915497
v 5.656996 141.494873 337.546326
v 21.862167 137.314240 338.283081
v -17.856905 124.205566 339.862885
v -9.037253 123.038727 331.191040
v 5.901321 124.503067 328.796692
v 16.482939 129.135071 335.716095
v -20.598749 98.368286 327.714111
v -8.062857 100.176750 322.579224
v 6.974395 100.949669 320.815765
v 20.462780 100.354347 322.598541
v -16.476763 68.951553 316.793579
v -3.302516 65.848404 318.988525
v 5.801888 64.063629 321.763092
v 19.190638 67.213043 321.590546
v -12.611006 35.774647 315.925385
v -5.090811 36.317421 317.226074
v -7.072025 33.821625 329.080688
v -14.549880 33.198864 327.693909
v 10.452641 34.335342 331.513489
v 18.249304 34.547852 331.206787
v 18.843950 35.420250 341.754486
v 11.050249 35.193054 341.984314
v -9.968592 11.562107 295.116913
v -2.693989 11.680607 294.696411
v -1.797668 6.480039 303.761047
v -9.105212 6.498724 304.530243
v 6.154225 56.449139 311.404297
v 13.514082 58.072186 311.535522
v 15.836249 47.756161 309.394989
v 8.484877 46.096180 309.166443
v -10.991016 6.246737 292.544922
v -2.248232 6.251382 291.719910
v 0.717894 0.016335 305.488800
v -10.990021 -0.021977 306.806274
v 5.134746 58.087948 305.569550
v 13.936327 60.076530 305.784149
v 18.682230 45.819199 303.970825
v 7.191246 43.181026 303.604919
v -7.997354 5.195117 321.292694
v 1.223656 5.213536 320.163818
v -7.913733 1.690731 321.873077
v 1.306545 1.710920 320.738281
v 11.882023 27.991875 307.288544
v 20.929222 30.078129 307.600891
v 11.945581 28.246481 303.745148
v 20.992800 30.332649 304.057526
v 25.170784 127.464523 314.275635
v 22.934824 121.983208 321.950348
v 34.600613 130.322464 318.682465
v 32.799667 123.918938 325.563904
v -26.737972 101.580742 346.802765
v -21.941490 108.654350 349.854950
v -31.416748 112.154144 353.409119
v -36.040154 106.955956 348.496246
v 33.326870 98.062027 312.324982
v 30.026825 96.321953 321.356049
v 36.704411 98.971062 313.734283
v 33.404167 97.230278 322.766418
v -18.795757 100.581367 376.536652
v -14.648565 109.395493 375.753510
v -17.939600 111.020813 376.618195
v -22.086794 102.206688 377.401337
v -7.843094 148.393127 355.986786
v 7.817123 148.815964 354.902252
v 9.668883 149.299011 338.554810
v -11.893467 148.404480 339.873962
v -8.365065 169.835709 355.011414
v 6.479963 170.269165 354.444550
v 5.377699 172.979248 336.752838
v -8.773797 172.566040 337.293213
v -19.449226 76.378296 330.753357
v -17.703352 78.109589 318.096893
v -4.442813 78.364853 316.977142
v 7.596796 77.439224 318.311127
v 20.318739 76.776062 322.158752
v 19.102858 75.752167 335.150604
v 6.591918 75.352058 337.946228
v -8.026843 75.679108 336.262787
v -13.909952 71.555382 333.229309
v -13.261877 67.245277 332.149384
v -7.201573 71.529030 334.745728
v -14.736708 75.957878 334.303223
v -19.165232 71.749336 330.001221
v -0.632739 71.800774 335.753876
v -0.359134 67.677490 334.622467
v 6.092453 71.658737 336.420929
v -0.719600 75.419891 337.117645
v 13.111010 71.968742 336.420135
v 13.096957 68.310532 336.122864
v 19.053497 72.049522 334.476379
v 13.588057 75.538368 337.477448
v -13.422301 104.758644 348.322662
v -14.011136 91.964371 344.173950
v -6.237635 103.742081 351.244232
v -12.598848 117.680954 351.367615
v -18.490450 106.048759 344.500397
v 3.110911 103.177490 349.811768
v 2.958289 90.795685 347.271362
v 12.328113 105.155846 348.564606
v 2.417945 117.984123 351.367218
v 17.977180 107.112373 343.838440
v 18.489126 93.520462 340.229279
v 21.629599 108.998581 338.980957
v 16.275503 120.361176 346.772095
v -11.825928 127.793900 353.223907
v -5.127642 129.798950 353.855835
v -13.746317 135.940475 353.086090
v -17.864679 125.417725 351.866150
v 1.479966 129.731934 352.723602
v 7.972341 131.096100 351.756622
v 0.341882 139.700119 352.410248
v 14.278751 130.098846 349.104492
v 20.077379 126.814919 344.352844
v 14.386372 138.136887 348.988068
v -15.531683 139.315125 347.630676
v -7.398000 141.043869 346.193909
v -18.166136 138.903091 341.085602
v -22.414679 131.587845 347.586273
v -1.194037 175.606842 352.389252
v -0.927022 170.060074 355.140472
v 7.239205 173.534393 347.973785
v -1.791297 173.399963 335.060760
v -10.741385 173.009689 348.678223
v 14.111719 141.606781 343.756012
v 22.151119 134.620819 341.982788
v 15.015426 141.844559 337.558716
v 5.745075 142.099106 344.231995
v -16.600861 132.401810 336.832642
v -9.601709 134.798401 335.135620
v -16.211300 122.608078 333.794800
v -21.902563 127.635056 339.208557
v -2.106009 135.534363 333.931244
v -1.797468 143.340561 338.488556
v 5.454124 136.307678 332.734924
v -1.559882 123.783211 330.000458
v 13.285122 135.612915 333.580475
v 19.290524 135.132111 335.887360
v 13.608911 125.756195 329.315857
v -15.835494 110.886719 329.436035
v -8.385458 111.298820 327.421265
v -15.609433 99.726791 324.144562
v -20.438707 109.632896 333.309509
v -0.873219 111.895172 326.356689
v 6.610352 112.545029 325.221283
v -0.363562 100.371475 321.610168
v 14.308615 113.279068 325.112549
v 20.046450 112.775024 327.471771
v 14.545420 101.156555 320.494598
v -11.211586 74.002335 315.729218
v -11.732021 78.425201 316.189972
v -4.071801 74.012085 316.697418
v -10.476209 69.543221 315.314148
v -17.203659 73.513870 317.410980
v 1.467816 73.561127 317.657745
v 1.614149 78.017944 317.724396
v 7.027863 72.664116 318.243713
v 1.432394 68.850357 317.832489
v 14.108849 72.197021 318.814941
v 14.809573 77.108917 319.130676
v 19.722269 71.987976 321.519012
v 13.411602 67.130989 319.163055
v -6.063246 3.055923 297.830811
v -6.883611 7.302349 289.804810
v -0.200221 3.462653 297.218994
v -5.134590 -0.170688 306.173004
v -11.891611 3.465981 298.361664
v 0.149837 65.286919 332.843689
v 6.246056 54.847641 330.203186
v -3.490825 55.848549 323.581604
v 10.949500 53.018917 304.648651
v 9.047672 61.331516 306.089325
v 16.682156 54.377430 304.825287
v 12.941328 44.486824 303.797791
v 5.186010 51.760857 304.510468
v 20.860952 71.974991 327.737122
v 20.475779 67.686905 327.764343
v 21.305374 76.260490 328.450317
v 22.715925 110.452385 332.496124
v 23.269115 98.201706 328.134460
v 16.822132 126.784081 337.585632
v 30.939024 96.981277 316.677399
v 35.022083 98.601479 312.016541
v 35.069347 98.092911 318.400848
v 30.986431 96.473145 323.061005
v -19.667196 72.625313 323.087769
v -18.901688 68.037796 322.453644
v -20.192579 77.298729 323.833130
v -21.525805 107.112518 338.673889
v -21.968353 96.082756 333.589172
v -16.710199 122.033302 343.452637
v -15.990429 104.777534 375.957062
v -15.466942 111.160614 376.006927
v -20.014965 106.765099 377.014496
v -20.538452 100.382019 376.964630
v -9.242556 53.607254 314.972443
v -5.323685 52.659679 317.839172
v -8.505319 36.353081 315.469147
v -14.309956 52.018982 316.063446
v -4.716349 52.075146 324.400970
v -7.625192 50.985348 330.237854
v -4.691987 35.023483 323.796326
v -12.322330 51.369442 331.546448
v -16.627935 50.338341 328.454163
v -11.069528 33.104916 330.832062
v -16.745682 51.217541 322.023315
v -14.706204 34.215851 322.021027
v 13.570931 51.008282 323.675049
v 18.633963 50.420906 325.720367
v 14.136306 34.367702 330.433350
v 9.194285 50.364731 326.037384
v 20.036274 51.621265 332.049500
v 19.026579 52.552666 338.535156
v 19.616085 34.867981 336.714844
v 14.081412 53.794842 340.441772
v 9.594242 52.509342 338.862305
v 14.884185 35.539917 343.916016
v 7.691706 51.556644 332.491638
v 9.424069 34.650436 337.022980
v -7.821687 27.061769 304.675049
v -3.823181 26.440453 306.857635
v -6.505906 12.661699 293.107025
v -11.992008 25.513044 306.281342
v -2.241765 22.539150 311.731537
v -3.621582 18.608309 316.707947
v -1.104267 9.114482 298.907776
v -7.593103 16.542515 317.889984
v -11.853859 17.616497 316.214233
v -5.148122 5.421562 306.740753
v -13.209315 21.258175 311.070190
v -10.863111 8.961062 299.563660
v 11.416465 49.247372 328.074036
v 15.974784 48.228329 327.269958
v 9.458888 59.058514 312.004852
v 7.715703 46.520489 327.401123
v 18.199392 43.243801 323.776794
v 18.048552 37.651588 320.726898
v 15.709986 53.557693 310.178314
v 14.128623 35.429123 319.567474
v 9.777996 35.996861 321.013458
v 12.863501 44.012463 309.135925
v 7.387600 41.011856 324.084320
v 6.100186 51.414600 310.005859
v -6.779479 10.193419 290.786865
v -2.155829 9.151078 292.688324
v -10.894198 9.109435 293.438934
v -0.153035 6.302577 297.993713
v 0.719072 2.828043 305.757263
v -3.126519 5.290218 322.847870
v -3.410055 6.170789 320.566925
v -8.980726 5.269740 323.567688
v -3.280642 0.747313 321.465149
v 2.727685 5.310697 322.128082
v -11.843131 6.312592 299.082153
v -10.988174 2.808108 307.104370
v 9.079799 60.892227 309.090179
v 13.957010 59.663620 308.696014
v 5.153605 57.683350 308.505890
v 16.669712 54.051662 307.580688
v 18.653173 45.548836 306.756226
v 16.890812 26.992775 307.031128
v 16.388222 28.965282 308.414917
v 11.146558 25.668190 306.832825
v 16.486597 29.359268 302.931091
v 22.635057 28.317371 307.229492
v 5.168788 51.453251 307.295898
v 7.158701 42.920425 306.379517
v -4.290382 4.844020 313.412415
v -9.461827 4.842362 314.030701
v 0.887744 4.863213 312.817444
v -10.107227 2.205651 314.326355
v -10.067221 -0.552569 314.564392
v -4.214266 -0.539354 313.838379
v 1.638798 -0.514634 313.113220
v 1.601498 2.236081 312.909088
v 14.645787 36.439842 308.897949
v 9.569073 35.271763 308.717865
v 19.724146 37.604130 309.090515
v 8.945732 35.318871 306.010803
v 8.992470 35.531288 303.202576
v 14.737761 36.852760 303.402283
v 20.486498 38.164886 303.615356
v 20.437492 37.959209 306.419800
v 19.780012 127.695557 326.607147
v 20.687984 132.298203 325.907837
v 22.722746 124.067085 317.286194
v 21.290358 123.641930 328.457764
v 24.313643 133.883224 327.219818
v 28.679171 133.635620 329.365082
v 29.644293 129.664886 315.642029
v 29.488884 129.469971 330.948273
v 29.121429 125.106155 331.982391
v 34.616062 126.830933 321.993195
v 24.989712 123.443848 330.427795
v 27.184292 122.380516 324.526978
v -20.737356 112.931267 345.517944
v -20.235302 113.527908 350.163300
v -22.930500 104.006798 348.456726
v -23.493643 113.746872 341.788330
v -23.300146 115.591667 352.556061
v -27.477316 118.148140 353.383240
v -25.801611 111.097687 351.677826
v -29.638382 118.702995 349.358429
v -30.726395 118.318390 344.853058
v -34.447784 109.328232 351.693298
v -27.217726 115.839554 342.248779
v -31.563738 103.640724 346.742035
v 24.248281 114.297668 316.859406
v 27.488964 116.021263 312.691742
v 24.141336 113.708885 322.132599
v 31.605909 117.559608 313.209442
v 36.244526 118.619843 316.206482
v 34.992393 117.297913 321.151031
v 32.922958 116.070282 325.712555
v 27.554945 114.506645 324.759827
v -19.209503 103.956116 357.653473
v -18.554968 109.235458 357.777222
v -23.106249 100.005737 357.979645
v -21.794544 112.027641 358.654816
v -27.231501 113.163803 359.968231
v -29.990059 108.621208 360.014526
v -32.006199 103.933929 359.523621
v -27.494295 100.769165 358.478180
v 0.812496 140.448029 357.864685
v 5.989147 143.567093 349.203430
v 0.225098 148.219116 358.340607
v -6.416975 142.862549 350.754639
v 7.968309 144.296341 345.280518
v 4.727334 145.138306 340.336334
v 11.476461 149.155167 346.527130
v -1.679501 145.913605 338.173309
v -7.610456 144.376740 341.921387
v -1.200710 149.035172 338.450073
v -9.385263 143.307236 347.426849
v -12.634563 148.420883 348.203125
v -0.555564 162.082047 358.234344
v 10.015812 164.044174 354.953278
v -11.483162 163.416428 355.774200
v 11.197340 164.507385 345.368835
v 9.235122 163.516190 336.725311
v -1.491605 162.996460 334.954010
v -12.064189 162.894272 337.538635
v -13.416516 163.788681 346.308746
v -20.956482 87.680641 325.747498
v -19.753878 86.629768 332.481720
v -18.466967 88.604340 320.005615
v -12.707820 89.081078 317.695953
v -5.217978 88.826157 317.933075
v 1.495055 89.309265 318.630981
v 8.374923 88.622810 319.137421
v 15.809744 88.437019 320.261719
v 21.235321 87.636086 323.596649
v 22.411861 86.594307 329.878754
v 19.968906 85.537682 336.440155
v 14.888519 85.572800 340.229309
v 8.527604 84.848503 341.856995
v -0.431392 85.936043 341.220428
v -9.741718 85.228905 339.974304
v -15.452847 86.208839 337.462219
v 33.706722 82.862015 320.618439
v 34.803745 83.041435 322.490448
v 35.025639 83.666428 315.681335
v 37.038784 84.208237 316.521332
v 37.285473 84.749702 310.824097
v 39.180122 85.349846 310.513153
v 41.086716 85.772766 312.410187
v 39.316162 84.821182 317.471588
v 37.507961 83.885078 322.204559
v -17.324198 99.595306 390.536835
v -15.379506 99.784355 390.058319
v -12.658516 104.493202 389.514191
v -14.574463 105.439423 390.017578
v -10.882332 109.342308 389.209076
v -11.824718 111.283524 389.498322
v -14.586227 111.171516 390.182251
v -16.839151 106.557861 390.612610
v -19.083387 101.613556 391.031494
vt 0.208431 0.494797
vt 0.208575 0.478116
vt 0.229443 0.475893
vt 0.229271 0.493426
vt 0.252729 0.492198
vt 0.256170 0.471571
vt 0.275357 0.475888
vt 0.275429 0.493819
vt 0.298111 0.492176
vt 0.294163 0.471736
vt 0.321331 0.475953
vt 0.321541 0.493432
vt 0.198757 0.641525
vt 0.200055 0.589825
vt 0.221664 0.590600
vt 0.219751 0.640956
vt 0.244967 0.639373
vt 0.247968 0.591507
vt 0.275466 0.591669
vt 0.275481 0.635804
vt 0.305994 0.639365
vt 0.302966 0.591494
vt 0.329276 0.590573
vt 0.331197 0.640955
vt 0.199789 0.728809
vt 0.197393 0.704590
vt 0.219517 0.692482
vt 0.227784 0.730211
vt 0.252859 0.733034
vt 0.249003 0.687406
vt 0.275511 0.688085
vt 0.275516 0.730408
vt 0.298175 0.733010
vt 0.302021 0.687396
vt 0.331536 0.692451
vt 0.323246 0.730162
vt 0.805511 0.686057
vt 0.204711 0.752714
vt 0.229559 0.760254
vt 0.782889 0.696424
vt 0.784986 0.875584
vt 0.254181 0.941082
vt 0.275435 0.940431
vt 0.742298 0.896742
vt 0.699334 0.736241
vt 0.297037 0.807427
vt 0.321459 0.760204
vt 0.696358 0.696343
vt 0.808954 0.641287
vt 0.805193 0.664541
vt 0.784300 0.671779
vt 0.785729 0.644267
vt 0.763331 0.647822
vt 0.762442 0.673765
vt 0.742276 0.741120
vt 0.739609 0.647377
vt 0.715889 0.647774
vt 0.716786 0.673709
vt 0.694936 0.671695
vt 0.693494 0.644181
vt 0.806875 0.557726
vt 0.810121 0.617205
vt 0.790367 0.607046
vt 0.787575 0.557696
vt 0.763367 0.556090
vt 0.764746 0.603486
vt 0.739627 0.603152
vt 0.739688 0.556093
vt 0.716014 0.556064
vt 0.714496 0.603455
vt 0.688836 0.606971
vt 0.691820 0.557642
vt 0.803405 0.420481
vt 0.802841 0.435733
vt 0.782960 0.432290
vt 0.783371 0.416064
vt 0.759505 0.410786
vt 0.759570 0.428509
vt 0.739756 0.426992
vt 0.739743 0.409699
vt 0.720007 0.410786
vt 0.719946 0.428500
vt 0.696571 0.432245
vt 0.696182 0.416016
vt 0.819305 0.093413
vt 0.797386 0.086157
vt 0.790779 0.072322
vt 0.822344 0.073237
vt 0.265809 0.416173
vt 0.762697 0.377789
vt 0.739788 0.389948
vt 0.275377 0.462947
vt 0.364323 0.097210
vt 0.342669 0.089884
vt 0.336664 0.075169
vt 0.367299 0.076188
vt 0.342559 0.494848
vt 0.342402 0.478170
vt 0.366070 0.480227
vt 0.366198 0.495669
vt 0.352247 0.641476
vt 0.350872 0.589816
vt 0.374237 0.588973
vt 0.374011 0.638442
vt 0.936729 0.462892
vt 0.940585 0.464321
vt 0.946953 0.476690
vt 0.936605 0.482861
vt 0.804780 0.405462
vt 0.824266 0.410023
vt 0.823186 0.423812
vt 0.805355 0.509178
vt 0.825584 0.509339
vt 0.825621 0.554997
vt 0.118742 0.522844
vt 0.058006 0.517789
vt 0.074507 0.510871
vt 0.084702 0.516921
vt 0.822269 0.350445
vt 0.784755 0.399833
vt 0.805305 0.347137
vt 0.793942 0.336256
vt 0.777469 0.322538
vt 0.236211 0.409364
vt 0.220899 0.415267
vt 0.203041 0.415110
vt 0.182178 0.419746
vt 0.685950 0.336155
vt 0.717407 0.377787
vt 0.694840 0.399772
vt 0.674409 0.347030
vt 0.657366 0.350391
vt 0.674734 0.405426
vt 0.637625 0.358046
vt 0.347747 0.415166
vt 0.329799 0.415381
vt 0.314324 0.409429
vt 0.706215 0.336018
vt 0.292514 0.404556
vt 0.870618 0.237836
vt 0.844433 0.293934
vt 0.832214 0.287148
vt 0.858351 0.228645
vt 0.844944 0.223065
vt 0.821107 0.280742
vt 0.243727 0.342391
vt 0.826584 0.212775
vt 0.214622 0.282882
vt 0.224361 0.346790
vt 0.210147 0.349538
vt 0.199596 0.284960
vt 0.184434 0.288656
vt 0.194986 0.352422
vt 0.864110 0.304875
vt 0.163133 0.290367
vt 0.634803 0.222910
vt 0.658751 0.280554
vt 0.647480 0.287052
vt 0.621343 0.228556
vt 0.609012 0.237734
vt 0.635143 0.293889
vt 0.375465 0.356065
vt 0.590820 0.249121
vt 0.366326 0.288752
vt 0.355651 0.352469
vt 0.340563 0.349608
vt 0.351134 0.285011
vt 0.336042 0.282967
vt 0.326383 0.346874
vt 0.678330 0.268182
vt 0.315081 0.275917
vt 0.789900 0.091626
vt 0.894734 0.181072
vt 0.223763 0.023658
vt 0.779683 0.072008
vt 0.205625 0.023651
vt 0.212375 0.030485
vt 0.208733 0.046428
vt 0.818124 0.043214
vt 0.919973 0.054113
vt 0.218394 0.124576
vt 0.231547 0.124829
vt 0.925982 0.076298
vt 0.853028 0.105343
vt 0.173602 0.224408
vt 0.245023 0.044913
vt 0.815784 0.102925
vt 0.335499 0.095534
vt 0.609223 0.166963
vt 0.147562 0.023794
vt 0.325939 0.074804
vt 0.129108 0.019171
vt 0.133886 0.026698
vt 0.125138 0.040618
vt 0.363323 0.044920
vt 0.461211 0.056389
vt 0.114656 0.083148
vt 0.128082 0.110700
vt 0.466974 0.079440
vt 0.396801 0.109583
vt 0.345740 0.218419
vt 0.158805 0.046562
vt 0.361009 0.107136
vt 0.212264 0.093809
vt 0.204982 0.218327
vt 0.226791 0.056935
vt 0.229179 0.093286
vt 0.246067 0.092223
vt 0.255137 0.092099
vt 0.884191 0.095549
vt 0.853655 0.095653
vt 0.854753 0.074189
vt 0.884265 0.075061
vt 0.885799 0.054616
vt 0.855335 0.052709
vt 0.203340 0.068369
vt 0.888472 0.044995
vt 0.116537 0.064410
vt 0.377147 0.224500
vt 0.136900 0.057215
vt 0.135301 0.068971
vt 0.159593 0.072808
vt 0.169578 0.075371
vt 0.426769 0.099419
vt 0.397393 0.099512
vt 0.398467 0.077209
vt 0.426850 0.078134
vt 0.428347 0.056895
vt 0.399054 0.054890
vt 0.111199 0.052142
vt 0.430928 0.046902
vt 0.398347 0.732496
vt 0.353774 0.704759
vt 0.655189 0.607952
vt 0.404645 0.715309
vt 0.625247 0.642548
vt 0.669008 0.617360
vt 0.670290 0.641156
vt 0.629866 0.657272
vt 0.633967 0.675274
vt 0.674058 0.664432
vt 0.345812 0.774768
vt 0.637449 0.692485
vt 0.387906 0.765553
vt 0.346295 0.752641
vt 0.351218 0.728717
vt 0.392980 0.747350
vt 0.854032 0.642643
vt 0.181252 0.694641
vt 0.859345 0.625630
vt 0.152631 0.732602
vt 0.157999 0.747449
vt 0.163074 0.765647
vt 0.167481 0.783084
vt 0.845329 0.675366
vt 0.849419 0.657366
vt 0.462802 0.754848
vt 0.433121 0.744888
vt 0.586158 0.633072
vt 0.469035 0.736153
vt 0.562716 0.661102
vt 0.591598 0.653084
vt 0.596668 0.669873
vt 0.567525 0.676181
vt 0.573571 0.695803
vt 0.602326 0.689166
vt 0.414557 0.801264
vt 0.575415 0.714705
vt 0.450039 0.789809
vt 0.420413 0.781867
vt 0.427222 0.762131
vt 0.457315 0.770152
vt 0.916571 0.661069
vt 0.887682 0.653104
vt 0.112049 0.724515
vt 0.922852 0.642462
vt 0.088177 0.754903
vt 0.117860 0.744959
vt 0.123753 0.762207
vt 0.093657 0.770210
vt 0.100926 0.789871
vt 0.130556 0.781946
vt 0.872833 0.708772
vt 0.104321 0.808576
vt 0.905760 0.695791
vt 0.876995 0.689207
vt 0.882631 0.669903
vt 0.911782 0.676158
vt 0.245118 0.820265
vt 0.256063 0.761423
vt 0.275458 0.816348
vt 0.275456 0.817082
vt 0.305796 0.819611
vt 0.322444 0.827635
vt 0.716707 0.746651
vt 0.742277 0.751635
vt 0.767846 0.746640
vt 0.232576 0.815700
vt 0.789238 0.746868
vt 0.242805 0.909093
vt 0.242913 0.847487
vt 0.275453 0.850080
vt 0.275444 0.899369
vt 0.308078 0.909112
vt 0.307992 0.847504
vt 0.685718 0.768892
vt 0.335635 0.923345
vt 0.710517 0.826756
vt 0.709025 0.772272
vt 0.742280 0.767854
vt 0.742288 0.823907
vt 0.774059 0.826743
vt 0.775535 0.772258
vt 0.216918 0.852154
vt 0.800161 0.835727
vt 0.803587 0.472219
vt 0.184266 0.511368
vt 0.823748 0.473030
vt 0.786007 0.508646
vt 0.783967 0.470951
vt 0.760849 0.468488
vt 0.762764 0.507838
vt 0.739729 0.507585
vt 0.739749 0.469813
vt 0.718652 0.468468
vt 0.716699 0.507812
vt 0.693463 0.508589
vt 0.695538 0.470900
vt 0.347089 0.550471
vt 0.343449 0.511536
vt 0.656251 0.437958
vt 0.370672 0.549455
vt 0.305626 0.550928
vt 0.300328 0.509969
vt 0.323635 0.511057
vt 0.326613 0.553291
vt 0.245263 0.550946
vt 0.250519 0.509979
vt 0.275426 0.509223
vt 0.275447 0.553833
vt 0.203857 0.550446
vt 0.207534 0.511493
vt 0.227207 0.511082
vt 0.224277 0.553331
vt 0.296688 0.941095
vt 0.317831 0.963343
vt 0.722395 0.859395
vt 0.742293 0.859091
vt 0.762190 0.859387
vt 0.672412 0.557619
vt 0.673996 0.509116
vt 0.676597 0.435714
vt 0.676064 0.420456
vt 0.798456 0.058765
vt 0.820876 0.052919
vt 0.343747 0.061021
vt 0.365907 0.055032
vt 0.963235 0.483911
vt 0.902883 0.489040
vt 0.909072 0.482168
vt 0.925033 0.475729
vt 0.931354 0.463643
vt 0.080884 0.498420
vt 0.084741 0.496992
vt 0.090126 0.497750
vt 0.096539 0.509638
vt 0.112499 0.516024
vt 0.245369 0.109349
vt 0.249130 0.116712
vt 0.914174 0.091435
vt 0.914507 0.075957
vt 0.915392 0.060496
vt 0.143488 0.116794
vt 0.145270 0.126440
vt 0.455609 0.095160
vt 0.455938 0.079081
vt 0.456800 0.063019
vt 0.982240 0.434188
vt 0.963585 0.427947
vt 0.946509 0.423110
vt 0.890921 0.433118
vt 0.882130 0.436526
vt 0.926679 0.423006
vt 0.909612 0.427375
vt 0.937930 0.422313
vt 0.075163 0.457134
vt 0.058225 0.461798
vt 0.039557 0.467684
vt 0.094859 0.456979
vt 0.083682 0.456346
vt 0.130564 0.466891
vt 0.111877 0.461251
vt 0.033116 0.470128
vt 0.675805 0.472192
vt 0.653419 0.509254
vt 0.655248 0.472962
vt 0.367019 0.511392
vt 0.176921 0.588998
vt 0.180547 0.549455
vt 0.822760 0.437993
vt 0.233028 0.963316
vt 0.215241 0.923308
vt 0.798841 0.768868
vt 0.699605 0.875602
vt 0.684417 0.835751
vt 0.333987 0.852188
vt 0.228471 0.827609
vt 0.254212 0.785439
vt 0.759269 0.697501
vt 0.785216 0.736222
vt 0.695315 0.746888
vt 0.719972 0.697428
vt 0.296799 0.785396
vt 0.318344 0.815723
vt 0.903939 0.714697
vt 0.136407 0.801345
vt 0.081951 0.736203
vt 0.893090 0.633076
vt 0.446638 0.808511
vt 0.606509 0.708725
vt 0.556410 0.642507
vt 0.438944 0.724452
vt 0.841861 0.692578
vt 0.205190 0.774839
vt 0.146366 0.715395
vt 0.823906 0.608060
vt 0.383498 0.782992
vt 0.673752 0.685953
vt 0.619881 0.625562
vt 0.369876 0.694574
vt 0.624476 0.158216
vt 0.327082 0.211968
vt 0.653476 0.212425
vt 0.306569 0.342322
vt 0.153133 0.050558
vt 0.361352 0.222428
vt 0.125968 0.045756
vt 0.396618 0.225899
vt 0.569871 0.190223
vt 0.388031 0.290471
vt 0.615162 0.304972
vt 0.596954 0.173816
vt 0.584932 0.180968
vt 0.909456 0.190131
vt 0.154402 0.225852
vt 0.888489 0.249012
vt 0.175675 0.355943
vt 0.241882 0.047343
vt 0.189385 0.222364
vt 0.213528 0.046751
vt 0.223402 0.212053
vt 0.855547 0.158550
vt 0.235225 0.276013
vt 0.801766 0.268578
vt 0.882733 0.173912
vt 0.870470 0.167071
vt 0.702590 0.322102
vt 0.284431 0.416033
vt 0.369025 0.419829
vt 0.654789 0.409992
vt 0.841623 0.358035
vt 0.185243 0.480200
vt 0.257695 0.404697
vt 0.773758 0.336466
vt 0.177136 0.638471
vt 0.185108 0.495641
vt 0.653403 0.554919
vt 0.655840 0.423782
vt 0.740026 0.329135
vt 0.739609 0.679991
vt 0.717946 0.727940
vt 0.321543 0.784229
vt 0.275425 0.981496
vt 0.229466 0.784279
vt 0.766602 0.727930
vt 0.275513 0.766895
vt 0.294962 0.761394
vt 0.158494 0.031032
vt 0.235614 0.029385
vt 0.253884 0.807420
vt 0.968218 0.693073
vt 0.970279 0.686813
vt 0.964692 0.720144
vt 0.041234 0.817480
vt 0.965692 0.701614
vt 0.035620 0.790589
vt 0.038855 0.799577
vt 0.026837 0.766821
vt 0.976742 0.669618
vt 0.033170 0.783659
vt 0.515345 0.790561
vt 0.512107 0.799546
vt 0.509721 0.817448
vt 0.514670 0.720260
vt 0.513647 0.701731
vt 0.511110 0.693195
vt 0.509040 0.686939
vt 0.502555 0.669755
vt 0.524137 0.766797
vt 0.517798 0.783632
vt 0.052820 0.522857
vt 0.139366 0.470253
vt 0.968347 0.489050
vt 0.988625 0.436785
vt 0.108883 0.091107
vt 0.106409 0.062482
vt 0.399209 0.044805
vt 0.459518 0.102060
vt 0.428604 0.109556
vt 0.167704 0.057128
vt 0.215342 0.132259
vt 0.203222 0.094543
vt 0.855471 0.043005
vt 0.918242 0.098075
vt 0.886101 0.105305
vt 0.255511 0.067846
vt 0.169019 0.047690
vt 0.166893 0.025823
vt 0.125973 0.120002
vt 0.337008 0.054912
vt 0.115292 0.038211
vt 0.149847 0.015689
vt 0.254586 0.043904
vt 0.241676 0.021944
vt 0.231922 0.132778
vt 0.791425 0.052872
vt 0.199112 0.046316
vt 0.223332 0.014444
vn -0.482749 -0.229665 0.845108
vn -0.482749 -0.229665 0.845108
vn -0.251751 -0.367412 0.895338
vn -0.267076 -0.359434 0.894136
vn -0.138207 -0.472431 0.870464
vn 0.034930 -0.342993 0.938689
vn -0.193184 -0.473522 0.859335
vn -0.261746 -0.491587 0.830561
vn -0.070170 -0.366837 0.927635
vn -0.306909 -0.113979 0.944889
vn 0.060515 -0.203608 0.977181
vn 0.064657 -0.200490 0.977560
vn -0.813816 -0.077732 0.575901
vn -0.807707 -0.271896 0.523147
vn -0.527764 -0.384791 0.757232
vn -0.524855 -0.186254 0.830564
vn -0.108780 -0.209077 0.971830
vn -0.145335 -0.466434 0.872535
vn 0.103182 -0.421085 0.901133
vn 0.151507 -0.189004 0.970218
vn 0.408082 -0.160701 0.898690
vn 0.382157 -0.322590 0.865963
vn 0.711692 -0.193854 0.675215
vn 0.748954 -0.085719 0.657054
vn 0.088905 -0.164545 0.982355
vn -0.328711 -0.303133 0.894461
vn -0.463685 -0.130801 0.876292
vn -0.157407 -0.048831 0.986326
vn 0.029751 0.049837 0.998314
vn -0.001082 -0.121397 0.992604
vn 0.160439 -0.105635 0.981377
vn 0.154783 0.034726 0.987338
vn 0.263880 0.069102 0.962077
vn 0.326070 -0.085227 0.941496
vn 0.717533 -0.021747 0.696185
vn 0.455674 -0.022955 0.889851
vn -0.755913 0.553528 0.349574
vn -0.474380 0.342697 0.810878
vn -0.213459 0.492876 0.843510
vn -0.396409 0.855707 0.332605
vn -0.649060 0.757798 0.066799
vn -0.491789 0.441444 0.750514
vn 0.019978 0.471485 0.881648
vn -0.021782 0.973767 0.226504
vn 0.426728 0.874344 0.231139
vn 0.212322 0.425327 0.879782
vn 0.383312 0.483279 0.787091
vn 0.315572 0.890847 0.326813
vn -0.548783 0.067377 -0.833245
vn -0.833990 0.478059 -0.275536
vn -0.541778 0.773546 -0.328791
vn -0.435746 0.328705 -0.837901
vn -0.263170 0.417107 -0.869921
vn -0.336075 0.727954 -0.597609
vn -0.181273 0.579267 -0.794726
vn -0.184409 0.416958 -0.890022
vn -0.041732 0.443001 -0.895549
vn 0.054852 0.745551 -0.664188
vn 0.293149 0.878952 -0.376174
vn 0.232518 0.407638 -0.883044
vn -0.913639 0.245377 -0.324120
vn -0.708482 -0.017520 -0.705511
vn -0.552182 0.266015 -0.790146
vn -0.495259 0.343892 -0.797783
vn -0.211722 0.343517 -0.914970
vn -0.243384 0.293828 -0.924354
vn -0.175100 0.293119 -0.939905
vn -0.158323 0.326137 -0.931970
vn -0.094751 0.324206 -0.941229
vn -0.077848 0.309771 -0.947619
vn 0.303295 0.357281 -0.883381
vn 0.224075 0.362362 -0.904701
vn -0.659869 0.028048 -0.750857
vn -0.677393 0.057538 -0.733367
vn -0.104777 0.115542 -0.987761
vn -0.064596 0.094288 -0.993447
vn 0.134015 0.070150 -0.988493
vn 0.102517 0.096654 -0.990024
vn 0.107243 0.066197 -0.992027
vn 0.123438 0.023227 -0.992081
vn 0.099865 0.017749 -0.994843
vn 0.109977 0.058207 -0.992228
vn 0.297518 0.055808 -0.953084
vn 0.259186 0.026778 -0.965456
vn -0.084712 -0.913430 -0.398081
vn -0.090859 -0.887783 -0.451204
vn -0.043933 -0.888332 -0.457095
vn -0.040332 -0.913327 -0.405226
vn 0.952108 -0.293816 0.084634
vn 0.797497 -0.386456 -0.463304
vn 0.187453 -0.557101 -0.809011
vn -0.297445 -0.855256 0.424339
vn -0.000747 0.128264 -0.991740
vn -0.010621 0.166929 -0.985912
vn -0.012073 0.165679 -0.986106
vn -0.001503 0.128830 -0.991666
vn 0.970652 -0.046554 0.235940
vn 0.970652 -0.046554 0.235940
vn 0.970652 -0.046554 0.235940
vn 0.970652 -0.046554 0.235940
vn 0.940753 0.058367 0.334031
vn 0.927741 -0.092912 0.361476
vn 0.992681 0.016853 -0.119586
vn 0.981313 0.183952 -0.056442
vn 0.289368 -0.954024 -0.078138
vn 0.289364 -0.954024 -0.078140
vn 0.289364 -0.954024 -0.078140
vn 0.289367 -0.954024 -0.078138
vn -0.908882 -0.092626 -0.406638
vn -0.908882 -0.092626 -0.406638
vn -0.908882 -0.092626 -0.406638
vn -0.908882 -0.092626 -0.406638
vn -0.832802 0.239868 -0.498903
vn -0.993550 -0.066968 0.091511
vn -0.976786 0.057416 0.206380
vn 0.241356 -0.027371 0.970051
vn 0.241369 -0.027370 0.970047
vn 0.241369 -0.027370 0.970047
vn 0.241357 -0.027371 0.970050
vn -0.193901 -0.007366 -0.980993
vn -0.227742 0.008190 -0.973687
vn 0.084211 0.018389 -0.996278
vn 0.169311 0.011914 -0.985491
vn 0.991789 -0.050372 -0.117547
vn 0.992988 -0.040879 -0.110919
vn 0.616308 -0.067203 0.784633
vn -0.187732 -0.082402 0.978758
vn -0.185586 -0.078128 0.979517
vn -0.992598 -0.121089 0.009293
vn -0.992368 -0.122390 0.015025
vn -0.992368 -0.122390 0.015025
vn -0.992570 -0.121263 0.010059
vn -0.311831 -0.322814 -0.893618
vn -0.283366 -0.301932 -0.910242
vn 0.078943 -0.283019 -0.955860
vn 0.010569 -0.313999 -0.949364
vn 0.974663 -0.085412 -0.206729
vn 0.976652 -0.080609 -0.199133
vn 0.976652 -0.080609 -0.199133
vn 0.974429 -0.085964 -0.207601
vn 0.381455 0.214406 0.899179
vn 0.320415 0.260014 0.910894
vn -0.023085 0.254638 0.966761
vn 0.005998 0.222649 0.974880
vn -0.706765 0.070388 0.703938
vn -0.929533 -0.368597 -0.010270
vn -0.945947 -0.098622 0.308962
vn -0.829191 0.313701 -0.462639
vn -0.847265 0.331855 -0.414746
vn 0.041545 0.736182 -0.675507
vn -0.007495 0.669113 -0.743123
vn 0.815715 0.441421 -0.373840
vn 0.891159 0.390531 -0.230914
vn 0.978797 0.016963 0.204129
vn 0.994677 0.080744 0.064019
vn 0.827133 -0.288015 0.482596
vn 0.706242 -0.350124 0.615333
vn -0.028415 -0.613801 0.788949
vn 0.017724 -0.662996 0.748413
vn -0.806817 -0.466866 0.362055
vn -0.761207 -0.468034 0.448897
vn -0.995206 -0.089684 -0.039023
vn -0.992826 -0.099327 -0.066558
vn -0.754287 0.335681 0.564242
vn -0.201646 0.298695 0.932802
vn 0.000990 0.222484 0.974936
vn -0.126886 0.659316 0.741082
vn 0.554404 0.583703 0.593235
vn 0.144418 0.353056 0.924389
vn 0.990478 -0.134783 -0.028046
vn 0.980792 0.193581 0.023945
vn 0.744609 -0.616901 -0.254932
vn 0.299263 -0.952286 -0.059940
vn 0.115670 -0.992686 -0.034569
vn 0.129574 -0.936031 -0.327195
vn -0.503624 -0.833131 -0.228594
vn -0.074450 -0.997054 -0.018442
vn -0.774546 -0.632416 -0.011293
vn -0.967896 -0.251227 -0.007883
vn -0.535888 0.607206 -0.586622
vn -0.535888 0.607206 -0.586622
vn -0.037041 0.691776 -0.721162
vn -0.059614 0.692057 -0.719377
vn 0.926538 0.342951 -0.154638
vn 0.926538 0.342951 -0.154638
vn 0.926538 0.342951 -0.154638
vn 0.926538 0.342951 -0.154638
vn 0.102808 0.985014 0.138484
vn 0.102808 0.985014 0.138484
vn 0.015689 0.988347 0.151408
vn 0.015747 0.988347 0.151400
vn -0.789360 0.482021 0.380221
vn -0.789360 0.482021 0.380221
vn -0.789360 0.482021 0.380221
vn -0.789359 0.482021 0.380220
vn -0.596152 0.642968 0.480827
vn -0.596152 0.642968 0.480827
vn -0.191667 0.817628 0.542908
vn -0.196597 0.816525 0.542804
vn 0.872557 0.336481 0.354155
vn 0.872557 0.336481 0.354155
vn 0.872557 0.336481 0.354155
vn 0.872557 0.336481 0.354155
vn 0.139000 -0.352809 0.925313
vn 0.139000 -0.352809 0.925313
vn 0.054235 -0.373832 0.925910
vn 0.054234 -0.373832 0.925910
vn -0.799848 -0.317205 0.509533
vn -0.799848 -0.317205 0.509533
vn -0.799848 -0.317205 0.509533
vn -0.799848 -0.317205 0.509533
vn -0.061191 0.986572 0.151431
vn -0.061191 0.986572 0.151431
vn 0.016598 0.989616 0.142776
vn 0.015405 0.989615 0.142916
vn -0.911888 0.401982 0.082891
vn -0.911888 0.401982 0.082891
vn -0.911888 0.401982 0.082891
vn -0.911888 0.401982 0.082891
vn -0.018059 -0.998265 -0.056045
vn -0.052546 -0.972977 -0.224846
vn -0.022149 -0.973671 -0.226881
vn -0.003712 -0.998308 -0.058032
vn 0.992676 0.007841 -0.120553
vn 0.993496 0.009452 -0.113472
vn 0.993644 0.009753 -0.112147
vn 0.992676 0.007841 -0.120553
vn -0.031288 -0.040573 0.998687
vn -0.031288 -0.040573 0.998687
vn -0.025478 -0.040463 0.998856
vn -0.025502 -0.040463 0.998856
vn -0.898724 -0.158185 0.408990
vn -0.898724 -0.158185 0.408989
vn -0.898724 -0.158185 0.408990
vn -0.898724 -0.158185 0.408989
vn 0.021045 0.057060 -0.998149
vn 0.012842 0.081665 -0.996577
vn 0.013189 0.080157 -0.996695
vn 0.021084 0.055532 -0.998234
vn 0.973195 0.227605 0.032974
vn 0.973630 0.225854 0.032150
vn 0.973619 0.225900 0.032171
vn 0.973195 0.227605 0.032974
vn -0.505910 -0.862586 -0.000957
vn 0.901564 -0.238790 0.360779
vn -0.863774 -0.438521 -0.248181
vn -0.941809 -0.138424 -0.306326
vn -0.701063 0.579968 -0.414907
vn 0.322095 0.459989 -0.827445
vn 0.035811 0.731944 -0.680423
vn -0.206289 0.915279 -0.345991
vn 0.547344 0.834572 0.062482
vn 0.630109 0.775886 0.031039
vn 0.788389 0.457443 0.411325
vn 0.867211 0.260514 0.424356
vn 0.751985 -0.414997 0.512148
vn 0.722588 -0.015024 0.691116
vn 0.543104 -0.601364 0.586004
vn 0.281859 -0.900354 0.331540
vn 0.197790 -0.359107 -0.912097
vn 0.795431 -0.467761 -0.385342
vn 0.799626 -0.435431 -0.413518
vn 0.818857 -0.354201 0.451679
vn 0.372915 -0.165483 0.912990
vn -0.385537 0.268339 0.882811
vn -0.816529 0.486371 0.311004
vn -0.858099 0.284313 -0.427589
vn -0.391418 -0.101430 -0.914606
vn -0.927108 -0.256392 0.273373
vn -0.906315 -0.383119 0.178364
vn -0.906155 -0.024918 -0.422211
vn -0.889593 -0.245006 -0.385482
vn -0.465820 -0.071304 -0.882002
vn -0.430438 0.416641 -0.800708
vn 0.153799 0.677830 -0.718952
vn 0.343361 0.163117 -0.924931
vn 0.923485 0.125812 -0.362419
vn 0.668031 0.655611 -0.352007
vn 0.930856 0.154430 0.331148
vn 0.946809 -0.011512 0.321591
vn 0.558865 -0.055696 0.827386
vn 0.705470 -0.171057 0.687788
vn -0.194497 -0.568706 0.799214
vn -0.340863 -0.114079 0.933166
vn 0.373613 -0.918211 -0.131538
vn 0.072718 -0.795584 -0.601464
vn 0.749804 -0.487410 -0.447465
vn 0.868453 -0.442731 -0.223110
vn 0.934431 0.222482 -0.278101
vn 0.990223 0.052511 -0.129235
vn 0.479652 0.772179 0.416743
vn 0.361651 0.920859 -0.145699
vn -0.428351 0.863618 0.265856
vn -0.556736 0.664323 0.498719
vn -0.865263 0.382885 0.323605
vn -0.793014 0.382898 0.473834
vn -0.873885 -0.342840 0.344652
vn -0.902384 -0.252880 -0.348933
vn -0.506185 -0.621974 -0.597432
vn -0.430782 -0.900468 0.059873
vn -0.440653 -0.585568 0.680394
vn -0.440653 -0.585568 0.680394
vn -0.440653 -0.585568 0.680393
vn -0.440653 -0.585568 0.680393
vn 0.954664 -0.294955 0.040227
vn 0.954664 -0.294955 0.040227
vn 0.977032 -0.194730 -0.086538
vn 0.533165 -0.289136 -0.795069
vn -0.186927 0.364562 -0.912224
vn -0.108918 -0.086304 -0.990297
vn -0.707026 -0.326480 -0.627316
vn -0.487239 0.797232 0.356397
vn -0.952950 -0.231640 0.195525
vn -0.705165 0.050755 0.707224
vn -0.618145 -0.177921 0.765664
vn 0.064112 -0.159696 0.985082
vn 0.043139 0.066903 0.996827
vn 0.763530 0.106202 0.636980
vn 0.727184 -0.144613 0.671037
vn 0.984310 -0.170915 0.043832
vn 0.986983 0.160210 -0.014037
vn 0.661513 0.043465 -0.748674
vn 0.633551 -0.208260 -0.745145
vn -0.045054 -0.215667 -0.975427
vn -0.040695 -0.108619 -0.993250
vn -0.718293 -0.012285 -0.695632
vn -0.707112 -0.237066 -0.666177
vn -0.965055 -0.209078 0.157970
vn -0.994208 0.085186 0.065532
vn -0.698718 0.199041 -0.687150
vn -0.989002 -0.047429 -0.140094
vn -0.991606 -0.028948 -0.126016
vn -0.365187 0.405791 -0.837838
vn -0.190247 0.294706 -0.936458
vn 0.012991 0.247245 -0.968866
vn -0.127337 0.388344 -0.912674
vn -0.088236 0.318200 -0.943909
vn 0.029429 0.178411 -0.983516
vn 0.066877 0.103009 -0.992430
vn -0.042856 0.253780 -0.966312
vn 0.181825 0.212970 -0.959991
vn 0.280776 0.055435 -0.958171
vn 0.825002 -0.168108 0.539548
vn 0.769778 -0.189147 0.609644
vn 0.992332 -0.103792 0.067122
vn 0.995190 -0.091580 0.034776
vn 0.101008 -0.462863 0.880656
vn -0.009096 -0.354800 0.934898
vn 0.284188 -0.295840 0.911985
vn 0.462395 -0.314207 0.829135
vn -0.239588 -0.537845 0.808282
vn -0.201228 -0.355441 0.912781
vn -0.109462 -0.362338 0.925597
vn -0.049133 -0.568897 0.820940
vn -0.893593 -0.229765 0.385615
vn -0.890410 -0.151411 0.429237
vn -0.490458 -0.280906 0.824950
vn -0.559565 -0.425052 0.711491
vn -0.182651 -0.342061 0.921755
vn -0.388556 -0.286585 0.875724
vn -0.878007 -0.174623 0.445657
vn 0.002933 -0.415620 0.909534
vn -0.038698 -0.352255 0.935104
vn -0.114493 -0.359016 0.926283
vn 0.282031 -0.026989 0.959026
vn 0.282031 -0.026989 0.959026
vn 0.777987 -0.181257 0.601566
vn 0.174138 -0.301435 0.937450
vn -0.011697 0.408846 0.912528
vn 0.132556 0.198687 0.971057
vn 0.538470 0.491803 0.684236
vn 0.594165 0.803980 0.024158
vn 0.481769 0.685490 -0.545896
vn -0.047414 0.730565 -0.681196
vn -0.541238 0.669090 -0.509293
vn 0.743265 0.338687 -0.576930
vn 0.688524 0.147085 -0.710141
vn 0.188246 -0.138576 -0.972296
vn 0.120296 -0.056318 -0.991139
vn 0.055195 -0.035222 -0.997854
vn -0.260031 0.068087 -0.963197
vn -0.260031 0.068087 -0.963197
vn 0.062318 -0.273056 -0.959978
vn -0.678387 -0.536716 -0.501724
vn 0.259432 -0.281005 -0.923976
vn 0.027609 -0.186522 -0.982063
vn 0.807423 -0.012984 -0.589830
vn 0.770317 -0.026788 -0.637098
vn 0.408204 -0.089714 -0.908472
vn 0.408204 -0.089714 -0.908472
vn 0.062520 -0.215556 -0.974488
vn 0.113371 -0.199126 -0.973394
vn 0.002919 -0.886903 -0.461947
vn 0.004622 -0.912660 -0.408693
vn 0.008169 -0.972553 -0.232537
vn -0.013541 0.164415 -0.986298
vn -0.001165 0.125560 -0.992085
vn 0.013495 0.078772 -0.996801
vn 0.977096 -0.100884 -0.187365
vn 0.977096 -0.100884 -0.187365
vn 0.977096 -0.100884 -0.187365
vn 0.977096 -0.100884 -0.187365
vn 0.994645 -0.098828 0.030256
vn 0.949952 0.309673 -0.041156
vn 0.289365 -0.954024 -0.078142
vn 0.289365 -0.954024 -0.078142
vn 0.289370 -0.954023 -0.078140
vn 0.289370 -0.954023 -0.078140
vn 0.289373 -0.954022 -0.078138
vn 0.289373 -0.954022 -0.078138
vn 0.289370 -0.954023 -0.078136
vn 0.289370 -0.954023 -0.078136
vn -0.988131 -0.148680 0.038611
vn -0.988131 -0.148680 0.038611
vn -0.988131 -0.148680 0.038611
vn -0.988131 -0.148680 0.038611
vn -0.984525 -0.072001 -0.159769
vn -0.952144 0.161841 0.259287
vn 0.241337 -0.027369 0.970055
vn 0.241337 -0.027369 0.970055
vn 0.241351 -0.027371 0.970052
vn 0.241350 -0.027371 0.970052
vn 0.241361 -0.027372 0.970049
vn 0.241361 -0.027372 0.970049
vn 0.241348 -0.027372 0.970053
vn 0.241348 -0.027372 0.970053
vn 0.516951 0.029820 -0.855495
vn 0.525337 0.024531 -0.850541
vn 0.535012 0.018375 -0.844645
vn 0.179461 -0.003289 -0.983760
vn -0.161166 -0.022284 -0.986676
vn 0.897711 -0.086855 0.431939
vn 0.903602 -0.006803 0.428320
vn 0.903602 -0.006803 0.428320
vn 0.997136 0.010413 -0.074910
vn 0.997136 0.010413 -0.074910
vn -0.511404 -0.085079 0.855118
vn -0.567516 -0.088128 0.818633
vn -0.615571 -0.090521 0.782865
vn -0.190946 -0.072149 0.978945
vn 0.332920 -0.032812 0.942384
vn -0.912103 -0.103174 -0.396766
vn -0.912103 -0.103174 -0.396765
vn -0.918150 -0.102810 -0.382662
vn -0.918622 -0.102780 -0.381536
vn -0.924383 -0.102393 -0.367467
vn -0.924383 -0.102393 -0.367467
vn -0.992789 -0.119817 0.003710
vn -0.992789 -0.119817 0.003710
vn 0.360509 -0.240937 -0.901101
vn 0.311055 -0.291768 -0.904498
vn 0.262511 -0.338800 -0.903495
vn -0.031283 -0.359246 -0.932718
vn -0.343804 -0.346093 -0.872937
vn 0.983365 0.032960 0.178623
vn 0.983365 0.032960 0.178623
vn 0.986051 0.025160 0.164529
vn 0.985725 0.026150 0.166321
vn 0.988446 0.017451 0.150568
vn 0.988446 0.017451 0.150568
vn 0.972195 -0.091106 -0.215725
vn 0.972195 -0.091106 -0.215725
vn -0.408269 0.141313 0.901857
vn 0.030552 0.174967 0.984100
vn 0.431132 0.174985 0.885159
vn -0.950595 -0.224933 -0.213952
vn -0.955870 -0.207327 -0.208155
vn -0.971531 -0.145120 -0.187265
vn -0.971531 -0.145120 -0.187265
vn -0.953733 -0.021796 0.299864
vn -0.953733 -0.021796 0.299864
vn 0.792896 0.426297 -0.435416
vn 0.004379 0.623237 -0.782021
vn -0.818228 0.284854 -0.499360
vn 0.921260 -0.213841 0.324888
vn 0.993349 0.111495 -0.028741
vn -0.815116 -0.491928 0.305929
vn 0.133915 -0.705564 0.695878
vn -0.989271 -0.122485 -0.079631
vn 0.642361 0.688938 0.335762
vn -0.180032 0.830174 0.527636
vn -0.870538 0.375242 0.318367
vn 0.948955 -0.130389 -0.287199
vn 0.961527 0.273869 0.021491
vn -0.802251 -0.500494 -0.325423
vn 0.156235 -0.736980 -0.657611
vn -0.991890 -0.127020 -0.004581
vn 0.423947 0.605634 -0.673407
vn 0.423947 0.605634 -0.673407
vn 0.419043 0.277021 -0.864675
vn 0.419043 0.277021 -0.864675
vn -0.084352 0.316673 -0.944777
vn -0.079150 0.316687 -0.945222
vn -0.576212 0.271481 -0.770894
vn -0.576212 0.271481 -0.770894
vn 0.842360 0.489632 0.225145
vn 0.842360 0.489631 0.225145
vn 0.842360 0.489631 0.225145
vn 0.842360 0.489631 0.225145
vn 0.994280 0.011099 -0.106226
vn 0.994280 0.011099 -0.106226
vn 0.945788 0.073105 -0.316451
vn 0.945788 0.073105 -0.316451
vn 0.945788 0.073105 -0.316451
vn 0.945788 0.073105 -0.316451
vn -0.071294 0.984026 0.163123
vn -0.071294 0.984026 0.163123
vn 0.070108 -0.346542 0.935411
vn 0.070108 -0.346542 0.935411
vn 0.115582 -0.346554 0.930882
vn 0.115542 -0.346555 0.930887
vn 0.160668 -0.345846 0.924433
vn 0.160668 -0.345846 0.924433
vn -0.938496 0.345040 0.013122
vn -0.938497 0.345040 0.013122
vn -0.938496 0.345040 0.013122
vn -0.938496 0.345040 0.013122
vn -0.989634 0.061840 -0.129620
vn -0.989634 0.061840 -0.129620
vn -0.989634 0.061840 -0.129620
vn -0.989634 0.061840 -0.129620
vn -0.994731 -0.009497 0.102078
vn -0.993838 -0.008779 0.110496
vn -0.993994 -0.008901 0.109073
vn -0.994731 -0.009497 0.102078
vn 0.253815 0.829911 0.496816
vn 0.253815 0.829911 0.496816
vn 0.253308 0.957809 0.135786
vn 0.253308 0.957809 0.135786
vn -0.222277 0.964870 0.140067
vn -0.221991 0.964935 0.140075
vn -0.640888 0.759210 0.113414
vn -0.640888 0.759210 0.113414
vn 0.818441 0.056438 0.571812
vn 0.818441 0.056438 0.571812
vn 0.818441 0.056438 0.571812
vn 0.818441 0.056438 0.571812
vn 0.974007 0.224326 0.031430
vn 0.974007 0.224326 0.031430
vn 0.903144 0.425902 0.054200
vn 0.903144 0.425902 0.054200
vn 0.903144 0.425902 0.054200
vn 0.903144 0.425902 0.054200
vn -0.030944 -0.392003 0.919443
vn -0.030944 -0.392003 0.919444
vn 0.160541 -0.817278 -0.553428
vn 0.160541 -0.817278 -0.553428
vn 0.205353 -0.807844 -0.552466
vn 0.205354 -0.807844 -0.552466
vn 0.249735 -0.796714 -0.550344
vn 0.249735 -0.796714 -0.550344
vn -0.947936 -0.068734 0.310954
vn -0.947936 -0.068734 0.310954
vn -0.947936 -0.068734 0.310954
vn -0.947936 -0.068734 0.310954
vn -0.999986 -0.005226 -0.000364
vn -0.999986 -0.005226 -0.000364
vn -0.999986 -0.005226 -0.000364
vn -0.999986 -0.005226 -0.000364
vn -0.974067 -0.224039 -0.031614
vn -0.973692 -0.225568 -0.032299
vn -0.973686 -0.225594 -0.032311
vn -0.974067 -0.224039 -0.031614
vn 0.092978 0.986690 0.133413
vn 0.092978 0.986689 0.133413
vn -0.112389 0.988925 -0.096930
vn -0.112389 0.988925 -0.096930
vn -0.015223 0.993855 -0.109636
vn -0.015656 0.993854 -0.109582
vn 0.082233 0.989203 -0.121303
vn 0.082233 0.989203 -0.121303
vn -0.992869 -0.008058 0.118942
vn -0.992869 -0.008058 0.118942
vn -0.939956 -0.223480 0.257952
vn -0.939956 -0.223480 0.257952
vn -0.939956 -0.223480 0.257952
vn -0.939956 -0.223480 0.257952
vn -0.835708 0.548894 0.017560
vn -0.835708 0.548894 0.017560
vn -0.835708 0.548894 0.017560
vn -0.835708 0.548894 0.017560
vn 0.010828 -0.998138 -0.060033
vn 0.122004 -0.968257 0.218162
vn 0.122004 -0.968257 0.218162
vn 0.031216 -0.972524 0.230700
vn 0.031289 -0.972524 0.230690
vn -0.059830 -0.968606 0.241295
vn -0.059830 -0.968606 0.241295
vn 0.898625 0.415373 -0.141204
vn 0.898625 0.415373 -0.141204
vn 0.898625 0.415373 -0.141204
vn 0.898625 0.415373 -0.141204
vn 0.808953 0.557453 -0.186655
vn 0.808953 0.557453 -0.186655
vn 0.808954 0.557453 -0.186655
vn 0.808954 0.557453 -0.186655
vn 0.975958 -0.216822 0.022224
vn 0.975958 -0.216822 0.022224
vn 0.975958 -0.216822 0.022224
vn 0.975958 -0.216822 0.022224
vn -0.019708 -0.040352 0.998991
vn -0.019708 -0.040352 0.998991
vn -0.099434 -0.154730 0.982940
vn -0.099434 -0.154730 0.982940
vn -0.004484 -0.134175 0.990947
vn -0.004561 -0.134193 0.990945
vn 0.090525 -0.112342 0.989538
vn 0.090525 -0.112342 0.989538
vn -0.973260 -0.227312 -0.033081
vn -0.973260 -0.227312 -0.033081
vn -0.913939 -0.300151 -0.273175
vn -0.913939 -0.300151 -0.273175
vn -0.913939 -0.300151 -0.273175
vn -0.913939 -0.300151 -0.273175
vn -0.818999 -0.237092 0.522521
vn -0.818999 -0.237092 0.522521
vn -0.818999 -0.237092 0.522521
vn -0.818999 -0.237092 0.522521
vn 0.021122 0.054011 -0.998317
vn 0.125047 0.020279 -0.991944
vn 0.125047 0.020279 -0.991944
vn 0.035483 -0.000926 -0.999370
vn 0.035341 -0.000960 -0.999375
vn -0.054392 -0.022126 -0.998275
vn -0.054392 -0.022125 -0.998275
vn 0.844021 0.252757 0.473014
vn 0.844021 0.252757 0.473014
vn 0.844021 0.252757 0.473014
vn 0.844021 0.252757 0.473014
vn 0.805145 0.136723 0.577103
vn 0.805145 0.136723 0.577103
vn 0.805145 0.136723 0.577103
vn 0.805145 0.136723 0.577103
vn 0.968749 0.134992 -0.208092
vn 0.968749 0.134992 -0.208092
vn 0.968749 0.134992 -0.208092
vn 0.968749 0.134992 -0.208092
vn -0.533293 -0.166362 -0.829411
vn -0.873648 -0.307013 -0.377468
vn -0.920148 -0.324068 0.219792
vn 0.961036 0.059557 -0.269930
vn 0.332682 0.098470 -0.937884
vn 0.559117 -0.103522 0.822600
vn 0.943312 -0.033843 0.330178
vn -0.349147 -0.183877 0.918850
vn 0.964360 0.162649 -0.208699
vn 0.886882 -0.432669 -0.161982
vn 0.498463 -0.863298 -0.079063
vn -0.400828 0.857498 0.322543
vn 0.421453 0.903519 -0.077661
vn -0.864501 -0.212249 0.455620
vn -0.777858 0.395065 0.488734
vn -0.371983 -0.917181 0.142856
vn 0.662888 -0.527156 0.531683
vn 0.662888 -0.527156 0.531682
vn 0.662888 -0.527156 0.531683
vn 0.662888 -0.527156 0.531683
vn 0.737904 -0.491861 0.462136
vn 0.106346 -0.483593 0.868808
vn -0.615606 -0.484596 0.621446
vn 0.751121 -0.659784 -0.022414
vn -0.866949 -0.369924 0.334000
vn -0.866949 -0.369924 0.333999
vn -0.755988 -0.631355 0.172839
vn 0.795254 -0.014041 -0.606114
vn -0.350368 -0.137187 0.926511
vn -0.827859 -0.255104 0.499571
vn -0.827860 -0.255104 0.499571
vn -0.349559 -0.136972 0.926848
vn -0.932920 -0.254091 -0.255142
vn -0.932920 -0.254091 -0.255142
vn -0.932920 -0.254091 -0.255142
vn -0.932920 -0.254091 -0.255142
vn -0.851442 -0.212286 -0.479564
vn -0.851442 -0.212286 -0.479564
vn -0.851442 -0.212286 -0.479564
vn -0.851442 -0.212286 -0.479564
vn -0.186415 0.053992 -0.980987
vn 0.328151 0.208870 -0.921244
vn 0.328183 0.208879 -0.921230
vn -0.186415 0.053992 -0.980987
vn 0.648307 0.284809 -0.706104
vn 0.648307 0.284809 -0.706104
vn 0.894803 0.260860 0.362325
vn 0.894803 0.260860 0.362325
vn 0.894803 0.260860 0.362325
vn 0.894803 0.260860 0.362325
vn 0.885180 0.255947 0.388520
vn 0.885180 0.255947 0.388520
vn 0.885180 0.255947 0.388520
vn 0.885180 0.255947 0.388520
vn 0.115074 -0.007970 0.993325
vn 0.115074 -0.007970 0.993325
vn -0.431934 -0.900588 0.048734
vn 0.085220 -0.993232 -0.078912
vn 0.085220 -0.993232 -0.078912
vn -0.431964 -0.900573 0.048742
vn 0.815059 -0.534137 -0.224447
vn 0.815059 -0.534137 -0.224447
vn 0.815059 -0.534137 -0.224447
vn 0.815059 -0.534137 -0.224447
vn 0.916907 -0.315148 -0.244873
vn 0.916907 -0.315148 -0.244873
vn 0.916907 -0.315148 -0.244873
vn 0.916907 -0.315148 -0.244873
vn 0.863199 0.444994 -0.238470
vn 0.414010 0.902095 -0.121739
vn 0.413272 0.902460 -0.121543
vn 0.863199 0.444994 -0.238470
vn -0.047514 0.998868 0.002184
vn -0.047514 0.998868 0.002184
vn -0.870747 0.444524 0.210234
vn -0.870747 0.444524 0.210234
vn -0.870747 0.444524 0.210234
vn -0.870747 0.444524 0.210234
vn -0.882749 0.418969 0.212648
vn -0.882749 0.418969 0.212648
vn -0.882749 0.418969 0.212648
vn -0.882749 0.418969 0.212648
vn -0.734756 -0.664921 0.134215
vn -0.734756 -0.664921 0.134215
s 1
g pCube1
usemtl pCube1SG
f 101/1/1 1/2/2 98/3/3 97/4/4
f 99/5/5 2/6/6 103/7/7 102/8/8
f 104/9/9 3/10/10 107/11/11 106/12/12
s 3
f 114/13/13 5/14/14 111/15/15 110/16/16
f 112/17/17 6/18/18 116/19/19 115/20/20
f 117/21/21 7/22/22 120/23/23 119/24/24
f 126/25/25 9/26/26 113/27/27 123/28/28
f 124/29/29 10/30/30 118/31/31 127/32/32
f 128/33/33 11/34/34 122/35/35 130/36/36
f 136/424/37 13/38/38 125/39/39 133/474/40
f 141/401/41 85/42/42 138/43/43 137/473/44
f 145/413/45 15/477/46 132/47/47 142/472/48
f 149/49/49 17/50/50 135/51/51 146/52/52
f 147/53/53 18/54/54 151/470/55 150/56/56
f 152/57/57 19/58/58 144/59/59 154/60/60
f 160/61/61 21/62/62 148/63/63 157/64/64
f 158/65/65 22/66/66 153/67/67 161/68/68
f 162/69/69 23/70/70 156/71/71 164/72/72
f 171/73/73 90/74/74 168/75/75 167/76/76
f 169/77/77 91/78/78 173/79/79 172/80/80
f 174/81/81 92/82/82 177/83/83 176/84/84
s 10
f 184/85/85 49/86/86 181/87/87 180/88/88
s 1
f 187/464/89 30/90/90 175/91/91 185/469/92
s 12
f 192/93/93 53/94/94 189/95/95 188/96/96
s off
f 108/97/97 4/98/98 194/99/99 193/100/100
s 3
f 121/101/101 8/102/102 197/103/103 196/104/104
s 13
f 378/105/105 377/106/106 379/107/107 380/108/108
s off
f 171/73/109 29/109/110 204/110/111 203/111/112
s 3
f 160/61/61 25/112/113 207/113/114 206/114/115
s 14
f 386/501/116 387/116/117 388/117/118 389/118/119
s 15
f 216/119/120 29/109/121 170/120/122 213/121/123
s 1
f 214/122/124 30/90/90 187/464/89 217/123/125
f 218/124/126 2/6/6 98/3/127 220/125/128
s 17
f 221/126/129 1/2/130 204/462/131 223/127/132
s 18
f 228/128/133 31/129/134 179/130/135 225/131/136
s 19
f 226/132/137 32/133/138 194/460/139 229/134/140
s 1
f 230/135/141 4/98/142 107/11/143 232/136/144
f 233/137/145 3/10/10 186/458/146 235/139/147
s 21
f 240/140/148 33/141/149 215/142/150 237/143/151
f 238/144/152 34/145/153 219/454/154 241/147/155
f 242/148/156 35/149/157 222/150/158 244/151/159
f 245/152/160 36/153/161 224/447/162 247/155/163
s 22
f 252/156/164 37/157/165 227/158/166 249/159/167
f 250/160/168 38/161/169 231/441/170 253/163/171
f 254/164/172 39/165/173 234/166/174 256/167/175
f 257/168/176 40/169/177 236/434/178 259/171/179
s 23
f 263/524/180 41/479/181 239/174/182 261/528/183
s off
f 262/176/184 42/177/185 243/178/186 264/527/187
s 24
f 270/511/188 58/181/189 267/182/190 266/525/191
s off
f 272/516/192 44/448/193 248/186/194 271/523/195
s 25
f 275/518/196 45/478/197 251/190/198 273/522/199
s off
f 274/192/200 46/193/201 255/194/202 276/521/203
s 26
f 282/505/204 62/197/205 279/198/206 278/519/207
s off
f 284/510/208 48/435/209 260/202/210 283/517/211
s 27
f 287/204/212 43/450/213 246/206/214 285/207/215
s off
f 286/208/216 44/448/217 272/516/218 288/209/219
s 10
f 289/210/220 52/211/221 183/212/222 290/213/223
s 28
f 291/214/224 51/215/225 265/513/226 292/217/227
s 29
f 295/218/228 47/437/229 258/220/230 293/221/231
s off
f 294/222/232 48/435/233 284/510/234 296/223/235
s 12
f 297/224/236 56/225/237 191/226/238 298/227/239
s 30
f 299/228/240 55/229/241 277/507/242 300/231/243
s 3
f 304/232/244 12/233/245 198/430/246 301/235/247
f 302/236/248 24/237/249 155/238/250 305/239/251
f 306/240/252 20/241/253 143/428/254 308/243/255
f 309/244/256 16/245/257 131/246/258 311/247/259
f 316/248/260 21/62/62 208/426/261 313/250/262
f 314/251/263 9/26/26 126/25/25 317/252/264
f 318/253/265 13/38/38 136/424/37 320/254/266
f 321/255/267 17/50/50 149/49/49 323/256/268
f 327/257/269 66/258/270 303/422/271 325/260/272
f 326/261/273 65/262/274 307/263/275 328/264/276
f 329/265/277 67/266/278 310/420/279 330/268/280
f 331/269/281 68/270/282 312/271/283 332/272/284
f 335/273/285 69/274/286 315/418/287 333/276/288
f 334/277/289 70/278/290 319/279/291 336/280/292
f 337/281/293 71/282/294 322/416/295 338/284/296
f 339/285/297 72/286/298 324/287/299 340/288/300
s off
f 344/289/301 14/480/302 129/291/303 341/292/304
s 3
f 342/293/305 15/46/306 145/414/45 345/294/307
f 346/295/308 19/471/58 151/55/309 348/296/310
f 349/297/311 18/475/54 134/410/312 351/299/313
f 355/300/314 81/301/315 343/302/316 353/303/317
f 354/304/318 82/305/319 347/406/320 356/307/321
f 357/308/322 83/309/323 350/310/324 358/311/325
f 359/312/326 84/313/327 352/403/328 360/315/329
f 363/316/330 90/74/74 205/400/331 361/318/332
f 363/316/330 25/112/113 159/319/333 364/320/334
f 365/321/335 26/322/336 163/323/337 366/324/338
f 367/325/339 27/326/340 166/327/341 368/328/342
f 371/329/343 94/330/344 195/397/345 370/332/346
f 373/333/347 95/334/348 109/335/349 372/336/350
f 375/337/351 96/338/352 105/339/353 374/340/354
f 362/341/355 89/342/356 100/343/357 376/344/358
s 1
f 98/3/3 2/6/6 99/5/5 97/4/4
s 3
f 99/5/359 96/338/352 100/343/357 97/4/360
f 100/343/357 89/342/356 101/1/361 97/4/360
s 1
f 103/7/7 3/10/10 104/9/9 102/8/362
s 3
f 104/9/363 95/334/348 105/339/353 102/8/364
f 105/339/353 96/338/352 99/5/359 102/8/364
s 1
f 107/11/11 4/98/365 108/97/366 106/12/12
s 3
f 108/97/367 94/330/344 109/335/349 106/12/368
f 109/335/349 95/334/348 104/9/363 106/12/368
f 111/15/15 6/18/18 112/17/17 110/16/16
f 112/17/17 10/30/30 113/27/27 110/16/16
f 113/27/27 9/26/26 114/13/13 110/16/16
f 116/19/19 7/22/22 117/21/21 115/20/20
f 117/21/21 11/34/34 118/31/31 115/20/20
f 118/31/31 10/30/30 112/17/17 115/20/20
f 120/23/23 8/102/102 121/101/101 119/24/24
f 121/101/101 12/233/245 122/35/35 119/24/24
f 122/35/35 11/34/34 117/21/21 119/24/24
f 113/27/27 10/30/30 124/29/29 123/28/28
f 124/29/29 14/290/369 125/39/39 123/28/28
f 125/39/39 13/38/38 126/25/25 123/28/28
f 118/31/31 11/34/34 128/33/33 127/32/32
f 128/33/33 15/477/46 129/476/370 127/32/32
f 129/476/370 14/290/369 124/29/29 127/32/32
f 122/35/35 12/233/245 131/246/258 130/36/36
f 131/246/258 16/245/257 132/47/47 130/36/36
f 132/47/47 15/477/46 128/33/33 130/36/36
f 125/39/39 14/290/369 134/408/312 133/474/40
f 134/409/312 18/54/54 135/51/51 133/40/40
f 135/51/51 17/50/50 136/37/37 133/40/40
f 138/43/43 86/345/371 139/346/372 137/473/44
f 139/404/372 87/347/373 140/348/374 137/44/44
f 140/348/374 88/349/375 141/41/41 137/44/44
f 132/47/47 16/245/257 143/242/254 142/472/48
f 143/428/254 20/241/253 144/59/59 142/48/48
f 144/59/59 19/58/58 145/412/45 142/48/48
f 135/51/51 18/54/54 147/53/53 146/52/52
f 147/53/53 22/66/66 148/63/63 146/52/52
f 148/63/63 21/62/62 149/49/49 146/52/52
f 151/470/55 19/58/58 152/57/57 150/56/56
f 152/57/57 23/70/70 153/67/67 150/56/56
f 153/67/67 22/66/66 147/53/53 150/56/56
f 144/59/59 20/241/253 155/238/250 154/60/60
f 155/238/250 24/237/249 156/71/71 154/60/60
f 156/71/71 23/70/70 152/57/57 154/60/60
f 148/63/63 22/66/66 158/65/65 157/64/64
f 158/65/65 26/322/336 159/319/333 157/64/64
f 159/319/333 25/112/113 160/61/61 157/64/64
f 153/67/67 23/70/70 162/69/69 161/68/68
f 162/69/69 27/326/340 163/323/337 161/68/68
f 163/323/337 26/322/336 158/65/65 161/68/68
f 156/71/71 24/237/249 165/350/376 164/72/72
f 165/350/376 28/351/377 166/327/341 164/72/72
f 166/327/341 27/326/340 162/69/69 164/72/72
f 168/75/75 91/78/78 169/77/77 167/76/76
s 1
f 169/77/378 30/90/90 170/120/379 167/76/380
f 170/120/379 29/109/381 171/73/382 167/76/380
s 3
f 173/79/79 92/82/82 174/81/81 172/80/80
s 1
f 174/81/383 31/129/384 175/91/91 172/80/385
f 175/91/91 30/90/90 169/77/378 172/80/386
s 3
f 177/83/83 93/352/387 178/353/388 176/84/84
s 1
f 178/353/389 32/133/390 179/130/391 176/84/392
f 179/130/391 31/129/384 174/81/383 176/84/392
s 10
f 181/87/87 50/354/393 182/355/394 180/88/88
f 182/355/394 51/215/395 183/212/222 180/88/88
f 183/212/222 52/211/221 184/85/85 180/88/88
s 1
f 175/91/91 31/129/384 186/138/146 185/469/92
f 186/458/146 3/10/10 103/7/7 185/92/92
f 103/7/7 2/6/6 187/89/89 185/92/92
s 12
f 189/95/95 54/356/396 190/357/397 188/96/96
f 190/357/397 55/229/398 191/226/238 188/96/96
f 191/226/238 56/225/237 192/93/93 188/96/96
s off
f 194/460/399 32/133/400 178/353/401 193/468/402
s 3
f 178/353/388 93/352/387 195/331/345 193/468/403
f 195/397/345 94/330/344 108/97/367 193/100/403
f 197/395/103 28/351/377 165/350/376 196/467/104
f 165/350/376 24/237/249 198/234/404 196/467/104
f 198/430/404 12/233/245 121/101/101 196/104/104
s 41
f 379/107/405 381/358/406 382/503/407 380/108/408
f 382/359/407 383/360/409 384/361/410 380/108/408
s 13
f 384/361/411 385/362/412 378/105/105 380/108/108
s off
f 204/462/413 1/2/414 101/1/415 203/466/416
s 3
f 101/1/361 89/342/356 205/317/331 203/466/417
f 205/400/331 90/74/74 171/73/73 203/111/417
f 207/398/114 5/14/14 114/13/13 206/465/115
f 114/13/13 9/26/26 208/249/418 206/465/115
f 208/426/418 21/62/62 160/61/61 206/114/115
s 42
f 388/117/419 390/363/420 391/364/421 389/118/422
f 391/364/421 392/365/423 393/366/424 389/118/422
s 14
f 393/366/425 394/367/426 386/115/116 389/118/119
s 15
f 170/120/122 30/90/427 214/122/428 213/121/123
f 214/122/428 34/145/429 215/142/430 213/121/123
f 215/142/430 33/141/431 216/119/120 213/121/123
s 1
f 187/89/89 2/6/6 218/124/126 217/463/432
f 218/124/126 35/149/433 219/146/434 217/463/432
f 219/454/435 34/145/436 214/122/124 217/123/125
f 98/3/127 1/2/437 221/126/438 220/125/128
f 221/126/438 36/153/439 222/150/440 220/125/128
f 222/150/440 35/149/441 218/124/126 220/125/128
s 43
f 204/110/442 29/109/443 216/119/444 223/461/445
f 216/119/444 33/141/446 224/154/447 223/461/445
s 17
f 224/447/448 36/153/449 221/126/129 223/127/132
s 18
f 179/130/135 32/133/450 226/132/451 225/131/136
f 226/132/451 38/161/452 227/158/453 225/131/136
f 227/158/453 37/157/454 228/128/133 225/131/136
s 44
f 194/99/455 4/98/456 230/135/457 229/459/458
f 230/135/457 39/165/459 231/162/460 229/459/458
s 19
f 231/441/461 38/161/462 226/132/137 229/134/140
s 1
f 107/11/143 3/10/10 233/137/145 232/136/144
f 233/137/145 40/169/463 234/166/464 232/136/144
f 234/166/464 39/165/465 230/135/141 232/136/144
f 186/138/146 31/129/384 228/128/466 235/457/467
f 228/128/466 37/157/468 236/170/469 235/457/467
f 236/434/470 40/169/471 233/137/145 235/139/147
s 21
f 215/142/150 34/145/153 238/144/152 237/143/151
f 238/144/152 42/456/472 239/455/473 237/143/151
f 239/455/473 41/173/474 240/140/148 237/143/151
f 219/146/154 35/149/157 242/148/156 241/453/155
f 242/148/156 43/205/475 243/451/476 241/453/155
f 243/452/476 42/456/472 238/144/152 241/147/155
f 222/150/158 36/153/161 245/152/160 244/151/159
f 245/152/160 44/185/477 246/449/478 244/151/159
f 246/449/478 43/205/475 242/148/156 244/151/159
f 224/154/162 33/141/149 240/140/148 247/446/163
f 240/140/148 41/173/474 248/444/479 247/446/163
f 248/445/479 44/185/477 245/152/160 247/155/163
s 22
f 227/158/166 38/161/169 250/160/168 249/159/167
f 250/160/168 46/443/480 251/442/481 249/159/167
f 251/442/481 45/189/482 252/156/164 249/159/167
f 231/162/170 39/165/173 254/164/172 253/440/171
f 254/164/172 47/219/483 255/438/484 253/440/171
f 255/439/484 46/443/480 250/160/168 253/163/171
f 234/166/174 40/169/177 257/168/176 256/167/175
f 257/168/176 48/201/485 258/436/486 256/167/175
f 258/436/486 47/219/483 254/164/172 256/167/175
f 236/170/178 37/157/165 252/156/164 259/433/179
f 252/156/164 45/189/482 260/431/487 259/433/179
f 260/432/487 48/201/485 257/168/176 259/171/179
s 23
f 239/174/182 42/177/488 262/176/489 261/528/183
s 45
f 262/526/490 50/354/491 181/87/492 261/175/493
f 181/87/492 49/86/494 263/172/495 261/175/493
s off
f 243/178/496 43/450/497 265/216/498 264/527/499
s 28
f 265/513/226 51/215/225 182/355/500 264/179/501
s off
f 182/355/502 50/354/503 262/526/504 264/179/505
s 24
f 267/182/190 57/368/506 268/369/507 266/525/191
s 46
f 268/514/508 59/370/509 269/371/510 266/183/511
f 269/371/510 60/372/512 270/180/513 266/183/511
s off
f 248/186/514 41/479/515 263/524/516 271/523/517
f 263/172/518 49/86/519 184/85/520 271/187/521
s 47
f 184/85/522 52/211/523 272/184/524 271/187/525
s 25
f 251/190/198 46/193/526 274/192/527 273/522/199
s 48
f 274/520/528 54/356/529 189/95/530 273/191/531
f 189/95/530 53/94/532 275/188/533 273/191/531
s off
f 255/194/534 47/437/535 277/230/536 276/521/537
s 30
f 277/507/242 55/229/241 190/357/538 276/195/539
s off
f 190/357/540 54/356/541 274/520/542 276/195/543
s 26
f 279/198/206 61/373/544 280/374/545 278/519/207
s 49
f 280/508/546 63/375/547 281/376/548 278/199/549
f 281/376/548 64/377/550 282/196/551 278/199/549
s off
f 260/202/552 45/478/553 275/518/554 283/517/555
f 275/188/556 53/94/557 192/93/558 283/203/559
s 50
f 192/93/560 56/225/561 284/200/562 283/203/563
s 27
f 246/206/214 44/448/564 286/208/565 285/207/215
s 51
f 286/208/566 57/368/567 267/182/568 285/207/569
f 267/182/568 58/181/570 287/204/571 285/207/569
s 47
f 272/184/524 52/211/523 289/210/572 288/515/573
s off
f 289/210/574 59/370/575 268/514/576 288/515/577
f 268/369/578 57/368/579 286/208/580 288/209/581
s 10
f 183/212/222 51/215/395 291/214/582 290/213/223
s 52
f 291/214/583 60/372/584 269/371/585 290/213/586
f 269/371/585 59/370/587 289/210/588 290/213/586
s off
f 265/216/589 43/450/590 287/204/591 292/512/592
f 287/204/593 58/181/594 270/511/595 292/512/596
f 270/180/597 60/372/598 291/214/599 292/217/600
s 29
f 258/220/230 48/435/601 294/222/602 293/221/231
s 53
f 294/222/603 61/373/604 279/198/605 293/221/606
f 279/198/605 62/197/607 295/218/608 293/221/606
s 50
f 284/200/562 56/225/561 297/224/609 296/509/610
s off
f 297/224/611 63/375/612 280/508/613 296/509/614
f 280/374/615 61/373/616 294/222/617 296/223/618
s 12
f 191/226/238 55/229/398 299/228/619 298/227/239
s 54
f 299/228/620 64/377/621 281/376/622 298/227/623
f 281/376/622 63/375/624 297/224/625 298/227/623
s off
f 277/230/626 47/437/627 295/218/628 300/506/629
f 295/218/630 62/197/631 282/505/632 300/506/633
f 282/196/634 64/377/635 299/228/636 300/231/637
s 3
f 198/234/246 24/237/249 302/236/248 301/429/247
f 302/236/248 65/262/274 303/259/271 301/429/247
f 303/422/271 66/258/270 304/232/244 301/235/247
f 155/238/250 20/241/253 306/240/252 305/239/251
f 306/240/252 67/266/278 307/263/275 305/239/251
f 307/263/275 65/262/274 302/236/248 305/239/251
f 143/242/254 16/245/257 309/244/256 308/427/255
f 309/244/256 68/270/282 310/267/279 308/427/255
f 310/420/279 67/266/278 306/240/252 308/243/255
f 131/246/258 12/233/245 304/232/244 311/247/259
f 304/232/244 66/258/270 312/271/283 311/247/259
f 312/271/283 68/270/282 309/244/256 311/247/259
f 208/249/261 9/26/26 314/251/263 313/425/262
f 314/251/263 70/278/290 315/275/287 313/425/262
f 315/418/287 69/274/286 316/248/260 313/250/262
f 126/25/25 13/38/38 318/253/265 317/252/264
f 318/253/265 71/282/294 319/279/291 317/252/264
f 319/279/291 70/278/290 314/251/263 317/252/264
f 136/37/37 17/50/50 321/255/267 320/423/266
f 321/255/267 72/286/298 322/283/295 320/423/266
f 322/416/295 71/282/294 318/253/265 320/254/266
f 149/49/49 21/62/62 316/248/260 323/256/268
f 316/248/260 69/274/286 324/287/299 323/256/268
f 324/287/299 72/286/298 321/255/267 323/256/268
f 303/259/271 65/262/274 326/261/273 325/421/272
f 326/261/273 73/497/638 199/498/639 325/421/272
f 199/499/639 74/500/640 327/257/269 325/260/272
f 307/263/275 67/266/278 329/265/277 328/264/276
f 329/265/277 75/495/641 200/496/642 328/264/276
f 200/496/642 73/497/638 326/261/273 328/264/276
f 310/267/279 68/270/282 331/269/281 330/419/280
f 331/269/281 76/492/643 201/493/644 330/419/280
f 201/494/644 75/495/641 329/265/277 330/268/280
f 312/271/283 66/258/270 327/257/269 332/272/284
f 327/257/269 74/500/640 202/491/645 332/272/284
f 202/491/645 76/492/643 331/269/281 332/272/284
f 315/275/287 70/278/290 334/277/289 333/417/288
f 334/277/289 78/490/646 209/488/647 333/417/288
f 209/489/647 77/482/648 335/273/285 333/276/288
f 319/279/291 71/282/294 337/281/293 336/280/292
f 337/281/293 79/487/649 210/486/650 336/280/292
f 210/486/650 78/490/646 334/277/289 336/280/292
f 322/283/295 72/286/298 339/285/297 338/415/296
f 339/285/297 80/485/651 211/483/652 338/415/296
f 211/484/652 79/487/649 337/281/293 338/284/296
f 324/287/299 69/274/286 335/273/285 340/288/300
f 335/273/285 77/482/648 212/481/653 340/288/300
f 212/481/653 80/485/651 339/285/297 340/288/300
s off
f 129/291/654 15/46/655 342/293/656 341/292/657
s 3
f 342/293/658 82/305/319 343/302/316 341/292/659
f 343/302/316 81/301/315 344/289/660 341/292/659
f 145/45/45 19/471/58 346/295/308 345/411/307
f 346/295/308 83/309/323 347/306/320 345/411/661
f 347/406/320 82/305/319 342/293/658 345/294/661
f 151/55/309 18/475/54 349/297/311 348/296/310
f 349/297/311 84/313/327 350/310/324 348/296/310
f 350/310/324 83/309/323 346/295/308 348/296/310
f 134/298/312 14/480/662 344/289/663 351/407/313
f 344/289/660 81/301/315 352/314/328 351/407/664
f 352/403/328 84/313/327 349/297/311 351/299/664
f 343/302/316 82/305/319 354/304/318 353/303/317
f 354/304/318 86/345/371 138/43/43 353/303/317
f 138/43/43 85/42/42 355/300/314 353/303/317
f 347/306/320 83/309/323 357/308/322 356/405/321
f 357/308/322 87/347/373 139/404/372 356/405/321
f 139/346/372 86/345/371 354/304/318 356/307/321
f 350/310/324 84/313/327 359/312/326 358/311/325
f 359/312/326 88/349/375 140/348/374 358/311/325
f 140/348/374 87/347/373 357/308/322 358/311/325
f 352/314/328 81/301/315 355/300/314 360/402/329
f 355/300/314 85/42/42 141/401/41 360/402/329
f 141/41/41 88/349/375 359/312/326 360/315/329
f 205/317/331 89/342/356 362/341/355 361/399/332
f 362/341/355 5/14/14 207/398/114 361/399/332
f 207/113/114 25/112/113 363/316/330 361/318/332
f 159/319/333 26/322/336 365/321/335 364/320/334
f 365/321/335 91/78/78 168/75/75 364/320/334
f 168/75/75 90/74/74 363/316/330 364/320/334
f 163/323/337 27/326/340 367/325/339 366/324/338
f 367/325/339 92/82/82 173/79/79 366/324/338
f 173/79/79 91/78/78 365/321/335 366/324/338
f 166/327/341 28/351/377 369/394/665 368/328/342
f 369/394/665 93/352/387 177/83/83 368/328/342
f 177/83/83 92/82/82 367/325/339 368/328/342
f 195/331/345 93/352/387 369/394/665 370/396/346
f 369/394/665 28/351/377 197/395/103 370/396/346
f 197/103/103 8/102/102 371/329/343 370/332/346
f 109/335/349 94/330/344 371/329/343 372/336/350
f 371/329/343 8/102/102 120/23/23 372/336/350
f 120/23/23 7/22/22 373/333/347 372/336/350
f 105/339/353 95/334/348 373/333/347 374/340/354
f 373/333/347 7/22/22 116/19/19 374/340/354
f 116/19/19 6/18/18 375/337/351 374/340/354
f 100/343/357 96/338/352 375/337/351 376/344/358
f 375/337/351 6/18/18 111/15/15 376/344/358
f 111/15/15 5/14/14 362/341/355 376/344/358
s 55
f 202/385/666 74/380/667 377/106/668 378/105/669
s off
f 74/380/670 199/379/671 379/107/672 377/106/673
f 199/379/674 73/378/675 381/358/676 379/107/677
s 56
f 73/378/678 200/504/679 382/503/680 381/358/681
f 200/382/679 75/381/682 383/360/683 382/359/680
s off
f 75/381/684 201/384/685 384/361/686 383/360/687
f 201/384/688 76/383/689 385/362/690 384/361/691
s 55
f 76/383/692 202/385/666 378/105/669 385/362/693
s 57
f 212/393/694 77/388/695 387/116/696 386/501/697
s off
f 77/388/698 209/387/699 388/117/700 387/116/701
f 209/387/702 78/386/703 390/363/704 388/117/705
s 58
f 78/386/706 210/390/707 391/364/708 390/363/709
f 210/390/707 79/389/710 392/365/711 391/364/708
s off
f 79/389/712 211/392/713 393/366/714 392/365/715
f 211/392/716 80/391/717 394/367/718 393/366/719
s 57
f 80/391/720 212/502/694 386/115/697 394/367/721
