# This file uses centimeters as units for non-parametric coordinates.

mtllib run_frame08.mtl
g default
v -16.706352 70.671432 6.977548
v -3.640333 68.326080 3.842684
v 7.054749 65.489716 0.462994
v 20.120722 66.250175 -4.107666
v -20.711176 96.007240 5.137391
v -10.806471 92.843430 16.325871
v 7.179853 91.422134 18.786221
v 20.185991 92.695808 10.780877
v -17.829138 123.833862 8.600500
v -9.308696 116.342598 18.694447
v 5.518553 116.234116 22.091747
v 17.020634 123.618011 17.071396
v -22.675943 131.063049 11.503690
v -6.997915 136.587601 17.820137
v 4.177524 136.480347 20.333225
v 19.939281 132.715210 21.793169
v -21.173502 137.071518 4.762806
v -6.283067 140.464279 6.322651
v 8.537458 140.341858 9.707368
v 24.041630 133.212616 11.912730
v -16.064125 127.854576 2.422378
v -4.238877 124.007599 -3.188292
v 10.588691 123.898384 0.207836
v 18.961349 125.448921 9.555759
v -18.816401 98.854324 -7.287316
v -5.352662 98.651802 -9.259633
v 9.638779 97.520630 -7.245617
v 22.136883 95.609749 -1.930585
v -19.072586 65.108307 -3.530349
v -5.878447 62.089016 -4.959313
v 3.122478 66.122955 -11.775623
v 15.957120 71.503448 -15.159328
v -14.459293 42.039730 22.603153
v -7.033897 41.146603 21.261900
v -5.319024 46.670216 29.566797
v -12.824155 47.213158 30.869125
v 6.505351 41.158920 -27.316475
v 13.712905 42.231190 -30.109396
v 18.474117 35.764263 -20.196182
v 11.260900 34.658707 -17.411421
v -14.164374 41.923256 -7.391392
v -6.996526 40.164272 -7.373321
v -9.297946 30.973728 -2.284843
v -16.455952 32.736824 -2.383256
v -1.086974 19.108500 -51.109970
v 6.074823 19.544127 -53.352425
v 8.655474 10.939499 -47.089428
v 1.462561 10.538911 -44.909096
v -15.274475 40.005894 -12.895012
v -6.706188 37.869080 -12.787210
v -8.462457 25.161673 -5.206409
v -19.905407 28.016346 -5.389730
v -2.796028 15.445606 -55.374287
v 5.843413 16.157036 -57.857258
v 10.874640 4.183664 -48.700394
v -0.390279 3.675581 -45.312576
v -21.460045 17.407574 6.706220
v -12.449107 15.152207 6.841160
v -21.873709 15.574405 3.690769
v -12.862767 13.319047 3.825706
v 5.550092 3.730990 -31.339237
v 14.397183 4.034650 -34.171406
v 5.410762 0.339479 -31.910519
v 14.270595 0.627644 -34.657959
v 27.136263 107.552361 28.254910
v 22.909040 113.968353 26.768585
v 36.331902 113.297256 28.173807
v 31.955774 119.392509 28.535109
v -22.196129 129.541824 -19.817724
v -20.682287 126.246933 -11.837445
v -31.090919 128.305038 -10.306492
v -31.748247 133.563080 -16.477936
v 14.218161 124.733948 50.843140
v 11.142900 131.016495 44.020592
v 17.455263 126.644760 51.143578
v 14.379083 132.928833 44.320908
v -29.920742 99.984901 -15.331851
v -27.217855 100.747597 -5.971614
v -30.700735 101.867203 -5.057117
v -33.403622 101.104507 -14.417354
v -8.920070 147.862122 23.798090
v 6.650976 147.467728 25.131010
v 11.017809 148.220154 9.236914
v -10.667547 148.493042 7.473703
v -7.628096 169.185287 24.330709
v 7.221422 168.844330 24.840252
v 7.556449 172.267639 7.241246
v -6.599327 172.592667 6.755509
v -17.884325 74.771851 5.442589
v -19.983452 74.994286 -6.353156
v -7.605691 75.670914 -11.039843
v 4.500288 78.112160 -12.134541
v 17.772224 78.311310 -11.895599
v 20.387337 74.886314 0.403646
v 9.037966 73.601135 6.277008
v -5.502877 73.723473 8.058546
v -11.398241 72.587486 6.284245
v -10.772568 70.639580 7.160911
v -4.698287 71.279610 5.879523
v -12.372566 74.491867 7.491148
v -17.358347 72.710854 5.175434
v 1.781509 70.118164 5.366067
v 2.021943 66.387108 3.727799
v 8.518465 68.942772 4.160747
v 1.685708 73.490189 7.368524
v 15.293420 69.214211 1.919686
v 15.082815 64.914368 -0.826544
v 20.335936 70.429146 -1.600179
v 15.738602 73.947952 4.026901
v -16.568119 106.402145 11.758253
v -17.309896 94.444397 10.916749
v -10.731624 104.676765 16.748661
v -16.063772 118.426674 13.670874
v -20.349230 108.231445 6.518378
v -1.523737 103.129868 18.533981
v -1.941806 91.939232 18.382879
v 7.761130 104.020355 20.273922
v -1.620468 116.708908 19.255438
v 15.034794 105.163948 17.628033
v 15.055032 91.871399 15.322647
v 20.479961 106.519989 14.165134
v 13.624763 118.012718 20.333633
v -15.076044 128.099915 16.485729
v -8.510518 129.125610 19.847153
v -15.708048 136.316162 16.495226
v -21.094666 126.159576 10.181462
v -1.992142 128.362381 21.216532
v 4.482371 129.023682 22.825970
v -1.644384 138.690796 21.371733
v 11.648550 127.942780 22.531029
v 18.282112 128.083832 21.248404
v 12.446781 136.240738 22.790586
v -14.801557 140.144150 11.417529
v -6.809443 140.876801 12.961317
v -14.667619 140.784042 5.160604
v -22.278635 134.264359 8.065395
v -0.001000 174.658081 22.464920
v -0.217688 169.006210 24.997982
v 8.617010 172.303345 18.579540
v 0.561176 173.134323 5.061880
v -9.370310 172.715958 17.980173
v 14.162866 140.041901 17.519737
v 22.207750 133.831360 17.006826
v 17.273300 140.080383 10.941851
v 6.213496 140.727264 15.783803
v -12.493578 134.580627 1.298655
v -5.183770 135.560181 1.326324
v -12.156350 124.686699 -3.299989
v -18.436104 134.727478 2.698627
v 2.234353 135.497513 3.025689
v 1.022111 142.850739 7.697953
v 9.663204 135.451797 4.732630
v 3.168951 123.931351 -1.503864
v 16.790194 133.474167 6.480877
v 22.589542 128.374039 9.426052
v 17.676687 124.053566 3.269304
v -12.065900 111.822334 -7.137279
v -4.053718 111.470627 -6.794298
v -12.952722 99.109184 -9.648919
v -18.173275 111.409393 -4.874711
v 3.430527 111.252068 -5.363312
v 10.790200 110.901062 -3.885296
v 1.990264 98.139328 -8.295550
v 18.105543 110.695282 -1.428393
v 22.869171 109.882339 2.654128
v 17.073521 96.733986 -5.572856
v -14.418627 69.610367 -9.229364
v -14.840099 75.181793 -9.740817
v -7.234315 70.342644 -10.760794
v -13.879194 64.302376 -7.053148
v -19.598503 69.785339 -5.848163
v -1.576666 72.079994 -11.581798
v -1.474512 76.966660 -11.634751
v 3.962675 73.868065 -12.621849
v -1.663765 67.264992 -11.089213
v 10.796801 74.981483 -14.019772
v 11.627533 78.608978 -13.181724
v 16.919373 74.796158 -13.221795
v 9.760235 71.647270 -15.420791
v -12.324934 33.788494 -9.801930
v -10.471350 41.085922 -14.081491
v -6.596373 32.386520 -9.727752
v -14.184953 26.588017 -5.290967
v -18.041567 35.237980 -9.896639
v 1.904268 64.424301 2.057237
v 5.021415 56.136086 -12.098098
v -4.250720 56.989246 7.400283
v 3.038622 10.205927 -52.884632
v 0.963048 17.598225 -58.145275
v 8.700549 11.020731 -54.372429
v 5.232035 3.759725 -47.049995
v -2.580367 10.203016 -51.094543
v 19.935705 72.879974 -8.053226
v 19.222092 69.183678 -10.304958
v 20.547047 76.783318 -6.366197
v 23.709280 107.615082 8.322636
v 23.201794 94.055595 4.356700
v 18.131510 123.493324 13.655714
v 11.974226 127.571541 47.275734
v 15.834413 124.897560 51.631081
v 15.932806 129.908234 47.643135
v 12.073218 132.581207 43.287918
v -20.096466 71.063591 -0.308207
v -19.398766 67.700981 1.851304
v -20.652407 74.858246 -0.542932
v -21.431684 109.437904 -0.085800
v -21.852917 97.693207 -1.701445
v -16.630610 126.516357 4.032647
v -27.818268 100.147423 -10.709430
v -28.295187 101.298332 -4.427056
v -32.077408 101.516563 -9.591110
v -31.600487 100.365654 -15.873484
v -12.716551 51.205585 6.154704
v -7.990197 51.556980 7.516643
v -10.702249 41.188351 21.153967
v -17.008373 52.184612 9.693363
v -5.007782 55.468796 11.761293
v -5.554439 59.534706 17.110556
v -4.739657 43.705990 25.492723
v -9.456475 61.940147 18.974247
v -14.564307 60.372578 19.217283
v -8.491794 48.292000 31.930380
v -17.064409 56.460480 14.660005
v -14.729040 44.644630 27.180325
v 9.121635 58.289726 -22.252703
v 14.463708 57.253822 -22.871298
v 9.542915 42.233337 -29.517483
v 5.741567 55.812191 -19.559168
v 18.070120 54.449844 -18.067289
v 19.420105 51.060947 -12.594861
v 17.202602 38.874416 -25.217310
v 15.595927 50.206253 -8.816799
v 10.706826 49.609768 -9.296740
v 15.601861 34.010792 -16.911833
v 6.657361 52.568230 -13.768693
v 7.766850 37.507217 -21.579710
v -8.903155 47.638390 9.098038
v -5.362559 44.875340 10.105677
v -10.151398 42.881771 -8.301109
v -13.413148 46.575146 10.154420
v -5.227576 38.680271 11.956618
v -7.907610 33.288418 14.142883
v -6.892965 35.492035 -5.092406
v -12.319482 32.098228 14.452076
v -15.949508 34.963497 14.246268
v -13.554371 29.346975 -0.677022
v -15.987643 40.898628 12.118070
v -16.465231 37.810604 -5.207822
v 5.986663 32.622314 -41.727951
v 10.582181 31.481443 -41.703419
v 2.034913 20.825165 -53.458103
v 2.714491 31.430855 -38.671307
v 13.341030 26.786783 -37.979557
v 13.874931 22.292000 -33.155083
v 8.437832 15.519497 -50.604023
v 10.276611 20.595142 -30.559465
v 5.988064 22.221134 -30.123327
v 5.740930 8.693628 -44.472664
v 3.039029 26.696842 -34.011814
v -0.934199 14.961056 -47.703857
v -10.159804 42.536621 -11.553261
v -6.390061 39.319500 -10.300321
v -14.962458 41.443909 -10.393594
v -6.276657 33.807598 -7.325209
v -8.140881 26.587776 -2.811597
v -17.439632 14.395080 7.662185
v -16.841307 16.781843 7.599364
v -23.160856 15.827045 7.576500
v -17.481503 13.944786 2.932577
v -11.718410 12.963115 7.747869
v -17.726772 36.638889 -7.486077
v -19.584785 29.437765 -2.994709
v 1.335961 19.741266 -56.178776
v 6.208407 18.308083 -55.925686
v -2.417991 17.629902 -53.404182
v 9.047482 13.352751 -52.550564
v 11.120454 6.630602 -47.468021
v 10.611011 3.329098 -30.842522
v 10.010817 4.788923 -32.600063
v 4.993417 3.170029 -29.054388
v 9.803167 -0.461935 -33.432827
v 16.229925 3.536485 -32.632999
v -2.225288 12.537616 -49.245541
v -0.144050 6.106310 -44.065407
v -15.200264 23.086716 3.521111
v -20.256052 24.356705 3.456805
v -10.144781 21.822681 3.598709
v -21.234249 23.137794 1.164578
v -21.561199 21.687922 -1.224517
v -15.839002 20.255442 -1.148424
v -10.117895 18.824247 -1.060333
v -9.790979 20.272242 1.325715
v 7.723305 5.792533 -39.296841
v 2.767482 5.574245 -37.649944
v 12.673427 5.969993 -40.970997
v 1.965013 3.123436 -38.169571
v 1.814318 0.562345 -38.891293
v 7.444298 0.717065 -40.599335
v 13.067931 0.830127 -42.348003
v 13.200459 3.465611 -41.750477
v 21.493137 116.404076 21.450350
v 24.371349 115.573250 17.909044
v 23.583672 109.855003 27.904505
v 20.784094 118.779533 25.301233
v 27.981287 117.671394 17.694994
v 31.277254 121.019081 19.265320
v 31.900927 109.524857 27.914831
v 29.872360 123.146675 23.120356
v 27.491100 124.289742 26.773029
v 34.737770 116.572227 29.303576
v 23.556652 121.619232 26.723612
v 26.639296 117.171440 27.244144
v -18.335154 129.208160 -7.553687
v -20.411640 125.152885 -6.489709
v -20.148821 126.883736 -16.602514
v -18.851204 133.809738 -7.608594
v -24.517233 125.098190 -4.848594
v -28.733158 127.165726 -3.288403
v -25.261374 126.987862 -10.221019
v -28.543533 131.583084 -3.774694
v -27.109358 135.658279 -4.816761
v -32.384697 130.573761 -13.737957
v -22.515753 135.589478 -6.447781
v -26.563858 132.286011 -18.833092
v 18.235559 115.572746 34.367752
v 21.601055 112.858253 37.711304
v 18.090105 119.736526 31.146366
v 25.803186 114.046852 38.478165
v 30.204170 117.532219 38.306496
v 28.656294 121.380829 35.322205
v 26.524086 124.612236 31.976627
v 21.377602 122.591942 30.712006
v -21.470043 117.217430 -14.602854
v -21.717493 117.989197 -9.349360
v -24.409342 117.858276 -19.256437
v -25.327944 119.343033 -7.303070
v -30.805485 120.958015 -7.307389
v -32.546249 121.197258 -12.313251
v -33.354542 121.528809 -17.319189
v -28.519756 119.641106 -19.455528
v -2.197446 139.441666 26.742706
v 5.081307 142.229279 20.102396
v -1.425567 147.213257 27.328358
v -7.239605 142.424149 17.936039
v 8.170565 142.897522 16.927500
v 6.609367 144.087189 11.398892
v 11.565524 147.795349 17.468491
v 0.854088 145.395279 7.298730
v -5.676788 144.250946 9.240665
v 0.304752 148.549789 7.466407
v -9.059283 143.176025 13.948502
v -12.469955 148.330856 15.375404
v -0.532724 160.919830 27.770847
v 10.390411 162.424347 25.343218
v -11.115066 162.918121 24.605286
v 12.292574 163.180878 15.894354
v 10.920858 162.619293 7.099664
v 0.340121 162.740936 4.549475
v -10.384894 163.108475 6.368586
v -12.328728 163.746201 15.049506
v -21.674406 85.170570 1.774115
v -18.856430 83.720757 8.298769
v -20.525797 86.507721 -4.366448
v -15.377991 87.421661 -7.908974
v -8.071528 87.578560 -9.187357
v -1.075103 88.283600 -9.937834
v 5.672471 87.934769 -10.773689
v 13.057975 88.171593 -11.236644
v 18.943336 87.687859 -9.363559
v 21.497494 86.438896 -3.542990
v 20.577009 84.924355 3.410467
v 16.418484 84.503395 8.214884
v 10.856599 83.336716 10.798663
v 1.427580 84.054573 12.508105
v -7.587581 82.762711 13.121115
v -13.971210 83.717789 11.731750
v 5.145795 139.225845 53.607803
v 6.209002 140.953949 52.818302
v 6.364091 135.674942 57.167088
v 8.293525 136.813873 57.346169
v 8.481574 132.411469 61.006237
v 10.288253 132.620789 61.865688
v 12.124756 134.561981 61.344368
v 10.476213 138.102280 57.548740
v 8.788976 141.376373 53.945930
v -35.397163 87.033501 -14.143054
v -33.517529 86.601929 -13.570978
v -31.577423 86.887398 -8.469249
v -33.605057 87.539200 -7.936851
v -30.586544 87.428986 -3.420829
v -31.812939 88.044907 -1.730657
v -34.506348 88.689056 -2.391607
v -36.001759 88.309654 -7.307553
v -37.437321 87.861984 -12.541760
vt 0.208431 0.494797
vt 0.208575 0.478116
vt 0.229443 0.475893
vt 0.229271 0.493426
vt 0.252729 0.492198
vt 0.256170 0.471571
vt 0.275357 0.475888
vt 0.275429 0.493819
vt 0.298111 0.492176
vt 0.294163 0.471736
vt 0.321331 0.475953
vt 0.321541 0.493432
vt 0.198757 0.641525
vt 0.200055 0.589825
vt 0.221664 0.590600
vt 0.219751 0.640956
vt 0.244967 0.639373
vt 0.247968 0.591507
vt 0.275466 0.591669
vt 0.275481 0.635804
vt 0.305994 0.639365
vt 0.302966 0.591494
vt 0.329276 0.590573
vt 0.331197 0.640955
vt 0.199789 0.728809
vt 0.197393 0.704590
vt 0.219517 0.692482
vt 0.227784 0.730211
vt 0.252859 0.733034
vt 0.249003 0.687406
vt 0.275511 0.688085
vt 0.275516 0.730408
vt 0.298175 0.733010
vt 0.302021 0.687396
vt 0.331536 0.692451
vt 0.323246 0.730162
vt 0.805511 0.686057
vt 0.204711 0.752714
vt 0.229559 0.760254
vt 0.782889 0.696424
vt 0.784986 0.875584
vt 0.254181 0.941082
vt 0.275435 0.940431
vt 0.742298 0.896742
vt 0.699334 0.736241
vt 0.297037 0.807427
vt 0.321459 0.760204
vt 0.696358 0.696343
vt 0.808954 0.641287
vt 0.805193 0.664541
vt 0.784300 0.671779
vt 0.785729 0.644267
vt 0.763331 0.647822
vt 0.762442 0.673765
vt 0.742276 0.741120
vt 0.739609 0.647377
vt 0.715889 0.647774
vt 0.716786 0.673709
vt 0.694936 0.671695
vt 0.693494 0.644181
vt 0.806875 0.557726
vt 0.810121 0.617205
vt 0.790367 0.607046
vt 0.787575 0.557696
vt 0.763367 0.556090
vt 0.764746 0.603486
vt 0.739627 0.603152
vt 0.739688 0.556093
vt 0.716014 0.556064
vt 0.714496 0.603455
vt 0.688836 0.606971
vt 0.691820 0.557642
vt 0.803405 0.420481
vt 0.802841 0.435733
vt 0.782960 0.432290
vt 0.783371 0.416064
vt 0.759505 0.410786
vt 0.759570 0.428509
vt 0.739756 0.426992
vt 0.739743 0.409699
vt 0.720007 0.410786
vt 0.719946 0.428500
vt 0.696571 0.432245
vt 0.696182 0.416016
vt 0.819305 0.093413
vt 0.797386 0.086157
vt 0.790779 0.072322
vt 0.822344 0.073237
vt 0.265809 0.416173
vt 0.762697 0.377789
vt 0.739788 0.389948
vt 0.275377 0.462947
vt 0.364323 0.097210
vt 0.342669 0.089884
vt 0.336664 0.075169
vt 0.367299 0.076188
vt 0.342559 0.494848
vt 0.342402 0.478170
vt 0.366070 0.480227
vt 0.366198 0.495669
vt 0.352247 0.641476
vt 0.350872 0.589816
vt 0.374237 0.588973
vt 0.374011 0.638442
vt 0.936729 0.462892
vt 0.940585 0.464321
vt 0.946953 0.476690
vt 0.936605 0.482861
vt 0.804780 0.405462
vt 0.824266 0.410023
vt 0.823186 0.423812
vt 0.805355 0.509178
vt 0.825584 0.509339
vt 0.825621 0.554997
vt 0.118742 0.522844
vt 0.058006 0.517789
vt 0.074507 0.510871
vt 0.084702 0.516921
vt 0.822269 0.350445
vt 0.784755 0.399833
vt 0.805305 0.347137
vt 0.793942 0.336256
vt 0.777469 0.322538
vt 0.236211 0.409364
vt 0.220899 0.415267
vt 0.203041 0.415110
vt 0.182178 0.419746
vt 0.685950 0.336155
vt 0.717407 0.377787
vt 0.694840 0.399772
vt 0.674409 0.347030
vt 0.657366 0.350391
vt 0.674734 0.405426
vt 0.637625 0.358046
vt 0.347747 0.415166
vt 0.329799 0.415381
vt 0.314324 0.409429
vt 0.706215 0.336018
vt 0.292514 0.404556
vt 0.870618 0.237836
vt 0.844433 0.293934
vt 0.832214 0.287148
vt 0.858351 0.228645
vt 0.844944 0.223065
vt 0.821107 0.280742
vt 0.243727 0.342391
vt 0.826584 0.212775
vt 0.214622 0.282882
vt 0.224361 0.346790
vt 0.210147 0.349538
vt 0.199596 0.284960
vt 0.184434 0.288656
vt 0.194986 0.352422
vt 0.864110 0.304875
vt 0.163133 0.290367
vt 0.634803 0.222910
vt 0.658751 0.280554
vt 0.647480 0.287052
vt 0.621343 0.228556
vt 0.609012 0.237734
vt 0.635143 0.293889
vt 0.375465 0.356065
vt 0.590820 0.249121
vt 0.366326 0.288752
vt 0.355651 0.352469
vt 0.340563 0.349608
vt 0.351134 0.285011
vt 0.336042 0.282967
vt 0.326383 0.346874
vt 0.678330 0.268182
vt 0.315081 0.275917
vt 0.789900 0.091626
vt 0.894734 0.181072
vt 0.223763 0.023658
vt 0.779683 0.072008
vt 0.205625 0.023651
vt 0.212375 0.030485
vt 0.208733 0.046428
vt 0.818124 0.043214
vt 0.919973 0.054113
vt 0.218394 0.124576
vt 0.231547 0.124829
vt 0.925982 0.076298
vt 0.853028 0.105343
vt 0.173602 0.224408
vt 0.245023 0.044913
vt 0.815784 0.102925
vt 0.335499 0.095534
vt 0.609223 0.166963
vt 0.147562 0.023794
vt 0.325939 0.074804
vt 0.129108 0.019171
vt 0.133886 0.026698
vt 0.125138 0.040618
vt 0.363323 0.044920
vt 0.461211 0.056389
vt 0.114656 0.083148
vt 0.128082 0.110700
vt 0.466974 0.079440
vt 0.396801 0.109583
vt 0.345740 0.218419
vt 0.158805 0.046562
vt 0.361009 0.107136
vt 0.212264 0.093809
vt 0.204982 0.218327
vt 0.226791 0.056935
vt 0.229179 0.093286
vt 0.246067 0.092223
vt 0.255137 0.092099
vt 0.884191 0.095549
vt 0.853655 0.095653
vt 0.854753 0.074189
vt 0.884265 0.075061
vt 0.885799 0.054616
vt 0.855335 0.052709
vt 0.203340 0.068369
vt 0.888472 0.044995
vt 0.116537 0.064410
vt 0.377147 0.224500
vt 0.136900 0.057215
vt 0.135301 0.068971
vt 0.159593 0.072808
vt 0.169578 0.075371
vt 0.426769 0.099419
vt 0.397393 0.099512
vt 0.398467 0.077209
vt 0.426850 0.078134
vt 0.428347 0.056895
vt 0.399054 0.054890
vt 0.111199 0.052142
vt 0.430928 0.046902
vt 0.398347 0.732496
vt 0.353774 0.704759
vt 0.655189 0.607952
vt 0.404645 0.715309
vt 0.625247 0.642548
vt 0.669008 0.617360
vt 0.670290 0.641156
vt 0.629866 0.657272
vt 0.633967 0.675274
vt 0.674058 0.664432
vt 0.345812 0.774768
vt 0.637449 0.692485
vt 0.387906 0.765553
vt 0.346295 0.752641
vt 0.351218 0.728717
vt 0.392980 0.747350
vt 0.854032 0.642643
vt 0.181252 0.694641
vt 0.859345 0.625630
vt 0.152631 0.732602
vt 0.157999 0.747449
vt 0.163074 0.765647
vt 0.167481 0.783084
vt 0.845329 0.675366
vt 0.849419 0.657366
vt 0.462802 0.754848
vt 0.433121 0.744888
vt 0.586158 0.633072
vt 0.469035 0.736153
vt 0.562716 0.661102
vt 0.591598 0.653084
vt 0.596668 0.669873
vt 0.567525 0.676181
vt 0.573571 0.695803
vt 0.602326 0.689166
vt 0.414557 0.801264
vt 0.575415 0.714705
vt 0.450039 0.789809
vt 0.420413 0.781867
vt 0.427222 0.762131
vt 0.457315 0.770152
vt 0.916571 0.661069
vt 0.887682 0.653104
vt 0.112049 0.724515
vt 0.922852 0.642462
vt 0.088177 0.754903
vt 0.117860 0.744959
vt 0.123753 0.762207
vt 0.093657 0.770210
vt 0.100926 0.789871
vt 0.130556 0.781946
vt 0.872833 0.708772
vt 0.104321 0.808576
vt 0.905760 0.695791
vt 0.876995 0.689207
vt 0.882631 0.669903
vt 0.911782 0.676158
vt 0.245118 0.820265
vt 0.256063 0.761423
vt 0.275458 0.816348
vt 0.275456 0.817082
vt 0.305796 0.819611
vt 0.322444 0.827635
vt 0.716707 0.746651
vt 0.742277 0.751635
vt 0.767846 0.746640
vt 0.232576 0.815700
vt 0.789238 0.746868
vt 0.242805 0.909093
vt 0.242913 0.847487
vt 0.275453 0.850080
vt 0.275444 0.899369
vt 0.308078 0.909112
vt 0.307992 0.847504
vt 0.685718 0.768892
vt 0.335635 0.923345
vt 0.710517 0.826756
vt 0.709025 0.772272
vt 0.742280 0.767854
vt 0.742288 0.823907
vt 0.774059 0.826743
vt 0.775535 0.772258
vt 0.216918 0.852154
vt 0.800161 0.835727
vt 0.803587 0.472219
vt 0.184266 0.511368
vt 0.823748 0.473030
vt 0.786007 0.508646
vt 0.783967 0.470951
vt 0.760849 0.468488
vt 0.762764 0.507838
vt 0.739729 0.507585
vt 0.739749 0.469813
vt 0.718652 0.468468
vt 0.716699 0.507812
vt 0.693463 0.508589
vt 0.695538 0.470900
vt 0.347089 0.550471
vt 0.343449 0.511536
vt 0.656251 0.437958
vt 0.370672 0.549455
vt 0.305626 0.550928
vt 0.300328 0.509969
vt 0.323635 0.511057
vt 0.326613 0.553291
vt 0.245263 0.550946
vt 0.250519 0.509979
vt 0.275426 0.509223
vt 0.275447 0.553833
vt 0.203857 0.550446
vt 0.207534 0.511493
vt 0.227207 0.511082
vt 0.224277 0.553331
vt 0.296688 0.941095
vt 0.317831 0.963343
vt 0.722395 0.859395
vt 0.742293 0.859091
vt 0.762190 0.859387
vt 0.672412 0.557619
vt 0.673996 0.509116
vt 0.676597 0.435714
vt 0.676064 0.420456
vt 0.798456 0.058765
vt 0.820876 0.052919
vt 0.343747 0.061021
vt 0.365907 0.055032
vt 0.963235 0.483911
vt 0.902883 0.489040
vt 0.909072 0.482168
vt 0.925033 0.475729
vt 0.931354 0.463643
vt 0.080884 0.498420
vt 0.084741 0.496992
vt 0.090126 0.497750
vt 0.096539 0.509638
vt 0.112499 0.516024
vt 0.245369 0.109349
vt 0.249130 0.116712
vt 0.914174 0.091435
vt 0.914507 0.075957
vt 0.915392 0.060496
vt 0.143488 0.116794
vt 0.145270 0.126440
vt 0.455609 0.095160
vt 0.455938 0.079081
vt 0.456800 0.063019
vt 0.982240 0.434188
vt 0.963585 0.427947
vt 0.946509 0.423110
vt 0.890921 0.433118
vt 0.882130 0.436526
vt 0.926679 0.423006
vt 0.909612 0.427375
vt 0.937930 0.422313
vt 0.075163 0.457134
vt 0.058225 0.461798
vt 0.039557 0.467684
vt 0.094859 0.456979
vt 0.083682 0.456346
vt 0.130564 0.466891
vt 0.111877 0.461251
vt 0.033116 0.470128
vt 0.675805 0.472192
vt 0.653419 0.509254
vt 0.655248 0.472962
vt 0.367019 0.511392
vt 0.176921 0.588998
vt 0.180547 0.549455
vt 0.822760 0.437993
vt 0.233028 0.963316
vt 0.215241 0.923308
vt 0.798841 0.768868
vt 0.699605 0.875602
vt 0.684417 0.835751
vt 0.333987 0.852188
vt 0.228471 0.827609
vt 0.254212 0.785439
vt 0.759269 0.697501
vt 0.785216 0.736222
vt 0.695315 0.746888
vt 0.719972 0.697428
vt 0.296799 0.785396
vt 0.318344 0.815723
vt 0.903939 0.714697
vt 0.136407 0.801345
vt 0.081951 0.736203
vt 0.893090 0.633076
vt 0.446638 0.808511
vt 0.606509 0.708725
vt 0.556410 0.642507
vt 0.438944 0.724452
vt 0.841861 0.692578
vt 0.205190 0.774839
vt 0.146366 0.715395
vt 0.823906 0.608060
vt 0.383498 0.782992
vt 0.673752 0.685953
vt 0.619881 0.625562
vt 0.369876 0.694574
vt 0.624476 0.158216
vt 0.327082 0.211968
vt 0.653476 0.212425
vt 0.306569 0.342322
vt 0.153133 0.050558
vt 0.361352 0.222428
vt 0.125968 0.045756
vt 0.396618 0.225899
vt 0.569871 0.190223
vt 0.388031 0.290471
vt 0.615162 0.304972
vt 0.596954 0.173816
vt 0.584932 0.180968
vt 0.909456 0.190131
vt 0.154402 0.225852
vt 0.888489 0.249012
vt 0.175675 0.355943
vt 0.241882 0.047343
vt 0.189385 0.222364
vt 0.213528 0.046751
vt 0.223402 0.212053
vt 0.855547 0.158550
vt 0.235225 0.276013
vt 0.801766 0.268578
vt 0.882733 0.173912
vt 0.870470 0.167071
vt 0.702590 0.322102
vt 0.284431 0.416033
vt 0.369025 0.419829
vt 0.654789 0.409992
vt 0.841623 0.358035
vt 0.185243 0.480200
vt 0.257695 0.404697
vt 0.773758 0.336466
vt 0.177136 0.638471
vt 0.185108 0.495641
vt 0.653403 0.554919
vt 0.655840 0.423782
vt 0.740026 0.329135
vt 0.739609 0.679991
vt 0.717946 0.727940
vt 0.321543 0.784229
vt 0.275425 0.981496
vt 0.229466 0.784279
vt 0.766602 0.727930
vt 0.275513 0.766895
vt 0.294962 0.761394
vt 0.158494 0.031032
vt 0.235614 0.029385
vt 0.253884 0.807420
vt 0.968218 0.693073
vt 0.970279 0.686813
vt 0.964692 0.720144
vt 0.041234 0.817480
vt 0.965692 0.701614
vt 0.035620 0.790589
vt 0.038855 0.799577
vt 0.026837 0.766821
vt 0.976742 0.669618
vt 0.033170 0.783659
vt 0.515345 0.790561
vt 0.512107 0.799546
vt 0.509721 0.817448
vt 0.514670 0.720260
vt 0.513647 0.701731
vt 0.511110 0.693195
vt 0.509040 0.686939
vt 0.502555 0.669755
vt 0.524137 0.766797
vt 0.517798 0.783632
vt 0.052820 0.522857
vt 0.139366 0.470253
vt 0.968347 0.489050
vt 0.988625 0.436785
vt 0.108883 0.091107
vt 0.106409 0.062482
vt 0.399209 0.044805
vt 0.459518 0.102060
vt 0.428604 0.109556
vt 0.167704 0.057128
vt 0.215342 0.132259
vt 0.203222 0.094543
vt 0.855471 0.043005
vt 0.918242 0.098075
vt 0.886101 0.105305
vt 0.255511 0.067846
vt 0.169019 0.047690
vt 0.166893 0.025823
vt 0.125973 0.120002
vt 0.337008 0.054912
vt 0.115292 0.038211
vt 0.149847 0.015689
vt 0.254586 0.043904
vt 0.241676 0.021944
vt 0.231922 0.132778
vt 0.791425 0.052872
vt 0.199112 0.046316
vt 0.223332 0.014444
vn -0.084187 0.536952 0.839402
vn -0.084187 0.536952 0.839401
vn 0.115617 0.109150 0.987279
vn 0.040028 0.281797 0.958639
vn 0.093983 -0.305484 0.947548
vn 0.589445 0.292358 0.753048
vn 0.283394 -0.424864 0.859755
vn -0.080832 -0.492211 0.866715
vn 0.172956 -0.633273 0.754355
vn 0.071241 -0.642887 0.762641
vn 0.366844 -0.572674 0.733124
vn 0.341349 -0.584449 0.736139
vn -0.948662 0.066656 0.309188
vn -0.920974 -0.009363 0.389511
vn -0.704444 -0.066311 0.706655
vn -0.752857 -0.022992 0.657782
vn -0.423100 -0.054414 0.904448
vn -0.369404 -0.174067 0.912821
vn -0.105912 -0.283575 0.953083
vn -0.182255 -0.072580 0.980569
vn 0.090820 -0.119183 0.988710
vn 0.135528 -0.353995 0.925376
vn 0.500881 -0.322716 0.803102
vn 0.484209 -0.123080 0.866252
vn -0.646535 -0.629352 0.431170
vn -0.925219 -0.286095 0.249238
vn -0.735651 -0.071101 0.673618
vn -0.546727 -0.097699 0.831592
vn -0.339063 -0.004215 0.940754
vn -0.366183 -0.101071 0.925038
vn -0.212824 -0.114571 0.970350
vn -0.224036 -0.031325 0.974077
vn -0.094448 -0.006441 0.995509
vn -0.040524 -0.123805 0.991479
vn 0.415581 -0.110244 0.902851
vn 0.145447 -0.082719 0.985902
vn -0.793232 0.497992 0.350411
vn -0.810823 -0.046696 0.583426
vn -0.478887 0.409086 0.776734
vn -0.357080 0.870889 0.337708
vn -0.612958 0.788435 0.051501
vn -0.522848 0.439103 0.730629
vn -0.020416 0.436394 0.899524
vn 0.011081 0.964408 0.264187
vn 0.344349 0.837039 0.425193
vn -0.090430 0.354585 0.930641
vn 0.092669 0.474165 0.875546
vn 0.260358 0.896969 0.357296
vn 0.195062 0.767733 -0.610358
vn -0.529700 0.847919 0.021260
vn -0.224677 0.896621 -0.381564
vn -0.140167 0.430082 -0.891842
vn 0.087607 0.482610 -0.871443
vn -0.040957 0.769896 -0.636854
vn 0.176452 0.629917 -0.756352
vn 0.200349 0.476451 -0.856069
vn 0.265581 0.483080 -0.834326
vn 0.288572 0.784047 -0.549542
vn 0.462423 0.829438 -0.313367
vn 0.435525 0.392896 -0.809908
vn -0.670681 0.259872 -0.694733
vn -0.262589 0.413787 -0.871681
vn -0.237942 0.336757 -0.911032
vn -0.182573 0.261190 -0.947865
vn 0.118096 0.233851 -0.965074
vn 0.118141 0.327654 -0.937383
vn 0.207933 0.328075 -0.921483
vn 0.188468 0.243270 -0.951472
vn 0.253357 0.260877 -0.931533
vn 0.276308 0.328419 -0.903214
vn 0.575957 0.311281 -0.755896
vn 0.520182 0.272126 -0.809542
vn -0.802646 -0.127769 -0.582610
vn -0.814335 -0.003919 -0.580382
vn -0.356594 0.056427 -0.932554
vn -0.354942 -0.102100 -0.929296
vn -0.156378 -0.065546 -0.985520
vn -0.154312 0.080265 -0.984757
vn -0.122192 0.112992 -0.986054
vn -0.123502 -0.001890 -0.992343
vn -0.165523 0.114902 -0.979490
vn -0.128186 0.157808 -0.979114
vn 0.031049 0.198141 -0.979682
vn -0.056967 0.218422 -0.974190
vn -0.110643 -0.497146 -0.860583
vn -0.107152 -0.483133 -0.868966
vn -0.108643 -0.483377 -0.868645
vn -0.111168 -0.496529 -0.860872
vn 0.905087 -0.418616 -0.074688
vn 0.437727 -0.743099 -0.506161
vn -0.343298 -0.656503 -0.671678
vn 0.374322 -0.909876 0.178913
vn -0.218407 -0.659223 -0.719530
vn -0.227285 -0.612737 -0.756898
vn -0.176522 -0.607538 -0.774427
vn -0.173046 -0.651618 -0.738546
vn 0.991723 -0.044091 -0.120590
vn 0.991723 -0.044091 -0.120590
vn 0.991723 -0.044091 -0.120590
vn 0.991723 -0.044091 -0.120590
vn 0.784916 -0.055281 0.617132
vn 0.788879 -0.263722 0.555087
vn 0.985558 -0.128625 0.110138
vn 0.978169 0.050717 0.201526
vn -0.404998 0.574230 0.711503
vn -0.405001 0.574228 0.711503
vn -0.405001 0.574228 0.711503
vn -0.404998 0.574230 0.711503
vn -0.986943 -0.160088 -0.017735
vn -0.986943 -0.160088 -0.017735
vn -0.986943 -0.160088 -0.017735
vn -0.986943 -0.160088 -0.017735
vn -0.669339 0.058493 -0.740651
vn -0.991767 0.023068 -0.125964
vn -0.976151 0.159151 -0.147652
vn -0.265451 -0.951713 0.154200
vn -0.265449 -0.951714 0.154199
vn -0.265449 -0.951714 0.154199
vn -0.265450 -0.951714 0.154200
vn -0.499162 -0.697449 -0.514201
vn -0.535107 -0.633761 -0.558576
vn -0.257934 -0.718420 -0.646020
vn -0.223552 -0.753768 -0.617947
vn 0.860355 -0.419555 -0.289417
vn 0.870172 -0.395454 -0.293969
vn 0.849173 0.395842 0.349591
vn 0.243766 0.771314 0.587923
vn 0.230895 0.729656 0.643653
vn -0.918047 0.196003 0.344634
vn -0.915923 0.208482 0.342959
vn -0.915923 0.208482 0.342959
vn -0.917680 0.198222 0.344341
vn -0.680520 0.324053 -0.657177
vn -0.682138 0.342021 -0.646305
vn -0.312997 0.442515 -0.840365
vn -0.380197 0.414014 -0.827069
vn 0.845344 0.189825 -0.499360
vn 0.844790 0.189973 -0.500240
vn 0.844790 0.189973 -0.500240
vn 0.845356 0.189822 -0.499340
vn 0.692952 -0.345892 0.632595
vn 0.632304 -0.376981 0.676814
vn 0.313808 -0.467888 0.826199
vn 0.358821 -0.450667 0.817403
vn -0.433288 -0.479841 0.762898
vn -0.872285 -0.452041 0.186491
vn -0.787609 -0.392713 0.474814
vn -0.545679 0.837802 0.017994
vn -0.329565 0.909385 0.253781
vn 0.173531 0.890882 0.419782
vn 0.217930 0.975007 -0.043208
vn 0.852569 0.522422 -0.014197
vn 0.548793 0.793762 0.262237
vn 0.866018 -0.445305 0.227410
vn 0.971524 -0.236505 0.014380
vn 0.576352 -0.757339 0.307011
vn 0.231260 -0.747546 0.622651
vn -0.053398 -0.749199 0.660189
vn -0.127693 -0.886641 0.444479
vn -0.790941 -0.504735 0.345912
vn -0.318006 -0.699352 0.640140
vn -0.968715 -0.125258 0.214245
vn -0.979786 0.197440 0.032208
vn -0.923618 0.380737 -0.044382
vn -0.936135 0.349972 0.034226
vn -0.269117 0.777849 -0.567915
vn -0.260229 0.746281 -0.612654
vn 0.644359 0.438665 -0.626398
vn 0.682281 0.439399 -0.584313
vn 0.944826 0.034717 -0.325729
vn 0.935151 0.028377 -0.353112
vn 0.920277 -0.389991 0.031565
vn 0.917313 -0.390855 0.075956
vn 0.330270 -0.726041 0.603147
vn 0.251689 -0.761209 0.597674
vn -0.642197 -0.446408 0.623140
vn -0.541371 -0.485415 0.686506
vn -0.908016 -0.069385 0.413150
vn -0.935660 -0.043858 0.350166
vn -0.246765 0.964377 -0.095311
vn -0.246765 0.964377 -0.095311
vn 0.231376 0.967834 -0.098806
vn 0.241353 0.965413 -0.098628
vn 0.977846 0.112075 0.176794
vn 0.977846 0.112075 0.176794
vn 0.977846 0.112075 0.176794
vn 0.977846 0.112075 0.176794
vn 0.127774 0.209115 0.969508
vn 0.127774 0.209115 0.969508
vn 0.043306 0.231177 0.971947
vn 0.043306 0.231178 0.971947
vn -0.755981 0.415387 0.505912
vn -0.755981 0.415387 0.505912
vn -0.755981 0.415387 0.505912
vn -0.755981 0.415387 0.505912
vn -0.575375 0.798881 -0.175305
vn -0.575375 0.798881 -0.175305
vn -0.179975 0.929244 -0.322669
vn -0.172472 0.929937 -0.324764
vn 0.897677 0.410128 -0.161157
vn 0.897677 0.410128 -0.161157
vn 0.897677 0.410128 -0.161157
vn 0.897677 0.410128 -0.161157
vn 0.183081 0.898624 0.398693
vn 0.183081 0.898624 0.398693
vn 0.105800 0.899446 0.424032
vn 0.105411 0.899435 0.424152
vn -0.690095 0.221525 0.688982
vn -0.690095 0.221525 0.688982
vn -0.690095 0.221525 0.688982
vn -0.690095 0.221525 0.688981
vn 0.117323 0.530302 0.839652
vn 0.117323 0.530302 0.839652
vn 0.120337 0.529929 0.839460
vn 0.120343 0.529929 0.839460
vn -0.794333 0.514682 0.322704
vn -0.794333 0.514682 0.322704
vn -0.794333 0.514682 0.322704
vn -0.794333 0.514682 0.322704
vn -0.117873 -0.523061 -0.844105
vn -0.115181 -0.513897 -0.850084
vn -0.115217 -0.513757 -0.850164
vn -0.117732 -0.522512 -0.844464
vn 0.969763 -0.243594 0.014898
vn 0.969999 -0.242684 0.014347
vn 0.969997 -0.242691 0.014352
vn 0.969763 -0.243594 0.014898
vn 0.046435 0.830956 0.554397
vn 0.046435 0.830956 0.554397
vn 0.131800 0.844286 0.519433
vn 0.129722 0.844047 0.520344
vn -0.853124 0.318049 0.413551
vn -0.853124 0.318049 0.413551
vn -0.853124 0.318049 0.413551
vn -0.853124 0.318049 0.413551
vn -0.103180 -0.910644 -0.400102
vn -0.166350 -0.803154 -0.572077
vn -0.137511 -0.799519 -0.584688
vn -0.093603 -0.906708 -0.411241
vn 0.948767 0.042123 -0.313157
vn 0.951582 0.054746 -0.302481
vn 0.952257 0.057963 -0.299744
vn 0.948767 0.042123 -0.313157
vn -0.837385 -0.155392 0.524062
vn 0.341763 -0.246136 0.906981
vn -0.675786 -0.666981 -0.313767
vn -0.736270 -0.627060 -0.254366
vn -0.050252 -0.725938 -0.685922
vn 0.853698 -0.034665 -0.519613
vn 0.638475 -0.079951 -0.765479
vn 0.513642 -0.438279 -0.737620
vn 0.883630 0.100712 -0.457225
vn 0.810544 0.464428 -0.356827
vn 0.674754 0.684849 0.275117
vn 0.762366 0.628632 0.153687
vn 0.237052 0.586052 0.774822
vn 0.368635 0.540472 0.756305
vn -0.196860 -0.014114 0.980330
vn -0.504819 0.123067 0.854407
vn 0.760531 0.588772 -0.273752
vn 0.829854 -0.513470 -0.218383
vn 0.953448 -0.182862 -0.239788
vn 0.299428 -0.943640 -0.141018
vn -0.427294 -0.900795 0.077381
vn -0.851317 -0.429990 0.300612
vn -0.882356 0.326569 0.338822
vn -0.419750 0.905827 0.057336
vn 0.357815 0.903871 -0.234489
vn -0.832901 -0.026096 -0.552807
vn -0.939112 -0.134608 -0.316148
vn -0.693590 -0.692070 -0.199928
vn -0.854838 -0.514610 -0.066546
vn -0.402698 -0.824637 0.397250
vn 0.007242 -0.997536 -0.069785
vn 0.559510 -0.824902 -0.080536
vn 0.349623 -0.663490 0.661471
vn 0.773049 -0.044663 0.632773
vn 0.917046 -0.397069 -0.036922
vn 0.828975 0.534436 0.164860
vn 0.733238 0.620920 0.277163
vn 0.443391 0.848508 -0.288857
vn 0.574900 0.813765 0.085306
vn -0.469871 0.810064 -0.350739
vn -0.243659 0.584573 -0.773889
vn 0.509757 -0.256956 -0.821049
vn 0.476478 0.337358 -0.811886
vn 0.936426 -0.053113 -0.346823
vn 0.918516 -0.302541 -0.254552
vn 0.907478 -0.131777 0.398896
vn 0.906718 -0.347043 0.239632
vn 0.051398 -0.446814 0.893149
vn 0.251220 0.176072 0.951781
vn -0.617161 0.167782 0.768740
vn -0.836027 -0.026776 0.548034
vn -0.954765 0.211668 0.208856
vn -0.968709 0.039750 0.244996
vn -0.865325 0.034011 -0.500057
vn -0.532453 0.692866 -0.486241
vn -0.024533 0.640685 -0.767412
vn -0.272711 -0.044768 -0.961054
vn -0.671305 -0.520500 0.527664
vn -0.671305 -0.520500 0.527664
vn -0.671305 -0.520500 0.527664
vn -0.671305 -0.520500 0.527664
vn 0.867258 -0.353691 0.350380
vn 0.867258 -0.353691 0.350380
vn 0.951775 -0.211107 0.222618
vn 0.708566 -0.364322 -0.604321
vn 0.191214 0.366480 -0.910566
vn 0.133950 -0.113299 -0.984490
vn -0.510752 -0.273445 -0.815083
vn -0.519025 0.812073 0.266742
vn -0.971684 -0.196884 -0.130639
vn -0.762830 0.062059 0.643615
vn -0.736870 -0.166938 0.655099
vn -0.077006 -0.188544 0.979041
vn -0.045001 0.028177 0.998590
vn 0.708489 0.041227 0.704516
vn 0.609257 -0.200451 0.767219
vn 0.963671 -0.215307 0.158057
vn 0.990875 0.109744 0.078250
vn 0.722046 0.027073 -0.691315
vn 0.716076 -0.215866 -0.663806
vn 0.059693 -0.187006 -0.980544
vn 0.046170 -0.070227 -0.996462
vn -0.656081 0.058856 -0.752392
vn -0.622458 -0.180494 -0.761557
vn -0.984697 -0.171368 0.031718
vn -0.990849 0.134170 -0.014698
vn -0.823354 -0.009559 -0.567448
vn -0.987983 -0.120094 0.097293
vn -0.993073 -0.063815 0.098661
vn -0.178880 0.073272 -0.981139
vn -0.329343 0.022225 -0.943949
vn -0.096354 0.068962 -0.992955
vn 0.051366 0.107140 -0.992916
vn 0.109229 0.187468 -0.976179
vn -0.044679 0.146481 -0.988204
vn -0.028810 0.243291 -0.969526
vn 0.161498 0.278121 -0.946872
vn 0.392582 0.306477 -0.867151
vn 0.147381 0.314038 -0.937901
vn 0.887585 -0.271935 0.371812
vn 0.901821 -0.196266 0.384966
vn 0.981903 -0.031902 -0.186676
vn 0.987330 -0.073408 -0.140681
vn 0.246686 -0.519673 0.817977
vn 0.229213 -0.428854 0.873811
vn 0.508261 -0.359717 0.782480
vn 0.542681 -0.445751 0.711901
vn -0.130027 -0.436251 0.890381
vn -0.011027 -0.494535 0.869088
vn 0.106008 -0.459327 0.881919
vn 0.044783 -0.522733 0.851319
vn -0.801516 -0.162774 0.575392
vn -0.738976 -0.289009 0.608596
vn -0.278018 -0.455136 0.845906
vn -0.481109 -0.294978 0.825543
vn -0.023844 -0.600411 0.799336
vn -0.150862 -0.579403 0.800957
vn -0.683570 -0.290668 0.669510
vn 0.186899 -0.606075 0.773138
vn 0.218522 -0.437289 0.872368
vn 0.074891 -0.504153 0.860361
vn 0.574702 -0.451703 0.682409
vn 0.574702 -0.451703 0.682409
vn 0.906625 -0.223854 0.357661
vn 0.447515 -0.392853 0.803366
vn -0.310884 0.345998 0.885233
vn -0.216429 0.135931 0.966789
vn 0.510785 0.435994 0.740951
vn 0.630790 0.769561 0.099396
vn 0.554578 0.678607 -0.481597
vn 0.039692 0.756959 -0.652256
vn -0.467874 0.715637 -0.518611
vn 0.917197 0.206854 -0.340532
vn 0.857245 0.124094 -0.499732
vn -0.141466 -0.481978 -0.864688
vn -0.186823 -0.488180 -0.852512
vn -0.200792 -0.485801 -0.850694
vn -0.534845 -0.393581 -0.747686
vn -0.534845 -0.393581 -0.747686
vn -0.317217 0.041371 -0.947450
vn -0.821155 -0.399059 -0.407991
vn -0.158529 -0.093072 -0.982958
vn -0.292044 -0.437864 -0.850285
vn 0.640734 0.118484 -0.758565
vn 0.563430 0.156200 -0.811263
vn 0.088801 0.426648 -0.900048
vn 0.088801 0.426648 -0.900048
vn -0.276722 0.202989 -0.939266
vn -0.170728 0.275290 -0.946080
vn -0.110122 -0.483617 -0.868324
vn -0.112005 -0.497558 -0.860169
vn -0.115249 -0.513601 -0.850254
vn -0.125550 -0.600617 -0.789618
vn -0.127381 -0.644062 -0.754293
vn -0.110435 -0.792047 -0.600389
vn 0.860927 0.093323 -0.500096
vn 0.860927 0.093323 -0.500096
vn 0.860927 0.093323 -0.500096
vn 0.860927 0.093323 -0.500096
vn 0.968172 -0.025219 -0.249013
vn 0.938969 0.191433 0.285815
vn -0.404998 0.574228 0.711504
vn -0.404998 0.574228 0.711504
vn -0.404996 0.574231 0.711503
vn -0.404996 0.574231 0.711503
vn -0.404995 0.574233 0.711502
vn -0.404995 0.574233 0.711502
vn -0.404995 0.574231 0.711504
vn -0.404995 0.574231 0.711504
vn -0.901539 0.085776 0.424110
vn -0.901539 0.085776 0.424110
vn -0.901539 0.085776 0.424110
vn -0.901539 0.085776 0.424110
vn -0.984087 -0.136088 0.114252
vn -0.946950 0.268028 -0.177334
vn -0.265451 -0.951713 0.154200
vn -0.265451 -0.951713 0.154200
vn -0.265451 -0.951713 0.154201
vn -0.265451 -0.951713 0.154201
vn -0.265452 -0.951713 0.154202
vn -0.265452 -0.951713 0.154202
vn -0.265451 -0.951713 0.154201
vn -0.265451 -0.951713 0.154201
vn 0.075343 -0.735229 -0.673619
vn 0.100150 -0.765685 -0.635372
vn 0.131689 -0.801553 -0.583242
vn -0.183390 -0.814860 -0.549884
vn -0.461676 -0.753164 -0.468614
vn 0.994550 0.028177 0.100386
vn 0.994966 0.081842 0.057834
vn 0.994966 0.081842 0.057834
vn 0.893667 -0.328911 -0.305249
vn 0.893667 -0.328911 -0.305249
vn -0.104150 0.773135 0.625632
vn -0.181504 0.705493 0.685081
vn -0.243106 0.642525 0.726679
vn 0.200424 0.669546 0.715219
vn 0.636330 0.548614 0.542316
vn -0.990575 -0.128117 0.048449
vn -0.990575 -0.128117 0.048449
vn -0.989399 -0.133648 0.056807
vn -0.989159 -0.134723 0.058433
vn -0.987675 -0.141001 0.067942
vn -0.987675 -0.141001 0.067942
vn -0.919814 0.184854 0.346080
vn -0.919814 0.184854 0.346080
vn 0.020122 0.464781 -0.885197
vn -0.026441 0.443222 -0.896022
vn -0.068909 0.422464 -0.903756
vn -0.373636 0.388091 -0.842485
vn -0.678106 0.301670 -0.670199
vn 0.984543 0.032503 -0.172100
vn 0.984543 0.032503 -0.172100
vn 0.980241 0.039105 -0.193902
vn 0.980646 0.038518 -0.191963
vn 0.975454 0.045634 -0.215425
vn 0.975454 0.045634 -0.215425
vn 0.845867 0.189685 -0.498527
vn 0.845867 0.189685 -0.498527
vn -0.096194 -0.460875 0.882236
vn 0.391439 -0.429847 0.813638
vn 0.744016 -0.315713 0.588867
vn -0.985889 -0.158313 0.054412
vn -0.985983 -0.156933 0.056663
vn -0.986066 -0.121627 0.113493
vn -0.986066 -0.121627 0.113493
vn -0.809573 -0.309545 0.498772
vn -0.809573 -0.309545 0.498772
vn 0.909142 0.373597 -0.184079
vn 0.211035 0.938025 -0.274906
vn -0.655961 0.737442 -0.160918
vn 0.744829 -0.665986 0.041149
vn 0.978129 -0.199589 -0.058553
vn -0.968712 -0.237594 0.071735
vn -0.231885 -0.959541 0.159719
vn -0.963707 0.265564 -0.027298
vn 0.643478 0.403176 -0.650681
vn -0.269564 0.718613 -0.641039
vn -0.933645 0.352824 -0.061821
vn 0.909316 -0.415926 0.012272
vn 0.931961 -0.003597 -0.362541
vn -0.683020 -0.449602 0.575623
vn 0.202927 -0.790602 0.577727
vn -0.945670 -0.053912 0.320628
vn 0.662961 0.744454 -0.079194
vn 0.662961 0.744454 -0.079194
vn 0.665299 0.607131 -0.434477
vn 0.665299 0.607131 -0.434477
vn 0.214988 0.834267 -0.507719
vn 0.211072 0.835232 -0.507775
vn -0.299799 0.842847 -0.446911
vn -0.299799 0.842847 -0.446911
vn 0.854305 0.013365 0.519601
vn 0.854305 0.013365 0.519601
vn 0.854305 0.013365 0.519601
vn 0.854305 0.013365 0.519601
vn 0.970206 -0.241883 0.013862
vn 0.970206 -0.241883 0.013862
vn 0.993554 -0.038376 -0.106669
vn 0.993554 -0.038376 -0.106669
vn 0.993554 -0.038376 -0.106669
vn 0.993554 -0.038376 -0.106669
vn -0.041493 0.251477 0.966973
vn -0.041493 0.251477 0.966974
vn -0.287318 -0.957137 0.036564
vn -0.287318 -0.957137 0.036564
vn -0.243157 -0.969271 0.037269
vn -0.243157 -0.969271 0.037269
vn -0.198487 -0.979371 0.037896
vn -0.198487 -0.979371 0.037896
vn -0.821269 0.550997 0.148051
vn -0.821269 0.550997 0.148051
vn -0.821269 0.550997 0.148051
vn -0.821269 0.550997 0.148051
vn -0.891802 0.431610 -0.135651
vn -0.891802 0.431610 -0.135651
vn -0.891802 0.431610 -0.135651
vn -0.891802 0.431610 -0.135651
vn -0.970227 0.241808 -0.013726
vn -0.969979 0.242764 -0.014367
vn -0.969976 0.242776 -0.014375
vn -0.970227 0.241808 -0.013726
vn 0.280764 0.867689 -0.410229
vn 0.280764 0.867689 -0.410229
vn 0.227559 0.632778 -0.740141
vn 0.227559 0.632778 -0.740141
vn -0.255934 0.674125 -0.692859
vn -0.260694 0.673709 -0.691488
vn -0.674060 0.557655 -0.484422
vn -0.674060 0.557655 -0.484422
vn 0.909373 0.352415 0.221007
vn 0.909373 0.352415 0.221007
vn 0.909373 0.352415 0.221007
vn 0.909373 0.352415 0.221007
vn 0.954220 0.067826 -0.291315
vn 0.954220 0.067826 -0.291315
vn 0.882137 0.212033 -0.420567
vn 0.882137 0.212033 -0.420567
vn 0.882137 0.212033 -0.420567
vn 0.882137 0.212033 -0.420567
vn 0.027166 0.894250 0.446742
vn 0.027166 0.894250 0.446742
vn 0.207512 -0.628689 0.749459
vn 0.207512 -0.628689 0.749459
vn 0.251421 -0.625996 0.738184
vn 0.252850 -0.625886 0.737789
vn 0.296659 -0.621813 0.724805
vn 0.296659 -0.621813 0.724805
vn -0.899405 0.256283 0.354105
vn -0.899405 0.256283 0.354105
vn -0.899405 0.256283 0.354105
vn -0.899405 0.256283 0.354105
vn -0.990976 0.059083 0.120319
vn -0.990976 0.059083 0.120319
vn -0.990976 0.059083 0.120319
vn -0.990976 0.059083 0.120319
vn -0.954319 -0.068537 0.290825
vn -0.952147 -0.057645 0.300156
vn -0.952599 -0.059835 0.298286
vn -0.954319 -0.068537 0.290825
vn 0.123366 0.529550 0.839260
vn 0.123366 0.529550 0.839260
vn 0.007873 0.482532 0.875843
vn 0.007873 0.482532 0.875843
vn 0.102777 0.461322 0.881260
vn 0.102820 0.461311 0.881261
vn 0.196730 0.435728 0.878316
vn 0.196730 0.435728 0.878316
vn -0.969696 0.243850 -0.015095
vn -0.969696 0.243849 -0.015095
vn -0.986781 0.030253 -0.159209
vn -0.986781 0.030253 -0.159209
vn -0.986781 0.030253 -0.159209
vn -0.986781 0.030253 -0.159209
vn -0.745799 0.478061 0.463941
vn -0.745799 0.478061 0.463941
vn -0.745799 0.478061 0.463941
vn -0.745799 0.478061 0.463941
vn -0.117591 -0.521962 -0.844824
vn -0.041946 -0.594065 -0.803322
vn -0.041946 -0.594065 -0.803322
vn -0.131834 -0.573987 -0.808182
vn -0.131787 -0.573999 -0.808181
vn -0.220584 -0.549032 -0.806168
vn -0.220584 -0.549032 -0.806168
vn 0.934813 0.074114 0.347321
vn 0.934813 0.074114 0.347321
vn 0.934813 0.074114 0.347321
vn 0.934813 0.074114 0.347321
vn 0.869775 0.073993 0.487870
vn 0.869775 0.073993 0.487870
vn 0.869775 0.073993 0.487870
vn 0.869775 0.073993 0.487870
vn 0.888533 -0.439680 -0.131118
vn 0.888533 -0.439680 -0.131118
vn 0.888533 -0.439680 -0.131118
vn 0.888533 -0.439680 -0.131118
vn 0.212915 0.850190 0.481503
vn 0.212915 0.850190 0.481503
vn -0.058837 0.970149 0.235264
vn -0.058837 0.970149 0.235264
vn 0.032686 0.977907 0.206467
vn 0.031843 0.977877 0.206742
vn 0.121705 0.976744 0.176522
vn 0.121705 0.976744 0.176522
vn -0.949738 -0.046580 0.309561
vn -0.949738 -0.046580 0.309561
vn -0.887675 -0.284281 0.362240
vn -0.887675 -0.284281 0.362240
vn -0.887675 -0.284281 0.362240
vn -0.887675 -0.284281 0.362240
vn -0.759728 0.547997 0.350019
vn -0.759728 0.547997 0.350019
vn -0.759728 0.547997 0.350019
vn -0.759728 0.547997 0.350019
vn -0.084283 -0.902686 -0.421966
vn 0.084865 -0.990032 -0.112406
vn 0.084865 -0.990032 -0.112406
vn 0.000902 -0.996099 -0.088242
vn -0.000624 -0.996138 -0.087797
vn -0.084466 -0.994434 -0.062983
vn -0.084466 -0.994434 -0.062983
vn 0.891247 0.420331 -0.170295
vn 0.891247 0.420331 -0.170295
vn 0.891247 0.420331 -0.170295
vn 0.891247 0.420331 -0.170295
vn 0.795227 0.582202 -0.169277
vn 0.795227 0.582202 -0.169277
vn 0.795227 0.582202 -0.169277
vn 0.795227 0.582202 -0.169277
vn 0.940473 -0.241930 -0.238705
vn 0.940473 -0.241930 -0.238705
vn 0.940473 -0.241930 -0.238705
vn 0.940473 -0.241930 -0.238705
vn -0.551446 -0.744198 0.376931
vn -0.883298 -0.467821 -0.030468
vn -0.892537 -0.032359 -0.449813
vn 0.752309 0.138790 0.644026
vn 0.267362 -0.615537 0.741372
vn 0.408250 0.887560 -0.213471
vn 0.715651 0.639489 0.280886
vn -0.324107 0.635998 -0.700330
vn 0.908258 -0.222718 0.354210
vn 0.902899 -0.361429 -0.232685
vn 0.587325 -0.351509 -0.729034
vn -0.624287 0.098030 0.775020
vn 0.271943 0.078458 0.959110
vn -0.935686 -0.044469 -0.350019
vn -0.964678 0.022707 0.262452
vn -0.261838 -0.156482 -0.952342
vn 0.432943 -0.573401 0.695537
vn 0.432943 -0.573401 0.695537
vn 0.432943 -0.573401 0.695537
vn 0.432943 -0.573401 0.695537
vn 0.599047 -0.498251 0.626808
vn -0.168199 -0.482141 0.859796
vn -0.758756 -0.472817 0.448033
vn 0.739309 -0.650068 0.175595
vn -0.955797 -0.293896 0.008767
vn -0.955797 -0.293896 0.008767
vn -0.773523 -0.632331 -0.042663
vn 0.677616 0.203010 -0.706841
vn -0.297718 0.617446 -0.728096
vn -0.762417 0.173387 -0.623424
vn -0.762417 0.173387 -0.623424
vn -0.296899 0.617931 -0.728019
vn -0.887827 -0.427066 -0.171398
vn -0.887827 -0.427066 -0.171398
vn -0.887827 -0.427066 -0.171398
vn -0.887827 -0.427066 -0.171398
vn -0.812730 -0.582639 -0.001359
vn -0.812730 -0.582639 -0.001359
vn -0.812730 -0.582639 -0.001359
vn -0.812730 -0.582639 -0.001359
vn -0.166583 -0.829040 0.533800
vn 0.327685 -0.661277 0.674785
vn 0.327716 -0.661259 0.674788
vn -0.166583 -0.829040 0.533800
vn 0.632902 -0.414378 0.654008
vn 0.632902 -0.414378 0.654008
vn 0.869926 0.487247 0.076284
vn 0.869926 0.487247 0.076284
vn 0.869926 0.487247 0.076284
vn 0.869926 0.487247 0.076284
vn 0.861053 0.505378 0.056399
vn 0.861053 0.505378 0.056399
vn 0.861053 0.505378 0.056399
vn 0.861053 0.505378 0.056399
vn 0.143147 0.784551 -0.603315
vn 0.143147 0.784551 -0.603315
vn -0.267833 -0.047248 -0.962306
vn 0.252413 -0.193750 -0.948024
vn 0.252413 -0.193750 -0.948024
vn -0.267867 -0.047237 -0.962297
vn 0.886234 -0.297950 -0.354704
vn 0.886234 -0.297950 -0.354704
vn 0.886234 -0.297950 -0.354704
vn 0.886234 -0.297950 -0.354704
vn 0.952842 -0.277622 -0.122547
vn 0.952842 -0.277622 -0.122547
vn 0.952842 -0.277622 -0.122547
vn 0.952842 -0.277622 -0.122547
vn 0.796090 -0.088084 0.598733
vn 0.288097 0.118638 0.950224
vn 0.287314 0.118888 0.950429
vn 0.796090 -0.088084 0.598733
vn -0.183099 0.243925 0.952353
vn -0.183099 0.243925 0.952353
vn -0.914438 0.315459 0.253551
vn -0.914438 0.315459 0.253551
vn -0.914438 0.315459 0.253551
vn -0.914438 0.315459 0.253551
vn -0.922326 0.313115 0.226438
vn -0.922326 0.313115 0.226438
vn -0.922326 0.313115 0.226438
vn -0.922326 0.313115 0.226438
vn -0.603390 0.070002 -0.794368
vn -0.603390 0.070002 -0.794368
s 1
g pCube1
usemtl pCube1SG
f 101/1/1 1/2/2 98/3/3 97/4/4
f 99/5/5 2/6/6 103/7/7 102/8/8
f 104/9/9 3/10/10 107/11/11 106/12/12
s 3
f 114/13/13 5/14/14 111/15/15 110/16/16
f 112/17/17 6/18/18 116/19/19 115/20/20
f 117/21/21 7/22/22 120/23/23 119/24/24
f 126/25/25 9/26/26 113/27/27 123/28/28
f 124/29/29 10/30/30 118/31/31 127/32/32
f 128/33/33 11/34/34 122/35/35 130/36/36
f 136/424/37 13/38/38 125/39/39 133/474/40
f 141/401/41 85/42/42 138/43/43 137/473/44
f 145/413/45 15/477/46 132/47/47 142/472/48
f 149/49/49 17/50/50 135/51/51 146/52/52
f 147/53/53 18/54/54 151/470/55 150/56/56
f 152/57/57 19/58/58 144/59/59 154/60/60
f 160/61/61 21/62/62 148/63/63 157/64/64
f 158/65/65 22/66/66 153/67/67 161/68/68
f 162/69/69 23/70/70 156/71/71 164/72/72
f 171/73/73 90/74/74 168/75/75 167/76/76
f 169/77/77 91/78/78 173/79/79 172/80/80
f 174/81/81 92/82/82 177/83/83 176/84/84
s 10
f 184/85/85 49/86/86 181/87/87 180/88/88
s 1
f 187/464/89 30/90/90 175/91/91 185/469/92
s 12
f 192/93/93 53/94/94 189/95/95 188/96/96
s off
f 108/97/97 4/98/98 194/99/99 193/100/100
s 3
f 121/101/101 8/102/102 197/103/103 196/104/104
s 13
f 378/105/105 377/106/106 379/107/107 380/108/108
s off
f 171/73/109 29/109/110 204/110/111 203/111/112
s 3
f 160/61/61 25/112/113 207/113/114 206/114/115
s 14
f 386/501/116 387/116/117 388/117/118 389/118/119
s 15
f 216/119/120 29/109/121 170/120/122 213/121/123
s 1
f 214/122/124 30/90/90 187/464/89 217/123/125
f 218/124/126 2/6/6 98/3/127 220/125/128
s 17
f 221/126/129 1/2/130 204/462/131 223/127/132
s 18
f 228/128/133 31/129/134 179/130/135 225/131/136
s 19
f 226/132/137 32/133/138 194/460/139 229/134/140
s 1
f 230/135/141 4/98/142 107/11/143 232/136/144
f 233/137/145 3/10/10 186/458/146 235/139/147
s 21
f 240/140/148 33/141/149 215/142/150 237/143/151
f 238/144/152 34/145/153 219/454/154 241/147/155
f 242/148/156 35/149/157 222/150/158 244/151/159
f 245/152/160 36/153/161 224/447/162 247/155/163
s 22
f 252/156/164 37/157/165 227/158/166 249/159/167
f 250/160/168 38/161/169 231/441/170 253/163/171
f 254/164/172 39/165/173 234/166/174 256/167/175
f 257/168/176 40/169/177 236/434/178 259/171/179
s 23
f 263/524/180 41/479/181 239/174/182 261/528/183
s off
f 262/176/184 42/177/185 243/178/186 264/527/187
s 24
f 270/511/188 58/181/189 267/182/190 266/525/191
s off
f 272/516/192 44/448/193 248/186/194 271/523/195
s 25
f 275/518/196 45/478/197 251/190/198 273/522/199
s off
f 274/192/200 46/193/201 255/194/202 276/521/203
s 26
f 282/505/204 62/197/205 279/198/206 278/519/207
s off
f 284/510/208 48/435/209 260/202/210 283/517/211
s 27
f 287/204/212 43/450/213 246/206/214 285/207/215
s off
f 286/208/216 44/448/217 272/516/218 288/209/219
s 10
f 289/210/220 52/211/221 183/212/222 290/213/223
s 28
f 291/214/224 51/215/225 265/513/226 292/217/227
s 29
f 295/218/228 47/437/229 258/220/230 293/221/231
s off
f 294/222/232 48/435/233 284/510/234 296/223/235
s 12
f 297/224/236 56/225/237 191/226/238 298/227/239
s 30
f 299/228/240 55/229/241 277/507/242 300/231/243
s 3
f 304/232/244 12/233/245 198/430/246 301/235/247
f 302/236/248 24/237/249 155/238/250 305/239/251
f 306/240/252 20/241/253 143/428/254 308/243/255
f 309/244/256 16/245/257 131/246/258 311/247/259
f 316/248/260 21/62/62 208/426/261 313/250/262
f 314/251/263 9/26/26 126/25/25 317/252/264
f 318/253/265 13/38/38 136/424/37 320/254/266
f 321/255/267 17/50/50 149/49/49 323/256/268
f 327/257/269 66/258/270 303/422/271 325/260/272
f 326/261/273 65/262/274 307/263/275 328/264/276
f 329/265/277 67/266/278 310/420/279 330/268/280
f 331/269/281 68/270/282 312/271/283 332/272/284
f 335/273/285 69/274/286 315/418/287 333/276/288
f 334/277/289 70/278/290 319/279/291 336/280/292
f 337/281/293 71/282/294 322/416/295 338/284/296
f 339/285/297 72/286/298 324/287/299 340/288/300
s off
f 344/289/301 14/480/302 129/291/303 341/292/304
s 3
f 342/293/305 15/46/306 145/414/45 345/294/307
f 346/295/308 19/471/58 151/55/309 348/296/310
f 349/297/311 18/475/54 134/410/312 351/299/313
f 355/300/314 81/301/315 343/302/316 353/303/317
f 354/304/318 82/305/319 347/406/320 356/307/321
f 357/308/322 83/309/323 350/310/324 358/311/325
f 359/312/326 84/313/327 352/403/328 360/315/329
f 363/316/330 90/74/74 205/400/331 361/318/332
f 363/316/330 25/112/113 159/319/333 364/320/334
f 365/321/335 26/322/336 163/323/337 366/324/338
f 367/325/339 27/326/340 166/327/341 368/328/342
f 371/329/343 94/330/344 195/397/345 370/332/346
f 373/333/347 95/334/348 109/335/349 372/336/350
f 375/337/351 96/338/352 105/339/353 374/340/354
f 362/341/355 89/342/356 100/343/357 376/344/358
s 1
f 98/3/3 2/6/6 99/5/5 97/4/4
s 3
f 99/5/359 96/338/352 100/343/357 97/4/360
f 100/343/357 89/342/356 101/1/361 97/4/360
s 1
f 103/7/7 3/10/10 104/9/9 102/8/362
s 3
f 104/9/363 95/334/348 105/339/353 102/8/364
f 105/339/353 96/338/352 99/5/359 102/8/364
s 1
f 107/11/11 4/98/365 108/97/366 106/12/12
s 3
f 108/97/367 94/330/344 109/335/349 106/12/368
f 109/335/349 95/334/348 104/9/363 106/12/368
f 111/15/15 6/18/18 112/17/17 110/16/16
f 112/17/17 10/30/30 113/27/27 110/16/16
f 113/27/27 9/26/26 114/13/13 110/16/16
f 116/19/19 7/22/22 117/21/21 115/20/20
f 117/21/21 11/34/34 118/31/31 115/20/20
f 118/31/31 10/30/30 112/17/17 115/20/20
f 120/23/23 8/102/102 121/101/101 119/24/24
f 121/101/101 12/233/245 122/35/35 119/24/24
f 122/35/35 11/34/34 117/21/21 119/24/24
f 113/27/27 10/30/30 124/29/29 123/28/28
f 124/29/29 14/290/369 125/39/39 123/28/28
f 125/39/39 13/38/38 126/25/25 123/28/28
f 118/31/31 11/34/34 128/33/33 127/32/32
f 128/33/33 15/477/46 129/476/370 127/32/32
f 129/476/370 14/290/369 124/29/29 127/32/32
f 122/35/35 12/233/245 131/246/258 130/36/36
f 131/246/258 16/245/257 132/47/47 130/36/36
f 132/47/47 15/477/46 128/33/33 130/36/36
f 125/39/39 14/290/369 134/408/312 133/474/40
f 134/409/312 18/54/54 135/51/51 133/40/40
f 135/51/51 17/50/50 136/37/37 133/40/40
f 138/43/43 86/345/371 139/346/372 137/473/44
f 139/404/372 87/347/373 140/348/374 137/44/44
f 140/348/374 88/349/375 141/41/41 137/44/44
f 132/47/47 16/245/257 143/242/254 142/472/48
f 143/428/254 20/241/253 144/59/59 142/48/48
f 144/59/59 19/58/58 145/412/45 142/48/48
f 135/51/51 18/54/54 147/53/53 146/52/52
f 147/53/53 22/66/66 148/63/63 146/52/52
f 148/63/63 21/62/62 149/49/49 146/52/52
f 151/470/55 19/58/58 152/57/57 150/56/56
f 152/57/57 23/70/70 153/67/67 150/56/56
f 153/67/67 22/66/66 147/53/53 150/56/56
f 144/59/59 20/241/253 155/238/250 154/60/60
f 155/238/250 24/237/249 156/71/71 154/60/60
f 156/71/71 23/70/70 152/57/57 154/60/60
f 148/63/63 22/66/66 158/65/65 157/64/64
f 158/65/65 26/322/336 159/319/333 157/64/64
f 159/319/333 25/112/113 160/61/61 157/64/64
f 153/67/67 23/70/70 162/69/69 161/68/68
f 162/69/69 27/326/340 163/323/337 161/68/68
f 163/323/337 26/322/336 158/65/65 161/68/68
f 156/71/71 24/237/249 165/350/376 164/72/72
f 165/350/376 28/351/377 166/327/341 164/72/72
f 166/327/341 27/326/340 162/69/69 164/72/72
f 168/75/75 91/78/78 169/77/77 167/76/76
s 1
f 169/77/378 30/90/90 170/120/379 167/76/380
f 170/120/379 29/109/381 171/73/382 167/76/380
s 3
f 173/79/79 92/82/82 174/81/81 172/80/80
s 1
f 174/81/383 31/129/384 175/91/91 172/80/385
f 175/91/91 30/90/90 169/77/378 172/80/386
s 3
f 177/83/83 93/352/387 178/353/388 176/84/84
s 1
f 178/353/389 32/133/390 179/130/391 176/84/392
f 179/130/391 31/129/384 174/81/383 176/84/392
s 10
f 181/87/87 50/354/393 182/355/394 180/88/88
f 182/355/394 51/215/395 183/212/222 180/88/88
f 183/212/222 52/211/221 184/85/85 180/88/88
s 1
f 175/91/91 31/129/384 186/138/146 185/469/92
f 186/458/146 3/10/10 103/7/7 185/92/92
f 103/7/7 2/6/6 187/89/89 185/92/92
s 12
f 189/95/95 54/356/396 190/357/397 188/96/96
f 190/357/397 55/229/398 191/226/238 188/96/96
f 191/226/238 56/225/237 192/93/93 188/96/96
s off
f 194/460/399 32/133/400 178/353/401 193/468/402
s 3
f 178/353/388 93/352/387 195/331/345 193/468/403
f 195/397/345 94/330/344 108/97/367 193/100/403
f 197/395/103 28/351/377 165/350/376 196/467/104
f 165/350/376 24/237/249 198/234/404 196/467/104
f 198/430/404 12/233/245 121/101/101 196/104/104
s 41
f 379/107/405 381/358/406 382/503/407 380/108/408
f 382/359/407 383/360/409 384/361/410 380/108/408
s 13
f 384/361/411 385/362/412 378/105/105 380/108/108
s off
f 204/462/413 1/2/414 101/1/415 203/466/416
s 3
f 101/1/361 89/342/356 205/317/331 203/466/417
f 205/400/331 90/74/74 171/73/73 203/111/417
f 207/398/114 5/14/14 114/13/13 206/465/115
f 114/13/13 9/26/26 208/249/418 206/465/115
f 208/426/418 21/62/62 160/61/61 206/114/115
s 42
f 388/117/419 390/363/420 391/364/421 389/118/422
f 391/364/421 392/365/423 393/366/424 389/118/422
s 14
f 393/366/425 394/367/426 386/115/116 389/118/119
s 15
f 170/120/122 30/90/427 214/122/428 213/121/123
f 214/122/428 34/145/429 215/142/430 213/121/123
f 215/142/430 33/141/431 216/119/120 213/121/123
s 1
f 187/89/89 2/6/6 218/124/126 217/463/432
f 218/124/126 35/149/433 219/146/434 217/463/432
f 219/454/435 34/145/436 214/122/124 217/123/125
f 98/3/127 1/2/437 221/126/438 220/125/128
f 221/126/438 36/153/439 222/150/440 220/125/128
f 222/150/440 35/149/441 218/124/126 220/125/128
s 43
f 204/110/442 29/109/443 216/119/444 223/461/445
f 216/119/444 33/141/446 224/154/447 223/461/445
s 17
f 224/447/448 36/153/449 221/126/129 223/127/132
s 18
f 179/130/135 32/133/450 226/132/451 225/131/136
f 226/132/451 38/161/452 227/158/453 225/131/136
f 227/158/453 37/157/454 228/128/133 225/131/136
s 44
f 194/99/455 4/98/456 230/135/457 229/459/458
f 230/135/457 39/165/459 231/162/460 229/459/458
s 19
f 231/441/461 38/161/462 226/132/137 229/134/140
s 1
f 107/11/143 3/10/10 233/137/145 232/136/144
f 233/137/145 40/169/463 234/166/464 232/136/144
f 234/166/464 39/165/465 230/135/141 232/136/144
f 186/138/146 31/129/384 228/128/466 235/457/467
f 228/128/466 37/157/468 236/170/469 235/457/467
f 236/434/470 40/169/471 233/137/145 235/139/147
s 21
f 215/142/150 34/145/153 238/144/152 237/143/151
f 238/144/152 42/456/472 239/455/473 237/143/151
f 239/455/473 41/173/474 240/140/148 237/143/151
f 219/146/154 35/149/157 242/148/156 241/453/155
f 242/148/156 43/205/475 243/451/476 241/453/155
f 243/452/476 42/456/472 238/144/152 241/147/155
f 222/150/158 36/153/161 245/152/160 244/151/159
f 245/152/160 44/185/477 246/449/478 244/151/159
f 246/449/478 43/205/475 242/148/156 244/151/159
f 224/154/162 33/141/149 240/140/148 247/446/163
f 240/140/148 41/173/474 248/444/479 247/446/163
f 248/445/479 44/185/477 245/152/160 247/155/163
s 22
f 227/158/166 38/161/169 250/160/168 249/159/167
f 250/160/168 46/443/480 251/442/481 249/159/167
f 251/442/481 45/189/482 252/156/164 249/159/167
f 231/162/170 39/165/173 254/164/172 253/440/171
f 254/164/172 47/219/483 255/438/484 253/440/171
f 255/439/484 46/443/480 250/160/168 253/163/171
f 234/166/174 40/169/177 257/168/176 256/167/175
f 257/168/176 48/201/485 258/436/486 256/167/175
f 258/436/486 47/219/483 254/164/172 256/167/175
f 236/170/178 37/157/165 252/156/164 259/433/179
f 252/156/164 45/189/482 260/431/487 259/433/179
f 260/432/487 48/201/485 257/168/176 259/171/179
s 23
f 239/174/182 42/177/488 262/176/489 261/528/183
s 45
f 262/526/490 50/354/491 181/87/492 261/175/493
f 181/87/492 49/86/494 263/172/495 261/175/493
s off
f 243/178/496 43/450/497 265/216/498 264/527/499
s 28
f 265/513/226 51/215/225 182/355/500 264/179/501
s off
f 182/355/502 50/354/503 262/526/504 264/179/505
s 24
f 267/182/190 57/368/506 268/369/507 266/525/191
s 46
f 268/514/508 59/370/509 269/371/510 266/183/511
f 269/371/510 60/372/512 270/180/513 266/183/511
s off
f 248/186/514 41/479/515 263/524/516 271/523/517
f 263/172/518 49/86/519 184/85/520 271/187/521
s 47
f 184/85/522 52/211/523 272/184/524 271/187/525
s 25
f 251/190/198 46/193/526 274/192/527 273/522/199
s 48
f 274/520/528 54/356/529 189/95/530 273/191/531
f 189/95/530 53/94/532 275/188/533 273/191/531
s off
f 255/194/534 47/437/535 277/230/536 276/521/537
s 30
f 277/507/242 55/229/241 190/357/538 276/195/539
s off
f 190/357/540 54/356/541 274/520/542 276/195/543
s 26
f 279/198/206 61/373/544 280/374/545 278/519/207
s 49
f 280/508/546 63/375/547 281/376/548 278/199/549
f 281/376/548 64/377/550 282/196/551 278/199/549
s off
f 260/202/552 45/478/553 275/518/554 283/517/555
f 275/188/556 53/94/557 192/93/558 283/203/559
s 50
f 192/93/560 56/225/561 284/200/562 283/203/563
s 27
f 246/206/214 44/448/564 286/208/565 285/207/215
s 51
f 286/208/566 57/368/567 267/182/568 285/207/569
f 267/182/568 58/181/570 287/204/571 285/207/569
s 47
f 272/184/524 52/211/523 289/210/572 288/515/573
s off
f 289/210/574 59/370/575 268/514/576 288/515/577
f 268/369/578 57/368/579 286/208/580 288/209/581
s 10
f 183/212/222 51/215/395 291/214/582 290/213/223
s 52
f 291/214/583 60/372/584 269/371/585 290/213/586
f 269/371/585 59/370/587 289/210/588 290/213/586
s off
f 265/216/589 43/450/590 287/204/591 292/512/592
f 287/204/593 58/181/594 270/511/595 292/512/596
f 270/180/597 60/372/598 291/214/599 292/217/600
s 29
f 258/220/230 48/435/601 294/222/602 293/221/231
s 53
f 294/222/603 61/373/604 279/198/605 293/221/606
f 279/198/605 62/197/607 295/218/608 293/221/606
s 50
f 284/200/562 56/225/561 297/224/609 296/509/610
s off
f 297/224/611 63/375/612 280/508/613 296/509/614
f 280/374/615 61/373/616 294/222/617 296/223/618
s 12
f 191/226/238 55/229/398 299/228/619 298/227/239
s 54
f 299/228/620 64/377/621 281/376/622 298/227/623
f 281/376/622 63/375/624 297/224/625 298/227/623
s off
f 277/230/626 47/437/627 295/218/628 300/506/629
f 295/218/630 62/197/631 282/505/632 300/506/633
f 282/196/634 64/377/635 299/228/636 300/231/637
s 3
f 198/234/246 24/237/249 302/236/248 301/429/247
f 302/236/248 65/262/274 303/259/271 301/429/247
f 303/422/271 66/258/270 304/232/244 301/235/247
f 155/238/250 20/241/253 306/240/252 305/239/251
f 306/240/252 67/266/278 307/263/275 305/239/251
f 307/263/275 65/262/274 302/236/248 305/239/251
f 143/242/254 16/245/257 309/244/256 308/427/255
f 309/244/256 68/270/282 310/267/279 308/427/255
f 310/420/279 67/266/278 306/240/252 308/243/255
f 131/246/258 12/233/245 304/232/244 311/247/259
f 304/232/244 66/258/270 312/271/283 311/247/259
f 312/271/283 68/270/282 309/244/256 311/247/259
f 208/249/261 9/26/26 314/251/263 313/425/262
f 314/251/263 70/278/290 315/275/287 313/425/262
f 315/418/287 69/274/286 316/248/260 313/250/262
f 126/25/25 13/38/38 318/253/265 317/252/264
f 318/253/265 71/282/294 319/279/291 317/252/264
f 319/279/291 70/278/290 314/251/263 317/252/264
f 136/37/37 17/50/50 321/255/267 320/423/266
f 321/255/267 72/286/298 322/283/295 320/423/266
f 322/416/295 71/282/294 318/253/265 320/254/266
f 149/49/49 21/62/62 316/248/260 323/256/268
f 316/248/260 69/274/286 324/287/299 323/256/268
f 324/287/299 72/286/298 321/255/267 323/256/268
f 303/259/271 65/262/274 326/261/273 325/421/272
f 326/261/273 73/497/638 199/498/639 325/421/272
f 199/499/639 74/500/640 327/257/269 325/260/272
f 307/263/275 67/266/278 329/265/277 328/264/276
f 329/265/277 75/495/641 200/496/642 328/264/276
f 200/496/642 73/497/638 326/261/273 328/264/276
f 310/267/279 68/270/282 331/269/281 330/419/280
f 331/269/281 76/492/643 201/493/644 330/419/280
f 201/494/644 75/495/641 329/265/277 330/268/280
f 312/271/283 66/258/270 327/257/269 332/272/284
f 327/257/269 74/500/640 202/491/645 332/272/284
f 202/491/645 76/492/643 331/269/281 332/272/284
f 315/275/287 70/278/290 334/277/289 333/417/288
f 334/277/289 78/490/646 209/488/647 333/417/288
f 209/489/647 77/482/648 335/273/285 333/276/288
f 319/279/291 71/282/294 337/281/293 336/280/292
f 337/281/293 79/487/649 210/486/650 336/280/292
f 210/486/650 78/490/646 334/277/289 336/280/292
f 322/283/295 72/286/298 339/285/297 338/415/296
f 339/285/297 80/485/651 211/483/652 338/415/296
f 211/484/652 79/487/649 337/281/293 338/284/296
f 324/287/299 69/274/286 335/273/285 340/288/300
f 335/273/285 77/482/648 212/481/653 340/288/300
f 212/481/653 80/485/651 339/285/297 340/288/300
s off
f 129/291/654 15/46/655 342/293/656 341/292/657
s 3
f 342/293/658 82/305/319 343/302/316 341/292/659
f 343/302/316 81/301/315 344/289/660 341/292/659
f 145/45/45 19/471/58 346/295/308 345/411/307
f 346/295/308 83/309/323 347/306/320 345/411/661
f 347/406/320 82/305/319 342/293/658 345/294/661
f 151/55/309 18/475/54 349/297/311 348/296/310
f 349/297/311 84/313/327 350/310/324 348/296/310
f 350/310/324 83/309/323 346/295/308 348/296/310
f 134/298/312 14/480/662 344/289/663 351/407/313
f 344/289/660 81/301/315 352/314/328 351/407/664
f 352/403/328 84/313/327 349/297/311 351/299/664
f 343/302/316 82/305/319 354/304/318 353/303/317
f 354/304/318 86/345/371 138/43/43 353/303/317
f 138/43/43 85/42/42 355/300/314 353/303/317
f 347/306/320 83/309/323 357/308/322 356/405/321
f 357/308/322 87/347/373 139/404/372 356/405/321
f 139/346/372 86/345/371 354/304/318 356/307/321
f 350/310/324 84/313/327 359/312/326 358/311/325
f 359/312/326 88/349/375 140/348/374 358/311/325
f 140/348/374 87/347/373 357/308/322 358/311/325
f 352/314/328 81/301/315 355/300/314 360/402/329
f 355/300/314 85/42/42 141/401/41 360/402/329
f 141/41/41 88/349/375 359/312/326 360/315/329
f 205/317/331 89/342/356 362/341/355 361/399/332
f 362/341/355 5/14/14 207/398/114 361/399/332
f 207/113/114 25/112/113 363/316/330 361/318/332
f 159/319/333 26/322/336 365/321/335 364/320/334
f 365/321/335 91/78/78 168/75/75 364/320/334
f 168/75/75 90/74/74 363/316/330 364/320/334
f 163/323/337 27/326/340 367/325/339 366/324/338
f 367/325/339 92/82/82 173/79/79 366/324/338
f 173/79/79 91/78/78 365/321/335 366/324/338
f 166/327/341 28/351/377 369/394/665 368/328/342
f 369/394/665 93/352/387 177/83/83 368/328/342
f 177/83/83 92/82/82 367/325/339 368/328/342
f 195/331/345 93/352/387 369/394/665 370/396/346
f 369/394/665 28/351/377 197/395/103 370/396/346
f 197/103/103 8/102/102 371/329/343 370/332/346
f 109/335/349 94/330/344 371/329/343 372/336/350
f 371/329/343 8/102/102 120/23/23 372/336/350
f 120/23/23 7/22/22 373/333/347 372/336/350
f 105/339/353 95/334/348 373/333/347 374/340/354
f 373/333/347 7/22/22 116/19/19 374/340/354
f 116/19/19 6/18/18 375/337/351 374/340/354
f 100/343/357 96/338/352 375/337/351 376/344/358
f 375/337/351 6/18/18 111/15/15 376/344/358
f 111/15/15 5/14/14 362/341/355 376/344/358
s 55
f 202/385/666 74/380/667 377/106/668 378/105/669
s off
f 74/380/670 199/379/671 379/107/672 377/106/673
f 199/379/674 73/378/675 381/358/676 379/107/677
s 56
f 73/378/678 200/504/679 382/503/680 381/358/681
f 200/382/679 75/381/682 383/360/683 382/359/680
s off
f 75/381/684 201/384/685 384/361/686 383/360/687
f 201/384/688 76/383/689 385/362/690 384/361/691
s 55
f 76/383/692 202/385/666 378/105/669 385/362/693
s 57
f 212/393/694 77/388/695 387/116/696 386/501/697
s off
f 77/388/698 209/387/699 388/117/700 387/116/701
f 209/387/702 78/386/703 390/363/704 388/117/705
s 58
f 78/386/706 210/390/707 391/364/708 390/363/709
f 210/390/707 79/389/710 392/365/711 391/364/708
s off
f 79/389/712 211/392/713 393/366/714 392/365/715
f 211/392/716 80/391/717 394/367/718 393/366/719
s 57
f 80/391/720 212/502/694 386/115/697 394/367/721
